GROU(31,2,[ 0, 2, 2, 2, 2, 2, 2, 2, 2, 2, 2, 2, 2, 2, 2, 2, 2, 2, 2, 2, 2, 2, 
  2, 2, 2, 2, 2, 2, 2, 2, 2, 2, 2, 2, 2, 2, 2, 2, 2, 2, 2, 2, 2, 2, 2, 2, 2, 
  2, 2, 2, 2, 2, 2, 2, 2, 2, 2, 2, 2, 2, 2, 2, 2, 2, 2 ],[ 2, 1 ]);
GROU(31,3,[ 0, 3, 3, 3, 3, 3, 3, 3, 3, 3, 3, 3, 3, 3, 3, 3, 3, 3, 3, 3, 3, 3, 
  3, 3, 3, 3, 3, 3, 3, 3, 3, 3, 3, 3 ],[ 3, 1 ]);
GROU(31,4,[ 0, 2, 4, 4, 4, 4, 4, 4, 4, 4, 4, 4, 4, 4, 4, 4, 4, 4, 4, 4, 4, 4, 
  4, 4 ],[ 4, 1 ]);
GROU(31,4,[ 0, 2, 2, 2, 2, 4, 4, 4, 4, 4, 4, 4, 4, 4, 4, 4, 4, 4, 4, 4, 4, 4, 
  4, 4, 4 ],[ 4, 1 ]);
GROU(31,4,[ 0, 2, 2, 2, 2, 2, 2, 2, 4, 4, 4, 4, 4, 4, 4, 4, 4, 4, 4, 4, 4, 4, 
  4, 4, 4, 4 ],[ 4, 1 ]);
GROU(31,4,[ 0, 2, 2, 2, 2, 2, 2, 2, 2, 2, 2, 4, 4, 4, 4, 4, 4, 4, 4, 4, 4, 4, 
  4, 4, 4, 4, 4 ],[ 4, 1 ]);
GROU(31,4,[ 0, 2, 2, 2, 2, 2, 2, 2, 2, 2, 2, 2, 2, 2, 4, 4, 4, 4, 4, 4, 4, 4, 
  4, 4, 4, 4, 4, 4 ],[ 4, 1 ]);
GROU(31,4,[ 0, 2, 2, 2, 2, 2, 2, 2, 2, 2, 2, 2, 2, 2, 2, 2, 2, 4, 4, 4, 4, 4, 
  4, 4, 4, 4, 4, 4, 4 ],[ 4, 1 ]);
GROU(31,4,[ 0, 2, 2, 2, 2, 2, 2, 2, 2, 2, 2, 2, 2, 2, 2, 2, 2, 2, 2, 2, 4, 4, 
  4, 4, 4, 4, 4, 4, 4, 4 ],[ 4, 1 ]);
GROU(31,4,[ 0, 2, 2, 2, 2, 2, 2, 2, 2, 2, 2, 2, 2, 2, 2, 2, 2, 2, 2, 2, 2, 2, 
  2, 4, 4, 4, 4, 4, 4, 4, 4 ],[ 4, 1 ]);
GROU(31,4,[ 0, 2, 2, 2, 2, 2, 2, 2, 2, 2, 2, 2, 2, 2, 2, 2, 2, 2, 2, 2, 2, 2, 
  2, 2, 2, 2, 4, 4, 4, 4, 4, 4 ],[ 4, 1 ]);
GROU(31,4,[ 0, 2, 2, 2, 2, 2, 2, 2, 2, 2, 2, 2, 2, 2, 2, 2, 2, 2, 2, 2, 2, 2, 
  2, 2, 2, 2, 2, 2, 2, 4, 4, 4, 4 ],[ 4, 1 ]);
GROU(31,4,[ 0, 2, 2, 2, 2, 2, 2, 2, 2, 2, 2, 2, 2, 2, 2, 2, 2, 2, 2, 2, 2, 2, 
  2, 2, 2, 2, 2, 2, 2, 2, 2, 2, 4, 4 ],[ 4, 1 ]);
GROU(31,4,[ 0, 2, 2, 2, 2, 2, 2, 2, 2, 2, 2, 2, 2, 2, 2, 2, 2, 2, 2, 2, 2, 2, 
  2, 2, 2, 2, 2, 2, 2, 2, 2, 2, 2, 2, 2 ],[ 4, 2 ]);
GROU(31,6,[ 0, 3, 3, 3, 6, 6, 6, 6, 6, 6, 6, 6, 6, 6, 6, 6 ],[ 6, 2 ]);
GROU(31,6,[ 0, 3, 3, 3, 3, 3, 3, 3, 3, 6, 6, 6, 6, 6, 6, 6, 6 ],[ 6, 2 ]);
GROU(31,6,[ 0, 3, 3, 3, 3, 3, 3, 3, 3, 3, 3, 3, 3, 3, 6, 6, 6, 6 ],[ 6, 2 ]);
GROU(31,6,[ 0, 2, 3, 6, 6, 6, 6, 6, 6, 6, 6, 6, 6, 6, 6, 6 ],[ 6, 2 ]);
GROU(31,6,[ 0, 2, 3, 3, 3, 3, 3, 3, 6, 6, 6, 6, 6, 6, 6, 6, 6 ],[ 6, 2 ]);
GROU(31,6,[ 0, 2, 3, 3, 3, 3, 3, 3, 3, 3, 3, 3, 3, 6, 6, 6, 6, 6 ],[ 6, 2 ]);
GROU(31,6,[ 0, 2, 3, 3, 3, 3, 3, 3, 3, 3, 3, 3, 3, 3, 3, 3, 3, 3, 6 ],
[ 6, 2 ]);
GROU(31,6,[ 0, 2, 2, 3, 3, 3, 3, 6, 6, 6, 6, 6, 6, 6, 6, 6, 6 ],[ 6, 2 ]);
GROU(31,6,[ 0, 2, 2, 3, 3, 3, 3, 3, 3, 3, 3, 3, 6, 6, 6, 6, 6, 6 ],[ 6, 2 ]);
GROU(31,6,[ 0, 2, 2, 3, 3, 3, 3, 3, 3, 3, 3, 3, 3, 3, 3, 3, 3, 6, 6 ],
[ 6, 2 ]);
GROU(31,6,[ 0, 2, 2, 2, 3, 3, 6, 6, 6, 6, 6, 6, 6, 6, 6, 6, 6 ],[ 6, 2 ]);
GROU(31,6,[ 0, 2, 2, 2, 3, 3, 3, 3, 3, 3, 3, 6, 6, 6, 6, 6, 6, 6 ],[ 6, 2 ]);
GROU(31,6,[ 0, 2, 2, 2, 3, 3, 3, 3, 3, 3, 3, 3, 3, 3, 3, 3, 6, 6, 6 ],
[ 6, 2 ]);
GROU(31,6,[ 0, 2, 2, 2, 2, 6, 6, 6, 6, 6, 6, 6, 6, 6, 6, 6, 6 ],[ 6, 2 ]);
GROU(31,6,[ 0, 2, 2, 2, 2, 3, 3, 3, 3, 3, 6, 6, 6, 6, 6, 6, 6, 6 ],[ 6, 2 ]);
GROU(31,6,[ 0, 2, 2, 2, 2, 3, 3, 3, 3, 3, 3, 3, 3, 3, 3, 6, 6, 6, 6 ],
[ 6, 2 ]);
GROU(31,6,[ 0, 2, 2, 2, 2, 3, 3, 3, 3, 3, 3, 3, 3, 3, 3, 3, 3, 3, 3, 3 ],
[ 6, 1 ]);
GROU(31,6,[ 0, 2, 2, 2, 2, 3, 3, 3, 3, 3, 3, 3, 3, 3, 3, 3, 3, 3, 3, 3 ],
[ 6, 2 ]);
GROU(31,6,[ 0, 2, 2, 2, 2, 2, 3, 3, 3, 6, 6, 6, 6, 6, 6, 6, 6, 6 ],[ 6, 2 ]);
GROU(31,6,[ 0, 2, 2, 2, 2, 2, 3, 3, 3, 3, 3, 3, 3, 3, 6, 6, 6, 6, 6 ],
[ 6, 2 ]);
GROU(31,6,[ 0, 2, 2, 2, 2, 2, 3, 3, 3, 3, 3, 3, 3, 3, 3, 3, 3, 3, 3, 6 ],
[ 6, 2 ]);
GROU(31,6,[ 0, 2, 2, 2, 2, 2, 2, 3, 6, 6, 6, 6, 6, 6, 6, 6, 6, 6 ],[ 6, 2 ]);
GROU(31,6,[ 0, 2, 2, 2, 2, 2, 2, 3, 3, 3, 3, 3, 3, 6, 6, 6, 6, 6, 6 ],
[ 6, 2 ]);
GROU(31,6,[ 0, 2, 2, 2, 2, 2, 2, 3, 3, 3, 3, 3, 3, 3, 3, 3, 3, 3, 6, 6 ],
[ 6, 2 ]);
GROU(31,6,[ 0, 2, 2, 2, 2, 2, 2, 2, 3, 3, 3, 3, 6, 6, 6, 6, 6, 6, 6 ],
[ 6, 2 ]);
GROU(31,6,[ 0, 2, 2, 2, 2, 2, 2, 2, 3, 3, 3, 3, 3, 3, 3, 3, 3, 6, 6, 6 ],
[ 6, 2 ]);
GROU(31,6,[ 0, 2, 2, 2, 2, 2, 2, 2, 2, 3, 3, 6, 6, 6, 6, 6, 6, 6, 6 ],
[ 6, 2 ]);
GROU(31,6,[ 0, 2, 2, 2, 2, 2, 2, 2, 2, 3, 3, 3, 3, 3, 3, 3, 6, 6, 6, 6 ],
[ 6, 2 ]);
GROU(31,6,[ 0, 2, 2, 2, 2, 2, 2, 2, 2, 3, 3, 3, 3, 3, 3, 3, 3, 3, 3, 3, 3 ],
[ 6, 1 ]);
GROU(31,6,[ 0, 2, 2, 2, 2, 2, 2, 2, 2, 3, 3, 3, 3, 3, 3, 3, 3, 3, 3, 3, 3 ],
[ 6, 2 ]);
GROU(31,6,[ 0, 2, 2, 2, 2, 2, 2, 2, 2, 2, 6, 6, 6, 6, 6, 6, 6, 6, 6 ],
[ 6, 2 ]);
GROU(31,6,[ 0, 2, 2, 2, 2, 2, 2, 2, 2, 2, 3, 3, 3, 3, 3, 6, 6, 6, 6, 6 ],
[ 6, 2 ]);
GROU(31,6,[ 0, 2, 2, 2, 2, 2, 2, 2, 2, 2, 3, 3, 3, 3, 3, 3, 3, 3, 3, 3, 6 ],
[ 6, 2 ]);
GROU(31,6,[ 0, 2, 2, 2, 2, 2, 2, 2, 2, 2, 2, 3, 3, 3, 6, 6, 6, 6, 6, 6 ],
[ 6, 2 ]);
GROU(31,6,[ 0, 2, 2, 2, 2, 2, 2, 2, 2, 2, 2, 3, 3, 3, 3, 3, 3, 3, 3, 6, 6 ],
[ 6, 2 ]);
GROU(31,6,[ 0, 2, 2, 2, 2, 2, 2, 2, 2, 2, 2, 2, 3, 6, 6, 6, 6, 6, 6, 6 ],
[ 6, 2 ]);
GROU(31,6,[ 0, 2, 2, 2, 2, 2, 2, 2, 2, 2, 2, 2, 3, 3, 3, 3, 3, 3, 6, 6, 6 ],
[ 6, 2 ]);
GROU(31,6,[ 0, 2, 2, 2, 2, 2, 2, 2, 2, 2, 2, 2, 2, 3, 3, 3, 3, 6, 6, 6, 6 ],
[ 6, 2 ]);
GROU(31,6,[ 0, 2, 2, 2, 2, 2, 2, 2, 2, 2, 2, 2, 2, 3, 3, 3, 3, 3, 3, 3, 3, 3 
 ],[ 6, 1 ]);
GROU(31,6,[ 0, 2, 2, 2, 2, 2, 2, 2, 2, 2, 2, 2, 2, 3, 3, 3, 3, 3, 3, 3, 3, 3 
 ],[ 6, 2 ]);
GROU(31,6,[ 0, 2, 2, 2, 2, 2, 2, 2, 2, 2, 2, 2, 2, 2, 3, 3, 6, 6, 6, 6, 6 ],
[ 6, 2 ]);
GROU(31,6,[ 0, 2, 2, 2, 2, 2, 2, 2, 2, 2, 2, 2, 2, 2, 3, 3, 3, 3, 3, 3, 3, 6 
 ],[ 6, 2 ]);
GROU(31,6,[ 0, 2, 2, 2, 2, 2, 2, 2, 2, 2, 2, 2, 2, 2, 2, 6, 6, 6, 6, 6, 6 ],
[ 6, 2 ]);
GROU(31,6,[ 0, 2, 2, 2, 2, 2, 2, 2, 2, 2, 2, 2, 2, 2, 2, 3, 3, 3, 3, 3, 6, 6 
 ],[ 6, 2 ]);
GROU(31,6,[ 0, 2, 2, 2, 2, 2, 2, 2, 2, 2, 2, 2, 2, 2, 2, 2, 3, 3, 3, 6, 6, 6 
 ],[ 6, 2 ]);
GROU(31,6,[ 0, 2, 2, 2, 2, 2, 2, 2, 2, 2, 2, 2, 2, 2, 2, 2, 2, 3, 6, 6, 6, 6 
 ],[ 6, 2 ]);
GROU(31,6,[ 0, 2, 2, 2, 2, 2, 2, 2, 2, 2, 2, 2, 2, 2, 2, 2, 2, 3, 3, 3, 3, 3, 
  3 ],[ 6, 1 ]);
GROU(31,6,[ 0, 2, 2, 2, 2, 2, 2, 2, 2, 2, 2, 2, 2, 2, 2, 2, 2, 3, 3, 3, 3, 3, 
  3 ],[ 6, 2 ]);
GROU(31,6,[ 0, 2, 2, 2, 2, 2, 2, 2, 2, 2, 2, 2, 2, 2, 2, 2, 2, 2, 3, 3, 3, 3, 
  6 ],[ 6, 2 ]);
GROU(31,6,[ 0, 2, 2, 2, 2, 2, 2, 2, 2, 2, 2, 2, 2, 2, 2, 2, 2, 2, 2, 3, 3, 6, 
  6 ],[ 6, 2 ]);
GROU(31,6,[ 0, 2, 2, 2, 2, 2, 2, 2, 2, 2, 2, 2, 2, 2, 2, 2, 2, 2, 2, 2, 6, 6, 
  6 ],[ 6, 2 ]);
GROU(31,6,[ 0, 2, 2, 2, 2, 2, 2, 2, 2, 2, 2, 2, 2, 2, 2, 2, 2, 2, 2, 2, 2, 3, 
  3, 3 ],[ 6, 1 ]);
GROU(31,6,[ 0, 2, 2, 2, 2, 2, 2, 2, 2, 2, 2, 2, 2, 2, 2, 2, 2, 2, 2, 2, 2, 3, 
  3, 3 ],[ 6, 2 ]);
GROU(31,6,[ 0, 2, 2, 2, 2, 2, 2, 2, 2, 2, 2, 2, 2, 2, 2, 2, 2, 2, 2, 2, 2, 2, 
  3, 6 ],[ 6, 2 ]);
GROU(31,6,[ 0, 2, 2, 2, 2, 2, 2, 2, 2, 2, 2, 2, 2, 2, 2, 2, 2, 2, 2, 2, 2, 2, 
  2, 2, 2 ],[ 6, 1 ]);
GROU(31,8,[ 0, 4, 8, 8, 8, 8, 8, 8, 8, 8, 8, 8 ],[ 8, 1 ]);
GROU(31,8,[ 0, 4, 4, 4, 4, 4, 4, 4, 4, 8, 8, 8, 8 ],[ 8, 1 ]);
GROU(31,8,[ 0, 2, 4, 4, 4, 4, 4, 8, 8, 8, 8, 8, 8 ],[ 8, 1 ]);
GROU(31,8,[ 0, 2, 4, 4, 4, 4, 4, 4, 4, 4, 4, 4, 4, 4 ],[ 8, 2 ]);
GROU(31,8,[ 0, 2, 4, 4, 4, 4, 4, 4, 4, 4, 4, 4, 4, 4 ],[ 8, 4 ]);
GROU(31,8,[ 0, 2, 2, 4, 4, 8, 8, 8, 8, 8, 8, 8, 8 ],[ 8, 1 ]);
GROU(31,8,[ 0, 2, 2, 4, 4, 4, 4, 4, 4, 4, 4, 4, 8, 8 ],[ 8, 1 ]);
GROU(31,8,[ 0, 2, 2, 2, 4, 4, 4, 4, 4, 4, 8, 8, 8, 8 ],[ 8, 1 ]);
GROU(31,8,[ 0, 2, 2, 2, 2, 4, 4, 4, 8, 8, 8, 8, 8, 8 ],[ 8, 1 ]);
GROU(31,8,[ 0, 2, 2, 2, 2, 4, 4, 4, 4, 4, 4, 4, 4, 4, 4 ],[ 8, 2 ]);
GROU(31,8,[ 0, 2, 2, 2, 2, 4, 4, 4, 4, 4, 4, 4, 4, 4, 4 ],[ 8, 3 ]);
GROU(31,8,[ 0, 2, 2, 2, 2, 4, 4, 4, 4, 4, 4, 4, 4, 4, 4 ],[ 8, 4 ]);
GROU(31,8,[ 0, 2, 2, 2, 2, 2, 8, 8, 8, 8, 8, 8, 8, 8 ],[ 8, 1 ]);
GROU(31,8,[ 0, 2, 2, 2, 2, 2, 4, 4, 4, 4, 4, 4, 4, 8, 8 ],[ 8, 1 ]);
GROU(31,8,[ 0, 2, 2, 2, 2, 2, 2, 4, 4, 4, 4, 8, 8, 8, 8 ],[ 8, 1 ]);
GROU(31,8,[ 0, 2, 2, 2, 2, 2, 2, 2, 4, 8, 8, 8, 8, 8, 8 ],[ 8, 1 ]);
GROU(31,8,[ 0, 2, 2, 2, 2, 2, 2, 2, 4, 4, 4, 4, 4, 4, 4, 4 ],[ 8, 2 ]);
GROU(31,8,[ 0, 2, 2, 2, 2, 2, 2, 2, 4, 4, 4, 4, 4, 4, 4, 4 ],[ 8, 3 ]);
GROU(31,8,[ 0, 2, 2, 2, 2, 2, 2, 2, 4, 4, 4, 4, 4, 4, 4, 4 ],[ 8, 4 ]);
GROU(31,8,[ 0, 2, 2, 2, 2, 2, 2, 2, 2, 4, 4, 4, 4, 4, 8, 8 ],[ 8, 1 ]);
GROU(31,8,[ 0, 2, 2, 2, 2, 2, 2, 2, 2, 2, 4, 4, 8, 8, 8, 8 ],[ 8, 1 ]);
GROU(31,8,[ 0, 2, 2, 2, 2, 2, 2, 2, 2, 2, 2, 4, 4, 4, 4, 4, 4 ],[ 8, 2 ]);
GROU(31,8,[ 0, 2, 2, 2, 2, 2, 2, 2, 2, 2, 2, 4, 4, 4, 4, 4, 4 ],[ 8, 3 ]);
GROU(31,8,[ 0, 2, 2, 2, 2, 2, 2, 2, 2, 2, 2, 4, 4, 4, 4, 4, 4 ],[ 8, 4 ]);
GROU(31,8,[ 0, 2, 2, 2, 2, 2, 2, 2, 2, 2, 2, 2, 4, 4, 4, 8, 8 ],[ 8, 1 ]);
GROU(31,8,[ 0, 2, 2, 2, 2, 2, 2, 2, 2, 2, 2, 2, 2, 8, 8, 8, 8 ],[ 8, 1 ]);
GROU(31,8,[ 0, 2, 2, 2, 2, 2, 2, 2, 2, 2, 2, 2, 2, 2, 4, 4, 4, 4 ],[ 8, 2 ]);
GROU(31,8,[ 0, 2, 2, 2, 2, 2, 2, 2, 2, 2, 2, 2, 2, 2, 4, 4, 4, 4 ],[ 8, 3 ]);
GROU(31,8,[ 0, 2, 2, 2, 2, 2, 2, 2, 2, 2, 2, 2, 2, 2, 4, 4, 4, 4 ],[ 8, 4 ]);
GROU(31,8,[ 0, 2, 2, 2, 2, 2, 2, 2, 2, 2, 2, 2, 2, 2, 2, 4, 8, 8 ],[ 8, 1 ]);
GROU(31,8,[ 0, 2, 2, 2, 2, 2, 2, 2, 2, 2, 2, 2, 2, 2, 2, 2, 2, 4, 4 ],
[ 8, 2 ]);
GROU(31,8,[ 0, 2, 2, 2, 2, 2, 2, 2, 2, 2, 2, 2, 2, 2, 2, 2, 2, 4, 4 ],
[ 8, 3 ]);
GROU(31,8,[ 0, 2, 2, 2, 2, 2, 2, 2, 2, 2, 2, 2, 2, 2, 2, 2, 2, 2, 2, 2 ],
[ 8, 3 ]);
GROU(31,8,[ 0, 2, 2, 2, 2, 2, 2, 2, 2, 2, 2, 2, 2, 2, 2, 2, 2, 2, 2, 2 ],
[ 8, 5 ]);
GROU(31,9,[ 0, 3, 9, 9, 9, 9, 9, 9, 9, 9, 9 ],[ 9, 1 ]);
GROU(31,9,[ 0, 3, 3, 3, 3, 3, 9, 9, 9, 9, 9, 9 ],[ 9, 1 ]);
GROU(31,9,[ 0, 3, 3, 3, 3, 3, 3, 3, 3, 3, 9, 9, 9 ],[ 9, 1 ]);
GROU(31,9,[ 0, 3, 3, 3, 3, 3, 3, 3, 3, 3, 3, 3, 3, 3 ],[ 9, 2 ]);
GROU(31,10,[ 0, 5, 10, 10, 10, 10, 10, 10, 10, 10 ],[ 10, 2 ]);
GROU(31,10,[ 0, 2, 5, 5, 5, 5, 5, 5, 10, 10, 10 ],[ 10, 2 ]);
GROU(31,10,[ 0, 2, 2, 5, 5, 10, 10, 10, 10, 10, 10 ],[ 10, 2 ]);
GROU(31,10,[ 0, 2, 2, 2, 5, 5, 5, 5, 5, 5, 5, 10 ],[ 10, 2 ]);
GROU(31,10,[ 0, 2, 2, 2, 2, 5, 5, 5, 10, 10, 10, 10 ],[ 10, 2 ]);
GROU(31,10,[ 0, 2, 2, 2, 2, 2, 2, 5, 5, 5, 5, 10, 10 ],[ 10, 2 ]);
GROU(31,10,[ 0, 2, 2, 2, 2, 2, 2, 2, 10, 10, 10, 10, 10 ],[ 10, 2 ]);
GROU(31,10,[ 0, 2, 2, 2, 2, 2, 2, 2, 2, 5, 5, 5, 5, 5 ],[ 10, 1 ]);
GROU(31,10,[ 0, 2, 2, 2, 2, 2, 2, 2, 2, 5, 5, 5, 5, 5 ],[ 10, 2 ]);
GROU(31,10,[ 0, 2, 2, 2, 2, 2, 2, 2, 2, 2, 5, 10, 10, 10 ],[ 10, 2 ]);
GROU(31,10,[ 0, 2, 2, 2, 2, 2, 2, 2, 2, 2, 2, 2, 5, 5, 10 ],[ 10, 2 ]);
GROU(31,10,[ 0, 2, 2, 2, 2, 2, 2, 2, 2, 2, 2, 2, 2, 2, 2, 2, 2 ],[ 10, 1 ]);
GROU(31,12,[ 0, 6, 6, 6, 6, 12, 12, 12, 12 ],[ 12, 2 ]);
GROU(31,12,[ 0, 4, 6, 6, 12, 12, 12, 12, 12 ],[ 12, 2 ]);
GROU(31,12,[ 0, 4, 4, 12, 12, 12, 12, 12, 12 ],[ 12, 2 ]);
GROU(31,12,[ 0, 4, 4, 4, 4, 4, 4, 6, 6, 6 ],[ 12, 1 ]);
GROU(31,12,[ 0, 4, 4, 4, 4, 4, 4, 6, 6, 6 ],[ 12, 2 ]);
GROU(31,12,[ 0, 4, 4, 4, 4, 4, 4, 4, 6, 12 ],[ 12, 2 ]);
GROU(31,12,[ 0, 3, 6, 12, 12, 12, 12, 12, 12 ],[ 12, 2 ]);
GROU(31,12,[ 0, 3, 4, 4, 4, 4, 6, 6, 6, 6 ],[ 12, 1 ]);
GROU(31,12,[ 0, 3, 4, 4, 4, 4, 6, 6, 6, 6 ],[ 12, 2 ]);
GROU(31,12,[ 0, 3, 4, 4, 4, 4, 4, 6, 6, 12 ],[ 12, 2 ]);
GROU(31,12,[ 0, 3, 4, 4, 4, 4, 4, 4, 12, 12 ],[ 12, 2 ]);
GROU(31,12,[ 0, 3, 3, 4, 4, 6, 6, 6, 6, 6 ],[ 12, 1 ]);
GROU(31,12,[ 0, 3, 3, 4, 4, 6, 6, 6, 6, 6 ],[ 12, 2 ]);
GROU(31,12,[ 0, 3, 3, 4, 4, 4, 6, 6, 6, 12 ],[ 12, 2 ]);
GROU(31,12,[ 0, 3, 3, 4, 4, 4, 4, 6, 12, 12 ],[ 12, 2 ]);
GROU(31,12,[ 0, 3, 3, 3, 6, 6, 6, 6, 6, 6 ],[ 12, 5 ]);
GROU(31,12,[ 0, 3, 3, 3, 4, 6, 6, 6, 6, 12 ],[ 12, 2 ]);
GROU(31,12,[ 0, 3, 3, 3, 4, 4, 6, 6, 12, 12 ],[ 12, 2 ]);
GROU(31,12,[ 0, 3, 3, 3, 4, 4, 4, 12, 12, 12 ],[ 12, 2 ]);
GROU(31,12,[ 0, 3, 3, 3, 3, 6, 6, 6, 12, 12 ],[ 12, 2 ]);
GROU(31,12,[ 0, 3, 3, 3, 3, 4, 6, 12, 12, 12 ],[ 12, 2 ]);
GROU(31,12,[ 0, 3, 3, 3, 3, 3, 12, 12, 12, 12 ],[ 12, 2 ]);
GROU(31,12,[ 0, 3, 3, 3, 3, 3, 3, 4, 4, 4, 4 ],[ 12, 1 ]);
GROU(31,12,[ 0, 3, 3, 3, 3, 3, 3, 4, 4, 4, 4 ],[ 12, 2 ]);
GROU(31,12,[ 0, 3, 3, 3, 3, 3, 3, 3, 4, 4, 6 ],[ 12, 1 ]);
GROU(31,12,[ 0, 3, 3, 3, 3, 3, 3, 3, 4, 4, 6 ],[ 12, 2 ]);
GROU(31,12,[ 0, 3, 3, 3, 3, 3, 3, 3, 3, 4, 12 ],[ 12, 2 ]);
GROU(31,12,[ 0, 2, 4, 4, 6, 6, 6, 6, 6, 6 ],[ 12, 1 ]);
GROU(31,12,[ 0, 2, 4, 4, 6, 6, 6, 6, 6, 6 ],[ 12, 2 ]);
GROU(31,12,[ 0, 2, 4, 4, 4, 6, 6, 6, 6, 12 ],[ 12, 2 ]);
GROU(31,12,[ 0, 2, 4, 4, 4, 4, 6, 6, 12, 12 ],[ 12, 2 ]);
GROU(31,12,[ 0, 2, 4, 4, 4, 4, 4, 12, 12, 12 ],[ 12, 2 ]);
GROU(31,12,[ 0, 2, 3, 6, 6, 6, 6, 6, 6, 6 ],[ 12, 5 ]);
GROU(31,12,[ 0, 2, 3, 4, 6, 6, 6, 6, 6, 12 ],[ 12, 2 ]);
GROU(31,12,[ 0, 2, 3, 4, 4, 6, 6, 6, 12, 12 ],[ 12, 2 ]);
GROU(31,12,[ 0, 2, 3, 4, 4, 4, 6, 12, 12, 12 ],[ 12, 2 ]);
GROU(31,12,[ 0, 2, 3, 3, 6, 6, 6, 6, 12, 12 ],[ 12, 2 ]);
GROU(31,12,[ 0, 2, 3, 3, 4, 6, 6, 12, 12, 12 ],[ 12, 2 ]);
GROU(31,12,[ 0, 2, 3, 3, 4, 4, 12, 12, 12, 12 ],[ 12, 2 ]);
GROU(31,12,[ 0, 2, 3, 3, 3, 6, 12, 12, 12, 12 ],[ 12, 2 ]);
GROU(31,12,[ 0, 2, 3, 3, 3, 4, 4, 4, 4, 4, 4 ],[ 12, 1 ]);
GROU(31,12,[ 0, 2, 3, 3, 3, 4, 4, 4, 4, 4, 4 ],[ 12, 2 ]);
GROU(31,12,[ 0, 2, 3, 3, 3, 3, 4, 4, 4, 4, 6 ],[ 12, 1 ]);
GROU(31,12,[ 0, 2, 3, 3, 3, 3, 4, 4, 4, 4, 6 ],[ 12, 2 ]);
GROU(31,12,[ 0, 2, 3, 3, 3, 3, 3, 4, 4, 6, 6 ],[ 12, 1 ]);
GROU(31,12,[ 0, 2, 3, 3, 3, 3, 3, 4, 4, 6, 6 ],[ 12, 2 ]);
GROU(31,12,[ 0, 2, 3, 3, 3, 3, 3, 4, 4, 4, 12 ],[ 12, 2 ]);
GROU(31,12,[ 0, 2, 3, 3, 3, 3, 3, 3, 6, 6, 6 ],[ 12, 5 ]);
GROU(31,12,[ 0, 2, 3, 3, 3, 3, 3, 3, 4, 6, 12 ],[ 12, 2 ]);
GROU(31,12,[ 0, 2, 3, 3, 3, 3, 3, 3, 3, 12, 12 ],[ 12, 2 ]);
GROU(31,12,[ 0, 2, 2, 6, 6, 6, 6, 6, 12, 12 ],[ 12, 2 ]);
GROU(31,12,[ 0, 2, 2, 4, 6, 6, 6, 12, 12, 12 ],[ 12, 2 ]);
GROU(31,12,[ 0, 2, 2, 4, 4, 6, 12, 12, 12, 12 ],[ 12, 2 ]);
GROU(31,12,[ 0, 2, 2, 4, 4, 4, 4, 4, 4, 4, 4 ],[ 12, 1 ]);
GROU(31,12,[ 0, 2, 2, 3, 6, 6, 12, 12, 12, 12 ],[ 12, 2 ]);
GROU(31,12,[ 0, 2, 2, 3, 4, 12, 12, 12, 12, 12 ],[ 12, 2 ]);
GROU(31,12,[ 0, 2, 2, 3, 4, 4, 4, 4, 4, 4, 6 ],[ 12, 1 ]);
GROU(31,12,[ 0, 2, 2, 3, 4, 4, 4, 4, 4, 4, 6 ],[ 12, 2 ]);
GROU(31,12,[ 0, 2, 2, 3, 3, 4, 4, 4, 4, 6, 6 ],[ 12, 1 ]);
GROU(31,12,[ 0, 2, 2, 3, 3, 4, 4, 4, 4, 6, 6 ],[ 12, 2 ]);
GROU(31,12,[ 0, 2, 2, 3, 3, 4, 4, 4, 4, 4, 12 ],[ 12, 2 ]);
GROU(31,12,[ 0, 2, 2, 3, 3, 3, 4, 4, 6, 6, 6 ],[ 12, 1 ]);
GROU(31,12,[ 0, 2, 2, 3, 3, 3, 4, 4, 6, 6, 6 ],[ 12, 2 ]);
GROU(31,12,[ 0, 2, 2, 3, 3, 3, 4, 4, 4, 6, 12 ],[ 12, 2 ]);
GROU(31,12,[ 0, 2, 2, 3, 3, 3, 3, 6, 6, 6, 6 ],[ 12, 4 ]);
GROU(31,12,[ 0, 2, 2, 3, 3, 3, 3, 6, 6, 6, 6 ],[ 12, 5 ]);
GROU(31,12,[ 0, 2, 2, 3, 3, 3, 3, 4, 6, 6, 12 ],[ 12, 2 ]);
GROU(31,12,[ 0, 2, 2, 3, 3, 3, 3, 4, 4, 12, 12 ],[ 12, 2 ]);
GROU(31,12,[ 0, 2, 2, 3, 3, 3, 3, 3, 6, 12, 12 ],[ 12, 2 ]);
GROU(31,12,[ 0, 2, 2, 3, 3, 3, 3, 3, 3, 3, 3, 3 ],[ 12, 3 ]);
GROU(31,12,[ 0, 2, 2, 2, 12, 12, 12, 12, 12, 12 ],[ 12, 2 ]);
GROU(31,12,[ 0, 2, 2, 2, 4, 4, 4, 4, 6, 6, 6 ],[ 12, 1 ]);
GROU(31,12,[ 0, 2, 2, 2, 4, 4, 4, 4, 6, 6, 6 ],[ 12, 2 ]);
GROU(31,12,[ 0, 2, 2, 2, 4, 4, 4, 4, 4, 6, 12 ],[ 12, 2 ]);
GROU(31,12,[ 0, 2, 2, 2, 3, 4, 4, 6, 6, 6, 6 ],[ 12, 1 ]);
GROU(31,12,[ 0, 2, 2, 2, 3, 4, 4, 6, 6, 6, 6 ],[ 12, 2 ]);
GROU(31,12,[ 0, 2, 2, 2, 3, 4, 4, 4, 6, 6, 12 ],[ 12, 2 ]);
GROU(31,12,[ 0, 2, 2, 2, 3, 4, 4, 4, 4, 12, 12 ],[ 12, 2 ]);
GROU(31,12,[ 0, 2, 2, 2, 3, 3, 6, 6, 6, 6, 6 ],[ 12, 4 ]);
GROU(31,12,[ 0, 2, 2, 2, 3, 3, 6, 6, 6, 6, 6 ],[ 12, 5 ]);
GROU(31,12,[ 0, 2, 2, 2, 3, 3, 4, 6, 6, 6, 12 ],[ 12, 2 ]);
GROU(31,12,[ 0, 2, 2, 2, 3, 3, 4, 4, 6, 12, 12 ],[ 12, 2 ]);
GROU(31,12,[ 0, 2, 2, 2, 3, 3, 3, 6, 6, 12, 12 ],[ 12, 2 ]);
GROU(31,12,[ 0, 2, 2, 2, 3, 3, 3, 4, 12, 12, 12 ],[ 12, 2 ]);
GROU(31,12,[ 0, 2, 2, 2, 3, 3, 3, 3, 3, 3, 4, 4 ],[ 12, 1 ]);
GROU(31,12,[ 0, 2, 2, 2, 3, 3, 3, 3, 3, 3, 4, 4 ],[ 12, 2 ]);
GROU(31,12,[ 0, 2, 2, 2, 3, 3, 3, 3, 3, 3, 3, 6 ],[ 12, 4 ]);
GROU(31,12,[ 0, 2, 2, 2, 3, 3, 3, 3, 3, 3, 3, 6 ],[ 12, 5 ]);
GROU(31,12,[ 0, 2, 2, 2, 2, 6, 6, 6, 6, 6, 6 ],[ 12, 4 ]);
GROU(31,12,[ 0, 2, 2, 2, 2, 6, 6, 6, 6, 6, 6 ],[ 12, 5 ]);
GROU(31,12,[ 0, 2, 2, 2, 2, 4, 6, 6, 6, 6, 12 ],[ 12, 2 ]);
GROU(31,12,[ 0, 2, 2, 2, 2, 4, 4, 6, 6, 12, 12 ],[ 12, 2 ]);
GROU(31,12,[ 0, 2, 2, 2, 2, 4, 4, 4, 12, 12, 12 ],[ 12, 2 ]);
GROU(31,12,[ 0, 2, 2, 2, 2, 3, 6, 6, 6, 12, 12 ],[ 12, 2 ]);
GROU(31,12,[ 0, 2, 2, 2, 2, 3, 4, 6, 12, 12, 12 ],[ 12, 2 ]);
GROU(31,12,[ 0, 2, 2, 2, 2, 3, 3, 12, 12, 12, 12 ],[ 12, 2 ]);
GROU(31,12,[ 0, 2, 2, 2, 2, 3, 3, 3, 4, 4, 4, 4 ],[ 12, 1 ]);
GROU(31,12,[ 0, 2, 2, 2, 2, 3, 3, 3, 4, 4, 4, 4 ],[ 12, 2 ]);
GROU(31,12,[ 0, 2, 2, 2, 2, 3, 3, 3, 3, 4, 4, 6 ],[ 12, 1 ]);
GROU(31,12,[ 0, 2, 2, 2, 2, 3, 3, 3, 3, 4, 4, 6 ],[ 12, 2 ]);
GROU(31,12,[ 0, 2, 2, 2, 2, 3, 3, 3, 3, 3, 6, 6 ],[ 12, 4 ]);
GROU(31,12,[ 0, 2, 2, 2, 2, 3, 3, 3, 3, 3, 6, 6 ],[ 12, 5 ]);
GROU(31,12,[ 0, 2, 2, 2, 2, 3, 3, 3, 3, 3, 4, 12 ],[ 12, 2 ]);
GROU(31,12,[ 0, 2, 2, 2, 2, 2, 6, 12, 12, 12, 12 ],[ 12, 2 ]);
GROU(31,12,[ 0, 2, 2, 2, 2, 2, 4, 4, 4, 4, 4, 4 ],[ 12, 1 ]);
GROU(31,12,[ 0, 2, 2, 2, 2, 2, 3, 4, 4, 4, 4, 6 ],[ 12, 1 ]);
GROU(31,12,[ 0, 2, 2, 2, 2, 2, 3, 4, 4, 4, 4, 6 ],[ 12, 2 ]);
GROU(31,12,[ 0, 2, 2, 2, 2, 2, 3, 3, 4, 4, 6, 6 ],[ 12, 1 ]);
GROU(31,12,[ 0, 2, 2, 2, 2, 2, 3, 3, 4, 4, 6, 6 ],[ 12, 2 ]);
GROU(31,12,[ 0, 2, 2, 2, 2, 2, 3, 3, 4, 4, 4, 12 ],[ 12, 2 ]);
GROU(31,12,[ 0, 2, 2, 2, 2, 2, 3, 3, 3, 6, 6, 6 ],[ 12, 4 ]);
GROU(31,12,[ 0, 2, 2, 2, 2, 2, 3, 3, 3, 6, 6, 6 ],[ 12, 5 ]);
GROU(31,12,[ 0, 2, 2, 2, 2, 2, 3, 3, 3, 4, 6, 12 ],[ 12, 2 ]);
GROU(31,12,[ 0, 2, 2, 2, 2, 2, 3, 3, 3, 3, 12, 12 ],[ 12, 2 ]);
GROU(31,12,[ 0, 2, 2, 2, 2, 2, 2, 4, 4, 6, 6, 6 ],[ 12, 1 ]);
GROU(31,12,[ 0, 2, 2, 2, 2, 2, 2, 4, 4, 6, 6, 6 ],[ 12, 2 ]);
GROU(31,12,[ 0, 2, 2, 2, 2, 2, 2, 4, 4, 4, 6, 12 ],[ 12, 2 ]);
GROU(31,12,[ 0, 2, 2, 2, 2, 2, 2, 3, 6, 6, 6, 6 ],[ 12, 4 ]);
GROU(31,12,[ 0, 2, 2, 2, 2, 2, 2, 3, 6, 6, 6, 6 ],[ 12, 5 ]);
GROU(31,12,[ 0, 2, 2, 2, 2, 2, 2, 3, 4, 6, 6, 12 ],[ 12, 2 ]);
GROU(31,12,[ 0, 2, 2, 2, 2, 2, 2, 3, 4, 4, 12, 12 ],[ 12, 2 ]);
GROU(31,12,[ 0, 2, 2, 2, 2, 2, 2, 3, 3, 6, 12, 12 ],[ 12, 2 ]);
GROU(31,12,[ 0, 2, 2, 2, 2, 2, 2, 3, 3, 3, 3, 3, 3 ],[ 12, 3 ]);
GROU(31,12,[ 0, 2, 2, 2, 2, 2, 2, 3, 3, 3, 3, 3, 3 ],[ 12, 4 ]);
GROU(31,12,[ 0, 2, 2, 2, 2, 2, 2, 3, 3, 3, 3, 3, 3 ],[ 12, 5 ]);
GROU(31,12,[ 0, 2, 2, 2, 2, 2, 2, 2, 6, 6, 12, 12 ],[ 12, 2 ]);
GROU(31,12,[ 0, 2, 2, 2, 2, 2, 2, 2, 4, 12, 12, 12 ],[ 12, 2 ]);
GROU(31,12,[ 0, 2, 2, 2, 2, 2, 2, 2, 3, 3, 3, 4, 4 ],[ 12, 1 ]);
GROU(31,12,[ 0, 2, 2, 2, 2, 2, 2, 2, 3, 3, 3, 4, 4 ],[ 12, 2 ]);
GROU(31,12,[ 0, 2, 2, 2, 2, 2, 2, 2, 3, 3, 3, 3, 6 ],[ 12, 4 ]);
GROU(31,12,[ 0, 2, 2, 2, 2, 2, 2, 2, 3, 3, 3, 3, 6 ],[ 12, 5 ]);
GROU(31,12,[ 0, 2, 2, 2, 2, 2, 2, 2, 2, 4, 4, 4, 4 ],[ 12, 1 ]);
GROU(31,12,[ 0, 2, 2, 2, 2, 2, 2, 2, 2, 3, 4, 4, 6 ],[ 12, 1 ]);
GROU(31,12,[ 0, 2, 2, 2, 2, 2, 2, 2, 2, 3, 4, 4, 6 ],[ 12, 2 ]);
GROU(31,12,[ 0, 2, 2, 2, 2, 2, 2, 2, 2, 3, 3, 6, 6 ],[ 12, 4 ]);
GROU(31,12,[ 0, 2, 2, 2, 2, 2, 2, 2, 2, 3, 3, 6, 6 ],[ 12, 5 ]);
GROU(31,12,[ 0, 2, 2, 2, 2, 2, 2, 2, 2, 3, 3, 4, 12 ],[ 12, 2 ]);
GROU(31,12,[ 0, 2, 2, 2, 2, 2, 2, 2, 2, 2, 6, 6, 6 ],[ 12, 4 ]);
GROU(31,12,[ 0, 2, 2, 2, 2, 2, 2, 2, 2, 2, 6, 6, 6 ],[ 12, 5 ]);
GROU(31,12,[ 0, 2, 2, 2, 2, 2, 2, 2, 2, 2, 4, 6, 12 ],[ 12, 2 ]);
GROU(31,12,[ 0, 2, 2, 2, 2, 2, 2, 2, 2, 2, 3, 12, 12 ],[ 12, 2 ]);
GROU(31,12,[ 0, 2, 2, 2, 2, 2, 2, 2, 2, 2, 2, 3, 3, 3 ],[ 12, 3 ]);
GROU(31,12,[ 0, 2, 2, 2, 2, 2, 2, 2, 2, 2, 2, 3, 3, 3 ],[ 12, 4 ]);
GROU(31,12,[ 0, 2, 2, 2, 2, 2, 2, 2, 2, 2, 2, 3, 3, 3 ],[ 12, 5 ]);
SIGN(31,12,[ 0, 2, 2, 2, 2, 2, 2, 2, 2, 2, 2, 2, 4, 4 ],"all");
GROU(31,12,[ 0, 2, 2, 2, 2, 2, 2, 2, 2, 2, 2, 2, 3, 6 ],[ 12, 4 ]);
GROU(31,12,[ 0, 2, 2, 2, 2, 2, 2, 2, 2, 2, 2, 2, 3, 6 ],[ 12, 5 ]);
GROU(31,12,[ 0, 2, 2, 2, 2, 2, 2, 2, 2, 2, 2, 2, 2, 2, 2 ],[ 12, 4 ]);
GROU(31,14,[ 0, 7, 7, 7, 14, 14, 14, 14 ],[ 14, 2 ]);
GROU(31,14,[ 0, 2, 2, 7, 7, 7, 7, 14, 14 ],[ 14, 2 ]);
GROU(31,14,[ 0, 2, 2, 2, 2, 7, 7, 7, 7, 7 ],[ 14, 1 ]);
GROU(31,14,[ 0, 2, 2, 2, 2, 7, 7, 7, 7, 7 ],[ 14, 2 ]);
GROU(31,14,[ 0, 2, 2, 2, 2, 2, 2, 2, 14, 14, 14 ],[ 14, 2 ]);
GROU(31,14,[ 0, 2, 2, 2, 2, 2, 2, 2, 2, 2, 7, 14 ],[ 14, 2 ]);
GROU(31,15,[ 0, 5, 5, 5, 5, 15, 15, 15 ],[ 15, 1 ]);
GROU(31,15,[ 0, 3, 5, 5, 15, 15, 15, 15 ],[ 15, 1 ]);
GROU(31,15,[ 0, 3, 3, 15, 15, 15, 15, 15 ],[ 15, 1 ]);
GROU(31,15,[ 0, 3, 3, 3, 5, 5, 5, 5, 5 ],[ 15, 1 ]);
GROU(31,15,[ 0, 3, 3, 3, 3, 5, 5, 5, 15 ],[ 15, 1 ]);
GROU(31,15,[ 0, 3, 3, 3, 3, 3, 5, 15, 15 ],[ 15, 1 ]);
GROU(31,16,[ 0, 4, 4, 4, 8, 8, 8, 8 ],[ 16, 5 ]);
GROU(31,16,[ 0, 4, 4, 4, 8, 8, 8, 8 ],[ 16, 6 ]);
GROU(31,16,[ 0, 4, 4, 4, 8, 8, 8, 8 ],[ 16, 8 ]);
GROU(31,16,[ 0, 4, 4, 4, 8, 8, 8, 8 ],[ 16, 9 ]);
GROU(31,16,[ 0, 4, 4, 4, 4, 8, 16, 16 ],[ 16, 1 ]);
GROU(31,16,[ 0, 2, 8, 8, 8, 8, 8, 8 ],[ 16, 5 ]);
GROU(31,16,[ 0, 2, 8, 8, 8, 8, 8, 8 ],[ 16, 6 ]);
GROU(31,16,[ 0, 2, 4, 8, 8, 8, 16, 16 ],[ 16, 1 ]);
GROU(31,16,[ 0, 2, 4, 4, 16, 16, 16, 16 ],[ 16, 1 ]);
GROU(31,16,[ 0, 2, 4, 4, 4, 4, 4, 4, 4 ],[ 16, 2 ]);
GROU(31,16,[ 0, 2, 4, 4, 4, 4, 4, 4, 4 ],[ 16, 4 ]);
GROU(31,16,[ 0, 2, 4, 4, 4, 4, 4, 4, 4 ],[ 16, 9 ]);
GROU(31,16,[ 0, 2, 4, 4, 4, 4, 4, 4, 4 ],[ 16, 12 ]);
GROU(31,16,[ 0, 2, 4, 4, 4, 4, 4, 4, 4 ],[ 16, 13 ]);
GROU(31,16,[ 0, 2, 2, 4, 4, 4, 4, 8, 8 ],[ 16, 5 ]);
GROU(31,16,[ 0, 2, 2, 4, 4, 4, 4, 8, 8 ],[ 16, 6 ]);
GROU(31,16,[ 0, 2, 2, 4, 4, 4, 4, 8, 8 ],[ 16, 7 ]);
GROU(31,16,[ 0, 2, 2, 4, 4, 4, 4, 8, 8 ],[ 16, 8 ]);
GROU(31,16,[ 0, 2, 2, 4, 4, 4, 4, 8, 8 ],[ 16, 9 ]);
GROU(31,16,[ 0, 2, 2, 2, 4, 8, 8, 8, 8 ],[ 16, 5 ]);
GROU(31,16,[ 0, 2, 2, 2, 4, 8, 8, 8, 8 ],[ 16, 6 ]);
GROU(31,16,[ 0, 2, 2, 2, 4, 8, 8, 8, 8 ],[ 16, 7 ]);
GROU(31,16,[ 0, 2, 2, 2, 4, 8, 8, 8, 8 ],[ 16, 8 ]);
GROU(31,16,[ 0, 2, 2, 2, 4, 4, 8, 16, 16 ],[ 16, 1 ]);
GROU(31,16,[ 0, 2, 2, 2, 2, 16, 16, 16, 16 ],[ 16, 1 ]);
GROU(31,16,[ 0, 2, 2, 2, 2, 4, 4, 4, 4, 4 ],[ 16, 2 ]);
GROU(31,16,[ 0, 2, 2, 2, 2, 4, 4, 4, 4, 4 ],[ 16, 4 ]);
GROU(31,16,[ 0, 2, 2, 2, 2, 4, 4, 4, 4, 4 ],[ 16, 7 ]);
GROU(31,16,[ 0, 2, 2, 2, 2, 4, 4, 4, 4, 4 ],[ 16, 8 ]);
GROU(31,16,[ 0, 2, 2, 2, 2, 4, 4, 4, 4, 4 ],[ 16, 9 ]);
GROU(31,16,[ 0, 2, 2, 2, 2, 4, 4, 4, 4, 4 ],[ 16, 11 ]);
GROU(31,16,[ 0, 2, 2, 2, 2, 4, 4, 4, 4, 4 ],[ 16, 12 ]);
GROU(31,16,[ 0, 2, 2, 2, 2, 4, 4, 4, 4, 4 ],[ 16, 13 ]);
GROU(31,16,[ 0, 2, 2, 2, 2, 2, 4, 4, 8, 8 ],[ 16, 5 ]);
GROU(31,16,[ 0, 2, 2, 2, 2, 2, 4, 4, 8, 8 ],[ 16, 6 ]);
GROU(31,16,[ 0, 2, 2, 2, 2, 2, 4, 4, 8, 8 ],[ 16, 7 ]);
GROU(31,16,[ 0, 2, 2, 2, 2, 2, 4, 4, 8, 8 ],[ 16, 8 ]);
GROU(31,16,[ 0, 2, 2, 2, 2, 2, 4, 4, 8, 8 ],[ 16, 9 ]);
GROU(31,16,[ 0, 2, 2, 2, 2, 2, 2, 8, 16, 16 ],[ 16, 1 ]);
GROU(31,16,[ 0, 2, 2, 2, 2, 2, 2, 2, 4, 4, 4 ],[ 16, 2 ]);
GROU(31,16,[ 0, 2, 2, 2, 2, 2, 2, 2, 4, 4, 4 ],[ 16, 4 ]);
GROU(31,16,[ 0, 2, 2, 2, 2, 2, 2, 2, 4, 4, 4 ],[ 16, 7 ]);
GROU(31,16,[ 0, 2, 2, 2, 2, 2, 2, 2, 4, 4, 4 ],[ 16, 8 ]);
GROU(31,16,[ 0, 2, 2, 2, 2, 2, 2, 2, 4, 4, 4 ],[ 16, 11 ]);
GROU(31,16,[ 0, 2, 2, 2, 2, 2, 2, 2, 4, 4, 4 ],[ 16, 12 ]);
GROU(31,16,[ 0, 2, 2, 2, 2, 2, 2, 2, 4, 4, 4 ],[ 16, 13 ]);
GROU(31,16,[ 0, 2, 2, 2, 2, 2, 2, 2, 2, 8, 8 ],[ 16, 5 ]);
GROU(31,16,[ 0, 2, 2, 2, 2, 2, 2, 2, 2, 8, 8 ],[ 16, 6 ]);
GROU(31,16,[ 0, 2, 2, 2, 2, 2, 2, 2, 2, 8, 8 ],[ 16, 7 ]);
GROU(31,16,[ 0, 2, 2, 2, 2, 2, 2, 2, 2, 8, 8 ],[ 16, 8 ]);
GROU(31,16,[ 0, 2, 2, 2, 2, 2, 2, 2, 2, 2, 2, 4 ],[ 16, 7 ]);
GROU(31,16,[ 0, 2, 2, 2, 2, 2, 2, 2, 2, 2, 2, 4 ],[ 16, 11 ]);
GROU(31,16,[ 0, 2, 2, 2, 2, 2, 2, 2, 2, 2, 2, 4 ],[ 16, 13 ]);
GROU(31,18,[ 0, 6, 9, 9, 9, 9, 18 ],[ 18, 2 ]);
GROU(31,18,[ 0, 6, 6, 9, 9, 18, 18 ],[ 18, 2 ]);
GROU(31,18,[ 0, 6, 6, 6, 18, 18, 18 ],[ 18, 2 ]);
GROU(31,18,[ 0, 3, 9, 18, 18, 18, 18 ],[ 18, 2 ]);
GROU(31,18,[ 0, 3, 3, 3, 6, 6, 6, 6 ],[ 18, 3 ]);
GROU(31,18,[ 0, 3, 3, 3, 6, 6, 6, 6 ],[ 18, 5 ]);
GROU(31,18,[ 0, 3, 3, 3, 3, 6, 9, 18 ],[ 18, 2 ]);
GROU(31,18,[ 0, 2, 3, 6, 6, 6, 6, 6 ],[ 18, 3 ]);
GROU(31,18,[ 0, 2, 3, 6, 6, 6, 6, 6 ],[ 18, 5 ]);
GROU(31,18,[ 0, 2, 3, 3, 6, 9, 9, 9 ],[ 18, 2 ]);
GROU(31,18,[ 0, 2, 3, 3, 6, 6, 9, 18 ],[ 18, 2 ]);
GROU(31,18,[ 0, 2, 3, 3, 3, 18, 18, 18 ],[ 18, 2 ]);
GROU(31,18,[ 0, 2, 3, 3, 3, 3, 3, 3, 6 ],[ 18, 3 ]);
GROU(31,18,[ 0, 2, 3, 3, 3, 3, 3, 3, 6 ],[ 18, 5 ]);
GROU(31,18,[ 0, 2, 2, 6, 6, 9, 9, 9 ],[ 18, 2 ]);
GROU(31,18,[ 0, 2, 2, 6, 6, 6, 9, 18 ],[ 18, 2 ]);
GROU(31,18,[ 0, 2, 2, 3, 9, 9, 18, 18 ],[ 18, 2 ]);
GROU(31,18,[ 0, 2, 2, 3, 6, 18, 18, 18 ],[ 18, 2 ]);
GROU(31,18,[ 0, 2, 2, 3, 3, 3, 3, 6, 6 ],[ 18, 3 ]);
GROU(31,18,[ 0, 2, 2, 3, 3, 3, 3, 6, 6 ],[ 18, 5 ]);
GROU(31,18,[ 0, 2, 2, 2, 3, 3, 6, 6, 6 ],[ 18, 3 ]);
GROU(31,18,[ 0, 2, 2, 2, 3, 3, 6, 6, 6 ],[ 18, 5 ]);
GROU(31,18,[ 0, 2, 2, 2, 3, 3, 3, 9, 18 ],[ 18, 2 ]);
GROU(31,18,[ 0, 2, 2, 2, 2, 6, 6, 6, 6 ],[ 18, 3 ]);
GROU(31,18,[ 0, 2, 2, 2, 2, 6, 6, 6, 6 ],[ 18, 5 ]);
GROU(31,18,[ 0, 2, 2, 2, 2, 3, 9, 9, 9 ],[ 18, 1 ]);
GROU(31,18,[ 0, 2, 2, 2, 2, 3, 9, 9, 9 ],[ 18, 2 ]);
GROU(31,18,[ 0, 2, 2, 2, 2, 3, 6, 9, 18 ],[ 18, 2 ]);
GROU(31,18,[ 0, 2, 2, 2, 2, 3, 3, 3, 3, 3 ],[ 18, 1 ]);
GROU(31,18,[ 0, 2, 2, 2, 2, 3, 3, 3, 3, 3 ],[ 18, 3 ]);
GROU(31,18,[ 0, 2, 2, 2, 2, 3, 3, 3, 3, 3 ],[ 18, 4 ]);
GROU(31,18,[ 0, 2, 2, 2, 2, 3, 3, 3, 3, 3 ],[ 18, 5 ]);
GROU(31,18,[ 0, 2, 2, 2, 2, 2, 18, 18, 18 ],[ 18, 2 ]);
GROU(31,18,[ 0, 2, 2, 2, 2, 2, 3, 3, 3, 6 ],[ 18, 3 ]);
GROU(31,18,[ 0, 2, 2, 2, 2, 2, 3, 3, 3, 6 ],[ 18, 5 ]);
GROU(31,18,[ 0, 2, 2, 2, 2, 2, 2, 3, 6, 6 ],[ 18, 3 ]);
GROU(31,18,[ 0, 2, 2, 2, 2, 2, 2, 3, 6, 6 ],[ 18, 5 ]);
GROU(31,18,[ 0, 2, 2, 2, 2, 2, 2, 2, 9, 18 ],[ 18, 2 ]);
GROU(31,18,[ 0, 2, 2, 2, 2, 2, 2, 2, 2, 3, 3 ],[ 18, 1 ]);
GROU(31,18,[ 0, 2, 2, 2, 2, 2, 2, 2, 2, 3, 3 ],[ 18, 3 ]);
GROU(31,18,[ 0, 2, 2, 2, 2, 2, 2, 2, 2, 3, 3 ],[ 18, 4 ]);
GROU(31,20,[ 0, 4, 5, 5, 5, 10, 20 ],[ 20, 2 ]);
GROU(31,20,[ 0, 4, 4, 5, 10, 10, 10 ],[ 20, 1 ]);
GROU(31,20,[ 0, 4, 4, 5, 10, 10, 10 ],[ 20, 2 ]);
GROU(31,20,[ 0, 4, 4, 5, 5, 20, 20 ],[ 20, 2 ]);
GROU(31,20,[ 0, 4, 4, 4, 10, 10, 20 ],[ 20, 2 ]);
GROU(31,20,[ 0, 2, 10, 10, 10, 10, 10 ],[ 20, 5 ]);
GROU(31,20,[ 0, 2, 5, 10, 10, 20, 20 ],[ 20, 2 ]);
GROU(31,20,[ 0, 2, 4, 10, 20, 20, 20 ],[ 20, 2 ]);
GROU(31,20,[ 0, 2, 4, 4, 4, 4, 4, 4 ],[ 20, 1 ]);
GROU(31,20,[ 0, 2, 4, 4, 4, 4, 4, 4 ],[ 20, 3 ]);
GROU(31,20,[ 0, 2, 2, 4, 4, 5, 5, 10 ],[ 20, 1 ]);
GROU(31,20,[ 0, 2, 2, 4, 4, 5, 5, 10 ],[ 20, 2 ]);
GROU(31,20,[ 0, 2, 2, 4, 4, 4, 5, 20 ],[ 20, 2 ]);
GROU(31,20,[ 0, 2, 2, 2, 5, 10, 10, 10 ],[ 20, 4 ]);
GROU(31,20,[ 0, 2, 2, 2, 5, 10, 10, 10 ],[ 20, 5 ]);
GROU(31,20,[ 0, 2, 2, 2, 5, 5, 20, 20 ],[ 20, 2 ]);
GROU(31,20,[ 0, 2, 2, 2, 4, 10, 10, 20 ],[ 20, 2 ]);
GROU(31,20,[ 0, 2, 2, 2, 2, 4, 4, 4, 4 ],[ 20, 1 ]);
GROU(31,20,[ 0, 2, 2, 2, 2, 4, 4, 4, 4 ],[ 20, 3 ]);
GROU(31,20,[ 0, 2, 2, 2, 2, 2, 5, 5, 10 ],[ 20, 4 ]);
GROU(31,20,[ 0, 2, 2, 2, 2, 2, 5, 5, 10 ],[ 20, 5 ]);
GROU(31,20,[ 0, 2, 2, 2, 2, 2, 4, 5, 20 ],[ 20, 2 ]);
GROU(31,20,[ 0, 2, 2, 2, 2, 2, 2, 2, 4, 4 ],[ 20, 3 ]);
GROU(31,20,[ 0, 2, 2, 2, 2, 2, 2, 2, 2, 2, 2 ],[ 20, 4 ]);
GROU(31,21,[ 0, 3, 3, 7, 7, 7, 21 ],[ 21, 2 ]);
GROU(31,21,[ 0, 3, 3, 3, 21, 21, 21 ],[ 21, 2 ]);
GROU(31,21,[ 0, 3, 3, 3, 3, 3, 3, 7 ],[ 21, 1 ]);
GROU(31,22,[ 0, 11, 22, 22, 22, 22 ],[ 22, 2 ]);
GROU(31,22,[ 0, 2, 2, 11, 11, 22, 22 ],[ 22, 2 ]);
GROU(31,22,[ 0, 2, 2, 2, 2, 11, 11, 11 ],[ 22, 1 ]);
GROU(31,22,[ 0, 2, 2, 2, 2, 11, 11, 11 ],[ 22, 2 ]);
GROU(31,24,[ 0, 8, 8, 12, 12, 12 ],[ 24, 1 ]);
GROU(31,24,[ 0, 8, 8, 12, 12, 12 ],[ 24, 2 ]);
GROU(31,24,[ 0, 8, 8, 8, 12, 24 ],[ 24, 2 ]);
GROU(31,24,[ 0, 6, 12, 12, 12, 12 ],[ 24, 9 ]);
GROU(31,24,[ 0, 6, 12, 12, 12, 12 ],[ 24, 11 ]);
GROU(31,24,[ 0, 6, 8, 12, 12, 24 ],[ 24, 2 ]);
GROU(31,24,[ 0, 6, 8, 8, 24, 24 ],[ 24, 2 ]);
GROU(31,24,[ 0, 6, 6, 12, 24, 24 ],[ 24, 2 ]);
GROU(31,24,[ 0, 4, 12, 12, 24, 24 ],[ 24, 2 ]);
GROU(31,24,[ 0, 4, 8, 24, 24, 24 ],[ 24, 2 ]);
GROU(31,24,[ 0, 4, 4, 4, 4, 4, 4 ],[ 24, 4 ]);
GROU(31,24,[ 0, 4, 4, 4, 4, 4, 4 ],[ 24, 5 ]);
GROU(31,24,[ 0, 4, 4, 4, 4, 4, 4 ],[ 24, 7 ]);
GROU(31,24,[ 0, 4, 4, 4, 4, 4, 4 ],[ 24, 12 ]);
GROU(31,24,[ 0, 3, 24, 24, 24, 24 ],[ 24, 2 ]);
GROU(31,24,[ 0, 3, 4, 4, 4, 4, 6 ],[ 24, 3 ]);
GROU(31,24,[ 0, 3, 4, 4, 4, 4, 6 ],[ 24, 4 ]);
GROU(31,24,[ 0, 3, 4, 4, 4, 4, 6 ],[ 24, 5 ]);
GROU(31,24,[ 0, 3, 4, 4, 4, 4, 6 ],[ 24, 7 ]);
GROU(31,24,[ 0, 3, 4, 4, 4, 4, 6 ],[ 24, 9 ]);
GROU(31,24,[ 0, 3, 4, 4, 4, 4, 6 ],[ 24, 11 ]);
GROU(31,24,[ 0, 3, 3, 4, 4, 6, 6 ],[ 24, 3 ]);
GROU(31,24,[ 0, 3, 3, 4, 4, 6, 6 ],[ 24, 7 ]);
GROU(31,24,[ 0, 3, 3, 4, 4, 6, 6 ],[ 24, 8 ]);
GROU(31,24,[ 0, 3, 3, 4, 4, 6, 6 ],[ 24, 9 ]);
GROU(31,24,[ 0, 3, 3, 4, 4, 6, 6 ],[ 24, 10 ]);
GROU(31,24,[ 0, 3, 3, 4, 4, 4, 12 ],[ 24, 4 ]);
GROU(31,24,[ 0, 3, 3, 4, 4, 4, 12 ],[ 24, 5 ]);
GROU(31,24,[ 0, 3, 3, 4, 4, 4, 12 ],[ 24, 9 ]);
GROU(31,24,[ 0, 3, 3, 4, 4, 4, 12 ],[ 24, 11 ]);
GROU(31,24,[ 0, 3, 3, 3, 6, 6, 6 ],[ 24, 3 ]);
GROU(31,24,[ 0, 3, 3, 3, 4, 8, 8 ],[ 24, 1 ]);
GROU(31,24,[ 0, 3, 3, 3, 4, 8, 8 ],[ 24, 2 ]);
GROU(31,24,[ 0, 3, 3, 3, 4, 6, 12 ],[ 24, 9 ]);
GROU(31,24,[ 0, 3, 3, 3, 3, 8, 24 ],[ 24, 2 ]);
GROU(31,24,[ 0, 2, 4, 4, 6, 6, 6 ],[ 24, 3 ]);
GROU(31,24,[ 0, 2, 4, 4, 6, 6, 6 ],[ 24, 5 ]);
GROU(31,24,[ 0, 2, 4, 4, 6, 6, 6 ],[ 24, 7 ]);
GROU(31,24,[ 0, 2, 4, 4, 6, 6, 6 ],[ 24, 8 ]);
GROU(31,24,[ 0, 2, 4, 4, 6, 6, 6 ],[ 24, 9 ]);
GROU(31,24,[ 0, 2, 4, 4, 6, 6, 6 ],[ 24, 10 ]);
SIGN(31,24,[ 0, 2, 4, 4, 4, 8, 8 ],"all");
GROU(31,24,[ 0, 2, 4, 4, 4, 6, 12 ],[ 24, 4 ]);
GROU(31,24,[ 0, 2, 4, 4, 4, 6, 12 ],[ 24, 5 ]);
GROU(31,24,[ 0, 2, 4, 4, 4, 6, 12 ],[ 24, 9 ]);
GROU(31,24,[ 0, 2, 4, 4, 4, 6, 12 ],[ 24, 10 ]);
GROU(31,24,[ 0, 2, 4, 4, 4, 6, 12 ],[ 24, 11 ]);
GROU(31,24,[ 0, 2, 3, 6, 6, 6, 6 ],[ 24, 3 ]);
GROU(31,24,[ 0, 2, 3, 6, 6, 6, 6 ],[ 24, 10 ]);
GROU(31,24,[ 0, 2, 3, 6, 6, 6, 6 ],[ 24, 13 ]);
GROU(31,24,[ 0, 2, 3, 6, 6, 6, 6 ],[ 24, 15 ]);
GROU(31,24,[ 0, 2, 3, 4, 6, 8, 8 ],[ 24, 1 ]);
GROU(31,24,[ 0, 2, 3, 4, 6, 8, 8 ],[ 24, 2 ]);
GROU(31,24,[ 0, 2, 3, 4, 6, 6, 12 ],[ 24, 5 ]);
GROU(31,24,[ 0, 2, 3, 4, 6, 6, 12 ],[ 24, 9 ]);
GROU(31,24,[ 0, 2, 3, 4, 6, 6, 12 ],[ 24, 10 ]);
GROU(31,24,[ 0, 2, 3, 4, 4, 12, 12 ],[ 24, 4 ]);
GROU(31,24,[ 0, 2, 3, 4, 4, 12, 12 ],[ 24, 5 ]);
GROU(31,24,[ 0, 2, 3, 4, 4, 12, 12 ],[ 24, 9 ]);
GROU(31,24,[ 0, 2, 3, 4, 4, 12, 12 ],[ 24, 11 ]);
GROU(31,24,[ 0, 2, 3, 4, 4, 8, 24 ],[ 24, 2 ]);
GROU(31,24,[ 0, 2, 3, 3, 8, 8, 12 ],[ 24, 1 ]);
GROU(31,24,[ 0, 2, 3, 3, 8, 8, 12 ],[ 24, 2 ]);
GROU(31,24,[ 0, 2, 3, 3, 6, 12, 12 ],[ 24, 9 ]);
GROU(31,24,[ 0, 2, 3, 3, 6, 12, 12 ],[ 24, 10 ]);
GROU(31,24,[ 0, 2, 3, 3, 6, 8, 24 ],[ 24, 2 ]);
GROU(31,24,[ 0, 2, 3, 3, 4, 24, 24 ],[ 24, 2 ]);
GROU(31,24,[ 0, 2, 3, 3, 3, 3, 3, 3 ],[ 24, 3 ]);
GROU(31,24,[ 0, 2, 2, 8, 8, 8, 8 ],[ 24, 1 ]);
GROU(31,24,[ 0, 2, 2, 6, 8, 8, 12 ],[ 24, 1 ]);
GROU(31,24,[ 0, 2, 2, 6, 8, 8, 12 ],[ 24, 2 ]);
GROU(31,24,[ 0, 2, 2, 6, 6, 12, 12 ],[ 24, 5 ]);
GROU(31,24,[ 0, 2, 2, 6, 6, 12, 12 ],[ 24, 6 ]);
GROU(31,24,[ 0, 2, 2, 6, 6, 12, 12 ],[ 24, 9 ]);
GROU(31,24,[ 0, 2, 2, 6, 6, 12, 12 ],[ 24, 10 ]);
GROU(31,24,[ 0, 2, 2, 6, 6, 8, 24 ],[ 24, 2 ]);
GROU(31,24,[ 0, 2, 2, 4, 12, 12, 12 ],[ 24, 5 ]);
GROU(31,24,[ 0, 2, 2, 4, 12, 12, 12 ],[ 24, 6 ]);
GROU(31,24,[ 0, 2, 2, 4, 12, 12, 12 ],[ 24, 9 ]);
GROU(31,24,[ 0, 2, 2, 4, 12, 12, 12 ],[ 24, 10 ]);
GROU(31,24,[ 0, 2, 2, 4, 12, 12, 12 ],[ 24, 11 ]);
GROU(31,24,[ 0, 2, 2, 4, 8, 12, 24 ],[ 24, 2 ]);
GROU(31,24,[ 0, 2, 2, 4, 6, 24, 24 ],[ 24, 2 ]);
GROU(31,24,[ 0, 2, 2, 3, 12, 24, 24 ],[ 24, 2 ]);
GROU(31,24,[ 0, 2, 2, 3, 3, 3, 4, 4 ],[ 24, 3 ]);
GROU(31,24,[ 0, 2, 2, 3, 3, 3, 4, 4 ],[ 24, 5 ]);
GROU(31,24,[ 0, 2, 2, 3, 3, 3, 4, 4 ],[ 24, 6 ]);
GROU(31,24,[ 0, 2, 2, 3, 3, 3, 4, 4 ],[ 24, 7 ]);
GROU(31,24,[ 0, 2, 2, 3, 3, 3, 4, 4 ],[ 24, 8 ]);
GROU(31,24,[ 0, 2, 2, 3, 3, 3, 4, 4 ],[ 24, 9 ]);
GROU(31,24,[ 0, 2, 2, 3, 3, 3, 4, 4 ],[ 24, 10 ]);
GROU(31,24,[ 0, 2, 2, 3, 3, 3, 4, 4 ],[ 24, 12 ]);
GROU(31,24,[ 0, 2, 2, 3, 3, 3, 3, 6 ],[ 24, 3 ]);
GROU(31,24,[ 0, 2, 2, 3, 3, 3, 3, 6 ],[ 24, 13 ]);
GROU(31,24,[ 0, 2, 2, 2, 4, 4, 4, 4 ],[ 24, 4 ]);
GROU(31,24,[ 0, 2, 2, 2, 4, 4, 4, 4 ],[ 24, 5 ]);
GROU(31,24,[ 0, 2, 2, 2, 4, 4, 4, 4 ],[ 24, 7 ]);
GROU(31,24,[ 0, 2, 2, 2, 4, 4, 4, 4 ],[ 24, 8 ]);
GROU(31,24,[ 0, 2, 2, 2, 4, 4, 4, 4 ],[ 24, 12 ]);
GROU(31,24,[ 0, 2, 2, 2, 3, 4, 4, 6 ],[ 24, 3 ]);
GROU(31,24,[ 0, 2, 2, 2, 3, 4, 4, 6 ],[ 24, 5 ]);
GROU(31,24,[ 0, 2, 2, 2, 3, 4, 4, 6 ],[ 24, 6 ]);
GROU(31,24,[ 0, 2, 2, 2, 3, 4, 4, 6 ],[ 24, 7 ]);
GROU(31,24,[ 0, 2, 2, 2, 3, 4, 4, 6 ],[ 24, 8 ]);
GROU(31,24,[ 0, 2, 2, 2, 3, 4, 4, 6 ],[ 24, 9 ]);
GROU(31,24,[ 0, 2, 2, 2, 3, 4, 4, 6 ],[ 24, 10 ]);
GROU(31,24,[ 0, 2, 2, 2, 3, 3, 6, 6 ],[ 24, 3 ]);
GROU(31,24,[ 0, 2, 2, 2, 3, 3, 6, 6 ],[ 24, 8 ]);
GROU(31,24,[ 0, 2, 2, 2, 3, 3, 6, 6 ],[ 24, 10 ]);
GROU(31,24,[ 0, 2, 2, 2, 3, 3, 6, 6 ],[ 24, 13 ]);
GROU(31,24,[ 0, 2, 2, 2, 3, 3, 6, 6 ],[ 24, 14 ]);
GROU(31,24,[ 0, 2, 2, 2, 3, 3, 6, 6 ],[ 24, 15 ]);
GROU(31,24,[ 0, 2, 2, 2, 3, 3, 4, 12 ],[ 24, 5 ]);
GROU(31,24,[ 0, 2, 2, 2, 3, 3, 4, 12 ],[ 24, 6 ]);
GROU(31,24,[ 0, 2, 2, 2, 3, 3, 4, 12 ],[ 24, 9 ]);
GROU(31,24,[ 0, 2, 2, 2, 3, 3, 4, 12 ],[ 24, 10 ]);
GROU(31,24,[ 0, 2, 2, 2, 2, 6, 6, 6 ],[ 24, 3 ]);
GROU(31,24,[ 0, 2, 2, 2, 2, 6, 6, 6 ],[ 24, 6 ]);
GROU(31,24,[ 0, 2, 2, 2, 2, 6, 6, 6 ],[ 24, 8 ]);
GROU(31,24,[ 0, 2, 2, 2, 2, 6, 6, 6 ],[ 24, 10 ]);
GROU(31,24,[ 0, 2, 2, 2, 2, 6, 6, 6 ],[ 24, 13 ]);
GROU(31,24,[ 0, 2, 2, 2, 2, 6, 6, 6 ],[ 24, 14 ]);
GROU(31,24,[ 0, 2, 2, 2, 2, 6, 6, 6 ],[ 24, 15 ]);
SIGN(31,24,[ 0, 2, 2, 2, 2, 4, 8, 8 ],"all");
GROU(31,24,[ 0, 2, 2, 2, 2, 4, 6, 12 ],[ 24, 5 ]);
GROU(31,24,[ 0, 2, 2, 2, 2, 4, 6, 12 ],[ 24, 6 ]);
GROU(31,24,[ 0, 2, 2, 2, 2, 4, 6, 12 ],[ 24, 9 ]);
GROU(31,24,[ 0, 2, 2, 2, 2, 4, 6, 12 ],[ 24, 10 ]);
GROU(31,24,[ 0, 2, 2, 2, 2, 3, 12, 12 ],[ 24, 5 ]);
GROU(31,24,[ 0, 2, 2, 2, 2, 3, 12, 12 ],[ 24, 6 ]);
GROU(31,24,[ 0, 2, 2, 2, 2, 3, 12, 12 ],[ 24, 9 ]);
GROU(31,24,[ 0, 2, 2, 2, 2, 3, 12, 12 ],[ 24, 10 ]);
GROU(31,24,[ 0, 2, 2, 2, 2, 3, 8, 24 ],[ 24, 2 ]);
GROU(31,24,[ 0, 2, 2, 2, 2, 2, 3, 3, 3 ],[ 24, 3 ]);
GROU(31,24,[ 0, 2, 2, 2, 2, 2, 3, 3, 3 ],[ 24, 6 ]);
GROU(31,24,[ 0, 2, 2, 2, 2, 2, 3, 3, 3 ],[ 24, 8 ]);
GROU(31,24,[ 0, 2, 2, 2, 2, 2, 3, 3, 3 ],[ 24, 10 ]);
GROU(31,24,[ 0, 2, 2, 2, 2, 2, 3, 3, 3 ],[ 24, 12 ]);
GROU(31,24,[ 0, 2, 2, 2, 2, 2, 3, 3, 3 ],[ 24, 13 ]);
GROU(31,24,[ 0, 2, 2, 2, 2, 2, 3, 3, 3 ],[ 24, 14 ]);
GROU(31,24,[ 0, 2, 2, 2, 2, 2, 3, 3, 3 ],[ 24, 15 ]);
GROU(31,24,[ 0, 2, 2, 2, 2, 2, 2, 4, 4 ],[ 24, 5 ]);
GROU(31,24,[ 0, 2, 2, 2, 2, 2, 2, 4, 4 ],[ 24, 6 ]);
GROU(31,24,[ 0, 2, 2, 2, 2, 2, 2, 4, 4 ],[ 24, 8 ]);
GROU(31,24,[ 0, 2, 2, 2, 2, 2, 2, 4, 4 ],[ 24, 12 ]);
GROU(31,24,[ 0, 2, 2, 2, 2, 2, 2, 3, 6 ],[ 24, 6 ]);
GROU(31,24,[ 0, 2, 2, 2, 2, 2, 2, 3, 6 ],[ 24, 8 ]);
GROU(31,24,[ 0, 2, 2, 2, 2, 2, 2, 3, 6 ],[ 24, 10 ]);
GROU(31,24,[ 0, 2, 2, 2, 2, 2, 2, 3, 6 ],[ 24, 13 ]);
GROU(31,24,[ 0, 2, 2, 2, 2, 2, 2, 3, 6 ],[ 24, 14 ]);
GROU(31,24,[ 0, 2, 2, 2, 2, 2, 2, 3, 6 ],[ 24, 15 ]);
GROU(31,24,[ 0, 2, 2, 2, 2, 2, 2, 2, 2, 2 ],[ 24, 6 ]);
GROU(31,24,[ 0, 2, 2, 2, 2, 2, 2, 2, 2, 2 ],[ 24, 8 ]);
GROU(31,24,[ 0, 2, 2, 2, 2, 2, 2, 2, 2, 2 ],[ 24, 12 ]);
GROU(31,24,[ 0, 2, 2, 2, 2, 2, 2, 2, 2, 2 ],[ 24, 14 ]);
GROU(31,26,[ 0, 2, 13, 26, 26, 26 ],[ 26, 2 ]);
GROU(31,26,[ 0, 2, 2, 2, 13, 13, 26 ],[ 26, 2 ]);
GROU(31,27,[ 0, 3, 9, 9, 9, 9 ],[ 27, 2 ]);
GROU(31,27,[ 0, 3, 9, 9, 9, 9 ],[ 27, 4 ]);
GROU(31,27,[ 0, 3, 3, 27, 27, 27 ],[ 27, 1 ]);
SIGN(31,27,[ 0, 3, 3, 3, 3, 3, 9 ],"all");
GROU(31,28,[ 0, 4, 4, 7, 7, 14 ],[ 28, 1 ]);
GROU(31,28,[ 0, 4, 4, 7, 7, 14 ],[ 28, 2 ]);
GROU(31,28,[ 0, 4, 4, 4, 14, 28 ],[ 28, 2 ]);
GROU(31,28,[ 0, 2, 7, 14, 14, 14 ],[ 28, 4 ]);
GROU(31,28,[ 0, 2, 7, 7, 28, 28 ],[ 28, 2 ]);
GROU(31,28,[ 0, 2, 4, 28, 28, 28 ],[ 28, 2 ]);
GROU(31,28,[ 0, 2, 2, 2, 7, 7, 14 ],[ 28, 3 ]);
GROU(31,28,[ 0, 2, 2, 2, 7, 7, 14 ],[ 28, 4 ]);
GROU(31,28,[ 0, 2, 2, 2, 4, 14, 28 ],[ 28, 2 ]);
GROU(31,30,[ 0, 3, 6, 6, 6, 6 ],[ 30, 2 ]);
GROU(31,30,[ 0, 3, 5, 5, 6, 10 ],[ 30, 4 ]);
GROU(31,30,[ 0, 3, 3, 6, 10, 15 ],[ 30, 4 ]);
GROU(31,30,[ 0, 3, 3, 5, 10, 30 ],[ 30, 4 ]);
GROU(31,30,[ 0, 2, 6, 6, 10, 15 ],[ 30, 4 ]);
GROU(31,30,[ 0, 2, 5, 10, 10, 10 ],[ 30, 1 ]);
GROU(31,30,[ 0, 2, 5, 6, 15, 15 ],[ 30, 2 ]);
GROU(31,30,[ 0, 2, 5, 6, 15, 15 ],[ 30, 4 ]);
GROU(31,30,[ 0, 2, 5, 6, 10, 30 ],[ 30, 4 ]);
GROU(31,30,[ 0, 2, 5, 5, 15, 30 ],[ 30, 4 ]);
GROU(31,30,[ 0, 2, 3, 15, 15, 30 ],[ 30, 4 ]);
GROU(31,30,[ 0, 2, 3, 10, 30, 30 ],[ 30, 4 ]);
GROU(31,30,[ 0, 2, 2, 3, 3, 6, 6 ],[ 30, 2 ]);
GROU(31,30,[ 0, 2, 2, 2, 6, 6, 6 ],[ 30, 2 ]);
GROU(31,30,[ 0, 2, 2, 2, 5, 5, 10 ],[ 30, 1 ]);
GROU(31,30,[ 0, 2, 2, 2, 3, 10, 15 ],[ 30, 1 ]);
GROU(31,30,[ 0, 2, 2, 2, 3, 10, 15 ],[ 30, 4 ]);
GROU(31,30,[ 0, 2, 2, 2, 2, 3, 3, 3 ],[ 30, 2 ]);
GROU(31,30,[ 0, 2, 2, 2, 2, 3, 3, 3 ],[ 30, 3 ]);
GROU(31,30,[ 0, 2, 2, 2, 2, 2, 3, 6 ],[ 30, 2 ]);
GROU(31,30,[ 0, 2, 2, 2, 2, 2, 2, 2, 2 ],[ 30, 3 ]);
GROU(31,32,[ 0, 32, 32, 32, 32 ],[ 32, 1 ]);
GROU(31,32,[ 0, 4, 4, 4, 4, 8 ],[ 32, 10 ]);
GROU(31,32,[ 0, 4, 4, 4, 4, 8 ],[ 32, 11 ]);
GROU(31,32,[ 0, 4, 4, 4, 4, 8 ],[ 32, 13 ]);
GROU(31,32,[ 0, 4, 4, 4, 4, 8 ],[ 32, 14 ]);
GROU(31,32,[ 0, 4, 4, 4, 4, 8 ],[ 32, 20 ]);
GROU(31,32,[ 0, 4, 4, 4, 4, 8 ],[ 32, 41 ]);
GROU(31,32,[ 0, 4, 4, 4, 4, 8 ],[ 32, 42 ]);
GROU(31,32,[ 0, 4, 4, 4, 4, 8 ],[ 32, 44 ]);
GROU(31,32,[ 0, 2, 4, 8, 8, 8 ],[ 32, 9 ]);
GROU(31,32,[ 0, 2, 4, 8, 8, 8 ],[ 32, 11 ]);
GROU(31,32,[ 0, 2, 4, 8, 8, 8 ],[ 32, 15 ]);
GROU(31,32,[ 0, 2, 4, 8, 8, 8 ],[ 32, 40 ]);
GROU(31,32,[ 0, 2, 4, 8, 8, 8 ],[ 32, 42 ]);
GROU(31,32,[ 0, 2, 4, 8, 8, 8 ],[ 32, 43 ]);
GROU(31,32,[ 0, 2, 4, 8, 8, 8 ],[ 32, 44 ]);
GROU(31,32,[ 0, 2, 4, 4, 16, 16 ],[ 32, 16 ]);
GROU(31,32,[ 0, 2, 4, 4, 16, 16 ],[ 32, 17 ]);
GROU(31,32,[ 0, 2, 4, 4, 16, 16 ],[ 32, 19 ]);
GROU(31,32,[ 0, 2, 4, 4, 16, 16 ],[ 32, 20 ]);
GROU(31,32,[ 0, 2, 2, 16, 32, 32 ],[ 32, 1 ]);
GROU(31,32,[ 0, 2, 2, 2, 4, 4, 8 ],[ 32, 9 ]);
GROU(31,32,[ 0, 2, 2, 2, 4, 4, 8 ],[ 32, 10 ]);
GROU(31,32,[ 0, 2, 2, 2, 4, 4, 8 ],[ 32, 11 ]);
GROU(31,32,[ 0, 2, 2, 2, 4, 4, 8 ],[ 32, 13 ]);
GROU(31,32,[ 0, 2, 2, 2, 4, 4, 8 ],[ 32, 14 ]);
GROU(31,32,[ 0, 2, 2, 2, 4, 4, 8 ],[ 32, 19 ]);
GROU(31,32,[ 0, 2, 2, 2, 4, 4, 8 ],[ 32, 39 ]);
GROU(31,32,[ 0, 2, 2, 2, 4, 4, 8 ],[ 32, 40 ]);
GROU(31,32,[ 0, 2, 2, 2, 4, 4, 8 ],[ 32, 41 ]);
GROU(31,32,[ 0, 2, 2, 2, 4, 4, 8 ],[ 32, 42 ]);
GROU(31,32,[ 0, 2, 2, 2, 4, 4, 8 ],[ 32, 43 ]);
GROU(31,32,[ 0, 2, 2, 2, 4, 4, 8 ],[ 32, 44 ]);
GROU(31,32,[ 0, 2, 2, 2, 2, 16, 16 ],[ 32, 16 ]);
GROU(31,32,[ 0, 2, 2, 2, 2, 16, 16 ],[ 32, 17 ]);
GROU(31,32,[ 0, 2, 2, 2, 2, 16, 16 ],[ 32, 18 ]);
GROU(31,32,[ 0, 2, 2, 2, 2, 16, 16 ],[ 32, 19 ]);
GROU(31,32,[ 0, 2, 2, 2, 2, 2, 2, 8 ],[ 32, 18 ]);
GROU(31,32,[ 0, 2, 2, 2, 2, 2, 2, 8 ],[ 32, 39 ]);
GROU(31,32,[ 0, 2, 2, 2, 2, 2, 2, 8 ],[ 32, 42 ]);
GROU(31,32,[ 0, 2, 2, 2, 2, 2, 2, 8 ],[ 32, 43 ]);
GROU(31,33,[ 0, 11, 33, 33, 33 ],[ 33, 1 ]);
GROU(31,33,[ 0, 3, 3, 3, 11, 11 ],[ 33, 1 ]);
GROU(31,35,[ 0, 5, 35, 35, 35 ],[ 35, 1 ]);
GROU(31,36,[ 0, 12, 12, 12, 12 ],[ 36, 6 ]);
GROU(31,36,[ 0, 12, 12, 12, 12 ],[ 36, 8 ]);
GROU(31,36,[ 0, 9, 12, 12, 18 ],[ 36, 2 ]);
GROU(31,36,[ 0, 9, 9, 12, 36 ],[ 36, 2 ]);
GROU(31,36,[ 0, 6, 18, 18, 18 ],[ 36, 5 ]);
GROU(31,36,[ 0, 6, 12, 18, 36 ],[ 36, 2 ]);
GROU(31,36,[ 0, 6, 9, 36, 36 ],[ 36, 2 ]);
GROU(31,36,[ 0, 4, 36, 36, 36 ],[ 36, 2 ]);
GROU(31,36,[ 0, 3, 4, 4, 4, 4 ],[ 36, 1 ]);
GROU(31,36,[ 0, 3, 4, 4, 4, 4 ],[ 36, 7 ]);
GROU(31,36,[ 0, 3, 4, 4, 4, 4 ],[ 36, 9 ]);
GROU(31,36,[ 0, 3, 3, 4, 4, 6 ],[ 36, 6 ]);
GROU(31,36,[ 0, 3, 3, 4, 4, 6 ],[ 36, 7 ]);
GROU(31,36,[ 0, 3, 3, 4, 4, 6 ],[ 36, 8 ]);
GROU(31,36,[ 0, 3, 3, 3, 6, 6 ],[ 36, 11 ]);
GROU(31,36,[ 0, 3, 3, 3, 4, 12 ],[ 36, 6 ]);
GROU(31,36,[ 0, 3, 3, 3, 4, 12 ],[ 36, 8 ]);
GROU(31,36,[ 0, 2, 4, 4, 6, 6 ],[ 36, 6 ]);
GROU(31,36,[ 0, 2, 4, 4, 6, 6 ],[ 36, 7 ]);
SIGN(31,36,[ 0, 2, 4, 4, 4, 12 ],"all");
GROU(31,36,[ 0, 2, 3, 6, 6, 6 ],[ 36, 10 ]);
GROU(31,36,[ 0, 2, 3, 6, 6, 6 ],[ 36, 12 ]);
GROU(31,36,[ 0, 2, 3, 6, 6, 6 ],[ 36, 14 ]);
GROU(31,36,[ 0, 2, 3, 4, 6, 12 ],[ 36, 6 ]);
GROU(31,36,[ 0, 2, 3, 4, 6, 12 ],[ 36, 8 ]);
GROU(31,36,[ 0, 2, 3, 3, 12, 12 ],[ 36, 6 ]);
GROU(31,36,[ 0, 2, 3, 3, 12, 12 ],[ 36, 8 ]);
GROU(31,36,[ 0, 2, 2, 9, 9, 9 ],[ 36, 3 ]);
GROU(31,36,[ 0, 2, 2, 6, 12, 12 ],[ 36, 6 ]);
GROU(31,36,[ 0, 2, 2, 6, 12, 12 ],[ 36, 8 ]);
GROU(31,36,[ 0, 2, 2, 6, 9, 18 ],[ 36, 4 ]);
GROU(31,36,[ 0, 2, 2, 6, 9, 18 ],[ 36, 5 ]);
GROU(31,36,[ 0, 2, 2, 4, 18, 36 ],[ 36, 2 ]);
GROU(31,36,[ 0, 2, 2, 3, 3, 3, 3 ],[ 36, 11 ]);
GROU(31,36,[ 0, 2, 2, 2, 3, 4, 4 ],[ 36, 9 ]);
GROU(31,36,[ 0, 2, 2, 2, 3, 3, 6 ],[ 36, 10 ]);
GROU(31,36,[ 0, 2, 2, 2, 3, 3, 6 ],[ 36, 11 ]);
GROU(31,36,[ 0, 2, 2, 2, 3, 3, 6 ],[ 36, 12 ]);
GROU(31,36,[ 0, 2, 2, 2, 3, 3, 6 ],[ 36, 13 ]);
GROU(31,36,[ 0, 2, 2, 2, 3, 3, 6 ],[ 36, 14 ]);
GROU(31,36,[ 0, 2, 2, 2, 2, 6, 6 ],[ 36, 4 ]);
GROU(31,36,[ 0, 2, 2, 2, 2, 6, 6 ],[ 36, 10 ]);
GROU(31,36,[ 0, 2, 2, 2, 2, 6, 6 ],[ 36, 12 ]);
GROU(31,36,[ 0, 2, 2, 2, 2, 6, 6 ],[ 36, 13 ]);
SIGN(31,36,[ 0, 2, 2, 2, 2, 4, 12 ],"all");
GROU(31,36,[ 0, 2, 2, 2, 2, 2, 2, 3 ],[ 36, 4 ]);
GROU(31,36,[ 0, 2, 2, 2, 2, 2, 2, 3 ],[ 36, 10 ]);
GROU(31,36,[ 0, 2, 2, 2, 2, 2, 2, 3 ],[ 36, 13 ]);
GROU(31,39,[ 0, 3, 13, 39, 39 ],[ 39, 2 ]);
GROU(31,40,[ 0, 8, 8, 8, 8 ],[ 40, 1 ]);
GROU(31,40,[ 0, 8, 8, 8, 8 ],[ 40, 3 ]);
GROU(31,40,[ 0, 5, 8, 8, 20 ],[ 40, 1 ]);
GROU(31,40,[ 0, 5, 8, 8, 20 ],[ 40, 2 ]);
GROU(31,40,[ 0, 4, 10, 10, 20 ],[ 40, 9 ]);
GROU(31,40,[ 0, 4, 10, 10, 20 ],[ 40, 10 ]);
GROU(31,40,[ 0, 4, 8, 10, 40 ],[ 40, 2 ]);
GROU(31,40,[ 0, 4, 5, 40, 40 ],[ 40, 2 ]);
GROU(31,40,[ 0, 2, 4, 4, 4, 4 ],[ 40, 4 ]);
GROU(31,40,[ 0, 2, 4, 4, 4, 4 ],[ 40, 5 ]);
GROU(31,40,[ 0, 2, 4, 4, 4, 4 ],[ 40, 7 ]);
GROU(31,40,[ 0, 2, 4, 4, 4, 4 ],[ 40, 12 ]);
GROU(31,40,[ 0, 2, 2, 4, 8, 8 ],[ 40, 3 ]);
GROU(31,40,[ 0, 2, 2, 4, 5, 20 ],[ 40, 5 ]);
GROU(31,40,[ 0, 2, 2, 4, 5, 20 ],[ 40, 6 ]);
GROU(31,40,[ 0, 2, 2, 4, 5, 20 ],[ 40, 9 ]);
GROU(31,40,[ 0, 2, 2, 4, 5, 20 ],[ 40, 10 ]);
GROU(31,40,[ 0, 2, 2, 2, 2, 4, 4 ],[ 40, 5 ]);
GROU(31,40,[ 0, 2, 2, 2, 2, 4, 4 ],[ 40, 6 ]);
GROU(31,40,[ 0, 2, 2, 2, 2, 4, 4 ],[ 40, 8 ]);
GROU(31,40,[ 0, 2, 2, 2, 2, 4, 4 ],[ 40, 12 ]);
GROU(31,40,[ 0, 2, 2, 2, 2, 2, 2, 2 ],[ 40, 6 ]);
GROU(31,40,[ 0, 2, 2, 2, 2, 2, 2, 2 ],[ 40, 8 ]);
GROU(31,40,[ 0, 2, 2, 2, 2, 2, 2, 2 ],[ 40, 13 ]);
GROU(31,42,[ 0, 6, 6, 6, 14 ],[ 42, 2 ]);
GROU(31,42,[ 0, 3, 7, 14, 42 ],[ 42, 6 ]);
GROU(31,42,[ 0, 3, 6, 21, 42 ],[ 42, 6 ]);
GROU(31,42,[ 0, 2, 42, 42, 42 ],[ 42, 6 ]);
GROU(31,42,[ 0, 2, 3, 3, 3, 14 ],[ 42, 2 ]);
GROU(31,42,[ 0, 2, 2, 3, 6, 14 ],[ 42, 2 ]);
GROU(31,42,[ 0, 2, 2, 2, 21, 42 ],[ 42, 6 ]);
SIGN(31,42,[ 0, 2, 2, 2, 2, 2, 14 ],"all");
GROU(31,44,[ 0, 4, 4, 11, 22 ],[ 44, 1 ]);
GROU(31,44,[ 0, 4, 4, 11, 22 ],[ 44, 2 ]);
GROU(31,44,[ 0, 2, 22, 22, 22 ],[ 44, 4 ]);
GROU(31,44,[ 0, 2, 11, 44, 44 ],[ 44, 2 ]);
GROU(31,44,[ 0, 2, 2, 2, 11, 22 ],[ 44, 3 ]);
GROU(31,44,[ 0, 2, 2, 2, 11, 22 ],[ 44, 4 ]);
GROU(31,45,[ 0, 3, 5, 15, 15 ],[ 45, 2 ]);
GROU(31,45,[ 0, 3, 5, 9, 45 ],[ 45, 1 ]);
GROU(31,48,[ 0, 4, 6, 6, 6 ],[ 48, 32 ]);
GROU(31,48,[ 0, 4, 6, 6, 6 ],[ 48, 45 ]);
GROU(31,48,[ 0, 4, 6, 6, 6 ],[ 48, 47 ]);
GROU(31,48,[ 0, 4, 4, 8, 8 ],[ 48, 4 ]);
GROU(31,48,[ 0, 4, 4, 8, 8 ],[ 48, 5 ]);
GROU(31,48,[ 0, 4, 4, 8, 8 ],[ 48, 16 ]);
GROU(31,48,[ 0, 4, 4, 8, 8 ],[ 48, 18 ]);
GROU(31,48,[ 0, 4, 4, 8, 8 ],[ 48, 28 ]);
GROU(31,48,[ 0, 4, 4, 6, 12 ],[ 48, 11 ]);
GROU(31,48,[ 0, 4, 4, 6, 12 ],[ 48, 12 ]);
GROU(31,48,[ 0, 4, 4, 6, 12 ],[ 48, 13 ]);
GROU(31,48,[ 0, 4, 4, 6, 12 ],[ 48, 20 ]);
GROU(31,48,[ 0, 4, 4, 6, 12 ],[ 48, 22 ]);
GROU(31,48,[ 0, 4, 4, 6, 12 ],[ 48, 33 ]);
GROU(31,48,[ 0, 4, 4, 6, 12 ],[ 48, 34 ]);
GROU(31,48,[ 0, 4, 4, 6, 12 ],[ 48, 37 ]);
GROU(31,48,[ 0, 4, 4, 6, 12 ],[ 48, 39 ]);
GROU(31,48,[ 0, 4, 4, 6, 12 ],[ 48, 46 ]);
GROU(31,48,[ 0, 4, 4, 6, 12 ],[ 48, 47 ]);
GROU(31,48,[ 0, 3, 6, 8, 8 ],[ 48, 9 ]);
GROU(31,48,[ 0, 3, 6, 8, 8 ],[ 48, 10 ]);
GROU(31,48,[ 0, 3, 6, 8, 8 ],[ 48, 23 ]);
GROU(31,48,[ 0, 3, 6, 8, 8 ],[ 48, 24 ]);
GROU(31,48,[ 0, 3, 6, 8, 8 ],[ 48, 28 ]);
GROU(31,48,[ 0, 3, 6, 8, 8 ],[ 48, 29 ]);
SIGN(31,48,[ 0, 3, 6, 6, 12 ],"all");
GROU(31,48,[ 0, 3, 4, 12, 12 ],[ 48, 20 ]);
GROU(31,48,[ 0, 3, 4, 12, 12 ],[ 48, 22 ]);
GROU(31,48,[ 0, 3, 4, 12, 12 ],[ 48, 33 ]);
GROU(31,48,[ 0, 3, 4, 8, 24 ],[ 48, 4 ]);
GROU(31,48,[ 0, 3, 4, 8, 24 ],[ 48, 5 ]);
GROU(31,48,[ 0, 3, 4, 8, 24 ],[ 48, 23 ]);
GROU(31,48,[ 0, 3, 4, 8, 24 ],[ 48, 24 ]);
GROU(31,48,[ 0, 3, 3, 16, 48 ],[ 48, 2 ]);
GROU(31,48,[ 0, 2, 12, 12, 12 ],[ 48, 20 ]);
GROU(31,48,[ 0, 2, 12, 12, 12 ],[ 48, 22 ]);
GROU(31,48,[ 0, 2, 12, 12, 12 ],[ 48, 33 ]);
GROU(31,48,[ 0, 2, 12, 12, 12 ],[ 48, 46 ]);
GROU(31,48,[ 0, 2, 12, 12, 12 ],[ 48, 47 ]);
SIGN(31,48,[ 0, 2, 8, 16, 16 ],"all");
GROU(31,48,[ 0, 2, 8, 12, 24 ],[ 48, 4 ]);
GROU(31,48,[ 0, 2, 8, 12, 24 ],[ 48, 5 ]);
GROU(31,48,[ 0, 2, 8, 12, 24 ],[ 48, 23 ]);
GROU(31,48,[ 0, 2, 8, 12, 24 ],[ 48, 24 ]);
GROU(31,48,[ 0, 2, 6, 24, 24 ],[ 48, 23 ]);
GROU(31,48,[ 0, 2, 6, 24, 24 ],[ 48, 24 ]);
GROU(31,48,[ 0, 2, 6, 24, 24 ],[ 48, 25 ]);
GROU(31,48,[ 0, 2, 6, 24, 24 ],[ 48, 26 ]);
GROU(31,48,[ 0, 2, 6, 16, 48 ],[ 48, 2 ]);
GROU(31,48,[ 0, 2, 3, 3, 3, 4 ],[ 48, 3 ]);
GROU(31,48,[ 0, 2, 3, 3, 3, 4 ],[ 48, 32 ]);
GROU(31,48,[ 0, 2, 3, 3, 3, 4 ],[ 48, 33 ]);
GROU(31,48,[ 0, 2, 2, 4, 4, 4 ],[ 48, 6 ]);
GROU(31,48,[ 0, 2, 2, 4, 4, 4 ],[ 48, 37 ]);
GROU(31,48,[ 0, 2, 2, 4, 4, 4 ],[ 48, 38 ]);
GROU(31,48,[ 0, 2, 2, 4, 4, 4 ],[ 48, 39 ]);
GROU(31,48,[ 0, 2, 2, 4, 4, 4 ],[ 48, 40 ]);
GROU(31,48,[ 0, 2, 2, 4, 4, 4 ],[ 48, 41 ]);
GROU(31,48,[ 0, 2, 2, 4, 4, 4 ],[ 48, 43 ]);
GROU(31,48,[ 0, 2, 2, 4, 4, 4 ],[ 48, 48 ]);
GROU(31,48,[ 0, 2, 2, 3, 4, 6 ],[ 48, 29 ]);
GROU(31,48,[ 0, 2, 2, 3, 4, 6 ],[ 48, 32 ]);
GROU(31,48,[ 0, 2, 2, 3, 4, 6 ],[ 48, 33 ]);
GROU(31,48,[ 0, 2, 2, 3, 4, 6 ],[ 48, 36 ]);
GROU(31,48,[ 0, 2, 2, 3, 4, 6 ],[ 48, 37 ]);
GROU(31,48,[ 0, 2, 2, 3, 4, 6 ],[ 48, 38 ]);
GROU(31,48,[ 0, 2, 2, 3, 4, 6 ],[ 48, 39 ]);
GROU(31,48,[ 0, 2, 2, 3, 4, 6 ],[ 48, 43 ]);
GROU(31,48,[ 0, 2, 2, 3, 4, 6 ],[ 48, 45 ]);
GROU(31,48,[ 0, 2, 2, 3, 4, 6 ],[ 48, 47 ]);
GROU(31,48,[ 0, 2, 2, 3, 4, 6 ],[ 48, 48 ]);
GROU(31,48,[ 0, 2, 2, 3, 3, 12 ],[ 48, 33 ]);
GROU(31,48,[ 0, 2, 2, 2, 8, 8 ],[ 48, 4 ]);
GROU(31,48,[ 0, 2, 2, 2, 8, 8 ],[ 48, 5 ]);
GROU(31,48,[ 0, 2, 2, 2, 8, 8 ],[ 48, 15 ]);
GROU(31,48,[ 0, 2, 2, 2, 8, 8 ],[ 48, 17 ]);
GROU(31,48,[ 0, 2, 2, 2, 8, 8 ],[ 48, 29 ]);
GROU(31,48,[ 0, 2, 2, 2, 6, 12 ],[ 48, 15 ]);
GROU(31,48,[ 0, 2, 2, 2, 6, 12 ],[ 48, 25 ]);
GROU(31,48,[ 0, 2, 2, 2, 6, 12 ],[ 48, 33 ]);
GROU(31,48,[ 0, 2, 2, 2, 6, 12 ],[ 48, 36 ]);
GROU(31,48,[ 0, 2, 2, 2, 6, 12 ],[ 48, 37 ]);
GROU(31,48,[ 0, 2, 2, 2, 6, 12 ],[ 48, 38 ]);
GROU(31,48,[ 0, 2, 2, 2, 6, 12 ],[ 48, 39 ]);
GROU(31,48,[ 0, 2, 2, 2, 6, 12 ],[ 48, 45 ]);
GROU(31,48,[ 0, 2, 2, 2, 6, 12 ],[ 48, 47 ]);
GROU(31,48,[ 0, 2, 2, 2, 2, 2, 4 ],[ 48, 7 ]);
GROU(31,48,[ 0, 2, 2, 2, 2, 2, 4 ],[ 48, 29 ]);
GROU(31,48,[ 0, 2, 2, 2, 2, 2, 4 ],[ 48, 36 ]);
GROU(31,48,[ 0, 2, 2, 2, 2, 2, 4 ],[ 48, 37 ]);
GROU(31,48,[ 0, 2, 2, 2, 2, 2, 4 ],[ 48, 38 ]);
GROU(31,48,[ 0, 2, 2, 2, 2, 2, 4 ],[ 48, 39 ]);
GROU(31,48,[ 0, 2, 2, 2, 2, 2, 4 ],[ 48, 41 ]);
GROU(31,48,[ 0, 2, 2, 2, 2, 2, 4 ],[ 48, 43 ]);
GROU(31,48,[ 0, 2, 2, 2, 2, 2, 4 ],[ 48, 48 ]);
GROU(31,50,[ 0, 2, 10, 10, 10 ],[ 50, 3 ]);
GROU(31,50,[ 0, 2, 10, 10, 10 ],[ 50, 5 ]);
GROU(31,50,[ 0, 2, 2, 2, 5, 10 ],[ 50, 3 ]);
GROU(31,52,[ 0, 2, 4, 13, 52 ],[ 52, 2 ]);
SIGN(31,54,[ 0, 3, 3, 6, 18 ],"all");
GROU(31,54,[ 0, 2, 6, 9, 9 ],[ 54, 3 ]);
GROU(31,54,[ 0, 2, 6, 9, 9 ],[ 54, 4 ]);
GROU(31,54,[ 0, 2, 6, 9, 9 ],[ 54, 6 ]);
GROU(31,54,[ 0, 2, 6, 9, 9 ],[ 54, 9 ]);
GROU(31,54,[ 0, 2, 6, 9, 9 ],[ 54, 11 ]);
SIGN(31,54,[ 0, 2, 6, 6, 18 ],"all");
GROU(31,54,[ 0, 2, 3, 27, 54 ],[ 54, 2 ]);
SIGN(31,54,[ 0, 2, 2, 2, 3, 18 ],"all");
GROU(31,56,[ 0, 2, 7, 7, 7 ],[ 56, 11 ]);
GROU(31,56,[ 0, 2, 4, 7, 28 ],[ 56, 4 ]);
GROU(31,56,[ 0, 2, 4, 7, 28 ],[ 56, 8 ]);
GROU(31,60,[ 0, 4, 4, 4, 4 ],[ 60, 3 ]);
GROU(31,60,[ 0, 4, 4, 4, 4 ],[ 60, 7 ]);
GROU(31,60,[ 0, 3, 4, 4, 6 ],[ 60, 6 ]);
GROU(31,60,[ 0, 3, 4, 4, 6 ],[ 60, 7 ]);
SIGN(31,60,[ 0, 3, 3, 6, 6 ],"nonsolvable");
SIGN(31,60,[ 0, 3, 3, 4, 12 ],"nonsolvable");
GROU(31,60,[ 0, 2, 6, 6, 6 ],[ 60, 10 ]);
SIGN(31,60,[ 0, 2, 5, 5, 10 ],"nonsolvable");
GROU(31,60,[ 0, 2, 4, 6, 12 ],[ 60, 6 ]);
SIGN(31,60,[ 0, 2, 4, 5, 20 ],"nonsolvable");
GROU(31,60,[ 0, 2, 3, 12, 12 ],[ 60, 6 ]);
GROU(31,60,[ 0, 2, 3, 10, 15 ],[ 60, 9 ]);
GROU(31,60,[ 0, 2, 2, 3, 3, 3 ],[ 60, 5 ]);
SIGN(31,60,[ 0, 2, 2, 2, 4, 4 ],"all");
GROU(31,60,[ 0, 2, 2, 2, 3, 6 ],[ 60, 8 ]);
GROU(31,60,[ 0, 2, 2, 2, 3, 6 ],[ 60, 10 ]);
GROU(31,60,[ 0, 2, 2, 2, 2, 2, 2 ],[ 60, 5 ]);
GROU(31,60,[ 0, 2, 2, 2, 2, 2, 2 ],[ 60, 8 ]);
GROU(31,60,[ 0, 2, 2, 2, 2, 2, 2 ],[ 60, 12 ]);
GROU(31,62,[ 0, 2, 2, 62, 62 ],[ 62, 2 ]);
GROU(31,62,[ 0, 2, 2, 2, 2, 31 ],[ 62, 1 ]);
GROU(31,63,[ 0, 63, 63, 63 ],[ 63, 2 ]);
GROU(31,63,[ 0, 3, 3, 3, 21 ],[ 63, 3 ]);
GROU(31,64,[ 0, 32, 64, 64 ],[ 64, 1 ]);
GROU(31,64,[ 0, 2, 4, 4, 16 ],[ 64, 38 ]);
GROU(31,64,[ 0, 2, 4, 4, 16 ],[ 64, 39 ]);
GROU(31,64,[ 0, 2, 4, 4, 16 ],[ 64, 41 ]);
GROU(31,64,[ 0, 2, 4, 4, 16 ],[ 64, 47 ]);
GROU(31,64,[ 0, 2, 4, 4, 16 ],[ 64, 48 ]);
GROU(31,64,[ 0, 2, 4, 4, 16 ],[ 64, 187 ]);
GROU(31,64,[ 0, 2, 4, 4, 16 ],[ 64, 188 ]);
GROU(31,64,[ 0, 2, 4, 4, 16 ],[ 64, 189 ]);
GROU(31,64,[ 0, 2, 4, 4, 16 ],[ 64, 190 ]);
GROU(31,64,[ 0, 2, 4, 4, 16 ],[ 64, 191 ]);
GROU(31,64,[ 0, 2, 2, 32, 32 ],[ 64, 50 ]);
GROU(31,64,[ 0, 2, 2, 32, 32 ],[ 64, 51 ]);
GROU(31,64,[ 0, 2, 2, 32, 32 ],[ 64, 52 ]);
GROU(31,64,[ 0, 2, 2, 32, 32 ],[ 64, 53 ]);
GROU(31,64,[ 0, 2, 2, 2, 2, 16 ],[ 64, 52 ]);
GROU(31,64,[ 0, 2, 2, 2, 2, 16 ],[ 64, 186 ]);
GROU(31,64,[ 0, 2, 2, 2, 2, 16 ],[ 64, 189 ]);
GROU(31,64,[ 0, 2, 2, 2, 2, 16 ],[ 64, 190 ]);
GROU(31,66,[ 0, 22, 33, 66 ],[ 66, 4 ]);
GROU(31,66,[ 0, 2, 3, 6, 11 ],[ 66, 2 ]);
GROU(31,66,[ 0, 2, 2, 22, 22 ],[ 66, 1 ]);
GROU(31,66,[ 0, 2, 2, 2, 2, 11 ],[ 66, 3 ]);
GROU(31,70,[ 0, 10, 35, 70 ],[ 70, 4 ]);
GROU(31,70,[ 0, 2, 2, 14, 14 ],[ 70, 1 ]);
GROU(31,70,[ 0, 2, 2, 2, 2, 7 ],[ 70, 3 ]);
GROU(31,72,[ 0, 18, 18, 18 ],[ 72, 3 ]);
GROU(31,72,[ 0, 12, 24, 24 ],[ 72, 12 ]);
GROU(31,72,[ 0, 12, 24, 24 ],[ 72, 14 ]);
GROU(31,72,[ 0, 12, 18, 36 ],[ 72, 9 ]);
GROU(31,72,[ 0, 9, 24, 72 ],[ 72, 2 ]);
GROU(31,72,[ 0, 8, 36, 72 ],[ 72, 2 ]);
GROU(31,72,[ 0, 3, 3, 4, 4 ],[ 72, 42 ]);
GROU(31,72,[ 0, 3, 3, 4, 4 ],[ 72, 43 ]);
GROU(31,72,[ 0, 3, 3, 3, 6 ],[ 72, 25 ]);
GROU(31,72,[ 0, 2, 4, 4, 6 ],[ 72, 20 ]);
GROU(31,72,[ 0, 2, 4, 4, 6 ],[ 72, 21 ]);
GROU(31,72,[ 0, 2, 4, 4, 6 ],[ 72, 22 ]);
GROU(31,72,[ 0, 2, 4, 4, 6 ],[ 72, 40 ]);
GROU(31,72,[ 0, 2, 4, 4, 6 ],[ 72, 45 ]);
GROU(31,72,[ 0, 2, 3, 6, 6 ],[ 72, 25 ]);
GROU(31,72,[ 0, 2, 3, 6, 6 ],[ 72, 42 ]);
GROU(31,72,[ 0, 2, 3, 6, 6 ],[ 72, 44 ]);
GROU(31,72,[ 0, 2, 3, 6, 6 ],[ 72, 47 ]);
GROU(31,72,[ 0, 2, 3, 4, 12 ],[ 72, 20 ]);
GROU(31,72,[ 0, 2, 3, 4, 12 ],[ 72, 21 ]);
GROU(31,72,[ 0, 2, 3, 4, 12 ],[ 72, 27 ]);
GROU(31,72,[ 0, 2, 3, 4, 12 ],[ 72, 29 ]);
GROU(31,72,[ 0, 2, 3, 4, 12 ],[ 72, 32 ]);
GROU(31,72,[ 0, 2, 3, 4, 12 ],[ 72, 42 ]);
GROU(31,72,[ 0, 2, 2, 12, 12 ],[ 72, 21 ]);
GROU(31,72,[ 0, 2, 2, 12, 12 ],[ 72, 23 ]);
GROU(31,72,[ 0, 2, 2, 12, 12 ],[ 72, 27 ]);
GROU(31,72,[ 0, 2, 2, 12, 12 ],[ 72, 28 ]);
GROU(31,72,[ 0, 2, 2, 12, 12 ],[ 72, 30 ]);
GROU(31,72,[ 0, 2, 2, 12, 12 ],[ 72, 32 ]);
GROU(31,72,[ 0, 2, 2, 12, 12 ],[ 72, 33 ]);
GROU(31,72,[ 0, 2, 2, 12, 12 ],[ 72, 42 ]);
GROU(31,72,[ 0, 2, 2, 9, 18 ],[ 72, 16 ]);
SIGN(31,72,[ 0, 2, 2, 8, 24 ],"all");
GROU(31,72,[ 0, 2, 2, 2, 3, 3 ],[ 72, 42 ]);
GROU(31,72,[ 0, 2, 2, 2, 3, 3 ],[ 72, 43 ]);
GROU(31,72,[ 0, 2, 2, 2, 3, 3 ],[ 72, 44 ]);
GROU(31,72,[ 0, 2, 2, 2, 2, 6 ],[ 72, 6 ]);
GROU(31,72,[ 0, 2, 2, 2, 2, 6 ],[ 72, 15 ]);
GROU(31,72,[ 0, 2, 2, 2, 2, 6 ],[ 72, 17 ]);
GROU(31,72,[ 0, 2, 2, 2, 2, 6 ],[ 72, 22 ]);
GROU(31,72,[ 0, 2, 2, 2, 2, 6 ],[ 72, 23 ]);
GROU(31,72,[ 0, 2, 2, 2, 2, 6 ],[ 72, 33 ]);
GROU(31,72,[ 0, 2, 2, 2, 2, 6 ],[ 72, 40 ]);
GROU(31,72,[ 0, 2, 2, 2, 2, 6 ],[ 72, 43 ]);
GROU(31,72,[ 0, 2, 2, 2, 2, 6 ],[ 72, 46 ]);
GROU(31,72,[ 0, 2, 2, 2, 2, 6 ],[ 72, 49 ]);
GROU(31,75,[ 0, 15, 15, 15 ],[ 75, 3 ]);
GROU(31,75,[ 0, 3, 3, 3, 5 ],[ 75, 2 ]);
GROU(31,78,[ 0, 6, 26, 39 ],[ 78, 6 ]);
SIGN(31,80,[ 0, 10, 10, 20 ],"all");
GROU(31,80,[ 0, 8, 16, 16 ],[ 80, 3 ]);
GROU(31,80,[ 0, 8, 10, 40 ],[ 80, 23 ]);
GROU(31,80,[ 0, 8, 10, 40 ],[ 80, 24 ]);
GROU(31,80,[ 0, 2, 4, 4, 4 ],[ 80, 30 ]);
GROU(31,80,[ 0, 2, 4, 4, 4 ],[ 80, 31 ]);
GROU(31,80,[ 0, 2, 4, 4, 4 ],[ 80, 40 ]);
GROU(31,80,[ 0, 2, 4, 4, 4 ],[ 80, 41 ]);
GROU(31,80,[ 0, 2, 2, 8, 8 ],[ 80, 4 ]);
GROU(31,80,[ 0, 2, 2, 8, 8 ],[ 80, 5 ]);
GROU(31,80,[ 0, 2, 2, 8, 8 ],[ 80, 15 ]);
GROU(31,80,[ 0, 2, 2, 8, 8 ],[ 80, 17 ]);
GROU(31,80,[ 0, 2, 2, 8, 8 ],[ 80, 28 ]);
GROU(31,80,[ 0, 2, 2, 8, 8 ],[ 80, 29 ]);
SIGN(31,80,[ 0, 2, 2, 5, 20 ],"all");
GROU(31,80,[ 0, 2, 2, 2, 2, 4 ],[ 80, 7 ]);
GROU(31,80,[ 0, 2, 2, 2, 2, 4 ],[ 80, 37 ]);
GROU(31,80,[ 0, 2, 2, 2, 2, 4 ],[ 80, 38 ]);
GROU(31,80,[ 0, 2, 2, 2, 2, 4 ],[ 80, 39 ]);
GROU(31,80,[ 0, 2, 2, 2, 2, 4 ],[ 80, 42 ]);
GROU(31,80,[ 0, 2, 2, 2, 2, 4 ],[ 80, 44 ]);
SIGN(31,81,[ 0, 9, 9, 27 ],"all");
SIGN(31,84,[ 0, 6, 14, 21 ],"all");
GROU(31,84,[ 0, 6, 12, 28 ],[ 84, 2 ]);
GROU(31,84,[ 0, 4, 42, 84 ],[ 84, 6 ]);
SIGN(31,84,[ 0, 2, 2, 4, 28 ],"all");
GROU(31,88,[ 0, 4, 22, 44 ],[ 88, 8 ]);
GROU(31,90,[ 0, 6, 10, 15 ],[ 90, 6 ]);
GROU(31,90,[ 0, 2, 2, 6, 6 ],[ 90, 7 ]);
GROU(31,90,[ 0, 2, 2, 2, 2, 3 ],[ 90, 3 ]);
GROU(31,90,[ 0, 2, 2, 2, 2, 3 ],[ 90, 9 ]);
GROU(31,93,[ 0, 3, 93, 93 ],[ 93, 2 ]);
GROU(31,96,[ 0, 6, 8, 12 ],[ 96, 52 ]);
GROU(31,96,[ 0, 6, 8, 12 ],[ 96, 54 ]);
SIGN(31,96,[ 0, 6, 6, 24 ],"all");
GROU(31,96,[ 0, 4, 12, 24 ],[ 96, 53 ]);
GROU(31,96,[ 0, 4, 12, 24 ],[ 96, 54 ]);
GROU(31,96,[ 0, 4, 12, 24 ],[ 96, 56 ]);
GROU(31,96,[ 0, 4, 12, 24 ],[ 96, 57 ]);
GROU(31,96,[ 0, 3, 32, 96 ],[ 96, 2 ]);
GROU(31,96,[ 0, 2, 2, 4, 8 ],[ 96, 64 ]);
GROU(31,96,[ 0, 2, 2, 4, 8 ],[ 96, 117 ]);
GROU(31,96,[ 0, 2, 2, 4, 8 ],[ 96, 118 ]);
GROU(31,96,[ 0, 2, 2, 4, 8 ],[ 96, 120 ]);
GROU(31,96,[ 0, 2, 2, 4, 8 ],[ 96, 121 ]);
GROU(31,96,[ 0, 2, 2, 4, 8 ],[ 96, 123 ]);
GROU(31,96,[ 0, 2, 2, 4, 8 ],[ 96, 125 ]);
GROU(31,96,[ 0, 2, 2, 4, 8 ],[ 96, 126 ]);
GROU(31,96,[ 0, 2, 2, 4, 8 ],[ 96, 190 ]);
GROU(31,96,[ 0, 2, 2, 4, 8 ],[ 96, 192 ]);
SIGN(31,96,[ 0, 2, 2, 3, 24 ],"all");
GROU(31,99,[ 0, 3, 33, 33 ],[ 99, 2 ]);
GROU(31,100,[ 0, 4, 10, 20 ],[ 100, 6 ]);
GROU(31,100,[ 0, 4, 10, 20 ],[ 100, 9 ]);
GROU(31,105,[ 0, 3, 15, 35 ],[ 105, 1 ]);
SIGN(31,108,[ 0, 6, 6, 9 ],"all");
GROU(31,108,[ 0, 4, 9, 12 ],[ 108, 6 ]);
GROU(31,108,[ 0, 4, 9, 12 ],[ 108, 9 ]);
SIGN(31,108,[ 0, 4, 6, 36 ],"all");
SIGN(31,108,[ 0, 3, 18, 18 ],"all");
SIGN(31,108,[ 0, 3, 12, 36 ],"all");
SIGN(31,108,[ 0, 2, 2, 3, 9 ],"all");
SIGN(31,112,[ 0, 4, 7, 14 ],"all");
SIGN(31,120,[ 0, 6, 6, 6 ],"nonsolvable");
GROU(31,120,[ 0, 5, 5, 10 ],[ 120, 5 ]);
SIGN(31,120,[ 0, 4, 8, 8 ],"nonsolvable");
GROU(31,120,[ 0, 4, 6, 12 ],[ 120, 40 ]);
SIGN(31,120,[ 0, 4, 5, 20 ],"nonsolvable");
SIGN(31,120,[ 0, 3, 12, 12 ],"nonsolvable");
SIGN(31,120,[ 0, 3, 10, 15 ],"nonsolvable");
SIGN(31,120,[ 0, 3, 8, 24 ],"nonsolvable");
SIGN(31,120,[ 0, 2, 3, 3, 3 ],"nonsolvable");
GROU(31,120,[ 0, 2, 2, 4, 4 ],[ 120, 27 ]);
GROU(31,120,[ 0, 2, 2, 4, 4 ],[ 120, 30 ]);
GROU(31,120,[ 0, 2, 2, 4, 4 ],[ 120, 34 ]);
GROU(31,120,[ 0, 2, 2, 4, 4 ],[ 120, 36 ]);
GROU(31,120,[ 0, 2, 2, 4, 4 ],[ 120, 38 ]);
GROU(31,120,[ 0, 2, 2, 3, 6 ],[ 120, 34 ]);
GROU(31,120,[ 0, 2, 2, 3, 6 ],[ 120, 35 ]);
GROU(31,120,[ 0, 2, 2, 2, 2, 2 ],[ 120, 28 ]);
GROU(31,120,[ 0, 2, 2, 2, 2, 2 ],[ 120, 34 ]);
GROU(31,120,[ 0, 2, 2, 2, 2, 2 ],[ 120, 35 ]);
GROU(31,120,[ 0, 2, 2, 2, 2, 2 ],[ 120, 38 ]);
GROU(31,120,[ 0, 2, 2, 2, 2, 2 ],[ 120, 42 ]);
GROU(31,120,[ 0, 2, 2, 2, 2, 2 ],[ 120, 46 ]);
GROU(31,124,[ 0, 4, 4, 62 ],[ 124, 1 ]);
GROU(31,124,[ 0, 2, 124, 124 ],[ 124, 2 ]);
GROU(31,124,[ 0, 2, 2, 2, 62 ],[ 124, 3 ]);
GROU(31,126,[ 0, 3, 6, 42 ],[ 126, 10 ]);
GROU(31,126,[ 0, 2, 63, 126 ],[ 126, 6 ]);
GROU(31,128,[ 0, 4, 4, 32 ],[ 128, 148 ]);
GROU(31,128,[ 0, 4, 4, 32 ],[ 128, 150 ]);
GROU(31,128,[ 0, 4, 4, 32 ],[ 128, 155 ]);
GROU(31,128,[ 0, 4, 4, 32 ],[ 128, 156 ]);
GROU(31,128,[ 0, 2, 64, 64 ],[ 128, 159 ]);
GROU(31,128,[ 0, 2, 64, 64 ],[ 128, 160 ]);
GROU(31,128,[ 0, 2, 2, 2, 32 ],[ 128, 991 ]);
GROU(31,128,[ 0, 2, 2, 2, 32 ],[ 128, 994 ]);
GROU(31,128,[ 0, 2, 2, 2, 32 ],[ 128, 995 ]);
GROU(31,132,[ 0, 2, 2, 2, 22 ],[ 132, 5 ]);
GROU(31,140,[ 0, 4, 4, 14 ],[ 140, 6 ]);
GROU(31,140,[ 0, 2, 28, 28 ],[ 140, 5 ]);
GROU(31,140,[ 0, 2, 2, 2, 14 ],[ 140, 7 ]);
GROU(31,144,[ 0, 4, 6, 6 ],[ 144, 128 ]);
GROU(31,144,[ 0, 4, 6, 6 ],[ 144, 183 ]);
GROU(31,144,[ 0, 4, 6, 6 ],[ 144, 188 ]);
GROU(31,144,[ 0, 4, 4, 12 ],[ 144, 116 ]);
GROU(31,144,[ 0, 4, 4, 12 ],[ 144, 132 ]);
GROU(31,144,[ 0, 4, 4, 12 ],[ 144, 133 ]);
SIGN(31,144,[ 0, 3, 8, 8 ],"all");
GROU(31,144,[ 0, 3, 6, 12 ],[ 144, 156 ]);
GROU(31,144,[ 0, 3, 6, 12 ],[ 144, 157 ]);
GROU(31,144,[ 0, 2, 24, 24 ],[ 144, 53 ]);
GROU(31,144,[ 0, 2, 24, 24 ],[ 144, 55 ]);
GROU(31,144,[ 0, 2, 24, 24 ],[ 144, 69 ]);
GROU(31,144,[ 0, 2, 24, 24 ],[ 144, 70 ]);
GROU(31,144,[ 0, 2, 18, 36 ],[ 144, 36 ]);
SIGN(31,144,[ 0, 2, 16, 48 ],"all");
GROU(31,144,[ 0, 2, 2, 3, 4 ],[ 144, 183 ]);
GROU(31,144,[ 0, 2, 2, 2, 12 ],[ 144, 141 ]);
GROU(31,144,[ 0, 2, 2, 2, 12 ],[ 144, 142 ]);
GROU(31,144,[ 0, 2, 2, 2, 12 ],[ 144, 144 ]);
GROU(31,144,[ 0, 2, 2, 2, 12 ],[ 144, 145 ]);
GROU(31,144,[ 0, 2, 2, 2, 12 ],[ 144, 154 ]);
GROU(31,144,[ 0, 2, 2, 2, 12 ],[ 144, 183 ]);
GROU(31,150,[ 0, 3, 6, 10 ],[ 150, 7 ]);
GROU(31,150,[ 0, 2, 15, 30 ],[ 150, 8 ]);
GROU(31,150,[ 0, 2, 2, 2, 10 ],[ 150, 5 ]);
GROU(31,160,[ 0, 4, 4, 8 ],[ 160, 68 ]);
GROU(31,160,[ 0, 4, 4, 8 ],[ 160, 69 ]);
GROU(31,160,[ 0, 4, 4, 8 ],[ 160, 83 ]);
GROU(31,160,[ 0, 4, 4, 8 ],[ 160, 84 ]);
GROU(31,160,[ 0, 2, 16, 16 ],[ 160, 64 ]);
GROU(31,160,[ 0, 2, 16, 16 ],[ 160, 65 ]);
SIGN(31,160,[ 0, 2, 10, 40 ],"all");
GROU(31,160,[ 0, 2, 2, 2, 8 ],[ 160, 131 ]);
GROU(31,160,[ 0, 2, 2, 2, 8 ],[ 160, 135 ]);
GROU(31,160,[ 0, 2, 2, 2, 8 ],[ 160, 140 ]);
SIGN(31,162,[ 0, 2, 9, 54 ],"all");
GROU(31,168,[ 0, 4, 4, 7 ],[ 168, 42 ]);
GROU(31,168,[ 0, 3, 6, 7 ],[ 168, 43 ]);
SIGN(31,168,[ 0, 2, 14, 14 ],"nonsolvable");
GROU(31,168,[ 0, 2, 2, 2, 7 ],[ 168, 42 ]);
SIGN(31,180,[ 0, 4, 4, 6 ],"all");
SIGN(31,180,[ 0, 3, 6, 6 ],"nonsolvable");
SIGN(31,180,[ 0, 3, 4, 12 ],"nonsolvable");
SIGN(31,180,[ 0, 2, 12, 12 ],"all");
SIGN(31,180,[ 0, 2, 10, 15 ],"nonsolvable");
SIGN(31,180,[ 0, 2, 9, 18 ],"nonsolvable");
GROU(31,180,[ 0, 2, 2, 3, 3 ],[ 180, 19 ]);
GROU(31,180,[ 0, 2, 2, 2, 6 ],[ 180, 29 ]);
GROU(31,186,[ 0, 2, 6, 93 ],[ 186, 4 ]);
SIGN(31,189,[ 0, 3, 3, 63 ],"all");
SIGN(31,192,[ 0, 3, 3, 48 ],"all");
SIGN(31,192,[ 0, 2, 6, 48 ],"all");
GROU(31,198,[ 0, 2, 6, 33 ],[ 198, 7 ]);
SIGN(31,216,[ 0, 3, 3, 18 ],"all");
SIGN(31,216,[ 0, 2, 9, 9 ],"all");
SIGN(31,216,[ 0, 2, 6, 18 ],"all");
GROU(31,225,[ 0, 3, 3, 15 ],[ 225, 5 ]);
SIGN(31,240,[ 0, 4, 4, 4 ],"nonsolvable");
SIGN(31,240,[ 0, 3, 4, 6 ],"nonsolvable");
SIGN(31,240,[ 0, 3, 3, 12 ],"nonsolvable");
SIGN(31,240,[ 0, 2, 8, 8 ],"nonsolvable");
SIGN(31,240,[ 0, 2, 6, 12 ],"nonsolvable");
GROU(31,240,[ 0, 2, 5, 20 ],[ 240, 93 ]);
GROU(31,240,[ 0, 2, 2, 2, 4 ],[ 240, 179 ]);
GROU(31,240,[ 0, 2, 2, 2, 4 ],[ 240, 182 ]);
GROU(31,240,[ 0, 2, 2, 2, 4 ],[ 240, 189 ]);
GROU(31,240,[ 0, 2, 2, 2, 4 ],[ 240, 197 ]);
GROU(31,248,[ 0, 2, 4, 124 ],[ 248, 4 ]);
GROU(31,256,[ 0, 2, 4, 64 ],[ 2, 8, 6, 12089558000809787686817812 ]);
GROU(31,256,[ 0, 2, 4, 64 ],[ 2, 8, 6, 12090203636852367521124372 ]);
GROU(31,280,[ 0, 2, 4, 28 ],[ 280, 32 ]);
SIGN(31,288,[ 0, 2, 6, 8 ],"all");
GROU(31,288,[ 0, 2, 4, 24 ],[ 288, 377 ]);
GROU(31,288,[ 0, 2, 4, 24 ],[ 288, 379 ]);
SIGN(31,300,[ 0, 2, 5, 10 ],"nonsolvable");
SIGN(31,300,[ 0, 2, 4, 20 ],"nonsolvable");
GROU(31,320,[ 0, 2, 4, 16 ],[ 320, 242 ]);
GROU(31,320,[ 0, 2, 4, 16 ],[ 320, 245 ]);
GROU(31,336,[ 0, 2, 4, 14 ],[ 336, 209 ]);
GROU(31,360,[ 0, 3, 4, 4 ],[ 360, 120 ]);
SIGN(31,360,[ 0, 3, 3, 6 ],"nonsolvable");
GROU(31,360,[ 0, 2, 6, 6 ],[ 360, 119 ]);
SIGN(31,360,[ 0, 2, 4, 12 ],"all");
GROU(31,360,[ 0, 2, 2, 2, 3 ],[ 360, 121 ]);
SIGN(31,378,[ 0, 2, 3, 126 ],"all");
SIGN(31,384,[ 0, 2, 3, 96 ],"all");
SIGN(31,420,[ 0, 2, 3, 42 ],"nonsolvable");
SIGN(31,432,[ 0, 2, 4, 9 ],"all");
SIGN(31,432,[ 0, 2, 3, 36 ],"all");
GROU(31,450,[ 0, 2, 3, 30 ],[ 450, 20 ]);
SIGN(31,480,[ 0, 2, 4, 8 ],"nonsolvable");
SIGN(31,480,[ 0, 2, 3, 24 ],"nonsolvable");
GROU(31,504,[ 0, 2, 3, 21 ],[ 504, 157 ]);
SIGN(31,540,[ 0, 2, 3, 18 ],"nonsolvable");
SIGN(31,600,[ 0, 2, 5, 5 ],"nonsolvable");
SIGN(31,720,[ 0, 3, 3, 4 ],"nonsolvable");
GROU(31,720,[ 0, 2, 4, 6 ],[ 720, 767 ]);
SIGN(31,720,[ 0, 2, 3, 12 ],"nonsolvable");
SPECIAL(31,1080,[ 0, 2, 3, 9 ]);
SPECIAL(31,1200,[ 0, 2, 4, 5 ]);
SPECIAL(31,1440,[ 0, 2, 3, 8 ]);
SPECIAL(31,2520,[ 0, 2, 3, 7 ]);
GROU(31,2,[ 1, 2, 2, 2, 2, 2, 2, 2, 2, 2, 2, 2, 2, 2, 2, 2, 2, 2, 2, 2, 2, 2, 
  2, 2, 2, 2, 2, 2, 2, 2, 2, 2, 2, 2, 2, 2, 2, 2, 2, 2, 2, 2, 2, 2, 2, 2, 2, 
  2, 2, 2, 2, 2, 2, 2, 2, 2, 2, 2, 2, 2, 2 ],[ 2, 1 ]);
GROU(31,3,[ 1, 3, 3, 3, 3, 3, 3, 3, 3, 3, 3, 3, 3, 3, 3, 3, 3, 3, 3, 3, 3, 3, 
  3, 3, 3, 3, 3, 3, 3, 3, 3 ],[ 3, 1 ]);
GROU(31,4,[ 1, 4, 4, 4, 4, 4, 4, 4, 4, 4, 4, 4, 4, 4, 4, 4, 4, 4, 4, 4, 4 ],
[ 4, 1 ]);
GROU(31,4,[ 1, 2, 2, 2, 4, 4, 4, 4, 4, 4, 4, 4, 4, 4, 4, 4, 4, 4, 4, 4, 4, 4 
 ],[ 4, 1 ]);
GROU(31,4,[ 1, 2, 2, 2, 2, 2, 2, 4, 4, 4, 4, 4, 4, 4, 4, 4, 4, 4, 4, 4, 4, 4, 
  4 ],[ 4, 1 ]);
GROU(31,4,[ 1, 2, 2, 2, 2, 2, 2, 2, 2, 2, 4, 4, 4, 4, 4, 4, 4, 4, 4, 4, 4, 4, 
  4, 4 ],[ 4, 1 ]);
GROU(31,4,[ 1, 2, 2, 2, 2, 2, 2, 2, 2, 2, 2, 2, 2, 4, 4, 4, 4, 4, 4, 4, 4, 4, 
  4, 4, 4 ],[ 4, 1 ]);
GROU(31,4,[ 1, 2, 2, 2, 2, 2, 2, 2, 2, 2, 2, 2, 2, 2, 2, 2, 4, 4, 4, 4, 4, 4, 
  4, 4, 4, 4 ],[ 4, 1 ]);
GROU(31,4,[ 1, 2, 2, 2, 2, 2, 2, 2, 2, 2, 2, 2, 2, 2, 2, 2, 2, 2, 2, 4, 4, 4, 
  4, 4, 4, 4, 4 ],[ 4, 1 ]);
GROU(31,4,[ 1, 2, 2, 2, 2, 2, 2, 2, 2, 2, 2, 2, 2, 2, 2, 2, 2, 2, 2, 2, 2, 2, 
  4, 4, 4, 4, 4, 4 ],[ 4, 1 ]);
GROU(31,4,[ 1, 2, 2, 2, 2, 2, 2, 2, 2, 2, 2, 2, 2, 2, 2, 2, 2, 2, 2, 2, 2, 2, 
  2, 2, 2, 4, 4, 4, 4 ],[ 4, 1 ]);
GROU(31,4,[ 1, 2, 2, 2, 2, 2, 2, 2, 2, 2, 2, 2, 2, 2, 2, 2, 2, 2, 2, 2, 2, 2, 
  2, 2, 2, 2, 2, 2, 4, 4 ],[ 4, 1 ]);
GROU(31,4,[ 1, 2, 2, 2, 2, 2, 2, 2, 2, 2, 2, 2, 2, 2, 2, 2, 2, 2, 2, 2, 2, 2, 
  2, 2, 2, 2, 2, 2, 2, 2, 2 ],[ 4, 1 ]);
GROU(31,4,[ 1, 2, 2, 2, 2, 2, 2, 2, 2, 2, 2, 2, 2, 2, 2, 2, 2, 2, 2, 2, 2, 2, 
  2, 2, 2, 2, 2, 2, 2, 2, 2 ],[ 4, 2 ]);
GROU(31,5,[ 1, 5, 5, 5, 5, 5, 5, 5, 5, 5, 5, 5, 5, 5, 5, 5 ],[ 5, 1 ]);
GROU(31,6,[ 1, 6, 6, 6, 6, 6, 6, 6, 6, 6, 6, 6, 6 ],[ 6, 2 ]);
GROU(31,6,[ 1, 3, 3, 3, 3, 3, 6, 6, 6, 6, 6, 6, 6, 6 ],[ 6, 2 ]);
GROU(31,6,[ 1, 3, 3, 3, 3, 3, 3, 3, 3, 3, 3, 6, 6, 6, 6 ],[ 6, 2 ]);
GROU(31,6,[ 1, 3, 3, 3, 3, 3, 3, 3, 3, 3, 3, 3, 3, 3, 3, 3 ],[ 6, 1 ]);
GROU(31,6,[ 1, 3, 3, 3, 3, 3, 3, 3, 3, 3, 3, 3, 3, 3, 3, 3 ],[ 6, 2 ]);
GROU(31,6,[ 1, 2, 3, 3, 3, 6, 6, 6, 6, 6, 6, 6, 6, 6 ],[ 6, 2 ]);
GROU(31,6,[ 1, 2, 3, 3, 3, 3, 3, 3, 3, 3, 6, 6, 6, 6, 6 ],[ 6, 2 ]);
GROU(31,6,[ 1, 2, 3, 3, 3, 3, 3, 3, 3, 3, 3, 3, 3, 3, 3, 6 ],[ 6, 2 ]);
GROU(31,6,[ 1, 2, 2, 3, 6, 6, 6, 6, 6, 6, 6, 6, 6, 6 ],[ 6, 2 ]);
GROU(31,6,[ 1, 2, 2, 3, 3, 3, 3, 3, 3, 6, 6, 6, 6, 6, 6 ],[ 6, 2 ]);
GROU(31,6,[ 1, 2, 2, 3, 3, 3, 3, 3, 3, 3, 3, 3, 3, 3, 6, 6 ],[ 6, 2 ]);
GROU(31,6,[ 1, 2, 2, 2, 3, 3, 3, 3, 6, 6, 6, 6, 6, 6, 6 ],[ 6, 2 ]);
GROU(31,6,[ 1, 2, 2, 2, 3, 3, 3, 3, 3, 3, 3, 3, 3, 6, 6, 6 ],[ 6, 2 ]);
GROU(31,6,[ 1, 2, 2, 2, 2, 3, 3, 6, 6, 6, 6, 6, 6, 6, 6 ],[ 6, 2 ]);
GROU(31,6,[ 1, 2, 2, 2, 2, 3, 3, 3, 3, 3, 3, 3, 6, 6, 6, 6 ],[ 6, 2 ]);
GROU(31,6,[ 1, 2, 2, 2, 2, 3, 3, 3, 3, 3, 3, 3, 3, 3, 3, 3, 3 ],[ 6, 1 ]);
GROU(31,6,[ 1, 2, 2, 2, 2, 3, 3, 3, 3, 3, 3, 3, 3, 3, 3, 3, 3 ],[ 6, 2 ]);
GROU(31,6,[ 1, 2, 2, 2, 2, 2, 6, 6, 6, 6, 6, 6, 6, 6, 6 ],[ 6, 2 ]);
GROU(31,6,[ 1, 2, 2, 2, 2, 2, 3, 3, 3, 3, 3, 6, 6, 6, 6, 6 ],[ 6, 2 ]);
GROU(31,6,[ 1, 2, 2, 2, 2, 2, 3, 3, 3, 3, 3, 3, 3, 3, 3, 3, 6 ],[ 6, 2 ]);
GROU(31,6,[ 1, 2, 2, 2, 2, 2, 2, 3, 3, 3, 6, 6, 6, 6, 6, 6 ],[ 6, 2 ]);
GROU(31,6,[ 1, 2, 2, 2, 2, 2, 2, 3, 3, 3, 3, 3, 3, 3, 3, 6, 6 ],[ 6, 2 ]);
GROU(31,6,[ 1, 2, 2, 2, 2, 2, 2, 2, 3, 6, 6, 6, 6, 6, 6, 6 ],[ 6, 2 ]);
GROU(31,6,[ 1, 2, 2, 2, 2, 2, 2, 2, 3, 3, 3, 3, 3, 3, 6, 6, 6 ],[ 6, 2 ]);
GROU(31,6,[ 1, 2, 2, 2, 2, 2, 2, 2, 2, 3, 3, 3, 3, 6, 6, 6, 6 ],[ 6, 2 ]);
GROU(31,6,[ 1, 2, 2, 2, 2, 2, 2, 2, 2, 3, 3, 3, 3, 3, 3, 3, 3, 3 ],[ 6, 1 ]);
GROU(31,6,[ 1, 2, 2, 2, 2, 2, 2, 2, 2, 3, 3, 3, 3, 3, 3, 3, 3, 3 ],[ 6, 2 ]);
GROU(31,6,[ 1, 2, 2, 2, 2, 2, 2, 2, 2, 2, 3, 3, 6, 6, 6, 6, 6 ],[ 6, 2 ]);
GROU(31,6,[ 1, 2, 2, 2, 2, 2, 2, 2, 2, 2, 3, 3, 3, 3, 3, 3, 3, 6 ],[ 6, 2 ]);
GROU(31,6,[ 1, 2, 2, 2, 2, 2, 2, 2, 2, 2, 2, 6, 6, 6, 6, 6, 6 ],[ 6, 2 ]);
GROU(31,6,[ 1, 2, 2, 2, 2, 2, 2, 2, 2, 2, 2, 3, 3, 3, 3, 3, 6, 6 ],[ 6, 2 ]);
GROU(31,6,[ 1, 2, 2, 2, 2, 2, 2, 2, 2, 2, 2, 2, 3, 3, 3, 6, 6, 6 ],[ 6, 2 ]);
GROU(31,6,[ 1, 2, 2, 2, 2, 2, 2, 2, 2, 2, 2, 2, 2, 3, 6, 6, 6, 6 ],[ 6, 2 ]);
GROU(31,6,[ 1, 2, 2, 2, 2, 2, 2, 2, 2, 2, 2, 2, 2, 3, 3, 3, 3, 3, 3 ],
[ 6, 1 ]);
GROU(31,6,[ 1, 2, 2, 2, 2, 2, 2, 2, 2, 2, 2, 2, 2, 3, 3, 3, 3, 3, 3 ],
[ 6, 2 ]);
GROU(31,6,[ 1, 2, 2, 2, 2, 2, 2, 2, 2, 2, 2, 2, 2, 2, 3, 3, 3, 3, 6 ],
[ 6, 2 ]);
GROU(31,6,[ 1, 2, 2, 2, 2, 2, 2, 2, 2, 2, 2, 2, 2, 2, 2, 3, 3, 6, 6 ],
[ 6, 2 ]);
GROU(31,6,[ 1, 2, 2, 2, 2, 2, 2, 2, 2, 2, 2, 2, 2, 2, 2, 2, 6, 6, 6 ],
[ 6, 2 ]);
GROU(31,6,[ 1, 2, 2, 2, 2, 2, 2, 2, 2, 2, 2, 2, 2, 2, 2, 2, 2, 3, 3, 3 ],
[ 6, 1 ]);
GROU(31,6,[ 1, 2, 2, 2, 2, 2, 2, 2, 2, 2, 2, 2, 2, 2, 2, 2, 2, 3, 3, 3 ],
[ 6, 2 ]);
GROU(31,6,[ 1, 2, 2, 2, 2, 2, 2, 2, 2, 2, 2, 2, 2, 2, 2, 2, 2, 2, 3, 6 ],
[ 6, 2 ]);
GROU(31,6,[ 1, 2, 2, 2, 2, 2, 2, 2, 2, 2, 2, 2, 2, 2, 2, 2, 2, 2, 2, 2, 2 ],
[ 6, 1 ]);
GROU(31,6,[ 1, 2, 2, 2, 2, 2, 2, 2, 2, 2, 2, 2, 2, 2, 2, 2, 2, 2, 2, 2, 2 ],
[ 6, 2 ]);
GROU(31,7,[ 1, 7, 7, 7, 7, 7, 7, 7, 7, 7, 7 ],[ 7, 1 ]);
GROU(31,8,[ 1, 4, 4, 4, 8, 8, 8, 8, 8, 8 ],[ 8, 1 ]);
GROU(31,8,[ 1, 4, 4, 4, 4, 4, 4, 4, 4, 4, 4 ],[ 8, 1 ]);
GROU(31,8,[ 1, 4, 4, 4, 4, 4, 4, 4, 4, 4, 4 ],[ 8, 2 ]);
GROU(31,8,[ 1, 4, 4, 4, 4, 4, 4, 4, 4, 4, 4 ],[ 8, 3 ]);
GROU(31,8,[ 1, 4, 4, 4, 4, 4, 4, 4, 4, 4, 4 ],[ 8, 4 ]);
GROU(31,8,[ 1, 2, 8, 8, 8, 8, 8, 8, 8, 8 ],[ 8, 1 ]);
GROU(31,8,[ 1, 2, 4, 4, 4, 4, 4, 4, 4, 8, 8 ],[ 8, 1 ]);
GROU(31,8,[ 1, 2, 2, 4, 4, 4, 4, 8, 8, 8, 8 ],[ 8, 1 ]);
GROU(31,8,[ 1, 2, 2, 2, 4, 8, 8, 8, 8, 8, 8 ],[ 8, 1 ]);
GROU(31,8,[ 1, 2, 2, 2, 4, 4, 4, 4, 4, 4, 4, 4 ],[ 8, 1 ]);
GROU(31,8,[ 1, 2, 2, 2, 4, 4, 4, 4, 4, 4, 4, 4 ],[ 8, 2 ]);
GROU(31,8,[ 1, 2, 2, 2, 4, 4, 4, 4, 4, 4, 4, 4 ],[ 8, 3 ]);
GROU(31,8,[ 1, 2, 2, 2, 4, 4, 4, 4, 4, 4, 4, 4 ],[ 8, 4 ]);
GROU(31,8,[ 1, 2, 2, 2, 2, 4, 4, 4, 4, 4, 8, 8 ],[ 8, 1 ]);
GROU(31,8,[ 1, 2, 2, 2, 2, 2, 4, 4, 8, 8, 8, 8 ],[ 8, 1 ]);
GROU(31,8,[ 1, 2, 2, 2, 2, 2, 2, 4, 4, 4, 4, 4, 4 ],[ 8, 1 ]);
GROU(31,8,[ 1, 2, 2, 2, 2, 2, 2, 4, 4, 4, 4, 4, 4 ],[ 8, 2 ]);
GROU(31,8,[ 1, 2, 2, 2, 2, 2, 2, 4, 4, 4, 4, 4, 4 ],[ 8, 3 ]);
GROU(31,8,[ 1, 2, 2, 2, 2, 2, 2, 4, 4, 4, 4, 4, 4 ],[ 8, 4 ]);
GROU(31,8,[ 1, 2, 2, 2, 2, 2, 2, 2, 4, 4, 4, 8, 8 ],[ 8, 1 ]);
GROU(31,8,[ 1, 2, 2, 2, 2, 2, 2, 2, 2, 8, 8, 8, 8 ],[ 8, 1 ]);
GROU(31,8,[ 1, 2, 2, 2, 2, 2, 2, 2, 2, 2, 4, 4, 4, 4 ],[ 8, 1 ]);
GROU(31,8,[ 1, 2, 2, 2, 2, 2, 2, 2, 2, 2, 4, 4, 4, 4 ],[ 8, 2 ]);
GROU(31,8,[ 1, 2, 2, 2, 2, 2, 2, 2, 2, 2, 4, 4, 4, 4 ],[ 8, 3 ]);
GROU(31,8,[ 1, 2, 2, 2, 2, 2, 2, 2, 2, 2, 4, 4, 4, 4 ],[ 8, 4 ]);
GROU(31,8,[ 1, 2, 2, 2, 2, 2, 2, 2, 2, 2, 2, 4, 8, 8 ],[ 8, 1 ]);
GROU(31,8,[ 1, 2, 2, 2, 2, 2, 2, 2, 2, 2, 2, 2, 2, 4, 4 ],[ 8, 1 ]);
GROU(31,8,[ 1, 2, 2, 2, 2, 2, 2, 2, 2, 2, 2, 2, 2, 4, 4 ],[ 8, 2 ]);
GROU(31,8,[ 1, 2, 2, 2, 2, 2, 2, 2, 2, 2, 2, 2, 2, 4, 4 ],[ 8, 3 ]);
GROU(31,8,[ 1, 2, 2, 2, 2, 2, 2, 2, 2, 2, 2, 2, 2, 4, 4 ],[ 8, 4 ]);
GROU(31,8,[ 1, 2, 2, 2, 2, 2, 2, 2, 2, 2, 2, 2, 2, 2, 2, 2 ],[ 8, 2 ]);
GROU(31,8,[ 1, 2, 2, 2, 2, 2, 2, 2, 2, 2, 2, 2, 2, 2, 2, 2 ],[ 8, 3 ]);
GROU(31,8,[ 1, 2, 2, 2, 2, 2, 2, 2, 2, 2, 2, 2, 2, 2, 2, 2 ],[ 8, 4 ]);
GROU(31,8,[ 1, 2, 2, 2, 2, 2, 2, 2, 2, 2, 2, 2, 2, 2, 2, 2 ],[ 8, 5 ]);
GROU(31,9,[ 1, 3, 3, 9, 9, 9, 9, 9, 9 ],[ 9, 1 ]);
GROU(31,9,[ 1, 3, 3, 3, 3, 3, 3, 9, 9, 9 ],[ 9, 1 ]);
GROU(31,9,[ 1, 3, 3, 3, 3, 3, 3, 3, 3, 3, 3 ],[ 9, 1 ]);
GROU(31,9,[ 1, 3, 3, 3, 3, 3, 3, 3, 3, 3, 3 ],[ 9, 2 ]);
GROU(31,10,[ 1, 5, 5, 5, 10, 10, 10, 10 ],[ 10, 2 ]);
GROU(31,10,[ 1, 2, 2, 5, 5, 5, 5, 10, 10 ],[ 10, 2 ]);
GROU(31,10,[ 1, 2, 2, 2, 10, 10, 10, 10, 10 ],[ 10, 2 ]);
GROU(31,10,[ 1, 2, 2, 2, 2, 5, 5, 5, 5, 5 ],[ 10, 1 ]);
GROU(31,10,[ 1, 2, 2, 2, 2, 5, 5, 5, 5, 5 ],[ 10, 2 ]);
GROU(31,10,[ 1, 2, 2, 2, 2, 2, 5, 10, 10, 10 ],[ 10, 2 ]);
GROU(31,10,[ 1, 2, 2, 2, 2, 2, 2, 2, 5, 5, 10 ],[ 10, 2 ]);
GROU(31,10,[ 1, 2, 2, 2, 2, 2, 2, 2, 2, 2, 2, 2, 2 ],[ 10, 1 ]);
GROU(31,10,[ 1, 2, 2, 2, 2, 2, 2, 2, 2, 2, 2, 2, 2 ],[ 10, 2 ]);
GROU(31,11,[ 1, 11, 11, 11, 11, 11, 11 ],[ 11, 1 ]);
GROU(31,12,[ 1, 6, 6, 6, 6, 6, 6 ],[ 12, 1 ]);
GROU(31,12,[ 1, 6, 6, 6, 6, 6, 6 ],[ 12, 2 ]);
GROU(31,12,[ 1, 6, 6, 6, 6, 6, 6 ],[ 12, 4 ]);
GROU(31,12,[ 1, 6, 6, 6, 6, 6, 6 ],[ 12, 5 ]);
GROU(31,12,[ 1, 4, 6, 6, 6, 6, 12 ],[ 12, 2 ]);
GROU(31,12,[ 1, 4, 4, 6, 6, 12, 12 ],[ 12, 2 ]);
GROU(31,12,[ 1, 4, 4, 4, 12, 12, 12 ],[ 12, 2 ]);
GROU(31,12,[ 1, 3, 6, 6, 6, 12, 12 ],[ 12, 2 ]);
GROU(31,12,[ 1, 3, 4, 6, 12, 12, 12 ],[ 12, 2 ]);
GROU(31,12,[ 1, 3, 3, 12, 12, 12, 12 ],[ 12, 2 ]);
GROU(31,12,[ 1, 3, 3, 3, 4, 4, 4, 4 ],[ 12, 1 ]);
GROU(31,12,[ 1, 3, 3, 3, 4, 4, 4, 4 ],[ 12, 2 ]);
GROU(31,12,[ 1, 3, 3, 3, 3, 4, 4, 6 ],[ 12, 1 ]);
GROU(31,12,[ 1, 3, 3, 3, 3, 4, 4, 6 ],[ 12, 2 ]);
GROU(31,12,[ 1, 3, 3, 3, 3, 3, 6, 6 ],[ 12, 1 ]);
GROU(31,12,[ 1, 3, 3, 3, 3, 3, 6, 6 ],[ 12, 2 ]);
GROU(31,12,[ 1, 3, 3, 3, 3, 3, 6, 6 ],[ 12, 4 ]);
GROU(31,12,[ 1, 3, 3, 3, 3, 3, 6, 6 ],[ 12, 5 ]);
GROU(31,12,[ 1, 3, 3, 3, 3, 3, 4, 12 ],[ 12, 2 ]);
GROU(31,12,[ 1, 2, 6, 12, 12, 12, 12 ],[ 12, 2 ]);
GROU(31,12,[ 1, 2, 4, 4, 4, 4, 4, 4 ],[ 12, 1 ]);
GROU(31,12,[ 1, 2, 4, 4, 4, 4, 4, 4 ],[ 12, 2 ]);
GROU(31,12,[ 1, 2, 3, 4, 4, 4, 4, 6 ],[ 12, 1 ]);
GROU(31,12,[ 1, 2, 3, 4, 4, 4, 4, 6 ],[ 12, 2 ]);
GROU(31,12,[ 1, 2, 3, 3, 4, 4, 6, 6 ],[ 12, 1 ]);
GROU(31,12,[ 1, 2, 3, 3, 4, 4, 6, 6 ],[ 12, 2 ]);
GROU(31,12,[ 1, 2, 3, 3, 4, 4, 4, 12 ],[ 12, 2 ]);
GROU(31,12,[ 1, 2, 3, 3, 3, 6, 6, 6 ],[ 12, 1 ]);
GROU(31,12,[ 1, 2, 3, 3, 3, 6, 6, 6 ],[ 12, 2 ]);
GROU(31,12,[ 1, 2, 3, 3, 3, 6, 6, 6 ],[ 12, 4 ]);
GROU(31,12,[ 1, 2, 3, 3, 3, 6, 6, 6 ],[ 12, 5 ]);
GROU(31,12,[ 1, 2, 3, 3, 3, 4, 6, 12 ],[ 12, 2 ]);
GROU(31,12,[ 1, 2, 3, 3, 3, 3, 12, 12 ],[ 12, 2 ]);
GROU(31,12,[ 1, 2, 2, 4, 4, 6, 6, 6 ],[ 12, 1 ]);
GROU(31,12,[ 1, 2, 2, 4, 4, 6, 6, 6 ],[ 12, 2 ]);
GROU(31,12,[ 1, 2, 2, 4, 4, 4, 6, 12 ],[ 12, 2 ]);
GROU(31,12,[ 1, 2, 2, 3, 6, 6, 6, 6 ],[ 12, 1 ]);
GROU(31,12,[ 1, 2, 2, 3, 6, 6, 6, 6 ],[ 12, 2 ]);
GROU(31,12,[ 1, 2, 2, 3, 6, 6, 6, 6 ],[ 12, 4 ]);
GROU(31,12,[ 1, 2, 2, 3, 6, 6, 6, 6 ],[ 12, 5 ]);
GROU(31,12,[ 1, 2, 2, 3, 4, 6, 6, 12 ],[ 12, 2 ]);
GROU(31,12,[ 1, 2, 2, 3, 4, 4, 12, 12 ],[ 12, 2 ]);
GROU(31,12,[ 1, 2, 2, 3, 3, 6, 12, 12 ],[ 12, 2 ]);
GROU(31,12,[ 1, 2, 2, 3, 3, 3, 3, 3, 3 ],[ 12, 1 ]);
GROU(31,12,[ 1, 2, 2, 3, 3, 3, 3, 3, 3 ],[ 12, 2 ]);
GROU(31,12,[ 1, 2, 2, 3, 3, 3, 3, 3, 3 ],[ 12, 3 ]);
GROU(31,12,[ 1, 2, 2, 3, 3, 3, 3, 3, 3 ],[ 12, 4 ]);
GROU(31,12,[ 1, 2, 2, 3, 3, 3, 3, 3, 3 ],[ 12, 5 ]);
GROU(31,12,[ 1, 2, 2, 2, 6, 6, 12, 12 ],[ 12, 2 ]);
GROU(31,12,[ 1, 2, 2, 2, 4, 12, 12, 12 ],[ 12, 2 ]);
GROU(31,12,[ 1, 2, 2, 2, 3, 3, 3, 4, 4 ],[ 12, 1 ]);
GROU(31,12,[ 1, 2, 2, 2, 3, 3, 3, 4, 4 ],[ 12, 2 ]);
GROU(31,12,[ 1, 2, 2, 2, 3, 3, 3, 3, 6 ],[ 12, 1 ]);
GROU(31,12,[ 1, 2, 2, 2, 3, 3, 3, 3, 6 ],[ 12, 2 ]);
GROU(31,12,[ 1, 2, 2, 2, 3, 3, 3, 3, 6 ],[ 12, 4 ]);
GROU(31,12,[ 1, 2, 2, 2, 3, 3, 3, 3, 6 ],[ 12, 5 ]);
GROU(31,12,[ 1, 2, 2, 2, 2, 4, 4, 4, 4 ],[ 12, 1 ]);
GROU(31,12,[ 1, 2, 2, 2, 2, 4, 4, 4, 4 ],[ 12, 2 ]);
GROU(31,12,[ 1, 2, 2, 2, 2, 3, 4, 4, 6 ],[ 12, 1 ]);
GROU(31,12,[ 1, 2, 2, 2, 2, 3, 4, 4, 6 ],[ 12, 2 ]);
GROU(31,12,[ 1, 2, 2, 2, 2, 3, 3, 6, 6 ],[ 12, 1 ]);
GROU(31,12,[ 1, 2, 2, 2, 2, 3, 3, 6, 6 ],[ 12, 2 ]);
GROU(31,12,[ 1, 2, 2, 2, 2, 3, 3, 6, 6 ],[ 12, 4 ]);
GROU(31,12,[ 1, 2, 2, 2, 2, 3, 3, 6, 6 ],[ 12, 5 ]);
GROU(31,12,[ 1, 2, 2, 2, 2, 3, 3, 4, 12 ],[ 12, 2 ]);
GROU(31,12,[ 1, 2, 2, 2, 2, 2, 6, 6, 6 ],[ 12, 1 ]);
GROU(31,12,[ 1, 2, 2, 2, 2, 2, 6, 6, 6 ],[ 12, 2 ]);
GROU(31,12,[ 1, 2, 2, 2, 2, 2, 6, 6, 6 ],[ 12, 4 ]);
GROU(31,12,[ 1, 2, 2, 2, 2, 2, 6, 6, 6 ],[ 12, 5 ]);
GROU(31,12,[ 1, 2, 2, 2, 2, 2, 4, 6, 12 ],[ 12, 2 ]);
GROU(31,12,[ 1, 2, 2, 2, 2, 2, 3, 12, 12 ],[ 12, 2 ]);
GROU(31,12,[ 1, 2, 2, 2, 2, 2, 2, 3, 3, 3 ],[ 12, 1 ]);
GROU(31,12,[ 1, 2, 2, 2, 2, 2, 2, 3, 3, 3 ],[ 12, 2 ]);
GROU(31,12,[ 1, 2, 2, 2, 2, 2, 2, 3, 3, 3 ],[ 12, 3 ]);
GROU(31,12,[ 1, 2, 2, 2, 2, 2, 2, 3, 3, 3 ],[ 12, 4 ]);
GROU(31,12,[ 1, 2, 2, 2, 2, 2, 2, 3, 3, 3 ],[ 12, 5 ]);
GROU(31,12,[ 1, 2, 2, 2, 2, 2, 2, 2, 4, 4 ],[ 12, 1 ]);
GROU(31,12,[ 1, 2, 2, 2, 2, 2, 2, 2, 4, 4 ],[ 12, 2 ]);
GROU(31,12,[ 1, 2, 2, 2, 2, 2, 2, 2, 3, 6 ],[ 12, 1 ]);
GROU(31,12,[ 1, 2, 2, 2, 2, 2, 2, 2, 3, 6 ],[ 12, 2 ]);
GROU(31,12,[ 1, 2, 2, 2, 2, 2, 2, 2, 3, 6 ],[ 12, 4 ]);
GROU(31,12,[ 1, 2, 2, 2, 2, 2, 2, 2, 3, 6 ],[ 12, 5 ]);
GROU(31,12,[ 1, 2, 2, 2, 2, 2, 2, 2, 2, 2, 2 ],[ 12, 2 ]);
GROU(31,12,[ 1, 2, 2, 2, 2, 2, 2, 2, 2, 2, 2 ],[ 12, 3 ]);
GROU(31,12,[ 1, 2, 2, 2, 2, 2, 2, 2, 2, 2, 2 ],[ 12, 4 ]);
GROU(31,12,[ 1, 2, 2, 2, 2, 2, 2, 2, 2, 2, 2 ],[ 12, 5 ]);
GROU(31,13,[ 1, 13, 13, 13, 13, 13 ],[ 13, 1 ]);
GROU(31,14,[ 1, 7, 7, 7, 7, 7 ],[ 14, 1 ]);
GROU(31,14,[ 1, 7, 7, 7, 7, 7 ],[ 14, 2 ]);
GROU(31,14,[ 1, 2, 2, 2, 14, 14, 14 ],[ 14, 2 ]);
GROU(31,14,[ 1, 2, 2, 2, 2, 2, 7, 14 ],[ 14, 2 ]);
GROU(31,15,[ 1, 5, 5, 5, 5, 5 ],[ 15, 1 ]);
GROU(31,15,[ 1, 3, 5, 5, 5, 15 ],[ 15, 1 ]);
GROU(31,15,[ 1, 3, 3, 5, 15, 15 ],[ 15, 1 ]);
GROU(31,15,[ 1, 3, 3, 3, 3, 3, 3 ],[ 15, 1 ]);
GROU(31,16,[ 1, 16, 16, 16, 16 ],[ 16, 1 ]);
GROU(31,16,[ 1, 4, 4, 4, 4, 4 ],[ 16, 2 ]);
GROU(31,16,[ 1, 4, 4, 4, 4, 4 ],[ 16, 4 ]);
GROU(31,16,[ 1, 4, 4, 4, 4, 4 ],[ 16, 7 ]);
GROU(31,16,[ 1, 4, 4, 4, 4, 4 ],[ 16, 8 ]);
GROU(31,16,[ 1, 4, 4, 4, 4, 4 ],[ 16, 9 ]);
GROU(31,16,[ 1, 4, 4, 4, 4, 4 ],[ 16, 12 ]);
GROU(31,16,[ 1, 4, 4, 4, 4, 4 ],[ 16, 13 ]);
GROU(31,16,[ 1, 2, 4, 4, 8, 8 ],[ 16, 1 ]);
GROU(31,16,[ 1, 2, 4, 4, 8, 8 ],[ 16, 5 ]);
GROU(31,16,[ 1, 2, 4, 4, 8, 8 ],[ 16, 6 ]);
GROU(31,16,[ 1, 2, 4, 4, 8, 8 ],[ 16, 7 ]);
GROU(31,16,[ 1, 2, 4, 4, 8, 8 ],[ 16, 8 ]);
GROU(31,16,[ 1, 2, 4, 4, 8, 8 ],[ 16, 9 ]);
GROU(31,16,[ 1, 2, 2, 8, 16, 16 ],[ 16, 1 ]);
GROU(31,16,[ 1, 2, 2, 2, 4, 4, 4 ],[ 16, 2 ]);
GROU(31,16,[ 1, 2, 2, 2, 4, 4, 4 ],[ 16, 4 ]);
GROU(31,16,[ 1, 2, 2, 2, 4, 4, 4 ],[ 16, 7 ]);
GROU(31,16,[ 1, 2, 2, 2, 4, 4, 4 ],[ 16, 8 ]);
GROU(31,16,[ 1, 2, 2, 2, 4, 4, 4 ],[ 16, 9 ]);
GROU(31,16,[ 1, 2, 2, 2, 4, 4, 4 ],[ 16, 11 ]);
GROU(31,16,[ 1, 2, 2, 2, 4, 4, 4 ],[ 16, 12 ]);
GROU(31,16,[ 1, 2, 2, 2, 4, 4, 4 ],[ 16, 13 ]);
GROU(31,16,[ 1, 2, 2, 2, 2, 8, 8 ],[ 16, 1 ]);
GROU(31,16,[ 1, 2, 2, 2, 2, 8, 8 ],[ 16, 5 ]);
GROU(31,16,[ 1, 2, 2, 2, 2, 8, 8 ],[ 16, 6 ]);
GROU(31,16,[ 1, 2, 2, 2, 2, 8, 8 ],[ 16, 7 ]);
GROU(31,16,[ 1, 2, 2, 2, 2, 8, 8 ],[ 16, 8 ]);
GROU(31,16,[ 1, 2, 2, 2, 2, 8, 8 ],[ 16, 9 ]);
GROU(31,16,[ 1, 2, 2, 2, 2, 2, 2, 4 ],[ 16, 7 ]);
GROU(31,16,[ 1, 2, 2, 2, 2, 2, 2, 4 ],[ 16, 8 ]);
GROU(31,16,[ 1, 2, 2, 2, 2, 2, 2, 4 ],[ 16, 9 ]);
GROU(31,16,[ 1, 2, 2, 2, 2, 2, 2, 4 ],[ 16, 11 ]);
GROU(31,16,[ 1, 2, 2, 2, 2, 2, 2, 4 ],[ 16, 13 ]);
GROU(31,18,[ 1, 6, 6, 6, 6 ],[ 18, 2 ]);
GROU(31,18,[ 1, 6, 6, 6, 6 ],[ 18, 3 ]);
GROU(31,18,[ 1, 6, 6, 6, 6 ],[ 18, 5 ]);
GROU(31,18,[ 1, 3, 9, 9, 9 ],[ 18, 1 ]);
GROU(31,18,[ 1, 3, 9, 9, 9 ],[ 18, 2 ]);
GROU(31,18,[ 1, 3, 6, 9, 18 ],[ 18, 2 ]);
GROU(31,18,[ 1, 3, 3, 3, 3, 3 ],[ 18, 2 ]);
GROU(31,18,[ 1, 3, 3, 3, 3, 3 ],[ 18, 3 ]);
GROU(31,18,[ 1, 3, 3, 3, 3, 3 ],[ 18, 4 ]);
GROU(31,18,[ 1, 3, 3, 3, 3, 3 ],[ 18, 5 ]);
GROU(31,18,[ 1, 2, 18, 18, 18 ],[ 18, 2 ]);
GROU(31,18,[ 1, 2, 3, 3, 3, 6 ],[ 18, 2 ]);
GROU(31,18,[ 1, 2, 3, 3, 3, 6 ],[ 18, 3 ]);
GROU(31,18,[ 1, 2, 3, 3, 3, 6 ],[ 18, 5 ]);
GROU(31,18,[ 1, 2, 2, 3, 6, 6 ],[ 18, 2 ]);
GROU(31,18,[ 1, 2, 2, 3, 6, 6 ],[ 18, 3 ]);
GROU(31,18,[ 1, 2, 2, 3, 6, 6 ],[ 18, 5 ]);
GROU(31,18,[ 1, 2, 2, 2, 9, 18 ],[ 18, 2 ]);
GROU(31,18,[ 1, 2, 2, 2, 2, 3, 3 ],[ 18, 1 ]);
GROU(31,18,[ 1, 2, 2, 2, 2, 3, 3 ],[ 18, 2 ]);
GROU(31,18,[ 1, 2, 2, 2, 2, 3, 3 ],[ 18, 3 ]);
GROU(31,18,[ 1, 2, 2, 2, 2, 3, 3 ],[ 18, 4 ]);
GROU(31,18,[ 1, 2, 2, 2, 2, 3, 3 ],[ 18, 5 ]);
SIGN(31,18,[ 1, 2, 2, 2, 2, 2, 6 ],"all");
GROU(31,20,[ 1, 4, 4, 4, 4 ],[ 20, 1 ]);
GROU(31,20,[ 1, 4, 4, 4, 4 ],[ 20, 2 ]);
GROU(31,20,[ 1, 4, 4, 4, 4 ],[ 20, 3 ]);
GROU(31,20,[ 1, 2, 5, 5, 10 ],[ 20, 1 ]);
GROU(31,20,[ 1, 2, 5, 5, 10 ],[ 20, 2 ]);
GROU(31,20,[ 1, 2, 5, 5, 10 ],[ 20, 4 ]);
GROU(31,20,[ 1, 2, 5, 5, 10 ],[ 20, 5 ]);
GROU(31,20,[ 1, 2, 4, 5, 20 ],[ 20, 2 ]);
GROU(31,20,[ 1, 2, 2, 2, 4, 4 ],[ 20, 1 ]);
GROU(31,20,[ 1, 2, 2, 2, 4, 4 ],[ 20, 2 ]);
GROU(31,20,[ 1, 2, 2, 2, 4, 4 ],[ 20, 3 ]);
GROU(31,20,[ 1, 2, 2, 2, 2, 2, 2 ],[ 20, 2 ]);
GROU(31,20,[ 1, 2, 2, 2, 2, 2, 2 ],[ 20, 3 ]);
GROU(31,20,[ 1, 2, 2, 2, 2, 2, 2 ],[ 20, 4 ]);
GROU(31,20,[ 1, 2, 2, 2, 2, 2, 2 ],[ 20, 5 ]);
GROU(31,21,[ 1, 21, 21, 21 ],[ 21, 2 ]);
GROU(31,21,[ 1, 3, 3, 3, 7 ],[ 21, 1 ]);
GROU(31,22,[ 1, 11, 11, 11 ],[ 22, 1 ]);
GROU(31,22,[ 1, 11, 11, 11 ],[ 22, 2 ]);
GROU(31,24,[ 1, 6, 6, 6 ],[ 24, 3 ]);
GROU(31,24,[ 1, 6, 6, 6 ],[ 24, 4 ]);
GROU(31,24,[ 1, 6, 6, 6 ],[ 24, 6 ]);
GROU(31,24,[ 1, 6, 6, 6 ],[ 24, 7 ]);
GROU(31,24,[ 1, 6, 6, 6 ],[ 24, 8 ]);
GROU(31,24,[ 1, 6, 6, 6 ],[ 24, 9 ]);
GROU(31,24,[ 1, 6, 6, 6 ],[ 24, 10 ]);
GROU(31,24,[ 1, 6, 6, 6 ],[ 24, 11 ]);
GROU(31,24,[ 1, 6, 6, 6 ],[ 24, 14 ]);
GROU(31,24,[ 1, 6, 6, 6 ],[ 24, 15 ]);
GROU(31,24,[ 1, 4, 8, 8 ],[ 24, 1 ]);
GROU(31,24,[ 1, 4, 8, 8 ],[ 24, 2 ]);
GROU(31,24,[ 1, 4, 6, 12 ],[ 24, 1 ]);
GROU(31,24,[ 1, 4, 6, 12 ],[ 24, 2 ]);
GROU(31,24,[ 1, 4, 6, 12 ],[ 24, 4 ]);
GROU(31,24,[ 1, 4, 6, 12 ],[ 24, 5 ]);
GROU(31,24,[ 1, 4, 6, 12 ],[ 24, 6 ]);
GROU(31,24,[ 1, 4, 6, 12 ],[ 24, 9 ]);
GROU(31,24,[ 1, 4, 6, 12 ],[ 24, 10 ]);
GROU(31,24,[ 1, 4, 6, 12 ],[ 24, 11 ]);
GROU(31,24,[ 1, 3, 12, 12 ],[ 24, 1 ]);
GROU(31,24,[ 1, 3, 12, 12 ],[ 24, 2 ]);
GROU(31,24,[ 1, 3, 12, 12 ],[ 24, 4 ]);
GROU(31,24,[ 1, 3, 12, 12 ],[ 24, 5 ]);
GROU(31,24,[ 1, 3, 12, 12 ],[ 24, 6 ]);
GROU(31,24,[ 1, 3, 12, 12 ],[ 24, 9 ]);
GROU(31,24,[ 1, 3, 12, 12 ],[ 24, 10 ]);
GROU(31,24,[ 1, 3, 12, 12 ],[ 24, 11 ]);
GROU(31,24,[ 1, 3, 8, 24 ],[ 24, 2 ]);
GROU(31,24,[ 1, 2, 3, 3, 3 ],[ 24, 3 ]);
GROU(31,24,[ 1, 2, 3, 3, 3 ],[ 24, 4 ]);
GROU(31,24,[ 1, 2, 3, 3, 3 ],[ 24, 6 ]);
GROU(31,24,[ 1, 2, 3, 3, 3 ],[ 24, 8 ]);
GROU(31,24,[ 1, 2, 3, 3, 3 ],[ 24, 10 ]);
GROU(31,24,[ 1, 2, 3, 3, 3 ],[ 24, 11 ]);
GROU(31,24,[ 1, 2, 3, 3, 3 ],[ 24, 12 ]);
GROU(31,24,[ 1, 2, 3, 3, 3 ],[ 24, 13 ]);
GROU(31,24,[ 1, 2, 2, 4, 4 ],[ 24, 2 ]);
GROU(31,24,[ 1, 2, 2, 4, 4 ],[ 24, 3 ]);
GROU(31,24,[ 1, 2, 2, 4, 4 ],[ 24, 4 ]);
GROU(31,24,[ 1, 2, 2, 4, 4 ],[ 24, 5 ]);
GROU(31,24,[ 1, 2, 2, 4, 4 ],[ 24, 6 ]);
GROU(31,24,[ 1, 2, 2, 4, 4 ],[ 24, 7 ]);
GROU(31,24,[ 1, 2, 2, 4, 4 ],[ 24, 8 ]);
GROU(31,24,[ 1, 2, 2, 4, 4 ],[ 24, 9 ]);
GROU(31,24,[ 1, 2, 2, 4, 4 ],[ 24, 10 ]);
GROU(31,24,[ 1, 2, 2, 4, 4 ],[ 24, 11 ]);
GROU(31,24,[ 1, 2, 2, 4, 4 ],[ 24, 12 ]);
GROU(31,24,[ 1, 2, 2, 3, 6 ],[ 24, 3 ]);
GROU(31,24,[ 1, 2, 2, 3, 6 ],[ 24, 4 ]);
GROU(31,24,[ 1, 2, 2, 3, 6 ],[ 24, 5 ]);
GROU(31,24,[ 1, 2, 2, 3, 6 ],[ 24, 6 ]);
GROU(31,24,[ 1, 2, 2, 3, 6 ],[ 24, 7 ]);
GROU(31,24,[ 1, 2, 2, 3, 6 ],[ 24, 8 ]);
GROU(31,24,[ 1, 2, 2, 3, 6 ],[ 24, 9 ]);
GROU(31,24,[ 1, 2, 2, 3, 6 ],[ 24, 10 ]);
GROU(31,24,[ 1, 2, 2, 3, 6 ],[ 24, 11 ]);
GROU(31,24,[ 1, 2, 2, 3, 6 ],[ 24, 13 ]);
GROU(31,24,[ 1, 2, 2, 3, 6 ],[ 24, 14 ]);
GROU(31,24,[ 1, 2, 2, 3, 6 ],[ 24, 15 ]);
GROU(31,24,[ 1, 2, 2, 2, 2, 2 ],[ 24, 5 ]);
GROU(31,24,[ 1, 2, 2, 2, 2, 2 ],[ 24, 6 ]);
GROU(31,24,[ 1, 2, 2, 2, 2, 2 ],[ 24, 8 ]);
GROU(31,24,[ 1, 2, 2, 2, 2, 2 ],[ 24, 9 ]);
GROU(31,24,[ 1, 2, 2, 2, 2, 2 ],[ 24, 10 ]);
GROU(31,24,[ 1, 2, 2, 2, 2, 2 ],[ 24, 11 ]);
GROU(31,24,[ 1, 2, 2, 2, 2, 2 ],[ 24, 12 ]);
GROU(31,24,[ 1, 2, 2, 2, 2, 2 ],[ 24, 13 ]);
GROU(31,24,[ 1, 2, 2, 2, 2, 2 ],[ 24, 14 ]);
GROU(31,24,[ 1, 2, 2, 2, 2, 2 ],[ 24, 15 ]);
GROU(31,25,[ 1, 5, 5, 5 ],[ 25, 1 ]);
GROU(31,25,[ 1, 5, 5, 5 ],[ 25, 2 ]);
SIGN(31,27,[ 1, 3, 3, 9 ],"all");
GROU(31,30,[ 1, 3, 3, 3 ],[ 30, 1 ]);
GROU(31,30,[ 1, 3, 3, 3 ],[ 30, 4 ]);
GROU(31,30,[ 1, 2, 3, 6 ],[ 30, 2 ]);
GROU(31,30,[ 1, 2, 3, 6 ],[ 30, 4 ]);
GROU(31,30,[ 1, 2, 2, 2, 2 ],[ 30, 1 ]);
GROU(31,30,[ 1, 2, 2, 2, 2 ],[ 30, 2 ]);
GROU(31,30,[ 1, 2, 2, 2, 2 ],[ 30, 3 ]);
GROU(31,30,[ 1, 2, 2, 2, 2 ],[ 30, 4 ]);
GROU(31,31,[ 1, 31, 31 ],[ 31, 1 ]);
GROU(31,32,[ 1, 16, 16 ],[ 32, 1 ]);
GROU(31,32,[ 1, 16, 16 ],[ 32, 16 ]);
GROU(31,32,[ 1, 16, 16 ],[ 32, 17 ]);
GROU(31,32,[ 1, 16, 16 ],[ 32, 18 ]);
GROU(31,32,[ 1, 16, 16 ],[ 32, 19 ]);
GROU(31,32,[ 1, 16, 16 ],[ 32, 20 ]);
GROU(31,32,[ 1, 2, 2, 8 ],[ 32, 18 ]);
GROU(31,32,[ 1, 2, 2, 8 ],[ 32, 19 ]);
GROU(31,32,[ 1, 2, 2, 8 ],[ 32, 20 ]);
GROU(31,32,[ 1, 2, 2, 8 ],[ 32, 39 ]);
GROU(31,32,[ 1, 2, 2, 8 ],[ 32, 42 ]);
GROU(31,32,[ 1, 2, 2, 8 ],[ 32, 43 ]);
GROU(31,33,[ 1, 11, 11 ],[ 33, 1 ]);
GROU(31,35,[ 1, 7, 7 ],[ 35, 1 ]);
GROU(31,36,[ 1, 6, 6 ],[ 36, 2 ]);
GROU(31,36,[ 1, 6, 6 ],[ 36, 3 ]);
GROU(31,36,[ 1, 6, 6 ],[ 36, 5 ]);
GROU(31,36,[ 1, 6, 6 ],[ 36, 6 ]);
GROU(31,36,[ 1, 6, 6 ],[ 36, 7 ]);
GROU(31,36,[ 1, 6, 6 ],[ 36, 8 ]);
GROU(31,36,[ 1, 6, 6 ],[ 36, 10 ]);
GROU(31,36,[ 1, 6, 6 ],[ 36, 11 ]);
GROU(31,36,[ 1, 6, 6 ],[ 36, 12 ]);
GROU(31,36,[ 1, 6, 6 ],[ 36, 13 ]);
GROU(31,36,[ 1, 6, 6 ],[ 36, 14 ]);
SIGN(31,36,[ 1, 4, 12 ],"all");
GROU(31,36,[ 1, 2, 2, 3 ],[ 36, 4 ]);
GROU(31,36,[ 1, 2, 2, 3 ],[ 36, 6 ]);
GROU(31,36,[ 1, 2, 2, 3 ],[ 36, 9 ]);
GROU(31,36,[ 1, 2, 2, 3 ],[ 36, 10 ]);
GROU(31,36,[ 1, 2, 2, 3 ],[ 36, 12 ]);
GROU(31,36,[ 1, 2, 2, 3 ],[ 36, 13 ]);
GROU(31,40,[ 1, 4, 4 ],[ 40, 2 ]);
GROU(31,40,[ 1, 4, 4 ],[ 40, 3 ]);
GROU(31,40,[ 1, 4, 4 ],[ 40, 4 ]);
GROU(31,40,[ 1, 4, 4 ],[ 40, 5 ]);
GROU(31,40,[ 1, 4, 4 ],[ 40, 7 ]);
GROU(31,40,[ 1, 4, 4 ],[ 40, 8 ]);
GROU(31,40,[ 1, 4, 4 ],[ 40, 9 ]);
GROU(31,40,[ 1, 4, 4 ],[ 40, 10 ]);
GROU(31,40,[ 1, 4, 4 ],[ 40, 11 ]);
GROU(31,40,[ 1, 4, 4 ],[ 40, 12 ]);
GROU(31,40,[ 1, 2, 2, 2 ],[ 40, 5 ]);
GROU(31,40,[ 1, 2, 2, 2 ],[ 40, 6 ]);
GROU(31,40,[ 1, 2, 2, 2 ],[ 40, 8 ]);
GROU(31,40,[ 1, 2, 2, 2 ],[ 40, 9 ]);
GROU(31,40,[ 1, 2, 2, 2 ],[ 40, 10 ]);
GROU(31,40,[ 1, 2, 2, 2 ],[ 40, 11 ]);
GROU(31,40,[ 1, 2, 2, 2 ],[ 40, 12 ]);
GROU(31,40,[ 1, 2, 2, 2 ],[ 40, 13 ]);
GROU(31,40,[ 1, 2, 2, 2 ],[ 40, 14 ]);
GROU(31,42,[ 1, 2, 14 ],[ 42, 2 ]);
GROU(31,45,[ 1, 3, 3 ],[ 45, 1 ]);
GROU(31,45,[ 1, 3, 3 ],[ 45, 2 ]);
GROU(31,48,[ 1, 2, 4 ],[ 48, 3 ]);
GROU(31,48,[ 1, 2, 4 ],[ 48, 25 ]);
GROU(31,48,[ 1, 2, 4 ],[ 48, 26 ]);
GROU(31,48,[ 1, 2, 4 ],[ 48, 27 ]);
GROU(31,48,[ 1, 2, 4 ],[ 48, 32 ]);
GROU(31,48,[ 1, 2, 4 ],[ 48, 33 ]);
GROU(31,48,[ 1, 2, 4 ],[ 48, 48 ]);
GROU(31,60,[ 1, 2, 2 ],[ 60, 4 ]);
GROU(31,60,[ 1, 2, 2 ],[ 60, 5 ]);
GROU(31,60,[ 1, 2, 2 ],[ 60, 6 ]);
GROU(31,60,[ 1, 2, 2 ],[ 60, 8 ]);
GROU(31,60,[ 1, 2, 2 ],[ 60, 9 ]);
GROU(31,60,[ 1, 2, 2 ],[ 60, 10 ]);
GROU(31,60,[ 1, 2, 2 ],[ 60, 11 ]);
GROU(31,60,[ 1, 2, 2 ],[ 60, 12 ]);
GROU(31,60,[ 1, 2, 2 ],[ 60, 13 ]);
GROU(31,62,[ 1, 31 ],[ 62, 1 ]);
GROU(31,64,[ 1, 16 ],[ 64, 52 ]);
GROU(31,64,[ 1, 16 ],[ 64, 53 ]);
GROU(31,64,[ 1, 16 ],[ 64, 54 ]);
GROU(31,66,[ 1, 11 ],[ 66, 2 ]);
GROU(31,70,[ 1, 7 ],[ 70, 2 ]);
GROU(31,72,[ 1, 6 ],[ 72, 22 ]);
GROU(31,72,[ 1, 6 ],[ 72, 23 ]);
GROU(31,72,[ 1, 6 ],[ 72, 24 ]);
GROU(31,72,[ 1, 6 ],[ 72, 26 ]);
GROU(31,72,[ 1, 6 ],[ 72, 28 ]);
GROU(31,72,[ 1, 6 ],[ 72, 30 ]);
GROU(31,72,[ 1, 6 ],[ 72, 44 ]);
GROU(31,75,[ 1, 5 ],[ 75, 2 ]);
GROU(31,80,[ 1, 4 ],[ 80, 25 ]);
GROU(31,80,[ 1, 4 ],[ 80, 26 ]);
GROU(31,80,[ 1, 4 ],[ 80, 27 ]);
GROU(31,90,[ 1, 3 ],[ 90, 6 ]);
GROU(31,120,[ 1, 2 ],[ 120, 32 ]);
GROU(31,120,[ 1, 2 ],[ 120, 33 ]);
GROU(31,120,[ 1, 2 ],[ 120, 34 ]);
GROU(31,120,[ 1, 2 ],[ 120, 43 ]);
GROU(31,2,[ 2, 2, 2, 2, 2, 2, 2, 2, 2, 2, 2, 2, 2, 2, 2, 2, 2, 2, 2, 2, 2, 2, 
  2, 2, 2, 2, 2, 2, 2, 2, 2, 2, 2, 2, 2, 2, 2, 2, 2, 2, 2, 2, 2, 2, 2, 2, 2, 
  2, 2, 2, 2, 2, 2, 2, 2, 2, 2 ],[ 2, 1 ]);
GROU(31,3,[ 2, 3, 3, 3, 3, 3, 3, 3, 3, 3, 3, 3, 3, 3, 3, 3, 3, 3, 3, 3, 3, 3, 
  3, 3, 3, 3, 3, 3 ],[ 3, 1 ]);
GROU(31,4,[ 2, 2, 2, 4, 4, 4, 4, 4, 4, 4, 4, 4, 4, 4, 4, 4, 4, 4, 4 ],
[ 4, 1 ]);
GROU(31,4,[ 2, 2, 2, 2, 2, 2, 4, 4, 4, 4, 4, 4, 4, 4, 4, 4, 4, 4, 4, 4 ],
[ 4, 1 ]);
GROU(31,4,[ 2, 2, 2, 2, 2, 2, 2, 2, 2, 4, 4, 4, 4, 4, 4, 4, 4, 4, 4, 4, 4 ],
[ 4, 1 ]);
GROU(31,4,[ 2, 2, 2, 2, 2, 2, 2, 2, 2, 2, 2, 2, 4, 4, 4, 4, 4, 4, 4, 4, 4, 4 
 ],[ 4, 1 ]);
GROU(31,4,[ 2, 2, 2, 2, 2, 2, 2, 2, 2, 2, 2, 2, 2, 2, 2, 4, 4, 4, 4, 4, 4, 4, 
  4 ],[ 4, 1 ]);
GROU(31,4,[ 2, 2, 2, 2, 2, 2, 2, 2, 2, 2, 2, 2, 2, 2, 2, 2, 2, 2, 4, 4, 4, 4, 
  4, 4 ],[ 4, 1 ]);
GROU(31,4,[ 2, 2, 2, 2, 2, 2, 2, 2, 2, 2, 2, 2, 2, 2, 2, 2, 2, 2, 2, 2, 2, 4, 
  4, 4, 4 ],[ 4, 1 ]);
GROU(31,4,[ 2, 2, 2, 2, 2, 2, 2, 2, 2, 2, 2, 2, 2, 2, 2, 2, 2, 2, 2, 2, 2, 2, 
  2, 2, 4, 4 ],[ 4, 1 ]);
GROU(31,4,[ 2, 2, 2, 2, 2, 2, 2, 2, 2, 2, 2, 2, 2, 2, 2, 2, 2, 2, 2, 2, 2, 2, 
  2, 2, 2, 2, 2 ],[ 4, 1 ]);
GROU(31,4,[ 2, 2, 2, 2, 2, 2, 2, 2, 2, 2, 2, 2, 2, 2, 2, 2, 2, 2, 2, 2, 2, 2, 
  2, 2, 2, 2, 2 ],[ 4, 2 ]);
GROU(31,6,[ 2, 3, 3, 6, 6, 6, 6, 6, 6, 6, 6 ],[ 6, 2 ]);
GROU(31,6,[ 2, 3, 3, 3, 3, 3, 3, 3, 6, 6, 6, 6 ],[ 6, 2 ]);
GROU(31,6,[ 2, 3, 3, 3, 3, 3, 3, 3, 3, 3, 3, 3, 3 ],[ 6, 1 ]);
GROU(31,6,[ 2, 3, 3, 3, 3, 3, 3, 3, 3, 3, 3, 3, 3 ],[ 6, 2 ]);
GROU(31,6,[ 2, 2, 6, 6, 6, 6, 6, 6, 6, 6, 6 ],[ 6, 2 ]);
GROU(31,6,[ 2, 2, 3, 3, 3, 3, 3, 6, 6, 6, 6, 6 ],[ 6, 2 ]);
GROU(31,6,[ 2, 2, 3, 3, 3, 3, 3, 3, 3, 3, 3, 3, 6 ],[ 6, 2 ]);
GROU(31,6,[ 2, 2, 2, 3, 3, 3, 6, 6, 6, 6, 6, 6 ],[ 6, 2 ]);
GROU(31,6,[ 2, 2, 2, 3, 3, 3, 3, 3, 3, 3, 3, 6, 6 ],[ 6, 2 ]);
GROU(31,6,[ 2, 2, 2, 2, 3, 6, 6, 6, 6, 6, 6, 6 ],[ 6, 2 ]);
GROU(31,6,[ 2, 2, 2, 2, 3, 3, 3, 3, 3, 3, 6, 6, 6 ],[ 6, 2 ]);
GROU(31,6,[ 2, 2, 2, 2, 2, 3, 3, 3, 3, 6, 6, 6, 6 ],[ 6, 2 ]);
GROU(31,6,[ 2, 2, 2, 2, 2, 3, 3, 3, 3, 3, 3, 3, 3, 3 ],[ 6, 1 ]);
GROU(31,6,[ 2, 2, 2, 2, 2, 3, 3, 3, 3, 3, 3, 3, 3, 3 ],[ 6, 2 ]);
GROU(31,6,[ 2, 2, 2, 2, 2, 2, 3, 3, 6, 6, 6, 6, 6 ],[ 6, 2 ]);
GROU(31,6,[ 2, 2, 2, 2, 2, 2, 3, 3, 3, 3, 3, 3, 3, 6 ],[ 6, 2 ]);
GROU(31,6,[ 2, 2, 2, 2, 2, 2, 2, 6, 6, 6, 6, 6, 6 ],[ 6, 2 ]);
GROU(31,6,[ 2, 2, 2, 2, 2, 2, 2, 3, 3, 3, 3, 3, 6, 6 ],[ 6, 2 ]);
GROU(31,6,[ 2, 2, 2, 2, 2, 2, 2, 2, 3, 3, 3, 6, 6, 6 ],[ 6, 2 ]);
GROU(31,6,[ 2, 2, 2, 2, 2, 2, 2, 2, 2, 3, 6, 6, 6, 6 ],[ 6, 2 ]);
GROU(31,6,[ 2, 2, 2, 2, 2, 2, 2, 2, 2, 3, 3, 3, 3, 3, 3 ],[ 6, 1 ]);
GROU(31,6,[ 2, 2, 2, 2, 2, 2, 2, 2, 2, 3, 3, 3, 3, 3, 3 ],[ 6, 2 ]);
GROU(31,6,[ 2, 2, 2, 2, 2, 2, 2, 2, 2, 2, 3, 3, 3, 3, 6 ],[ 6, 2 ]);
GROU(31,6,[ 2, 2, 2, 2, 2, 2, 2, 2, 2, 2, 2, 3, 3, 6, 6 ],[ 6, 2 ]);
GROU(31,6,[ 2, 2, 2, 2, 2, 2, 2, 2, 2, 2, 2, 2, 6, 6, 6 ],[ 6, 2 ]);
GROU(31,6,[ 2, 2, 2, 2, 2, 2, 2, 2, 2, 2, 2, 2, 2, 3, 3, 3 ],[ 6, 1 ]);
GROU(31,6,[ 2, 2, 2, 2, 2, 2, 2, 2, 2, 2, 2, 2, 2, 3, 3, 3 ],[ 6, 2 ]);
GROU(31,6,[ 2, 2, 2, 2, 2, 2, 2, 2, 2, 2, 2, 2, 2, 2, 3, 6 ],[ 6, 2 ]);
GROU(31,6,[ 2, 2, 2, 2, 2, 2, 2, 2, 2, 2, 2, 2, 2, 2, 2, 2, 2 ],[ 6, 1 ]);
GROU(31,6,[ 2, 2, 2, 2, 2, 2, 2, 2, 2, 2, 2, 2, 2, 2, 2, 2, 2 ],[ 6, 2 ]);
GROU(31,8,[ 2, 4, 4, 4, 4, 4, 8, 8 ],[ 8, 1 ]);
GROU(31,8,[ 2, 2, 4, 4, 8, 8, 8, 8 ],[ 8, 1 ]);
GROU(31,8,[ 2, 2, 2, 4, 4, 4, 4, 4, 4 ],[ 8, 1 ]);
GROU(31,8,[ 2, 2, 2, 4, 4, 4, 4, 4, 4 ],[ 8, 2 ]);
GROU(31,8,[ 2, 2, 2, 4, 4, 4, 4, 4, 4 ],[ 8, 3 ]);
GROU(31,8,[ 2, 2, 2, 4, 4, 4, 4, 4, 4 ],[ 8, 4 ]);
GROU(31,8,[ 2, 2, 2, 2, 4, 4, 4, 8, 8 ],[ 8, 1 ]);
GROU(31,8,[ 2, 2, 2, 2, 2, 8, 8, 8, 8 ],[ 8, 1 ]);
GROU(31,8,[ 2, 2, 2, 2, 2, 2, 4, 4, 4, 4 ],[ 8, 1 ]);
GROU(31,8,[ 2, 2, 2, 2, 2, 2, 4, 4, 4, 4 ],[ 8, 2 ]);
GROU(31,8,[ 2, 2, 2, 2, 2, 2, 4, 4, 4, 4 ],[ 8, 3 ]);
GROU(31,8,[ 2, 2, 2, 2, 2, 2, 4, 4, 4, 4 ],[ 8, 4 ]);
GROU(31,8,[ 2, 2, 2, 2, 2, 2, 2, 4, 8, 8 ],[ 8, 1 ]);
GROU(31,8,[ 2, 2, 2, 2, 2, 2, 2, 2, 2, 4, 4 ],[ 8, 1 ]);
GROU(31,8,[ 2, 2, 2, 2, 2, 2, 2, 2, 2, 4, 4 ],[ 8, 2 ]);
GROU(31,8,[ 2, 2, 2, 2, 2, 2, 2, 2, 2, 4, 4 ],[ 8, 3 ]);
GROU(31,8,[ 2, 2, 2, 2, 2, 2, 2, 2, 2, 4, 4 ],[ 8, 4 ]);
GROU(31,8,[ 2, 2, 2, 2, 2, 2, 2, 2, 2, 2, 2, 2 ],[ 8, 2 ]);
GROU(31,8,[ 2, 2, 2, 2, 2, 2, 2, 2, 2, 2, 2, 2 ],[ 8, 3 ]);
GROU(31,8,[ 2, 2, 2, 2, 2, 2, 2, 2, 2, 2, 2, 2 ],[ 8, 4 ]);
GROU(31,8,[ 2, 2, 2, 2, 2, 2, 2, 2, 2, 2, 2, 2 ],[ 8, 5 ]);
GROU(31,9,[ 2, 3, 3, 3, 9, 9, 9 ],[ 9, 1 ]);
GROU(31,9,[ 2, 3, 3, 3, 3, 3, 3, 3 ],[ 9, 1 ]);
GROU(31,9,[ 2, 3, 3, 3, 3, 3, 3, 3 ],[ 9, 2 ]);
GROU(31,10,[ 2, 5, 5, 5, 5, 5 ],[ 10, 1 ]);
GROU(31,10,[ 2, 5, 5, 5, 5, 5 ],[ 10, 2 ]);
GROU(31,10,[ 2, 2, 5, 10, 10, 10 ],[ 10, 2 ]);
GROU(31,10,[ 2, 2, 2, 2, 5, 5, 10 ],[ 10, 2 ]);
GROU(31,10,[ 2, 2, 2, 2, 2, 2, 2, 2, 2 ],[ 10, 1 ]);
GROU(31,10,[ 2, 2, 2, 2, 2, 2, 2, 2, 2 ],[ 10, 2 ]);
GROU(31,12,[ 2, 4, 4, 4, 4 ],[ 12, 1 ]);
GROU(31,12,[ 2, 4, 4, 4, 4 ],[ 12, 2 ]);
GROU(31,12,[ 2, 3, 4, 4, 6 ],[ 12, 1 ]);
GROU(31,12,[ 2, 3, 4, 4, 6 ],[ 12, 2 ]);
GROU(31,12,[ 2, 3, 3, 6, 6 ],[ 12, 1 ]);
GROU(31,12,[ 2, 3, 3, 6, 6 ],[ 12, 2 ]);
GROU(31,12,[ 2, 3, 3, 6, 6 ],[ 12, 4 ]);
GROU(31,12,[ 2, 3, 3, 6, 6 ],[ 12, 5 ]);
GROU(31,12,[ 2, 3, 3, 4, 12 ],[ 12, 2 ]);
GROU(31,12,[ 2, 2, 6, 6, 6 ],[ 12, 1 ]);
GROU(31,12,[ 2, 2, 6, 6, 6 ],[ 12, 2 ]);
GROU(31,12,[ 2, 2, 6, 6, 6 ],[ 12, 4 ]);
GROU(31,12,[ 2, 2, 6, 6, 6 ],[ 12, 5 ]);
GROU(31,12,[ 2, 2, 4, 6, 12 ],[ 12, 2 ]);
GROU(31,12,[ 2, 2, 3, 12, 12 ],[ 12, 2 ]);
GROU(31,12,[ 2, 2, 2, 3, 3, 3 ],[ 12, 1 ]);
GROU(31,12,[ 2, 2, 2, 3, 3, 3 ],[ 12, 2 ]);
GROU(31,12,[ 2, 2, 2, 3, 3, 3 ],[ 12, 3 ]);
GROU(31,12,[ 2, 2, 2, 3, 3, 3 ],[ 12, 4 ]);
GROU(31,12,[ 2, 2, 2, 3, 3, 3 ],[ 12, 5 ]);
GROU(31,12,[ 2, 2, 2, 2, 4, 4 ],[ 12, 1 ]);
GROU(31,12,[ 2, 2, 2, 2, 4, 4 ],[ 12, 2 ]);
GROU(31,12,[ 2, 2, 2, 2, 3, 6 ],[ 12, 1 ]);
GROU(31,12,[ 2, 2, 2, 2, 3, 6 ],[ 12, 2 ]);
GROU(31,12,[ 2, 2, 2, 2, 3, 6 ],[ 12, 4 ]);
GROU(31,12,[ 2, 2, 2, 2, 3, 6 ],[ 12, 5 ]);
GROU(31,12,[ 2, 2, 2, 2, 2, 2, 2 ],[ 12, 1 ]);
GROU(31,12,[ 2, 2, 2, 2, 2, 2, 2 ],[ 12, 2 ]);
GROU(31,12,[ 2, 2, 2, 2, 2, 2, 2 ],[ 12, 3 ]);
GROU(31,12,[ 2, 2, 2, 2, 2, 2, 2 ],[ 12, 4 ]);
GROU(31,12,[ 2, 2, 2, 2, 2, 2, 2 ],[ 12, 5 ]);
GROU(31,14,[ 2, 2, 7, 14 ],[ 14, 2 ]);
GROU(31,15,[ 2, 3, 3, 3 ],[ 15, 1 ]);
GROU(31,16,[ 2, 8, 8 ],[ 16, 1 ]);
GROU(31,16,[ 2, 8, 8 ],[ 16, 5 ]);
GROU(31,16,[ 2, 8, 8 ],[ 16, 6 ]);
GROU(31,16,[ 2, 8, 8 ],[ 16, 7 ]);
GROU(31,16,[ 2, 8, 8 ],[ 16, 8 ]);
GROU(31,16,[ 2, 8, 8 ],[ 16, 9 ]);
GROU(31,16,[ 2, 2, 2, 4 ],[ 16, 7 ]);
GROU(31,16,[ 2, 2, 2, 4 ],[ 16, 8 ]);
GROU(31,16,[ 2, 2, 2, 4 ],[ 16, 9 ]);
GROU(31,16,[ 2, 2, 2, 4 ],[ 16, 11 ]);
GROU(31,16,[ 2, 2, 2, 4 ],[ 16, 13 ]);
GROU(31,18,[ 2, 3, 3 ],[ 18, 1 ]);
GROU(31,18,[ 2, 3, 3 ],[ 18, 2 ]);
GROU(31,18,[ 2, 3, 3 ],[ 18, 3 ]);
GROU(31,18,[ 2, 3, 3 ],[ 18, 4 ]);
GROU(31,18,[ 2, 3, 3 ],[ 18, 5 ]);
SIGN(31,18,[ 2, 2, 6 ],"all");
GROU(31,20,[ 2, 2, 2 ],[ 20, 1 ]);
GROU(31,20,[ 2, 2, 2 ],[ 20, 2 ]);
GROU(31,20,[ 2, 2, 2 ],[ 20, 3 ]);
GROU(31,20,[ 2, 2, 2 ],[ 20, 4 ]);
GROU(31,20,[ 2, 2, 2 ],[ 20, 5 ]);
GROU(31,21,[ 2, 7 ],[ 21, 1 ]);
GROU(31,24,[ 2, 2 ],[ 24, 3 ]);
GROU(31,24,[ 2, 2 ],[ 24, 4 ]);
GROU(31,24,[ 2, 2 ],[ 24, 6 ]);
GROU(31,24,[ 2, 2 ],[ 24, 8 ]);
GROU(31,24,[ 2, 2 ],[ 24, 10 ]);
GROU(31,24,[ 2, 2 ],[ 24, 11 ]);
GROU(31,24,[ 2, 2 ],[ 24, 12 ]);
GROU(31,24,[ 2, 2 ],[ 24, 13 ]);
GROU(31,30,[ 2 ],[ 30, 1 ]);
GROU(31,30,[ 2 ],[ 30, 2 ]);
GROU(31,30,[ 2 ],[ 30, 3 ]);
GROU(31,30,[ 2 ],[ 30, 4 ]);
GROU(31,2,[ 3, 2, 2, 2, 2, 2, 2, 2, 2, 2, 2, 2, 2, 2, 2, 2, 2, 2, 2, 2, 2, 2, 
  2, 2, 2, 2, 2, 2, 2, 2, 2, 2, 2, 2, 2, 2, 2, 2, 2, 2, 2, 2, 2, 2, 2, 2, 2, 
  2, 2, 2, 2, 2, 2 ],[ 2, 1 ]);
GROU(31,3,[ 3, 3, 3, 3, 3, 3, 3, 3, 3, 3, 3, 3, 3, 3, 3, 3, 3, 3, 3, 3, 3, 3, 
  3, 3, 3 ],[ 3, 1 ]);
GROU(31,4,[ 3, 2, 4, 4, 4, 4, 4, 4, 4, 4, 4, 4, 4, 4, 4, 4 ],[ 4, 1 ]);
GROU(31,4,[ 3, 2, 2, 2, 2, 4, 4, 4, 4, 4, 4, 4, 4, 4, 4, 4, 4 ],[ 4, 1 ]);
GROU(31,4,[ 3, 2, 2, 2, 2, 2, 2, 2, 4, 4, 4, 4, 4, 4, 4, 4, 4, 4 ],[ 4, 1 ]);
GROU(31,4,[ 3, 2, 2, 2, 2, 2, 2, 2, 2, 2, 2, 4, 4, 4, 4, 4, 4, 4, 4 ],
[ 4, 1 ]);
GROU(31,4,[ 3, 2, 2, 2, 2, 2, 2, 2, 2, 2, 2, 2, 2, 2, 4, 4, 4, 4, 4, 4 ],
[ 4, 1 ]);
GROU(31,4,[ 3, 2, 2, 2, 2, 2, 2, 2, 2, 2, 2, 2, 2, 2, 2, 2, 2, 4, 4, 4, 4 ],
[ 4, 1 ]);
GROU(31,4,[ 3, 2, 2, 2, 2, 2, 2, 2, 2, 2, 2, 2, 2, 2, 2, 2, 2, 2, 2, 2, 4, 4 
 ],[ 4, 1 ]);
GROU(31,4,[ 3, 2, 2, 2, 2, 2, 2, 2, 2, 2, 2, 2, 2, 2, 2, 2, 2, 2, 2, 2, 2, 2, 
  2 ],[ 4, 1 ]);
GROU(31,4,[ 3, 2, 2, 2, 2, 2, 2, 2, 2, 2, 2, 2, 2, 2, 2, 2, 2, 2, 2, 2, 2, 2, 
  2 ],[ 4, 2 ]);
GROU(31,5,[ 3, 5, 5, 5, 5, 5, 5, 5, 5, 5, 5 ],[ 5, 1 ]);
GROU(31,6,[ 3, 3, 3, 3, 3, 6, 6, 6, 6 ],[ 6, 2 ]);
GROU(31,6,[ 3, 3, 3, 3, 3, 3, 3, 3, 3, 3 ],[ 6, 1 ]);
GROU(31,6,[ 3, 3, 3, 3, 3, 3, 3, 3, 3, 3 ],[ 6, 2 ]);
GROU(31,6,[ 3, 2, 3, 3, 6, 6, 6, 6, 6 ],[ 6, 2 ]);
GROU(31,6,[ 3, 2, 3, 3, 3, 3, 3, 3, 3, 6 ],[ 6, 2 ]);
GROU(31,6,[ 3, 2, 2, 6, 6, 6, 6, 6, 6 ],[ 6, 2 ]);
GROU(31,6,[ 3, 2, 2, 3, 3, 3, 3, 3, 6, 6 ],[ 6, 2 ]);
GROU(31,6,[ 3, 2, 2, 2, 3, 3, 3, 6, 6, 6 ],[ 6, 2 ]);
GROU(31,6,[ 3, 2, 2, 2, 2, 3, 6, 6, 6, 6 ],[ 6, 2 ]);
GROU(31,6,[ 3, 2, 2, 2, 2, 3, 3, 3, 3, 3, 3 ],[ 6, 1 ]);
GROU(31,6,[ 3, 2, 2, 2, 2, 3, 3, 3, 3, 3, 3 ],[ 6, 2 ]);
GROU(31,6,[ 3, 2, 2, 2, 2, 2, 3, 3, 3, 3, 6 ],[ 6, 2 ]);
GROU(31,6,[ 3, 2, 2, 2, 2, 2, 2, 3, 3, 6, 6 ],[ 6, 2 ]);
GROU(31,6,[ 3, 2, 2, 2, 2, 2, 2, 2, 6, 6, 6 ],[ 6, 2 ]);
GROU(31,6,[ 3, 2, 2, 2, 2, 2, 2, 2, 2, 3, 3, 3 ],[ 6, 1 ]);
GROU(31,6,[ 3, 2, 2, 2, 2, 2, 2, 2, 2, 3, 3, 3 ],[ 6, 2 ]);
GROU(31,6,[ 3, 2, 2, 2, 2, 2, 2, 2, 2, 2, 3, 6 ],[ 6, 2 ]);
GROU(31,6,[ 3, 2, 2, 2, 2, 2, 2, 2, 2, 2, 2, 2, 2 ],[ 6, 1 ]);
GROU(31,6,[ 3, 2, 2, 2, 2, 2, 2, 2, 2, 2, 2, 2, 2 ],[ 6, 2 ]);
GROU(31,8,[ 3, 8, 8, 8, 8 ],[ 8, 1 ]);
GROU(31,8,[ 3, 2, 4, 4, 4, 4 ],[ 8, 1 ]);
GROU(31,8,[ 3, 2, 4, 4, 4, 4 ],[ 8, 2 ]);
GROU(31,8,[ 3, 2, 4, 4, 4, 4 ],[ 8, 3 ]);
GROU(31,8,[ 3, 2, 4, 4, 4, 4 ],[ 8, 4 ]);
GROU(31,8,[ 3, 2, 2, 4, 8, 8 ],[ 8, 1 ]);
GROU(31,8,[ 3, 2, 2, 2, 2, 4, 4 ],[ 8, 1 ]);
GROU(31,8,[ 3, 2, 2, 2, 2, 4, 4 ],[ 8, 2 ]);
GROU(31,8,[ 3, 2, 2, 2, 2, 4, 4 ],[ 8, 3 ]);
GROU(31,8,[ 3, 2, 2, 2, 2, 4, 4 ],[ 8, 4 ]);
GROU(31,8,[ 3, 2, 2, 2, 2, 2, 2, 2 ],[ 8, 2 ]);
GROU(31,8,[ 3, 2, 2, 2, 2, 2, 2, 2 ],[ 8, 3 ]);
GROU(31,8,[ 3, 2, 2, 2, 2, 2, 2, 2 ],[ 8, 4 ]);
GROU(31,8,[ 3, 2, 2, 2, 2, 2, 2, 2 ],[ 8, 5 ]);
GROU(31,9,[ 3, 9, 9, 9 ],[ 9, 1 ]);
GROU(31,9,[ 3, 3, 3, 3, 3 ],[ 9, 1 ]);
GROU(31,9,[ 3, 3, 3, 3, 3 ],[ 9, 2 ]);
GROU(31,10,[ 3, 2, 2, 2, 2 ],[ 10, 1 ]);
GROU(31,10,[ 3, 2, 2, 2, 2 ],[ 10, 2 ]);
GROU(31,12,[ 3, 2, 2 ],[ 12, 1 ]);
GROU(31,12,[ 3, 2, 2 ],[ 12, 2 ]);
GROU(31,12,[ 3, 2, 2 ],[ 12, 3 ]);
GROU(31,12,[ 3, 2, 2 ],[ 12, 4 ]);
GROU(31,12,[ 3, 2, 2 ],[ 12, 5 ]);
GROU(31,15,[ 3 ],[ 15, 1 ]);
GROU(31,2,[ 4, 2, 2, 2, 2, 2, 2, 2, 2, 2, 2, 2, 2, 2, 2, 2, 2, 2, 2, 2, 2, 2, 
  2, 2, 2, 2, 2, 2, 2, 2, 2, 2, 2, 2, 2, 2, 2, 2, 2, 2, 2, 2, 2, 2, 2, 2, 2, 
  2, 2 ],[ 2, 1 ]);
GROU(31,3,[ 4, 3, 3, 3, 3, 3, 3, 3, 3, 3, 3, 3, 3, 3, 3, 3, 3, 3, 3, 3, 3, 3 
 ],[ 3, 1 ]);
GROU(31,4,[ 4, 4, 4, 4, 4, 4, 4, 4, 4, 4, 4, 4, 4 ],[ 4, 1 ]);
GROU(31,4,[ 4, 2, 2, 2, 4, 4, 4, 4, 4, 4, 4, 4, 4, 4 ],[ 4, 1 ]);
GROU(31,4,[ 4, 2, 2, 2, 2, 2, 2, 4, 4, 4, 4, 4, 4, 4, 4 ],[ 4, 1 ]);
GROU(31,4,[ 4, 2, 2, 2, 2, 2, 2, 2, 2, 2, 4, 4, 4, 4, 4, 4 ],[ 4, 1 ]);
GROU(31,4,[ 4, 2, 2, 2, 2, 2, 2, 2, 2, 2, 2, 2, 2, 4, 4, 4, 4 ],[ 4, 1 ]);
GROU(31,4,[ 4, 2, 2, 2, 2, 2, 2, 2, 2, 2, 2, 2, 2, 2, 2, 2, 4, 4 ],[ 4, 1 ]);
GROU(31,4,[ 4, 2, 2, 2, 2, 2, 2, 2, 2, 2, 2, 2, 2, 2, 2, 2, 2, 2, 2 ],
[ 4, 1 ]);
GROU(31,4,[ 4, 2, 2, 2, 2, 2, 2, 2, 2, 2, 2, 2, 2, 2, 2, 2, 2, 2, 2 ],
[ 4, 2 ]);
GROU(31,6,[ 4, 3, 6, 6, 6, 6 ],[ 6, 2 ]);
GROU(31,6,[ 4, 3, 3, 3, 3, 3, 3 ],[ 6, 1 ]);
GROU(31,6,[ 4, 3, 3, 3, 3, 3, 3 ],[ 6, 2 ]);
GROU(31,6,[ 4, 2, 3, 3, 3, 3, 6 ],[ 6, 2 ]);
GROU(31,6,[ 4, 2, 2, 3, 3, 6, 6 ],[ 6, 2 ]);
GROU(31,6,[ 4, 2, 2, 2, 6, 6, 6 ],[ 6, 2 ]);
GROU(31,6,[ 4, 2, 2, 2, 2, 3, 3, 3 ],[ 6, 1 ]);
GROU(31,6,[ 4, 2, 2, 2, 2, 3, 3, 3 ],[ 6, 2 ]);
GROU(31,6,[ 4, 2, 2, 2, 2, 2, 3, 6 ],[ 6, 2 ]);
GROU(31,6,[ 4, 2, 2, 2, 2, 2, 2, 2, 2 ],[ 6, 1 ]);
GROU(31,6,[ 4, 2, 2, 2, 2, 2, 2, 2, 2 ],[ 6, 2 ]);
GROU(31,7,[ 4, 7, 7, 7 ],[ 7, 1 ]);
GROU(31,8,[ 4, 4, 4 ],[ 8, 1 ]);
GROU(31,8,[ 4, 4, 4 ],[ 8, 2 ]);
GROU(31,8,[ 4, 4, 4 ],[ 8, 3 ]);
GROU(31,8,[ 4, 4, 4 ],[ 8, 4 ]);
GROU(31,8,[ 4, 2, 2, 2 ],[ 8, 2 ]);
GROU(31,8,[ 4, 2, 2, 2 ],[ 8, 3 ]);
GROU(31,8,[ 4, 2, 2, 2 ],[ 8, 4 ]);
GROU(31,8,[ 4, 2, 2, 2 ],[ 8, 5 ]);
GROU(31,10,[ 4 ],[ 10, 1 ]);
GROU(31,10,[ 4 ],[ 10, 2 ]);
GROU(31,2,[ 5, 2, 2, 2, 2, 2, 2, 2, 2, 2, 2, 2, 2, 2, 2, 2, 2, 2, 2, 2, 2, 2, 
  2, 2, 2, 2, 2, 2, 2, 2, 2, 2, 2, 2, 2, 2, 2, 2, 2, 2, 2, 2, 2, 2, 2 ],
[ 2, 1 ]);
GROU(31,3,[ 5, 3, 3, 3, 3, 3, 3, 3, 3, 3, 3, 3, 3, 3, 3, 3, 3, 3, 3 ],
[ 3, 1 ]);
GROU(31,4,[ 5, 2, 2, 4, 4, 4, 4, 4, 4, 4, 4 ],[ 4, 1 ]);
GROU(31,4,[ 5, 2, 2, 2, 2, 2, 4, 4, 4, 4, 4, 4 ],[ 4, 1 ]);
GROU(31,4,[ 5, 2, 2, 2, 2, 2, 2, 2, 2, 4, 4, 4, 4 ],[ 4, 1 ]);
GROU(31,4,[ 5, 2, 2, 2, 2, 2, 2, 2, 2, 2, 2, 2, 4, 4 ],[ 4, 1 ]);
GROU(31,4,[ 5, 2, 2, 2, 2, 2, 2, 2, 2, 2, 2, 2, 2, 2, 2 ],[ 4, 1 ]);
GROU(31,4,[ 5, 2, 2, 2, 2, 2, 2, 2, 2, 2, 2, 2, 2, 2, 2 ],[ 4, 2 ]);
GROU(31,5,[ 5, 5, 5, 5, 5, 5 ],[ 5, 1 ]);
GROU(31,6,[ 5, 3, 3, 3 ],[ 6, 1 ]);
GROU(31,6,[ 5, 3, 3, 3 ],[ 6, 2 ]);
GROU(31,6,[ 5, 2, 3, 6 ],[ 6, 2 ]);
GROU(31,6,[ 5, 2, 2, 2, 2 ],[ 6, 1 ]);
GROU(31,6,[ 5, 2, 2, 2, 2 ],[ 6, 2 ]);
GROU(31,2,[ 6, 2, 2, 2, 2, 2, 2, 2, 2, 2, 2, 2, 2, 2, 2, 2, 2, 2, 2, 2, 2, 2, 
  2, 2, 2, 2, 2, 2, 2, 2, 2, 2, 2, 2, 2, 2, 2, 2, 2, 2, 2 ],[ 2, 1 ]);
GROU(31,3,[ 6, 3, 3, 3, 3, 3, 3, 3, 3, 3, 3, 3, 3, 3, 3, 3 ],[ 3, 1 ]);
GROU(31,4,[ 6, 2, 4, 4, 4, 4, 4, 4 ],[ 4, 1 ]);
GROU(31,4,[ 6, 2, 2, 2, 2, 4, 4, 4, 4 ],[ 4, 1 ]);
GROU(31,4,[ 6, 2, 2, 2, 2, 2, 2, 2, 4, 4 ],[ 4, 1 ]);
GROU(31,4,[ 6, 2, 2, 2, 2, 2, 2, 2, 2, 2, 2 ],[ 4, 1 ]);
GROU(31,4,[ 6, 2, 2, 2, 2, 2, 2, 2, 2, 2, 2 ],[ 4, 2 ]);
GROU(31,6,[ 6 ],[ 6, 1 ]);
GROU(31,6,[ 6 ],[ 6, 2 ]);
GROU(31,2,[ 7, 2, 2, 2, 2, 2, 2, 2, 2, 2, 2, 2, 2, 2, 2, 2, 2, 2, 2, 2, 2, 2, 
  2, 2, 2, 2, 2, 2, 2, 2, 2, 2, 2, 2, 2, 2, 2 ],[ 2, 1 ]);
GROU(31,3,[ 7, 3, 3, 3, 3, 3, 3, 3, 3, 3, 3, 3, 3 ],[ 3, 1 ]);
GROU(31,4,[ 7, 4, 4, 4, 4 ],[ 4, 1 ]);
GROU(31,4,[ 7, 2, 2, 2, 4, 4 ],[ 4, 1 ]);
GROU(31,4,[ 7, 2, 2, 2, 2, 2, 2 ],[ 4, 1 ]);
GROU(31,4,[ 7, 2, 2, 2, 2, 2, 2 ],[ 4, 2 ]);
GROU(31,5,[ 7 ],[ 5, 1 ]);
GROU(31,2,[ 8, 2, 2, 2, 2, 2, 2, 2, 2, 2, 2, 2, 2, 2, 2, 2, 2, 2, 2, 2, 2, 2, 
  2, 2, 2, 2, 2, 2, 2, 2, 2, 2, 2 ],[ 2, 1 ]);
GROU(31,3,[ 8, 3, 3, 3, 3, 3, 3, 3, 3, 3 ],[ 3, 1 ]);
GROU(31,4,[ 8, 2, 2 ],[ 4, 1 ]);
GROU(31,4,[ 8, 2, 2 ],[ 4, 2 ]);
GROU(31,2,[ 9, 2, 2, 2, 2, 2, 2, 2, 2, 2, 2, 2, 2, 2, 2, 2, 2, 2, 2, 2, 2, 2, 
  2, 2, 2, 2, 2, 2, 2 ],[ 2, 1 ]);
GROU(31,3,[ 9, 3, 3, 3, 3, 3, 3 ],[ 3, 1 ]);
GROU(31,2,[ 10, 2, 2, 2, 2, 2, 2, 2, 2, 2, 2, 2, 2, 2, 2, 2, 2, 2, 2, 2, 2, 
  2, 2, 2, 2 ],[ 2, 1 ]);
GROU(31,3,[ 10, 3, 3, 3 ],[ 3, 1 ]);
GROU(31,2,[ 11, 2, 2, 2, 2, 2, 2, 2, 2, 2, 2, 2, 2, 2, 2, 2, 2, 2, 2, 2, 2 ],
[ 2, 1 ]);
GROU(31,3,[ 11 ],[ 3, 1 ]);
GROU(31,2,[ 12, 2, 2, 2, 2, 2, 2, 2, 2, 2, 2, 2, 2, 2, 2, 2, 2 ],[ 2, 1 ]);
GROU(31,2,[ 13, 2, 2, 2, 2, 2, 2, 2, 2, 2, 2, 2, 2 ],[ 2, 1 ]);
GROU(31,2,[ 14, 2, 2, 2, 2, 2, 2, 2, 2 ],[ 2, 1 ]);
GROU(31,2,[ 15, 2, 2, 2, 2 ],[ 2, 1 ]);
GROU(31,2,[ 16 ],[ 2, 1 ]);
GROU(31,1,[ 31 ],[ 1, 1 ]);
