GROU(21,2,[ 0, 2, 2, 2, 2, 2, 2, 2, 2, 2, 2, 2, 2, 2, 2, 2, 2, 2, 2, 2, 2, 2, 
  2, 2, 2, 2, 2, 2, 2, 2, 2, 2, 2, 2, 2, 2, 2, 2, 2, 2, 2, 2, 2, 2, 2 ],
[ 2, 1 ]);
GROU(21,3,[ 0, 3, 3, 3, 3, 3, 3, 3, 3, 3, 3, 3, 3, 3, 3, 3, 3, 3, 3, 3, 3, 3, 
  3, 3 ],[ 3, 1 ]);
GROU(21,4,[ 0, 4, 4, 4, 4, 4, 4, 4, 4, 4, 4, 4, 4, 4, 4, 4, 4 ],[ 4, 1 ]);
GROU(21,4,[ 0, 2, 2, 2, 4, 4, 4, 4, 4, 4, 4, 4, 4, 4, 4, 4, 4, 4 ],[ 4, 1 ]);
GROU(21,4,[ 0, 2, 2, 2, 2, 2, 2, 4, 4, 4, 4, 4, 4, 4, 4, 4, 4, 4, 4 ],
[ 4, 1 ]);
GROU(21,4,[ 0, 2, 2, 2, 2, 2, 2, 2, 2, 2, 4, 4, 4, 4, 4, 4, 4, 4, 4, 4 ],
[ 4, 1 ]);
GROU(21,4,[ 0, 2, 2, 2, 2, 2, 2, 2, 2, 2, 2, 2, 2, 4, 4, 4, 4, 4, 4, 4, 4 ],
[ 4, 1 ]);
GROU(21,4,[ 0, 2, 2, 2, 2, 2, 2, 2, 2, 2, 2, 2, 2, 2, 2, 2, 4, 4, 4, 4, 4, 4 
 ],[ 4, 1 ]);
GROU(21,4,[ 0, 2, 2, 2, 2, 2, 2, 2, 2, 2, 2, 2, 2, 2, 2, 2, 2, 2, 2, 4, 4, 4, 
  4 ],[ 4, 1 ]);
GROU(21,4,[ 0, 2, 2, 2, 2, 2, 2, 2, 2, 2, 2, 2, 2, 2, 2, 2, 2, 2, 2, 2, 2, 2, 
  4, 4 ],[ 4, 1 ]);
GROU(21,4,[ 0, 2, 2, 2, 2, 2, 2, 2, 2, 2, 2, 2, 2, 2, 2, 2, 2, 2, 2, 2, 2, 2, 
  2, 2, 2 ],[ 4, 2 ]);
GROU(21,6,[ 0, 3, 3, 3, 6, 6, 6, 6, 6, 6, 6, 6 ],[ 6, 2 ]);
GROU(21,6,[ 0, 3, 3, 3, 3, 3, 3, 3, 3, 6, 6, 6, 6 ],[ 6, 2 ]);
GROU(21,6,[ 0, 2, 3, 6, 6, 6, 6, 6, 6, 6, 6, 6 ],[ 6, 2 ]);
GROU(21,6,[ 0, 2, 3, 3, 3, 3, 3, 3, 6, 6, 6, 6, 6 ],[ 6, 2 ]);
GROU(21,6,[ 0, 2, 3, 3, 3, 3, 3, 3, 3, 3, 3, 3, 3, 6 ],[ 6, 2 ]);
GROU(21,6,[ 0, 2, 2, 3, 3, 3, 3, 6, 6, 6, 6, 6, 6 ],[ 6, 2 ]);
GROU(21,6,[ 0, 2, 2, 3, 3, 3, 3, 3, 3, 3, 3, 3, 6, 6 ],[ 6, 2 ]);
GROU(21,6,[ 0, 2, 2, 2, 3, 3, 6, 6, 6, 6, 6, 6, 6 ],[ 6, 2 ]);
GROU(21,6,[ 0, 2, 2, 2, 3, 3, 3, 3, 3, 3, 3, 6, 6, 6 ],[ 6, 2 ]);
GROU(21,6,[ 0, 2, 2, 2, 2, 6, 6, 6, 6, 6, 6, 6, 6 ],[ 6, 2 ]);
GROU(21,6,[ 0, 2, 2, 2, 2, 3, 3, 3, 3, 3, 6, 6, 6, 6 ],[ 6, 2 ]);
GROU(21,6,[ 0, 2, 2, 2, 2, 3, 3, 3, 3, 3, 3, 3, 3, 3, 3 ],[ 6, 1 ]);
GROU(21,6,[ 0, 2, 2, 2, 2, 3, 3, 3, 3, 3, 3, 3, 3, 3, 3 ],[ 6, 2 ]);
GROU(21,6,[ 0, 2, 2, 2, 2, 2, 3, 3, 3, 6, 6, 6, 6, 6 ],[ 6, 2 ]);
GROU(21,6,[ 0, 2, 2, 2, 2, 2, 3, 3, 3, 3, 3, 3, 3, 3, 6 ],[ 6, 2 ]);
GROU(21,6,[ 0, 2, 2, 2, 2, 2, 2, 3, 6, 6, 6, 6, 6, 6 ],[ 6, 2 ]);
GROU(21,6,[ 0, 2, 2, 2, 2, 2, 2, 3, 3, 3, 3, 3, 3, 6, 6 ],[ 6, 2 ]);
GROU(21,6,[ 0, 2, 2, 2, 2, 2, 2, 2, 3, 3, 3, 3, 6, 6, 6 ],[ 6, 2 ]);
GROU(21,6,[ 0, 2, 2, 2, 2, 2, 2, 2, 2, 3, 3, 6, 6, 6, 6 ],[ 6, 2 ]);
GROU(21,6,[ 0, 2, 2, 2, 2, 2, 2, 2, 2, 3, 3, 3, 3, 3, 3, 3 ],[ 6, 1 ]);
GROU(21,6,[ 0, 2, 2, 2, 2, 2, 2, 2, 2, 3, 3, 3, 3, 3, 3, 3 ],[ 6, 2 ]);
GROU(21,6,[ 0, 2, 2, 2, 2, 2, 2, 2, 2, 2, 6, 6, 6, 6, 6 ],[ 6, 2 ]);
GROU(21,6,[ 0, 2, 2, 2, 2, 2, 2, 2, 2, 2, 3, 3, 3, 3, 3, 6 ],[ 6, 2 ]);
GROU(21,6,[ 0, 2, 2, 2, 2, 2, 2, 2, 2, 2, 2, 3, 3, 3, 6, 6 ],[ 6, 2 ]);
GROU(21,6,[ 0, 2, 2, 2, 2, 2, 2, 2, 2, 2, 2, 2, 3, 6, 6, 6 ],[ 6, 2 ]);
GROU(21,6,[ 0, 2, 2, 2, 2, 2, 2, 2, 2, 2, 2, 2, 2, 3, 3, 3, 3 ],[ 6, 1 ]);
GROU(21,6,[ 0, 2, 2, 2, 2, 2, 2, 2, 2, 2, 2, 2, 2, 3, 3, 3, 3 ],[ 6, 2 ]);
GROU(21,6,[ 0, 2, 2, 2, 2, 2, 2, 2, 2, 2, 2, 2, 2, 2, 3, 3, 6 ],[ 6, 2 ]);
GROU(21,6,[ 0, 2, 2, 2, 2, 2, 2, 2, 2, 2, 2, 2, 2, 2, 2, 6, 6 ],[ 6, 2 ]);
GROU(21,6,[ 0, 2, 2, 2, 2, 2, 2, 2, 2, 2, 2, 2, 2, 2, 2, 2, 2, 3 ],[ 6, 1 ]);
GROU(21,7,[ 0, 7, 7, 7, 7, 7, 7, 7, 7, 7 ],[ 7, 1 ]);
GROU(21,8,[ 0, 8, 8, 8, 8, 8, 8, 8, 8 ],[ 8, 1 ]);
GROU(21,8,[ 0, 4, 4, 4, 4, 4, 4, 4, 8, 8 ],[ 8, 1 ]);
GROU(21,8,[ 0, 2, 4, 4, 4, 4, 8, 8, 8, 8 ],[ 8, 1 ]);
GROU(21,8,[ 0, 2, 2, 4, 8, 8, 8, 8, 8, 8 ],[ 8, 1 ]);
GROU(21,8,[ 0, 2, 2, 4, 4, 4, 4, 4, 4, 4, 4 ],[ 8, 2 ]);
GROU(21,8,[ 0, 2, 2, 4, 4, 4, 4, 4, 4, 4, 4 ],[ 8, 3 ]);
GROU(21,8,[ 0, 2, 2, 4, 4, 4, 4, 4, 4, 4, 4 ],[ 8, 4 ]);
GROU(21,8,[ 0, 2, 2, 2, 4, 4, 4, 4, 4, 8, 8 ],[ 8, 1 ]);
GROU(21,8,[ 0, 2, 2, 2, 2, 4, 4, 8, 8, 8, 8 ],[ 8, 1 ]);
GROU(21,8,[ 0, 2, 2, 2, 2, 2, 4, 4, 4, 4, 4, 4 ],[ 8, 2 ]);
GROU(21,8,[ 0, 2, 2, 2, 2, 2, 4, 4, 4, 4, 4, 4 ],[ 8, 3 ]);
GROU(21,8,[ 0, 2, 2, 2, 2, 2, 4, 4, 4, 4, 4, 4 ],[ 8, 4 ]);
GROU(21,8,[ 0, 2, 2, 2, 2, 2, 2, 4, 4, 4, 8, 8 ],[ 8, 1 ]);
GROU(21,8,[ 0, 2, 2, 2, 2, 2, 2, 2, 8, 8, 8, 8 ],[ 8, 1 ]);
GROU(21,8,[ 0, 2, 2, 2, 2, 2, 2, 2, 2, 4, 4, 4, 4 ],[ 8, 2 ]);
GROU(21,8,[ 0, 2, 2, 2, 2, 2, 2, 2, 2, 4, 4, 4, 4 ],[ 8, 3 ]);
GROU(21,8,[ 0, 2, 2, 2, 2, 2, 2, 2, 2, 4, 4, 4, 4 ],[ 8, 4 ]);
GROU(21,8,[ 0, 2, 2, 2, 2, 2, 2, 2, 2, 2, 4, 8, 8 ],[ 8, 1 ]);
GROU(21,8,[ 0, 2, 2, 2, 2, 2, 2, 2, 2, 2, 2, 2, 4, 4 ],[ 8, 2 ]);
GROU(21,8,[ 0, 2, 2, 2, 2, 2, 2, 2, 2, 2, 2, 2, 4, 4 ],[ 8, 3 ]);
GROU(21,8,[ 0, 2, 2, 2, 2, 2, 2, 2, 2, 2, 2, 2, 2, 2, 2 ],[ 8, 3 ]);
GROU(21,8,[ 0, 2, 2, 2, 2, 2, 2, 2, 2, 2, 2, 2, 2, 2, 2 ],[ 8, 5 ]);
GROU(21,9,[ 0, 3, 3, 3, 9, 9, 9, 9, 9 ],[ 9, 1 ]);
GROU(21,9,[ 0, 3, 3, 3, 3, 3, 3, 3, 9, 9 ],[ 9, 1 ]);
GROU(21,10,[ 0, 5, 5, 5, 10, 10, 10, 10 ],[ 10, 2 ]);
GROU(21,10,[ 0, 2, 2, 5, 5, 5, 5, 10, 10 ],[ 10, 2 ]);
GROU(21,10,[ 0, 2, 2, 2, 10, 10, 10, 10, 10 ],[ 10, 2 ]);
GROU(21,10,[ 0, 2, 2, 2, 2, 5, 5, 5, 5, 5 ],[ 10, 1 ]);
GROU(21,10,[ 0, 2, 2, 2, 2, 5, 5, 5, 5, 5 ],[ 10, 2 ]);
GROU(21,10,[ 0, 2, 2, 2, 2, 2, 5, 10, 10, 10 ],[ 10, 2 ]);
GROU(21,10,[ 0, 2, 2, 2, 2, 2, 2, 2, 5, 5, 10 ],[ 10, 2 ]);
GROU(21,10,[ 0, 2, 2, 2, 2, 2, 2, 2, 2, 2, 2, 2, 2 ],[ 10, 1 ]);
GROU(21,12,[ 0, 6, 6, 12, 12, 12, 12 ],[ 12, 2 ]);
GROU(21,12,[ 0, 4, 12, 12, 12, 12, 12 ],[ 12, 2 ]);
GROU(21,12,[ 0, 4, 4, 4, 4, 4, 4, 6 ],[ 12, 1 ]);
GROU(21,12,[ 0, 3, 4, 4, 4, 4, 6, 6 ],[ 12, 1 ]);
GROU(21,12,[ 0, 3, 4, 4, 4, 4, 6, 6 ],[ 12, 2 ]);
GROU(21,12,[ 0, 3, 4, 4, 4, 4, 4, 12 ],[ 12, 2 ]);
GROU(21,12,[ 0, 3, 3, 4, 4, 6, 6, 6 ],[ 12, 1 ]);
GROU(21,12,[ 0, 3, 3, 4, 4, 6, 6, 6 ],[ 12, 2 ]);
GROU(21,12,[ 0, 3, 3, 4, 4, 4, 6, 12 ],[ 12, 2 ]);
GROU(21,12,[ 0, 3, 3, 3, 6, 6, 6, 6 ],[ 12, 5 ]);
GROU(21,12,[ 0, 3, 3, 3, 4, 6, 6, 12 ],[ 12, 2 ]);
GROU(21,12,[ 0, 3, 3, 3, 4, 4, 12, 12 ],[ 12, 2 ]);
GROU(21,12,[ 0, 3, 3, 3, 3, 6, 12, 12 ],[ 12, 2 ]);
GROU(21,12,[ 0, 3, 3, 3, 3, 3, 3, 3, 3 ],[ 12, 3 ]);
GROU(21,12,[ 0, 2, 4, 4, 6, 6, 6, 6 ],[ 12, 1 ]);
GROU(21,12,[ 0, 2, 4, 4, 6, 6, 6, 6 ],[ 12, 2 ]);
GROU(21,12,[ 0, 2, 4, 4, 4, 6, 6, 12 ],[ 12, 2 ]);
GROU(21,12,[ 0, 2, 4, 4, 4, 4, 12, 12 ],[ 12, 2 ]);
GROU(21,12,[ 0, 2, 3, 6, 6, 6, 6, 6 ],[ 12, 5 ]);
GROU(21,12,[ 0, 2, 3, 4, 6, 6, 6, 12 ],[ 12, 2 ]);
GROU(21,12,[ 0, 2, 3, 4, 4, 6, 12, 12 ],[ 12, 2 ]);
GROU(21,12,[ 0, 2, 3, 3, 6, 6, 12, 12 ],[ 12, 2 ]);
GROU(21,12,[ 0, 2, 3, 3, 4, 12, 12, 12 ],[ 12, 2 ]);
GROU(21,12,[ 0, 2, 3, 3, 3, 3, 3, 4, 4 ],[ 12, 1 ]);
GROU(21,12,[ 0, 2, 3, 3, 3, 3, 3, 4, 4 ],[ 12, 2 ]);
GROU(21,12,[ 0, 2, 2, 6, 6, 6, 12, 12 ],[ 12, 2 ]);
GROU(21,12,[ 0, 2, 2, 4, 6, 12, 12, 12 ],[ 12, 2 ]);
GROU(21,12,[ 0, 2, 2, 3, 12, 12, 12, 12 ],[ 12, 2 ]);
GROU(21,12,[ 0, 2, 2, 3, 3, 4, 4, 4, 4 ],[ 12, 1 ]);
GROU(21,12,[ 0, 2, 2, 3, 3, 4, 4, 4, 4 ],[ 12, 2 ]);
GROU(21,12,[ 0, 2, 2, 3, 3, 3, 4, 4, 6 ],[ 12, 1 ]);
GROU(21,12,[ 0, 2, 2, 3, 3, 3, 4, 4, 6 ],[ 12, 2 ]);
GROU(21,12,[ 0, 2, 2, 3, 3, 3, 3, 6, 6 ],[ 12, 4 ]);
GROU(21,12,[ 0, 2, 2, 3, 3, 3, 3, 6, 6 ],[ 12, 5 ]);
GROU(21,12,[ 0, 2, 2, 3, 3, 3, 3, 4, 12 ],[ 12, 2 ]);
GROU(21,12,[ 0, 2, 2, 2, 4, 4, 4, 4, 6 ],[ 12, 1 ]);
GROU(21,12,[ 0, 2, 2, 2, 3, 4, 4, 6, 6 ],[ 12, 1 ]);
GROU(21,12,[ 0, 2, 2, 2, 3, 4, 4, 6, 6 ],[ 12, 2 ]);
GROU(21,12,[ 0, 2, 2, 2, 3, 4, 4, 4, 12 ],[ 12, 2 ]);
GROU(21,12,[ 0, 2, 2, 2, 3, 3, 6, 6, 6 ],[ 12, 4 ]);
GROU(21,12,[ 0, 2, 2, 2, 3, 3, 6, 6, 6 ],[ 12, 5 ]);
GROU(21,12,[ 0, 2, 2, 2, 3, 3, 4, 6, 12 ],[ 12, 2 ]);
GROU(21,12,[ 0, 2, 2, 2, 3, 3, 3, 12, 12 ],[ 12, 2 ]);
GROU(21,12,[ 0, 2, 2, 2, 2, 6, 6, 6, 6 ],[ 12, 4 ]);
GROU(21,12,[ 0, 2, 2, 2, 2, 6, 6, 6, 6 ],[ 12, 5 ]);
GROU(21,12,[ 0, 2, 2, 2, 2, 4, 6, 6, 12 ],[ 12, 2 ]);
GROU(21,12,[ 0, 2, 2, 2, 2, 4, 4, 12, 12 ],[ 12, 2 ]);
GROU(21,12,[ 0, 2, 2, 2, 2, 3, 6, 12, 12 ],[ 12, 2 ]);
GROU(21,12,[ 0, 2, 2, 2, 2, 3, 3, 3, 3, 3 ],[ 12, 3 ]);
GROU(21,12,[ 0, 2, 2, 2, 2, 3, 3, 3, 3, 3 ],[ 12, 4 ]);
GROU(21,12,[ 0, 2, 2, 2, 2, 3, 3, 3, 3, 3 ],[ 12, 5 ]);
GROU(21,12,[ 0, 2, 2, 2, 2, 2, 3, 3, 4, 4 ],[ 12, 1 ]);
GROU(21,12,[ 0, 2, 2, 2, 2, 2, 3, 3, 4, 4 ],[ 12, 2 ]);
GROU(21,12,[ 0, 2, 2, 2, 2, 2, 3, 3, 3, 6 ],[ 12, 4 ]);
GROU(21,12,[ 0, 2, 2, 2, 2, 2, 3, 3, 3, 6 ],[ 12, 5 ]);
GROU(21,12,[ 0, 2, 2, 2, 2, 2, 2, 4, 4, 6 ],[ 12, 1 ]);
GROU(21,12,[ 0, 2, 2, 2, 2, 2, 2, 3, 6, 6 ],[ 12, 4 ]);
GROU(21,12,[ 0, 2, 2, 2, 2, 2, 2, 3, 6, 6 ],[ 12, 5 ]);
GROU(21,12,[ 0, 2, 2, 2, 2, 2, 2, 3, 4, 12 ],[ 12, 2 ]);
GROU(21,12,[ 0, 2, 2, 2, 2, 2, 2, 2, 12, 12 ],[ 12, 2 ]);
GROU(21,12,[ 0, 2, 2, 2, 2, 2, 2, 2, 2, 3, 3 ],[ 12, 3 ]);
GROU(21,12,[ 0, 2, 2, 2, 2, 2, 2, 2, 2, 3, 3 ],[ 12, 4 ]);
GROU(21,12,[ 0, 2, 2, 2, 2, 2, 2, 2, 2, 3, 3 ],[ 12, 5 ]);
GROU(21,12,[ 0, 2, 2, 2, 2, 2, 2, 2, 2, 2, 6 ],[ 12, 4 ]);
GROU(21,14,[ 0, 2, 7, 7, 7, 7, 14 ],[ 14, 2 ]);
GROU(21,14,[ 0, 2, 2, 2, 2, 2, 2, 14, 14 ],[ 14, 2 ]);
GROU(21,14,[ 0, 2, 2, 2, 2, 2, 2, 2, 2, 7 ],[ 14, 1 ]);
GROU(21,15,[ 0, 15, 15, 15, 15, 15 ],[ 15, 1 ]);
GROU(21,15,[ 0, 3, 3, 5, 5, 5, 15 ],[ 15, 1 ]);
GROU(21,15,[ 0, 3, 3, 3, 5, 15, 15 ],[ 15, 1 ]);
GROU(21,16,[ 0, 8, 8, 8, 16, 16 ],[ 16, 1 ]);
GROU(21,16,[ 0, 4, 16, 16, 16, 16 ],[ 16, 1 ]);
GROU(21,16,[ 0, 4, 4, 4, 4, 4, 4 ],[ 16, 2 ]);
GROU(21,16,[ 0, 4, 4, 4, 4, 4, 4 ],[ 16, 3 ]);
GROU(21,16,[ 0, 4, 4, 4, 4, 4, 4 ],[ 16, 4 ]);
GROU(21,16,[ 0, 4, 4, 4, 4, 4, 4 ],[ 16, 9 ]);
GROU(21,16,[ 0, 4, 4, 4, 4, 4, 4 ],[ 16, 10 ]);
GROU(21,16,[ 0, 4, 4, 4, 4, 4, 4 ],[ 16, 12 ]);
GROU(21,16,[ 0, 4, 4, 4, 4, 4, 4 ],[ 16, 13 ]);
GROU(21,16,[ 0, 2, 4, 4, 4, 8, 8 ],[ 16, 5 ]);
GROU(21,16,[ 0, 2, 4, 4, 4, 8, 8 ],[ 16, 6 ]);
GROU(21,16,[ 0, 2, 4, 4, 4, 8, 8 ],[ 16, 8 ]);
GROU(21,16,[ 0, 2, 4, 4, 4, 8, 8 ],[ 16, 9 ]);
GROU(21,16,[ 0, 2, 2, 8, 8, 8, 8 ],[ 16, 5 ]);
GROU(21,16,[ 0, 2, 2, 8, 8, 8, 8 ],[ 16, 6 ]);
GROU(21,16,[ 0, 2, 2, 8, 8, 8, 8 ],[ 16, 7 ]);
GROU(21,16,[ 0, 2, 2, 8, 8, 8, 8 ],[ 16, 8 ]);
GROU(21,16,[ 0, 2, 2, 4, 8, 16, 16 ],[ 16, 1 ]);
GROU(21,16,[ 0, 2, 2, 2, 4, 4, 4, 4 ],[ 16, 2 ]);
GROU(21,16,[ 0, 2, 2, 2, 4, 4, 4, 4 ],[ 16, 3 ]);
GROU(21,16,[ 0, 2, 2, 2, 4, 4, 4, 4 ],[ 16, 4 ]);
GROU(21,16,[ 0, 2, 2, 2, 4, 4, 4, 4 ],[ 16, 8 ]);
GROU(21,16,[ 0, 2, 2, 2, 4, 4, 4, 4 ],[ 16, 9 ]);
GROU(21,16,[ 0, 2, 2, 2, 4, 4, 4, 4 ],[ 16, 10 ]);
GROU(21,16,[ 0, 2, 2, 2, 4, 4, 4, 4 ],[ 16, 11 ]);
GROU(21,16,[ 0, 2, 2, 2, 4, 4, 4, 4 ],[ 16, 12 ]);
GROU(21,16,[ 0, 2, 2, 2, 4, 4, 4, 4 ],[ 16, 13 ]);
GROU(21,16,[ 0, 2, 2, 2, 2, 4, 8, 8 ],[ 16, 5 ]);
GROU(21,16,[ 0, 2, 2, 2, 2, 4, 8, 8 ],[ 16, 6 ]);
GROU(21,16,[ 0, 2, 2, 2, 2, 4, 8, 8 ],[ 16, 7 ]);
GROU(21,16,[ 0, 2, 2, 2, 2, 4, 8, 8 ],[ 16, 8 ]);
GROU(21,16,[ 0, 2, 2, 2, 2, 2, 2, 4, 4 ],[ 16, 3 ]);
GROU(21,16,[ 0, 2, 2, 2, 2, 2, 2, 4, 4 ],[ 16, 7 ]);
GROU(21,16,[ 0, 2, 2, 2, 2, 2, 2, 4, 4 ],[ 16, 8 ]);
GROU(21,16,[ 0, 2, 2, 2, 2, 2, 2, 4, 4 ],[ 16, 10 ]);
GROU(21,16,[ 0, 2, 2, 2, 2, 2, 2, 4, 4 ],[ 16, 11 ]);
GROU(21,16,[ 0, 2, 2, 2, 2, 2, 2, 4, 4 ],[ 16, 13 ]);
GROU(21,16,[ 0, 2, 2, 2, 2, 2, 2, 2, 2, 2 ],[ 16, 7 ]);
GROU(21,16,[ 0, 2, 2, 2, 2, 2, 2, 2, 2, 2 ],[ 16, 11 ]);
GROU(21,16,[ 0, 2, 2, 2, 2, 2, 2, 2, 2, 2 ],[ 16, 13 ]);
GROU(21,16,[ 0, 2, 2, 2, 2, 2, 2, 2, 2, 2 ],[ 16, 14 ]);
SIGN(21,18,[ 0, 6, 6, 6, 6, 9 ],"all");
GROU(21,18,[ 0, 3, 6, 9, 9, 18 ],[ 18, 2 ]);
GROU(21,18,[ 0, 3, 6, 6, 18, 18 ],[ 18, 2 ]);
GROU(21,18,[ 0, 2, 9, 18, 18, 18 ],[ 18, 2 ]);
SIGN(21,18,[ 0, 2, 3, 3, 3, 6, 9 ],"all");
SIGN(21,18,[ 0, 2, 2, 3, 6, 6, 9 ],"all");
GROU(21,18,[ 0, 2, 2, 3, 3, 18, 18 ],[ 18, 2 ]);
GROU(21,18,[ 0, 2, 2, 2, 9, 9, 18 ],[ 18, 2 ]);
GROU(21,18,[ 0, 2, 2, 2, 6, 18, 18 ],[ 18, 2 ]);
GROU(21,18,[ 0, 2, 2, 2, 2, 3, 3, 9 ],[ 18, 1 ]);
SIGN(21,18,[ 0, 2, 2, 2, 2, 2, 6, 9 ],"all");
GROU(21,20,[ 0, 4, 4, 5, 5, 10 ],[ 20, 1 ]);
GROU(21,20,[ 0, 4, 4, 5, 5, 10 ],[ 20, 2 ]);
GROU(21,20,[ 0, 4, 4, 4, 5, 20 ],[ 20, 2 ]);
GROU(21,20,[ 0, 2, 5, 10, 10, 10 ],[ 20, 5 ]);
GROU(21,20,[ 0, 2, 5, 5, 20, 20 ],[ 20, 2 ]);
GROU(21,20,[ 0, 2, 4, 10, 10, 20 ],[ 20, 2 ]);
GROU(21,20,[ 0, 2, 2, 4, 4, 4, 4 ],[ 20, 1 ]);
GROU(21,20,[ 0, 2, 2, 4, 4, 4, 4 ],[ 20, 3 ]);
GROU(21,20,[ 0, 2, 2, 2, 5, 5, 10 ],[ 20, 4 ]);
GROU(21,20,[ 0, 2, 2, 2, 5, 5, 10 ],[ 20, 5 ]);
GROU(21,20,[ 0, 2, 2, 2, 4, 5, 20 ],[ 20, 2 ]);
GROU(21,20,[ 0, 2, 2, 2, 2, 2, 4, 4 ],[ 20, 3 ]);
GROU(21,20,[ 0, 2, 2, 2, 2, 2, 2, 2, 2 ],[ 20, 4 ]);
GROU(21,21,[ 0, 3, 3, 7, 7, 7 ],[ 21, 1 ]);
GROU(21,21,[ 0, 3, 3, 7, 7, 7 ],[ 21, 2 ]);
GROU(21,21,[ 0, 3, 3, 3, 21, 21 ],[ 21, 2 ]);
GROU(21,22,[ 0, 22, 22, 22, 22 ],[ 22, 2 ]);
GROU(21,22,[ 0, 2, 2, 11, 22, 22 ],[ 22, 2 ]);
GROU(21,22,[ 0, 2, 2, 2, 2, 11, 11 ],[ 22, 1 ]);
GROU(21,22,[ 0, 2, 2, 2, 2, 11, 11 ],[ 22, 2 ]);
GROU(21,24,[ 0, 12, 12, 12, 12 ],[ 24, 9 ]);
GROU(21,24,[ 0, 12, 12, 12, 12 ],[ 24, 11 ]);
GROU(21,24,[ 0, 8, 12, 12, 24 ],[ 24, 2 ]);
GROU(21,24,[ 0, 8, 8, 24, 24 ],[ 24, 2 ]);
GROU(21,24,[ 0, 6, 12, 24, 24 ],[ 24, 2 ]);
GROU(21,24,[ 0, 3, 4, 4, 4, 4 ],[ 24, 4 ]);
GROU(21,24,[ 0, 3, 4, 4, 4, 4 ],[ 24, 5 ]);
GROU(21,24,[ 0, 3, 4, 4, 4, 4 ],[ 24, 7 ]);
GROU(21,24,[ 0, 3, 4, 4, 4, 4 ],[ 24, 12 ]);
GROU(21,24,[ 0, 3, 3, 4, 4, 6 ],[ 24, 3 ]);
GROU(21,24,[ 0, 3, 3, 4, 4, 6 ],[ 24, 7 ]);
GROU(21,24,[ 0, 3, 3, 4, 4, 6 ],[ 24, 9 ]);
GROU(21,24,[ 0, 3, 3, 3, 6, 6 ],[ 24, 3 ]);
GROU(21,24,[ 0, 3, 3, 3, 6, 6 ],[ 24, 13 ]);
GROU(21,24,[ 0, 2, 4, 4, 6, 6 ],[ 24, 3 ]);
GROU(21,24,[ 0, 2, 4, 4, 6, 6 ],[ 24, 5 ]);
GROU(21,24,[ 0, 2, 4, 4, 6, 6 ],[ 24, 7 ]);
GROU(21,24,[ 0, 2, 4, 4, 6, 6 ],[ 24, 8 ]);
GROU(21,24,[ 0, 2, 4, 4, 6, 6 ],[ 24, 9 ]);
GROU(21,24,[ 0, 2, 4, 4, 6, 6 ],[ 24, 10 ]);
GROU(21,24,[ 0, 2, 4, 4, 4, 12 ],[ 24, 4 ]);
GROU(21,24,[ 0, 2, 4, 4, 4, 12 ],[ 24, 5 ]);
GROU(21,24,[ 0, 2, 3, 6, 6, 6 ],[ 24, 3 ]);
GROU(21,24,[ 0, 2, 3, 6, 6, 6 ],[ 24, 10 ]);
GROU(21,24,[ 0, 2, 3, 6, 6, 6 ],[ 24, 13 ]);
GROU(21,24,[ 0, 2, 3, 6, 6, 6 ],[ 24, 15 ]);
GROU(21,24,[ 0, 2, 3, 4, 8, 8 ],[ 24, 1 ]);
GROU(21,24,[ 0, 2, 3, 4, 6, 12 ],[ 24, 5 ]);
GROU(21,24,[ 0, 2, 3, 4, 6, 12 ],[ 24, 9 ]);
GROU(21,24,[ 0, 2, 3, 4, 6, 12 ],[ 24, 10 ]);
GROU(21,24,[ 0, 2, 3, 3, 12, 12 ],[ 24, 9 ]);
GROU(21,24,[ 0, 2, 3, 3, 8, 24 ],[ 24, 2 ]);
GROU(21,24,[ 0, 2, 2, 8, 8, 12 ],[ 24, 1 ]);
GROU(21,24,[ 0, 2, 2, 6, 12, 12 ],[ 24, 5 ]);
GROU(21,24,[ 0, 2, 2, 6, 12, 12 ],[ 24, 6 ]);
GROU(21,24,[ 0, 2, 2, 6, 12, 12 ],[ 24, 9 ]);
GROU(21,24,[ 0, 2, 2, 6, 12, 12 ],[ 24, 10 ]);
GROU(21,24,[ 0, 2, 2, 6, 8, 24 ],[ 24, 2 ]);
GROU(21,24,[ 0, 2, 2, 4, 24, 24 ],[ 24, 2 ]);
GROU(21,24,[ 0, 2, 2, 3, 3, 3, 3 ],[ 24, 3 ]);
GROU(21,24,[ 0, 2, 2, 3, 3, 3, 3 ],[ 24, 12 ]);
GROU(21,24,[ 0, 2, 2, 3, 3, 3, 3 ],[ 24, 13 ]);
GROU(21,24,[ 0, 2, 2, 2, 3, 4, 4 ],[ 24, 5 ]);
GROU(21,24,[ 0, 2, 2, 2, 3, 4, 4 ],[ 24, 6 ]);
GROU(21,24,[ 0, 2, 2, 2, 3, 4, 4 ],[ 24, 7 ]);
GROU(21,24,[ 0, 2, 2, 2, 3, 4, 4 ],[ 24, 8 ]);
GROU(21,24,[ 0, 2, 2, 2, 3, 4, 4 ],[ 24, 12 ]);
GROU(21,24,[ 0, 2, 2, 2, 3, 3, 6 ],[ 24, 8 ]);
GROU(21,24,[ 0, 2, 2, 2, 3, 3, 6 ],[ 24, 10 ]);
GROU(21,24,[ 0, 2, 2, 2, 3, 3, 6 ],[ 24, 13 ]);
GROU(21,24,[ 0, 2, 2, 2, 3, 3, 6 ],[ 24, 14 ]);
GROU(21,24,[ 0, 2, 2, 2, 3, 3, 6 ],[ 24, 15 ]);
GROU(21,24,[ 0, 2, 2, 2, 2, 6, 6 ],[ 24, 6 ]);
GROU(21,24,[ 0, 2, 2, 2, 2, 6, 6 ],[ 24, 8 ]);
GROU(21,24,[ 0, 2, 2, 2, 2, 6, 6 ],[ 24, 10 ]);
GROU(21,24,[ 0, 2, 2, 2, 2, 6, 6 ],[ 24, 13 ]);
GROU(21,24,[ 0, 2, 2, 2, 2, 6, 6 ],[ 24, 14 ]);
GROU(21,24,[ 0, 2, 2, 2, 2, 6, 6 ],[ 24, 15 ]);
GROU(21,24,[ 0, 2, 2, 2, 2, 4, 12 ],[ 24, 5 ]);
GROU(21,24,[ 0, 2, 2, 2, 2, 4, 12 ],[ 24, 6 ]);
GROU(21,24,[ 0, 2, 2, 2, 2, 2, 2, 3 ],[ 24, 6 ]);
GROU(21,24,[ 0, 2, 2, 2, 2, 2, 2, 3 ],[ 24, 8 ]);
GROU(21,24,[ 0, 2, 2, 2, 2, 2, 2, 3 ],[ 24, 12 ]);
GROU(21,24,[ 0, 2, 2, 2, 2, 2, 2, 3 ],[ 24, 14 ]);
GROU(21,27,[ 0, 3, 9, 27, 27 ],[ 27, 1 ]);
GROU(21,28,[ 0, 4, 7, 7, 28 ],[ 28, 2 ]);
GROU(21,28,[ 0, 4, 4, 28, 28 ],[ 28, 2 ]);
GROU(21,28,[ 0, 2, 2, 4, 4, 14 ],[ 28, 1 ]);
GROU(21,28,[ 0, 2, 2, 2, 28, 28 ],[ 28, 2 ]);
GROU(21,28,[ 0, 2, 2, 2, 2, 2, 14 ],[ 28, 3 ]);
GROU(21,30,[ 0, 6, 6, 6, 6 ],[ 30, 2 ]);
GROU(21,30,[ 0, 3, 6, 10, 15 ],[ 30, 4 ]);
GROU(21,30,[ 0, 3, 5, 10, 30 ],[ 30, 4 ]);
GROU(21,30,[ 0, 2, 15, 15, 30 ],[ 30, 4 ]);
GROU(21,30,[ 0, 2, 10, 30, 30 ],[ 30, 4 ]);
GROU(21,30,[ 0, 2, 2, 3, 6, 6 ],[ 30, 2 ]);
GROU(21,30,[ 0, 2, 2, 2, 10, 15 ],[ 30, 1 ]);
GROU(21,30,[ 0, 2, 2, 2, 2, 3, 3 ],[ 30, 2 ]);
GROU(21,30,[ 0, 2, 2, 2, 2, 3, 3 ],[ 30, 3 ]);
GROU(21,32,[ 0, 4, 4, 8, 8 ],[ 32, 3 ]);
GROU(21,32,[ 0, 4, 4, 8, 8 ],[ 32, 4 ]);
GROU(21,32,[ 0, 4, 4, 8, 8 ],[ 32, 5 ]);
GROU(21,32,[ 0, 4, 4, 8, 8 ],[ 32, 8 ]);
GROU(21,32,[ 0, 4, 4, 8, 8 ],[ 32, 9 ]);
GROU(21,32,[ 0, 4, 4, 8, 8 ],[ 32, 10 ]);
GROU(21,32,[ 0, 4, 4, 8, 8 ],[ 32, 11 ]);
GROU(21,32,[ 0, 4, 4, 8, 8 ],[ 32, 12 ]);
GROU(21,32,[ 0, 4, 4, 8, 8 ],[ 32, 13 ]);
GROU(21,32,[ 0, 4, 4, 8, 8 ],[ 32, 14 ]);
GROU(21,32,[ 0, 4, 4, 8, 8 ],[ 32, 36 ]);
GROU(21,32,[ 0, 4, 4, 8, 8 ],[ 32, 37 ]);
GROU(21,32,[ 0, 4, 4, 8, 8 ],[ 32, 38 ]);
GROU(21,32,[ 0, 4, 4, 8, 8 ],[ 32, 40 ]);
GROU(21,32,[ 0, 4, 4, 8, 8 ],[ 32, 41 ]);
GROU(21,32,[ 0, 4, 4, 8, 8 ],[ 32, 44 ]);
GROU(21,32,[ 0, 2, 8, 16, 16 ],[ 32, 16 ]);
GROU(21,32,[ 0, 2, 8, 16, 16 ],[ 32, 17 ]);
GROU(21,32,[ 0, 2, 2, 4, 4, 4 ],[ 32, 2 ]);
GROU(21,32,[ 0, 2, 2, 4, 4, 4 ],[ 32, 6 ]);
GROU(21,32,[ 0, 2, 2, 4, 4, 4 ],[ 32, 9 ]);
GROU(21,32,[ 0, 2, 2, 4, 4, 4 ],[ 32, 11 ]);
GROU(21,32,[ 0, 2, 2, 4, 4, 4 ],[ 32, 19 ]);
GROU(21,32,[ 0, 2, 2, 4, 4, 4 ],[ 32, 21 ]);
GROU(21,32,[ 0, 2, 2, 4, 4, 4 ],[ 32, 23 ]);
GROU(21,32,[ 0, 2, 2, 4, 4, 4 ],[ 32, 24 ]);
GROU(21,32,[ 0, 2, 2, 4, 4, 4 ],[ 32, 25 ]);
GROU(21,32,[ 0, 2, 2, 4, 4, 4 ],[ 32, 27 ]);
GROU(21,32,[ 0, 2, 2, 4, 4, 4 ],[ 32, 28 ]);
GROU(21,32,[ 0, 2, 2, 4, 4, 4 ],[ 32, 29 ]);
GROU(21,32,[ 0, 2, 2, 4, 4, 4 ],[ 32, 30 ]);
GROU(21,32,[ 0, 2, 2, 4, 4, 4 ],[ 32, 31 ]);
GROU(21,32,[ 0, 2, 2, 4, 4, 4 ],[ 32, 33 ]);
GROU(21,32,[ 0, 2, 2, 4, 4, 4 ],[ 32, 34 ]);
GROU(21,32,[ 0, 2, 2, 4, 4, 4 ],[ 32, 40 ]);
GROU(21,32,[ 0, 2, 2, 4, 4, 4 ],[ 32, 42 ]);
GROU(21,32,[ 0, 2, 2, 4, 4, 4 ],[ 32, 43 ]);
GROU(21,32,[ 0, 2, 2, 4, 4, 4 ],[ 32, 44 ]);
GROU(21,32,[ 0, 2, 2, 4, 4, 4 ],[ 32, 46 ]);
GROU(21,32,[ 0, 2, 2, 4, 4, 4 ],[ 32, 47 ]);
GROU(21,32,[ 0, 2, 2, 4, 4, 4 ],[ 32, 48 ]);
GROU(21,32,[ 0, 2, 2, 4, 4, 4 ],[ 32, 49 ]);
GROU(21,32,[ 0, 2, 2, 4, 4, 4 ],[ 32, 50 ]);
GROU(21,32,[ 0, 2, 2, 2, 8, 8 ],[ 32, 5 ]);
GROU(21,32,[ 0, 2, 2, 2, 8, 8 ],[ 32, 7 ]);
GROU(21,32,[ 0, 2, 2, 2, 8, 8 ],[ 32, 9 ]);
GROU(21,32,[ 0, 2, 2, 2, 8, 8 ],[ 32, 11 ]);
GROU(21,32,[ 0, 2, 2, 2, 8, 8 ],[ 32, 36 ]);
GROU(21,32,[ 0, 2, 2, 2, 8, 8 ],[ 32, 37 ]);
GROU(21,32,[ 0, 2, 2, 2, 8, 8 ],[ 32, 38 ]);
GROU(21,32,[ 0, 2, 2, 2, 8, 8 ],[ 32, 39 ]);
GROU(21,32,[ 0, 2, 2, 2, 8, 8 ],[ 32, 40 ]);
GROU(21,32,[ 0, 2, 2, 2, 8, 8 ],[ 32, 42 ]);
GROU(21,32,[ 0, 2, 2, 2, 8, 8 ],[ 32, 43 ]);
GROU(21,32,[ 0, 2, 2, 2, 8, 8 ],[ 32, 44 ]);
GROU(21,32,[ 0, 2, 2, 2, 2, 2, 4 ],[ 32, 18 ]);
GROU(21,32,[ 0, 2, 2, 2, 2, 2, 4 ],[ 32, 27 ]);
GROU(21,32,[ 0, 2, 2, 2, 2, 2, 4 ],[ 32, 28 ]);
GROU(21,32,[ 0, 2, 2, 2, 2, 2, 4 ],[ 32, 34 ]);
GROU(21,32,[ 0, 2, 2, 2, 2, 2, 4 ],[ 32, 39 ]);
GROU(21,32,[ 0, 2, 2, 2, 2, 2, 4 ],[ 32, 42 ]);
GROU(21,32,[ 0, 2, 2, 2, 2, 2, 4 ],[ 32, 43 ]);
GROU(21,32,[ 0, 2, 2, 2, 2, 2, 4 ],[ 32, 46 ]);
GROU(21,32,[ 0, 2, 2, 2, 2, 2, 4 ],[ 32, 48 ]);
GROU(21,32,[ 0, 2, 2, 2, 2, 2, 4 ],[ 32, 49 ]);
GROU(21,32,[ 0, 2, 2, 2, 2, 2, 4 ],[ 32, 50 ]);
GROU(21,33,[ 0, 3, 3, 11, 33 ],[ 33, 1 ]);
GROU(21,36,[ 0, 3, 4, 4, 18 ],[ 36, 1 ]);
SIGN(21,36,[ 0, 3, 3, 9, 9 ],"all");
GROU(21,36,[ 0, 2, 6, 9, 9 ],[ 36, 3 ]);
SIGN(21,36,[ 0, 2, 6, 6, 18 ],"all");
SIGN(21,36,[ 0, 2, 4, 12, 18 ],"all");
GROU(21,36,[ 0, 2, 4, 9, 36 ],[ 36, 2 ]);
GROU(21,36,[ 0, 2, 3, 36, 36 ],[ 36, 2 ]);
GROU(21,36,[ 0, 2, 2, 2, 3, 18 ],[ 36, 4 ]);
GROU(21,40,[ 0, 4, 4, 4, 4 ],[ 40, 4 ]);
GROU(21,40,[ 0, 4, 4, 4, 4 ],[ 40, 7 ]);
GROU(21,40,[ 0, 4, 4, 4, 4 ],[ 40, 12 ]);
GROU(21,40,[ 0, 2, 4, 8, 8 ],[ 40, 3 ]);
GROU(21,40,[ 0, 2, 4, 5, 20 ],[ 40, 5 ]);
GROU(21,40,[ 0, 2, 4, 5, 20 ],[ 40, 9 ]);
GROU(21,40,[ 0, 2, 2, 2, 4, 4 ],[ 40, 5 ]);
GROU(21,40,[ 0, 2, 2, 2, 4, 4 ],[ 40, 8 ]);
GROU(21,40,[ 0, 2, 2, 2, 4, 4 ],[ 40, 12 ]);
GROU(21,40,[ 0, 2, 2, 2, 2, 2, 2 ],[ 40, 6 ]);
GROU(21,40,[ 0, 2, 2, 2, 2, 2, 2 ],[ 40, 8 ]);
GROU(21,40,[ 0, 2, 2, 2, 2, 2, 2 ],[ 40, 13 ]);
GROU(21,42,[ 0, 2, 3, 7, 14 ],[ 42, 3 ]);
GROU(21,42,[ 0, 2, 3, 6, 21 ],[ 42, 4 ]);
GROU(21,42,[ 0, 2, 2, 42, 42 ],[ 42, 6 ]);
GROU(21,42,[ 0, 2, 2, 2, 2, 21 ],[ 42, 5 ]);
GROU(21,43,[ 0, 43, 43, 43 ],[ 43, 1 ]);
GROU(21,44,[ 0, 22, 44, 44 ],[ 44, 2 ]);
GROU(21,44,[ 0, 2, 4, 4, 11 ],[ 44, 1 ]);
GROU(21,44,[ 0, 2, 2, 22, 22 ],[ 44, 3 ]);
GROU(21,44,[ 0, 2, 2, 22, 22 ],[ 44, 4 ]);
GROU(21,44,[ 0, 2, 2, 2, 2, 11 ],[ 44, 3 ]);
GROU(21,45,[ 0, 15, 45, 45 ],[ 45, 1 ]);
GROU(21,48,[ 0, 16, 16, 24 ],[ 48, 1 ]);
GROU(21,48,[ 0, 12, 24, 24 ],[ 48, 23 ]);
GROU(21,48,[ 0, 12, 24, 24 ],[ 48, 24 ]);
GROU(21,48,[ 0, 12, 16, 48 ],[ 48, 2 ]);
GROU(21,48,[ 0, 8, 48, 48 ],[ 48, 2 ]);
GROU(21,48,[ 0, 3, 3, 4, 4 ],[ 48, 3 ]);
GROU(21,48,[ 0, 3, 3, 4, 4 ],[ 48, 28 ]);
GROU(21,48,[ 0, 3, 3, 4, 4 ],[ 48, 30 ]);
GROU(21,48,[ 0, 3, 3, 4, 4 ],[ 48, 31 ]);
GROU(21,48,[ 0, 3, 3, 4, 4 ],[ 48, 32 ]);
SIGN(21,48,[ 0, 3, 3, 3, 6 ],"all");
GROU(21,48,[ 0, 2, 4, 4, 6 ],[ 48, 14 ]);
GROU(21,48,[ 0, 2, 4, 4, 6 ],[ 48, 16 ]);
GROU(21,48,[ 0, 2, 4, 4, 6 ],[ 48, 19 ]);
GROU(21,48,[ 0, 2, 4, 4, 6 ],[ 48, 30 ]);
GROU(21,48,[ 0, 2, 4, 4, 6 ],[ 48, 35 ]);
GROU(21,48,[ 0, 2, 4, 4, 6 ],[ 48, 37 ]);
GROU(21,48,[ 0, 2, 4, 4, 6 ],[ 48, 38 ]);
GROU(21,48,[ 0, 2, 4, 4, 6 ],[ 48, 39 ]);
GROU(21,48,[ 0, 2, 4, 4, 6 ],[ 48, 42 ]);
GROU(21,48,[ 0, 2, 4, 4, 6 ],[ 48, 43 ]);
GROU(21,48,[ 0, 2, 4, 4, 6 ],[ 48, 48 ]);
GROU(21,48,[ 0, 2, 3, 6, 6 ],[ 48, 32 ]);
GROU(21,48,[ 0, 2, 3, 6, 6 ],[ 48, 49 ]);
GROU(21,48,[ 0, 2, 3, 4, 12 ],[ 48, 14 ]);
GROU(21,48,[ 0, 2, 3, 4, 12 ],[ 48, 21 ]);
GROU(21,48,[ 0, 2, 3, 4, 12 ],[ 48, 31 ]);
GROU(21,48,[ 0, 2, 3, 4, 12 ],[ 48, 33 ]);
GROU(21,48,[ 0, 2, 2, 12, 12 ],[ 48, 14 ]);
GROU(21,48,[ 0, 2, 2, 12, 12 ],[ 48, 17 ]);
GROU(21,48,[ 0, 2, 2, 12, 12 ],[ 48, 21 ]);
GROU(21,48,[ 0, 2, 2, 12, 12 ],[ 48, 26 ]);
GROU(21,48,[ 0, 2, 2, 12, 12 ],[ 48, 31 ]);
GROU(21,48,[ 0, 2, 2, 12, 12 ],[ 48, 33 ]);
GROU(21,48,[ 0, 2, 2, 12, 12 ],[ 48, 35 ]);
GROU(21,48,[ 0, 2, 2, 12, 12 ],[ 48, 36 ]);
GROU(21,48,[ 0, 2, 2, 12, 12 ],[ 48, 41 ]);
GROU(21,48,[ 0, 2, 2, 12, 12 ],[ 48, 44 ]);
GROU(21,48,[ 0, 2, 2, 12, 12 ],[ 48, 45 ]);
GROU(21,48,[ 0, 2, 2, 12, 12 ],[ 48, 47 ]);
GROU(21,48,[ 0, 2, 2, 8, 24 ],[ 48, 4 ]);
GROU(21,48,[ 0, 2, 2, 8, 24 ],[ 48, 5 ]);
GROU(21,48,[ 0, 2, 2, 8, 24 ],[ 48, 6 ]);
GROU(21,48,[ 0, 2, 2, 8, 24 ],[ 48, 7 ]);
GROU(21,48,[ 0, 2, 2, 2, 3, 3 ],[ 48, 29 ]);
GROU(21,48,[ 0, 2, 2, 2, 3, 3 ],[ 48, 33 ]);
GROU(21,48,[ 0, 2, 2, 2, 3, 3 ],[ 48, 48 ]);
GROU(21,48,[ 0, 2, 2, 2, 3, 3 ],[ 48, 49 ]);
GROU(21,48,[ 0, 2, 2, 2, 3, 3 ],[ 48, 50 ]);
GROU(21,48,[ 0, 2, 2, 2, 2, 6 ],[ 48, 7 ]);
GROU(21,48,[ 0, 2, 2, 2, 2, 6 ],[ 48, 15 ]);
GROU(21,48,[ 0, 2, 2, 2, 2, 6 ],[ 48, 29 ]);
GROU(21,48,[ 0, 2, 2, 2, 2, 6 ],[ 48, 36 ]);
GROU(21,48,[ 0, 2, 2, 2, 2, 6 ],[ 48, 38 ]);
GROU(21,48,[ 0, 2, 2, 2, 2, 6 ],[ 48, 43 ]);
GROU(21,48,[ 0, 2, 2, 2, 2, 6 ],[ 48, 48 ]);
GROU(21,48,[ 0, 2, 2, 2, 2, 6 ],[ 48, 51 ]);
GROU(21,49,[ 0, 7, 49, 49 ],[ 49, 1 ]);
GROU(21,50,[ 0, 2, 2, 10, 10 ],[ 50, 3 ]);
GROU(21,50,[ 0, 2, 2, 2, 2, 5 ],[ 50, 1 ]);
GROU(21,50,[ 0, 2, 2, 2, 2, 5 ],[ 50, 4 ]);
SIGN(21,54,[ 0, 6, 18, 27 ],"all");
GROU(21,56,[ 0, 8, 8, 28 ],[ 56, 1 ]);
SIGN(21,56,[ 0, 7, 14, 14 ],"all");
GROU(21,56,[ 0, 7, 8, 56 ],[ 56, 2 ]);
GROU(21,56,[ 0, 4, 56, 56 ],[ 56, 2 ]);
GROU(21,56,[ 0, 2, 2, 7, 7 ],[ 56, 11 ]);
GROU(21,56,[ 0, 2, 2, 4, 28 ],[ 56, 4 ]);
GROU(21,56,[ 0, 2, 2, 4, 28 ],[ 56, 5 ]);
GROU(21,60,[ 0, 6, 12, 12 ],[ 60, 6 ]);
SIGN(21,60,[ 0, 6, 10, 15 ],"all");
SIGN(21,60,[ 0, 5, 15, 15 ],"nonsolvable");
SIGN(21,60,[ 0, 5, 12, 20 ],"nonsolvable");
GROU(21,60,[ 0, 4, 20, 30 ],[ 60, 1 ]);
GROU(21,60,[ 0, 4, 15, 60 ],[ 60, 4 ]);
GROU(21,60,[ 0, 3, 3, 3, 3 ],[ 60, 5 ]);
GROU(21,60,[ 0, 2, 3, 4, 4 ],[ 60, 7 ]);
SIGN(21,60,[ 0, 2, 3, 3, 6 ],"nonsolvable");
GROU(21,60,[ 0, 2, 2, 6, 6 ],[ 60, 8 ]);
GROU(21,60,[ 0, 2, 2, 6, 6 ],[ 60, 10 ]);
SIGN(21,60,[ 0, 2, 2, 4, 12 ],"all");
GROU(21,60,[ 0, 2, 2, 2, 2, 3 ],[ 60, 5 ]);
GROU(21,60,[ 0, 2, 2, 2, 2, 3 ],[ 60, 8 ]);
GROU(21,60,[ 0, 2, 2, 2, 2, 3 ],[ 60, 12 ]);
GROU(21,63,[ 0, 7, 9, 9 ],[ 63, 1 ]);
GROU(21,63,[ 0, 3, 63, 63 ],[ 63, 2 ]);
GROU(21,64,[ 0, 8, 8, 8 ],[ 64, 2 ]);
GROU(21,64,[ 0, 8, 8, 8 ],[ 64, 3 ]);
GROU(21,64,[ 0, 8, 8, 8 ],[ 64, 15 ]);
GROU(21,64,[ 0, 8, 8, 8 ],[ 64, 16 ]);
GROU(21,64,[ 0, 8, 8, 8 ],[ 64, 19 ]);
GROU(21,64,[ 0, 8, 8, 8 ],[ 64, 22 ]);
GROU(21,64,[ 0, 4, 16, 16 ],[ 64, 26 ]);
GROU(21,64,[ 0, 4, 16, 16 ],[ 64, 27 ]);
GROU(21,64,[ 0, 4, 16, 16 ],[ 64, 28 ]);
GROU(21,64,[ 0, 4, 16, 16 ],[ 64, 29 ]);
GROU(21,64,[ 0, 4, 16, 16 ],[ 64, 30 ]);
GROU(21,64,[ 0, 4, 16, 16 ],[ 64, 31 ]);
GROU(21,64,[ 0, 4, 16, 16 ],[ 64, 44 ]);
GROU(21,64,[ 0, 4, 16, 16 ],[ 64, 45 ]);
GROU(21,64,[ 0, 2, 2, 4, 8 ],[ 64, 8 ]);
GROU(21,64,[ 0, 2, 2, 4, 8 ],[ 64, 32 ]);
GROU(21,64,[ 0, 2, 2, 4, 8 ],[ 64, 95 ]);
GROU(21,64,[ 0, 2, 2, 4, 8 ],[ 64, 97 ]);
GROU(21,64,[ 0, 2, 2, 4, 8 ],[ 64, 98 ]);
GROU(21,64,[ 0, 2, 2, 4, 8 ],[ 64, 99 ]);
GROU(21,64,[ 0, 2, 2, 4, 8 ],[ 64, 101 ]);
GROU(21,64,[ 0, 2, 2, 4, 8 ],[ 64, 102 ]);
GROU(21,64,[ 0, 2, 2, 4, 8 ],[ 64, 118 ]);
GROU(21,64,[ 0, 2, 2, 4, 8 ],[ 64, 123 ]);
GROU(21,64,[ 0, 2, 2, 4, 8 ],[ 64, 124 ]);
GROU(21,64,[ 0, 2, 2, 4, 8 ],[ 64, 125 ]);
GROU(21,64,[ 0, 2, 2, 4, 8 ],[ 64, 128 ]);
GROU(21,64,[ 0, 2, 2, 4, 8 ],[ 64, 129 ]);
GROU(21,64,[ 0, 2, 2, 4, 8 ],[ 64, 130 ]);
GROU(21,64,[ 0, 2, 2, 4, 8 ],[ 64, 131 ]);
GROU(21,64,[ 0, 2, 2, 4, 8 ],[ 64, 133 ]);
GROU(21,64,[ 0, 2, 2, 4, 8 ],[ 64, 134 ]);
GROU(21,64,[ 0, 2, 2, 4, 8 ],[ 64, 135 ]);
GROU(21,64,[ 0, 2, 2, 4, 8 ],[ 64, 136 ]);
GROU(21,64,[ 0, 2, 2, 4, 8 ],[ 64, 140 ]);
GROU(21,64,[ 0, 2, 2, 4, 8 ],[ 64, 144 ]);
GROU(21,64,[ 0, 2, 2, 4, 8 ],[ 64, 146 ]);
GROU(21,64,[ 0, 2, 2, 4, 8 ],[ 64, 147 ]);
GROU(21,64,[ 0, 2, 2, 4, 8 ],[ 64, 149 ]);
GROU(21,64,[ 0, 2, 2, 4, 8 ],[ 64, 150 ]);
GROU(21,64,[ 0, 2, 2, 4, 8 ],[ 64, 152 ]);
GROU(21,64,[ 0, 2, 2, 4, 8 ],[ 64, 153 ]);
GROU(21,64,[ 0, 2, 2, 4, 8 ],[ 64, 161 ]);
GROU(21,64,[ 0, 2, 2, 4, 8 ],[ 64, 162 ]);
GROU(21,64,[ 0, 2, 2, 4, 8 ],[ 64, 163 ]);
GROU(21,64,[ 0, 2, 2, 4, 8 ],[ 64, 174 ]);
GROU(21,64,[ 0, 2, 2, 4, 8 ],[ 64, 176 ]);
GROU(21,64,[ 0, 2, 2, 4, 8 ],[ 64, 177 ]);
GROU(21,66,[ 0, 3, 22, 66 ],[ 66, 4 ]);
SIGN(21,72,[ 0, 6, 6, 9 ],"all");
SIGN(21,72,[ 0, 4, 9, 12 ],"all");
SIGN(21,72,[ 0, 4, 6, 36 ],"all");
SIGN(21,72,[ 0, 3, 18, 18 ],"all");
SIGN(21,72,[ 0, 2, 2, 3, 9 ],"all");
SIGN(21,75,[ 0, 3, 15, 15 ],"all");
SIGN(21,80,[ 0, 5, 5, 10 ],"all");
GROU(21,80,[ 0, 4, 8, 8 ],[ 80, 32 ]);
GROU(21,80,[ 0, 4, 8, 8 ],[ 80, 33 ]);
SIGN(21,80,[ 0, 4, 5, 20 ],"all");
GROU(21,80,[ 0, 2, 2, 4, 4 ],[ 80, 6 ]);
GROU(21,80,[ 0, 2, 2, 4, 4 ],[ 80, 14 ]);
GROU(21,80,[ 0, 2, 2, 4, 4 ],[ 80, 34 ]);
GROU(21,80,[ 0, 2, 2, 4, 4 ],[ 80, 36 ]);
GROU(21,80,[ 0, 2, 2, 4, 4 ],[ 80, 38 ]);
GROU(21,80,[ 0, 2, 2, 4, 4 ],[ 80, 44 ]);
GROU(21,80,[ 0, 2, 2, 4, 4 ],[ 80, 50 ]);
GROU(21,80,[ 0, 2, 2, 2, 2, 2 ],[ 80, 7 ]);
GROU(21,80,[ 0, 2, 2, 2, 2, 2 ],[ 80, 37 ]);
GROU(21,80,[ 0, 2, 2, 2, 2, 2 ],[ 80, 39 ]);
GROU(21,80,[ 0, 2, 2, 2, 2, 2 ],[ 80, 51 ]);
GROU(21,84,[ 0, 4, 4, 42 ],[ 84, 5 ]);
GROU(21,84,[ 0, 2, 84, 84 ],[ 84, 6 ]);
GROU(21,84,[ 0, 2, 2, 2, 42 ],[ 84, 14 ]);
GROU(21,86,[ 0, 2, 43, 86 ],[ 86, 2 ]);
GROU(21,88,[ 0, 4, 4, 22 ],[ 88, 6 ]);
GROU(21,88,[ 0, 2, 44, 44 ],[ 88, 8 ]);
GROU(21,88,[ 0, 2, 2, 2, 22 ],[ 88, 7 ]);
GROU(21,88,[ 0, 2, 2, 2, 22 ],[ 88, 11 ]);
SIGN(21,90,[ 0, 2, 30, 45 ],"all");
GROU(21,96,[ 0, 4, 6, 6 ],[ 96, 3 ]);
GROU(21,96,[ 0, 4, 6, 6 ],[ 96, 68 ]);
GROU(21,96,[ 0, 4, 6, 6 ],[ 96, 71 ]);
GROU(21,96,[ 0, 4, 6, 6 ],[ 96, 72 ]);
GROU(21,96,[ 0, 4, 6, 6 ],[ 96, 197 ]);
GROU(21,96,[ 0, 4, 6, 6 ],[ 96, 198 ]);
GROU(21,96,[ 0, 4, 4, 12 ],[ 96, 13 ]);
GROU(21,96,[ 0, 4, 4, 12 ],[ 96, 38 ]);
GROU(21,96,[ 0, 4, 4, 12 ],[ 96, 41 ]);
GROU(21,96,[ 0, 4, 4, 12 ],[ 96, 67 ]);
GROU(21,96,[ 0, 4, 4, 12 ],[ 96, 185 ]);
GROU(21,96,[ 0, 4, 4, 12 ],[ 96, 186 ]);
GROU(21,96,[ 0, 4, 4, 12 ],[ 96, 187 ]);
GROU(21,96,[ 0, 3, 8, 8 ],[ 96, 64 ]);
GROU(21,96,[ 0, 3, 8, 8 ],[ 96, 65 ]);
GROU(21,96,[ 0, 3, 8, 8 ],[ 96, 66 ]);
SIGN(21,96,[ 0, 3, 6, 12 ],"all");
GROU(21,96,[ 0, 2, 24, 24 ],[ 96, 48 ]);
GROU(21,96,[ 0, 2, 24, 24 ],[ 96, 50 ]);
GROU(21,96,[ 0, 2, 24, 24 ],[ 96, 73 ]);
GROU(21,96,[ 0, 2, 24, 24 ],[ 96, 74 ]);
GROU(21,96,[ 0, 2, 16, 48 ],[ 96, 4 ]);
GROU(21,96,[ 0, 2, 16, 48 ],[ 96, 5 ]);
GROU(21,96,[ 0, 2, 2, 3, 4 ],[ 96, 64 ]);
GROU(21,96,[ 0, 2, 2, 3, 4 ],[ 96, 187 ]);
GROU(21,96,[ 0, 2, 2, 3, 4 ],[ 96, 189 ]);
GROU(21,96,[ 0, 2, 2, 3, 4 ],[ 96, 192 ]);
GROU(21,96,[ 0, 2, 2, 3, 4 ],[ 96, 195 ]);
GROU(21,96,[ 0, 2, 2, 3, 4 ],[ 96, 227 ]);
GROU(21,96,[ 0, 2, 2, 2, 12 ],[ 96, 89 ]);
GROU(21,96,[ 0, 2, 2, 2, 12 ],[ 96, 91 ]);
GROU(21,96,[ 0, 2, 2, 2, 12 ],[ 96, 121 ]);
GROU(21,96,[ 0, 2, 2, 2, 12 ],[ 96, 137 ]);
GROU(21,96,[ 0, 2, 2, 2, 12 ],[ 96, 144 ]);
GROU(21,96,[ 0, 2, 2, 2, 12 ],[ 96, 156 ]);
GROU(21,96,[ 0, 2, 2, 2, 12 ],[ 96, 187 ]);
GROU(21,96,[ 0, 2, 2, 2, 12 ],[ 96, 192 ]);
GROU(21,96,[ 0, 2, 2, 2, 12 ],[ 96, 193 ]);
SIGN(21,98,[ 0, 2, 14, 49 ],"all");
GROU(21,100,[ 0, 4, 4, 10 ],[ 100, 10 ]);
GROU(21,100,[ 0, 2, 20, 20 ],[ 100, 9 ]);
GROU(21,100,[ 0, 2, 2, 2, 10 ],[ 100, 13 ]);
SIGN(21,112,[ 0, 4, 4, 7 ],"all");
GROU(21,112,[ 0, 2, 14, 14 ],[ 112, 41 ]);
GROU(21,112,[ 0, 2, 8, 56 ],[ 112, 3 ]);
GROU(21,112,[ 0, 2, 8, 56 ],[ 112, 4 ]);
SIGN(21,112,[ 0, 2, 2, 2, 7 ],"all");
GROU(21,120,[ 0, 4, 4, 6 ],[ 120, 41 ]);
GROU(21,120,[ 0, 3, 6, 6 ],[ 120, 34 ]);
SIGN(21,120,[ 0, 3, 4, 12 ],"nonsolvable");
GROU(21,120,[ 0, 2, 12, 12 ],[ 120, 40 ]);
SIGN(21,120,[ 0, 2, 10, 15 ],"nonsolvable");
SIGN(21,120,[ 0, 2, 8, 24 ],"all");
GROU(21,120,[ 0, 2, 2, 3, 3 ],[ 120, 35 ]);
GROU(21,120,[ 0, 2, 2, 2, 6 ],[ 120, 12 ]);
GROU(21,120,[ 0, 2, 2, 2, 6 ],[ 120, 34 ]);
GROU(21,120,[ 0, 2, 2, 2, 6 ],[ 120, 35 ]);
GROU(21,120,[ 0, 2, 2, 2, 6 ],[ 120, 42 ]);
SIGN(21,126,[ 0, 2, 6, 63 ],"all");
GROU(21,128,[ 0, 2, 8, 16 ],[ 128, 63 ]);
GROU(21,128,[ 0, 2, 8, 16 ],[ 128, 65 ]);
GROU(21,128,[ 0, 2, 8, 16 ],[ 128, 67 ]);
GROU(21,128,[ 0, 2, 8, 16 ],[ 128, 68 ]);
GROU(21,128,[ 0, 2, 8, 16 ],[ 128, 73 ]);
GROU(21,128,[ 0, 2, 8, 16 ],[ 128, 81 ]);
GROU(21,128,[ 0, 2, 8, 16 ],[ 128, 92 ]);
GROU(21,128,[ 0, 2, 8, 16 ],[ 128, 93 ]);
GROU(21,129,[ 0, 3, 3, 43 ],[ 129, 1 ]);
SIGN(21,132,[ 0, 2, 6, 33 ],"all");
SIGN(21,144,[ 0, 3, 3, 18 ],"all");
SIGN(21,144,[ 0, 2, 9, 9 ],"all");
SIGN(21,144,[ 0, 2, 6, 18 ],"all");
SIGN(21,150,[ 0, 2, 6, 15 ],"all");
GROU(21,160,[ 0, 4, 4, 4 ],[ 160, 81 ]);
GROU(21,160,[ 0, 4, 4, 4 ],[ 160, 86 ]);
GROU(21,160,[ 0, 2, 8, 8 ],[ 160, 78 ]);
GROU(21,160,[ 0, 2, 8, 8 ],[ 160, 88 ]);
SIGN(21,160,[ 0, 2, 5, 20 ],"all");
GROU(21,160,[ 0, 2, 2, 2, 4 ],[ 160, 103 ]);
GROU(21,160,[ 0, 2, 2, 2, 4 ],[ 160, 116 ]);
GROU(21,160,[ 0, 2, 2, 2, 4 ],[ 160, 129 ]);
GROU(21,160,[ 0, 2, 2, 2, 4 ],[ 160, 234 ]);
GROU(21,168,[ 0, 2, 4, 84 ],[ 168, 35 ]);
GROU(21,176,[ 0, 2, 4, 44 ],[ 176, 13 ]);
SIGN(21,180,[ 0, 3, 3, 9 ],"nonsolvable");
SIGN(21,180,[ 0, 2, 6, 9 ],"nonsolvable");
GROU(21,192,[ 0, 3, 3, 8 ],[ 192, 3 ]);
GROU(21,192,[ 0, 3, 3, 8 ],[ 192, 4 ]);
GROU(21,192,[ 0, 2, 6, 8 ],[ 192, 181 ]);
GROU(21,192,[ 0, 2, 6, 8 ],[ 192, 944 ]);
GROU(21,192,[ 0, 2, 6, 8 ],[ 192, 956 ]);
GROU(21,192,[ 0, 2, 6, 8 ],[ 192, 974 ]);
GROU(21,192,[ 0, 2, 6, 8 ],[ 192, 980 ]);
GROU(21,192,[ 0, 2, 4, 24 ],[ 192, 29 ]);
GROU(21,192,[ 0, 2, 4, 24 ],[ 192, 34 ]);
GROU(21,192,[ 0, 2, 4, 24 ],[ 192, 960 ]);
GROU(21,192,[ 0, 2, 4, 24 ],[ 192, 961 ]);
GROU(21,192,[ 0, 2, 4, 24 ],[ 192, 963 ]);
GROU(21,192,[ 0, 2, 4, 24 ],[ 192, 964 ]);
GROU(21,200,[ 0, 2, 4, 20 ],[ 200, 41 ]);
SIGN(21,224,[ 0, 2, 4, 14 ],"all");
GROU(21,240,[ 0, 3, 4, 4 ],[ 240, 91 ]);
SIGN(21,240,[ 0, 3, 3, 6 ],"nonsolvable");
GROU(21,240,[ 0, 2, 6, 6 ],[ 240, 189 ]);
GROU(21,240,[ 0, 2, 4, 12 ],[ 240, 91 ]);
GROU(21,240,[ 0, 2, 4, 12 ],[ 240, 96 ]);
GROU(21,240,[ 0, 2, 2, 2, 3 ],[ 240, 190 ]);
SIGN(21,288,[ 0, 2, 4, 9 ],"all");
SIGN(21,288,[ 0, 2, 3, 36 ],"all");
SIGN(21,300,[ 0, 2, 3, 30 ],"all");
GROU(21,320,[ 0, 2, 4, 8 ],[ 320, 202 ]);
GROU(21,320,[ 0, 2, 4, 8 ],[ 320, 206 ]);
GROU(21,320,[ 0, 2, 4, 8 ],[ 320, 1635 ]);
SIGN(21,336,[ 0, 2, 3, 21 ],"nonsolvable");
SIGN(21,360,[ 0, 2, 3, 18 ],"nonsolvable");
GROU(21,384,[ 0, 2, 3, 16 ],[ 384, 568 ]);
GROU(21,384,[ 0, 2, 3, 16 ],[ 384, 570 ]);
SIGN(21,480,[ 0, 3, 3, 4 ],"nonsolvable");
GROU(21,480,[ 0, 2, 4, 6 ],[ 480, 951 ]);
SIGN(21,480,[ 0, 2, 3, 12 ],"nonsolvable");
SIGN(21,720,[ 0, 2, 3, 9 ],"nonsolvable");
SIGN(21,960,[ 0, 2, 3, 8 ],"nonsolvable");
GROU(21,2,[ 1, 2, 2, 2, 2, 2, 2, 2, 2, 2, 2, 2, 2, 2, 2, 2, 2, 2, 2, 2, 2, 2, 
  2, 2, 2, 2, 2, 2, 2, 2, 2, 2, 2, 2, 2, 2, 2, 2, 2, 2, 2 ],[ 2, 1 ]);
GROU(21,3,[ 1, 3, 3, 3, 3, 3, 3, 3, 3, 3, 3, 3, 3, 3, 3, 3, 3, 3, 3, 3, 3 ],
[ 3, 1 ]);
GROU(21,4,[ 1, 2, 2, 4, 4, 4, 4, 4, 4, 4, 4, 4, 4, 4, 4 ],[ 4, 1 ]);
GROU(21,4,[ 1, 2, 2, 2, 2, 2, 4, 4, 4, 4, 4, 4, 4, 4, 4, 4 ],[ 4, 1 ]);
GROU(21,4,[ 1, 2, 2, 2, 2, 2, 2, 2, 2, 4, 4, 4, 4, 4, 4, 4, 4 ],[ 4, 1 ]);
GROU(21,4,[ 1, 2, 2, 2, 2, 2, 2, 2, 2, 2, 2, 2, 4, 4, 4, 4, 4, 4 ],[ 4, 1 ]);
GROU(21,4,[ 1, 2, 2, 2, 2, 2, 2, 2, 2, 2, 2, 2, 2, 2, 2, 4, 4, 4, 4 ],
[ 4, 1 ]);
GROU(21,4,[ 1, 2, 2, 2, 2, 2, 2, 2, 2, 2, 2, 2, 2, 2, 2, 2, 2, 2, 4, 4 ],
[ 4, 1 ]);
GROU(21,4,[ 1, 2, 2, 2, 2, 2, 2, 2, 2, 2, 2, 2, 2, 2, 2, 2, 2, 2, 2, 2, 2 ],
[ 4, 1 ]);
GROU(21,4,[ 1, 2, 2, 2, 2, 2, 2, 2, 2, 2, 2, 2, 2, 2, 2, 2, 2, 2, 2, 2, 2 ],
[ 4, 2 ]);
GROU(21,5,[ 1, 5, 5, 5, 5, 5, 5, 5, 5, 5, 5 ],[ 5, 1 ]);
GROU(21,6,[ 1, 6, 6, 6, 6, 6, 6, 6, 6 ],[ 6, 2 ]);
GROU(21,6,[ 1, 3, 3, 3, 3, 3, 6, 6, 6, 6 ],[ 6, 2 ]);
GROU(21,6,[ 1, 3, 3, 3, 3, 3, 3, 3, 3, 3, 3 ],[ 6, 1 ]);
GROU(21,6,[ 1, 3, 3, 3, 3, 3, 3, 3, 3, 3, 3 ],[ 6, 2 ]);
GROU(21,6,[ 1, 2, 3, 3, 3, 6, 6, 6, 6, 6 ],[ 6, 2 ]);
GROU(21,6,[ 1, 2, 3, 3, 3, 3, 3, 3, 3, 3, 6 ],[ 6, 2 ]);
GROU(21,6,[ 1, 2, 2, 3, 6, 6, 6, 6, 6, 6 ],[ 6, 2 ]);
GROU(21,6,[ 1, 2, 2, 3, 3, 3, 3, 3, 3, 6, 6 ],[ 6, 2 ]);
GROU(21,6,[ 1, 2, 2, 2, 3, 3, 3, 3, 6, 6, 6 ],[ 6, 2 ]);
GROU(21,6,[ 1, 2, 2, 2, 2, 3, 3, 6, 6, 6, 6 ],[ 6, 2 ]);
GROU(21,6,[ 1, 2, 2, 2, 2, 3, 3, 3, 3, 3, 3, 3 ],[ 6, 1 ]);
GROU(21,6,[ 1, 2, 2, 2, 2, 3, 3, 3, 3, 3, 3, 3 ],[ 6, 2 ]);
GROU(21,6,[ 1, 2, 2, 2, 2, 2, 6, 6, 6, 6, 6 ],[ 6, 2 ]);
GROU(21,6,[ 1, 2, 2, 2, 2, 2, 3, 3, 3, 3, 3, 6 ],[ 6, 2 ]);
GROU(21,6,[ 1, 2, 2, 2, 2, 2, 2, 3, 3, 3, 6, 6 ],[ 6, 2 ]);
GROU(21,6,[ 1, 2, 2, 2, 2, 2, 2, 2, 3, 6, 6, 6 ],[ 6, 2 ]);
GROU(21,6,[ 1, 2, 2, 2, 2, 2, 2, 2, 2, 3, 3, 3, 3 ],[ 6, 1 ]);
GROU(21,6,[ 1, 2, 2, 2, 2, 2, 2, 2, 2, 3, 3, 3, 3 ],[ 6, 2 ]);
GROU(21,6,[ 1, 2, 2, 2, 2, 2, 2, 2, 2, 2, 3, 3, 6 ],[ 6, 2 ]);
GROU(21,6,[ 1, 2, 2, 2, 2, 2, 2, 2, 2, 2, 2, 6, 6 ],[ 6, 2 ]);
GROU(21,6,[ 1, 2, 2, 2, 2, 2, 2, 2, 2, 2, 2, 2, 2, 3 ],[ 6, 1 ]);
GROU(21,8,[ 1, 4, 4, 8, 8, 8, 8 ],[ 8, 1 ]);
GROU(21,8,[ 1, 2, 4, 4, 4, 4, 4, 4 ],[ 8, 1 ]);
GROU(21,8,[ 1, 2, 4, 4, 4, 4, 4, 4 ],[ 8, 2 ]);
GROU(21,8,[ 1, 2, 4, 4, 4, 4, 4, 4 ],[ 8, 3 ]);
GROU(21,8,[ 1, 2, 4, 4, 4, 4, 4, 4 ],[ 8, 4 ]);
GROU(21,8,[ 1, 2, 2, 4, 4, 4, 8, 8 ],[ 8, 1 ]);
GROU(21,8,[ 1, 2, 2, 2, 8, 8, 8, 8 ],[ 8, 1 ]);
GROU(21,8,[ 1, 2, 2, 2, 2, 4, 4, 4, 4 ],[ 8, 1 ]);
GROU(21,8,[ 1, 2, 2, 2, 2, 4, 4, 4, 4 ],[ 8, 2 ]);
GROU(21,8,[ 1, 2, 2, 2, 2, 4, 4, 4, 4 ],[ 8, 3 ]);
GROU(21,8,[ 1, 2, 2, 2, 2, 4, 4, 4, 4 ],[ 8, 4 ]);
GROU(21,8,[ 1, 2, 2, 2, 2, 2, 4, 8, 8 ],[ 8, 1 ]);
GROU(21,8,[ 1, 2, 2, 2, 2, 2, 2, 2, 4, 4 ],[ 8, 1 ]);
GROU(21,8,[ 1, 2, 2, 2, 2, 2, 2, 2, 4, 4 ],[ 8, 2 ]);
GROU(21,8,[ 1, 2, 2, 2, 2, 2, 2, 2, 4, 4 ],[ 8, 3 ]);
GROU(21,8,[ 1, 2, 2, 2, 2, 2, 2, 2, 4, 4 ],[ 8, 4 ]);
GROU(21,8,[ 1, 2, 2, 2, 2, 2, 2, 2, 2, 2, 2 ],[ 8, 1 ]);
GROU(21,8,[ 1, 2, 2, 2, 2, 2, 2, 2, 2, 2, 2 ],[ 8, 2 ]);
GROU(21,8,[ 1, 2, 2, 2, 2, 2, 2, 2, 2, 2, 2 ],[ 8, 3 ]);
GROU(21,8,[ 1, 2, 2, 2, 2, 2, 2, 2, 2, 2, 2 ],[ 8, 5 ]);
GROU(21,9,[ 1, 9, 9, 9, 9, 9 ],[ 9, 1 ]);
GROU(21,9,[ 1, 3, 3, 3, 3, 9, 9 ],[ 9, 1 ]);
GROU(21,10,[ 1, 5, 5, 5, 5, 5 ],[ 10, 1 ]);
GROU(21,10,[ 1, 5, 5, 5, 5, 5 ],[ 10, 2 ]);
GROU(21,10,[ 1, 2, 5, 10, 10, 10 ],[ 10, 2 ]);
GROU(21,10,[ 1, 2, 2, 2, 5, 5, 10 ],[ 10, 2 ]);
GROU(21,10,[ 1, 2, 2, 2, 2, 2, 2, 2, 2 ],[ 10, 1 ]);
GROU(21,10,[ 1, 2, 2, 2, 2, 2, 2, 2, 2 ],[ 10, 2 ]);
GROU(21,11,[ 1, 11, 11, 11, 11 ],[ 11, 1 ]);
GROU(21,12,[ 1, 6, 6, 6, 6 ],[ 12, 1 ]);
GROU(21,12,[ 1, 6, 6, 6, 6 ],[ 12, 2 ]);
GROU(21,12,[ 1, 6, 6, 6, 6 ],[ 12, 4 ]);
GROU(21,12,[ 1, 6, 6, 6, 6 ],[ 12, 5 ]);
GROU(21,12,[ 1, 4, 6, 6, 12 ],[ 12, 2 ]);
GROU(21,12,[ 1, 4, 4, 12, 12 ],[ 12, 2 ]);
GROU(21,12,[ 1, 3, 6, 12, 12 ],[ 12, 2 ]);
GROU(21,12,[ 1, 3, 3, 3, 3, 3 ],[ 12, 1 ]);
GROU(21,12,[ 1, 3, 3, 3, 3, 3 ],[ 12, 2 ]);
GROU(21,12,[ 1, 3, 3, 3, 3, 3 ],[ 12, 3 ]);
GROU(21,12,[ 1, 3, 3, 3, 3, 3 ],[ 12, 4 ]);
GROU(21,12,[ 1, 3, 3, 3, 3, 3 ],[ 12, 5 ]);
GROU(21,12,[ 1, 2, 3, 3, 4, 4 ],[ 12, 1 ]);
GROU(21,12,[ 1, 2, 3, 3, 4, 4 ],[ 12, 2 ]);
GROU(21,12,[ 1, 2, 3, 3, 3, 6 ],[ 12, 1 ]);
GROU(21,12,[ 1, 2, 3, 3, 3, 6 ],[ 12, 2 ]);
GROU(21,12,[ 1, 2, 3, 3, 3, 6 ],[ 12, 4 ]);
GROU(21,12,[ 1, 2, 3, 3, 3, 6 ],[ 12, 5 ]);
GROU(21,12,[ 1, 2, 2, 4, 4, 6 ],[ 12, 1 ]);
GROU(21,12,[ 1, 2, 2, 3, 6, 6 ],[ 12, 1 ]);
GROU(21,12,[ 1, 2, 2, 3, 6, 6 ],[ 12, 2 ]);
GROU(21,12,[ 1, 2, 2, 3, 6, 6 ],[ 12, 4 ]);
GROU(21,12,[ 1, 2, 2, 3, 6, 6 ],[ 12, 5 ]);
GROU(21,12,[ 1, 2, 2, 3, 4, 12 ],[ 12, 2 ]);
GROU(21,12,[ 1, 2, 2, 2, 12, 12 ],[ 12, 2 ]);
GROU(21,12,[ 1, 2, 2, 2, 2, 3, 3 ],[ 12, 1 ]);
GROU(21,12,[ 1, 2, 2, 2, 2, 3, 3 ],[ 12, 2 ]);
GROU(21,12,[ 1, 2, 2, 2, 2, 3, 3 ],[ 12, 3 ]);
GROU(21,12,[ 1, 2, 2, 2, 2, 3, 3 ],[ 12, 4 ]);
GROU(21,12,[ 1, 2, 2, 2, 2, 3, 3 ],[ 12, 5 ]);
GROU(21,12,[ 1, 2, 2, 2, 2, 2, 6 ],[ 12, 1 ]);
GROU(21,12,[ 1, 2, 2, 2, 2, 2, 6 ],[ 12, 4 ]);
GROU(21,14,[ 1, 2, 2, 14, 14 ],[ 14, 2 ]);
GROU(21,14,[ 1, 2, 2, 2, 2, 7 ],[ 14, 1 ]);
GROU(21,15,[ 1, 5, 15, 15 ],[ 15, 1 ]);
GROU(21,15,[ 1, 3, 3, 3, 3 ],[ 15, 1 ]);
GROU(21,16,[ 1, 4, 8, 8 ],[ 16, 1 ]);
GROU(21,16,[ 1, 4, 8, 8 ],[ 16, 5 ]);
GROU(21,16,[ 1, 4, 8, 8 ],[ 16, 6 ]);
GROU(21,16,[ 1, 4, 8, 8 ],[ 16, 7 ]);
GROU(21,16,[ 1, 4, 8, 8 ],[ 16, 8 ]);
GROU(21,16,[ 1, 4, 8, 8 ],[ 16, 9 ]);
GROU(21,16,[ 1, 2, 2, 4, 4 ],[ 16, 1 ]);
GROU(21,16,[ 1, 2, 2, 4, 4 ],[ 16, 2 ]);
GROU(21,16,[ 1, 2, 2, 4, 4 ],[ 16, 3 ]);
GROU(21,16,[ 1, 2, 2, 4, 4 ],[ 16, 4 ]);
GROU(21,16,[ 1, 2, 2, 4, 4 ],[ 16, 5 ]);
GROU(21,16,[ 1, 2, 2, 4, 4 ],[ 16, 6 ]);
GROU(21,16,[ 1, 2, 2, 4, 4 ],[ 16, 7 ]);
GROU(21,16,[ 1, 2, 2, 4, 4 ],[ 16, 8 ]);
GROU(21,16,[ 1, 2, 2, 4, 4 ],[ 16, 9 ]);
GROU(21,16,[ 1, 2, 2, 4, 4 ],[ 16, 10 ]);
GROU(21,16,[ 1, 2, 2, 4, 4 ],[ 16, 11 ]);
GROU(21,16,[ 1, 2, 2, 4, 4 ],[ 16, 12 ]);
GROU(21,16,[ 1, 2, 2, 4, 4 ],[ 16, 13 ]);
GROU(21,16,[ 1, 2, 2, 2, 2, 2 ],[ 16, 3 ]);
GROU(21,16,[ 1, 2, 2, 2, 2, 2 ],[ 16, 4 ]);
GROU(21,16,[ 1, 2, 2, 2, 2, 2 ],[ 16, 5 ]);
GROU(21,16,[ 1, 2, 2, 2, 2, 2 ],[ 16, 6 ]);
GROU(21,16,[ 1, 2, 2, 2, 2, 2 ],[ 16, 7 ]);
GROU(21,16,[ 1, 2, 2, 2, 2, 2 ],[ 16, 8 ]);
GROU(21,16,[ 1, 2, 2, 2, 2, 2 ],[ 16, 10 ]);
GROU(21,16,[ 1, 2, 2, 2, 2, 2 ],[ 16, 11 ]);
GROU(21,16,[ 1, 2, 2, 2, 2, 2 ],[ 16, 12 ]);
GROU(21,16,[ 1, 2, 2, 2, 2, 2 ],[ 16, 13 ]);
GROU(21,16,[ 1, 2, 2, 2, 2, 2 ],[ 16, 14 ]);
GROU(21,18,[ 1, 3, 3, 9 ],[ 18, 1 ]);
SIGN(21,18,[ 1, 2, 6, 9 ],"all");
GROU(21,20,[ 1, 2, 4, 4 ],[ 20, 1 ]);
GROU(21,20,[ 1, 2, 4, 4 ],[ 20, 2 ]);
GROU(21,20,[ 1, 2, 4, 4 ],[ 20, 3 ]);
GROU(21,20,[ 1, 2, 2, 2, 2 ],[ 20, 2 ]);
GROU(21,20,[ 1, 2, 2, 2, 2 ],[ 20, 3 ]);
GROU(21,20,[ 1, 2, 2, 2, 2 ],[ 20, 4 ]);
GROU(21,20,[ 1, 2, 2, 2, 2 ],[ 20, 5 ]);
GROU(21,21,[ 1, 21, 21 ],[ 21, 2 ]);
GROU(21,22,[ 1, 11, 11 ],[ 22, 1 ]);
GROU(21,22,[ 1, 11, 11 ],[ 22, 2 ]);
GROU(21,24,[ 1, 6, 6 ],[ 24, 1 ]);
GROU(21,24,[ 1, 6, 6 ],[ 24, 2 ]);
GROU(21,24,[ 1, 6, 6 ],[ 24, 3 ]);
GROU(21,24,[ 1, 6, 6 ],[ 24, 5 ]);
GROU(21,24,[ 1, 6, 6 ],[ 24, 7 ]);
GROU(21,24,[ 1, 6, 6 ],[ 24, 8 ]);
GROU(21,24,[ 1, 6, 6 ],[ 24, 9 ]);
GROU(21,24,[ 1, 6, 6 ],[ 24, 10 ]);
GROU(21,24,[ 1, 6, 6 ],[ 24, 13 ]);
GROU(21,24,[ 1, 6, 6 ],[ 24, 14 ]);
GROU(21,24,[ 1, 6, 6 ],[ 24, 15 ]);
GROU(21,24,[ 1, 4, 12 ],[ 24, 1 ]);
GROU(21,24,[ 1, 4, 12 ],[ 24, 4 ]);
GROU(21,24,[ 1, 4, 12 ],[ 24, 5 ]);
GROU(21,24,[ 1, 4, 12 ],[ 24, 6 ]);
GROU(21,24,[ 1, 2, 2, 3 ],[ 24, 1 ]);
GROU(21,24,[ 1, 2, 2, 3 ],[ 24, 5 ]);
GROU(21,24,[ 1, 2, 2, 3 ],[ 24, 6 ]);
GROU(21,24,[ 1, 2, 2, 3 ],[ 24, 7 ]);
GROU(21,24,[ 1, 2, 2, 3 ],[ 24, 8 ]);
GROU(21,24,[ 1, 2, 2, 3 ],[ 24, 12 ]);
GROU(21,24,[ 1, 2, 2, 3 ],[ 24, 14 ]);
GROU(21,25,[ 1, 5, 5 ],[ 25, 1 ]);
GROU(21,25,[ 1, 5, 5 ],[ 25, 2 ]);
GROU(21,28,[ 1, 2, 14 ],[ 28, 1 ]);
GROU(21,28,[ 1, 2, 14 ],[ 28, 3 ]);
GROU(21,30,[ 1, 3, 3 ],[ 30, 1 ]);
GROU(21,30,[ 1, 3, 3 ],[ 30, 4 ]);
SIGN(21,30,[ 1, 2, 6 ],"all");
GROU(21,32,[ 1, 2, 4 ],[ 32, 9 ]);
GROU(21,32,[ 1, 2, 4 ],[ 32, 10 ]);
GROU(21,32,[ 1, 2, 4 ],[ 32, 11 ]);
GROU(21,32,[ 1, 2, 4 ],[ 32, 13 ]);
GROU(21,32,[ 1, 2, 4 ],[ 32, 14 ]);
GROU(21,32,[ 1, 2, 4 ],[ 32, 15 ]);
GROU(21,32,[ 1, 2, 4 ],[ 32, 39 ]);
GROU(21,32,[ 1, 2, 4 ],[ 32, 40 ]);
GROU(21,32,[ 1, 2, 4 ],[ 32, 41 ]);
GROU(21,32,[ 1, 2, 4 ],[ 32, 42 ]);
GROU(21,32,[ 1, 2, 4 ],[ 32, 43 ]);
GROU(21,32,[ 1, 2, 4 ],[ 32, 44 ]);
GROU(21,40,[ 1, 2, 2 ],[ 40, 2 ]);
GROU(21,40,[ 1, 2, 2 ],[ 40, 5 ]);
GROU(21,40,[ 1, 2, 2 ],[ 40, 6 ]);
GROU(21,40,[ 1, 2, 2 ],[ 40, 8 ]);
GROU(21,40,[ 1, 2, 2 ],[ 40, 9 ]);
GROU(21,40,[ 1, 2, 2 ],[ 40, 10 ]);
GROU(21,40,[ 1, 2, 2 ],[ 40, 12 ]);
GROU(21,40,[ 1, 2, 2 ],[ 40, 13 ]);
GROU(21,40,[ 1, 2, 2 ],[ 40, 14 ]);
GROU(21,42,[ 1, 21 ],[ 42, 5 ]);
GROU(21,44,[ 1, 11 ],[ 44, 1 ]);
GROU(21,44,[ 1, 11 ],[ 44, 3 ]);
GROU(21,48,[ 1, 6 ],[ 48, 5 ]);
GROU(21,48,[ 1, 6 ],[ 48, 10 ]);
GROU(21,48,[ 1, 6 ],[ 48, 12 ]);
GROU(21,48,[ 1, 6 ],[ 48, 13 ]);
GROU(21,48,[ 1, 6 ],[ 48, 14 ]);
GROU(21,48,[ 1, 6 ],[ 48, 19 ]);
GROU(21,48,[ 1, 6 ],[ 48, 28 ]);
GROU(21,48,[ 1, 6 ],[ 48, 29 ]);
GROU(21,50,[ 1, 5 ],[ 50, 3 ]);
GROU(21,60,[ 1, 3 ],[ 60, 1 ]);
GROU(21,60,[ 1, 3 ],[ 60, 5 ]);
GROU(21,60,[ 1, 3 ],[ 60, 11 ]);
GROU(21,80,[ 1, 2 ],[ 80, 21 ]);
GROU(21,80,[ 1, 2 ],[ 80, 22 ]);
GROU(21,80,[ 1, 2 ],[ 80, 24 ]);
GROU(21,80,[ 1, 2 ],[ 80, 49 ]);
GROU(21,2,[ 2, 2, 2, 2, 2, 2, 2, 2, 2, 2, 2, 2, 2, 2, 2, 2, 2, 2, 2, 2, 2, 2, 
  2, 2, 2, 2, 2, 2, 2, 2, 2, 2, 2, 2, 2, 2, 2 ],[ 2, 1 ]);
GROU(21,3,[ 2, 3, 3, 3, 3, 3, 3, 3, 3, 3, 3, 3, 3, 3, 3, 3, 3, 3 ],[ 3, 1 ]);
GROU(21,4,[ 2, 2, 4, 4, 4, 4, 4, 4, 4, 4, 4, 4 ],[ 4, 1 ]);
GROU(21,4,[ 2, 2, 2, 2, 2, 4, 4, 4, 4, 4, 4, 4, 4 ],[ 4, 1 ]);
GROU(21,4,[ 2, 2, 2, 2, 2, 2, 2, 2, 4, 4, 4, 4, 4, 4 ],[ 4, 1 ]);
GROU(21,4,[ 2, 2, 2, 2, 2, 2, 2, 2, 2, 2, 2, 4, 4, 4, 4 ],[ 4, 1 ]);
GROU(21,4,[ 2, 2, 2, 2, 2, 2, 2, 2, 2, 2, 2, 2, 2, 2, 4, 4 ],[ 4, 1 ]);
GROU(21,4,[ 2, 2, 2, 2, 2, 2, 2, 2, 2, 2, 2, 2, 2, 2, 2, 2, 2 ],[ 4, 1 ]);
GROU(21,4,[ 2, 2, 2, 2, 2, 2, 2, 2, 2, 2, 2, 2, 2, 2, 2, 2, 2 ],[ 4, 2 ]);
GROU(21,6,[ 2, 3, 3, 6, 6, 6, 6 ],[ 6, 2 ]);
GROU(21,6,[ 2, 3, 3, 3, 3, 3, 3, 3 ],[ 6, 1 ]);
GROU(21,6,[ 2, 3, 3, 3, 3, 3, 3, 3 ],[ 6, 2 ]);
GROU(21,6,[ 2, 2, 6, 6, 6, 6, 6 ],[ 6, 2 ]);
GROU(21,6,[ 2, 2, 3, 3, 3, 3, 3, 6 ],[ 6, 2 ]);
GROU(21,6,[ 2, 2, 2, 3, 3, 3, 6, 6 ],[ 6, 2 ]);
GROU(21,6,[ 2, 2, 2, 2, 3, 6, 6, 6 ],[ 6, 2 ]);
GROU(21,6,[ 2, 2, 2, 2, 2, 3, 3, 3, 3 ],[ 6, 1 ]);
GROU(21,6,[ 2, 2, 2, 2, 2, 3, 3, 3, 3 ],[ 6, 2 ]);
GROU(21,6,[ 2, 2, 2, 2, 2, 2, 3, 3, 6 ],[ 6, 2 ]);
GROU(21,6,[ 2, 2, 2, 2, 2, 2, 2, 6, 6 ],[ 6, 2 ]);
GROU(21,6,[ 2, 2, 2, 2, 2, 2, 2, 2, 2, 3 ],[ 6, 1 ]);
GROU(21,8,[ 2, 4, 4, 4, 4 ],[ 8, 1 ]);
GROU(21,8,[ 2, 4, 4, 4, 4 ],[ 8, 2 ]);
GROU(21,8,[ 2, 4, 4, 4, 4 ],[ 8, 3 ]);
GROU(21,8,[ 2, 4, 4, 4, 4 ],[ 8, 4 ]);
GROU(21,8,[ 2, 2, 4, 8, 8 ],[ 8, 1 ]);
GROU(21,8,[ 2, 2, 2, 2, 4, 4 ],[ 8, 1 ]);
GROU(21,8,[ 2, 2, 2, 2, 4, 4 ],[ 8, 2 ]);
GROU(21,8,[ 2, 2, 2, 2, 4, 4 ],[ 8, 3 ]);
GROU(21,8,[ 2, 2, 2, 2, 4, 4 ],[ 8, 4 ]);
GROU(21,8,[ 2, 2, 2, 2, 2, 2, 2 ],[ 8, 1 ]);
GROU(21,8,[ 2, 2, 2, 2, 2, 2, 2 ],[ 8, 2 ]);
GROU(21,8,[ 2, 2, 2, 2, 2, 2, 2 ],[ 8, 3 ]);
GROU(21,8,[ 2, 2, 2, 2, 2, 2, 2 ],[ 8, 4 ]);
GROU(21,8,[ 2, 2, 2, 2, 2, 2, 2 ],[ 8, 5 ]);
GROU(21,9,[ 2, 3, 9, 9 ],[ 9, 1 ]);
GROU(21,10,[ 2, 2, 2, 2, 2 ],[ 10, 1 ]);
GROU(21,10,[ 2, 2, 2, 2, 2 ],[ 10, 2 ]);
GROU(21,12,[ 2, 3, 3 ],[ 12, 1 ]);
GROU(21,12,[ 2, 3, 3 ],[ 12, 2 ]);
GROU(21,12,[ 2, 3, 3 ],[ 12, 3 ]);
GROU(21,12,[ 2, 3, 3 ],[ 12, 4 ]);
GROU(21,12,[ 2, 3, 3 ],[ 12, 5 ]);
GROU(21,12,[ 2, 2, 6 ],[ 12, 1 ]);
GROU(21,12,[ 2, 2, 6 ],[ 12, 4 ]);
GROU(21,14,[ 2, 7 ],[ 14, 1 ]);
GROU(21,16,[ 2, 2 ],[ 16, 3 ]);
GROU(21,16,[ 2, 2 ],[ 16, 4 ]);
GROU(21,16,[ 2, 2 ],[ 16, 6 ]);
GROU(21,16,[ 2, 2 ],[ 16, 7 ]);
GROU(21,16,[ 2, 2 ],[ 16, 8 ]);
GROU(21,16,[ 2, 2 ],[ 16, 9 ]);
GROU(21,16,[ 2, 2 ],[ 16, 11 ]);
GROU(21,16,[ 2, 2 ],[ 16, 12 ]);
GROU(21,16,[ 2, 2 ],[ 16, 13 ]);
GROU(21,20,[ 2 ],[ 20, 1 ]);
GROU(21,20,[ 2 ],[ 20, 2 ]);
GROU(21,20,[ 2 ],[ 20, 3 ]);
GROU(21,20,[ 2 ],[ 20, 4 ]);
GROU(21,20,[ 2 ],[ 20, 5 ]);
GROU(21,2,[ 3, 2, 2, 2, 2, 2, 2, 2, 2, 2, 2, 2, 2, 2, 2, 2, 2, 2, 2, 2, 2, 2, 
  2, 2, 2, 2, 2, 2, 2, 2, 2, 2, 2 ],[ 2, 1 ]);
GROU(21,3,[ 3, 3, 3, 3, 3, 3, 3, 3, 3, 3, 3, 3, 3, 3, 3 ],[ 3, 1 ]);
GROU(21,4,[ 3, 4, 4, 4, 4, 4, 4, 4, 4 ],[ 4, 1 ]);
GROU(21,4,[ 3, 2, 2, 2, 4, 4, 4, 4, 4, 4 ],[ 4, 1 ]);
GROU(21,4,[ 3, 2, 2, 2, 2, 2, 2, 4, 4, 4, 4 ],[ 4, 1 ]);
GROU(21,4,[ 3, 2, 2, 2, 2, 2, 2, 2, 2, 2, 4, 4 ],[ 4, 1 ]);
GROU(21,4,[ 3, 2, 2, 2, 2, 2, 2, 2, 2, 2, 2, 2, 2 ],[ 4, 1 ]);
GROU(21,4,[ 3, 2, 2, 2, 2, 2, 2, 2, 2, 2, 2, 2, 2 ],[ 4, 2 ]);
GROU(21,5,[ 3, 5, 5, 5, 5, 5 ],[ 5, 1 ]);
GROU(21,6,[ 3, 3, 3, 3, 3 ],[ 6, 1 ]);
GROU(21,6,[ 3, 3, 3, 3, 3 ],[ 6, 2 ]);
GROU(21,6,[ 3, 2, 3, 3, 6 ],[ 6, 2 ]);
GROU(21,6,[ 3, 2, 2, 6, 6 ],[ 6, 2 ]);
GROU(21,6,[ 3, 2, 2, 2, 2, 3 ],[ 6, 1 ]);
GROU(21,7,[ 3, 7, 7 ],[ 7, 1 ]);
GROU(21,8,[ 3, 2, 2 ],[ 8, 1 ]);
GROU(21,8,[ 3, 2, 2 ],[ 8, 2 ]);
GROU(21,8,[ 3, 2, 2 ],[ 8, 3 ]);
GROU(21,8,[ 3, 2, 2 ],[ 8, 4 ]);
GROU(21,8,[ 3, 2, 2 ],[ 8, 5 ]);
GROU(21,10,[ 3 ],[ 10, 1 ]);
GROU(21,10,[ 3 ],[ 10, 2 ]);
GROU(21,2,[ 4, 2, 2, 2, 2, 2, 2, 2, 2, 2, 2, 2, 2, 2, 2, 2, 2, 2, 2, 2, 2, 2, 
  2, 2, 2, 2, 2, 2, 2 ],[ 2, 1 ]);
GROU(21,3,[ 4, 3, 3, 3, 3, 3, 3, 3, 3, 3, 3, 3 ],[ 3, 1 ]);
GROU(21,4,[ 4, 2, 2, 4, 4, 4, 4 ],[ 4, 1 ]);
GROU(21,4,[ 4, 2, 2, 2, 2, 2, 4, 4 ],[ 4, 1 ]);
GROU(21,4,[ 4, 2, 2, 2, 2, 2, 2, 2, 2 ],[ 4, 1 ]);
GROU(21,4,[ 4, 2, 2, 2, 2, 2, 2, 2, 2 ],[ 4, 2 ]);
GROU(21,6,[ 4, 3 ],[ 6, 1 ]);
GROU(21,2,[ 5, 2, 2, 2, 2, 2, 2, 2, 2, 2, 2, 2, 2, 2, 2, 2, 2, 2, 2, 2, 2, 2, 
  2, 2, 2 ],[ 2, 1 ]);
GROU(21,3,[ 5, 3, 3, 3, 3, 3, 3, 3, 3 ],[ 3, 1 ]);
GROU(21,4,[ 5, 2, 4, 4 ],[ 4, 1 ]);
GROU(21,4,[ 5, 2, 2, 2, 2 ],[ 4, 1 ]);
GROU(21,4,[ 5, 2, 2, 2, 2 ],[ 4, 2 ]);
GROU(21,5,[ 5 ],[ 5, 1 ]);
GROU(21,2,[ 6, 2, 2, 2, 2, 2, 2, 2, 2, 2, 2, 2, 2, 2, 2, 2, 2, 2, 2, 2, 2 ],
[ 2, 1 ]);
GROU(21,3,[ 6, 3, 3, 3, 3, 3 ],[ 3, 1 ]);
GROU(21,4,[ 6 ],[ 4, 1 ]);
GROU(21,4,[ 6 ],[ 4, 2 ]);
GROU(21,2,[ 7, 2, 2, 2, 2, 2, 2, 2, 2, 2, 2, 2, 2, 2, 2, 2, 2 ],[ 2, 1 ]);
GROU(21,3,[ 7, 3, 3 ],[ 3, 1 ]);
GROU(21,2,[ 8, 2, 2, 2, 2, 2, 2, 2, 2, 2, 2, 2, 2 ],[ 2, 1 ]);
GROU(21,2,[ 9, 2, 2, 2, 2, 2, 2, 2, 2 ],[ 2, 1 ]);
GROU(21,2,[ 10, 2, 2, 2, 2 ],[ 2, 1 ]);
GROU(21,2,[ 11 ],[ 2, 1 ]);
GROU(21,1,[ 21 ],[ 1, 1 ]);
