GROU(24,2,[ 0, 2, 2, 2, 2, 2, 2, 2, 2, 2, 2, 2, 2, 2, 2, 2, 2, 2, 2, 2, 2, 2, 
  2, 2, 2, 2, 2, 2, 2, 2, 2, 2, 2, 2, 2, 2, 2, 2, 2, 2, 2, 2, 2, 2, 2, 2, 2, 
  2, 2, 2, 2 ],[ 2, 1 ]);
GROU(24,3,[ 0, 3, 3, 3, 3, 3, 3, 3, 3, 3, 3, 3, 3, 3, 3, 3, 3, 3, 3, 3, 3, 3, 
  3, 3, 3, 3, 3 ],[ 3, 1 ]);
GROU(24,4,[ 0, 4, 4, 4, 4, 4, 4, 4, 4, 4, 4, 4, 4, 4, 4, 4, 4, 4, 4 ],
[ 4, 1 ]);
GROU(24,4,[ 0, 2, 2, 2, 4, 4, 4, 4, 4, 4, 4, 4, 4, 4, 4, 4, 4, 4, 4, 4 ],
[ 4, 1 ]);
GROU(24,4,[ 0, 2, 2, 2, 2, 2, 2, 4, 4, 4, 4, 4, 4, 4, 4, 4, 4, 4, 4, 4, 4 ],
[ 4, 1 ]);
GROU(24,4,[ 0, 2, 2, 2, 2, 2, 2, 2, 2, 2, 4, 4, 4, 4, 4, 4, 4, 4, 4, 4, 4, 4 
 ],[ 4, 1 ]);
GROU(24,4,[ 0, 2, 2, 2, 2, 2, 2, 2, 2, 2, 2, 2, 2, 4, 4, 4, 4, 4, 4, 4, 4, 4, 
  4 ],[ 4, 1 ]);
GROU(24,4,[ 0, 2, 2, 2, 2, 2, 2, 2, 2, 2, 2, 2, 2, 2, 2, 2, 4, 4, 4, 4, 4, 4, 
  4, 4 ],[ 4, 1 ]);
GROU(24,4,[ 0, 2, 2, 2, 2, 2, 2, 2, 2, 2, 2, 2, 2, 2, 2, 2, 2, 2, 2, 4, 4, 4, 
  4, 4, 4 ],[ 4, 1 ]);
GROU(24,4,[ 0, 2, 2, 2, 2, 2, 2, 2, 2, 2, 2, 2, 2, 2, 2, 2, 2, 2, 2, 2, 2, 2, 
  4, 4, 4, 4 ],[ 4, 1 ]);
GROU(24,4,[ 0, 2, 2, 2, 2, 2, 2, 2, 2, 2, 2, 2, 2, 2, 2, 2, 2, 2, 2, 2, 2, 2, 
  2, 2, 2, 4, 4 ],[ 4, 1 ]);
GROU(24,4,[ 0, 2, 2, 2, 2, 2, 2, 2, 2, 2, 2, 2, 2, 2, 2, 2, 2, 2, 2, 2, 2, 2, 
  2, 2, 2, 2, 2, 2 ],[ 4, 2 ]);
GROU(24,5,[ 0, 5, 5, 5, 5, 5, 5, 5, 5, 5, 5, 5, 5, 5, 5 ],[ 5, 1 ]);
GROU(24,6,[ 0, 3, 3, 6, 6, 6, 6, 6, 6, 6, 6, 6, 6 ],[ 6, 2 ]);
GROU(24,6,[ 0, 3, 3, 3, 3, 3, 3, 3, 6, 6, 6, 6, 6, 6 ],[ 6, 2 ]);
GROU(24,6,[ 0, 3, 3, 3, 3, 3, 3, 3, 3, 3, 3, 3, 3, 6, 6 ],[ 6, 2 ]);
GROU(24,6,[ 0, 2, 6, 6, 6, 6, 6, 6, 6, 6, 6, 6, 6 ],[ 6, 2 ]);
GROU(24,6,[ 0, 2, 3, 3, 3, 3, 3, 6, 6, 6, 6, 6, 6, 6 ],[ 6, 2 ]);
GROU(24,6,[ 0, 2, 3, 3, 3, 3, 3, 3, 3, 3, 3, 3, 6, 6, 6 ],[ 6, 2 ]);
GROU(24,6,[ 0, 2, 2, 3, 3, 3, 6, 6, 6, 6, 6, 6, 6, 6 ],[ 6, 2 ]);
GROU(24,6,[ 0, 2, 2, 3, 3, 3, 3, 3, 3, 3, 3, 6, 6, 6, 6 ],[ 6, 2 ]);
GROU(24,6,[ 0, 2, 2, 3, 3, 3, 3, 3, 3, 3, 3, 3, 3, 3, 3, 3 ],[ 6, 1 ]);
GROU(24,6,[ 0, 2, 2, 3, 3, 3, 3, 3, 3, 3, 3, 3, 3, 3, 3, 3 ],[ 6, 2 ]);
GROU(24,6,[ 0, 2, 2, 2, 3, 6, 6, 6, 6, 6, 6, 6, 6, 6 ],[ 6, 2 ]);
GROU(24,6,[ 0, 2, 2, 2, 3, 3, 3, 3, 3, 3, 6, 6, 6, 6, 6 ],[ 6, 2 ]);
GROU(24,6,[ 0, 2, 2, 2, 3, 3, 3, 3, 3, 3, 3, 3, 3, 3, 3, 6 ],[ 6, 2 ]);
GROU(24,6,[ 0, 2, 2, 2, 2, 3, 3, 3, 3, 6, 6, 6, 6, 6, 6 ],[ 6, 2 ]);
GROU(24,6,[ 0, 2, 2, 2, 2, 3, 3, 3, 3, 3, 3, 3, 3, 3, 6, 6 ],[ 6, 2 ]);
GROU(24,6,[ 0, 2, 2, 2, 2, 2, 3, 3, 6, 6, 6, 6, 6, 6, 6 ],[ 6, 2 ]);
GROU(24,6,[ 0, 2, 2, 2, 2, 2, 3, 3, 3, 3, 3, 3, 3, 6, 6, 6 ],[ 6, 2 ]);
GROU(24,6,[ 0, 2, 2, 2, 2, 2, 2, 6, 6, 6, 6, 6, 6, 6, 6 ],[ 6, 2 ]);
GROU(24,6,[ 0, 2, 2, 2, 2, 2, 2, 3, 3, 3, 3, 3, 6, 6, 6, 6 ],[ 6, 2 ]);
GROU(24,6,[ 0, 2, 2, 2, 2, 2, 2, 3, 3, 3, 3, 3, 3, 3, 3, 3, 3 ],[ 6, 1 ]);
GROU(24,6,[ 0, 2, 2, 2, 2, 2, 2, 3, 3, 3, 3, 3, 3, 3, 3, 3, 3 ],[ 6, 2 ]);
GROU(24,6,[ 0, 2, 2, 2, 2, 2, 2, 2, 3, 3, 3, 6, 6, 6, 6, 6 ],[ 6, 2 ]);
GROU(24,6,[ 0, 2, 2, 2, 2, 2, 2, 2, 3, 3, 3, 3, 3, 3, 3, 3, 6 ],[ 6, 2 ]);
GROU(24,6,[ 0, 2, 2, 2, 2, 2, 2, 2, 2, 3, 6, 6, 6, 6, 6, 6 ],[ 6, 2 ]);
GROU(24,6,[ 0, 2, 2, 2, 2, 2, 2, 2, 2, 3, 3, 3, 3, 3, 3, 6, 6 ],[ 6, 2 ]);
GROU(24,6,[ 0, 2, 2, 2, 2, 2, 2, 2, 2, 2, 3, 3, 3, 3, 6, 6, 6 ],[ 6, 2 ]);
GROU(24,6,[ 0, 2, 2, 2, 2, 2, 2, 2, 2, 2, 2, 3, 3, 6, 6, 6, 6 ],[ 6, 2 ]);
GROU(24,6,[ 0, 2, 2, 2, 2, 2, 2, 2, 2, 2, 2, 3, 3, 3, 3, 3, 3, 3 ],[ 6, 1 ]);
GROU(24,6,[ 0, 2, 2, 2, 2, 2, 2, 2, 2, 2, 2, 3, 3, 3, 3, 3, 3, 3 ],[ 6, 2 ]);
GROU(24,6,[ 0, 2, 2, 2, 2, 2, 2, 2, 2, 2, 2, 2, 6, 6, 6, 6, 6 ],[ 6, 2 ]);
GROU(24,6,[ 0, 2, 2, 2, 2, 2, 2, 2, 2, 2, 2, 2, 3, 3, 3, 3, 3, 6 ],[ 6, 2 ]);
GROU(24,6,[ 0, 2, 2, 2, 2, 2, 2, 2, 2, 2, 2, 2, 2, 3, 3, 3, 6, 6 ],[ 6, 2 ]);
GROU(24,6,[ 0, 2, 2, 2, 2, 2, 2, 2, 2, 2, 2, 2, 2, 2, 3, 6, 6, 6 ],[ 6, 2 ]);
GROU(24,6,[ 0, 2, 2, 2, 2, 2, 2, 2, 2, 2, 2, 2, 2, 2, 2, 3, 3, 3, 3 ],
[ 6, 1 ]);
GROU(24,6,[ 0, 2, 2, 2, 2, 2, 2, 2, 2, 2, 2, 2, 2, 2, 2, 3, 3, 3, 3 ],
[ 6, 2 ]);
GROU(24,6,[ 0, 2, 2, 2, 2, 2, 2, 2, 2, 2, 2, 2, 2, 2, 2, 2, 3, 3, 6 ],
[ 6, 2 ]);
GROU(24,6,[ 0, 2, 2, 2, 2, 2, 2, 2, 2, 2, 2, 2, 2, 2, 2, 2, 2, 6, 6 ],
[ 6, 2 ]);
GROU(24,6,[ 0, 2, 2, 2, 2, 2, 2, 2, 2, 2, 2, 2, 2, 2, 2, 2, 2, 2, 2, 3 ],
[ 6, 1 ]);
GROU(24,7,[ 0, 7, 7, 7, 7, 7, 7, 7, 7, 7, 7 ],[ 7, 1 ]);
GROU(24,8,[ 0, 4, 8, 8, 8, 8, 8, 8, 8, 8 ],[ 8, 1 ]);
GROU(24,8,[ 0, 4, 4, 4, 4, 4, 4, 4, 4, 8, 8 ],[ 8, 1 ]);
GROU(24,8,[ 0, 2, 4, 4, 4, 4, 4, 8, 8, 8, 8 ],[ 8, 1 ]);
GROU(24,8,[ 0, 2, 2, 4, 4, 8, 8, 8, 8, 8, 8 ],[ 8, 1 ]);
GROU(24,8,[ 0, 2, 2, 4, 4, 4, 4, 4, 4, 4, 4, 4 ],[ 8, 3 ]);
GROU(24,8,[ 0, 2, 2, 4, 4, 4, 4, 4, 4, 4, 4, 4 ],[ 8, 4 ]);
GROU(24,8,[ 0, 2, 2, 2, 4, 4, 4, 4, 4, 4, 8, 8 ],[ 8, 1 ]);
GROU(24,8,[ 0, 2, 2, 2, 2, 4, 4, 4, 8, 8, 8, 8 ],[ 8, 1 ]);
GROU(24,8,[ 0, 2, 2, 2, 2, 2, 8, 8, 8, 8, 8, 8 ],[ 8, 1 ]);
GROU(24,8,[ 0, 2, 2, 2, 2, 2, 4, 4, 4, 4, 4, 4, 4 ],[ 8, 3 ]);
GROU(24,8,[ 0, 2, 2, 2, 2, 2, 4, 4, 4, 4, 4, 4, 4 ],[ 8, 4 ]);
GROU(24,8,[ 0, 2, 2, 2, 2, 2, 2, 4, 4, 4, 4, 8, 8 ],[ 8, 1 ]);
GROU(24,8,[ 0, 2, 2, 2, 2, 2, 2, 2, 4, 8, 8, 8, 8 ],[ 8, 1 ]);
GROU(24,8,[ 0, 2, 2, 2, 2, 2, 2, 2, 2, 4, 4, 4, 4, 4 ],[ 8, 3 ]);
GROU(24,8,[ 0, 2, 2, 2, 2, 2, 2, 2, 2, 4, 4, 4, 4, 4 ],[ 8, 4 ]);
GROU(24,8,[ 0, 2, 2, 2, 2, 2, 2, 2, 2, 2, 4, 4, 8, 8 ],[ 8, 1 ]);
GROU(24,8,[ 0, 2, 2, 2, 2, 2, 2, 2, 2, 2, 2, 2, 4, 4, 4 ],[ 8, 3 ]);
GROU(24,8,[ 0, 2, 2, 2, 2, 2, 2, 2, 2, 2, 2, 2, 4, 4, 4 ],[ 8, 4 ]);
GROU(24,8,[ 0, 2, 2, 2, 2, 2, 2, 2, 2, 2, 2, 2, 2, 8, 8 ],[ 8, 1 ]);
GROU(24,8,[ 0, 2, 2, 2, 2, 2, 2, 2, 2, 2, 2, 2, 2, 2, 2, 4 ],[ 8, 3 ]);
GROU(24,9,[ 0, 9, 9, 9, 9, 9, 9, 9, 9 ],[ 9, 1 ]);
GROU(24,9,[ 0, 3, 3, 3, 3, 9, 9, 9, 9, 9 ],[ 9, 1 ]);
GROU(24,9,[ 0, 3, 3, 3, 3, 3, 3, 3, 3, 9, 9 ],[ 9, 1 ]);
GROU(24,10,[ 0, 5, 5, 5, 5, 5, 5, 10, 10 ],[ 10, 2 ]);
GROU(24,10,[ 0, 2, 5, 5, 10, 10, 10, 10, 10 ],[ 10, 2 ]);
GROU(24,10,[ 0, 2, 2, 5, 5, 5, 5, 5, 5, 5 ],[ 10, 1 ]);
GROU(24,10,[ 0, 2, 2, 5, 5, 5, 5, 5, 5, 5 ],[ 10, 2 ]);
GROU(24,10,[ 0, 2, 2, 2, 5, 5, 5, 10, 10, 10 ],[ 10, 2 ]);
GROU(24,10,[ 0, 2, 2, 2, 2, 2, 5, 5, 5, 5, 10 ],[ 10, 2 ]);
GROU(24,10,[ 0, 2, 2, 2, 2, 2, 2, 10, 10, 10, 10 ],[ 10, 2 ]);
GROU(24,10,[ 0, 2, 2, 2, 2, 2, 2, 2, 2, 5, 10, 10 ],[ 10, 2 ]);
GROU(24,10,[ 0, 2, 2, 2, 2, 2, 2, 2, 2, 2, 2, 5, 5 ],[ 10, 1 ]);
GROU(24,10,[ 0, 2, 2, 2, 2, 2, 2, 2, 2, 2, 2, 5, 5 ],[ 10, 2 ]);
GROU(24,12,[ 0, 6, 6, 6, 6, 6, 6, 6 ],[ 12, 5 ]);
GROU(24,12,[ 0, 4, 6, 6, 6, 6, 6, 12 ],[ 12, 2 ]);
GROU(24,12,[ 0, 4, 4, 6, 6, 6, 12, 12 ],[ 12, 2 ]);
GROU(24,12,[ 0, 4, 4, 4, 6, 12, 12, 12 ],[ 12, 2 ]);
GROU(24,12,[ 0, 3, 6, 6, 6, 6, 12, 12 ],[ 12, 2 ]);
GROU(24,12,[ 0, 3, 4, 6, 6, 12, 12, 12 ],[ 12, 2 ]);
GROU(24,12,[ 0, 3, 4, 4, 12, 12, 12, 12 ],[ 12, 2 ]);
GROU(24,12,[ 0, 3, 3, 6, 12, 12, 12, 12 ],[ 12, 2 ]);
GROU(24,12,[ 0, 3, 3, 4, 4, 4, 4, 4, 4 ],[ 12, 1 ]);
GROU(24,12,[ 0, 3, 3, 4, 4, 4, 4, 4, 4 ],[ 12, 2 ]);
GROU(24,12,[ 0, 3, 3, 3, 4, 4, 4, 4, 6 ],[ 12, 1 ]);
GROU(24,12,[ 0, 3, 3, 3, 4, 4, 4, 4, 6 ],[ 12, 2 ]);
GROU(24,12,[ 0, 3, 3, 3, 3, 4, 4, 6, 6 ],[ 12, 1 ]);
GROU(24,12,[ 0, 3, 3, 3, 3, 4, 4, 6, 6 ],[ 12, 2 ]);
GROU(24,12,[ 0, 3, 3, 3, 3, 4, 4, 4, 12 ],[ 12, 2 ]);
GROU(24,12,[ 0, 3, 3, 3, 3, 3, 6, 6, 6 ],[ 12, 5 ]);
GROU(24,12,[ 0, 3, 3, 3, 3, 3, 4, 6, 12 ],[ 12, 2 ]);
GROU(24,12,[ 0, 3, 3, 3, 3, 3, 3, 12, 12 ],[ 12, 2 ]);
GROU(24,12,[ 0, 2, 6, 6, 12, 12, 12, 12 ],[ 12, 2 ]);
GROU(24,12,[ 0, 2, 4, 12, 12, 12, 12, 12 ],[ 12, 2 ]);
GROU(24,12,[ 0, 2, 4, 4, 4, 4, 4, 4, 6 ],[ 12, 1 ]);
GROU(24,12,[ 0, 2, 3, 4, 4, 4, 4, 6, 6 ],[ 12, 1 ]);
GROU(24,12,[ 0, 2, 3, 4, 4, 4, 4, 6, 6 ],[ 12, 2 ]);
GROU(24,12,[ 0, 2, 3, 4, 4, 4, 4, 4, 12 ],[ 12, 2 ]);
GROU(24,12,[ 0, 2, 3, 3, 4, 4, 6, 6, 6 ],[ 12, 1 ]);
GROU(24,12,[ 0, 2, 3, 3, 4, 4, 6, 6, 6 ],[ 12, 2 ]);
GROU(24,12,[ 0, 2, 3, 3, 4, 4, 4, 6, 12 ],[ 12, 2 ]);
GROU(24,12,[ 0, 2, 3, 3, 3, 6, 6, 6, 6 ],[ 12, 5 ]);
GROU(24,12,[ 0, 2, 3, 3, 3, 4, 6, 6, 12 ],[ 12, 2 ]);
GROU(24,12,[ 0, 2, 3, 3, 3, 4, 4, 12, 12 ],[ 12, 2 ]);
GROU(24,12,[ 0, 2, 3, 3, 3, 3, 6, 12, 12 ],[ 12, 2 ]);
GROU(24,12,[ 0, 2, 3, 3, 3, 3, 3, 3, 3, 3 ],[ 12, 3 ]);
GROU(24,12,[ 0, 2, 2, 4, 4, 6, 6, 6, 6 ],[ 12, 1 ]);
GROU(24,12,[ 0, 2, 2, 4, 4, 6, 6, 6, 6 ],[ 12, 2 ]);
GROU(24,12,[ 0, 2, 2, 4, 4, 4, 6, 6, 12 ],[ 12, 2 ]);
GROU(24,12,[ 0, 2, 2, 4, 4, 4, 4, 12, 12 ],[ 12, 2 ]);
GROU(24,12,[ 0, 2, 2, 3, 6, 6, 6, 6, 6 ],[ 12, 4 ]);
GROU(24,12,[ 0, 2, 2, 3, 6, 6, 6, 6, 6 ],[ 12, 5 ]);
GROU(24,12,[ 0, 2, 2, 3, 4, 6, 6, 6, 12 ],[ 12, 2 ]);
GROU(24,12,[ 0, 2, 2, 3, 4, 4, 6, 12, 12 ],[ 12, 2 ]);
GROU(24,12,[ 0, 2, 2, 3, 3, 6, 6, 12, 12 ],[ 12, 2 ]);
GROU(24,12,[ 0, 2, 2, 3, 3, 4, 12, 12, 12 ],[ 12, 2 ]);
GROU(24,12,[ 0, 2, 2, 3, 3, 3, 3, 3, 4, 4 ],[ 12, 1 ]);
GROU(24,12,[ 0, 2, 2, 3, 3, 3, 3, 3, 4, 4 ],[ 12, 2 ]);
GROU(24,12,[ 0, 2, 2, 3, 3, 3, 3, 3, 3, 6 ],[ 12, 4 ]);
GROU(24,12,[ 0, 2, 2, 3, 3, 3, 3, 3, 3, 6 ],[ 12, 5 ]);
GROU(24,12,[ 0, 2, 2, 2, 6, 6, 6, 12, 12 ],[ 12, 2 ]);
GROU(24,12,[ 0, 2, 2, 2, 4, 6, 12, 12, 12 ],[ 12, 2 ]);
GROU(24,12,[ 0, 2, 2, 2, 3, 12, 12, 12, 12 ],[ 12, 2 ]);
GROU(24,12,[ 0, 2, 2, 2, 3, 3, 4, 4, 4, 4 ],[ 12, 1 ]);
GROU(24,12,[ 0, 2, 2, 2, 3, 3, 4, 4, 4, 4 ],[ 12, 2 ]);
GROU(24,12,[ 0, 2, 2, 2, 3, 3, 3, 4, 4, 6 ],[ 12, 1 ]);
GROU(24,12,[ 0, 2, 2, 2, 3, 3, 3, 4, 4, 6 ],[ 12, 2 ]);
GROU(24,12,[ 0, 2, 2, 2, 3, 3, 3, 3, 6, 6 ],[ 12, 4 ]);
GROU(24,12,[ 0, 2, 2, 2, 3, 3, 3, 3, 6, 6 ],[ 12, 5 ]);
GROU(24,12,[ 0, 2, 2, 2, 3, 3, 3, 3, 4, 12 ],[ 12, 2 ]);
GROU(24,12,[ 0, 2, 2, 2, 2, 4, 4, 4, 4, 6 ],[ 12, 1 ]);
GROU(24,12,[ 0, 2, 2, 2, 2, 3, 4, 4, 6, 6 ],[ 12, 1 ]);
GROU(24,12,[ 0, 2, 2, 2, 2, 3, 4, 4, 6, 6 ],[ 12, 2 ]);
GROU(24,12,[ 0, 2, 2, 2, 2, 3, 4, 4, 4, 12 ],[ 12, 2 ]);
GROU(24,12,[ 0, 2, 2, 2, 2, 3, 3, 6, 6, 6 ],[ 12, 4 ]);
GROU(24,12,[ 0, 2, 2, 2, 2, 3, 3, 6, 6, 6 ],[ 12, 5 ]);
GROU(24,12,[ 0, 2, 2, 2, 2, 3, 3, 4, 6, 12 ],[ 12, 2 ]);
GROU(24,12,[ 0, 2, 2, 2, 2, 3, 3, 3, 12, 12 ],[ 12, 2 ]);
GROU(24,12,[ 0, 2, 2, 2, 2, 2, 6, 6, 6, 6 ],[ 12, 4 ]);
GROU(24,12,[ 0, 2, 2, 2, 2, 2, 6, 6, 6, 6 ],[ 12, 5 ]);
GROU(24,12,[ 0, 2, 2, 2, 2, 2, 4, 6, 6, 12 ],[ 12, 2 ]);
GROU(24,12,[ 0, 2, 2, 2, 2, 2, 4, 4, 12, 12 ],[ 12, 2 ]);
GROU(24,12,[ 0, 2, 2, 2, 2, 2, 3, 6, 12, 12 ],[ 12, 2 ]);
GROU(24,12,[ 0, 2, 2, 2, 2, 2, 3, 3, 3, 3, 3 ],[ 12, 3 ]);
GROU(24,12,[ 0, 2, 2, 2, 2, 2, 3, 3, 3, 3, 3 ],[ 12, 4 ]);
GROU(24,12,[ 0, 2, 2, 2, 2, 2, 3, 3, 3, 3, 3 ],[ 12, 5 ]);
GROU(24,12,[ 0, 2, 2, 2, 2, 2, 2, 3, 3, 4, 4 ],[ 12, 1 ]);
GROU(24,12,[ 0, 2, 2, 2, 2, 2, 2, 3, 3, 4, 4 ],[ 12, 2 ]);
GROU(24,12,[ 0, 2, 2, 2, 2, 2, 2, 3, 3, 3, 6 ],[ 12, 4 ]);
GROU(24,12,[ 0, 2, 2, 2, 2, 2, 2, 3, 3, 3, 6 ],[ 12, 5 ]);
GROU(24,12,[ 0, 2, 2, 2, 2, 2, 2, 2, 4, 4, 6 ],[ 12, 1 ]);
GROU(24,12,[ 0, 2, 2, 2, 2, 2, 2, 2, 3, 6, 6 ],[ 12, 4 ]);
GROU(24,12,[ 0, 2, 2, 2, 2, 2, 2, 2, 3, 6, 6 ],[ 12, 5 ]);
GROU(24,12,[ 0, 2, 2, 2, 2, 2, 2, 2, 3, 4, 12 ],[ 12, 2 ]);
GROU(24,12,[ 0, 2, 2, 2, 2, 2, 2, 2, 2, 12, 12 ],[ 12, 2 ]);
GROU(24,12,[ 0, 2, 2, 2, 2, 2, 2, 2, 2, 2, 3, 3 ],[ 12, 3 ]);
GROU(24,12,[ 0, 2, 2, 2, 2, 2, 2, 2, 2, 2, 3, 3 ],[ 12, 4 ]);
GROU(24,12,[ 0, 2, 2, 2, 2, 2, 2, 2, 2, 2, 3, 3 ],[ 12, 5 ]);
GROU(24,12,[ 0, 2, 2, 2, 2, 2, 2, 2, 2, 2, 2, 6 ],[ 12, 4 ]);
GROU(24,13,[ 0, 13, 13, 13, 13, 13, 13 ],[ 13, 1 ]);
GROU(24,14,[ 0, 7, 7, 7, 7, 14, 14 ],[ 14, 2 ]);
GROU(24,14,[ 0, 2, 2, 7, 7, 7, 7, 7 ],[ 14, 1 ]);
GROU(24,14,[ 0, 2, 2, 7, 7, 7, 7, 7 ],[ 14, 2 ]);
GROU(24,14,[ 0, 2, 2, 2, 2, 2, 14, 14, 14 ],[ 14, 2 ]);
GROU(24,14,[ 0, 2, 2, 2, 2, 2, 2, 2, 7, 14 ],[ 14, 2 ]);
GROU(24,15,[ 0, 5, 5, 5, 5, 15, 15 ],[ 15, 1 ]);
GROU(24,15,[ 0, 3, 5, 5, 15, 15, 15 ],[ 15, 1 ]);
GROU(24,15,[ 0, 3, 3, 15, 15, 15, 15 ],[ 15, 1 ]);
GROU(24,15,[ 0, 3, 3, 3, 3, 5, 5, 5 ],[ 15, 1 ]);
GROU(24,15,[ 0, 3, 3, 3, 3, 3, 5, 15 ],[ 15, 1 ]);
GROU(24,16,[ 0, 4, 4, 4, 8, 8, 8 ],[ 16, 9 ]);
GROU(24,16,[ 0, 4, 4, 4, 4, 16, 16 ],[ 16, 1 ]);
SIGN(24,16,[ 0, 2, 8, 8, 8, 8, 8 ],"all");
GROU(24,16,[ 0, 2, 4, 8, 8, 16, 16 ],[ 16, 1 ]);
GROU(24,16,[ 0, 2, 2, 4, 4, 4, 4, 8 ],[ 16, 7 ]);
GROU(24,16,[ 0, 2, 2, 4, 4, 4, 4, 8 ],[ 16, 8 ]);
GROU(24,16,[ 0, 2, 2, 4, 4, 4, 4, 8 ],[ 16, 9 ]);
GROU(24,16,[ 0, 2, 2, 2, 4, 8, 8, 8 ],[ 16, 7 ]);
GROU(24,16,[ 0, 2, 2, 2, 4, 8, 8, 8 ],[ 16, 8 ]);
GROU(24,16,[ 0, 2, 2, 2, 4, 4, 16, 16 ],[ 16, 1 ]);
GROU(24,16,[ 0, 2, 2, 2, 2, 2, 4, 4, 8 ],[ 16, 7 ]);
GROU(24,16,[ 0, 2, 2, 2, 2, 2, 4, 4, 8 ],[ 16, 8 ]);
GROU(24,16,[ 0, 2, 2, 2, 2, 2, 4, 4, 8 ],[ 16, 9 ]);
GROU(24,16,[ 0, 2, 2, 2, 2, 2, 2, 16, 16 ],[ 16, 1 ]);
GROU(24,16,[ 0, 2, 2, 2, 2, 2, 2, 2, 2, 8 ],[ 16, 7 ]);
GROU(24,17,[ 0, 17, 17, 17, 17, 17 ],[ 17, 1 ]);
GROU(24,18,[ 0, 9, 9, 9, 18, 18 ],[ 18, 2 ]);
GROU(24,18,[ 0, 6, 9, 18, 18, 18 ],[ 18, 2 ]);
SIGN(24,18,[ 0, 3, 3, 3, 6, 6, 9 ],"all");
GROU(24,18,[ 0, 3, 3, 3, 3, 18, 18 ],[ 18, 2 ]);
SIGN(24,18,[ 0, 2, 3, 6, 6, 6, 9 ],"all");
GROU(24,18,[ 0, 2, 3, 3, 9, 9, 18 ],[ 18, 2 ]);
GROU(24,18,[ 0, 2, 3, 3, 6, 18, 18 ],[ 18, 2 ]);
GROU(24,18,[ 0, 2, 2, 9, 9, 9, 9 ],[ 18, 1 ]);
GROU(24,18,[ 0, 2, 2, 9, 9, 9, 9 ],[ 18, 2 ]);
GROU(24,18,[ 0, 2, 2, 6, 9, 9, 18 ],[ 18, 2 ]);
GROU(24,18,[ 0, 2, 2, 6, 6, 18, 18 ],[ 18, 2 ]);
GROU(24,18,[ 0, 2, 2, 3, 3, 3, 3, 9 ],[ 18, 1 ]);
SIGN(24,18,[ 0, 2, 2, 2, 3, 3, 6, 9 ],"all");
SIGN(24,18,[ 0, 2, 2, 2, 2, 6, 6, 9 ],"all");
GROU(24,18,[ 0, 2, 2, 2, 2, 3, 18, 18 ],[ 18, 2 ]);
GROU(24,18,[ 0, 2, 2, 2, 2, 2, 2, 3, 9 ],[ 18, 1 ]);
GROU(24,20,[ 0, 5, 5, 10, 10, 10 ],[ 20, 5 ]);
GROU(24,20,[ 0, 5, 5, 5, 20, 20 ],[ 20, 2 ]);
GROU(24,20,[ 0, 4, 5, 10, 10, 20 ],[ 20, 2 ]);
GROU(24,20,[ 0, 4, 4, 10, 20, 20 ],[ 20, 2 ]);
GROU(24,20,[ 0, 2, 20, 20, 20, 20 ],[ 20, 2 ]);
GROU(24,20,[ 0, 2, 4, 4, 4, 4, 5 ],[ 20, 1 ]);
GROU(24,20,[ 0, 2, 4, 4, 4, 4, 5 ],[ 20, 3 ]);
GROU(24,20,[ 0, 2, 2, 5, 5, 5, 10 ],[ 20, 4 ]);
GROU(24,20,[ 0, 2, 2, 5, 5, 5, 10 ],[ 20, 5 ]);
GROU(24,20,[ 0, 2, 2, 4, 5, 5, 20 ],[ 20, 2 ]);
GROU(24,20,[ 0, 2, 2, 4, 4, 10, 10 ],[ 20, 1 ]);
GROU(24,20,[ 0, 2, 2, 4, 4, 10, 10 ],[ 20, 2 ]);
GROU(24,20,[ 0, 2, 2, 2, 10, 20, 20 ],[ 20, 2 ]);
GROU(24,20,[ 0, 2, 2, 2, 2, 4, 4, 5 ],[ 20, 1 ]);
GROU(24,20,[ 0, 2, 2, 2, 2, 4, 4, 5 ],[ 20, 3 ]);
GROU(24,20,[ 0, 2, 2, 2, 2, 2, 10, 10 ],[ 20, 4 ]);
GROU(24,20,[ 0, 2, 2, 2, 2, 2, 10, 10 ],[ 20, 5 ]);
GROU(24,20,[ 0, 2, 2, 2, 2, 2, 2, 2, 5 ],[ 20, 4 ]);
GROU(24,21,[ 0, 3, 7, 7, 7, 21 ],[ 21, 2 ]);
GROU(24,21,[ 0, 3, 3, 21, 21, 21 ],[ 21, 2 ]);
GROU(24,21,[ 0, 3, 3, 3, 3, 3, 7 ],[ 21, 1 ]);
GROU(24,24,[ 0, 4, 4, 4, 6, 6 ],[ 24, 3 ]);
GROU(24,24,[ 0, 4, 4, 4, 6, 6 ],[ 24, 4 ]);
GROU(24,24,[ 0, 4, 4, 4, 6, 6 ],[ 24, 10 ]);
GROU(24,24,[ 0, 4, 4, 4, 6, 6 ],[ 24, 11 ]);
GROU(24,24,[ 0, 4, 4, 4, 4, 12 ],[ 24, 4 ]);
GROU(24,24,[ 0, 3, 4, 6, 6, 6 ],[ 24, 3 ]);
GROU(24,24,[ 0, 3, 4, 6, 6, 6 ],[ 24, 10 ]);
GROU(24,24,[ 0, 3, 4, 4, 8, 8 ],[ 24, 1 ]);
GROU(24,24,[ 0, 3, 4, 4, 6, 12 ],[ 24, 4 ]);
GROU(24,24,[ 0, 3, 4, 4, 6, 12 ],[ 24, 11 ]);
GROU(24,24,[ 0, 3, 3, 6, 8, 8 ],[ 24, 1 ]);
GROU(24,24,[ 0, 3, 3, 6, 8, 8 ],[ 24, 2 ]);
GROU(24,24,[ 0, 3, 3, 6, 6, 12 ],[ 24, 10 ]);
GROU(24,24,[ 0, 3, 3, 4, 12, 12 ],[ 24, 11 ]);
GROU(24,24,[ 0, 3, 3, 4, 8, 24 ],[ 24, 2 ]);
GROU(24,24,[ 0, 3, 3, 3, 24, 24 ],[ 24, 2 ]);
GROU(24,24,[ 0, 2, 6, 6, 8, 8 ],[ 24, 1 ]);
GROU(24,24,[ 0, 2, 6, 6, 8, 8 ],[ 24, 2 ]);
GROU(24,24,[ 0, 2, 6, 6, 6, 12 ],[ 24, 10 ]);
GROU(24,24,[ 0, 2, 4, 8, 8, 12 ],[ 24, 1 ]);
GROU(24,24,[ 0, 2, 4, 6, 12, 12 ],[ 24, 10 ]);
GROU(24,24,[ 0, 2, 4, 6, 12, 12 ],[ 24, 11 ]);
GROU(24,24,[ 0, 2, 4, 6, 8, 24 ],[ 24, 2 ]);
GROU(24,24,[ 0, 2, 4, 4, 24, 24 ],[ 24, 2 ]);
GROU(24,24,[ 0, 2, 3, 12, 12, 12 ],[ 24, 11 ]);
GROU(24,24,[ 0, 2, 3, 8, 12, 24 ],[ 24, 2 ]);
GROU(24,24,[ 0, 2, 3, 6, 24, 24 ],[ 24, 2 ]);
GROU(24,24,[ 0, 2, 3, 3, 3, 3, 4 ],[ 24, 3 ]);
GROU(24,24,[ 0, 2, 3, 3, 3, 3, 4 ],[ 24, 12 ]);
GROU(24,24,[ 0, 2, 2, 3, 4, 4, 4 ],[ 24, 4 ]);
GROU(24,24,[ 0, 2, 2, 3, 4, 4, 4 ],[ 24, 6 ]);
GROU(24,24,[ 0, 2, 2, 3, 4, 4, 4 ],[ 24, 8 ]);
GROU(24,24,[ 0, 2, 2, 3, 4, 4, 4 ],[ 24, 12 ]);
GROU(24,24,[ 0, 2, 2, 3, 3, 4, 6 ],[ 24, 3 ]);
GROU(24,24,[ 0, 2, 2, 3, 3, 4, 6 ],[ 24, 6 ]);
GROU(24,24,[ 0, 2, 2, 3, 3, 4, 6 ],[ 24, 8 ]);
GROU(24,24,[ 0, 2, 2, 3, 3, 4, 6 ],[ 24, 10 ]);
GROU(24,24,[ 0, 2, 2, 3, 3, 3, 12 ],[ 24, 6 ]);
GROU(24,24,[ 0, 2, 2, 3, 3, 3, 12 ],[ 24, 10 ]);
GROU(24,24,[ 0, 2, 2, 2, 4, 6, 6 ],[ 24, 3 ]);
GROU(24,24,[ 0, 2, 2, 2, 4, 6, 6 ],[ 24, 6 ]);
GROU(24,24,[ 0, 2, 2, 2, 4, 6, 6 ],[ 24, 8 ]);
GROU(24,24,[ 0, 2, 2, 2, 4, 6, 6 ],[ 24, 10 ]);
GROU(24,24,[ 0, 2, 2, 2, 4, 4, 12 ],[ 24, 4 ]);
GROU(24,24,[ 0, 2, 2, 2, 4, 4, 12 ],[ 24, 6 ]);
GROU(24,24,[ 0, 2, 2, 2, 3, 8, 8 ],[ 24, 1 ]);
GROU(24,24,[ 0, 2, 2, 2, 3, 6, 12 ],[ 24, 6 ]);
GROU(24,24,[ 0, 2, 2, 2, 3, 6, 12 ],[ 24, 10 ]);
GROU(24,24,[ 0, 2, 2, 2, 2, 24, 24 ],[ 24, 2 ]);
GROU(24,24,[ 0, 2, 2, 2, 2, 2, 3, 4 ],[ 24, 6 ]);
GROU(24,24,[ 0, 2, 2, 2, 2, 2, 3, 4 ],[ 24, 8 ]);
GROU(24,24,[ 0, 2, 2, 2, 2, 2, 3, 4 ],[ 24, 12 ]);
GROU(24,24,[ 0, 2, 2, 2, 2, 2, 2, 12 ],[ 24, 6 ]);
GROU(24,25,[ 0, 25, 25, 25, 25 ],[ 25, 1 ]);
GROU(24,26,[ 0, 13, 13, 26, 26 ],[ 26, 2 ]);
GROU(24,26,[ 0, 2, 2, 13, 13, 13 ],[ 26, 1 ]);
GROU(24,26,[ 0, 2, 2, 13, 13, 13 ],[ 26, 2 ]);
GROU(24,27,[ 0, 9, 9, 27, 27 ],[ 27, 1 ]);
GROU(24,28,[ 0, 7, 14, 14, 14 ],[ 28, 4 ]);
GROU(24,28,[ 0, 7, 7, 28, 28 ],[ 28, 2 ]);
GROU(24,28,[ 0, 4, 28, 28, 28 ],[ 28, 2 ]);
GROU(24,28,[ 0, 2, 2, 7, 7, 14 ],[ 28, 3 ]);
GROU(24,28,[ 0, 2, 2, 7, 7, 14 ],[ 28, 4 ]);
GROU(24,28,[ 0, 2, 2, 4, 14, 28 ],[ 28, 2 ]);
GROU(24,30,[ 0, 6, 6, 15, 15 ],[ 30, 2 ]);
GROU(24,30,[ 0, 6, 6, 15, 15 ],[ 30, 4 ]);
GROU(24,30,[ 0, 6, 6, 10, 30 ],[ 30, 4 ]);
GROU(24,30,[ 0, 5, 10, 10, 15 ],[ 30, 1 ]);
GROU(24,30,[ 0, 5, 6, 15, 30 ],[ 30, 4 ]);
GROU(24,30,[ 0, 5, 5, 30, 30 ],[ 30, 4 ]);
GROU(24,30,[ 0, 3, 15, 30, 30 ],[ 30, 4 ]);
GROU(24,30,[ 0, 2, 3, 3, 5, 10 ],[ 30, 1 ]);
GROU(24,30,[ 0, 2, 3, 3, 5, 10 ],[ 30, 4 ]);
GROU(24,30,[ 0, 2, 2, 5, 5, 15 ],[ 30, 1 ]);
GROU(24,30,[ 0, 2, 2, 5, 5, 15 ],[ 30, 3 ]);
GROU(24,30,[ 0, 2, 2, 3, 15, 15 ],[ 30, 1 ]);
GROU(24,30,[ 0, 2, 2, 3, 15, 15 ],[ 30, 2 ]);
GROU(24,30,[ 0, 2, 2, 3, 15, 15 ],[ 30, 3 ]);
GROU(24,30,[ 0, 2, 2, 3, 15, 15 ],[ 30, 4 ]);
GROU(24,30,[ 0, 2, 2, 3, 10, 30 ],[ 30, 4 ]);
SIGN(24,32,[ 0, 4, 8, 8, 16 ],"all");
GROU(24,32,[ 0, 4, 4, 32, 32 ],[ 32, 1 ]);
GROU(24,32,[ 0, 2, 2, 4, 4, 16 ],[ 32, 18 ]);
GROU(24,32,[ 0, 2, 2, 4, 4, 16 ],[ 32, 19 ]);
GROU(24,32,[ 0, 2, 2, 4, 4, 16 ],[ 32, 20 ]);
GROU(24,32,[ 0, 2, 2, 2, 32, 32 ],[ 32, 1 ]);
GROU(24,32,[ 0, 2, 2, 2, 2, 2, 16 ],[ 32, 18 ]);
GROU(24,34,[ 0, 2, 17, 17, 34 ],[ 34, 2 ]);
GROU(24,35,[ 0, 5, 5, 7, 7 ],[ 35, 1 ]);
GROU(24,36,[ 0, 4, 4, 9, 9 ],[ 36, 1 ]);
GROU(24,36,[ 0, 4, 4, 9, 9 ],[ 36, 2 ]);
GROU(24,36,[ 0, 4, 4, 6, 18 ],[ 36, 1 ]);
GROU(24,36,[ 0, 3, 6, 9, 9 ],[ 36, 3 ]);
SIGN(24,36,[ 0, 3, 6, 6, 18 ],"all");
SIGN(24,36,[ 0, 3, 4, 12, 18 ],"all");
GROU(24,36,[ 0, 3, 4, 9, 36 ],[ 36, 2 ]);
GROU(24,36,[ 0, 3, 3, 36, 36 ],[ 36, 2 ]);
SIGN(24,36,[ 0, 2, 12, 12, 18 ],"all");
GROU(24,36,[ 0, 2, 9, 18, 18 ],[ 36, 5 ]);
GROU(24,36,[ 0, 2, 9, 12, 36 ],[ 36, 2 ]);
GROU(24,36,[ 0, 2, 6, 36, 36 ],[ 36, 2 ]);
GROU(24,36,[ 0, 2, 2, 3, 3, 18 ],[ 36, 4 ]);
GROU(24,36,[ 0, 2, 2, 2, 9, 9 ],[ 36, 3 ]);
GROU(24,36,[ 0, 2, 2, 2, 9, 9 ],[ 36, 4 ]);
GROU(24,36,[ 0, 2, 2, 2, 9, 9 ],[ 36, 5 ]);
GROU(24,36,[ 0, 2, 2, 2, 6, 18 ],[ 36, 4 ]);
GROU(24,39,[ 0, 3, 3, 13, 13 ],[ 39, 1 ]);
GROU(24,39,[ 0, 3, 3, 13, 13 ],[ 39, 2 ]);
GROU(24,40,[ 0, 4, 4, 4, 10 ],[ 40, 4 ]);
GROU(24,40,[ 0, 2, 8, 8, 10 ],[ 40, 1 ]);
GROU(24,40,[ 0, 2, 8, 8, 10 ],[ 40, 3 ]);
GROU(24,40,[ 0, 2, 5, 10, 20 ],[ 40, 10 ]);
GROU(24,40,[ 0, 2, 5, 8, 40 ],[ 40, 2 ]);
GROU(24,40,[ 0, 2, 4, 20, 20 ],[ 40, 11 ]);
GROU(24,40,[ 0, 2, 2, 2, 4, 10 ],[ 40, 6 ]);
GROU(24,40,[ 0, 2, 2, 2, 4, 10 ],[ 40, 8 ]);
GROU(24,42,[ 0, 3, 3, 6, 14 ],[ 42, 2 ]);
GROU(24,42,[ 0, 2, 6, 6, 14 ],[ 42, 2 ]);
GROU(24,42,[ 0, 2, 3, 21, 42 ],[ 42, 6 ]);
SIGN(24,42,[ 0, 2, 2, 2, 3, 14 ],"all");
GROU(24,46,[ 0, 2, 2, 2, 2, 2, 2 ],[ 46, 1 ]);
GROU(24,48,[ 0, 3, 3, 4, 8 ],[ 48, 28 ]);
GROU(24,48,[ 0, 2, 4, 6, 8 ],[ 48, 6 ]);
GROU(24,48,[ 0, 2, 4, 6, 8 ],[ 48, 15 ]);
GROU(24,48,[ 0, 2, 4, 6, 8 ],[ 48, 16 ]);
GROU(24,48,[ 0, 2, 4, 6, 8 ],[ 48, 17 ]);
GROU(24,48,[ 0, 2, 4, 6, 8 ],[ 48, 28 ]);
GROU(24,48,[ 0, 2, 4, 6, 8 ],[ 48, 29 ]);
GROU(24,48,[ 0, 2, 4, 4, 24 ],[ 48, 6 ]);
GROU(24,48,[ 0, 2, 4, 4, 24 ],[ 48, 8 ]);
GROU(24,48,[ 0, 2, 3, 8, 12 ],[ 48, 17 ]);
GROU(24,48,[ 0, 2, 3, 8, 12 ],[ 48, 26 ]);
GROU(24,48,[ 0, 2, 3, 6, 24 ],[ 48, 25 ]);
GROU(24,48,[ 0, 2, 2, 48, 48 ],[ 48, 2 ]);
GROU(24,48,[ 0, 2, 2, 2, 2, 24 ],[ 48, 7 ]);
GROU(24,49,[ 0, 49, 49, 49 ],[ 49, 1 ]);
GROU(24,50,[ 0, 25, 50, 50 ],[ 50, 2 ]);
GROU(24,50,[ 0, 2, 2, 25, 25 ],[ 50, 1 ]);
GROU(24,50,[ 0, 2, 2, 25, 25 ],[ 50, 2 ]);
GROU(24,51,[ 0, 17, 51, 51 ],[ 51, 1 ]);
GROU(24,52,[ 0, 26, 26, 26 ],[ 52, 5 ]);
GROU(24,52,[ 0, 13, 52, 52 ],[ 52, 2 ]);
GROU(24,52,[ 0, 2, 2, 13, 26 ],[ 52, 4 ]);
GROU(24,52,[ 0, 2, 2, 13, 26 ],[ 52, 5 ]);
SIGN(24,54,[ 0, 18, 18, 27 ],"all");
GROU(24,54,[ 0, 9, 54, 54 ],[ 54, 2 ]);
GROU(24,54,[ 0, 2, 2, 9, 27 ],[ 54, 1 ]);
GROU(24,56,[ 0, 14, 14, 28 ],[ 56, 9 ]);
GROU(24,56,[ 0, 8, 28, 56 ],[ 56, 2 ]);
GROU(24,56,[ 0, 7, 56, 56 ],[ 56, 2 ]);
GROU(24,56,[ 0, 2, 2, 7, 28 ],[ 56, 5 ]);
GROU(24,56,[ 0, 2, 2, 7, 28 ],[ 56, 9 ]);
GROU(24,60,[ 0, 12, 12, 15 ],[ 60, 2 ]);
GROU(24,60,[ 0, 12, 12, 15 ],[ 60, 6 ]);
GROU(24,60,[ 0, 10, 15, 15 ],[ 60, 9 ]);
SIGN(24,60,[ 0, 10, 12, 20 ],"nonsolvable");
GROU(24,60,[ 0, 10, 10, 30 ],[ 60, 11 ]);
GROU(24,60,[ 0, 6, 30, 30 ],[ 60, 13 ]);
GROU(24,60,[ 0, 6, 20, 60 ],[ 60, 4 ]);
GROU(24,60,[ 0, 5, 60, 60 ],[ 60, 4 ]);
GROU(24,60,[ 0, 2, 3, 5, 5 ],[ 60, 5 ]);
SIGN(24,60,[ 0, 2, 3, 3, 15 ],"nonsolvable");
GROU(24,60,[ 0, 2, 2, 6, 15 ],[ 60, 8 ]);
GROU(24,60,[ 0, 2, 2, 6, 15 ],[ 60, 10 ]);
GROU(24,60,[ 0, 2, 2, 6, 15 ],[ 60, 12 ]);
GROU(24,60,[ 0, 2, 2, 5, 30 ],[ 60, 11 ]);
GROU(24,60,[ 0, 2, 2, 5, 30 ],[ 60, 12 ]);
GROU(24,63,[ 0, 9, 9, 21 ],[ 63, 1 ]);
GROU(24,63,[ 0, 7, 9, 63 ],[ 63, 2 ]);
SIGN(24,64,[ 0, 8, 8, 32 ],"all");
GROU(24,64,[ 0, 4, 64, 64 ],[ 64, 1 ]);
GROU(24,64,[ 0, 2, 2, 4, 32 ],[ 64, 52 ]);
GROU(24,64,[ 0, 2, 2, 4, 32 ],[ 64, 53 ]);
GROU(24,65,[ 0, 5, 13, 65 ],[ 65, 1 ]);
GROU(24,68,[ 0, 4, 17, 68 ],[ 68, 2 ]);
GROU(24,70,[ 0, 7, 10, 10 ],[ 70, 2 ]);
GROU(24,70,[ 0, 5, 14, 14 ],[ 70, 1 ]);
GROU(24,70,[ 0, 2, 2, 5, 7 ],[ 70, 3 ]);
GROU(24,72,[ 0, 8, 8, 9 ],[ 72, 1 ]);
SIGN(24,72,[ 0, 6, 9, 12 ],"all");
SIGN(24,72,[ 0, 6, 6, 36 ],"all");
GROU(24,72,[ 0, 4, 18, 18 ],[ 72, 3 ]);
GROU(24,72,[ 0, 4, 18, 18 ],[ 72, 10 ]);
SIGN(24,72,[ 0, 4, 12, 36 ],"all");
GROU(24,72,[ 0, 3, 72, 72 ],[ 72, 2 ]);
GROU(24,72,[ 0, 2, 2, 4, 9 ],[ 72, 6 ]);
GROU(24,72,[ 0, 2, 2, 4, 9 ],[ 72, 8 ]);
GROU(24,72,[ 0, 2, 2, 4, 9 ],[ 72, 15 ]);
GROU(24,72,[ 0, 2, 2, 3, 36 ],[ 72, 6 ]);
GROU(24,75,[ 0, 3, 25, 75 ],[ 75, 1 ]);
GROU(24,78,[ 0, 6, 6, 13 ],[ 78, 1 ]);
GROU(24,78,[ 0, 6, 6, 13 ],[ 78, 2 ]);
GROU(24,78,[ 0, 6, 6, 13 ],[ 78, 4 ]);
GROU(24,78,[ 0, 3, 26, 26 ],[ 78, 3 ]);
GROU(24,78,[ 0, 2, 2, 3, 13 ],[ 78, 5 ]);
SIGN(24,80,[ 0, 5, 8, 10 ],"all");
GROU(24,80,[ 0, 4, 8, 20 ],[ 80, 18 ]);
SIGN(24,84,[ 0, 4, 6, 28 ],"all");
GROU(24,84,[ 0, 3, 14, 21 ],[ 84, 10 ]);
GROU(24,84,[ 0, 3, 12, 28 ],[ 84, 2 ]);
SIGN(24,92,[ 0, 2, 2, 4, 4 ],"all");
GROU(24,92,[ 0, 2, 2, 2, 2, 2 ],[ 92, 3 ]);
GROU(24,96,[ 0, 4, 4, 48 ],[ 96, 8 ]);
SIGN(24,96,[ 0, 3, 8, 16 ],"all");
GROU(24,96,[ 0, 2, 96, 96 ],[ 96, 2 ]);
GROU(24,96,[ 0, 2, 2, 2, 48 ],[ 96, 6 ]);
GROU(24,98,[ 0, 2, 49, 98 ],[ 98, 2 ]);
GROU(24,100,[ 0, 4, 4, 25 ],[ 100, 1 ]);
GROU(24,100,[ 0, 4, 4, 25 ],[ 100, 3 ]);
GROU(24,100,[ 0, 2, 50, 50 ],[ 100, 5 ]);
GROU(24,100,[ 0, 2, 2, 2, 25 ],[ 100, 4 ]);
GROU(24,102,[ 0, 2, 34, 51 ],[ 102, 1 ]);
GROU(24,104,[ 0, 2, 26, 52 ],[ 104, 10 ]);
GROU(24,108,[ 0, 2, 27, 27 ],[ 108, 3 ]);
SIGN(24,108,[ 0, 2, 18, 54 ],"all");
GROU(24,112,[ 0, 2, 14, 56 ],[ 112, 24 ]);
GROU(24,120,[ 0, 4, 5, 6 ],[ 120, 5 ]);
GROU(24,120,[ 0, 4, 5, 6 ],[ 120, 34 ]);
SIGN(24,120,[ 0, 3, 5, 12 ],"nonsolvable");
SIGN(24,120,[ 0, 3, 4, 30 ],"nonsolvable");
GROU(24,120,[ 0, 2, 15, 20 ],[ 120, 37 ]);
GROU(24,120,[ 0, 2, 12, 30 ],[ 120, 20 ]);
GROU(24,120,[ 0, 2, 10, 60 ],[ 120, 23 ]);
SIGN(24,126,[ 0, 2, 9, 42 ],"all");
SIGN(24,128,[ 0, 2, 8, 64 ],"all");
GROU(24,140,[ 0, 2, 10, 14 ],[ 140, 7 ]);
GROU(24,144,[ 0, 2, 8, 18 ],[ 144, 16 ]);
GROU(24,144,[ 0, 2, 8, 18 ],[ 144, 32 ]);
SIGN(24,144,[ 0, 2, 6, 72 ],"all");
GROU(24,147,[ 0, 3, 3, 49 ],[ 147, 1 ]);
GROU(24,156,[ 0, 3, 3, 26 ],[ 156, 14 ]);
GROU(24,156,[ 0, 2, 6, 26 ],[ 156, 11 ]);
GROU(24,168,[ 0, 3, 4, 7 ],[ 168, 42 ]);
SIGN(24,168,[ 0, 2, 7, 12 ],"nonsolvable");
SIGN(24,184,[ 0, 2, 2, 2, 4 ],"all");
GROU(24,192,[ 0, 2, 4, 96 ],[ 192, 8 ]);
GROU(24,200,[ 0, 2, 4, 50 ],[ 200, 8 ]);
GROU(24,216,[ 0, 2, 4, 27 ],[ 216, 21 ]);
SIGN(24,300,[ 0, 2, 3, 75 ],"nonsolvable");
GROU(24,2,[ 1, 2, 2, 2, 2, 2, 2, 2, 2, 2, 2, 2, 2, 2, 2, 2, 2, 2, 2, 2, 2, 2, 
  2, 2, 2, 2, 2, 2, 2, 2, 2, 2, 2, 2, 2, 2, 2, 2, 2, 2, 2, 2, 2, 2, 2, 2, 2 ],
[ 2, 1 ]);
GROU(24,3,[ 1, 3, 3, 3, 3, 3, 3, 3, 3, 3, 3, 3, 3, 3, 3, 3, 3, 3, 3, 3, 3, 3, 
  3, 3 ],[ 3, 1 ]);
GROU(24,4,[ 1, 2, 2, 4, 4, 4, 4, 4, 4, 4, 4, 4, 4, 4, 4, 4, 4 ],[ 4, 1 ]);
GROU(24,4,[ 1, 2, 2, 2, 2, 2, 4, 4, 4, 4, 4, 4, 4, 4, 4, 4, 4, 4 ],[ 4, 1 ]);
GROU(24,4,[ 1, 2, 2, 2, 2, 2, 2, 2, 2, 4, 4, 4, 4, 4, 4, 4, 4, 4, 4 ],
[ 4, 1 ]);
GROU(24,4,[ 1, 2, 2, 2, 2, 2, 2, 2, 2, 2, 2, 2, 4, 4, 4, 4, 4, 4, 4, 4 ],
[ 4, 1 ]);
GROU(24,4,[ 1, 2, 2, 2, 2, 2, 2, 2, 2, 2, 2, 2, 2, 2, 2, 4, 4, 4, 4, 4, 4 ],
[ 4, 1 ]);
GROU(24,4,[ 1, 2, 2, 2, 2, 2, 2, 2, 2, 2, 2, 2, 2, 2, 2, 2, 2, 2, 4, 4, 4, 4 
 ],[ 4, 1 ]);
GROU(24,4,[ 1, 2, 2, 2, 2, 2, 2, 2, 2, 2, 2, 2, 2, 2, 2, 2, 2, 2, 2, 2, 2, 4, 
  4 ],[ 4, 1 ]);
GROU(24,4,[ 1, 2, 2, 2, 2, 2, 2, 2, 2, 2, 2, 2, 2, 2, 2, 2, 2, 2, 2, 2, 2, 2, 
  2, 2 ],[ 4, 2 ]);
GROU(24,6,[ 1, 3, 3, 3, 3, 6, 6, 6, 6, 6, 6 ],[ 6, 2 ]);
GROU(24,6,[ 1, 3, 3, 3, 3, 3, 3, 3, 3, 3, 6, 6 ],[ 6, 2 ]);
GROU(24,6,[ 1, 2, 3, 3, 6, 6, 6, 6, 6, 6, 6 ],[ 6, 2 ]);
GROU(24,6,[ 1, 2, 3, 3, 3, 3, 3, 3, 3, 6, 6, 6 ],[ 6, 2 ]);
GROU(24,6,[ 1, 2, 2, 6, 6, 6, 6, 6, 6, 6, 6 ],[ 6, 2 ]);
GROU(24,6,[ 1, 2, 2, 3, 3, 3, 3, 3, 6, 6, 6, 6 ],[ 6, 2 ]);
GROU(24,6,[ 1, 2, 2, 3, 3, 3, 3, 3, 3, 3, 3, 3, 3 ],[ 6, 1 ]);
GROU(24,6,[ 1, 2, 2, 3, 3, 3, 3, 3, 3, 3, 3, 3, 3 ],[ 6, 2 ]);
GROU(24,6,[ 1, 2, 2, 2, 3, 3, 3, 6, 6, 6, 6, 6 ],[ 6, 2 ]);
GROU(24,6,[ 1, 2, 2, 2, 3, 3, 3, 3, 3, 3, 3, 3, 6 ],[ 6, 2 ]);
GROU(24,6,[ 1, 2, 2, 2, 2, 3, 6, 6, 6, 6, 6, 6 ],[ 6, 2 ]);
GROU(24,6,[ 1, 2, 2, 2, 2, 3, 3, 3, 3, 3, 3, 6, 6 ],[ 6, 2 ]);
GROU(24,6,[ 1, 2, 2, 2, 2, 2, 3, 3, 3, 3, 6, 6, 6 ],[ 6, 2 ]);
GROU(24,6,[ 1, 2, 2, 2, 2, 2, 2, 3, 3, 6, 6, 6, 6 ],[ 6, 2 ]);
GROU(24,6,[ 1, 2, 2, 2, 2, 2, 2, 3, 3, 3, 3, 3, 3, 3 ],[ 6, 1 ]);
GROU(24,6,[ 1, 2, 2, 2, 2, 2, 2, 3, 3, 3, 3, 3, 3, 3 ],[ 6, 2 ]);
GROU(24,6,[ 1, 2, 2, 2, 2, 2, 2, 2, 6, 6, 6, 6, 6 ],[ 6, 2 ]);
GROU(24,6,[ 1, 2, 2, 2, 2, 2, 2, 2, 3, 3, 3, 3, 3, 6 ],[ 6, 2 ]);
GROU(24,6,[ 1, 2, 2, 2, 2, 2, 2, 2, 2, 3, 3, 3, 6, 6 ],[ 6, 2 ]);
GROU(24,6,[ 1, 2, 2, 2, 2, 2, 2, 2, 2, 2, 3, 6, 6, 6 ],[ 6, 2 ]);
GROU(24,6,[ 1, 2, 2, 2, 2, 2, 2, 2, 2, 2, 2, 3, 3, 3, 3 ],[ 6, 1 ]);
GROU(24,6,[ 1, 2, 2, 2, 2, 2, 2, 2, 2, 2, 2, 3, 3, 3, 3 ],[ 6, 2 ]);
GROU(24,6,[ 1, 2, 2, 2, 2, 2, 2, 2, 2, 2, 2, 2, 3, 3, 6 ],[ 6, 2 ]);
GROU(24,6,[ 1, 2, 2, 2, 2, 2, 2, 2, 2, 2, 2, 2, 2, 6, 6 ],[ 6, 2 ]);
GROU(24,6,[ 1, 2, 2, 2, 2, 2, 2, 2, 2, 2, 2, 2, 2, 2, 2, 3 ],[ 6, 1 ]);
GROU(24,8,[ 1, 4, 4, 4, 8, 8, 8, 8 ],[ 8, 1 ]);
GROU(24,8,[ 1, 2, 8, 8, 8, 8, 8, 8 ],[ 8, 1 ]);
GROU(24,8,[ 1, 2, 4, 4, 4, 4, 4, 4, 4 ],[ 8, 4 ]);
GROU(24,8,[ 1, 2, 2, 4, 4, 4, 4, 8, 8 ],[ 8, 1 ]);
GROU(24,8,[ 1, 2, 2, 2, 4, 8, 8, 8, 8 ],[ 8, 1 ]);
GROU(24,8,[ 1, 2, 2, 2, 2, 4, 4, 4, 4, 4 ],[ 8, 3 ]);
GROU(24,8,[ 1, 2, 2, 2, 2, 4, 4, 4, 4, 4 ],[ 8, 4 ]);
GROU(24,8,[ 1, 2, 2, 2, 2, 2, 4, 4, 8, 8 ],[ 8, 1 ]);
GROU(24,8,[ 1, 2, 2, 2, 2, 2, 2, 2, 4, 4, 4 ],[ 8, 3 ]);
GROU(24,8,[ 1, 2, 2, 2, 2, 2, 2, 2, 4, 4, 4 ],[ 8, 4 ]);
GROU(24,8,[ 1, 2, 2, 2, 2, 2, 2, 2, 2, 8, 8 ],[ 8, 1 ]);
GROU(24,8,[ 1, 2, 2, 2, 2, 2, 2, 2, 2, 2, 2, 4 ],[ 8, 3 ]);
GROU(24,9,[ 1, 3, 9, 9, 9, 9, 9 ],[ 9, 1 ]);
GROU(24,9,[ 1, 3, 3, 3, 3, 3, 9, 9 ],[ 9, 1 ]);
GROU(24,10,[ 1, 2, 5, 5, 5, 5, 10 ],[ 10, 2 ]);
GROU(24,10,[ 1, 2, 2, 10, 10, 10, 10 ],[ 10, 2 ]);
GROU(24,10,[ 1, 2, 2, 2, 2, 5, 10, 10 ],[ 10, 2 ]);
GROU(24,10,[ 1, 2, 2, 2, 2, 2, 2, 5, 5 ],[ 10, 1 ]);
GROU(24,10,[ 1, 2, 2, 2, 2, 2, 2, 5, 5 ],[ 10, 2 ]);
GROU(24,12,[ 1, 4, 4, 4, 4, 6 ],[ 12, 1 ]);
GROU(24,12,[ 1, 3, 4, 4, 6, 6 ],[ 12, 1 ]);
GROU(24,12,[ 1, 3, 4, 4, 6, 6 ],[ 12, 2 ]);
GROU(24,12,[ 1, 3, 4, 4, 4, 12 ],[ 12, 2 ]);
GROU(24,12,[ 1, 3, 3, 6, 6, 6 ],[ 12, 5 ]);
GROU(24,12,[ 1, 3, 3, 4, 6, 12 ],[ 12, 2 ]);
GROU(24,12,[ 1, 3, 3, 3, 12, 12 ],[ 12, 2 ]);
GROU(24,12,[ 1, 2, 6, 6, 6, 6 ],[ 12, 5 ]);
GROU(24,12,[ 1, 2, 4, 6, 6, 12 ],[ 12, 2 ]);
GROU(24,12,[ 1, 2, 4, 4, 12, 12 ],[ 12, 2 ]);
GROU(24,12,[ 1, 2, 3, 6, 12, 12 ],[ 12, 2 ]);
GROU(24,12,[ 1, 2, 3, 3, 3, 3, 3 ],[ 12, 3 ]);
GROU(24,12,[ 1, 2, 2, 3, 3, 4, 4 ],[ 12, 1 ]);
GROU(24,12,[ 1, 2, 2, 3, 3, 4, 4 ],[ 12, 2 ]);
GROU(24,12,[ 1, 2, 2, 3, 3, 3, 6 ],[ 12, 4 ]);
GROU(24,12,[ 1, 2, 2, 3, 3, 3, 6 ],[ 12, 5 ]);
GROU(24,12,[ 1, 2, 2, 2, 4, 4, 6 ],[ 12, 1 ]);
GROU(24,12,[ 1, 2, 2, 2, 3, 6, 6 ],[ 12, 4 ]);
GROU(24,12,[ 1, 2, 2, 2, 3, 6, 6 ],[ 12, 5 ]);
GROU(24,12,[ 1, 2, 2, 2, 3, 4, 12 ],[ 12, 2 ]);
GROU(24,12,[ 1, 2, 2, 2, 2, 12, 12 ],[ 12, 2 ]);
GROU(24,12,[ 1, 2, 2, 2, 2, 2, 3, 3 ],[ 12, 3 ]);
GROU(24,12,[ 1, 2, 2, 2, 2, 2, 3, 3 ],[ 12, 4 ]);
GROU(24,12,[ 1, 2, 2, 2, 2, 2, 3, 3 ],[ 12, 5 ]);
GROU(24,12,[ 1, 2, 2, 2, 2, 2, 2, 6 ],[ 12, 4 ]);
GROU(24,14,[ 1, 2, 14, 14, 14 ],[ 14, 2 ]);
GROU(24,14,[ 1, 2, 2, 2, 7, 14 ],[ 14, 2 ]);
GROU(24,15,[ 1, 3, 3, 5, 15 ],[ 15, 1 ]);
GROU(24,16,[ 1, 2, 4, 4, 8 ],[ 16, 8 ]);
GROU(24,16,[ 1, 2, 4, 4, 8 ],[ 16, 9 ]);
GROU(24,16,[ 1, 2, 2, 16, 16 ],[ 16, 1 ]);
GROU(24,16,[ 1, 2, 2, 2, 2, 8 ],[ 16, 7 ]);
SIGN(24,18,[ 1, 6, 6, 9 ],"all");
GROU(24,18,[ 1, 3, 18, 18 ],[ 18, 2 ]);
GROU(24,18,[ 1, 2, 2, 3, 9 ],[ 18, 1 ]);
GROU(24,20,[ 1, 4, 4, 5 ],[ 20, 1 ]);
GROU(24,20,[ 1, 4, 4, 5 ],[ 20, 3 ]);
GROU(24,20,[ 1, 2, 10, 10 ],[ 20, 5 ]);
GROU(24,20,[ 1, 2, 2, 2, 5 ],[ 20, 4 ]);
GROU(24,21,[ 1, 3, 3, 7 ],[ 21, 1 ]);
GROU(24,24,[ 1, 24, 24 ],[ 24, 2 ]);
GROU(24,24,[ 1, 2, 3, 4 ],[ 24, 12 ]);
GROU(24,24,[ 1, 2, 2, 12 ],[ 24, 6 ]);
SIGN(24,32,[ 1, 2, 16 ],"all");
GROU(24,46,[ 1, 2, 2 ],[ 46, 1 ]);
GROU(24,46,[ 1, 2, 2 ],[ 46, 2 ]);
SIGN(24,92,[ 1, 2 ],"all");
GROU(24,2,[ 2, 2, 2, 2, 2, 2, 2, 2, 2, 2, 2, 2, 2, 2, 2, 2, 2, 2, 2, 2, 2, 2, 
  2, 2, 2, 2, 2, 2, 2, 2, 2, 2, 2, 2, 2, 2, 2, 2, 2, 2, 2, 2, 2 ],[ 2, 1 ]);
GROU(24,3,[ 2, 3, 3, 3, 3, 3, 3, 3, 3, 3, 3, 3, 3, 3, 3, 3, 3, 3, 3, 3, 3 ],
[ 3, 1 ]);
GROU(24,4,[ 2, 2, 4, 4, 4, 4, 4, 4, 4, 4, 4, 4, 4, 4 ],[ 4, 1 ]);
GROU(24,4,[ 2, 2, 2, 2, 2, 4, 4, 4, 4, 4, 4, 4, 4, 4, 4 ],[ 4, 1 ]);
GROU(24,4,[ 2, 2, 2, 2, 2, 2, 2, 2, 4, 4, 4, 4, 4, 4, 4, 4 ],[ 4, 1 ]);
GROU(24,4,[ 2, 2, 2, 2, 2, 2, 2, 2, 2, 2, 2, 4, 4, 4, 4, 4, 4 ],[ 4, 1 ]);
GROU(24,4,[ 2, 2, 2, 2, 2, 2, 2, 2, 2, 2, 2, 2, 2, 2, 4, 4, 4, 4 ],[ 4, 1 ]);
GROU(24,4,[ 2, 2, 2, 2, 2, 2, 2, 2, 2, 2, 2, 2, 2, 2, 2, 2, 2, 4, 4 ],
[ 4, 1 ]);
GROU(24,4,[ 2, 2, 2, 2, 2, 2, 2, 2, 2, 2, 2, 2, 2, 2, 2, 2, 2, 2, 2, 2 ],
[ 4, 2 ]);
GROU(24,5,[ 2, 5, 5, 5, 5, 5, 5, 5, 5, 5 ],[ 5, 1 ]);
GROU(24,6,[ 2, 3, 6, 6, 6, 6, 6, 6 ],[ 6, 2 ]);
GROU(24,6,[ 2, 3, 3, 3, 3, 3, 3, 6, 6 ],[ 6, 2 ]);
GROU(24,6,[ 2, 2, 3, 3, 3, 3, 6, 6, 6 ],[ 6, 2 ]);
GROU(24,6,[ 2, 2, 2, 3, 3, 6, 6, 6, 6 ],[ 6, 2 ]);
GROU(24,6,[ 2, 2, 2, 3, 3, 3, 3, 3, 3, 3 ],[ 6, 1 ]);
GROU(24,6,[ 2, 2, 2, 3, 3, 3, 3, 3, 3, 3 ],[ 6, 2 ]);
GROU(24,6,[ 2, 2, 2, 2, 6, 6, 6, 6, 6 ],[ 6, 2 ]);
GROU(24,6,[ 2, 2, 2, 2, 3, 3, 3, 3, 3, 6 ],[ 6, 2 ]);
GROU(24,6,[ 2, 2, 2, 2, 2, 3, 3, 3, 6, 6 ],[ 6, 2 ]);
GROU(24,6,[ 2, 2, 2, 2, 2, 2, 3, 6, 6, 6 ],[ 6, 2 ]);
GROU(24,6,[ 2, 2, 2, 2, 2, 2, 2, 3, 3, 3, 3 ],[ 6, 1 ]);
GROU(24,6,[ 2, 2, 2, 2, 2, 2, 2, 3, 3, 3, 3 ],[ 6, 2 ]);
GROU(24,6,[ 2, 2, 2, 2, 2, 2, 2, 2, 3, 3, 6 ],[ 6, 2 ]);
GROU(24,6,[ 2, 2, 2, 2, 2, 2, 2, 2, 2, 6, 6 ],[ 6, 2 ]);
GROU(24,6,[ 2, 2, 2, 2, 2, 2, 2, 2, 2, 2, 2, 3 ],[ 6, 1 ]);
GROU(24,8,[ 2, 4, 4, 4, 4, 4 ],[ 8, 4 ]);
GROU(24,8,[ 2, 2, 4, 4, 8, 8 ],[ 8, 1 ]);
GROU(24,8,[ 2, 2, 2, 2, 4, 4, 4 ],[ 8, 3 ]);
GROU(24,8,[ 2, 2, 2, 2, 4, 4, 4 ],[ 8, 4 ]);
GROU(24,8,[ 2, 2, 2, 2, 2, 8, 8 ],[ 8, 1 ]);
GROU(24,8,[ 2, 2, 2, 2, 2, 2, 2, 4 ],[ 8, 3 ]);
GROU(24,9,[ 2, 3, 3, 9, 9 ],[ 9, 1 ]);
GROU(24,10,[ 2, 5, 10, 10 ],[ 10, 2 ]);
GROU(24,10,[ 2, 2, 2, 5, 5 ],[ 10, 1 ]);
GROU(24,10,[ 2, 2, 2, 5, 5 ],[ 10, 2 ]);
GROU(24,12,[ 2, 12, 12 ],[ 12, 2 ]);
GROU(24,12,[ 2, 2, 3, 3 ],[ 12, 3 ]);
GROU(24,12,[ 2, 2, 2, 6 ],[ 12, 4 ]);
GROU(24,23,[ 2 ],[ 23, 1 ]);
GROU(24,2,[ 3, 2, 2, 2, 2, 2, 2, 2, 2, 2, 2, 2, 2, 2, 2, 2, 2, 2, 2, 2, 2, 2, 
  2, 2, 2, 2, 2, 2, 2, 2, 2, 2, 2, 2, 2, 2, 2, 2, 2 ],[ 2, 1 ]);
GROU(24,3,[ 3, 3, 3, 3, 3, 3, 3, 3, 3, 3, 3, 3, 3, 3, 3, 3, 3, 3 ],[ 3, 1 ]);
GROU(24,4,[ 3, 4, 4, 4, 4, 4, 4, 4, 4, 4, 4 ],[ 4, 1 ]);
GROU(24,4,[ 3, 2, 2, 2, 4, 4, 4, 4, 4, 4, 4, 4 ],[ 4, 1 ]);
GROU(24,4,[ 3, 2, 2, 2, 2, 2, 2, 4, 4, 4, 4, 4, 4 ],[ 4, 1 ]);
GROU(24,4,[ 3, 2, 2, 2, 2, 2, 2, 2, 2, 2, 4, 4, 4, 4 ],[ 4, 1 ]);
GROU(24,4,[ 3, 2, 2, 2, 2, 2, 2, 2, 2, 2, 2, 2, 2, 4, 4 ],[ 4, 1 ]);
GROU(24,4,[ 3, 2, 2, 2, 2, 2, 2, 2, 2, 2, 2, 2, 2, 2, 2, 2 ],[ 4, 2 ]);
GROU(24,6,[ 3, 3, 3, 3, 6, 6 ],[ 6, 2 ]);
GROU(24,6,[ 3, 2, 3, 6, 6, 6 ],[ 6, 2 ]);
GROU(24,6,[ 3, 2, 2, 3, 3, 3, 3 ],[ 6, 1 ]);
GROU(24,6,[ 3, 2, 2, 3, 3, 3, 3 ],[ 6, 2 ]);
GROU(24,6,[ 3, 2, 2, 2, 3, 3, 6 ],[ 6, 2 ]);
GROU(24,6,[ 3, 2, 2, 2, 2, 6, 6 ],[ 6, 2 ]);
GROU(24,6,[ 3, 2, 2, 2, 2, 2, 2, 3 ],[ 6, 1 ]);
GROU(24,7,[ 3, 7, 7, 7 ],[ 7, 1 ]);
GROU(24,8,[ 3, 8, 8 ],[ 8, 1 ]);
GROU(24,8,[ 3, 2, 2, 4 ],[ 8, 3 ]);
GROU(24,2,[ 4, 2, 2, 2, 2, 2, 2, 2, 2, 2, 2, 2, 2, 2, 2, 2, 2, 2, 2, 2, 2, 2, 
  2, 2, 2, 2, 2, 2, 2, 2, 2, 2, 2, 2, 2 ],[ 2, 1 ]);
GROU(24,3,[ 4, 3, 3, 3, 3, 3, 3, 3, 3, 3, 3, 3, 3, 3, 3 ],[ 3, 1 ]);
GROU(24,4,[ 4, 2, 2, 4, 4, 4, 4, 4, 4 ],[ 4, 1 ]);
GROU(24,4,[ 4, 2, 2, 2, 2, 2, 4, 4, 4, 4 ],[ 4, 1 ]);
GROU(24,4,[ 4, 2, 2, 2, 2, 2, 2, 2, 2, 4, 4 ],[ 4, 1 ]);
GROU(24,4,[ 4, 2, 2, 2, 2, 2, 2, 2, 2, 2, 2, 2 ],[ 4, 2 ]);
GROU(24,5,[ 4, 5, 5, 5, 5 ],[ 5, 1 ]);
GROU(24,6,[ 4, 6, 6 ],[ 6, 2 ]);
GROU(24,6,[ 4, 2, 2, 3 ],[ 6, 1 ]);
GROU(24,2,[ 5, 2, 2, 2, 2, 2, 2, 2, 2, 2, 2, 2, 2, 2, 2, 2, 2, 2, 2, 2, 2, 2, 
  2, 2, 2, 2, 2, 2, 2, 2, 2 ],[ 2, 1 ]);
GROU(24,3,[ 5, 3, 3, 3, 3, 3, 3, 3, 3, 3, 3, 3 ],[ 3, 1 ]);
GROU(24,4,[ 5, 2, 4, 4, 4, 4 ],[ 4, 1 ]);
GROU(24,4,[ 5, 2, 2, 2, 2, 4, 4 ],[ 4, 1 ]);
GROU(24,4,[ 5, 2, 2, 2, 2, 2, 2, 2 ],[ 4, 2 ]);
GROU(24,2,[ 6, 2, 2, 2, 2, 2, 2, 2, 2, 2, 2, 2, 2, 2, 2, 2, 2, 2, 2, 2, 2, 2, 
  2, 2, 2, 2, 2 ],[ 2, 1 ]);
GROU(24,3,[ 6, 3, 3, 3, 3, 3, 3, 3, 3 ],[ 3, 1 ]);
GROU(24,4,[ 6, 4, 4 ],[ 4, 1 ]);
GROU(24,4,[ 6, 2, 2, 2 ],[ 4, 2 ]);
GROU(24,2,[ 7, 2, 2, 2, 2, 2, 2, 2, 2, 2, 2, 2, 2, 2, 2, 2, 2, 2, 2, 2, 2, 2, 
  2 ],[ 2, 1 ]);
GROU(24,3,[ 7, 3, 3, 3, 3, 3 ],[ 3, 1 ]);
GROU(24,2,[ 8, 2, 2, 2, 2, 2, 2, 2, 2, 2, 2, 2, 2, 2, 2, 2, 2, 2, 2 ],
[ 2, 1 ]);
GROU(24,3,[ 8, 3, 3 ],[ 3, 1 ]);
GROU(24,2,[ 9, 2, 2, 2, 2, 2, 2, 2, 2, 2, 2, 2, 2, 2, 2 ],[ 2, 1 ]);
GROU(24,2,[ 10, 2, 2, 2, 2, 2, 2, 2, 2, 2, 2 ],[ 2, 1 ]);
GROU(24,2,[ 11, 2, 2, 2, 2, 2, 2 ],[ 2, 1 ]);
GROU(24,2,[ 12, 2, 2 ],[ 2, 1 ]);
GROU(24,1,[ 24 ],[ 1, 1 ]);
