GROU(13,2,[ 0, 2, 2, 2, 2, 2, 2, 2, 2, 2, 2, 2, 2, 2, 2, 2, 2, 2, 2, 2, 2, 2, 
  2, 2, 2, 2, 2, 2, 2 ],[ 2, 1 ]);
GROU(13,3,[ 0, 3, 3, 3, 3, 3, 3, 3, 3, 3, 3, 3, 3, 3, 3, 3 ],[ 3, 1 ]);
GROU(13,4,[ 0, 2, 4, 4, 4, 4, 4, 4, 4, 4, 4, 4 ],[ 4, 1 ]);
GROU(13,4,[ 0, 2, 2, 2, 2, 4, 4, 4, 4, 4, 4, 4, 4 ],[ 4, 1 ]);
GROU(13,4,[ 0, 2, 2, 2, 2, 2, 2, 2, 4, 4, 4, 4, 4, 4 ],[ 4, 1 ]);
GROU(13,4,[ 0, 2, 2, 2, 2, 2, 2, 2, 2, 2, 2, 4, 4, 4, 4 ],[ 4, 1 ]);
GROU(13,4,[ 0, 2, 2, 2, 2, 2, 2, 2, 2, 2, 2, 2, 2, 2, 4, 4 ],[ 4, 1 ]);
GROU(13,4,[ 0, 2, 2, 2, 2, 2, 2, 2, 2, 2, 2, 2, 2, 2, 2, 2, 2 ],[ 4, 2 ]);
GROU(13,6,[ 0, 3, 3, 3, 3, 6, 6, 6, 6 ],[ 6, 2 ]);
GROU(13,6,[ 0, 2, 3, 3, 6, 6, 6, 6, 6 ],[ 6, 2 ]);
GROU(13,6,[ 0, 2, 3, 3, 3, 3, 3, 3, 3, 6 ],[ 6, 2 ]);
GROU(13,6,[ 0, 2, 2, 6, 6, 6, 6, 6, 6 ],[ 6, 2 ]);
GROU(13,6,[ 0, 2, 2, 3, 3, 3, 3, 3, 6, 6 ],[ 6, 2 ]);
GROU(13,6,[ 0, 2, 2, 2, 3, 3, 3, 6, 6, 6 ],[ 6, 2 ]);
GROU(13,6,[ 0, 2, 2, 2, 2, 3, 6, 6, 6, 6 ],[ 6, 2 ]);
GROU(13,6,[ 0, 2, 2, 2, 2, 3, 3, 3, 3, 3, 3 ],[ 6, 1 ]);
GROU(13,6,[ 0, 2, 2, 2, 2, 3, 3, 3, 3, 3, 3 ],[ 6, 2 ]);
GROU(13,6,[ 0, 2, 2, 2, 2, 2, 3, 3, 3, 3, 6 ],[ 6, 2 ]);
GROU(13,6,[ 0, 2, 2, 2, 2, 2, 2, 3, 3, 6, 6 ],[ 6, 2 ]);
GROU(13,6,[ 0, 2, 2, 2, 2, 2, 2, 2, 6, 6, 6 ],[ 6, 2 ]);
GROU(13,6,[ 0, 2, 2, 2, 2, 2, 2, 2, 2, 3, 3, 3 ],[ 6, 1 ]);
GROU(13,6,[ 0, 2, 2, 2, 2, 2, 2, 2, 2, 3, 3, 3 ],[ 6, 2 ]);
GROU(13,6,[ 0, 2, 2, 2, 2, 2, 2, 2, 2, 2, 3, 6 ],[ 6, 2 ]);
GROU(13,6,[ 0, 2, 2, 2, 2, 2, 2, 2, 2, 2, 2, 2, 2 ],[ 6, 1 ]);
GROU(13,8,[ 0, 4, 4, 8, 8, 8, 8 ],[ 8, 1 ]);
GROU(13,8,[ 0, 2, 4, 4, 4, 4, 4, 4 ],[ 8, 2 ]);
GROU(13,8,[ 0, 2, 4, 4, 4, 4, 4, 4 ],[ 8, 4 ]);
GROU(13,8,[ 0, 2, 2, 4, 4, 4, 8, 8 ],[ 8, 1 ]);
GROU(13,8,[ 0, 2, 2, 2, 8, 8, 8, 8 ],[ 8, 1 ]);
GROU(13,8,[ 0, 2, 2, 2, 2, 4, 4, 4, 4 ],[ 8, 2 ]);
GROU(13,8,[ 0, 2, 2, 2, 2, 4, 4, 4, 4 ],[ 8, 3 ]);
GROU(13,8,[ 0, 2, 2, 2, 2, 4, 4, 4, 4 ],[ 8, 4 ]);
GROU(13,8,[ 0, 2, 2, 2, 2, 2, 4, 8, 8 ],[ 8, 1 ]);
GROU(13,8,[ 0, 2, 2, 2, 2, 2, 2, 2, 4, 4 ],[ 8, 2 ]);
GROU(13,8,[ 0, 2, 2, 2, 2, 2, 2, 2, 4, 4 ],[ 8, 3 ]);
GROU(13,8,[ 0, 2, 2, 2, 2, 2, 2, 2, 2, 2, 2 ],[ 8, 3 ]);
GROU(13,8,[ 0, 2, 2, 2, 2, 2, 2, 2, 2, 2, 2 ],[ 8, 5 ]);
GROU(13,9,[ 0, 3, 3, 3, 9, 9, 9 ],[ 9, 1 ]);
GROU(13,9,[ 0, 3, 3, 3, 3, 3, 3, 3 ],[ 9, 2 ]);
GROU(13,10,[ 0, 5, 10, 10, 10, 10 ],[ 10, 2 ]);
GROU(13,10,[ 0, 2, 2, 5, 5, 10, 10 ],[ 10, 2 ]);
GROU(13,10,[ 0, 2, 2, 2, 2, 5, 5, 5 ],[ 10, 1 ]);
GROU(13,10,[ 0, 2, 2, 2, 2, 5, 5, 5 ],[ 10, 2 ]);
GROU(13,12,[ 0, 4, 4, 6, 6, 6 ],[ 12, 1 ]);
GROU(13,12,[ 0, 4, 4, 6, 6, 6 ],[ 12, 2 ]);
GROU(13,12,[ 0, 4, 4, 4, 6, 12 ],[ 12, 2 ]);
GROU(13,12,[ 0, 3, 6, 6, 6, 6 ],[ 12, 5 ]);
GROU(13,12,[ 0, 3, 4, 6, 6, 12 ],[ 12, 2 ]);
GROU(13,12,[ 0, 3, 4, 4, 12, 12 ],[ 12, 2 ]);
GROU(13,12,[ 0, 3, 3, 6, 12, 12 ],[ 12, 2 ]);
GROU(13,12,[ 0, 3, 3, 3, 3, 3, 3 ],[ 12, 3 ]);
GROU(13,12,[ 0, 2, 6, 6, 12, 12 ],[ 12, 2 ]);
GROU(13,12,[ 0, 2, 4, 12, 12, 12 ],[ 12, 2 ]);
GROU(13,12,[ 0, 2, 3, 3, 3, 4, 4 ],[ 12, 1 ]);
GROU(13,12,[ 0, 2, 3, 3, 3, 4, 4 ],[ 12, 2 ]);
GROU(13,12,[ 0, 2, 2, 4, 4, 4, 4 ],[ 12, 1 ]);
GROU(13,12,[ 0, 2, 2, 3, 4, 4, 6 ],[ 12, 1 ]);
GROU(13,12,[ 0, 2, 2, 3, 4, 4, 6 ],[ 12, 2 ]);
GROU(13,12,[ 0, 2, 2, 3, 3, 6, 6 ],[ 12, 4 ]);
GROU(13,12,[ 0, 2, 2, 3, 3, 6, 6 ],[ 12, 5 ]);
GROU(13,12,[ 0, 2, 2, 3, 3, 4, 12 ],[ 12, 2 ]);
GROU(13,12,[ 0, 2, 2, 2, 6, 6, 6 ],[ 12, 4 ]);
GROU(13,12,[ 0, 2, 2, 2, 6, 6, 6 ],[ 12, 5 ]);
GROU(13,12,[ 0, 2, 2, 2, 4, 6, 12 ],[ 12, 2 ]);
GROU(13,12,[ 0, 2, 2, 2, 3, 12, 12 ],[ 12, 2 ]);
GROU(13,12,[ 0, 2, 2, 2, 2, 3, 3, 3 ],[ 12, 3 ]);
GROU(13,12,[ 0, 2, 2, 2, 2, 3, 3, 3 ],[ 12, 4 ]);
GROU(13,12,[ 0, 2, 2, 2, 2, 3, 3, 3 ],[ 12, 5 ]);
SIGN(13,12,[ 0, 2, 2, 2, 2, 2, 4, 4 ],"all");
GROU(13,12,[ 0, 2, 2, 2, 2, 2, 3, 6 ],[ 12, 4 ]);
GROU(13,12,[ 0, 2, 2, 2, 2, 2, 3, 6 ],[ 12, 5 ]);
GROU(13,12,[ 0, 2, 2, 2, 2, 2, 2, 2, 2 ],[ 12, 4 ]);
GROU(13,14,[ 0, 14, 14, 14, 14 ],[ 14, 2 ]);
GROU(13,14,[ 0, 2, 2, 7, 14, 14 ],[ 14, 2 ]);
GROU(13,14,[ 0, 2, 2, 2, 2, 7, 7 ],[ 14, 1 ]);
GROU(13,14,[ 0, 2, 2, 2, 2, 7, 7 ],[ 14, 2 ]);
GROU(13,15,[ 0, 5, 15, 15, 15 ],[ 15, 1 ]);
GROU(13,15,[ 0, 3, 3, 3, 5, 5 ],[ 15, 1 ]);
GROU(13,16,[ 0, 8, 8, 8, 8 ],[ 16, 5 ]);
GROU(13,16,[ 0, 8, 8, 8, 8 ],[ 16, 6 ]);
GROU(13,16,[ 0, 4, 8, 16, 16 ],[ 16, 1 ]);
GROU(13,16,[ 0, 2, 4, 4, 4, 4 ],[ 16, 2 ]);
GROU(13,16,[ 0, 2, 4, 4, 4, 4 ],[ 16, 3 ]);
GROU(13,16,[ 0, 2, 4, 4, 4, 4 ],[ 16, 4 ]);
GROU(13,16,[ 0, 2, 4, 4, 4, 4 ],[ 16, 9 ]);
GROU(13,16,[ 0, 2, 4, 4, 4, 4 ],[ 16, 10 ]);
GROU(13,16,[ 0, 2, 4, 4, 4, 4 ],[ 16, 12 ]);
GROU(13,16,[ 0, 2, 4, 4, 4, 4 ],[ 16, 13 ]);
GROU(13,16,[ 0, 2, 2, 4, 8, 8 ],[ 16, 5 ]);
GROU(13,16,[ 0, 2, 2, 4, 8, 8 ],[ 16, 6 ]);
GROU(13,16,[ 0, 2, 2, 4, 8, 8 ],[ 16, 7 ]);
GROU(13,16,[ 0, 2, 2, 4, 8, 8 ],[ 16, 8 ]);
GROU(13,16,[ 0, 2, 2, 2, 2, 4, 4 ],[ 16, 3 ]);
GROU(13,16,[ 0, 2, 2, 2, 2, 4, 4 ],[ 16, 7 ]);
GROU(13,16,[ 0, 2, 2, 2, 2, 4, 4 ],[ 16, 8 ]);
GROU(13,16,[ 0, 2, 2, 2, 2, 4, 4 ],[ 16, 10 ]);
GROU(13,16,[ 0, 2, 2, 2, 2, 4, 4 ],[ 16, 11 ]);
GROU(13,16,[ 0, 2, 2, 2, 2, 4, 4 ],[ 16, 13 ]);
GROU(13,16,[ 0, 2, 2, 2, 2, 2, 2, 2 ],[ 16, 7 ]);
GROU(13,16,[ 0, 2, 2, 2, 2, 2, 2, 2 ],[ 16, 11 ]);
GROU(13,16,[ 0, 2, 2, 2, 2, 2, 2, 2 ],[ 16, 13 ]);
GROU(13,16,[ 0, 2, 2, 2, 2, 2, 2, 2 ],[ 16, 14 ]);
GROU(13,18,[ 0, 6, 6, 6, 6 ],[ 18, 3 ]);
GROU(13,18,[ 0, 6, 6, 6, 6 ],[ 18, 5 ]);
GROU(13,18,[ 0, 3, 6, 9, 18 ],[ 18, 2 ]);
GROU(13,18,[ 0, 2, 18, 18, 18 ],[ 18, 2 ]);
GROU(13,18,[ 0, 2, 3, 3, 3, 6 ],[ 18, 3 ]);
GROU(13,18,[ 0, 2, 3, 3, 3, 6 ],[ 18, 5 ]);
GROU(13,18,[ 0, 2, 2, 3, 6, 6 ],[ 18, 3 ]);
GROU(13,18,[ 0, 2, 2, 3, 6, 6 ],[ 18, 5 ]);
GROU(13,18,[ 0, 2, 2, 2, 9, 18 ],[ 18, 2 ]);
GROU(13,18,[ 0, 2, 2, 2, 2, 3, 3 ],[ 18, 1 ]);
GROU(13,18,[ 0, 2, 2, 2, 2, 3, 3 ],[ 18, 3 ]);
GROU(13,18,[ 0, 2, 2, 2, 2, 3, 3 ],[ 18, 4 ]);
GROU(13,20,[ 0, 4, 4, 5, 10 ],[ 20, 1 ]);
GROU(13,20,[ 0, 4, 4, 5, 10 ],[ 20, 2 ]);
GROU(13,20,[ 0, 2, 10, 10, 10 ],[ 20, 5 ]);
GROU(13,20,[ 0, 2, 5, 20, 20 ],[ 20, 2 ]);
GROU(13,20,[ 0, 2, 2, 2, 5, 10 ],[ 20, 4 ]);
GROU(13,20,[ 0, 2, 2, 2, 5, 10 ],[ 20, 5 ]);
GROU(13,21,[ 0, 3, 3, 7, 21 ],[ 21, 2 ]);
GROU(13,24,[ 0, 4, 4, 4, 4 ],[ 24, 4 ]);
GROU(13,24,[ 0, 4, 4, 4, 4 ],[ 24, 7 ]);
GROU(13,24,[ 0, 4, 4, 4, 4 ],[ 24, 12 ]);
GROU(13,24,[ 0, 3, 4, 4, 6 ],[ 24, 3 ]);
GROU(13,24,[ 0, 3, 4, 4, 6 ],[ 24, 7 ]);
GROU(13,24,[ 0, 3, 4, 4, 6 ],[ 24, 9 ]);
GROU(13,24,[ 0, 3, 3, 6, 6 ],[ 24, 3 ]);
GROU(13,24,[ 0, 3, 3, 6, 6 ],[ 24, 13 ]);
GROU(13,24,[ 0, 2, 6, 6, 6 ],[ 24, 10 ]);
GROU(13,24,[ 0, 2, 6, 6, 6 ],[ 24, 13 ]);
GROU(13,24,[ 0, 2, 6, 6, 6 ],[ 24, 15 ]);
SIGN(13,24,[ 0, 2, 4, 8, 8 ],"all");
GROU(13,24,[ 0, 2, 4, 6, 12 ],[ 24, 5 ]);
GROU(13,24,[ 0, 2, 4, 6, 12 ],[ 24, 9 ]);
GROU(13,24,[ 0, 2, 4, 6, 12 ],[ 24, 10 ]);
GROU(13,24,[ 0, 2, 3, 12, 12 ],[ 24, 9 ]);
GROU(13,24,[ 0, 2, 3, 8, 24 ],[ 24, 2 ]);
GROU(13,24,[ 0, 2, 2, 3, 3, 3 ],[ 24, 12 ]);
GROU(13,24,[ 0, 2, 2, 3, 3, 3 ],[ 24, 13 ]);
GROU(13,24,[ 0, 2, 2, 2, 4, 4 ],[ 24, 5 ]);
GROU(13,24,[ 0, 2, 2, 2, 4, 4 ],[ 24, 8 ]);
GROU(13,24,[ 0, 2, 2, 2, 4, 4 ],[ 24, 12 ]);
GROU(13,24,[ 0, 2, 2, 2, 3, 6 ],[ 24, 8 ]);
GROU(13,24,[ 0, 2, 2, 2, 3, 6 ],[ 24, 10 ]);
GROU(13,24,[ 0, 2, 2, 2, 3, 6 ],[ 24, 13 ]);
GROU(13,24,[ 0, 2, 2, 2, 3, 6 ],[ 24, 14 ]);
GROU(13,24,[ 0, 2, 2, 2, 3, 6 ],[ 24, 15 ]);
GROU(13,24,[ 0, 2, 2, 2, 2, 2, 2 ],[ 24, 6 ]);
GROU(13,24,[ 0, 2, 2, 2, 2, 2, 2 ],[ 24, 8 ]);
GROU(13,24,[ 0, 2, 2, 2, 2, 2, 2 ],[ 24, 12 ]);
GROU(13,24,[ 0, 2, 2, 2, 2, 2, 2 ],[ 24, 14 ]);
GROU(13,26,[ 0, 2, 2, 26, 26 ],[ 26, 2 ]);
GROU(13,26,[ 0, 2, 2, 2, 2, 13 ],[ 26, 1 ]);
GROU(13,27,[ 0, 27, 27, 27 ],[ 27, 1 ]);
SIGN(13,27,[ 0, 3, 3, 3, 9 ],"all");
GROU(13,28,[ 0, 14, 28, 28 ],[ 28, 2 ]);
GROU(13,28,[ 0, 2, 4, 4, 7 ],[ 28, 1 ]);
GROU(13,28,[ 0, 2, 2, 14, 14 ],[ 28, 3 ]);
GROU(13,28,[ 0, 2, 2, 14, 14 ],[ 28, 4 ]);
GROU(13,28,[ 0, 2, 2, 2, 2, 7 ],[ 28, 3 ]);
GROU(13,30,[ 0, 10, 15, 30 ],[ 30, 4 ]);
GROU(13,30,[ 0, 2, 3, 5, 6 ],[ 30, 2 ]);
GROU(13,30,[ 0, 2, 2, 10, 10 ],[ 30, 1 ]);
GROU(13,30,[ 0, 2, 2, 2, 2, 5 ],[ 30, 3 ]);
GROU(13,32,[ 0, 8, 16, 16 ],[ 32, 16 ]);
GROU(13,32,[ 0, 8, 16, 16 ],[ 32, 17 ]);
GROU(13,32,[ 0, 2, 4, 4, 4 ],[ 32, 2 ]);
GROU(13,32,[ 0, 2, 4, 4, 4 ],[ 32, 6 ]);
GROU(13,32,[ 0, 2, 4, 4, 4 ],[ 32, 11 ]);
GROU(13,32,[ 0, 2, 4, 4, 4 ],[ 32, 21 ]);
GROU(13,32,[ 0, 2, 4, 4, 4 ],[ 32, 23 ]);
GROU(13,32,[ 0, 2, 4, 4, 4 ],[ 32, 24 ]);
GROU(13,32,[ 0, 2, 4, 4, 4 ],[ 32, 25 ]);
GROU(13,32,[ 0, 2, 4, 4, 4 ],[ 32, 27 ]);
GROU(13,32,[ 0, 2, 4, 4, 4 ],[ 32, 28 ]);
GROU(13,32,[ 0, 2, 4, 4, 4 ],[ 32, 29 ]);
GROU(13,32,[ 0, 2, 4, 4, 4 ],[ 32, 30 ]);
GROU(13,32,[ 0, 2, 4, 4, 4 ],[ 32, 31 ]);
GROU(13,32,[ 0, 2, 4, 4, 4 ],[ 32, 33 ]);
GROU(13,32,[ 0, 2, 4, 4, 4 ],[ 32, 44 ]);
GROU(13,32,[ 0, 2, 2, 8, 8 ],[ 32, 5 ]);
GROU(13,32,[ 0, 2, 2, 8, 8 ],[ 32, 7 ]);
GROU(13,32,[ 0, 2, 2, 8, 8 ],[ 32, 9 ]);
GROU(13,32,[ 0, 2, 2, 8, 8 ],[ 32, 11 ]);
GROU(13,32,[ 0, 2, 2, 8, 8 ],[ 32, 36 ]);
GROU(13,32,[ 0, 2, 2, 8, 8 ],[ 32, 37 ]);
GROU(13,32,[ 0, 2, 2, 8, 8 ],[ 32, 38 ]);
GROU(13,32,[ 0, 2, 2, 8, 8 ],[ 32, 39 ]);
GROU(13,32,[ 0, 2, 2, 8, 8 ],[ 32, 40 ]);
GROU(13,32,[ 0, 2, 2, 8, 8 ],[ 32, 43 ]);
GROU(13,32,[ 0, 2, 2, 2, 2, 4 ],[ 32, 18 ]);
GROU(13,32,[ 0, 2, 2, 2, 2, 4 ],[ 32, 27 ]);
GROU(13,32,[ 0, 2, 2, 2, 2, 4 ],[ 32, 28 ]);
GROU(13,32,[ 0, 2, 2, 2, 2, 4 ],[ 32, 34 ]);
GROU(13,32,[ 0, 2, 2, 2, 2, 4 ],[ 32, 39 ]);
GROU(13,32,[ 0, 2, 2, 2, 2, 4 ],[ 32, 42 ]);
GROU(13,32,[ 0, 2, 2, 2, 2, 4 ],[ 32, 43 ]);
GROU(13,32,[ 0, 2, 2, 2, 2, 4 ],[ 32, 46 ]);
GROU(13,32,[ 0, 2, 2, 2, 2, 4 ],[ 32, 48 ]);
GROU(13,32,[ 0, 2, 2, 2, 2, 4 ],[ 32, 49 ]);
GROU(13,36,[ 0, 9, 9, 9 ],[ 36, 3 ]);
GROU(13,36,[ 0, 6, 12, 12 ],[ 36, 6 ]);
GROU(13,36,[ 0, 6, 12, 12 ],[ 36, 8 ]);
GROU(13,36,[ 0, 4, 18, 36 ],[ 36, 2 ]);
GROU(13,36,[ 0, 3, 3, 3, 3 ],[ 36, 11 ]);
GROU(13,36,[ 0, 2, 3, 4, 4 ],[ 36, 9 ]);
GROU(13,36,[ 0, 2, 3, 3, 6 ],[ 36, 11 ]);
GROU(13,36,[ 0, 2, 2, 6, 6 ],[ 36, 10 ]);
GROU(13,36,[ 0, 2, 2, 6, 6 ],[ 36, 12 ]);
GROU(13,36,[ 0, 2, 2, 6, 6 ],[ 36, 13 ]);
SIGN(13,36,[ 0, 2, 2, 4, 12 ],"all");
GROU(13,36,[ 0, 2, 2, 2, 2, 3 ],[ 36, 4 ]);
GROU(13,36,[ 0, 2, 2, 2, 2, 3 ],[ 36, 10 ]);
GROU(13,36,[ 0, 2, 2, 2, 2, 3 ],[ 36, 13 ]);
GROU(13,39,[ 0, 3, 39, 39 ],[ 39, 2 ]);
GROU(13,40,[ 0, 4, 10, 20 ],[ 40, 9 ]);
GROU(13,42,[ 0, 3, 14, 42 ],[ 42, 6 ]);
GROU(13,45,[ 0, 3, 15, 15 ],[ 45, 2 ]);
GROU(13,48,[ 0, 6, 6, 6 ],[ 48, 32 ]);
GROU(13,48,[ 0, 6, 6, 6 ],[ 48, 49 ]);
GROU(13,48,[ 0, 4, 6, 12 ],[ 48, 21 ]);
GROU(13,48,[ 0, 4, 6, 12 ],[ 48, 31 ]);
GROU(13,48,[ 0, 3, 12, 12 ],[ 48, 31 ]);
GROU(13,48,[ 0, 3, 12, 12 ],[ 48, 33 ]);
GROU(13,48,[ 0, 2, 3, 3, 3 ],[ 48, 3 ]);
GROU(13,48,[ 0, 2, 3, 3, 3 ],[ 48, 50 ]);
GROU(13,48,[ 0, 2, 2, 4, 4 ],[ 48, 6 ]);
GROU(13,48,[ 0, 2, 2, 4, 4 ],[ 48, 14 ]);
GROU(13,48,[ 0, 2, 2, 4, 4 ],[ 48, 35 ]);
GROU(13,48,[ 0, 2, 2, 4, 4 ],[ 48, 37 ]);
GROU(13,48,[ 0, 2, 2, 4, 4 ],[ 48, 43 ]);
GROU(13,48,[ 0, 2, 2, 4, 4 ],[ 48, 48 ]);
GROU(13,48,[ 0, 2, 2, 3, 6 ],[ 48, 29 ]);
GROU(13,48,[ 0, 2, 2, 3, 6 ],[ 48, 33 ]);
GROU(13,48,[ 0, 2, 2, 3, 6 ],[ 48, 48 ]);
GROU(13,48,[ 0, 2, 2, 3, 6 ],[ 48, 49 ]);
GROU(13,48,[ 0, 2, 2, 2, 2, 2 ],[ 48, 7 ]);
GROU(13,48,[ 0, 2, 2, 2, 2, 2 ],[ 48, 36 ]);
GROU(13,48,[ 0, 2, 2, 2, 2, 2 ],[ 48, 38 ]);
GROU(13,48,[ 0, 2, 2, 2, 2, 2 ],[ 48, 48 ]);
GROU(13,48,[ 0, 2, 2, 2, 2, 2 ],[ 48, 51 ]);
GROU(13,52,[ 0, 4, 4, 26 ],[ 52, 1 ]);
GROU(13,52,[ 0, 2, 52, 52 ],[ 52, 2 ]);
GROU(13,52,[ 0, 2, 2, 2, 26 ],[ 52, 4 ]);
SIGN(13,54,[ 0, 3, 6, 18 ],"all");
GROU(13,54,[ 0, 2, 27, 54 ],[ 54, 2 ]);
GROU(13,56,[ 0, 4, 4, 14 ],[ 56, 6 ]);
GROU(13,56,[ 0, 2, 28, 28 ],[ 56, 8 ]);
GROU(13,56,[ 0, 2, 2, 2, 14 ],[ 56, 7 ]);
GROU(13,56,[ 0, 2, 2, 2, 14 ],[ 56, 12 ]);
GROU(13,60,[ 0, 5, 5, 5 ],[ 60, 5 ]);
SIGN(13,60,[ 0, 4, 4, 10 ],"nonsolvable");
SIGN(13,60,[ 0, 3, 6, 10 ],"nonsolvable");
SIGN(13,60,[ 0, 3, 5, 15 ],"nonsolvable");
SIGN(13,60,[ 0, 2, 20, 20 ],"nonsolvable");
GROU(13,60,[ 0, 2, 2, 2, 10 ],[ 60, 8 ]);
GROU(13,64,[ 0, 4, 4, 8 ],[ 64, 8 ]);
GROU(13,64,[ 0, 4, 4, 8 ],[ 64, 9 ]);
GROU(13,64,[ 0, 4, 4, 8 ],[ 64, 18 ]);
GROU(13,64,[ 0, 4, 4, 8 ],[ 64, 20 ]);
GROU(13,64,[ 0, 4, 4, 8 ],[ 64, 21 ]);
GROU(13,64,[ 0, 4, 4, 8 ],[ 64, 32 ]);
GROU(13,64,[ 0, 4, 4, 8 ],[ 64, 33 ]);
GROU(13,64,[ 0, 2, 16, 16 ],[ 64, 29 ]);
GROU(13,64,[ 0, 2, 16, 16 ],[ 64, 30 ]);
GROU(13,64,[ 0, 2, 16, 16 ],[ 64, 31 ]);
GROU(13,64,[ 0, 2, 2, 2, 8 ],[ 64, 128 ]);
GROU(13,64,[ 0, 2, 2, 2, 8 ],[ 64, 130 ]);
GROU(13,64,[ 0, 2, 2, 2, 8 ],[ 64, 134 ]);
GROU(13,64,[ 0, 2, 2, 2, 8 ],[ 64, 147 ]);
GROU(13,64,[ 0, 2, 2, 2, 8 ],[ 64, 150 ]);
GROU(13,64,[ 0, 2, 2, 2, 8 ],[ 64, 153 ]);
GROU(13,72,[ 0, 4, 4, 6 ],[ 72, 45 ]);
GROU(13,72,[ 0, 3, 6, 6 ],[ 72, 44 ]);
GROU(13,72,[ 0, 3, 6, 6 ],[ 72, 47 ]);
GROU(13,72,[ 0, 3, 4, 12 ],[ 72, 42 ]);
GROU(13,72,[ 0, 2, 12, 12 ],[ 72, 21 ]);
GROU(13,72,[ 0, 2, 12, 12 ],[ 72, 27 ]);
GROU(13,72,[ 0, 2, 9, 18 ],[ 72, 16 ]);
SIGN(13,72,[ 0, 2, 8, 24 ],"all");
GROU(13,72,[ 0, 2, 2, 3, 3 ],[ 72, 42 ]);
GROU(13,72,[ 0, 2, 2, 3, 3 ],[ 72, 43 ]);
GROU(13,72,[ 0, 2, 2, 3, 3 ],[ 72, 44 ]);
GROU(13,72,[ 0, 2, 2, 2, 6 ],[ 72, 23 ]);
GROU(13,72,[ 0, 2, 2, 2, 6 ],[ 72, 40 ]);
GROU(13,72,[ 0, 2, 2, 2, 6 ],[ 72, 46 ]);
GROU(13,78,[ 0, 2, 6, 39 ],[ 78, 4 ]);
SIGN(13,80,[ 0, 2, 10, 10 ],"all");
SIGN(13,81,[ 0, 3, 3, 27 ],"all");
SIGN(13,84,[ 0, 3, 3, 21 ],"all");
SIGN(13,84,[ 0, 2, 6, 21 ],"all");
GROU(13,90,[ 0, 2, 6, 15 ],[ 90, 7 ]);
GROU(13,96,[ 0, 3, 4, 6 ],[ 96, 3 ]);
GROU(13,96,[ 0, 3, 4, 6 ],[ 96, 68 ]);
GROU(13,96,[ 0, 3, 4, 6 ],[ 96, 70 ]);
GROU(13,96,[ 0, 3, 4, 6 ],[ 96, 71 ]);
SIGN(13,96,[ 0, 3, 3, 12 ],"all");
GROU(13,96,[ 0, 2, 6, 12 ],[ 96, 197 ]);
GROU(13,96,[ 0, 2, 6, 12 ],[ 96, 200 ]);
GROU(13,96,[ 0, 2, 2, 2, 4 ],[ 96, 89 ]);
GROU(13,96,[ 0, 2, 2, 2, 4 ],[ 96, 102 ]);
GROU(13,96,[ 0, 2, 2, 2, 4 ],[ 96, 115 ]);
GROU(13,96,[ 0, 2, 2, 2, 4 ],[ 96, 187 ]);
GROU(13,96,[ 0, 2, 2, 2, 4 ],[ 96, 226 ]);
GROU(13,104,[ 0, 2, 4, 52 ],[ 104, 5 ]);
SIGN(13,108,[ 0, 3, 3, 9 ],"all");
SIGN(13,108,[ 0, 2, 6, 9 ],"all");
SIGN(13,112,[ 0, 2, 7, 7 ],"all");
GROU(13,112,[ 0, 2, 4, 28 ],[ 112, 13 ]);
GROU(13,120,[ 0, 2, 5, 10 ],[ 120, 35 ]);
SIGN(13,120,[ 0, 2, 4, 20 ],"nonsolvable");
GROU(13,128,[ 0, 2, 4, 16 ],[ 128, 71 ]);
GROU(13,128,[ 0, 2, 4, 16 ],[ 128, 79 ]);
SIGN(13,144,[ 0, 3, 4, 4 ],"all");
GROU(13,144,[ 0, 3, 3, 6 ],[ 144, 184 ]);
GROU(13,144,[ 0, 2, 6, 6 ],[ 144, 190 ]);
GROU(13,144,[ 0, 2, 4, 12 ],[ 144, 115 ]);
GROU(13,144,[ 0, 2, 2, 2, 3 ],[ 144, 183 ]);
SIGN(13,160,[ 0, 2, 4, 10 ],"all");
SIGN(13,162,[ 0, 2, 3, 54 ],"all");
SIGN(13,168,[ 0, 2, 3, 42 ],"all");
GROU(13,180,[ 0, 3, 3, 5 ],[ 180, 19 ]);
SIGN(13,180,[ 0, 2, 3, 30 ],"nonsolvable");
SIGN(13,192,[ 0, 2, 3, 24 ],"all");
SIGN(13,216,[ 0, 2, 3, 18 ],"all");
SIGN(13,224,[ 0, 2, 4, 7 ],"all");
SIGN(13,240,[ 0, 2, 5, 5 ],"nonsolvable");
SIGN(13,288,[ 0, 2, 4, 6 ],"all");
GROU(13,288,[ 0, 2, 3, 12 ],[ 288, 1024 ]);
GROU(13,360,[ 0, 2, 3, 10 ],[ 360, 121 ]);
SIGN(13,432,[ 0, 2, 3, 9 ],"all");
SIGN(13,480,[ 0, 2, 4, 5 ],"nonsolvable");
GROU(13,2,[ 1, 2, 2, 2, 2, 2, 2, 2, 2, 2, 2, 2, 2, 2, 2, 2, 2, 2, 2, 2, 2, 2, 
  2, 2, 2 ],[ 2, 1 ]);
GROU(13,3,[ 1, 3, 3, 3, 3, 3, 3, 3, 3, 3, 3, 3, 3 ],[ 3, 1 ]);
GROU(13,4,[ 1, 4, 4, 4, 4, 4, 4, 4, 4 ],[ 4, 1 ]);
GROU(13,4,[ 1, 2, 2, 2, 4, 4, 4, 4, 4, 4 ],[ 4, 1 ]);
GROU(13,4,[ 1, 2, 2, 2, 2, 2, 2, 4, 4, 4, 4 ],[ 4, 1 ]);
GROU(13,4,[ 1, 2, 2, 2, 2, 2, 2, 2, 2, 2, 4, 4 ],[ 4, 1 ]);
GROU(13,4,[ 1, 2, 2, 2, 2, 2, 2, 2, 2, 2, 2, 2, 2 ],[ 4, 1 ]);
GROU(13,4,[ 1, 2, 2, 2, 2, 2, 2, 2, 2, 2, 2, 2, 2 ],[ 4, 2 ]);
GROU(13,5,[ 1, 5, 5, 5, 5, 5, 5 ],[ 5, 1 ]);
GROU(13,6,[ 1, 3, 6, 6, 6, 6 ],[ 6, 2 ]);
GROU(13,6,[ 1, 3, 3, 3, 3, 3, 3 ],[ 6, 1 ]);
GROU(13,6,[ 1, 3, 3, 3, 3, 3, 3 ],[ 6, 2 ]);
GROU(13,6,[ 1, 2, 3, 3, 3, 3, 6 ],[ 6, 2 ]);
GROU(13,6,[ 1, 2, 2, 3, 3, 6, 6 ],[ 6, 2 ]);
GROU(13,6,[ 1, 2, 2, 2, 6, 6, 6 ],[ 6, 2 ]);
GROU(13,6,[ 1, 2, 2, 2, 2, 3, 3, 3 ],[ 6, 1 ]);
GROU(13,6,[ 1, 2, 2, 2, 2, 3, 3, 3 ],[ 6, 2 ]);
GROU(13,6,[ 1, 2, 2, 2, 2, 2, 3, 6 ],[ 6, 2 ]);
GROU(13,6,[ 1, 2, 2, 2, 2, 2, 2, 2, 2 ],[ 6, 1 ]);
GROU(13,6,[ 1, 2, 2, 2, 2, 2, 2, 2, 2 ],[ 6, 2 ]);
GROU(13,7,[ 1, 7, 7, 7, 7 ],[ 7, 1 ]);
GROU(13,8,[ 1, 4, 4, 4, 4 ],[ 8, 1 ]);
GROU(13,8,[ 1, 4, 4, 4, 4 ],[ 8, 2 ]);
GROU(13,8,[ 1, 4, 4, 4, 4 ],[ 8, 3 ]);
GROU(13,8,[ 1, 4, 4, 4, 4 ],[ 8, 4 ]);
GROU(13,8,[ 1, 2, 4, 8, 8 ],[ 8, 1 ]);
GROU(13,8,[ 1, 2, 2, 2, 4, 4 ],[ 8, 1 ]);
GROU(13,8,[ 1, 2, 2, 2, 4, 4 ],[ 8, 2 ]);
GROU(13,8,[ 1, 2, 2, 2, 4, 4 ],[ 8, 3 ]);
GROU(13,8,[ 1, 2, 2, 2, 4, 4 ],[ 8, 4 ]);
GROU(13,8,[ 1, 2, 2, 2, 2, 2, 2 ],[ 8, 1 ]);
GROU(13,8,[ 1, 2, 2, 2, 2, 2, 2 ],[ 8, 2 ]);
GROU(13,8,[ 1, 2, 2, 2, 2, 2, 2 ],[ 8, 3 ]);
GROU(13,8,[ 1, 2, 2, 2, 2, 2, 2 ],[ 8, 5 ]);
GROU(13,9,[ 1, 9, 9, 9 ],[ 9, 1 ]);
GROU(13,9,[ 1, 3, 3, 3, 3 ],[ 9, 1 ]);
GROU(13,9,[ 1, 3, 3, 3, 3 ],[ 9, 2 ]);
GROU(13,10,[ 1, 5, 5, 5 ],[ 10, 1 ]);
GROU(13,10,[ 1, 5, 5, 5 ],[ 10, 2 ]);
GROU(13,12,[ 1, 3, 3, 3 ],[ 12, 1 ]);
GROU(13,12,[ 1, 3, 3, 3 ],[ 12, 2 ]);
GROU(13,12,[ 1, 3, 3, 3 ],[ 12, 3 ]);
GROU(13,12,[ 1, 3, 3, 3 ],[ 12, 4 ]);
GROU(13,12,[ 1, 3, 3, 3 ],[ 12, 5 ]);
GROU(13,12,[ 1, 2, 4, 4 ],[ 12, 1 ]);
GROU(13,12,[ 1, 2, 4, 4 ],[ 12, 2 ]);
GROU(13,12,[ 1, 2, 3, 6 ],[ 12, 1 ]);
GROU(13,12,[ 1, 2, 3, 6 ],[ 12, 2 ]);
GROU(13,12,[ 1, 2, 3, 6 ],[ 12, 4 ]);
GROU(13,12,[ 1, 2, 3, 6 ],[ 12, 5 ]);
GROU(13,12,[ 1, 2, 2, 2, 2 ],[ 12, 2 ]);
GROU(13,12,[ 1, 2, 2, 2, 2 ],[ 12, 3 ]);
GROU(13,12,[ 1, 2, 2, 2, 2 ],[ 12, 4 ]);
GROU(13,12,[ 1, 2, 2, 2, 2 ],[ 12, 5 ]);
GROU(13,13,[ 1, 13, 13 ],[ 13, 1 ]);
GROU(13,14,[ 1, 7, 7 ],[ 14, 1 ]);
GROU(13,14,[ 1, 7, 7 ],[ 14, 2 ]);
GROU(13,15,[ 1, 5, 5 ],[ 15, 1 ]);
GROU(13,16,[ 1, 4, 4 ],[ 16, 1 ]);
GROU(13,16,[ 1, 4, 4 ],[ 16, 2 ]);
GROU(13,16,[ 1, 4, 4 ],[ 16, 3 ]);
GROU(13,16,[ 1, 4, 4 ],[ 16, 4 ]);
GROU(13,16,[ 1, 4, 4 ],[ 16, 5 ]);
GROU(13,16,[ 1, 4, 4 ],[ 16, 6 ]);
GROU(13,16,[ 1, 4, 4 ],[ 16, 8 ]);
GROU(13,16,[ 1, 4, 4 ],[ 16, 9 ]);
GROU(13,16,[ 1, 4, 4 ],[ 16, 10 ]);
GROU(13,16,[ 1, 4, 4 ],[ 16, 11 ]);
GROU(13,16,[ 1, 4, 4 ],[ 16, 12 ]);
GROU(13,16,[ 1, 4, 4 ],[ 16, 13 ]);
GROU(13,16,[ 1, 2, 2, 2 ],[ 16, 3 ]);
GROU(13,16,[ 1, 2, 2, 2 ],[ 16, 4 ]);
GROU(13,16,[ 1, 2, 2, 2 ],[ 16, 5 ]);
GROU(13,16,[ 1, 2, 2, 2 ],[ 16, 6 ]);
GROU(13,16,[ 1, 2, 2, 2 ],[ 16, 7 ]);
GROU(13,16,[ 1, 2, 2, 2 ],[ 16, 8 ]);
GROU(13,16,[ 1, 2, 2, 2 ],[ 16, 10 ]);
GROU(13,16,[ 1, 2, 2, 2 ],[ 16, 11 ]);
GROU(13,16,[ 1, 2, 2, 2 ],[ 16, 12 ]);
GROU(13,16,[ 1, 2, 2, 2 ],[ 16, 13 ]);
GROU(13,16,[ 1, 2, 2, 2 ],[ 16, 14 ]);
GROU(13,18,[ 1, 3, 3 ],[ 18, 2 ]);
GROU(13,18,[ 1, 3, 3 ],[ 18, 3 ]);
GROU(13,18,[ 1, 3, 3 ],[ 18, 4 ]);
GROU(13,18,[ 1, 3, 3 ],[ 18, 5 ]);
SIGN(13,18,[ 1, 2, 6 ],"all");
GROU(13,24,[ 1, 2, 2 ],[ 24, 2 ]);
GROU(13,24,[ 1, 2, 2 ],[ 24, 5 ]);
GROU(13,24,[ 1, 2, 2 ],[ 24, 6 ]);
GROU(13,24,[ 1, 2, 2 ],[ 24, 8 ]);
GROU(13,24,[ 1, 2, 2 ],[ 24, 9 ]);
GROU(13,24,[ 1, 2, 2 ],[ 24, 10 ]);
GROU(13,24,[ 1, 2, 2 ],[ 24, 12 ]);
GROU(13,24,[ 1, 2, 2 ],[ 24, 13 ]);
GROU(13,24,[ 1, 2, 2 ],[ 24, 14 ]);
GROU(13,24,[ 1, 2, 2 ],[ 24, 15 ]);
GROU(13,26,[ 1, 13 ],[ 26, 1 ]);
GROU(13,28,[ 1, 7 ],[ 28, 1 ]);
GROU(13,28,[ 1, 7 ],[ 28, 3 ]);
GROU(13,30,[ 1, 5 ],[ 30, 2 ]);
GROU(13,32,[ 1, 4 ],[ 32, 9 ]);
GROU(13,32,[ 1, 4 ],[ 32, 10 ]);
GROU(13,32,[ 1, 4 ],[ 32, 11 ]);
GROU(13,32,[ 1, 4 ],[ 32, 13 ]);
GROU(13,32,[ 1, 4 ],[ 32, 14 ]);
GROU(13,32,[ 1, 4 ],[ 32, 15 ]);
GROU(13,36,[ 1, 3 ],[ 36, 6 ]);
GROU(13,36,[ 1, 3 ],[ 36, 9 ]);
GROU(13,36,[ 1, 3 ],[ 36, 10 ]);
GROU(13,36,[ 1, 3 ],[ 36, 12 ]);
GROU(13,48,[ 1, 2 ],[ 48, 21 ]);
GROU(13,48,[ 1, 2 ],[ 48, 22 ]);
GROU(13,48,[ 1, 2 ],[ 48, 24 ]);
GROU(13,48,[ 1, 2 ],[ 48, 31 ]);
GROU(13,48,[ 1, 2 ],[ 48, 49 ]);
GROU(13,2,[ 2, 2, 2, 2, 2, 2, 2, 2, 2, 2, 2, 2, 2, 2, 2, 2, 2, 2, 2, 2, 2 ],
[ 2, 1 ]);
GROU(13,3,[ 2, 3, 3, 3, 3, 3, 3, 3, 3, 3 ],[ 3, 1 ]);
GROU(13,4,[ 2, 2, 2, 4, 4, 4, 4 ],[ 4, 1 ]);
GROU(13,4,[ 2, 2, 2, 2, 2, 2, 4, 4 ],[ 4, 1 ]);
GROU(13,4,[ 2, 2, 2, 2, 2, 2, 2, 2, 2 ],[ 4, 1 ]);
GROU(13,4,[ 2, 2, 2, 2, 2, 2, 2, 2, 2 ],[ 4, 2 ]);
GROU(13,6,[ 2, 3, 3, 3 ],[ 6, 1 ]);
GROU(13,6,[ 2, 3, 3, 3 ],[ 6, 2 ]);
GROU(13,6,[ 2, 2, 3, 6 ],[ 6, 2 ]);
GROU(13,6,[ 2, 2, 2, 2, 2 ],[ 6, 1 ]);
GROU(13,6,[ 2, 2, 2, 2, 2 ],[ 6, 2 ]);
GROU(13,8,[ 2, 2, 2 ],[ 8, 1 ]);
GROU(13,8,[ 2, 2, 2 ],[ 8, 2 ]);
GROU(13,8,[ 2, 2, 2 ],[ 8, 3 ]);
GROU(13,8,[ 2, 2, 2 ],[ 8, 4 ]);
GROU(13,8,[ 2, 2, 2 ],[ 8, 5 ]);
GROU(13,12,[ 2 ],[ 12, 1 ]);
GROU(13,12,[ 2 ],[ 12, 2 ]);
GROU(13,12,[ 2 ],[ 12, 3 ]);
GROU(13,12,[ 2 ],[ 12, 4 ]);
GROU(13,12,[ 2 ],[ 12, 5 ]);
GROU(13,2,[ 3, 2, 2, 2, 2, 2, 2, 2, 2, 2, 2, 2, 2, 2, 2, 2, 2 ],[ 2, 1 ]);
GROU(13,3,[ 3, 3, 3, 3, 3, 3, 3 ],[ 3, 1 ]);
GROU(13,4,[ 3, 2, 4, 4 ],[ 4, 1 ]);
GROU(13,4,[ 3, 2, 2, 2, 2 ],[ 4, 1 ]);
GROU(13,4,[ 3, 2, 2, 2, 2 ],[ 4, 2 ]);
GROU(13,6,[ 3 ],[ 6, 1 ]);
GROU(13,6,[ 3 ],[ 6, 2 ]);
GROU(13,2,[ 4, 2, 2, 2, 2, 2, 2, 2, 2, 2, 2, 2, 2 ],[ 2, 1 ]);
GROU(13,3,[ 4, 3, 3, 3 ],[ 3, 1 ]);
GROU(13,4,[ 4 ],[ 4, 1 ]);
GROU(13,4,[ 4 ],[ 4, 2 ]);
GROU(13,2,[ 5, 2, 2, 2, 2, 2, 2, 2, 2 ],[ 2, 1 ]);
GROU(13,3,[ 5 ],[ 3, 1 ]);
GROU(13,2,[ 6, 2, 2, 2, 2 ],[ 2, 1 ]);
GROU(13,2,[ 7 ],[ 2, 1 ]);
GROU(13,1,[ 13 ],[ 1, 1 ]);
