GROU(25,2,[ 0, 2, 2, 2, 2, 2, 2, 2, 2, 2, 2, 2, 2, 2, 2, 2, 2, 2, 2, 2, 2, 2, 
  2, 2, 2, 2, 2, 2, 2, 2, 2, 2, 2, 2, 2, 2, 2, 2, 2, 2, 2, 2, 2, 2, 2, 2, 2, 
  2, 2, 2, 2, 2, 2 ],[ 2, 1 ]);
GROU(25,3,[ 0, 3, 3, 3, 3, 3, 3, 3, 3, 3, 3, 3, 3, 3, 3, 3, 3, 3, 3, 3, 3, 3, 
  3, 3, 3, 3, 3, 3 ],[ 3, 1 ]);
GROU(25,4,[ 0, 2, 4, 4, 4, 4, 4, 4, 4, 4, 4, 4, 4, 4, 4, 4, 4, 4, 4, 4 ],
[ 4, 1 ]);
GROU(25,4,[ 0, 2, 2, 2, 2, 4, 4, 4, 4, 4, 4, 4, 4, 4, 4, 4, 4, 4, 4, 4, 4 ],
[ 4, 1 ]);
GROU(25,4,[ 0, 2, 2, 2, 2, 2, 2, 2, 4, 4, 4, 4, 4, 4, 4, 4, 4, 4, 4, 4, 4, 4 
 ],[ 4, 1 ]);
GROU(25,4,[ 0, 2, 2, 2, 2, 2, 2, 2, 2, 2, 2, 4, 4, 4, 4, 4, 4, 4, 4, 4, 4, 4, 
  4 ],[ 4, 1 ]);
GROU(25,4,[ 0, 2, 2, 2, 2, 2, 2, 2, 2, 2, 2, 2, 2, 2, 4, 4, 4, 4, 4, 4, 4, 4, 
  4, 4 ],[ 4, 1 ]);
GROU(25,4,[ 0, 2, 2, 2, 2, 2, 2, 2, 2, 2, 2, 2, 2, 2, 2, 2, 2, 4, 4, 4, 4, 4, 
  4, 4, 4 ],[ 4, 1 ]);
GROU(25,4,[ 0, 2, 2, 2, 2, 2, 2, 2, 2, 2, 2, 2, 2, 2, 2, 2, 2, 2, 2, 2, 4, 4, 
  4, 4, 4, 4 ],[ 4, 1 ]);
GROU(25,4,[ 0, 2, 2, 2, 2, 2, 2, 2, 2, 2, 2, 2, 2, 2, 2, 2, 2, 2, 2, 2, 2, 2, 
  2, 4, 4, 4, 4 ],[ 4, 1 ]);
GROU(25,4,[ 0, 2, 2, 2, 2, 2, 2, 2, 2, 2, 2, 2, 2, 2, 2, 2, 2, 2, 2, 2, 2, 2, 
  2, 2, 2, 2, 4, 4 ],[ 4, 1 ]);
GROU(25,4,[ 0, 2, 2, 2, 2, 2, 2, 2, 2, 2, 2, 2, 2, 2, 2, 2, 2, 2, 2, 2, 2, 2, 
  2, 2, 2, 2, 2, 2, 2 ],[ 4, 2 ]);
GROU(25,6,[ 0, 6, 6, 6, 6, 6, 6, 6, 6, 6, 6, 6, 6 ],[ 6, 2 ]);
GROU(25,6,[ 0, 3, 3, 3, 3, 3, 6, 6, 6, 6, 6, 6, 6, 6 ],[ 6, 2 ]);
GROU(25,6,[ 0, 3, 3, 3, 3, 3, 3, 3, 3, 3, 3, 6, 6, 6, 6 ],[ 6, 2 ]);
GROU(25,6,[ 0, 2, 3, 3, 3, 6, 6, 6, 6, 6, 6, 6, 6, 6 ],[ 6, 2 ]);
GROU(25,6,[ 0, 2, 3, 3, 3, 3, 3, 3, 3, 3, 6, 6, 6, 6, 6 ],[ 6, 2 ]);
GROU(25,6,[ 0, 2, 3, 3, 3, 3, 3, 3, 3, 3, 3, 3, 3, 3, 3, 6 ],[ 6, 2 ]);
GROU(25,6,[ 0, 2, 2, 3, 6, 6, 6, 6, 6, 6, 6, 6, 6, 6 ],[ 6, 2 ]);
GROU(25,6,[ 0, 2, 2, 3, 3, 3, 3, 3, 3, 6, 6, 6, 6, 6, 6 ],[ 6, 2 ]);
GROU(25,6,[ 0, 2, 2, 3, 3, 3, 3, 3, 3, 3, 3, 3, 3, 3, 6, 6 ],[ 6, 2 ]);
GROU(25,6,[ 0, 2, 2, 2, 3, 3, 3, 3, 6, 6, 6, 6, 6, 6, 6 ],[ 6, 2 ]);
GROU(25,6,[ 0, 2, 2, 2, 3, 3, 3, 3, 3, 3, 3, 3, 3, 6, 6, 6 ],[ 6, 2 ]);
GROU(25,6,[ 0, 2, 2, 2, 2, 3, 3, 6, 6, 6, 6, 6, 6, 6, 6 ],[ 6, 2 ]);
GROU(25,6,[ 0, 2, 2, 2, 2, 3, 3, 3, 3, 3, 3, 3, 6, 6, 6, 6 ],[ 6, 2 ]);
GROU(25,6,[ 0, 2, 2, 2, 2, 3, 3, 3, 3, 3, 3, 3, 3, 3, 3, 3, 3 ],[ 6, 1 ]);
GROU(25,6,[ 0, 2, 2, 2, 2, 3, 3, 3, 3, 3, 3, 3, 3, 3, 3, 3, 3 ],[ 6, 2 ]);
GROU(25,6,[ 0, 2, 2, 2, 2, 2, 6, 6, 6, 6, 6, 6, 6, 6, 6 ],[ 6, 2 ]);
GROU(25,6,[ 0, 2, 2, 2, 2, 2, 3, 3, 3, 3, 3, 6, 6, 6, 6, 6 ],[ 6, 2 ]);
GROU(25,6,[ 0, 2, 2, 2, 2, 2, 3, 3, 3, 3, 3, 3, 3, 3, 3, 3, 6 ],[ 6, 2 ]);
GROU(25,6,[ 0, 2, 2, 2, 2, 2, 2, 3, 3, 3, 6, 6, 6, 6, 6, 6 ],[ 6, 2 ]);
GROU(25,6,[ 0, 2, 2, 2, 2, 2, 2, 3, 3, 3, 3, 3, 3, 3, 3, 6, 6 ],[ 6, 2 ]);
GROU(25,6,[ 0, 2, 2, 2, 2, 2, 2, 2, 3, 6, 6, 6, 6, 6, 6, 6 ],[ 6, 2 ]);
GROU(25,6,[ 0, 2, 2, 2, 2, 2, 2, 2, 3, 3, 3, 3, 3, 3, 6, 6, 6 ],[ 6, 2 ]);
GROU(25,6,[ 0, 2, 2, 2, 2, 2, 2, 2, 2, 3, 3, 3, 3, 6, 6, 6, 6 ],[ 6, 2 ]);
GROU(25,6,[ 0, 2, 2, 2, 2, 2, 2, 2, 2, 3, 3, 3, 3, 3, 3, 3, 3, 3 ],[ 6, 1 ]);
GROU(25,6,[ 0, 2, 2, 2, 2, 2, 2, 2, 2, 3, 3, 3, 3, 3, 3, 3, 3, 3 ],[ 6, 2 ]);
GROU(25,6,[ 0, 2, 2, 2, 2, 2, 2, 2, 2, 2, 3, 3, 6, 6, 6, 6, 6 ],[ 6, 2 ]);
GROU(25,6,[ 0, 2, 2, 2, 2, 2, 2, 2, 2, 2, 3, 3, 3, 3, 3, 3, 3, 6 ],[ 6, 2 ]);
GROU(25,6,[ 0, 2, 2, 2, 2, 2, 2, 2, 2, 2, 2, 6, 6, 6, 6, 6, 6 ],[ 6, 2 ]);
GROU(25,6,[ 0, 2, 2, 2, 2, 2, 2, 2, 2, 2, 2, 3, 3, 3, 3, 3, 6, 6 ],[ 6, 2 ]);
GROU(25,6,[ 0, 2, 2, 2, 2, 2, 2, 2, 2, 2, 2, 2, 3, 3, 3, 6, 6, 6 ],[ 6, 2 ]);
GROU(25,6,[ 0, 2, 2, 2, 2, 2, 2, 2, 2, 2, 2, 2, 2, 3, 6, 6, 6, 6 ],[ 6, 2 ]);
GROU(25,6,[ 0, 2, 2, 2, 2, 2, 2, 2, 2, 2, 2, 2, 2, 3, 3, 3, 3, 3, 3 ],
[ 6, 1 ]);
GROU(25,6,[ 0, 2, 2, 2, 2, 2, 2, 2, 2, 2, 2, 2, 2, 3, 3, 3, 3, 3, 3 ],
[ 6, 2 ]);
GROU(25,6,[ 0, 2, 2, 2, 2, 2, 2, 2, 2, 2, 2, 2, 2, 2, 3, 3, 3, 3, 6 ],
[ 6, 2 ]);
GROU(25,6,[ 0, 2, 2, 2, 2, 2, 2, 2, 2, 2, 2, 2, 2, 2, 2, 3, 3, 6, 6 ],
[ 6, 2 ]);
GROU(25,6,[ 0, 2, 2, 2, 2, 2, 2, 2, 2, 2, 2, 2, 2, 2, 2, 2, 6, 6, 6 ],
[ 6, 2 ]);
GROU(25,6,[ 0, 2, 2, 2, 2, 2, 2, 2, 2, 2, 2, 2, 2, 2, 2, 2, 2, 3, 3, 3 ],
[ 6, 1 ]);
GROU(25,6,[ 0, 2, 2, 2, 2, 2, 2, 2, 2, 2, 2, 2, 2, 2, 2, 2, 2, 3, 3, 3 ],
[ 6, 2 ]);
GROU(25,6,[ 0, 2, 2, 2, 2, 2, 2, 2, 2, 2, 2, 2, 2, 2, 2, 2, 2, 2, 3, 6 ],
[ 6, 2 ]);
GROU(25,6,[ 0, 2, 2, 2, 2, 2, 2, 2, 2, 2, 2, 2, 2, 2, 2, 2, 2, 2, 2, 2, 2 ],
[ 6, 1 ]);
GROU(25,8,[ 0, 4, 4, 4, 4, 4, 4, 8, 8, 8, 8 ],[ 8, 1 ]);
GROU(25,8,[ 0, 2, 4, 4, 4, 8, 8, 8, 8, 8, 8 ],[ 8, 1 ]);
GROU(25,8,[ 0, 2, 4, 4, 4, 4, 4, 4, 4, 4, 4, 4 ],[ 8, 2 ]);
GROU(25,8,[ 0, 2, 4, 4, 4, 4, 4, 4, 4, 4, 4, 4 ],[ 8, 4 ]);
GROU(25,8,[ 0, 2, 2, 8, 8, 8, 8, 8, 8, 8, 8 ],[ 8, 1 ]);
GROU(25,8,[ 0, 2, 2, 4, 4, 4, 4, 4, 4, 4, 8, 8 ],[ 8, 1 ]);
GROU(25,8,[ 0, 2, 2, 2, 4, 4, 4, 4, 8, 8, 8, 8 ],[ 8, 1 ]);
GROU(25,8,[ 0, 2, 2, 2, 2, 4, 8, 8, 8, 8, 8, 8 ],[ 8, 1 ]);
GROU(25,8,[ 0, 2, 2, 2, 2, 4, 4, 4, 4, 4, 4, 4, 4 ],[ 8, 2 ]);
GROU(25,8,[ 0, 2, 2, 2, 2, 4, 4, 4, 4, 4, 4, 4, 4 ],[ 8, 3 ]);
GROU(25,8,[ 0, 2, 2, 2, 2, 4, 4, 4, 4, 4, 4, 4, 4 ],[ 8, 4 ]);
GROU(25,8,[ 0, 2, 2, 2, 2, 2, 4, 4, 4, 4, 4, 8, 8 ],[ 8, 1 ]);
GROU(25,8,[ 0, 2, 2, 2, 2, 2, 2, 4, 4, 8, 8, 8, 8 ],[ 8, 1 ]);
GROU(25,8,[ 0, 2, 2, 2, 2, 2, 2, 2, 4, 4, 4, 4, 4, 4 ],[ 8, 2 ]);
GROU(25,8,[ 0, 2, 2, 2, 2, 2, 2, 2, 4, 4, 4, 4, 4, 4 ],[ 8, 3 ]);
GROU(25,8,[ 0, 2, 2, 2, 2, 2, 2, 2, 4, 4, 4, 4, 4, 4 ],[ 8, 4 ]);
GROU(25,8,[ 0, 2, 2, 2, 2, 2, 2, 2, 2, 4, 4, 4, 8, 8 ],[ 8, 1 ]);
GROU(25,8,[ 0, 2, 2, 2, 2, 2, 2, 2, 2, 2, 8, 8, 8, 8 ],[ 8, 1 ]);
GROU(25,8,[ 0, 2, 2, 2, 2, 2, 2, 2, 2, 2, 2, 4, 4, 4, 4 ],[ 8, 2 ]);
GROU(25,8,[ 0, 2, 2, 2, 2, 2, 2, 2, 2, 2, 2, 4, 4, 4, 4 ],[ 8, 3 ]);
GROU(25,8,[ 0, 2, 2, 2, 2, 2, 2, 2, 2, 2, 2, 4, 4, 4, 4 ],[ 8, 4 ]);
GROU(25,8,[ 0, 2, 2, 2, 2, 2, 2, 2, 2, 2, 2, 2, 4, 8, 8 ],[ 8, 1 ]);
GROU(25,8,[ 0, 2, 2, 2, 2, 2, 2, 2, 2, 2, 2, 2, 2, 2, 4, 4 ],[ 8, 2 ]);
GROU(25,8,[ 0, 2, 2, 2, 2, 2, 2, 2, 2, 2, 2, 2, 2, 2, 4, 4 ],[ 8, 3 ]);
GROU(25,8,[ 0, 2, 2, 2, 2, 2, 2, 2, 2, 2, 2, 2, 2, 2, 2, 2, 2 ],[ 8, 3 ]);
GROU(25,8,[ 0, 2, 2, 2, 2, 2, 2, 2, 2, 2, 2, 2, 2, 2, 2, 2, 2 ],[ 8, 5 ]);
GROU(25,9,[ 0, 3, 3, 3, 9, 9, 9, 9, 9, 9 ],[ 9, 1 ]);
GROU(25,9,[ 0, 3, 3, 3, 3, 3, 3, 3, 9, 9, 9 ],[ 9, 1 ]);
GROU(25,9,[ 0, 3, 3, 3, 3, 3, 3, 3, 3, 3, 3, 3 ],[ 9, 2 ]);
GROU(25,10,[ 0, 5, 5, 5, 5, 10, 10, 10, 10 ],[ 10, 2 ]);
GROU(25,10,[ 0, 2, 10, 10, 10, 10, 10, 10, 10 ],[ 10, 2 ]);
GROU(25,10,[ 0, 2, 2, 5, 5, 5, 5, 5, 10, 10 ],[ 10, 2 ]);
GROU(25,10,[ 0, 2, 2, 2, 5, 10, 10, 10, 10, 10 ],[ 10, 2 ]);
GROU(25,10,[ 0, 2, 2, 2, 2, 5, 5, 5, 5, 5, 5 ],[ 10, 1 ]);
GROU(25,10,[ 0, 2, 2, 2, 2, 5, 5, 5, 5, 5, 5 ],[ 10, 2 ]);
GROU(25,10,[ 0, 2, 2, 2, 2, 2, 5, 5, 10, 10, 10 ],[ 10, 2 ]);
GROU(25,10,[ 0, 2, 2, 2, 2, 2, 2, 2, 5, 5, 5, 10 ],[ 10, 2 ]);
GROU(25,10,[ 0, 2, 2, 2, 2, 2, 2, 2, 2, 2, 2, 10, 10 ],[ 10, 2 ]);
GROU(25,10,[ 0, 2, 2, 2, 2, 2, 2, 2, 2, 2, 2, 2, 2, 5 ],[ 10, 1 ]);
GROU(25,11,[ 0, 11, 11, 11, 11, 11, 11, 11 ],[ 11, 1 ]);
GROU(25,12,[ 0, 6, 6, 6, 6, 6, 12, 12 ],[ 12, 2 ]);
GROU(25,12,[ 0, 4, 6, 6, 6, 12, 12, 12 ],[ 12, 2 ]);
GROU(25,12,[ 0, 4, 4, 6, 12, 12, 12, 12 ],[ 12, 2 ]);
GROU(25,12,[ 0, 4, 4, 4, 4, 4, 4, 4, 4 ],[ 12, 1 ]);
GROU(25,12,[ 0, 3, 6, 6, 12, 12, 12, 12 ],[ 12, 2 ]);
GROU(25,12,[ 0, 3, 4, 12, 12, 12, 12, 12 ],[ 12, 2 ]);
GROU(25,12,[ 0, 3, 4, 4, 4, 4, 4, 4, 6 ],[ 12, 1 ]);
GROU(25,12,[ 0, 3, 4, 4, 4, 4, 4, 4, 6 ],[ 12, 2 ]);
GROU(25,12,[ 0, 3, 3, 4, 4, 4, 4, 6, 6 ],[ 12, 1 ]);
GROU(25,12,[ 0, 3, 3, 4, 4, 4, 4, 6, 6 ],[ 12, 2 ]);
GROU(25,12,[ 0, 3, 3, 4, 4, 4, 4, 4, 12 ],[ 12, 2 ]);
GROU(25,12,[ 0, 3, 3, 3, 4, 4, 6, 6, 6 ],[ 12, 1 ]);
GROU(25,12,[ 0, 3, 3, 3, 4, 4, 6, 6, 6 ],[ 12, 2 ]);
GROU(25,12,[ 0, 3, 3, 3, 4, 4, 4, 6, 12 ],[ 12, 2 ]);
GROU(25,12,[ 0, 3, 3, 3, 3, 6, 6, 6, 6 ],[ 12, 5 ]);
GROU(25,12,[ 0, 3, 3, 3, 3, 4, 6, 6, 12 ],[ 12, 2 ]);
GROU(25,12,[ 0, 3, 3, 3, 3, 4, 4, 12, 12 ],[ 12, 2 ]);
GROU(25,12,[ 0, 3, 3, 3, 3, 3, 6, 12, 12 ],[ 12, 2 ]);
GROU(25,12,[ 0, 3, 3, 3, 3, 3, 3, 3, 3, 3 ],[ 12, 3 ]);
GROU(25,12,[ 0, 2, 12, 12, 12, 12, 12, 12 ],[ 12, 2 ]);
GROU(25,12,[ 0, 2, 4, 4, 4, 4, 6, 6, 6 ],[ 12, 1 ]);
GROU(25,12,[ 0, 2, 4, 4, 4, 4, 6, 6, 6 ],[ 12, 2 ]);
GROU(25,12,[ 0, 2, 4, 4, 4, 4, 4, 6, 12 ],[ 12, 2 ]);
GROU(25,12,[ 0, 2, 3, 4, 4, 6, 6, 6, 6 ],[ 12, 1 ]);
GROU(25,12,[ 0, 2, 3, 4, 4, 6, 6, 6, 6 ],[ 12, 2 ]);
GROU(25,12,[ 0, 2, 3, 4, 4, 4, 6, 6, 12 ],[ 12, 2 ]);
GROU(25,12,[ 0, 2, 3, 4, 4, 4, 4, 12, 12 ],[ 12, 2 ]);
GROU(25,12,[ 0, 2, 3, 3, 6, 6, 6, 6, 6 ],[ 12, 5 ]);
GROU(25,12,[ 0, 2, 3, 3, 4, 6, 6, 6, 12 ],[ 12, 2 ]);
GROU(25,12,[ 0, 2, 3, 3, 4, 4, 6, 12, 12 ],[ 12, 2 ]);
GROU(25,12,[ 0, 2, 3, 3, 3, 6, 6, 12, 12 ],[ 12, 2 ]);
GROU(25,12,[ 0, 2, 3, 3, 3, 4, 12, 12, 12 ],[ 12, 2 ]);
GROU(25,12,[ 0, 2, 3, 3, 3, 3, 3, 3, 4, 4 ],[ 12, 1 ]);
GROU(25,12,[ 0, 2, 3, 3, 3, 3, 3, 3, 4, 4 ],[ 12, 2 ]);
GROU(25,12,[ 0, 2, 2, 6, 6, 6, 6, 6, 6 ],[ 12, 4 ]);
GROU(25,12,[ 0, 2, 2, 6, 6, 6, 6, 6, 6 ],[ 12, 5 ]);
GROU(25,12,[ 0, 2, 2, 4, 6, 6, 6, 6, 12 ],[ 12, 2 ]);
GROU(25,12,[ 0, 2, 2, 4, 4, 6, 6, 12, 12 ],[ 12, 2 ]);
GROU(25,12,[ 0, 2, 2, 4, 4, 4, 12, 12, 12 ],[ 12, 2 ]);
GROU(25,12,[ 0, 2, 2, 3, 6, 6, 6, 12, 12 ],[ 12, 2 ]);
GROU(25,12,[ 0, 2, 2, 3, 4, 6, 12, 12, 12 ],[ 12, 2 ]);
GROU(25,12,[ 0, 2, 2, 3, 3, 12, 12, 12, 12 ],[ 12, 2 ]);
GROU(25,12,[ 0, 2, 2, 3, 3, 3, 4, 4, 4, 4 ],[ 12, 1 ]);
GROU(25,12,[ 0, 2, 2, 3, 3, 3, 4, 4, 4, 4 ],[ 12, 2 ]);
GROU(25,12,[ 0, 2, 2, 3, 3, 3, 3, 4, 4, 6 ],[ 12, 1 ]);
GROU(25,12,[ 0, 2, 2, 3, 3, 3, 3, 4, 4, 6 ],[ 12, 2 ]);
GROU(25,12,[ 0, 2, 2, 3, 3, 3, 3, 3, 6, 6 ],[ 12, 4 ]);
GROU(25,12,[ 0, 2, 2, 3, 3, 3, 3, 3, 6, 6 ],[ 12, 5 ]);
GROU(25,12,[ 0, 2, 2, 3, 3, 3, 3, 3, 4, 12 ],[ 12, 2 ]);
GROU(25,12,[ 0, 2, 2, 2, 6, 12, 12, 12, 12 ],[ 12, 2 ]);
GROU(25,12,[ 0, 2, 2, 2, 4, 4, 4, 4, 4, 4 ],[ 12, 1 ]);
GROU(25,12,[ 0, 2, 2, 2, 3, 4, 4, 4, 4, 6 ],[ 12, 1 ]);
GROU(25,12,[ 0, 2, 2, 2, 3, 4, 4, 4, 4, 6 ],[ 12, 2 ]);
GROU(25,12,[ 0, 2, 2, 2, 3, 3, 4, 4, 6, 6 ],[ 12, 1 ]);
GROU(25,12,[ 0, 2, 2, 2, 3, 3, 4, 4, 6, 6 ],[ 12, 2 ]);
GROU(25,12,[ 0, 2, 2, 2, 3, 3, 4, 4, 4, 12 ],[ 12, 2 ]);
GROU(25,12,[ 0, 2, 2, 2, 3, 3, 3, 6, 6, 6 ],[ 12, 4 ]);
GROU(25,12,[ 0, 2, 2, 2, 3, 3, 3, 6, 6, 6 ],[ 12, 5 ]);
GROU(25,12,[ 0, 2, 2, 2, 3, 3, 3, 4, 6, 12 ],[ 12, 2 ]);
GROU(25,12,[ 0, 2, 2, 2, 3, 3, 3, 3, 12, 12 ],[ 12, 2 ]);
GROU(25,12,[ 0, 2, 2, 2, 2, 4, 4, 6, 6, 6 ],[ 12, 1 ]);
GROU(25,12,[ 0, 2, 2, 2, 2, 4, 4, 6, 6, 6 ],[ 12, 2 ]);
GROU(25,12,[ 0, 2, 2, 2, 2, 4, 4, 4, 6, 12 ],[ 12, 2 ]);
GROU(25,12,[ 0, 2, 2, 2, 2, 3, 6, 6, 6, 6 ],[ 12, 4 ]);
GROU(25,12,[ 0, 2, 2, 2, 2, 3, 6, 6, 6, 6 ],[ 12, 5 ]);
GROU(25,12,[ 0, 2, 2, 2, 2, 3, 4, 6, 6, 12 ],[ 12, 2 ]);
GROU(25,12,[ 0, 2, 2, 2, 2, 3, 4, 4, 12, 12 ],[ 12, 2 ]);
GROU(25,12,[ 0, 2, 2, 2, 2, 3, 3, 6, 12, 12 ],[ 12, 2 ]);
GROU(25,12,[ 0, 2, 2, 2, 2, 3, 3, 3, 3, 3, 3 ],[ 12, 3 ]);
GROU(25,12,[ 0, 2, 2, 2, 2, 3, 3, 3, 3, 3, 3 ],[ 12, 4 ]);
GROU(25,12,[ 0, 2, 2, 2, 2, 3, 3, 3, 3, 3, 3 ],[ 12, 5 ]);
GROU(25,12,[ 0, 2, 2, 2, 2, 2, 6, 6, 12, 12 ],[ 12, 2 ]);
GROU(25,12,[ 0, 2, 2, 2, 2, 2, 4, 12, 12, 12 ],[ 12, 2 ]);
GROU(25,12,[ 0, 2, 2, 2, 2, 2, 3, 3, 3, 4, 4 ],[ 12, 1 ]);
GROU(25,12,[ 0, 2, 2, 2, 2, 2, 3, 3, 3, 4, 4 ],[ 12, 2 ]);
GROU(25,12,[ 0, 2, 2, 2, 2, 2, 3, 3, 3, 3, 6 ],[ 12, 4 ]);
GROU(25,12,[ 0, 2, 2, 2, 2, 2, 3, 3, 3, 3, 6 ],[ 12, 5 ]);
GROU(25,12,[ 0, 2, 2, 2, 2, 2, 2, 4, 4, 4, 4 ],[ 12, 1 ]);
GROU(25,12,[ 0, 2, 2, 2, 2, 2, 2, 3, 4, 4, 6 ],[ 12, 1 ]);
GROU(25,12,[ 0, 2, 2, 2, 2, 2, 2, 3, 4, 4, 6 ],[ 12, 2 ]);
GROU(25,12,[ 0, 2, 2, 2, 2, 2, 2, 3, 3, 6, 6 ],[ 12, 4 ]);
GROU(25,12,[ 0, 2, 2, 2, 2, 2, 2, 3, 3, 6, 6 ],[ 12, 5 ]);
GROU(25,12,[ 0, 2, 2, 2, 2, 2, 2, 3, 3, 4, 12 ],[ 12, 2 ]);
GROU(25,12,[ 0, 2, 2, 2, 2, 2, 2, 2, 6, 6, 6 ],[ 12, 4 ]);
GROU(25,12,[ 0, 2, 2, 2, 2, 2, 2, 2, 6, 6, 6 ],[ 12, 5 ]);
GROU(25,12,[ 0, 2, 2, 2, 2, 2, 2, 2, 4, 6, 12 ],[ 12, 2 ]);
GROU(25,12,[ 0, 2, 2, 2, 2, 2, 2, 2, 3, 12, 12 ],[ 12, 2 ]);
GROU(25,12,[ 0, 2, 2, 2, 2, 2, 2, 2, 2, 3, 3, 3 ],[ 12, 3 ]);
GROU(25,12,[ 0, 2, 2, 2, 2, 2, 2, 2, 2, 3, 3, 3 ],[ 12, 4 ]);
GROU(25,12,[ 0, 2, 2, 2, 2, 2, 2, 2, 2, 3, 3, 3 ],[ 12, 5 ]);
SIGN(25,12,[ 0, 2, 2, 2, 2, 2, 2, 2, 2, 2, 4, 4 ],"all");
GROU(25,12,[ 0, 2, 2, 2, 2, 2, 2, 2, 2, 2, 3, 6 ],[ 12, 4 ]);
GROU(25,12,[ 0, 2, 2, 2, 2, 2, 2, 2, 2, 2, 3, 6 ],[ 12, 5 ]);
GROU(25,12,[ 0, 2, 2, 2, 2, 2, 2, 2, 2, 2, 2, 2, 2 ],[ 12, 4 ]);
GROU(25,14,[ 0, 7, 7, 14, 14, 14, 14 ],[ 14, 2 ]);
GROU(25,14,[ 0, 2, 2, 7, 7, 7, 14, 14 ],[ 14, 2 ]);
GROU(25,14,[ 0, 2, 2, 2, 2, 7, 7, 7, 7 ],[ 14, 1 ]);
GROU(25,14,[ 0, 2, 2, 2, 2, 7, 7, 7, 7 ],[ 14, 2 ]);
GROU(25,15,[ 0, 5, 5, 5, 15, 15, 15 ],[ 15, 1 ]);
GROU(25,15,[ 0, 3, 5, 15, 15, 15, 15 ],[ 15, 1 ]);
GROU(25,15,[ 0, 3, 3, 3, 5, 5, 5, 5 ],[ 15, 1 ]);
GROU(25,15,[ 0, 3, 3, 3, 3, 5, 5, 15 ],[ 15, 1 ]);
GROU(25,15,[ 0, 3, 3, 3, 3, 3, 15, 15 ],[ 15, 1 ]);
GROU(25,16,[ 0, 4, 4, 8, 8, 8, 8 ],[ 16, 5 ]);
GROU(25,16,[ 0, 4, 4, 8, 8, 8, 8 ],[ 16, 6 ]);
GROU(25,16,[ 0, 4, 4, 8, 8, 8, 8 ],[ 16, 8 ]);
GROU(25,16,[ 0, 4, 4, 8, 8, 8, 8 ],[ 16, 9 ]);
GROU(25,16,[ 0, 4, 4, 4, 8, 16, 16 ],[ 16, 1 ]);
GROU(25,16,[ 0, 2, 8, 8, 8, 16, 16 ],[ 16, 1 ]);
GROU(25,16,[ 0, 2, 4, 16, 16, 16, 16 ],[ 16, 1 ]);
GROU(25,16,[ 0, 2, 4, 4, 4, 4, 4, 4 ],[ 16, 2 ]);
GROU(25,16,[ 0, 2, 4, 4, 4, 4, 4, 4 ],[ 16, 3 ]);
GROU(25,16,[ 0, 2, 4, 4, 4, 4, 4, 4 ],[ 16, 4 ]);
GROU(25,16,[ 0, 2, 4, 4, 4, 4, 4, 4 ],[ 16, 9 ]);
GROU(25,16,[ 0, 2, 4, 4, 4, 4, 4, 4 ],[ 16, 10 ]);
GROU(25,16,[ 0, 2, 4, 4, 4, 4, 4, 4 ],[ 16, 12 ]);
GROU(25,16,[ 0, 2, 4, 4, 4, 4, 4, 4 ],[ 16, 13 ]);
GROU(25,16,[ 0, 2, 2, 4, 4, 4, 8, 8 ],[ 16, 5 ]);
GROU(25,16,[ 0, 2, 2, 4, 4, 4, 8, 8 ],[ 16, 6 ]);
GROU(25,16,[ 0, 2, 2, 4, 4, 4, 8, 8 ],[ 16, 7 ]);
GROU(25,16,[ 0, 2, 2, 4, 4, 4, 8, 8 ],[ 16, 8 ]);
GROU(25,16,[ 0, 2, 2, 4, 4, 4, 8, 8 ],[ 16, 9 ]);
GROU(25,16,[ 0, 2, 2, 2, 8, 8, 8, 8 ],[ 16, 5 ]);
GROU(25,16,[ 0, 2, 2, 2, 8, 8, 8, 8 ],[ 16, 6 ]);
GROU(25,16,[ 0, 2, 2, 2, 8, 8, 8, 8 ],[ 16, 7 ]);
GROU(25,16,[ 0, 2, 2, 2, 8, 8, 8, 8 ],[ 16, 8 ]);
GROU(25,16,[ 0, 2, 2, 2, 4, 8, 16, 16 ],[ 16, 1 ]);
GROU(25,16,[ 0, 2, 2, 2, 2, 4, 4, 4, 4 ],[ 16, 2 ]);
GROU(25,16,[ 0, 2, 2, 2, 2, 4, 4, 4, 4 ],[ 16, 3 ]);
GROU(25,16,[ 0, 2, 2, 2, 2, 4, 4, 4, 4 ],[ 16, 4 ]);
GROU(25,16,[ 0, 2, 2, 2, 2, 4, 4, 4, 4 ],[ 16, 7 ]);
GROU(25,16,[ 0, 2, 2, 2, 2, 4, 4, 4, 4 ],[ 16, 8 ]);
GROU(25,16,[ 0, 2, 2, 2, 2, 4, 4, 4, 4 ],[ 16, 9 ]);
GROU(25,16,[ 0, 2, 2, 2, 2, 4, 4, 4, 4 ],[ 16, 10 ]);
GROU(25,16,[ 0, 2, 2, 2, 2, 4, 4, 4, 4 ],[ 16, 11 ]);
GROU(25,16,[ 0, 2, 2, 2, 2, 4, 4, 4, 4 ],[ 16, 12 ]);
GROU(25,16,[ 0, 2, 2, 2, 2, 4, 4, 4, 4 ],[ 16, 13 ]);
GROU(25,16,[ 0, 2, 2, 2, 2, 2, 4, 8, 8 ],[ 16, 5 ]);
GROU(25,16,[ 0, 2, 2, 2, 2, 2, 4, 8, 8 ],[ 16, 6 ]);
GROU(25,16,[ 0, 2, 2, 2, 2, 2, 4, 8, 8 ],[ 16, 7 ]);
GROU(25,16,[ 0, 2, 2, 2, 2, 2, 4, 8, 8 ],[ 16, 8 ]);
GROU(25,16,[ 0, 2, 2, 2, 2, 2, 2, 2, 4, 4 ],[ 16, 3 ]);
GROU(25,16,[ 0, 2, 2, 2, 2, 2, 2, 2, 4, 4 ],[ 16, 7 ]);
GROU(25,16,[ 0, 2, 2, 2, 2, 2, 2, 2, 4, 4 ],[ 16, 8 ]);
GROU(25,16,[ 0, 2, 2, 2, 2, 2, 2, 2, 4, 4 ],[ 16, 10 ]);
GROU(25,16,[ 0, 2, 2, 2, 2, 2, 2, 2, 4, 4 ],[ 16, 11 ]);
GROU(25,16,[ 0, 2, 2, 2, 2, 2, 2, 2, 4, 4 ],[ 16, 13 ]);
GROU(25,16,[ 0, 2, 2, 2, 2, 2, 2, 2, 2, 2, 2 ],[ 16, 7 ]);
GROU(25,16,[ 0, 2, 2, 2, 2, 2, 2, 2, 2, 2, 2 ],[ 16, 11 ]);
GROU(25,16,[ 0, 2, 2, 2, 2, 2, 2, 2, 2, 2, 2 ],[ 16, 13 ]);
GROU(25,16,[ 0, 2, 2, 2, 2, 2, 2, 2, 2, 2, 2 ],[ 16, 14 ]);
GROU(25,18,[ 0, 9, 18, 18, 18, 18 ],[ 18, 2 ]);
GROU(25,18,[ 0, 3, 3, 6, 6, 6, 6 ],[ 18, 3 ]);
GROU(25,18,[ 0, 3, 3, 6, 6, 6, 6 ],[ 18, 5 ]);
GROU(25,18,[ 0, 3, 3, 3, 6, 9, 18 ],[ 18, 2 ]);
GROU(25,18,[ 0, 2, 6, 6, 6, 6, 6 ],[ 18, 3 ]);
GROU(25,18,[ 0, 2, 6, 6, 6, 6, 6 ],[ 18, 5 ]);
GROU(25,18,[ 0, 2, 3, 6, 9, 9, 9 ],[ 18, 2 ]);
GROU(25,18,[ 0, 2, 3, 6, 6, 9, 18 ],[ 18, 2 ]);
GROU(25,18,[ 0, 2, 3, 3, 18, 18, 18 ],[ 18, 2 ]);
GROU(25,18,[ 0, 2, 3, 3, 3, 3, 3, 6 ],[ 18, 3 ]);
GROU(25,18,[ 0, 2, 3, 3, 3, 3, 3, 6 ],[ 18, 5 ]);
GROU(25,18,[ 0, 2, 2, 9, 9, 18, 18 ],[ 18, 2 ]);
GROU(25,18,[ 0, 2, 2, 6, 18, 18, 18 ],[ 18, 2 ]);
GROU(25,18,[ 0, 2, 2, 3, 3, 3, 6, 6 ],[ 18, 3 ]);
GROU(25,18,[ 0, 2, 2, 3, 3, 3, 6, 6 ],[ 18, 5 ]);
GROU(25,18,[ 0, 2, 2, 2, 3, 6, 6, 6 ],[ 18, 3 ]);
GROU(25,18,[ 0, 2, 2, 2, 3, 6, 6, 6 ],[ 18, 5 ]);
GROU(25,18,[ 0, 2, 2, 2, 3, 3, 9, 18 ],[ 18, 2 ]);
GROU(25,18,[ 0, 2, 2, 2, 2, 9, 9, 9 ],[ 18, 1 ]);
GROU(25,18,[ 0, 2, 2, 2, 2, 9, 9, 9 ],[ 18, 2 ]);
GROU(25,18,[ 0, 2, 2, 2, 2, 6, 9, 18 ],[ 18, 2 ]);
GROU(25,18,[ 0, 2, 2, 2, 2, 3, 3, 3, 3 ],[ 18, 1 ]);
GROU(25,18,[ 0, 2, 2, 2, 2, 3, 3, 3, 3 ],[ 18, 3 ]);
GROU(25,18,[ 0, 2, 2, 2, 2, 3, 3, 3, 3 ],[ 18, 4 ]);
GROU(25,18,[ 0, 2, 2, 2, 2, 3, 3, 3, 3 ],[ 18, 5 ]);
GROU(25,18,[ 0, 2, 2, 2, 2, 2, 3, 3, 6 ],[ 18, 3 ]);
GROU(25,18,[ 0, 2, 2, 2, 2, 2, 3, 3, 6 ],[ 18, 5 ]);
GROU(25,18,[ 0, 2, 2, 2, 2, 2, 2, 6, 6 ],[ 18, 3 ]);
GROU(25,18,[ 0, 2, 2, 2, 2, 2, 2, 2, 2, 3 ],[ 18, 1 ]);
GROU(25,18,[ 0, 2, 2, 2, 2, 2, 2, 2, 2, 3 ],[ 18, 4 ]);
GROU(25,20,[ 0, 5, 10, 10, 10, 10 ],[ 20, 5 ]);
GROU(25,20,[ 0, 5, 5, 10, 20, 20 ],[ 20, 2 ]);
GROU(25,20,[ 0, 4, 10, 10, 10, 20 ],[ 20, 2 ]);
GROU(25,20,[ 0, 4, 5, 20, 20, 20 ],[ 20, 2 ]);
GROU(25,20,[ 0, 2, 4, 4, 5, 5, 5 ],[ 20, 1 ]);
GROU(25,20,[ 0, 2, 4, 4, 5, 5, 5 ],[ 20, 2 ]);
GROU(25,20,[ 0, 2, 4, 4, 5, 5, 5 ],[ 20, 3 ]);
GROU(25,20,[ 0, 2, 4, 4, 4, 4, 10 ],[ 20, 1 ]);
GROU(25,20,[ 0, 2, 2, 5, 5, 10, 10 ],[ 20, 4 ]);
GROU(25,20,[ 0, 2, 2, 5, 5, 10, 10 ],[ 20, 5 ]);
GROU(25,20,[ 0, 2, 2, 4, 5, 10, 20 ],[ 20, 2 ]);
GROU(25,20,[ 0, 2, 2, 4, 4, 20, 20 ],[ 20, 2 ]);
GROU(25,20,[ 0, 2, 2, 2, 2, 5, 5, 5 ],[ 20, 4 ]);
GROU(25,20,[ 0, 2, 2, 2, 2, 5, 5, 5 ],[ 20, 5 ]);
GROU(25,20,[ 0, 2, 2, 2, 2, 4, 4, 10 ],[ 20, 1 ]);
GROU(25,20,[ 0, 2, 2, 2, 2, 2, 20, 20 ],[ 20, 2 ]);
GROU(25,20,[ 0, 2, 2, 2, 2, 2, 2, 2, 10 ],[ 20, 4 ]);
GROU(25,21,[ 0, 3, 7, 7, 21, 21 ],[ 21, 2 ]);
GROU(25,22,[ 0, 2, 11, 11, 11, 22 ],[ 22, 2 ]);
GROU(25,24,[ 0, 4, 4, 6, 6, 6 ],[ 24, 3 ]);
GROU(25,24,[ 0, 4, 4, 6, 6, 6 ],[ 24, 7 ]);
GROU(25,24,[ 0, 4, 4, 6, 6, 6 ],[ 24, 8 ]);
GROU(25,24,[ 0, 4, 4, 6, 6, 6 ],[ 24, 9 ]);
GROU(25,24,[ 0, 4, 4, 6, 6, 6 ],[ 24, 10 ]);
SIGN(25,24,[ 0, 4, 4, 4, 8, 8 ],"all");
GROU(25,24,[ 0, 4, 4, 4, 6, 12 ],[ 24, 4 ]);
GROU(25,24,[ 0, 4, 4, 4, 6, 12 ],[ 24, 5 ]);
GROU(25,24,[ 0, 4, 4, 4, 6, 12 ],[ 24, 9 ]);
GROU(25,24,[ 0, 4, 4, 4, 6, 12 ],[ 24, 11 ]);
GROU(25,24,[ 0, 3, 6, 6, 6, 6 ],[ 24, 3 ]);
GROU(25,24,[ 0, 3, 6, 6, 6, 6 ],[ 24, 10 ]);
GROU(25,24,[ 0, 3, 6, 6, 6, 6 ],[ 24, 13 ]);
GROU(25,24,[ 0, 3, 6, 6, 6, 6 ],[ 24, 15 ]);
GROU(25,24,[ 0, 3, 4, 6, 8, 8 ],[ 24, 1 ]);
GROU(25,24,[ 0, 3, 4, 6, 8, 8 ],[ 24, 2 ]);
GROU(25,24,[ 0, 3, 4, 6, 6, 12 ],[ 24, 9 ]);
GROU(25,24,[ 0, 3, 4, 6, 6, 12 ],[ 24, 10 ]);
GROU(25,24,[ 0, 3, 4, 4, 12, 12 ],[ 24, 4 ]);
GROU(25,24,[ 0, 3, 4, 4, 12, 12 ],[ 24, 5 ]);
GROU(25,24,[ 0, 3, 4, 4, 12, 12 ],[ 24, 9 ]);
GROU(25,24,[ 0, 3, 4, 4, 12, 12 ],[ 24, 11 ]);
GROU(25,24,[ 0, 3, 4, 4, 8, 24 ],[ 24, 2 ]);
GROU(25,24,[ 0, 3, 3, 8, 8, 12 ],[ 24, 1 ]);
GROU(25,24,[ 0, 3, 3, 8, 8, 12 ],[ 24, 2 ]);
GROU(25,24,[ 0, 3, 3, 6, 12, 12 ],[ 24, 9 ]);
GROU(25,24,[ 0, 3, 3, 6, 8, 24 ],[ 24, 2 ]);
GROU(25,24,[ 0, 3, 3, 4, 24, 24 ],[ 24, 2 ]);
GROU(25,24,[ 0, 3, 3, 3, 3, 3, 3 ],[ 24, 3 ]);
GROU(25,24,[ 0, 2, 8, 8, 8, 8 ],[ 24, 1 ]);
GROU(25,24,[ 0, 2, 6, 8, 8, 12 ],[ 24, 1 ]);
GROU(25,24,[ 0, 2, 6, 8, 8, 12 ],[ 24, 2 ]);
GROU(25,24,[ 0, 2, 6, 6, 12, 12 ],[ 24, 9 ]);
GROU(25,24,[ 0, 2, 6, 6, 12, 12 ],[ 24, 10 ]);
GROU(25,24,[ 0, 2, 6, 6, 8, 24 ],[ 24, 2 ]);
GROU(25,24,[ 0, 2, 4, 12, 12, 12 ],[ 24, 5 ]);
GROU(25,24,[ 0, 2, 4, 12, 12, 12 ],[ 24, 9 ]);
GROU(25,24,[ 0, 2, 4, 12, 12, 12 ],[ 24, 11 ]);
GROU(25,24,[ 0, 2, 4, 8, 12, 24 ],[ 24, 2 ]);
GROU(25,24,[ 0, 2, 4, 6, 24, 24 ],[ 24, 2 ]);
GROU(25,24,[ 0, 2, 3, 12, 24, 24 ],[ 24, 2 ]);
GROU(25,24,[ 0, 2, 3, 3, 3, 4, 4 ],[ 24, 3 ]);
GROU(25,24,[ 0, 2, 3, 3, 3, 4, 4 ],[ 24, 5 ]);
GROU(25,24,[ 0, 2, 3, 3, 3, 4, 4 ],[ 24, 7 ]);
GROU(25,24,[ 0, 2, 3, 3, 3, 4, 4 ],[ 24, 9 ]);
GROU(25,24,[ 0, 2, 3, 3, 3, 4, 4 ],[ 24, 12 ]);
GROU(25,24,[ 0, 2, 3, 3, 3, 3, 6 ],[ 24, 3 ]);
GROU(25,24,[ 0, 2, 3, 3, 3, 3, 6 ],[ 24, 13 ]);
GROU(25,24,[ 0, 2, 2, 4, 4, 4, 4 ],[ 24, 4 ]);
GROU(25,24,[ 0, 2, 2, 4, 4, 4, 4 ],[ 24, 5 ]);
GROU(25,24,[ 0, 2, 2, 4, 4, 4, 4 ],[ 24, 7 ]);
GROU(25,24,[ 0, 2, 2, 4, 4, 4, 4 ],[ 24, 8 ]);
GROU(25,24,[ 0, 2, 2, 4, 4, 4, 4 ],[ 24, 12 ]);
GROU(25,24,[ 0, 2, 2, 3, 4, 4, 6 ],[ 24, 3 ]);
GROU(25,24,[ 0, 2, 2, 3, 4, 4, 6 ],[ 24, 5 ]);
GROU(25,24,[ 0, 2, 2, 3, 4, 4, 6 ],[ 24, 6 ]);
GROU(25,24,[ 0, 2, 2, 3, 4, 4, 6 ],[ 24, 7 ]);
GROU(25,24,[ 0, 2, 2, 3, 4, 4, 6 ],[ 24, 8 ]);
GROU(25,24,[ 0, 2, 2, 3, 4, 4, 6 ],[ 24, 9 ]);
GROU(25,24,[ 0, 2, 2, 3, 4, 4, 6 ],[ 24, 10 ]);
GROU(25,24,[ 0, 2, 2, 3, 3, 6, 6 ],[ 24, 3 ]);
GROU(25,24,[ 0, 2, 2, 3, 3, 6, 6 ],[ 24, 8 ]);
GROU(25,24,[ 0, 2, 2, 3, 3, 6, 6 ],[ 24, 10 ]);
GROU(25,24,[ 0, 2, 2, 3, 3, 6, 6 ],[ 24, 13 ]);
GROU(25,24,[ 0, 2, 2, 3, 3, 6, 6 ],[ 24, 14 ]);
GROU(25,24,[ 0, 2, 2, 3, 3, 6, 6 ],[ 24, 15 ]);
GROU(25,24,[ 0, 2, 2, 3, 3, 4, 12 ],[ 24, 5 ]);
GROU(25,24,[ 0, 2, 2, 3, 3, 4, 12 ],[ 24, 6 ]);
GROU(25,24,[ 0, 2, 2, 3, 3, 4, 12 ],[ 24, 9 ]);
GROU(25,24,[ 0, 2, 2, 3, 3, 4, 12 ],[ 24, 10 ]);
GROU(25,24,[ 0, 2, 2, 2, 6, 6, 6 ],[ 24, 8 ]);
GROU(25,24,[ 0, 2, 2, 2, 6, 6, 6 ],[ 24, 10 ]);
GROU(25,24,[ 0, 2, 2, 2, 6, 6, 6 ],[ 24, 13 ]);
GROU(25,24,[ 0, 2, 2, 2, 6, 6, 6 ],[ 24, 14 ]);
GROU(25,24,[ 0, 2, 2, 2, 6, 6, 6 ],[ 24, 15 ]);
SIGN(25,24,[ 0, 2, 2, 2, 4, 8, 8 ],"all");
GROU(25,24,[ 0, 2, 2, 2, 4, 6, 12 ],[ 24, 5 ]);
GROU(25,24,[ 0, 2, 2, 2, 4, 6, 12 ],[ 24, 6 ]);
GROU(25,24,[ 0, 2, 2, 2, 4, 6, 12 ],[ 24, 9 ]);
GROU(25,24,[ 0, 2, 2, 2, 4, 6, 12 ],[ 24, 10 ]);
GROU(25,24,[ 0, 2, 2, 2, 3, 12, 12 ],[ 24, 5 ]);
GROU(25,24,[ 0, 2, 2, 2, 3, 12, 12 ],[ 24, 6 ]);
GROU(25,24,[ 0, 2, 2, 2, 3, 12, 12 ],[ 24, 9 ]);
GROU(25,24,[ 0, 2, 2, 2, 3, 12, 12 ],[ 24, 10 ]);
GROU(25,24,[ 0, 2, 2, 2, 3, 8, 24 ],[ 24, 2 ]);
GROU(25,24,[ 0, 2, 2, 2, 2, 3, 3, 3 ],[ 24, 6 ]);
GROU(25,24,[ 0, 2, 2, 2, 2, 3, 3, 3 ],[ 24, 8 ]);
GROU(25,24,[ 0, 2, 2, 2, 2, 3, 3, 3 ],[ 24, 10 ]);
GROU(25,24,[ 0, 2, 2, 2, 2, 3, 3, 3 ],[ 24, 12 ]);
GROU(25,24,[ 0, 2, 2, 2, 2, 3, 3, 3 ],[ 24, 13 ]);
GROU(25,24,[ 0, 2, 2, 2, 2, 3, 3, 3 ],[ 24, 14 ]);
GROU(25,24,[ 0, 2, 2, 2, 2, 3, 3, 3 ],[ 24, 15 ]);
GROU(25,24,[ 0, 2, 2, 2, 2, 2, 4, 4 ],[ 24, 5 ]);
GROU(25,24,[ 0, 2, 2, 2, 2, 2, 4, 4 ],[ 24, 6 ]);
GROU(25,24,[ 0, 2, 2, 2, 2, 2, 4, 4 ],[ 24, 8 ]);
GROU(25,24,[ 0, 2, 2, 2, 2, 2, 4, 4 ],[ 24, 12 ]);
GROU(25,24,[ 0, 2, 2, 2, 2, 2, 3, 6 ],[ 24, 6 ]);
GROU(25,24,[ 0, 2, 2, 2, 2, 2, 3, 6 ],[ 24, 8 ]);
GROU(25,24,[ 0, 2, 2, 2, 2, 2, 3, 6 ],[ 24, 10 ]);
GROU(25,24,[ 0, 2, 2, 2, 2, 2, 3, 6 ],[ 24, 13 ]);
GROU(25,24,[ 0, 2, 2, 2, 2, 2, 3, 6 ],[ 24, 14 ]);
GROU(25,24,[ 0, 2, 2, 2, 2, 2, 3, 6 ],[ 24, 15 ]);
GROU(25,24,[ 0, 2, 2, 2, 2, 2, 2, 2, 2 ],[ 24, 6 ]);
GROU(25,24,[ 0, 2, 2, 2, 2, 2, 2, 2, 2 ],[ 24, 8 ]);
GROU(25,24,[ 0, 2, 2, 2, 2, 2, 2, 2, 2 ],[ 24, 12 ]);
GROU(25,24,[ 0, 2, 2, 2, 2, 2, 2, 2, 2 ],[ 24, 14 ]);
GROU(25,26,[ 0, 26, 26, 26, 26 ],[ 26, 2 ]);
GROU(25,26,[ 0, 2, 2, 13, 26, 26 ],[ 26, 2 ]);
GROU(25,26,[ 0, 2, 2, 2, 2, 13, 13 ],[ 26, 1 ]);
GROU(25,26,[ 0, 2, 2, 2, 2, 13, 13 ],[ 26, 2 ]);
GROU(25,27,[ 0, 9, 27, 27, 27 ],[ 27, 1 ]);
GROU(25,27,[ 0, 3, 3, 3, 9, 9 ],[ 27, 2 ]);
GROU(25,27,[ 0, 3, 3, 3, 9, 9 ],[ 27, 4 ]);
GROU(25,28,[ 0, 14, 14, 14, 14 ],[ 28, 4 ]);
GROU(25,28,[ 0, 7, 14, 28, 28 ],[ 28, 2 ]);
GROU(25,28,[ 0, 2, 4, 4, 7, 7 ],[ 28, 1 ]);
GROU(25,28,[ 0, 2, 4, 4, 7, 7 ],[ 28, 2 ]);
GROU(25,28,[ 0, 2, 2, 7, 14, 14 ],[ 28, 3 ]);
GROU(25,28,[ 0, 2, 2, 7, 14, 14 ],[ 28, 4 ]);
GROU(25,28,[ 0, 2, 2, 2, 2, 7, 7 ],[ 28, 3 ]);
GROU(25,28,[ 0, 2, 2, 2, 2, 7, 7 ],[ 28, 4 ]);
GROU(25,30,[ 0, 10, 10, 10, 10 ],[ 30, 1 ]);
GROU(25,30,[ 0, 6, 10, 15, 15 ],[ 30, 4 ]);
GROU(25,30,[ 0, 6, 10, 10, 30 ],[ 30, 4 ]);
GROU(25,30,[ 0, 6, 6, 30, 30 ],[ 30, 4 ]);
GROU(25,30,[ 0, 5, 10, 15, 30 ],[ 30, 4 ]);
GROU(25,30,[ 0, 2, 3, 5, 5, 6 ],[ 30, 2 ]);
GROU(25,30,[ 0, 2, 3, 5, 5, 6 ],[ 30, 4 ]);
GROU(25,30,[ 0, 2, 3, 3, 6, 15 ],[ 30, 2 ]);
GROU(25,30,[ 0, 2, 3, 3, 5, 30 ],[ 30, 4 ]);
GROU(25,30,[ 0, 2, 2, 6, 6, 15 ],[ 30, 2 ]);
GROU(25,30,[ 0, 2, 2, 5, 10, 10 ],[ 30, 1 ]);
GROU(25,30,[ 0, 2, 2, 5, 6, 30 ],[ 30, 4 ]);
GROU(25,30,[ 0, 2, 2, 3, 30, 30 ],[ 30, 4 ]);
GROU(25,30,[ 0, 2, 2, 2, 2, 5, 5 ],[ 30, 1 ]);
GROU(25,30,[ 0, 2, 2, 2, 2, 5, 5 ],[ 30, 3 ]);
GROU(25,30,[ 0, 2, 2, 2, 2, 3, 15 ],[ 30, 2 ]);
GROU(25,30,[ 0, 2, 2, 2, 2, 3, 15 ],[ 30, 3 ]);
GROU(25,32,[ 0, 8, 8, 8, 8 ],[ 32, 3 ]);
GROU(25,32,[ 0, 8, 8, 8, 8 ],[ 32, 4 ]);
GROU(25,32,[ 0, 8, 8, 8, 8 ],[ 32, 5 ]);
GROU(25,32,[ 0, 8, 8, 8, 8 ],[ 32, 7 ]);
GROU(25,32,[ 0, 8, 8, 8, 8 ],[ 32, 8 ]);
GROU(25,32,[ 0, 8, 8, 8, 8 ],[ 32, 12 ]);
GROU(25,32,[ 0, 8, 8, 8, 8 ],[ 32, 15 ]);
GROU(25,32,[ 0, 8, 8, 8, 8 ],[ 32, 36 ]);
GROU(25,32,[ 0, 8, 8, 8, 8 ],[ 32, 37 ]);
GROU(25,32,[ 0, 8, 8, 8, 8 ],[ 32, 38 ]);
GROU(25,32,[ 0, 4, 8, 16, 16 ],[ 32, 16 ]);
GROU(25,32,[ 0, 4, 8, 16, 16 ],[ 32, 17 ]);
GROU(25,32,[ 0, 2, 4, 4, 4, 4 ],[ 32, 2 ]);
GROU(25,32,[ 0, 2, 4, 4, 4, 4 ],[ 32, 6 ]);
GROU(25,32,[ 0, 2, 4, 4, 4, 4 ],[ 32, 10 ]);
GROU(25,32,[ 0, 2, 4, 4, 4, 4 ],[ 32, 11 ]);
GROU(25,32,[ 0, 2, 4, 4, 4, 4 ],[ 32, 13 ]);
GROU(25,32,[ 0, 2, 4, 4, 4, 4 ],[ 32, 14 ]);
GROU(25,32,[ 0, 2, 4, 4, 4, 4 ],[ 32, 20 ]);
GROU(25,32,[ 0, 2, 4, 4, 4, 4 ],[ 32, 21 ]);
GROU(25,32,[ 0, 2, 4, 4, 4, 4 ],[ 32, 22 ]);
GROU(25,32,[ 0, 2, 4, 4, 4, 4 ],[ 32, 23 ]);
GROU(25,32,[ 0, 2, 4, 4, 4, 4 ],[ 32, 24 ]);
GROU(25,32,[ 0, 2, 4, 4, 4, 4 ],[ 32, 25 ]);
GROU(25,32,[ 0, 2, 4, 4, 4, 4 ],[ 32, 26 ]);
GROU(25,32,[ 0, 2, 4, 4, 4, 4 ],[ 32, 27 ]);
GROU(25,32,[ 0, 2, 4, 4, 4, 4 ],[ 32, 28 ]);
GROU(25,32,[ 0, 2, 4, 4, 4, 4 ],[ 32, 29 ]);
GROU(25,32,[ 0, 2, 4, 4, 4, 4 ],[ 32, 30 ]);
GROU(25,32,[ 0, 2, 4, 4, 4, 4 ],[ 32, 31 ]);
GROU(25,32,[ 0, 2, 4, 4, 4, 4 ],[ 32, 32 ]);
GROU(25,32,[ 0, 2, 4, 4, 4, 4 ],[ 32, 33 ]);
GROU(25,32,[ 0, 2, 4, 4, 4, 4 ],[ 32, 35 ]);
GROU(25,32,[ 0, 2, 4, 4, 4, 4 ],[ 32, 41 ]);
GROU(25,32,[ 0, 2, 4, 4, 4, 4 ],[ 32, 42 ]);
GROU(25,32,[ 0, 2, 4, 4, 4, 4 ],[ 32, 44 ]);
GROU(25,32,[ 0, 2, 4, 4, 4, 4 ],[ 32, 45 ]);
GROU(25,32,[ 0, 2, 4, 4, 4, 4 ],[ 32, 47 ]);
GROU(25,32,[ 0, 2, 4, 4, 4, 4 ],[ 32, 48 ]);
GROU(25,32,[ 0, 2, 4, 4, 4, 4 ],[ 32, 49 ]);
GROU(25,32,[ 0, 2, 4, 4, 4, 4 ],[ 32, 50 ]);
GROU(25,32,[ 0, 2, 2, 4, 8, 8 ],[ 32, 3 ]);
GROU(25,32,[ 0, 2, 2, 4, 8, 8 ],[ 32, 4 ]);
GROU(25,32,[ 0, 2, 2, 4, 8, 8 ],[ 32, 5 ]);
GROU(25,32,[ 0, 2, 2, 4, 8, 8 ],[ 32, 7 ]);
GROU(25,32,[ 0, 2, 2, 4, 8, 8 ],[ 32, 8 ]);
GROU(25,32,[ 0, 2, 2, 4, 8, 8 ],[ 32, 9 ]);
GROU(25,32,[ 0, 2, 2, 4, 8, 8 ],[ 32, 11 ]);
GROU(25,32,[ 0, 2, 2, 4, 8, 8 ],[ 32, 12 ]);
GROU(25,32,[ 0, 2, 2, 4, 8, 8 ],[ 32, 36 ]);
GROU(25,32,[ 0, 2, 2, 4, 8, 8 ],[ 32, 37 ]);
GROU(25,32,[ 0, 2, 2, 4, 8, 8 ],[ 32, 38 ]);
GROU(25,32,[ 0, 2, 2, 4, 8, 8 ],[ 32, 39 ]);
GROU(25,32,[ 0, 2, 2, 4, 8, 8 ],[ 32, 40 ]);
GROU(25,32,[ 0, 2, 2, 4, 8, 8 ],[ 32, 42 ]);
GROU(25,32,[ 0, 2, 2, 4, 8, 8 ],[ 32, 43 ]);
GROU(25,32,[ 0, 2, 2, 4, 8, 8 ],[ 32, 44 ]);
GROU(25,32,[ 0, 2, 2, 2, 2, 4, 4 ],[ 32, 6 ]);
GROU(25,32,[ 0, 2, 2, 2, 2, 4, 4 ],[ 32, 9 ]);
GROU(25,32,[ 0, 2, 2, 2, 2, 4, 4 ],[ 32, 11 ]);
GROU(25,32,[ 0, 2, 2, 2, 2, 4, 4 ],[ 32, 18 ]);
GROU(25,32,[ 0, 2, 2, 2, 2, 4, 4 ],[ 32, 19 ]);
GROU(25,32,[ 0, 2, 2, 2, 2, 4, 4 ],[ 32, 22 ]);
GROU(25,32,[ 0, 2, 2, 2, 2, 4, 4 ],[ 32, 25 ]);
GROU(25,32,[ 0, 2, 2, 2, 2, 4, 4 ],[ 32, 27 ]);
GROU(25,32,[ 0, 2, 2, 2, 2, 4, 4 ],[ 32, 28 ]);
GROU(25,32,[ 0, 2, 2, 2, 2, 4, 4 ],[ 32, 30 ]);
GROU(25,32,[ 0, 2, 2, 2, 2, 4, 4 ],[ 32, 31 ]);
GROU(25,32,[ 0, 2, 2, 2, 2, 4, 4 ],[ 32, 34 ]);
GROU(25,32,[ 0, 2, 2, 2, 2, 4, 4 ],[ 32, 39 ]);
GROU(25,32,[ 0, 2, 2, 2, 2, 4, 4 ],[ 32, 40 ]);
GROU(25,32,[ 0, 2, 2, 2, 2, 4, 4 ],[ 32, 42 ]);
GROU(25,32,[ 0, 2, 2, 2, 2, 4, 4 ],[ 32, 43 ]);
GROU(25,32,[ 0, 2, 2, 2, 2, 4, 4 ],[ 32, 44 ]);
GROU(25,32,[ 0, 2, 2, 2, 2, 4, 4 ],[ 32, 45 ]);
GROU(25,32,[ 0, 2, 2, 2, 2, 4, 4 ],[ 32, 46 ]);
GROU(25,32,[ 0, 2, 2, 2, 2, 4, 4 ],[ 32, 48 ]);
GROU(25,32,[ 0, 2, 2, 2, 2, 4, 4 ],[ 32, 49 ]);
GROU(25,32,[ 0, 2, 2, 2, 2, 4, 4 ],[ 32, 50 ]);
GROU(25,32,[ 0, 2, 2, 2, 2, 2, 2, 2 ],[ 32, 18 ]);
GROU(25,32,[ 0, 2, 2, 2, 2, 2, 2, 2 ],[ 32, 27 ]);
GROU(25,32,[ 0, 2, 2, 2, 2, 2, 2, 2 ],[ 32, 28 ]);
GROU(25,32,[ 0, 2, 2, 2, 2, 2, 2, 2 ],[ 32, 34 ]);
GROU(25,32,[ 0, 2, 2, 2, 2, 2, 2, 2 ],[ 32, 39 ]);
GROU(25,32,[ 0, 2, 2, 2, 2, 2, 2, 2 ],[ 32, 42 ]);
GROU(25,32,[ 0, 2, 2, 2, 2, 2, 2, 2 ],[ 32, 43 ]);
GROU(25,32,[ 0, 2, 2, 2, 2, 2, 2, 2 ],[ 32, 46 ]);
GROU(25,32,[ 0, 2, 2, 2, 2, 2, 2, 2 ],[ 32, 48 ]);
GROU(25,32,[ 0, 2, 2, 2, 2, 2, 2, 2 ],[ 32, 49 ]);
GROU(25,32,[ 0, 2, 2, 2, 2, 2, 2, 2 ],[ 32, 50 ]);
GROU(25,32,[ 0, 2, 2, 2, 2, 2, 2, 2 ],[ 32, 51 ]);
GROU(25,33,[ 0, 3, 11, 11, 33 ],[ 33, 1 ]);
GROU(25,34,[ 0, 2, 34, 34, 34 ],[ 34, 2 ]);
GROU(25,34,[ 0, 2, 2, 2, 17, 34 ],[ 34, 2 ]);
GROU(25,36,[ 0, 6, 6, 6, 6 ],[ 36, 10 ]);
GROU(25,36,[ 0, 6, 6, 6, 6 ],[ 36, 12 ]);
GROU(25,36,[ 0, 6, 6, 6, 6 ],[ 36, 14 ]);
GROU(25,36,[ 0, 4, 6, 6, 12 ],[ 36, 6 ]);
GROU(25,36,[ 0, 4, 6, 6, 12 ],[ 36, 8 ]);
GROU(25,36,[ 0, 4, 4, 12, 12 ],[ 36, 6 ]);
GROU(25,36,[ 0, 4, 4, 9, 18 ],[ 36, 1 ]);
GROU(25,36,[ 0, 4, 4, 9, 18 ],[ 36, 2 ]);
GROU(25,36,[ 0, 3, 9, 9, 9 ],[ 36, 3 ]);
GROU(25,36,[ 0, 3, 6, 12, 12 ],[ 36, 6 ]);
GROU(25,36,[ 0, 3, 6, 12, 12 ],[ 36, 8 ]);
GROU(25,36,[ 0, 3, 4, 18, 36 ],[ 36, 2 ]);
GROU(25,36,[ 0, 3, 3, 3, 3, 3 ],[ 36, 11 ]);
GROU(25,36,[ 0, 2, 18, 18, 18 ],[ 36, 5 ]);
GROU(25,36,[ 0, 2, 12, 18, 36 ],[ 36, 2 ]);
GROU(25,36,[ 0, 2, 9, 36, 36 ],[ 36, 2 ]);
GROU(25,36,[ 0, 2, 3, 3, 4, 4 ],[ 36, 6 ]);
GROU(25,36,[ 0, 2, 3, 3, 4, 4 ],[ 36, 7 ]);
GROU(25,36,[ 0, 2, 3, 3, 4, 4 ],[ 36, 9 ]);
GROU(25,36,[ 0, 2, 3, 3, 3, 6 ],[ 36, 11 ]);
SIGN(25,36,[ 0, 2, 2, 4, 4, 6 ],"all");
GROU(25,36,[ 0, 2, 2, 3, 6, 6 ],[ 36, 10 ]);
GROU(25,36,[ 0, 2, 2, 3, 6, 6 ],[ 36, 12 ]);
GROU(25,36,[ 0, 2, 2, 3, 6, 6 ],[ 36, 13 ]);
GROU(25,36,[ 0, 2, 2, 3, 6, 6 ],[ 36, 14 ]);
GROU(25,36,[ 0, 2, 2, 3, 4, 12 ],[ 36, 6 ]);
SIGN(25,36,[ 0, 2, 2, 2, 12, 12 ],"all");
GROU(25,36,[ 0, 2, 2, 2, 9, 18 ],[ 36, 4 ]);
GROU(25,36,[ 0, 2, 2, 2, 9, 18 ],[ 36, 5 ]);
GROU(25,36,[ 0, 2, 2, 2, 2, 3, 3 ],[ 36, 4 ]);
GROU(25,36,[ 0, 2, 2, 2, 2, 3, 3 ],[ 36, 10 ]);
GROU(25,36,[ 0, 2, 2, 2, 2, 3, 3 ],[ 36, 12 ]);
GROU(25,36,[ 0, 2, 2, 2, 2, 3, 3 ],[ 36, 13 ]);
GROU(25,36,[ 0, 2, 2, 2, 2, 2, 6 ],[ 36, 4 ]);
GROU(25,36,[ 0, 2, 2, 2, 2, 2, 6 ],[ 36, 10 ]);
GROU(25,36,[ 0, 2, 2, 2, 2, 2, 6 ],[ 36, 13 ]);
GROU(25,39,[ 0, 3, 3, 13, 39 ],[ 39, 2 ]);
GROU(25,40,[ 0, 4, 4, 5, 10 ],[ 40, 7 ]);
GROU(25,40,[ 0, 4, 4, 5, 10 ],[ 40, 9 ]);
GROU(25,40,[ 0, 4, 4, 5, 10 ],[ 40, 12 ]);
GROU(25,40,[ 0, 4, 4, 4, 20 ],[ 40, 4 ]);
GROU(25,40,[ 0, 4, 4, 4, 20 ],[ 40, 5 ]);
GROU(25,40,[ 0, 2, 10, 10, 10 ],[ 40, 10 ]);
GROU(25,40,[ 0, 2, 10, 10, 10 ],[ 40, 14 ]);
GROU(25,40,[ 0, 2, 8, 8, 20 ],[ 40, 1 ]);
GROU(25,40,[ 0, 2, 5, 20, 20 ],[ 40, 9 ]);
GROU(25,40,[ 0, 2, 4, 40, 40 ],[ 40, 2 ]);
GROU(25,40,[ 0, 2, 2, 2, 5, 10 ],[ 40, 8 ]);
GROU(25,40,[ 0, 2, 2, 2, 5, 10 ],[ 40, 10 ]);
GROU(25,40,[ 0, 2, 2, 2, 5, 10 ],[ 40, 13 ]);
GROU(25,40,[ 0, 2, 2, 2, 5, 10 ],[ 40, 14 ]);
GROU(25,40,[ 0, 2, 2, 2, 4, 20 ],[ 40, 5 ]);
GROU(25,40,[ 0, 2, 2, 2, 4, 20 ],[ 40, 6 ]);
GROU(25,42,[ 0, 2, 6, 7, 21 ],[ 42, 4 ]);
GROU(25,42,[ 0, 2, 6, 7, 21 ],[ 42, 6 ]);
GROU(25,45,[ 0, 3, 3, 5, 15 ],[ 45, 2 ]);
GROU(25,48,[ 0, 4, 4, 4, 4 ],[ 48, 8 ]);
GROU(25,48,[ 0, 4, 4, 4, 4 ],[ 48, 11 ]);
GROU(25,48,[ 0, 4, 4, 4, 4 ],[ 48, 12 ]);
GROU(25,48,[ 0, 4, 4, 4, 4 ],[ 48, 13 ]);
GROU(25,48,[ 0, 4, 4, 4, 4 ],[ 48, 19 ]);
GROU(25,48,[ 0, 4, 4, 4, 4 ],[ 48, 30 ]);
GROU(25,48,[ 0, 4, 4, 4, 4 ],[ 48, 34 ]);
GROU(25,48,[ 0, 4, 4, 4, 4 ],[ 48, 42 ]);
GROU(25,48,[ 0, 4, 4, 4, 4 ],[ 48, 48 ]);
GROU(25,48,[ 0, 3, 4, 4, 6 ],[ 48, 19 ]);
GROU(25,48,[ 0, 3, 4, 4, 6 ],[ 48, 21 ]);
GROU(25,48,[ 0, 3, 4, 4, 6 ],[ 48, 28 ]);
GROU(25,48,[ 0, 3, 4, 4, 6 ],[ 48, 30 ]);
GROU(25,48,[ 0, 3, 4, 4, 6 ],[ 48, 31 ]);
GROU(25,48,[ 0, 3, 4, 4, 6 ],[ 48, 32 ]);
GROU(25,48,[ 0, 3, 4, 4, 6 ],[ 48, 48 ]);
GROU(25,48,[ 0, 3, 3, 6, 6 ],[ 48, 32 ]);
GROU(25,48,[ 0, 3, 3, 4, 12 ],[ 48, 31 ]);
GROU(25,48,[ 0, 3, 3, 4, 12 ],[ 48, 33 ]);
GROU(25,48,[ 0, 2, 6, 6, 6 ],[ 48, 25 ]);
GROU(25,48,[ 0, 2, 6, 6, 6 ],[ 48, 32 ]);
GROU(25,48,[ 0, 2, 6, 6, 6 ],[ 48, 45 ]);
GROU(25,48,[ 0, 2, 6, 6, 6 ],[ 48, 49 ]);
GROU(25,48,[ 0, 2, 4, 8, 8 ],[ 48, 4 ]);
GROU(25,48,[ 0, 2, 4, 8, 8 ],[ 48, 5 ]);
GROU(25,48,[ 0, 2, 4, 6, 12 ],[ 48, 14 ]);
GROU(25,48,[ 0, 2, 4, 6, 12 ],[ 48, 21 ]);
GROU(25,48,[ 0, 2, 4, 6, 12 ],[ 48, 26 ]);
GROU(25,48,[ 0, 2, 4, 6, 12 ],[ 48, 31 ]);
GROU(25,48,[ 0, 2, 4, 6, 12 ],[ 48, 33 ]);
GROU(25,48,[ 0, 2, 4, 6, 12 ],[ 48, 35 ]);
GROU(25,48,[ 0, 2, 4, 6, 12 ],[ 48, 37 ]);
GROU(25,48,[ 0, 2, 4, 6, 12 ],[ 48, 38 ]);
GROU(25,48,[ 0, 2, 4, 6, 12 ],[ 48, 39 ]);
GROU(25,48,[ 0, 2, 4, 6, 12 ],[ 48, 44 ]);
GROU(25,48,[ 0, 2, 4, 6, 12 ],[ 48, 45 ]);
GROU(25,48,[ 0, 2, 4, 6, 12 ],[ 48, 47 ]);
GROU(25,48,[ 0, 2, 3, 12, 12 ],[ 48, 21 ]);
GROU(25,48,[ 0, 2, 3, 12, 12 ],[ 48, 31 ]);
GROU(25,48,[ 0, 2, 3, 12, 12 ],[ 48, 33 ]);
GROU(25,48,[ 0, 2, 3, 8, 24 ],[ 48, 4 ]);
GROU(25,48,[ 0, 2, 3, 8, 24 ],[ 48, 5 ]);
GROU(25,48,[ 0, 2, 3, 8, 24 ],[ 48, 23 ]);
GROU(25,48,[ 0, 2, 3, 8, 24 ],[ 48, 24 ]);
GROU(25,48,[ 0, 2, 2, 3, 3, 3 ],[ 48, 3 ]);
GROU(25,48,[ 0, 2, 2, 3, 3, 3 ],[ 48, 29 ]);
GROU(25,48,[ 0, 2, 2, 3, 3, 3 ],[ 48, 32 ]);
GROU(25,48,[ 0, 2, 2, 3, 3, 3 ],[ 48, 33 ]);
GROU(25,48,[ 0, 2, 2, 3, 3, 3 ],[ 48, 50 ]);
GROU(25,48,[ 0, 2, 2, 2, 4, 4 ],[ 48, 6 ]);
GROU(25,48,[ 0, 2, 2, 2, 4, 4 ],[ 48, 14 ]);
GROU(25,48,[ 0, 2, 2, 2, 4, 4 ],[ 48, 35 ]);
GROU(25,48,[ 0, 2, 2, 2, 4, 4 ],[ 48, 37 ]);
GROU(25,48,[ 0, 2, 2, 2, 4, 4 ],[ 48, 38 ]);
GROU(25,48,[ 0, 2, 2, 2, 4, 4 ],[ 48, 39 ]);
GROU(25,48,[ 0, 2, 2, 2, 4, 4 ],[ 48, 41 ]);
GROU(25,48,[ 0, 2, 2, 2, 4, 4 ],[ 48, 43 ]);
GROU(25,48,[ 0, 2, 2, 2, 4, 4 ],[ 48, 48 ]);
GROU(25,48,[ 0, 2, 2, 2, 3, 6 ],[ 48, 15 ]);
GROU(25,48,[ 0, 2, 2, 2, 3, 6 ],[ 48, 25 ]);
GROU(25,48,[ 0, 2, 2, 2, 3, 6 ],[ 48, 29 ]);
GROU(25,48,[ 0, 2, 2, 2, 3, 6 ],[ 48, 33 ]);
GROU(25,48,[ 0, 2, 2, 2, 3, 6 ],[ 48, 38 ]);
GROU(25,48,[ 0, 2, 2, 2, 3, 6 ],[ 48, 43 ]);
GROU(25,48,[ 0, 2, 2, 2, 3, 6 ],[ 48, 45 ]);
GROU(25,48,[ 0, 2, 2, 2, 3, 6 ],[ 48, 48 ]);
GROU(25,48,[ 0, 2, 2, 2, 3, 6 ],[ 48, 49 ]);
GROU(25,48,[ 0, 2, 2, 2, 2, 2, 2 ],[ 48, 7 ]);
GROU(25,48,[ 0, 2, 2, 2, 2, 2, 2 ],[ 48, 15 ]);
GROU(25,48,[ 0, 2, 2, 2, 2, 2, 2 ],[ 48, 29 ]);
GROU(25,48,[ 0, 2, 2, 2, 2, 2, 2 ],[ 48, 36 ]);
GROU(25,48,[ 0, 2, 2, 2, 2, 2, 2 ],[ 48, 37 ]);
GROU(25,48,[ 0, 2, 2, 2, 2, 2, 2 ],[ 48, 38 ]);
GROU(25,48,[ 0, 2, 2, 2, 2, 2, 2 ],[ 48, 41 ]);
GROU(25,48,[ 0, 2, 2, 2, 2, 2, 2 ],[ 48, 43 ]);
GROU(25,48,[ 0, 2, 2, 2, 2, 2, 2 ],[ 48, 48 ]);
GROU(25,48,[ 0, 2, 2, 2, 2, 2, 2 ],[ 48, 51 ]);
GROU(25,50,[ 0, 2, 2, 50, 50 ],[ 50, 2 ]);
GROU(25,50,[ 0, 2, 2, 2, 2, 25 ],[ 50, 1 ]);
GROU(25,51,[ 0, 51, 51, 51 ],[ 51, 1 ]);
GROU(25,52,[ 0, 26, 52, 52 ],[ 52, 2 ]);
GROU(25,52,[ 0, 2, 4, 4, 13 ],[ 52, 1 ]);
GROU(25,52,[ 0, 2, 4, 4, 13 ],[ 52, 3 ]);
GROU(25,52,[ 0, 2, 2, 26, 26 ],[ 52, 4 ]);
GROU(25,52,[ 0, 2, 2, 26, 26 ],[ 52, 5 ]);
GROU(25,52,[ 0, 2, 2, 2, 2, 13 ],[ 52, 4 ]);
GROU(25,54,[ 0, 18, 27, 54 ],[ 54, 2 ]);
GROU(25,54,[ 0, 2, 3, 6, 9 ],[ 54, 3 ]);
GROU(25,54,[ 0, 2, 3, 6, 9 ],[ 54, 6 ]);
GROU(25,54,[ 0, 2, 2, 18, 18 ],[ 54, 4 ]);
GROU(25,54,[ 0, 2, 2, 2, 2, 9 ],[ 54, 1 ]);
GROU(25,54,[ 0, 2, 2, 2, 2, 9 ],[ 54, 7 ]);
GROU(25,55,[ 0, 11, 55, 55 ],[ 55, 2 ]);
GROU(25,56,[ 0, 14, 28, 28 ],[ 56, 8 ]);
GROU(25,56,[ 0, 2, 4, 4, 7 ],[ 56, 4 ]);
GROU(25,56,[ 0, 2, 4, 4, 7 ],[ 56, 6 ]);
GROU(25,56,[ 0, 2, 2, 14, 14 ],[ 56, 7 ]);
GROU(25,56,[ 0, 2, 2, 14, 14 ],[ 56, 9 ]);
GROU(25,56,[ 0, 2, 2, 14, 14 ],[ 56, 12 ]);
GROU(25,56,[ 0, 2, 2, 14, 14 ],[ 56, 13 ]);
GROU(25,56,[ 0, 2, 2, 2, 2, 7 ],[ 56, 5 ]);
GROU(25,56,[ 0, 2, 2, 2, 2, 7 ],[ 56, 7 ]);
GROU(25,56,[ 0, 2, 2, 2, 2, 7 ],[ 56, 12 ]);
GROU(25,60,[ 0, 15, 15, 15 ],[ 60, 9 ]);
GROU(25,60,[ 0, 12, 15, 20 ],[ 60, 4 ]);
GROU(25,60,[ 0, 12, 12, 30 ],[ 60, 2 ]);
SIGN(25,60,[ 0, 10, 20, 20 ],"nonsolvable");
GROU(25,60,[ 0, 10, 12, 60 ],[ 60, 4 ]);
GROU(25,60,[ 0, 6, 60, 60 ],[ 60, 4 ]);
GROU(25,60,[ 0, 3, 3, 3, 5 ],[ 60, 5 ]);
SIGN(25,60,[ 0, 2, 4, 4, 5 ],"nonsolvable");
SIGN(25,60,[ 0, 2, 3, 5, 6 ],"all");
GROU(25,60,[ 0, 2, 2, 10, 10 ],[ 60, 8 ]);
GROU(25,60,[ 0, 2, 2, 10, 10 ],[ 60, 11 ]);
GROU(25,60,[ 0, 2, 2, 6, 30 ],[ 60, 10 ]);
GROU(25,60,[ 0, 2, 2, 6, 30 ],[ 60, 12 ]);
GROU(25,60,[ 0, 2, 2, 2, 2, 5 ],[ 60, 5 ]);
GROU(25,60,[ 0, 2, 2, 2, 2, 5 ],[ 60, 8 ]);
GROU(25,60,[ 0, 2, 2, 2, 2, 5 ],[ 60, 12 ]);
GROU(25,64,[ 0, 8, 16, 16 ],[ 64, 26 ]);
GROU(25,64,[ 0, 8, 16, 16 ],[ 64, 27 ]);
GROU(25,64,[ 0, 8, 16, 16 ],[ 64, 28 ]);
GROU(25,64,[ 0, 8, 16, 16 ],[ 64, 29 ]);
GROU(25,64,[ 0, 8, 16, 16 ],[ 64, 30 ]);
GROU(25,64,[ 0, 8, 16, 16 ],[ 64, 31 ]);
GROU(25,64,[ 0, 8, 16, 16 ],[ 64, 44 ]);
GROU(25,64,[ 0, 8, 16, 16 ],[ 64, 45 ]);
GROU(25,64,[ 0, 2, 4, 4, 4 ],[ 64, 8 ]);
GROU(25,64,[ 0, 2, 4, 4, 4 ],[ 64, 23 ]);
GROU(25,64,[ 0, 2, 4, 4, 4 ],[ 64, 32 ]);
GROU(25,64,[ 0, 2, 4, 4, 4 ],[ 64, 34 ]);
GROU(25,64,[ 0, 2, 4, 4, 4 ],[ 64, 35 ]);
GROU(25,64,[ 0, 2, 4, 4, 4 ],[ 64, 41 ]);
GROU(25,64,[ 0, 2, 4, 4, 4 ],[ 64, 56 ]);
GROU(25,64,[ 0, 2, 4, 4, 4 ],[ 64, 58 ]);
GROU(25,64,[ 0, 2, 4, 4, 4 ],[ 64, 61 ]);
GROU(25,64,[ 0, 2, 4, 4, 4 ],[ 64, 62 ]);
GROU(25,64,[ 0, 2, 4, 4, 4 ],[ 64, 66 ]);
GROU(25,64,[ 0, 2, 4, 4, 4 ],[ 64, 67 ]);
GROU(25,64,[ 0, 2, 4, 4, 4 ],[ 64, 69 ]);
GROU(25,64,[ 0, 2, 4, 4, 4 ],[ 64, 71 ]);
GROU(25,64,[ 0, 2, 4, 4, 4 ],[ 64, 73 ]);
GROU(25,64,[ 0, 2, 4, 4, 4 ],[ 64, 74 ]);
GROU(25,64,[ 0, 2, 4, 4, 4 ],[ 64, 75 ]);
GROU(25,64,[ 0, 2, 4, 4, 4 ],[ 64, 77 ]);
GROU(25,64,[ 0, 2, 4, 4, 4 ],[ 64, 78 ]);
GROU(25,64,[ 0, 2, 4, 4, 4 ],[ 64, 80 ]);
GROU(25,64,[ 0, 2, 4, 4, 4 ],[ 64, 90 ]);
GROU(25,64,[ 0, 2, 4, 4, 4 ],[ 64, 91 ]);
GROU(25,64,[ 0, 2, 4, 4, 4 ],[ 64, 97 ]);
GROU(25,64,[ 0, 2, 4, 4, 4 ],[ 64, 98 ]);
GROU(25,64,[ 0, 2, 4, 4, 4 ],[ 64, 101 ]);
GROU(25,64,[ 0, 2, 4, 4, 4 ],[ 64, 102 ]);
GROU(25,64,[ 0, 2, 4, 4, 4 ],[ 64, 119 ]);
GROU(25,64,[ 0, 2, 4, 4, 4 ],[ 64, 121 ]);
GROU(25,64,[ 0, 2, 4, 4, 4 ],[ 64, 129 ]);
GROU(25,64,[ 0, 2, 4, 4, 4 ],[ 64, 133 ]);
GROU(25,64,[ 0, 2, 4, 4, 4 ],[ 64, 134 ]);
GROU(25,64,[ 0, 2, 4, 4, 4 ],[ 64, 135 ]);
GROU(25,64,[ 0, 2, 4, 4, 4 ],[ 64, 136 ]);
GROU(25,64,[ 0, 2, 4, 4, 4 ],[ 64, 137 ]);
GROU(25,64,[ 0, 2, 4, 4, 4 ],[ 64, 138 ]);
GROU(25,64,[ 0, 2, 4, 4, 4 ],[ 64, 139 ]);
GROU(25,64,[ 0, 2, 4, 4, 4 ],[ 64, 142 ]);
GROU(25,64,[ 0, 2, 4, 4, 4 ],[ 64, 145 ]);
GROU(25,64,[ 0, 2, 4, 4, 4 ],[ 64, 146 ]);
GROU(25,64,[ 0, 2, 4, 4, 4 ],[ 64, 149 ]);
GROU(25,64,[ 0, 2, 4, 4, 4 ],[ 64, 155 ]);
GROU(25,64,[ 0, 2, 4, 4, 4 ],[ 64, 157 ]);
GROU(25,64,[ 0, 2, 4, 4, 4 ],[ 64, 159 ]);
GROU(25,64,[ 0, 2, 4, 4, 4 ],[ 64, 161 ]);
GROU(25,64,[ 0, 2, 4, 4, 4 ],[ 64, 162 ]);
GROU(25,64,[ 0, 2, 4, 4, 4 ],[ 64, 163 ]);
GROU(25,64,[ 0, 2, 4, 4, 4 ],[ 64, 169 ]);
GROU(25,64,[ 0, 2, 4, 4, 4 ],[ 64, 170 ]);
GROU(25,64,[ 0, 2, 4, 4, 4 ],[ 64, 178 ]);
GROU(25,64,[ 0, 2, 4, 4, 4 ],[ 64, 191 ]);
GROU(25,64,[ 0, 2, 2, 8, 8 ],[ 64, 4 ]);
GROU(25,64,[ 0, 2, 2, 8, 8 ],[ 64, 6 ]);
GROU(25,64,[ 0, 2, 2, 8, 8 ],[ 64, 8 ]);
GROU(25,64,[ 0, 2, 2, 8, 8 ],[ 64, 10 ]);
GROU(25,64,[ 0, 2, 2, 8, 8 ],[ 64, 12 ]);
GROU(25,64,[ 0, 2, 2, 8, 8 ],[ 64, 32 ]);
GROU(25,64,[ 0, 2, 2, 8, 8 ],[ 64, 36 ]);
GROU(25,64,[ 0, 2, 2, 8, 8 ],[ 64, 40 ]);
GROU(25,64,[ 0, 2, 2, 8, 8 ],[ 64, 42 ]);
GROU(25,64,[ 0, 2, 2, 8, 8 ],[ 64, 87 ]);
GROU(25,64,[ 0, 2, 2, 8, 8 ],[ 64, 88 ]);
GROU(25,64,[ 0, 2, 2, 8, 8 ],[ 64, 89 ]);
GROU(25,64,[ 0, 2, 2, 8, 8 ],[ 64, 92 ]);
GROU(25,64,[ 0, 2, 2, 8, 8 ],[ 64, 94 ]);
GROU(25,64,[ 0, 2, 2, 8, 8 ],[ 64, 95 ]);
GROU(25,64,[ 0, 2, 2, 8, 8 ],[ 64, 99 ]);
GROU(25,64,[ 0, 2, 2, 8, 8 ],[ 64, 101 ]);
GROU(25,64,[ 0, 2, 2, 8, 8 ],[ 64, 102 ]);
GROU(25,64,[ 0, 2, 2, 8, 8 ],[ 64, 115 ]);
GROU(25,64,[ 0, 2, 2, 8, 8 ],[ 64, 116 ]);
GROU(25,64,[ 0, 2, 2, 8, 8 ],[ 64, 117 ]);
GROU(25,64,[ 0, 2, 2, 8, 8 ],[ 64, 124 ]);
GROU(25,64,[ 0, 2, 2, 8, 8 ],[ 64, 125 ]);
GROU(25,64,[ 0, 2, 2, 8, 8 ],[ 64, 128 ]);
GROU(25,64,[ 0, 2, 2, 8, 8 ],[ 64, 131 ]);
GROU(25,64,[ 0, 2, 2, 8, 8 ],[ 64, 134 ]);
GROU(25,64,[ 0, 2, 2, 8, 8 ],[ 64, 135 ]);
GROU(25,64,[ 0, 2, 2, 8, 8 ],[ 64, 136 ]);
GROU(25,64,[ 0, 2, 2, 8, 8 ],[ 64, 137 ]);
GROU(25,64,[ 0, 2, 2, 8, 8 ],[ 64, 140 ]);
GROU(25,64,[ 0, 2, 2, 8, 8 ],[ 64, 141 ]);
GROU(25,64,[ 0, 2, 2, 8, 8 ],[ 64, 152 ]);
GROU(25,64,[ 0, 2, 2, 8, 8 ],[ 64, 153 ]);
GROU(25,64,[ 0, 2, 2, 8, 8 ],[ 64, 167 ]);
GROU(25,64,[ 0, 2, 2, 8, 8 ],[ 64, 171 ]);
GROU(25,64,[ 0, 2, 2, 8, 8 ],[ 64, 173 ]);
GROU(25,64,[ 0, 2, 2, 8, 8 ],[ 64, 174 ]);
GROU(25,64,[ 0, 2, 2, 8, 8 ],[ 64, 177 ]);
GROU(25,64,[ 0, 2, 2, 2, 2, 4 ],[ 64, 52 ]);
GROU(25,64,[ 0, 2, 2, 2, 2, 4 ],[ 64, 73 ]);
GROU(25,64,[ 0, 2, 2, 2, 2, 4 ],[ 64, 128 ]);
GROU(25,64,[ 0, 2, 2, 2, 2, 4 ],[ 64, 130 ]);
GROU(25,64,[ 0, 2, 2, 2, 2, 4 ],[ 64, 134 ]);
GROU(25,64,[ 0, 2, 2, 2, 2, 4 ],[ 64, 135 ]);
GROU(25,64,[ 0, 2, 2, 2, 2, 4 ],[ 64, 138 ]);
GROU(25,64,[ 0, 2, 2, 2, 2, 4 ],[ 64, 140 ]);
GROU(25,64,[ 0, 2, 2, 2, 2, 4 ],[ 64, 147 ]);
GROU(25,64,[ 0, 2, 2, 2, 2, 4 ],[ 64, 150 ]);
GROU(25,64,[ 0, 2, 2, 2, 2, 4 ],[ 64, 174 ]);
GROU(25,64,[ 0, 2, 2, 2, 2, 4 ],[ 64, 177 ]);
GROU(25,64,[ 0, 2, 2, 2, 2, 4 ],[ 64, 186 ]);
GROU(25,64,[ 0, 2, 2, 2, 2, 4 ],[ 64, 189 ]);
GROU(25,64,[ 0, 2, 2, 2, 2, 4 ],[ 64, 190 ]);
GROU(25,64,[ 0, 2, 2, 2, 2, 4 ],[ 64, 202 ]);
GROU(25,64,[ 0, 2, 2, 2, 2, 4 ],[ 64, 203 ]);
GROU(25,64,[ 0, 2, 2, 2, 2, 4 ],[ 64, 206 ]);
GROU(25,64,[ 0, 2, 2, 2, 2, 4 ],[ 64, 211 ]);
GROU(25,64,[ 0, 2, 2, 2, 2, 4 ],[ 64, 213 ]);
GROU(25,64,[ 0, 2, 2, 2, 2, 4 ],[ 64, 215 ]);
GROU(25,64,[ 0, 2, 2, 2, 2, 4 ],[ 64, 216 ]);
GROU(25,64,[ 0, 2, 2, 2, 2, 4 ],[ 64, 219 ]);
GROU(25,64,[ 0, 2, 2, 2, 2, 4 ],[ 64, 221 ]);
GROU(25,64,[ 0, 2, 2, 2, 2, 4 ],[ 64, 226 ]);
GROU(25,64,[ 0, 2, 2, 2, 2, 4 ],[ 64, 227 ]);
GROU(25,64,[ 0, 2, 2, 2, 2, 4 ],[ 64, 228 ]);
GROU(25,64,[ 0, 2, 2, 2, 2, 4 ],[ 64, 229 ]);
GROU(25,64,[ 0, 2, 2, 2, 2, 4 ],[ 64, 231 ]);
GROU(25,64,[ 0, 2, 2, 2, 2, 4 ],[ 64, 234 ]);
GROU(25,64,[ 0, 2, 2, 2, 2, 4 ],[ 64, 236 ]);
GROU(25,64,[ 0, 2, 2, 2, 2, 4 ],[ 64, 241 ]);
GROU(25,64,[ 0, 2, 2, 2, 2, 4 ],[ 64, 242 ]);
GROU(25,64,[ 0, 2, 2, 2, 2, 4 ],[ 64, 243 ]);
GROU(25,64,[ 0, 2, 2, 2, 2, 4 ],[ 64, 250 ]);
GROU(25,64,[ 0, 2, 2, 2, 2, 4 ],[ 64, 253 ]);
GROU(25,64,[ 0, 2, 2, 2, 2, 4 ],[ 64, 254 ]);
GROU(25,64,[ 0, 2, 2, 2, 2, 4 ],[ 64, 256 ]);
GROU(25,64,[ 0, 2, 2, 2, 2, 4 ],[ 64, 257 ]);
GROU(25,64,[ 0, 2, 2, 2, 2, 4 ],[ 64, 258 ]);
GROU(25,66,[ 0, 6, 11, 66 ],[ 66, 4 ]);
GROU(25,68,[ 0, 4, 34, 68 ],[ 68, 2 ]);
SIGN(25,72,[ 0, 9, 9, 9 ],"all");
SIGN(25,72,[ 0, 8, 8, 12 ],"all");
GROU(25,72,[ 0, 6, 12, 12 ],[ 72, 27 ]);
GROU(25,72,[ 0, 6, 12, 12 ],[ 72, 29 ]);
GROU(25,72,[ 0, 6, 12, 12 ],[ 72, 36 ]);
GROU(25,72,[ 0, 6, 9, 18 ],[ 72, 16 ]);
GROU(25,72,[ 0, 6, 8, 24 ],[ 72, 12 ]);
SIGN(25,72,[ 0, 4, 24, 24 ],"all");
GROU(25,72,[ 0, 4, 18, 36 ],[ 72, 9 ]);
GROU(25,72,[ 0, 3, 3, 3, 3 ],[ 72, 25 ]);
GROU(25,72,[ 0, 2, 3, 4, 4 ],[ 72, 20 ]);
GROU(25,72,[ 0, 2, 3, 4, 4 ],[ 72, 21 ]);
GROU(25,72,[ 0, 2, 3, 4, 4 ],[ 72, 45 ]);
GROU(25,72,[ 0, 2, 3, 3, 6 ],[ 72, 42 ]);
GROU(25,72,[ 0, 2, 3, 3, 6 ],[ 72, 44 ]);
GROU(25,72,[ 0, 2, 3, 3, 6 ],[ 72, 47 ]);
GROU(25,72,[ 0, 2, 2, 6, 6 ],[ 72, 22 ]);
GROU(25,72,[ 0, 2, 2, 6, 6 ],[ 72, 23 ]);
GROU(25,72,[ 0, 2, 2, 6, 6 ],[ 72, 28 ]);
GROU(25,72,[ 0, 2, 2, 6, 6 ],[ 72, 30 ]);
GROU(25,72,[ 0, 2, 2, 6, 6 ],[ 72, 35 ]);
GROU(25,72,[ 0, 2, 2, 6, 6 ],[ 72, 40 ]);
GROU(25,72,[ 0, 2, 2, 6, 6 ],[ 72, 44 ]);
GROU(25,72,[ 0, 2, 2, 6, 6 ],[ 72, 46 ]);
GROU(25,72,[ 0, 2, 2, 6, 6 ],[ 72, 48 ]);
GROU(25,72,[ 0, 2, 2, 6, 6 ],[ 72, 49 ]);
GROU(25,72,[ 0, 2, 2, 4, 12 ],[ 72, 21 ]);
GROU(25,72,[ 0, 2, 2, 4, 12 ],[ 72, 23 ]);
GROU(25,72,[ 0, 2, 2, 2, 2, 3 ],[ 72, 6 ]);
GROU(25,72,[ 0, 2, 2, 2, 2, 3 ],[ 72, 17 ]);
GROU(25,72,[ 0, 2, 2, 2, 2, 3 ],[ 72, 22 ]);
GROU(25,72,[ 0, 2, 2, 2, 2, 3 ],[ 72, 23 ]);
GROU(25,72,[ 0, 2, 2, 2, 2, 3 ],[ 72, 33 ]);
GROU(25,72,[ 0, 2, 2, 2, 2, 3 ],[ 72, 40 ]);
GROU(25,72,[ 0, 2, 2, 2, 2, 3 ],[ 72, 43 ]);
GROU(25,72,[ 0, 2, 2, 2, 2, 3 ],[ 72, 46 ]);
GROU(25,72,[ 0, 2, 2, 2, 2, 3 ],[ 72, 49 ]);
GROU(25,75,[ 0, 3, 75, 75 ],[ 75, 1 ]);
GROU(25,78,[ 0, 3, 26, 78 ],[ 78, 6 ]);
SIGN(25,80,[ 0, 5, 10, 10 ],"all");
GROU(25,80,[ 0, 4, 10, 20 ],[ 80, 21 ]);
GROU(25,80,[ 0, 4, 8, 40 ],[ 80, 4 ]);
GROU(25,80,[ 0, 4, 8, 40 ],[ 80, 5 ]);
GROU(25,80,[ 0, 2, 2, 5, 5 ],[ 80, 49 ]);
GROU(25,81,[ 0, 3, 27, 27 ],[ 81, 5 ]);
GROU(25,81,[ 0, 3, 27, 27 ],[ 81, 6 ]);
GROU(25,84,[ 0, 3, 21, 21 ],[ 84, 10 ]);
GROU(25,90,[ 0, 3, 10, 30 ],[ 90, 6 ]);
GROU(25,96,[ 0, 6, 6, 6 ],[ 96, 3 ]);
GROU(25,96,[ 0, 6, 6, 6 ],[ 96, 198 ]);
GROU(25,96,[ 0, 4, 6, 12 ],[ 96, 49 ]);
GROU(25,96,[ 0, 4, 6, 12 ],[ 96, 69 ]);
GROU(25,96,[ 0, 4, 6, 12 ],[ 96, 196 ]);
GROU(25,96,[ 0, 4, 6, 12 ],[ 96, 202 ]);
GROU(25,96,[ 0, 3, 12, 12 ],[ 96, 69 ]);
GROU(25,96,[ 0, 3, 8, 24 ],[ 96, 73 ]);
GROU(25,96,[ 0, 3, 8, 24 ],[ 96, 74 ]);
GROU(25,96,[ 0, 2, 3, 3, 3 ],[ 96, 3 ]);
GROU(25,96,[ 0, 2, 3, 3, 3 ],[ 96, 203 ]);
GROU(25,96,[ 0, 2, 3, 3, 3 ],[ 96, 204 ]);
GROU(25,96,[ 0, 2, 2, 4, 4 ],[ 96, 7 ]);
GROU(25,96,[ 0, 2, 2, 4, 4 ],[ 96, 13 ]);
GROU(25,96,[ 0, 2, 2, 4, 4 ],[ 96, 28 ]);
GROU(25,96,[ 0, 2, 2, 4, 4 ],[ 96, 32 ]);
GROU(25,96,[ 0, 2, 2, 4, 4 ],[ 96, 80 ]);
GROU(25,96,[ 0, 2, 2, 4, 4 ],[ 96, 82 ]);
GROU(25,96,[ 0, 2, 2, 4, 4 ],[ 96, 87 ]);
GROU(25,96,[ 0, 2, 2, 4, 4 ],[ 96, 91 ]);
GROU(25,96,[ 0, 2, 2, 4, 4 ],[ 96, 100 ]);
GROU(25,96,[ 0, 2, 2, 4, 4 ],[ 96, 101 ]);
GROU(25,96,[ 0, 2, 2, 4, 4 ],[ 96, 109 ]);
GROU(25,96,[ 0, 2, 2, 4, 4 ],[ 96, 111 ]);
GROU(25,96,[ 0, 2, 2, 4, 4 ],[ 96, 134 ]);
GROU(25,96,[ 0, 2, 2, 4, 4 ],[ 96, 137 ]);
GROU(25,96,[ 0, 2, 2, 4, 4 ],[ 96, 144 ]);
GROU(25,96,[ 0, 2, 2, 4, 4 ],[ 96, 147 ]);
GROU(25,96,[ 0, 2, 2, 4, 4 ],[ 96, 154 ]);
GROU(25,96,[ 0, 2, 2, 4, 4 ],[ 96, 186 ]);
GROU(25,96,[ 0, 2, 2, 4, 4 ],[ 96, 187 ]);
GROU(25,96,[ 0, 2, 2, 4, 4 ],[ 96, 195 ]);
GROU(25,96,[ 0, 2, 2, 4, 4 ],[ 96, 226 ]);
GROU(25,96,[ 0, 2, 2, 4, 4 ],[ 96, 227 ]);
GROU(25,96,[ 0, 2, 2, 3, 6 ],[ 96, 70 ]);
GROU(25,96,[ 0, 2, 2, 3, 6 ],[ 96, 72 ]);
GROU(25,96,[ 0, 2, 2, 3, 6 ],[ 96, 189 ]);
GROU(25,96,[ 0, 2, 2, 3, 6 ],[ 96, 200 ]);
GROU(25,96,[ 0, 2, 2, 3, 6 ],[ 96, 202 ]);
GROU(25,96,[ 0, 2, 2, 3, 6 ],[ 96, 204 ]);
GROU(25,96,[ 0, 2, 2, 3, 6 ],[ 96, 229 ]);
GROU(25,96,[ 0, 2, 2, 2, 2, 2 ],[ 96, 6 ]);
GROU(25,96,[ 0, 2, 2, 2, 2, 2 ],[ 96, 81 ]);
GROU(25,96,[ 0, 2, 2, 2, 2, 2 ],[ 96, 89 ]);
GROU(25,96,[ 0, 2, 2, 2, 2, 2 ],[ 96, 110 ]);
GROU(25,96,[ 0, 2, 2, 2, 2, 2 ],[ 96, 115 ]);
GROU(25,96,[ 0, 2, 2, 2, 2, 2 ],[ 96, 117 ]);
GROU(25,96,[ 0, 2, 2, 2, 2, 2 ],[ 96, 121 ]);
GROU(25,96,[ 0, 2, 2, 2, 2, 2 ],[ 96, 187 ]);
GROU(25,96,[ 0, 2, 2, 2, 2, 2 ],[ 96, 193 ]);
GROU(25,96,[ 0, 2, 2, 2, 2, 2 ],[ 96, 207 ]);
GROU(25,96,[ 0, 2, 2, 2, 2, 2 ],[ 96, 209 ]);
GROU(25,96,[ 0, 2, 2, 2, 2, 2 ],[ 96, 211 ]);
GROU(25,96,[ 0, 2, 2, 2, 2, 2 ],[ 96, 214 ]);
GROU(25,96,[ 0, 2, 2, 2, 2, 2 ],[ 96, 216 ]);
GROU(25,96,[ 0, 2, 2, 2, 2, 2 ],[ 96, 226 ]);
GROU(25,96,[ 0, 2, 2, 2, 2, 2 ],[ 96, 227 ]);
GROU(25,100,[ 0, 4, 4, 50 ],[ 100, 1 ]);
GROU(25,100,[ 0, 2, 100, 100 ],[ 100, 2 ]);
GROU(25,100,[ 0, 2, 2, 2, 50 ],[ 100, 4 ]);
GROU(25,102,[ 0, 2, 51, 102 ],[ 102, 4 ]);
GROU(25,104,[ 0, 4, 4, 26 ],[ 104, 7 ]);
GROU(25,104,[ 0, 4, 4, 26 ],[ 104, 12 ]);
GROU(25,104,[ 0, 2, 52, 52 ],[ 104, 9 ]);
GROU(25,104,[ 0, 2, 2, 2, 26 ],[ 104, 8 ]);
GROU(25,104,[ 0, 2, 2, 2, 26 ],[ 104, 13 ]);
SIGN(25,108,[ 0, 4, 4, 18 ],"all");
GROU(25,108,[ 0, 3, 9, 9 ],[ 108, 18 ]);
GROU(25,108,[ 0, 3, 9, 9 ],[ 108, 19 ]);
SIGN(25,108,[ 0, 3, 6, 18 ],"all");
SIGN(25,108,[ 0, 2, 36, 36 ],"all");
GROU(25,108,[ 0, 2, 2, 2, 18 ],[ 108, 16 ]);
GROU(25,110,[ 0, 2, 22, 55 ],[ 110, 3 ]);
GROU(25,112,[ 0, 4, 4, 14 ],[ 112, 18 ]);
GROU(25,112,[ 0, 2, 28, 28 ],[ 112, 20 ]);
GROU(25,112,[ 0, 2, 2, 2, 14 ],[ 112, 14 ]);
GROU(25,112,[ 0, 2, 2, 2, 14 ],[ 112, 31 ]);
GROU(25,112,[ 0, 2, 2, 2, 14 ],[ 112, 36 ]);
SIGN(25,120,[ 0, 5, 5, 5 ],"nonsolvable");
SIGN(25,120,[ 0, 4, 4, 10 ],"nonsolvable");
GROU(25,120,[ 0, 3, 6, 10 ],[ 120, 35 ]);
SIGN(25,120,[ 0, 3, 5, 15 ],"nonsolvable");
SIGN(25,120,[ 0, 2, 20, 20 ],"nonsolvable");
GROU(25,120,[ 0, 2, 15, 30 ],[ 120, 43 ]);
GROU(25,120,[ 0, 2, 12, 60 ],[ 120, 17 ]);
GROU(25,120,[ 0, 2, 2, 2, 10 ],[ 120, 13 ]);
GROU(25,120,[ 0, 2, 2, 2, 10 ],[ 120, 35 ]);
GROU(25,120,[ 0, 2, 2, 2, 10 ],[ 120, 42 ]);
GROU(25,128,[ 0, 4, 4, 8 ],[ 128, 16 ]);
GROU(25,128,[ 0, 4, 4, 8 ],[ 128, 21 ]);
GROU(25,128,[ 0, 4, 4, 8 ],[ 128, 26 ]);
GROU(25,128,[ 0, 4, 4, 8 ],[ 128, 29 ]);
GROU(25,128,[ 0, 4, 4, 8 ],[ 128, 75 ]);
GROU(25,128,[ 0, 4, 4, 8 ],[ 128, 76 ]);
GROU(25,128,[ 0, 4, 4, 8 ],[ 128, 83 ]);
GROU(25,128,[ 0, 4, 4, 8 ],[ 128, 84 ]);
GROU(25,128,[ 0, 4, 4, 8 ],[ 128, 122 ]);
GROU(25,128,[ 0, 4, 4, 8 ],[ 128, 123 ]);
GROU(25,128,[ 0, 4, 4, 8 ],[ 128, 134 ]);
GROU(25,128,[ 0, 4, 4, 8 ],[ 128, 136 ]);
GROU(25,128,[ 0, 4, 4, 8 ],[ 128, 139 ]);
GROU(25,128,[ 0, 4, 4, 8 ],[ 128, 140 ]);
GROU(25,128,[ 0, 4, 4, 8 ],[ 128, 141 ]);
GROU(25,128,[ 0, 4, 4, 8 ],[ 128, 144 ]);
GROU(25,128,[ 0, 4, 4, 8 ],[ 128, 146 ]);
GROU(25,128,[ 0, 2, 16, 16 ],[ 128, 46 ]);
GROU(25,128,[ 0, 2, 16, 16 ],[ 128, 47 ]);
GROU(25,128,[ 0, 2, 16, 16 ],[ 128, 52 ]);
GROU(25,128,[ 0, 2, 16, 16 ],[ 128, 53 ]);
GROU(25,128,[ 0, 2, 16, 16 ],[ 128, 61 ]);
GROU(25,128,[ 0, 2, 16, 16 ],[ 128, 62 ]);
GROU(25,128,[ 0, 2, 16, 16 ],[ 128, 87 ]);
GROU(25,128,[ 0, 2, 16, 16 ],[ 128, 89 ]);
GROU(25,128,[ 0, 2, 16, 16 ],[ 128, 91 ]);
GROU(25,128,[ 0, 2, 2, 2, 8 ],[ 128, 327 ]);
GROU(25,128,[ 0, 2, 2, 2, 8 ],[ 128, 332 ]);
GROU(25,128,[ 0, 2, 2, 2, 8 ],[ 128, 351 ]);
GROU(25,128,[ 0, 2, 2, 2, 8 ],[ 128, 353 ]);
GROU(25,128,[ 0, 2, 2, 2, 8 ],[ 128, 356 ]);
GROU(25,128,[ 0, 2, 2, 2, 8 ],[ 128, 357 ]);
GROU(25,128,[ 0, 2, 2, 2, 8 ],[ 128, 387 ]);
GROU(25,128,[ 0, 2, 2, 2, 8 ],[ 128, 388 ]);
GROU(25,128,[ 0, 2, 2, 2, 8 ],[ 128, 399 ]);
GROU(25,128,[ 0, 2, 2, 2, 8 ],[ 128, 419 ]);
GROU(25,128,[ 0, 2, 2, 2, 8 ],[ 128, 731 ]);
GROU(25,128,[ 0, 2, 2, 2, 8 ],[ 128, 734 ]);
GROU(25,128,[ 0, 2, 2, 2, 8 ],[ 128, 742 ]);
GROU(25,128,[ 0, 2, 2, 2, 8 ],[ 128, 749 ]);
GROU(25,128,[ 0, 2, 2, 2, 8 ],[ 128, 750 ]);
GROU(25,128,[ 0, 2, 2, 2, 8 ],[ 128, 924 ]);
GROU(25,128,[ 0, 2, 2, 2, 8 ],[ 128, 928 ]);
GROU(25,128,[ 0, 2, 2, 2, 8 ],[ 128, 931 ]);
GROU(25,128,[ 0, 2, 2, 2, 8 ],[ 128, 934 ]);
GROU(25,128,[ 0, 2, 2, 2, 8 ],[ 128, 936 ]);
GROU(25,128,[ 0, 2, 2, 2, 8 ],[ 128, 945 ]);
GROU(25,144,[ 0, 4, 4, 6 ],[ 144, 115 ]);
GROU(25,144,[ 0, 4, 4, 6 ],[ 144, 136 ]);
GROU(25,144,[ 0, 3, 6, 6 ],[ 144, 128 ]);
GROU(25,144,[ 0, 3, 6, 6 ],[ 144, 156 ]);
GROU(25,144,[ 0, 3, 6, 6 ],[ 144, 184 ]);
GROU(25,144,[ 0, 3, 4, 12 ],[ 144, 123 ]);
GROU(25,144,[ 0, 3, 4, 12 ],[ 144, 129 ]);
GROU(25,144,[ 0, 2, 12, 12 ],[ 144, 65 ]);
GROU(25,144,[ 0, 2, 12, 12 ],[ 144, 79 ]);
SIGN(25,144,[ 0, 2, 9, 18 ],"all");
SIGN(25,144,[ 0, 2, 8, 24 ],"all");
GROU(25,144,[ 0, 2, 2, 3, 3 ],[ 144, 122 ]);
GROU(25,144,[ 0, 2, 2, 3, 3 ],[ 144, 125 ]);
GROU(25,144,[ 0, 2, 2, 3, 3 ],[ 144, 127 ]);
GROU(25,144,[ 0, 2, 2, 2, 6 ],[ 144, 57 ]);
GROU(25,144,[ 0, 2, 2, 2, 6 ],[ 144, 117 ]);
GROU(25,144,[ 0, 2, 2, 2, 6 ],[ 144, 144 ]);
GROU(25,144,[ 0, 2, 2, 2, 6 ],[ 144, 151 ]);
GROU(25,144,[ 0, 2, 2, 2, 6 ],[ 144, 153 ]);
GROU(25,144,[ 0, 2, 2, 2, 6 ],[ 144, 154 ]);
GROU(25,144,[ 0, 2, 2, 2, 6 ],[ 144, 183 ]);
GROU(25,144,[ 0, 2, 2, 2, 6 ],[ 144, 186 ]);
GROU(25,150,[ 0, 2, 6, 75 ],[ 150, 2 ]);
SIGN(25,156,[ 0, 3, 3, 39 ],"all");
SIGN(25,156,[ 0, 2, 6, 39 ],"all");
GROU(25,160,[ 0, 4, 4, 5 ],[ 160, 234 ]);
GROU(25,160,[ 0, 2, 10, 10 ],[ 160, 199 ]);
GROU(25,160,[ 0, 2, 10, 10 ],[ 160, 235 ]);
GROU(25,160,[ 0, 2, 2, 2, 5 ],[ 160, 234 ]);
GROU(25,162,[ 0, 2, 6, 27 ],[ 162, 7 ]);
GROU(25,162,[ 0, 2, 6, 27 ],[ 162, 9 ]);
SIGN(25,168,[ 0, 3, 3, 21 ],"all");
SIGN(25,168,[ 0, 2, 7, 14 ],"nonsolvable");
GROU(25,168,[ 0, 2, 6, 21 ],[ 168, 48 ]);
SIGN(25,180,[ 0, 3, 5, 5 ],"nonsolvable");
GROU(25,180,[ 0, 3, 3, 15 ],[ 180, 19 ]);
SIGN(25,180,[ 0, 2, 6, 15 ],"nonsolvable");
SIGN(25,180,[ 0, 2, 5, 30 ],"nonsolvable");
GROU(25,192,[ 0, 3, 4, 6 ],[ 192, 189 ]);
GROU(25,192,[ 0, 3, 4, 6 ],[ 192, 195 ]);
GROU(25,192,[ 0, 3, 4, 6 ],[ 192, 197 ]);
GROU(25,192,[ 0, 3, 4, 6 ],[ 192, 198 ]);
GROU(25,192,[ 0, 3, 4, 6 ],[ 192, 201 ]);
GROU(25,192,[ 0, 3, 3, 12 ],[ 192, 4 ]);
GROU(25,192,[ 0, 2, 6, 12 ],[ 192, 194 ]);
GROU(25,192,[ 0, 2, 6, 12 ],[ 192, 1003 ]);
GROU(25,192,[ 0, 2, 2, 2, 4 ],[ 192, 230 ]);
GROU(25,192,[ 0, 2, 2, 2, 4 ],[ 192, 271 ]);
GROU(25,192,[ 0, 2, 2, 2, 4 ],[ 192, 291 ]);
GROU(25,192,[ 0, 2, 2, 2, 4 ],[ 192, 300 ]);
GROU(25,192,[ 0, 2, 2, 2, 4 ],[ 192, 306 ]);
GROU(25,192,[ 0, 2, 2, 2, 4 ],[ 192, 312 ]);
GROU(25,192,[ 0, 2, 2, 2, 4 ],[ 192, 402 ]);
GROU(25,192,[ 0, 2, 2, 2, 4 ],[ 192, 467 ]);
GROU(25,192,[ 0, 2, 2, 2, 4 ],[ 192, 955 ]);
GROU(25,192,[ 0, 2, 2, 2, 4 ],[ 192, 961 ]);
GROU(25,192,[ 0, 2, 2, 2, 4 ],[ 192, 1470 ]);
GROU(25,192,[ 0, 2, 2, 2, 4 ],[ 192, 1472 ]);
GROU(25,192,[ 0, 2, 2, 2, 4 ],[ 192, 1478 ]);
GROU(25,200,[ 0, 2, 4, 100 ],[ 200, 5 ]);
GROU(25,208,[ 0, 2, 4, 52 ],[ 208, 14 ]);
SIGN(25,216,[ 0, 3, 3, 9 ],"all");
GROU(25,216,[ 0, 2, 6, 9 ],[ 216, 96 ]);
GROU(25,216,[ 0, 2, 6, 9 ],[ 216, 97 ]);
SIGN(25,216,[ 0, 2, 4, 36 ],"all");
SIGN(25,224,[ 0, 2, 7, 7 ],"all");
GROU(25,224,[ 0, 2, 4, 28 ],[ 224, 12 ]);
SIGN(25,240,[ 0, 2, 5, 10 ],"nonsolvable");
SIGN(25,240,[ 0, 2, 4, 20 ],"nonsolvable");
GROU(25,256,[ 0, 2, 4, 16 ],[ 2, 8, 4, 2722114541965320889896980 ]);
GROU(25,256,[ 0, 2, 4, 16 ],[ 2, 8, 5, 2724768567268925851635732 ]);
GROU(25,256,[ 0, 2, 4, 16 ],[ 2, 8, 5, 2456373052682470303010836 ]);
GROU(25,256,[ 0, 2, 4, 16 ],[ 2, 8, 5, 2459031689672093692137492 ]);
GROU(25,256,[ 0, 2, 4, 16 ],[ 2, 8, 6, 2840766317293026744012820 ]);
GROU(25,256,[ 0, 2, 4, 16 ],[ 2, 8, 6, 2841338166359311740112916 ]);
GROU(25,256,[ 0, 2, 4, 16 ],[ 2, 8, 6, 2838257560164972942659604 ]);
SIGN(25,288,[ 0, 3, 4, 4 ],"all");
GROU(25,288,[ 0, 3, 3, 6 ],[ 288, 230 ]);
GROU(25,288,[ 0, 3, 3, 6 ],[ 288, 859 ]);
GROU(25,288,[ 0, 2, 6, 6 ],[ 288, 923 ]);
GROU(25,288,[ 0, 2, 6, 6 ],[ 288, 1025 ]);
GROU(25,288,[ 0, 2, 4, 12 ],[ 288, 386 ]);
GROU(25,288,[ 0, 2, 2, 2, 3 ],[ 288, 847 ]);
SIGN(25,312,[ 0, 2, 3, 78 ],"all");
GROU(25,320,[ 0, 2, 4, 10 ],[ 320, 1582 ]);
GROU(25,320,[ 0, 2, 4, 10 ],[ 320, 1636 ]);
SIGN(25,324,[ 0, 2, 3, 54 ],"all");
GROU(25,360,[ 0, 3, 3, 5 ],[ 360, 118 ]);
SIGN(25,360,[ 0, 2, 5, 6 ],"nonsolvable");
GROU(25,360,[ 0, 2, 3, 30 ],[ 360, 122 ]);
GROU(25,384,[ 0, 2, 3, 24 ],[ 384, 608 ]);
SIGN(25,432,[ 0, 2, 3, 18 ],"all");
SIGN(25,448,[ 0, 2, 4, 7 ],"all");
SIGN(25,480,[ 0, 2, 5, 5 ],"nonsolvable");
SIGN(25,480,[ 0, 2, 3, 15 ],"nonsolvable");
SIGN(25,504,[ 0, 2, 3, 14 ],"nonsolvable");
SIGN(25,576,[ 0, 2, 4, 6 ],"all");
GROU(25,576,[ 0, 2, 3, 12 ],[ 576, 1997 ]);
GROU(25,576,[ 0, 2, 3, 12 ],[ 576, 8270 ]);
GROU(25,720,[ 0, 2, 3, 10 ],[ 720, 764 ]);
SIGN(25,864,[ 0, 2, 3, 9 ],"all");
SIGN(25,960,[ 0, 2, 4, 5 ],"nonsolvable");
GROU(25,2,[ 1, 2, 2, 2, 2, 2, 2, 2, 2, 2, 2, 2, 2, 2, 2, 2, 2, 2, 2, 2, 2, 2, 
  2, 2, 2, 2, 2, 2, 2, 2, 2, 2, 2, 2, 2, 2, 2, 2, 2, 2, 2, 2, 2, 2, 2, 2, 2, 
  2, 2 ],[ 2, 1 ]);
GROU(25,3,[ 1, 3, 3, 3, 3, 3, 3, 3, 3, 3, 3, 3, 3, 3, 3, 3, 3, 3, 3, 3, 3, 3, 
  3, 3, 3 ],[ 3, 1 ]);
GROU(25,4,[ 1, 4, 4, 4, 4, 4, 4, 4, 4, 4, 4, 4, 4, 4, 4, 4, 4 ],[ 4, 1 ]);
GROU(25,4,[ 1, 2, 2, 2, 4, 4, 4, 4, 4, 4, 4, 4, 4, 4, 4, 4, 4, 4 ],[ 4, 1 ]);
GROU(25,4,[ 1, 2, 2, 2, 2, 2, 2, 4, 4, 4, 4, 4, 4, 4, 4, 4, 4, 4, 4 ],
[ 4, 1 ]);
GROU(25,4,[ 1, 2, 2, 2, 2, 2, 2, 2, 2, 2, 4, 4, 4, 4, 4, 4, 4, 4, 4, 4 ],
[ 4, 1 ]);
GROU(25,4,[ 1, 2, 2, 2, 2, 2, 2, 2, 2, 2, 2, 2, 2, 4, 4, 4, 4, 4, 4, 4, 4 ],
[ 4, 1 ]);
GROU(25,4,[ 1, 2, 2, 2, 2, 2, 2, 2, 2, 2, 2, 2, 2, 2, 2, 2, 4, 4, 4, 4, 4, 4 
 ],[ 4, 1 ]);
GROU(25,4,[ 1, 2, 2, 2, 2, 2, 2, 2, 2, 2, 2, 2, 2, 2, 2, 2, 2, 2, 2, 4, 4, 4, 
  4 ],[ 4, 1 ]);
GROU(25,4,[ 1, 2, 2, 2, 2, 2, 2, 2, 2, 2, 2, 2, 2, 2, 2, 2, 2, 2, 2, 2, 2, 2, 
  4, 4 ],[ 4, 1 ]);
GROU(25,4,[ 1, 2, 2, 2, 2, 2, 2, 2, 2, 2, 2, 2, 2, 2, 2, 2, 2, 2, 2, 2, 2, 2, 
  2, 2, 2 ],[ 4, 1 ]);
GROU(25,4,[ 1, 2, 2, 2, 2, 2, 2, 2, 2, 2, 2, 2, 2, 2, 2, 2, 2, 2, 2, 2, 2, 2, 
  2, 2, 2 ],[ 4, 2 ]);
GROU(25,5,[ 1, 5, 5, 5, 5, 5, 5, 5, 5, 5, 5, 5, 5 ],[ 5, 1 ]);
GROU(25,6,[ 1, 3, 3, 6, 6, 6, 6, 6, 6, 6, 6 ],[ 6, 2 ]);
GROU(25,6,[ 1, 3, 3, 3, 3, 3, 3, 3, 6, 6, 6, 6 ],[ 6, 2 ]);
GROU(25,6,[ 1, 3, 3, 3, 3, 3, 3, 3, 3, 3, 3, 3, 3 ],[ 6, 1 ]);
GROU(25,6,[ 1, 3, 3, 3, 3, 3, 3, 3, 3, 3, 3, 3, 3 ],[ 6, 2 ]);
GROU(25,6,[ 1, 2, 6, 6, 6, 6, 6, 6, 6, 6, 6 ],[ 6, 2 ]);
GROU(25,6,[ 1, 2, 3, 3, 3, 3, 3, 6, 6, 6, 6, 6 ],[ 6, 2 ]);
GROU(25,6,[ 1, 2, 3, 3, 3, 3, 3, 3, 3, 3, 3, 3, 6 ],[ 6, 2 ]);
GROU(25,6,[ 1, 2, 2, 3, 3, 3, 6, 6, 6, 6, 6, 6 ],[ 6, 2 ]);
GROU(25,6,[ 1, 2, 2, 3, 3, 3, 3, 3, 3, 3, 3, 6, 6 ],[ 6, 2 ]);
GROU(25,6,[ 1, 2, 2, 2, 3, 6, 6, 6, 6, 6, 6, 6 ],[ 6, 2 ]);
GROU(25,6,[ 1, 2, 2, 2, 3, 3, 3, 3, 3, 3, 6, 6, 6 ],[ 6, 2 ]);
GROU(25,6,[ 1, 2, 2, 2, 2, 3, 3, 3, 3, 6, 6, 6, 6 ],[ 6, 2 ]);
GROU(25,6,[ 1, 2, 2, 2, 2, 3, 3, 3, 3, 3, 3, 3, 3, 3 ],[ 6, 1 ]);
GROU(25,6,[ 1, 2, 2, 2, 2, 3, 3, 3, 3, 3, 3, 3, 3, 3 ],[ 6, 2 ]);
GROU(25,6,[ 1, 2, 2, 2, 2, 2, 3, 3, 6, 6, 6, 6, 6 ],[ 6, 2 ]);
GROU(25,6,[ 1, 2, 2, 2, 2, 2, 3, 3, 3, 3, 3, 3, 3, 6 ],[ 6, 2 ]);
GROU(25,6,[ 1, 2, 2, 2, 2, 2, 2, 6, 6, 6, 6, 6, 6 ],[ 6, 2 ]);
GROU(25,6,[ 1, 2, 2, 2, 2, 2, 2, 3, 3, 3, 3, 3, 6, 6 ],[ 6, 2 ]);
GROU(25,6,[ 1, 2, 2, 2, 2, 2, 2, 2, 3, 3, 3, 6, 6, 6 ],[ 6, 2 ]);
GROU(25,6,[ 1, 2, 2, 2, 2, 2, 2, 2, 2, 3, 6, 6, 6, 6 ],[ 6, 2 ]);
GROU(25,6,[ 1, 2, 2, 2, 2, 2, 2, 2, 2, 3, 3, 3, 3, 3, 3 ],[ 6, 1 ]);
GROU(25,6,[ 1, 2, 2, 2, 2, 2, 2, 2, 2, 3, 3, 3, 3, 3, 3 ],[ 6, 2 ]);
GROU(25,6,[ 1, 2, 2, 2, 2, 2, 2, 2, 2, 2, 3, 3, 3, 3, 6 ],[ 6, 2 ]);
GROU(25,6,[ 1, 2, 2, 2, 2, 2, 2, 2, 2, 2, 2, 3, 3, 6, 6 ],[ 6, 2 ]);
GROU(25,6,[ 1, 2, 2, 2, 2, 2, 2, 2, 2, 2, 2, 2, 6, 6, 6 ],[ 6, 2 ]);
GROU(25,6,[ 1, 2, 2, 2, 2, 2, 2, 2, 2, 2, 2, 2, 2, 3, 3, 3 ],[ 6, 1 ]);
GROU(25,6,[ 1, 2, 2, 2, 2, 2, 2, 2, 2, 2, 2, 2, 2, 3, 3, 3 ],[ 6, 2 ]);
GROU(25,6,[ 1, 2, 2, 2, 2, 2, 2, 2, 2, 2, 2, 2, 2, 2, 3, 6 ],[ 6, 2 ]);
GROU(25,6,[ 1, 2, 2, 2, 2, 2, 2, 2, 2, 2, 2, 2, 2, 2, 2, 2, 2 ],[ 6, 1 ]);
GROU(25,6,[ 1, 2, 2, 2, 2, 2, 2, 2, 2, 2, 2, 2, 2, 2, 2, 2, 2 ],[ 6, 2 ]);
GROU(25,7,[ 1, 7, 7, 7, 7, 7, 7, 7, 7 ],[ 7, 1 ]);
GROU(25,8,[ 1, 4, 8, 8, 8, 8, 8, 8 ],[ 8, 1 ]);
GROU(25,8,[ 1, 4, 4, 4, 4, 4, 4, 4, 4 ],[ 8, 1 ]);
GROU(25,8,[ 1, 4, 4, 4, 4, 4, 4, 4, 4 ],[ 8, 2 ]);
GROU(25,8,[ 1, 4, 4, 4, 4, 4, 4, 4, 4 ],[ 8, 3 ]);
GROU(25,8,[ 1, 4, 4, 4, 4, 4, 4, 4, 4 ],[ 8, 4 ]);
GROU(25,8,[ 1, 2, 4, 4, 4, 4, 4, 8, 8 ],[ 8, 1 ]);
GROU(25,8,[ 1, 2, 2, 4, 4, 8, 8, 8, 8 ],[ 8, 1 ]);
GROU(25,8,[ 1, 2, 2, 2, 4, 4, 4, 4, 4, 4 ],[ 8, 1 ]);
GROU(25,8,[ 1, 2, 2, 2, 4, 4, 4, 4, 4, 4 ],[ 8, 2 ]);
GROU(25,8,[ 1, 2, 2, 2, 4, 4, 4, 4, 4, 4 ],[ 8, 3 ]);
GROU(25,8,[ 1, 2, 2, 2, 4, 4, 4, 4, 4, 4 ],[ 8, 4 ]);
GROU(25,8,[ 1, 2, 2, 2, 2, 4, 4, 4, 8, 8 ],[ 8, 1 ]);
GROU(25,8,[ 1, 2, 2, 2, 2, 2, 8, 8, 8, 8 ],[ 8, 1 ]);
GROU(25,8,[ 1, 2, 2, 2, 2, 2, 2, 4, 4, 4, 4 ],[ 8, 1 ]);
GROU(25,8,[ 1, 2, 2, 2, 2, 2, 2, 4, 4, 4, 4 ],[ 8, 2 ]);
GROU(25,8,[ 1, 2, 2, 2, 2, 2, 2, 4, 4, 4, 4 ],[ 8, 3 ]);
GROU(25,8,[ 1, 2, 2, 2, 2, 2, 2, 4, 4, 4, 4 ],[ 8, 4 ]);
GROU(25,8,[ 1, 2, 2, 2, 2, 2, 2, 2, 4, 8, 8 ],[ 8, 1 ]);
GROU(25,8,[ 1, 2, 2, 2, 2, 2, 2, 2, 2, 2, 4, 4 ],[ 8, 1 ]);
GROU(25,8,[ 1, 2, 2, 2, 2, 2, 2, 2, 2, 2, 4, 4 ],[ 8, 2 ]);
GROU(25,8,[ 1, 2, 2, 2, 2, 2, 2, 2, 2, 2, 4, 4 ],[ 8, 3 ]);
GROU(25,8,[ 1, 2, 2, 2, 2, 2, 2, 2, 2, 2, 4, 4 ],[ 8, 4 ]);
GROU(25,8,[ 1, 2, 2, 2, 2, 2, 2, 2, 2, 2, 2, 2, 2 ],[ 8, 1 ]);
GROU(25,8,[ 1, 2, 2, 2, 2, 2, 2, 2, 2, 2, 2, 2, 2 ],[ 8, 2 ]);
GROU(25,8,[ 1, 2, 2, 2, 2, 2, 2, 2, 2, 2, 2, 2, 2 ],[ 8, 3 ]);
GROU(25,8,[ 1, 2, 2, 2, 2, 2, 2, 2, 2, 2, 2, 2, 2 ],[ 8, 5 ]);
GROU(25,9,[ 1, 9, 9, 9, 9, 9, 9 ],[ 9, 1 ]);
GROU(25,9,[ 1, 3, 3, 3, 3, 9, 9, 9 ],[ 9, 1 ]);
GROU(25,9,[ 1, 3, 3, 3, 3, 3, 3, 3, 3 ],[ 9, 1 ]);
GROU(25,9,[ 1, 3, 3, 3, 3, 3, 3, 3, 3 ],[ 9, 2 ]);
GROU(25,10,[ 1, 5, 5, 5, 5, 5, 5 ],[ 10, 1 ]);
GROU(25,10,[ 1, 5, 5, 5, 5, 5, 5 ],[ 10, 2 ]);
GROU(25,10,[ 1, 2, 5, 5, 10, 10, 10 ],[ 10, 2 ]);
GROU(25,10,[ 1, 2, 2, 2, 5, 5, 5, 10 ],[ 10, 2 ]);
GROU(25,10,[ 1, 2, 2, 2, 2, 2, 2, 10, 10 ],[ 10, 2 ]);
GROU(25,10,[ 1, 2, 2, 2, 2, 2, 2, 2, 2, 5 ],[ 10, 1 ]);
GROU(25,12,[ 1, 4, 4, 6, 6, 6 ],[ 12, 1 ]);
GROU(25,12,[ 1, 4, 4, 6, 6, 6 ],[ 12, 2 ]);
GROU(25,12,[ 1, 4, 4, 4, 6, 12 ],[ 12, 2 ]);
GROU(25,12,[ 1, 3, 6, 6, 6, 6 ],[ 12, 1 ]);
GROU(25,12,[ 1, 3, 6, 6, 6, 6 ],[ 12, 2 ]);
GROU(25,12,[ 1, 3, 6, 6, 6, 6 ],[ 12, 4 ]);
GROU(25,12,[ 1, 3, 6, 6, 6, 6 ],[ 12, 5 ]);
GROU(25,12,[ 1, 3, 4, 6, 6, 12 ],[ 12, 2 ]);
GROU(25,12,[ 1, 3, 4, 4, 12, 12 ],[ 12, 2 ]);
GROU(25,12,[ 1, 3, 3, 6, 12, 12 ],[ 12, 2 ]);
GROU(25,12,[ 1, 3, 3, 3, 3, 3, 3 ],[ 12, 1 ]);
GROU(25,12,[ 1, 3, 3, 3, 3, 3, 3 ],[ 12, 2 ]);
GROU(25,12,[ 1, 3, 3, 3, 3, 3, 3 ],[ 12, 3 ]);
GROU(25,12,[ 1, 3, 3, 3, 3, 3, 3 ],[ 12, 4 ]);
GROU(25,12,[ 1, 3, 3, 3, 3, 3, 3 ],[ 12, 5 ]);
GROU(25,12,[ 1, 2, 6, 6, 12, 12 ],[ 12, 2 ]);
GROU(25,12,[ 1, 2, 4, 12, 12, 12 ],[ 12, 2 ]);
GROU(25,12,[ 1, 2, 3, 3, 3, 4, 4 ],[ 12, 1 ]);
GROU(25,12,[ 1, 2, 3, 3, 3, 4, 4 ],[ 12, 2 ]);
GROU(25,12,[ 1, 2, 3, 3, 3, 3, 6 ],[ 12, 1 ]);
GROU(25,12,[ 1, 2, 3, 3, 3, 3, 6 ],[ 12, 2 ]);
GROU(25,12,[ 1, 2, 3, 3, 3, 3, 6 ],[ 12, 4 ]);
GROU(25,12,[ 1, 2, 3, 3, 3, 3, 6 ],[ 12, 5 ]);
GROU(25,12,[ 1, 2, 2, 4, 4, 4, 4 ],[ 12, 1 ]);
GROU(25,12,[ 1, 2, 2, 4, 4, 4, 4 ],[ 12, 2 ]);
GROU(25,12,[ 1, 2, 2, 3, 4, 4, 6 ],[ 12, 1 ]);
GROU(25,12,[ 1, 2, 2, 3, 4, 4, 6 ],[ 12, 2 ]);
GROU(25,12,[ 1, 2, 2, 3, 3, 6, 6 ],[ 12, 1 ]);
GROU(25,12,[ 1, 2, 2, 3, 3, 6, 6 ],[ 12, 2 ]);
GROU(25,12,[ 1, 2, 2, 3, 3, 6, 6 ],[ 12, 4 ]);
GROU(25,12,[ 1, 2, 2, 3, 3, 6, 6 ],[ 12, 5 ]);
GROU(25,12,[ 1, 2, 2, 3, 3, 4, 12 ],[ 12, 2 ]);
GROU(25,12,[ 1, 2, 2, 2, 6, 6, 6 ],[ 12, 1 ]);
GROU(25,12,[ 1, 2, 2, 2, 6, 6, 6 ],[ 12, 2 ]);
GROU(25,12,[ 1, 2, 2, 2, 6, 6, 6 ],[ 12, 4 ]);
GROU(25,12,[ 1, 2, 2, 2, 6, 6, 6 ],[ 12, 5 ]);
GROU(25,12,[ 1, 2, 2, 2, 4, 6, 12 ],[ 12, 2 ]);
GROU(25,12,[ 1, 2, 2, 2, 3, 12, 12 ],[ 12, 2 ]);
GROU(25,12,[ 1, 2, 2, 2, 2, 3, 3, 3 ],[ 12, 1 ]);
GROU(25,12,[ 1, 2, 2, 2, 2, 3, 3, 3 ],[ 12, 2 ]);
GROU(25,12,[ 1, 2, 2, 2, 2, 3, 3, 3 ],[ 12, 3 ]);
GROU(25,12,[ 1, 2, 2, 2, 2, 3, 3, 3 ],[ 12, 4 ]);
GROU(25,12,[ 1, 2, 2, 2, 2, 3, 3, 3 ],[ 12, 5 ]);
GROU(25,12,[ 1, 2, 2, 2, 2, 2, 4, 4 ],[ 12, 1 ]);
GROU(25,12,[ 1, 2, 2, 2, 2, 2, 4, 4 ],[ 12, 2 ]);
GROU(25,12,[ 1, 2, 2, 2, 2, 2, 3, 6 ],[ 12, 1 ]);
GROU(25,12,[ 1, 2, 2, 2, 2, 2, 3, 6 ],[ 12, 2 ]);
GROU(25,12,[ 1, 2, 2, 2, 2, 2, 3, 6 ],[ 12, 4 ]);
GROU(25,12,[ 1, 2, 2, 2, 2, 2, 3, 6 ],[ 12, 5 ]);
GROU(25,12,[ 1, 2, 2, 2, 2, 2, 2, 2, 2 ],[ 12, 2 ]);
GROU(25,12,[ 1, 2, 2, 2, 2, 2, 2, 2, 2 ],[ 12, 3 ]);
GROU(25,12,[ 1, 2, 2, 2, 2, 2, 2, 2, 2 ],[ 12, 4 ]);
GROU(25,12,[ 1, 2, 2, 2, 2, 2, 2, 2, 2 ],[ 12, 5 ]);
GROU(25,13,[ 1, 13, 13, 13, 13 ],[ 13, 1 ]);
GROU(25,14,[ 1, 7, 7, 7, 7 ],[ 14, 1 ]);
GROU(25,14,[ 1, 7, 7, 7, 7 ],[ 14, 2 ]);
GROU(25,15,[ 1, 5, 5, 5, 5 ],[ 15, 1 ]);
GROU(25,15,[ 1, 3, 5, 5, 15 ],[ 15, 1 ]);
GROU(25,15,[ 1, 3, 3, 15, 15 ],[ 15, 1 ]);
GROU(25,16,[ 1, 4, 4, 4, 4 ],[ 16, 1 ]);
GROU(25,16,[ 1, 4, 4, 4, 4 ],[ 16, 2 ]);
GROU(25,16,[ 1, 4, 4, 4, 4 ],[ 16, 3 ]);
GROU(25,16,[ 1, 4, 4, 4, 4 ],[ 16, 4 ]);
GROU(25,16,[ 1, 4, 4, 4, 4 ],[ 16, 5 ]);
GROU(25,16,[ 1, 4, 4, 4, 4 ],[ 16, 6 ]);
GROU(25,16,[ 1, 4, 4, 4, 4 ],[ 16, 8 ]);
GROU(25,16,[ 1, 4, 4, 4, 4 ],[ 16, 9 ]);
GROU(25,16,[ 1, 4, 4, 4, 4 ],[ 16, 10 ]);
GROU(25,16,[ 1, 4, 4, 4, 4 ],[ 16, 11 ]);
GROU(25,16,[ 1, 4, 4, 4, 4 ],[ 16, 12 ]);
GROU(25,16,[ 1, 4, 4, 4, 4 ],[ 16, 13 ]);
GROU(25,16,[ 1, 2, 4, 8, 8 ],[ 16, 1 ]);
GROU(25,16,[ 1, 2, 4, 8, 8 ],[ 16, 5 ]);
GROU(25,16,[ 1, 2, 4, 8, 8 ],[ 16, 6 ]);
GROU(25,16,[ 1, 2, 4, 8, 8 ],[ 16, 7 ]);
GROU(25,16,[ 1, 2, 4, 8, 8 ],[ 16, 8 ]);
GROU(25,16,[ 1, 2, 4, 8, 8 ],[ 16, 9 ]);
GROU(25,16,[ 1, 2, 2, 2, 4, 4 ],[ 16, 1 ]);
GROU(25,16,[ 1, 2, 2, 2, 4, 4 ],[ 16, 2 ]);
GROU(25,16,[ 1, 2, 2, 2, 4, 4 ],[ 16, 3 ]);
GROU(25,16,[ 1, 2, 2, 2, 4, 4 ],[ 16, 4 ]);
GROU(25,16,[ 1, 2, 2, 2, 4, 4 ],[ 16, 5 ]);
GROU(25,16,[ 1, 2, 2, 2, 4, 4 ],[ 16, 6 ]);
GROU(25,16,[ 1, 2, 2, 2, 4, 4 ],[ 16, 7 ]);
GROU(25,16,[ 1, 2, 2, 2, 4, 4 ],[ 16, 8 ]);
GROU(25,16,[ 1, 2, 2, 2, 4, 4 ],[ 16, 9 ]);
GROU(25,16,[ 1, 2, 2, 2, 4, 4 ],[ 16, 10 ]);
GROU(25,16,[ 1, 2, 2, 2, 4, 4 ],[ 16, 11 ]);
GROU(25,16,[ 1, 2, 2, 2, 4, 4 ],[ 16, 12 ]);
GROU(25,16,[ 1, 2, 2, 2, 4, 4 ],[ 16, 13 ]);
GROU(25,16,[ 1, 2, 2, 2, 2, 2, 2 ],[ 16, 1 ]);
GROU(25,16,[ 1, 2, 2, 2, 2, 2, 2 ],[ 16, 3 ]);
GROU(25,16,[ 1, 2, 2, 2, 2, 2, 2 ],[ 16, 4 ]);
GROU(25,16,[ 1, 2, 2, 2, 2, 2, 2 ],[ 16, 5 ]);
GROU(25,16,[ 1, 2, 2, 2, 2, 2, 2 ],[ 16, 6 ]);
GROU(25,16,[ 1, 2, 2, 2, 2, 2, 2 ],[ 16, 7 ]);
GROU(25,16,[ 1, 2, 2, 2, 2, 2, 2 ],[ 16, 8 ]);
GROU(25,16,[ 1, 2, 2, 2, 2, 2, 2 ],[ 16, 10 ]);
GROU(25,16,[ 1, 2, 2, 2, 2, 2, 2 ],[ 16, 11 ]);
GROU(25,16,[ 1, 2, 2, 2, 2, 2, 2 ],[ 16, 12 ]);
GROU(25,16,[ 1, 2, 2, 2, 2, 2, 2 ],[ 16, 13 ]);
GROU(25,16,[ 1, 2, 2, 2, 2, 2, 2 ],[ 16, 14 ]);
GROU(25,17,[ 1, 17, 17, 17 ],[ 17, 1 ]);
GROU(25,18,[ 1, 9, 9, 9 ],[ 18, 1 ]);
GROU(25,18,[ 1, 9, 9, 9 ],[ 18, 2 ]);
GROU(25,18,[ 1, 6, 9, 18 ],[ 18, 2 ]);
GROU(25,18,[ 1, 3, 3, 3, 3 ],[ 18, 2 ]);
GROU(25,18,[ 1, 3, 3, 3, 3 ],[ 18, 3 ]);
GROU(25,18,[ 1, 3, 3, 3, 3 ],[ 18, 4 ]);
GROU(25,18,[ 1, 3, 3, 3, 3 ],[ 18, 5 ]);
GROU(25,18,[ 1, 2, 3, 3, 6 ],[ 18, 2 ]);
GROU(25,18,[ 1, 2, 3, 3, 6 ],[ 18, 3 ]);
GROU(25,18,[ 1, 2, 3, 3, 6 ],[ 18, 5 ]);
GROU(25,18,[ 1, 2, 2, 6, 6 ],[ 18, 2 ]);
GROU(25,18,[ 1, 2, 2, 6, 6 ],[ 18, 3 ]);
GROU(25,18,[ 1, 2, 2, 6, 6 ],[ 18, 5 ]);
GROU(25,18,[ 1, 2, 2, 2, 2, 3 ],[ 18, 1 ]);
GROU(25,18,[ 1, 2, 2, 2, 2, 3 ],[ 18, 3 ]);
GROU(25,18,[ 1, 2, 2, 2, 2, 3 ],[ 18, 4 ]);
GROU(25,20,[ 1, 5, 5, 5 ],[ 20, 1 ]);
GROU(25,20,[ 1, 5, 5, 5 ],[ 20, 2 ]);
GROU(25,20,[ 1, 5, 5, 5 ],[ 20, 3 ]);
GROU(25,20,[ 1, 5, 5, 5 ],[ 20, 4 ]);
GROU(25,20,[ 1, 5, 5, 5 ],[ 20, 5 ]);
GROU(25,20,[ 1, 4, 4, 10 ],[ 20, 1 ]);
GROU(25,20,[ 1, 2, 20, 20 ],[ 20, 2 ]);
GROU(25,20,[ 1, 2, 2, 2, 10 ],[ 20, 1 ]);
GROU(25,20,[ 1, 2, 2, 2, 10 ],[ 20, 4 ]);
GROU(25,24,[ 1, 3, 3, 3 ],[ 24, 1 ]);
GROU(25,24,[ 1, 3, 3, 3 ],[ 24, 2 ]);
GROU(25,24,[ 1, 3, 3, 3 ],[ 24, 3 ]);
GROU(25,24,[ 1, 3, 3, 3 ],[ 24, 5 ]);
GROU(25,24,[ 1, 3, 3, 3 ],[ 24, 7 ]);
GROU(25,24,[ 1, 3, 3, 3 ],[ 24, 9 ]);
GROU(25,24,[ 1, 3, 3, 3 ],[ 24, 12 ]);
GROU(25,24,[ 1, 3, 3, 3 ],[ 24, 13 ]);
GROU(25,24,[ 1, 2, 4, 4 ],[ 24, 2 ]);
GROU(25,24,[ 1, 2, 4, 4 ],[ 24, 3 ]);
GROU(25,24,[ 1, 2, 4, 4 ],[ 24, 4 ]);
GROU(25,24,[ 1, 2, 4, 4 ],[ 24, 5 ]);
GROU(25,24,[ 1, 2, 4, 4 ],[ 24, 7 ]);
GROU(25,24,[ 1, 2, 4, 4 ],[ 24, 8 ]);
GROU(25,24,[ 1, 2, 4, 4 ],[ 24, 9 ]);
GROU(25,24,[ 1, 2, 4, 4 ],[ 24, 10 ]);
GROU(25,24,[ 1, 2, 4, 4 ],[ 24, 11 ]);
GROU(25,24,[ 1, 2, 4, 4 ],[ 24, 12 ]);
GROU(25,24,[ 1, 2, 3, 6 ],[ 24, 1 ]);
GROU(25,24,[ 1, 2, 3, 6 ],[ 24, 2 ]);
GROU(25,24,[ 1, 2, 3, 6 ],[ 24, 3 ]);
GROU(25,24,[ 1, 2, 3, 6 ],[ 24, 5 ]);
GROU(25,24,[ 1, 2, 3, 6 ],[ 24, 7 ]);
GROU(25,24,[ 1, 2, 3, 6 ],[ 24, 8 ]);
GROU(25,24,[ 1, 2, 3, 6 ],[ 24, 9 ]);
GROU(25,24,[ 1, 2, 3, 6 ],[ 24, 10 ]);
GROU(25,24,[ 1, 2, 3, 6 ],[ 24, 13 ]);
GROU(25,24,[ 1, 2, 3, 6 ],[ 24, 14 ]);
GROU(25,24,[ 1, 2, 3, 6 ],[ 24, 15 ]);
GROU(25,24,[ 1, 2, 2, 2, 2 ],[ 24, 2 ]);
GROU(25,24,[ 1, 2, 2, 2, 2 ],[ 24, 5 ]);
GROU(25,24,[ 1, 2, 2, 2, 2 ],[ 24, 6 ]);
GROU(25,24,[ 1, 2, 2, 2, 2 ],[ 24, 8 ]);
GROU(25,24,[ 1, 2, 2, 2, 2 ],[ 24, 9 ]);
GROU(25,24,[ 1, 2, 2, 2, 2 ],[ 24, 10 ]);
GROU(25,24,[ 1, 2, 2, 2, 2 ],[ 24, 12 ]);
GROU(25,24,[ 1, 2, 2, 2, 2 ],[ 24, 13 ]);
GROU(25,24,[ 1, 2, 2, 2, 2 ],[ 24, 14 ]);
GROU(25,24,[ 1, 2, 2, 2, 2 ],[ 24, 15 ]);
GROU(25,25,[ 1, 25, 25 ],[ 25, 1 ]);
GROU(25,26,[ 1, 13, 13 ],[ 26, 1 ]);
GROU(25,26,[ 1, 13, 13 ],[ 26, 2 ]);
GROU(25,27,[ 1, 9, 9 ],[ 27, 1 ]);
GROU(25,27,[ 1, 9, 9 ],[ 27, 2 ]);
GROU(25,27,[ 1, 9, 9 ],[ 27, 4 ]);
GROU(25,28,[ 1, 7, 7 ],[ 28, 1 ]);
GROU(25,28,[ 1, 7, 7 ],[ 28, 2 ]);
GROU(25,28,[ 1, 7, 7 ],[ 28, 3 ]);
GROU(25,28,[ 1, 7, 7 ],[ 28, 4 ]);
GROU(25,30,[ 1, 5, 5 ],[ 30, 2 ]);
GROU(25,30,[ 1, 5, 5 ],[ 30, 4 ]);
GROU(25,30,[ 1, 3, 15 ],[ 30, 2 ]);
GROU(25,30,[ 1, 3, 15 ],[ 30, 3 ]);
GROU(25,32,[ 1, 4, 4 ],[ 32, 1 ]);
GROU(25,32,[ 1, 4, 4 ],[ 32, 2 ]);
GROU(25,32,[ 1, 4, 4 ],[ 32, 3 ]);
GROU(25,32,[ 1, 4, 4 ],[ 32, 4 ]);
GROU(25,32,[ 1, 4, 4 ],[ 32, 5 ]);
GROU(25,32,[ 1, 4, 4 ],[ 32, 6 ]);
GROU(25,32,[ 1, 4, 4 ],[ 32, 7 ]);
GROU(25,32,[ 1, 4, 4 ],[ 32, 8 ]);
GROU(25,32,[ 1, 4, 4 ],[ 32, 9 ]);
GROU(25,32,[ 1, 4, 4 ],[ 32, 10 ]);
GROU(25,32,[ 1, 4, 4 ],[ 32, 11 ]);
GROU(25,32,[ 1, 4, 4 ],[ 32, 12 ]);
GROU(25,32,[ 1, 4, 4 ],[ 32, 13 ]);
GROU(25,32,[ 1, 4, 4 ],[ 32, 14 ]);
GROU(25,32,[ 1, 4, 4 ],[ 32, 16 ]);
GROU(25,32,[ 1, 4, 4 ],[ 32, 17 ]);
GROU(25,32,[ 1, 4, 4 ],[ 32, 19 ]);
GROU(25,32,[ 1, 4, 4 ],[ 32, 20 ]);
GROU(25,32,[ 1, 4, 4 ],[ 32, 21 ]);
GROU(25,32,[ 1, 4, 4 ],[ 32, 22 ]);
GROU(25,32,[ 1, 4, 4 ],[ 32, 23 ]);
GROU(25,32,[ 1, 4, 4 ],[ 32, 24 ]);
GROU(25,32,[ 1, 4, 4 ],[ 32, 25 ]);
GROU(25,32,[ 1, 4, 4 ],[ 32, 26 ]);
GROU(25,32,[ 1, 4, 4 ],[ 32, 27 ]);
GROU(25,32,[ 1, 4, 4 ],[ 32, 28 ]);
GROU(25,32,[ 1, 4, 4 ],[ 32, 29 ]);
GROU(25,32,[ 1, 4, 4 ],[ 32, 30 ]);
GROU(25,32,[ 1, 4, 4 ],[ 32, 31 ]);
GROU(25,32,[ 1, 4, 4 ],[ 32, 32 ]);
GROU(25,32,[ 1, 4, 4 ],[ 32, 33 ]);
GROU(25,32,[ 1, 4, 4 ],[ 32, 34 ]);
GROU(25,32,[ 1, 4, 4 ],[ 32, 35 ]);
GROU(25,32,[ 1, 4, 4 ],[ 32, 37 ]);
GROU(25,32,[ 1, 4, 4 ],[ 32, 38 ]);
GROU(25,32,[ 1, 4, 4 ],[ 32, 40 ]);
GROU(25,32,[ 1, 4, 4 ],[ 32, 41 ]);
GROU(25,32,[ 1, 4, 4 ],[ 32, 42 ]);
GROU(25,32,[ 1, 4, 4 ],[ 32, 43 ]);
GROU(25,32,[ 1, 4, 4 ],[ 32, 44 ]);
GROU(25,32,[ 1, 2, 2, 2 ],[ 32, 5 ]);
GROU(25,32,[ 1, 2, 2, 2 ],[ 32, 6 ]);
GROU(25,32,[ 1, 2, 2, 2 ],[ 32, 7 ]);
GROU(25,32,[ 1, 2, 2, 2 ],[ 32, 8 ]);
GROU(25,32,[ 1, 2, 2, 2 ],[ 32, 9 ]);
GROU(25,32,[ 1, 2, 2, 2 ],[ 32, 11 ]);
GROU(25,32,[ 1, 2, 2, 2 ],[ 32, 12 ]);
GROU(25,32,[ 1, 2, 2, 2 ],[ 32, 16 ]);
GROU(25,32,[ 1, 2, 2, 2 ],[ 32, 17 ]);
GROU(25,32,[ 1, 2, 2, 2 ],[ 32, 18 ]);
GROU(25,32,[ 1, 2, 2, 2 ],[ 32, 19 ]);
GROU(25,32,[ 1, 2, 2, 2 ],[ 32, 22 ]);
GROU(25,32,[ 1, 2, 2, 2 ],[ 32, 23 ]);
GROU(25,32,[ 1, 2, 2, 2 ],[ 32, 24 ]);
GROU(25,32,[ 1, 2, 2, 2 ],[ 32, 25 ]);
GROU(25,32,[ 1, 2, 2, 2 ],[ 32, 27 ]);
GROU(25,32,[ 1, 2, 2, 2 ],[ 32, 28 ]);
GROU(25,32,[ 1, 2, 2, 2 ],[ 32, 29 ]);
GROU(25,32,[ 1, 2, 2, 2 ],[ 32, 30 ]);
GROU(25,32,[ 1, 2, 2, 2 ],[ 32, 31 ]);
GROU(25,32,[ 1, 2, 2, 2 ],[ 32, 33 ]);
GROU(25,32,[ 1, 2, 2, 2 ],[ 32, 34 ]);
GROU(25,32,[ 1, 2, 2, 2 ],[ 32, 36 ]);
GROU(25,32,[ 1, 2, 2, 2 ],[ 32, 37 ]);
GROU(25,32,[ 1, 2, 2, 2 ],[ 32, 38 ]);
GROU(25,32,[ 1, 2, 2, 2 ],[ 32, 39 ]);
GROU(25,32,[ 1, 2, 2, 2 ],[ 32, 40 ]);
GROU(25,32,[ 1, 2, 2, 2 ],[ 32, 42 ]);
GROU(25,32,[ 1, 2, 2, 2 ],[ 32, 43 ]);
GROU(25,32,[ 1, 2, 2, 2 ],[ 32, 44 ]);
GROU(25,32,[ 1, 2, 2, 2 ],[ 32, 46 ]);
GROU(25,32,[ 1, 2, 2, 2 ],[ 32, 47 ]);
GROU(25,32,[ 1, 2, 2, 2 ],[ 32, 48 ]);
GROU(25,32,[ 1, 2, 2, 2 ],[ 32, 49 ]);
GROU(25,36,[ 1, 3, 3 ],[ 36, 2 ]);
GROU(25,36,[ 1, 3, 3 ],[ 36, 5 ]);
GROU(25,36,[ 1, 3, 3 ],[ 36, 6 ]);
GROU(25,36,[ 1, 3, 3 ],[ 36, 7 ]);
GROU(25,36,[ 1, 3, 3 ],[ 36, 8 ]);
GROU(25,36,[ 1, 3, 3 ],[ 36, 9 ]);
GROU(25,36,[ 1, 3, 3 ],[ 36, 10 ]);
GROU(25,36,[ 1, 3, 3 ],[ 36, 11 ]);
GROU(25,36,[ 1, 3, 3 ],[ 36, 12 ]);
GROU(25,36,[ 1, 3, 3 ],[ 36, 13 ]);
GROU(25,36,[ 1, 3, 3 ],[ 36, 14 ]);
GROU(25,36,[ 1, 2, 6 ],[ 36, 6 ]);
GROU(25,36,[ 1, 2, 6 ],[ 36, 10 ]);
GROU(25,36,[ 1, 2, 6 ],[ 36, 12 ]);
GROU(25,48,[ 1, 2, 2 ],[ 48, 2 ]);
GROU(25,48,[ 1, 2, 2 ],[ 48, 4 ]);
GROU(25,48,[ 1, 2, 2 ],[ 48, 5 ]);
GROU(25,48,[ 1, 2, 2 ],[ 48, 6 ]);
GROU(25,48,[ 1, 2, 2 ],[ 48, 7 ]);
GROU(25,48,[ 1, 2, 2 ],[ 48, 14 ]);
GROU(25,48,[ 1, 2, 2 ],[ 48, 15 ]);
GROU(25,48,[ 1, 2, 2 ],[ 48, 17 ]);
GROU(25,48,[ 1, 2, 2 ],[ 48, 21 ]);
GROU(25,48,[ 1, 2, 2 ],[ 48, 22 ]);
GROU(25,48,[ 1, 2, 2 ],[ 48, 23 ]);
GROU(25,48,[ 1, 2, 2 ],[ 48, 24 ]);
GROU(25,48,[ 1, 2, 2 ],[ 48, 25 ]);
GROU(25,48,[ 1, 2, 2 ],[ 48, 26 ]);
GROU(25,48,[ 1, 2, 2 ],[ 48, 29 ]);
GROU(25,48,[ 1, 2, 2 ],[ 48, 31 ]);
GROU(25,48,[ 1, 2, 2 ],[ 48, 33 ]);
GROU(25,48,[ 1, 2, 2 ],[ 48, 36 ]);
GROU(25,48,[ 1, 2, 2 ],[ 48, 37 ]);
GROU(25,48,[ 1, 2, 2 ],[ 48, 38 ]);
GROU(25,48,[ 1, 2, 2 ],[ 48, 39 ]);
GROU(25,48,[ 1, 2, 2 ],[ 48, 40 ]);
GROU(25,48,[ 1, 2, 2 ],[ 48, 41 ]);
GROU(25,48,[ 1, 2, 2 ],[ 48, 43 ]);
GROU(25,48,[ 1, 2, 2 ],[ 48, 45 ]);
GROU(25,48,[ 1, 2, 2 ],[ 48, 46 ]);
GROU(25,48,[ 1, 2, 2 ],[ 48, 47 ]);
GROU(25,48,[ 1, 2, 2 ],[ 48, 48 ]);
GROU(25,48,[ 1, 2, 2 ],[ 48, 49 ]);
GROU(25,48,[ 1, 2, 2 ],[ 48, 50 ]);
GROU(25,50,[ 1, 25 ],[ 50, 1 ]);
GROU(25,52,[ 1, 13 ],[ 52, 1 ]);
GROU(25,52,[ 1, 13 ],[ 52, 3 ]);
GROU(25,52,[ 1, 13 ],[ 52, 4 ]);
GROU(25,54,[ 1, 9 ],[ 54, 3 ]);
GROU(25,54,[ 1, 9 ],[ 54, 6 ]);
GROU(25,56,[ 1, 7 ],[ 56, 1 ]);
GROU(25,56,[ 1, 7 ],[ 56, 4 ]);
GROU(25,56,[ 1, 7 ],[ 56, 6 ]);
GROU(25,60,[ 1, 5 ],[ 60, 2 ]);
GROU(25,60,[ 1, 5 ],[ 60, 5 ]);
GROU(25,60,[ 1, 5 ],[ 60, 6 ]);
GROU(25,60,[ 1, 5 ],[ 60, 10 ]);
GROU(25,64,[ 1, 4 ],[ 64, 6 ]);
GROU(25,64,[ 1, 4 ],[ 64, 7 ]);
GROU(25,64,[ 1, 4 ],[ 64, 8 ]);
GROU(25,64,[ 1, 4 ],[ 64, 9 ]);
GROU(25,64,[ 1, 4 ],[ 64, 10 ]);
GROU(25,64,[ 1, 4 ],[ 64, 11 ]);
GROU(25,64,[ 1, 4 ],[ 64, 12 ]);
GROU(25,64,[ 1, 4 ],[ 64, 13 ]);
GROU(25,64,[ 1, 4 ],[ 64, 14 ]);
GROU(25,64,[ 1, 4 ],[ 64, 15 ]);
GROU(25,64,[ 1, 4 ],[ 64, 16 ]);
GROU(25,64,[ 1, 4 ],[ 64, 18 ]);
GROU(25,64,[ 1, 4 ],[ 64, 19 ]);
GROU(25,64,[ 1, 4 ],[ 64, 20 ]);
GROU(25,64,[ 1, 4 ],[ 64, 21 ]);
GROU(25,64,[ 1, 4 ],[ 64, 22 ]);
GROU(25,64,[ 1, 4 ],[ 64, 28 ]);
GROU(25,64,[ 1, 4 ],[ 64, 31 ]);
GROU(25,64,[ 1, 4 ],[ 64, 34 ]);
GROU(25,64,[ 1, 4 ],[ 64, 35 ]);
GROU(25,64,[ 1, 4 ],[ 64, 36 ]);
GROU(25,64,[ 1, 4 ],[ 64, 37 ]);
GROU(25,64,[ 1, 4 ],[ 64, 45 ]);
GROU(25,72,[ 1, 3 ],[ 72, 12 ]);
GROU(25,72,[ 1, 3 ],[ 72, 19 ]);
GROU(25,72,[ 1, 3 ],[ 72, 20 ]);
GROU(25,72,[ 1, 3 ],[ 72, 21 ]);
GROU(25,72,[ 1, 3 ],[ 72, 27 ]);
GROU(25,72,[ 1, 3 ],[ 72, 29 ]);
GROU(25,72,[ 1, 3 ],[ 72, 39 ]);
GROU(25,72,[ 1, 3 ],[ 72, 42 ]);
GROU(25,72,[ 1, 3 ],[ 72, 45 ]);
GROU(25,96,[ 1, 2 ],[ 96, 45 ]);
GROU(25,96,[ 1, 2 ],[ 96, 47 ]);
GROU(25,96,[ 1, 2 ],[ 96, 48 ]);
GROU(25,96,[ 1, 2 ],[ 96, 49 ]);
GROU(25,96,[ 1, 2 ],[ 96, 50 ]);
GROU(25,96,[ 1, 2 ],[ 96, 51 ]);
GROU(25,96,[ 1, 2 ],[ 96, 55 ]);
GROU(25,96,[ 1, 2 ],[ 96, 60 ]);
GROU(25,96,[ 1, 2 ],[ 96, 70 ]);
GROU(25,96,[ 1, 2 ],[ 96, 73 ]);
GROU(25,96,[ 1, 2 ],[ 96, 196 ]);
GROU(25,96,[ 1, 2 ],[ 96, 197 ]);
GROU(25,96,[ 1, 2 ],[ 96, 199 ]);
GROU(25,2,[ 2, 2, 2, 2, 2, 2, 2, 2, 2, 2, 2, 2, 2, 2, 2, 2, 2, 2, 2, 2, 2, 2, 
  2, 2, 2, 2, 2, 2, 2, 2, 2, 2, 2, 2, 2, 2, 2, 2, 2, 2, 2, 2, 2, 2, 2 ],
[ 2, 1 ]);
GROU(25,3,[ 2, 3, 3, 3, 3, 3, 3, 3, 3, 3, 3, 3, 3, 3, 3, 3, 3, 3, 3, 3, 3, 3 
 ],[ 3, 1 ]);
GROU(25,4,[ 2, 2, 2, 4, 4, 4, 4, 4, 4, 4, 4, 4, 4, 4, 4 ],[ 4, 1 ]);
GROU(25,4,[ 2, 2, 2, 2, 2, 2, 4, 4, 4, 4, 4, 4, 4, 4, 4, 4 ],[ 4, 1 ]);
GROU(25,4,[ 2, 2, 2, 2, 2, 2, 2, 2, 2, 4, 4, 4, 4, 4, 4, 4, 4 ],[ 4, 1 ]);
GROU(25,4,[ 2, 2, 2, 2, 2, 2, 2, 2, 2, 2, 2, 2, 4, 4, 4, 4, 4, 4 ],[ 4, 1 ]);
GROU(25,4,[ 2, 2, 2, 2, 2, 2, 2, 2, 2, 2, 2, 2, 2, 2, 2, 4, 4, 4, 4 ],
[ 4, 1 ]);
GROU(25,4,[ 2, 2, 2, 2, 2, 2, 2, 2, 2, 2, 2, 2, 2, 2, 2, 2, 2, 2, 4, 4 ],
[ 4, 1 ]);
GROU(25,4,[ 2, 2, 2, 2, 2, 2, 2, 2, 2, 2, 2, 2, 2, 2, 2, 2, 2, 2, 2, 2, 2 ],
[ 4, 1 ]);
GROU(25,4,[ 2, 2, 2, 2, 2, 2, 2, 2, 2, 2, 2, 2, 2, 2, 2, 2, 2, 2, 2, 2, 2 ],
[ 4, 2 ]);
GROU(25,6,[ 2, 3, 3, 3, 3, 6, 6, 6, 6 ],[ 6, 2 ]);
GROU(25,6,[ 2, 3, 3, 3, 3, 3, 3, 3, 3, 3 ],[ 6, 1 ]);
GROU(25,6,[ 2, 3, 3, 3, 3, 3, 3, 3, 3, 3 ],[ 6, 2 ]);
GROU(25,6,[ 2, 2, 3, 3, 6, 6, 6, 6, 6 ],[ 6, 2 ]);
GROU(25,6,[ 2, 2, 3, 3, 3, 3, 3, 3, 3, 6 ],[ 6, 2 ]);
GROU(25,6,[ 2, 2, 2, 6, 6, 6, 6, 6, 6 ],[ 6, 2 ]);
GROU(25,6,[ 2, 2, 2, 3, 3, 3, 3, 3, 6, 6 ],[ 6, 2 ]);
GROU(25,6,[ 2, 2, 2, 2, 3, 3, 3, 6, 6, 6 ],[ 6, 2 ]);
GROU(25,6,[ 2, 2, 2, 2, 2, 3, 6, 6, 6, 6 ],[ 6, 2 ]);
GROU(25,6,[ 2, 2, 2, 2, 2, 3, 3, 3, 3, 3, 3 ],[ 6, 1 ]);
GROU(25,6,[ 2, 2, 2, 2, 2, 3, 3, 3, 3, 3, 3 ],[ 6, 2 ]);
GROU(25,6,[ 2, 2, 2, 2, 2, 2, 3, 3, 3, 3, 6 ],[ 6, 2 ]);
GROU(25,6,[ 2, 2, 2, 2, 2, 2, 2, 3, 3, 6, 6 ],[ 6, 2 ]);
GROU(25,6,[ 2, 2, 2, 2, 2, 2, 2, 2, 6, 6, 6 ],[ 6, 2 ]);
GROU(25,6,[ 2, 2, 2, 2, 2, 2, 2, 2, 2, 3, 3, 3 ],[ 6, 1 ]);
GROU(25,6,[ 2, 2, 2, 2, 2, 2, 2, 2, 2, 3, 3, 3 ],[ 6, 2 ]);
GROU(25,6,[ 2, 2, 2, 2, 2, 2, 2, 2, 2, 2, 3, 6 ],[ 6, 2 ]);
GROU(25,6,[ 2, 2, 2, 2, 2, 2, 2, 2, 2, 2, 2, 2, 2 ],[ 6, 1 ]);
GROU(25,6,[ 2, 2, 2, 2, 2, 2, 2, 2, 2, 2, 2, 2, 2 ],[ 6, 2 ]);
GROU(25,8,[ 2, 4, 4, 4, 8, 8 ],[ 8, 1 ]);
GROU(25,8,[ 2, 2, 8, 8, 8, 8 ],[ 8, 1 ]);
GROU(25,8,[ 2, 2, 2, 4, 4, 4, 4 ],[ 8, 1 ]);
GROU(25,8,[ 2, 2, 2, 4, 4, 4, 4 ],[ 8, 2 ]);
GROU(25,8,[ 2, 2, 2, 4, 4, 4, 4 ],[ 8, 3 ]);
GROU(25,8,[ 2, 2, 2, 4, 4, 4, 4 ],[ 8, 4 ]);
GROU(25,8,[ 2, 2, 2, 2, 4, 8, 8 ],[ 8, 1 ]);
GROU(25,8,[ 2, 2, 2, 2, 2, 2, 4, 4 ],[ 8, 1 ]);
GROU(25,8,[ 2, 2, 2, 2, 2, 2, 4, 4 ],[ 8, 2 ]);
GROU(25,8,[ 2, 2, 2, 2, 2, 2, 4, 4 ],[ 8, 3 ]);
GROU(25,8,[ 2, 2, 2, 2, 2, 2, 4, 4 ],[ 8, 4 ]);
GROU(25,8,[ 2, 2, 2, 2, 2, 2, 2, 2, 2 ],[ 8, 1 ]);
GROU(25,8,[ 2, 2, 2, 2, 2, 2, 2, 2, 2 ],[ 8, 2 ]);
GROU(25,8,[ 2, 2, 2, 2, 2, 2, 2, 2, 2 ],[ 8, 3 ]);
GROU(25,8,[ 2, 2, 2, 2, 2, 2, 2, 2, 2 ],[ 8, 4 ]);
GROU(25,8,[ 2, 2, 2, 2, 2, 2, 2, 2, 2 ],[ 8, 5 ]);
GROU(25,9,[ 2, 3, 9, 9, 9 ],[ 9, 1 ]);
GROU(25,9,[ 2, 3, 3, 3, 3, 3 ],[ 9, 1 ]);
GROU(25,9,[ 2, 3, 3, 3, 3, 3 ],[ 9, 2 ]);
GROU(25,10,[ 2, 2, 2, 10, 10 ],[ 10, 2 ]);
GROU(25,10,[ 2, 2, 2, 2, 2, 5 ],[ 10, 1 ]);
GROU(25,12,[ 2, 3, 3, 3 ],[ 12, 1 ]);
GROU(25,12,[ 2, 3, 3, 3 ],[ 12, 2 ]);
GROU(25,12,[ 2, 3, 3, 3 ],[ 12, 3 ]);
GROU(25,12,[ 2, 3, 3, 3 ],[ 12, 4 ]);
GROU(25,12,[ 2, 3, 3, 3 ],[ 12, 5 ]);
GROU(25,12,[ 2, 2, 4, 4 ],[ 12, 1 ]);
GROU(25,12,[ 2, 2, 4, 4 ],[ 12, 2 ]);
GROU(25,12,[ 2, 2, 3, 6 ],[ 12, 1 ]);
GROU(25,12,[ 2, 2, 3, 6 ],[ 12, 2 ]);
GROU(25,12,[ 2, 2, 3, 6 ],[ 12, 4 ]);
GROU(25,12,[ 2, 2, 3, 6 ],[ 12, 5 ]);
GROU(25,12,[ 2, 2, 2, 2, 2 ],[ 12, 1 ]);
GROU(25,12,[ 2, 2, 2, 2, 2 ],[ 12, 2 ]);
GROU(25,12,[ 2, 2, 2, 2, 2 ],[ 12, 3 ]);
GROU(25,12,[ 2, 2, 2, 2, 2 ],[ 12, 4 ]);
GROU(25,12,[ 2, 2, 2, 2, 2 ],[ 12, 5 ]);
GROU(25,16,[ 2, 2, 2 ],[ 16, 1 ]);
GROU(25,16,[ 2, 2, 2 ],[ 16, 2 ]);
GROU(25,16,[ 2, 2, 2 ],[ 16, 3 ]);
GROU(25,16,[ 2, 2, 2 ],[ 16, 4 ]);
GROU(25,16,[ 2, 2, 2 ],[ 16, 5 ]);
GROU(25,16,[ 2, 2, 2 ],[ 16, 6 ]);
GROU(25,16,[ 2, 2, 2 ],[ 16, 7 ]);
GROU(25,16,[ 2, 2, 2 ],[ 16, 8 ]);
GROU(25,16,[ 2, 2, 2 ],[ 16, 9 ]);
GROU(25,16,[ 2, 2, 2 ],[ 16, 10 ]);
GROU(25,16,[ 2, 2, 2 ],[ 16, 11 ]);
GROU(25,16,[ 2, 2, 2 ],[ 16, 12 ]);
GROU(25,16,[ 2, 2, 2 ],[ 16, 13 ]);
GROU(25,16,[ 2, 2, 2 ],[ 16, 14 ]);
GROU(25,18,[ 2, 3 ],[ 18, 1 ]);
GROU(25,18,[ 2, 3 ],[ 18, 3 ]);
GROU(25,18,[ 2, 3 ],[ 18, 4 ]);
GROU(25,24,[ 2 ],[ 24, 1 ]);
GROU(25,24,[ 2 ],[ 24, 2 ]);
GROU(25,24,[ 2 ],[ 24, 3 ]);
GROU(25,24,[ 2 ],[ 24, 4 ]);
GROU(25,24,[ 2 ],[ 24, 5 ]);
GROU(25,24,[ 2 ],[ 24, 6 ]);
GROU(25,24,[ 2 ],[ 24, 7 ]);
GROU(25,24,[ 2 ],[ 24, 8 ]);
GROU(25,24,[ 2 ],[ 24, 9 ]);
GROU(25,24,[ 2 ],[ 24, 10 ]);
GROU(25,24,[ 2 ],[ 24, 11 ]);
GROU(25,24,[ 2 ],[ 24, 12 ]);
GROU(25,24,[ 2 ],[ 24, 13 ]);
GROU(25,24,[ 2 ],[ 24, 14 ]);
GROU(25,24,[ 2 ],[ 24, 15 ]);
GROU(25,2,[ 3, 2, 2, 2, 2, 2, 2, 2, 2, 2, 2, 2, 2, 2, 2, 2, 2, 2, 2, 2, 2, 2, 
  2, 2, 2, 2, 2, 2, 2, 2, 2, 2, 2, 2, 2, 2, 2, 2, 2, 2, 2 ],[ 2, 1 ]);
GROU(25,3,[ 3, 3, 3, 3, 3, 3, 3, 3, 3, 3, 3, 3, 3, 3, 3, 3, 3, 3, 3 ],
[ 3, 1 ]);
GROU(25,4,[ 3, 2, 4, 4, 4, 4, 4, 4, 4, 4, 4, 4 ],[ 4, 1 ]);
GROU(25,4,[ 3, 2, 2, 2, 2, 4, 4, 4, 4, 4, 4, 4, 4 ],[ 4, 1 ]);
GROU(25,4,[ 3, 2, 2, 2, 2, 2, 2, 2, 4, 4, 4, 4, 4, 4 ],[ 4, 1 ]);
GROU(25,4,[ 3, 2, 2, 2, 2, 2, 2, 2, 2, 2, 2, 4, 4, 4, 4 ],[ 4, 1 ]);
GROU(25,4,[ 3, 2, 2, 2, 2, 2, 2, 2, 2, 2, 2, 2, 2, 2, 4, 4 ],[ 4, 1 ]);
GROU(25,4,[ 3, 2, 2, 2, 2, 2, 2, 2, 2, 2, 2, 2, 2, 2, 2, 2, 2 ],[ 4, 1 ]);
GROU(25,4,[ 3, 2, 2, 2, 2, 2, 2, 2, 2, 2, 2, 2, 2, 2, 2, 2, 2 ],[ 4, 2 ]);
GROU(25,5,[ 3, 5, 5, 5, 5, 5, 5, 5 ],[ 5, 1 ]);
GROU(25,6,[ 3, 3, 6, 6, 6, 6 ],[ 6, 2 ]);
GROU(25,6,[ 3, 3, 3, 3, 3, 3, 3 ],[ 6, 1 ]);
GROU(25,6,[ 3, 3, 3, 3, 3, 3, 3 ],[ 6, 2 ]);
GROU(25,6,[ 3, 2, 3, 3, 3, 3, 6 ],[ 6, 2 ]);
GROU(25,6,[ 3, 2, 2, 3, 3, 6, 6 ],[ 6, 2 ]);
GROU(25,6,[ 3, 2, 2, 2, 6, 6, 6 ],[ 6, 2 ]);
GROU(25,6,[ 3, 2, 2, 2, 2, 3, 3, 3 ],[ 6, 1 ]);
GROU(25,6,[ 3, 2, 2, 2, 2, 3, 3, 3 ],[ 6, 2 ]);
GROU(25,6,[ 3, 2, 2, 2, 2, 2, 3, 6 ],[ 6, 2 ]);
GROU(25,6,[ 3, 2, 2, 2, 2, 2, 2, 2, 2 ],[ 6, 1 ]);
GROU(25,6,[ 3, 2, 2, 2, 2, 2, 2, 2, 2 ],[ 6, 2 ]);
GROU(25,8,[ 3, 2, 4, 4 ],[ 8, 1 ]);
GROU(25,8,[ 3, 2, 4, 4 ],[ 8, 2 ]);
GROU(25,8,[ 3, 2, 4, 4 ],[ 8, 3 ]);
GROU(25,8,[ 3, 2, 4, 4 ],[ 8, 4 ]);
GROU(25,8,[ 3, 2, 2, 2, 2 ],[ 8, 1 ]);
GROU(25,8,[ 3, 2, 2, 2, 2 ],[ 8, 2 ]);
GROU(25,8,[ 3, 2, 2, 2, 2 ],[ 8, 3 ]);
GROU(25,8,[ 3, 2, 2, 2, 2 ],[ 8, 4 ]);
GROU(25,8,[ 3, 2, 2, 2, 2 ],[ 8, 5 ]);
GROU(25,9,[ 3, 3, 3 ],[ 9, 1 ]);
GROU(25,9,[ 3, 3, 3 ],[ 9, 2 ]);
GROU(25,10,[ 3, 5 ],[ 10, 1 ]);
GROU(25,12,[ 3 ],[ 12, 1 ]);
GROU(25,12,[ 3 ],[ 12, 2 ]);
GROU(25,12,[ 3 ],[ 12, 3 ]);
GROU(25,12,[ 3 ],[ 12, 4 ]);
GROU(25,12,[ 3 ],[ 12, 5 ]);
GROU(25,2,[ 4, 2, 2, 2, 2, 2, 2, 2, 2, 2, 2, 2, 2, 2, 2, 2, 2, 2, 2, 2, 2, 2, 
  2, 2, 2, 2, 2, 2, 2, 2, 2, 2, 2, 2, 2, 2, 2 ],[ 2, 1 ]);
GROU(25,3,[ 4, 3, 3, 3, 3, 3, 3, 3, 3, 3, 3, 3, 3, 3, 3, 3 ],[ 3, 1 ]);
GROU(25,4,[ 4, 4, 4, 4, 4, 4, 4, 4, 4 ],[ 4, 1 ]);
GROU(25,4,[ 4, 2, 2, 2, 4, 4, 4, 4, 4, 4 ],[ 4, 1 ]);
GROU(25,4,[ 4, 2, 2, 2, 2, 2, 2, 4, 4, 4, 4 ],[ 4, 1 ]);
GROU(25,4,[ 4, 2, 2, 2, 2, 2, 2, 2, 2, 2, 4, 4 ],[ 4, 1 ]);
GROU(25,4,[ 4, 2, 2, 2, 2, 2, 2, 2, 2, 2, 2, 2, 2 ],[ 4, 1 ]);
GROU(25,4,[ 4, 2, 2, 2, 2, 2, 2, 2, 2, 2, 2, 2, 2 ],[ 4, 2 ]);
GROU(25,6,[ 4, 3, 3, 3 ],[ 6, 1 ]);
GROU(25,6,[ 4, 3, 3, 3 ],[ 6, 2 ]);
GROU(25,6,[ 4, 2, 3, 6 ],[ 6, 2 ]);
GROU(25,6,[ 4, 2, 2, 2, 2 ],[ 6, 1 ]);
GROU(25,6,[ 4, 2, 2, 2, 2 ],[ 6, 2 ]);
GROU(25,8,[ 4 ],[ 8, 1 ]);
GROU(25,8,[ 4 ],[ 8, 2 ]);
GROU(25,8,[ 4 ],[ 8, 3 ]);
GROU(25,8,[ 4 ],[ 8, 4 ]);
GROU(25,8,[ 4 ],[ 8, 5 ]);
GROU(25,2,[ 5, 2, 2, 2, 2, 2, 2, 2, 2, 2, 2, 2, 2, 2, 2, 2, 2, 2, 2, 2, 2, 2, 
  2, 2, 2, 2, 2, 2, 2, 2, 2, 2, 2 ],[ 2, 1 ]);
GROU(25,3,[ 5, 3, 3, 3, 3, 3, 3, 3, 3, 3, 3, 3, 3 ],[ 3, 1 ]);
GROU(25,4,[ 5, 2, 2, 4, 4, 4, 4 ],[ 4, 1 ]);
GROU(25,4,[ 5, 2, 2, 2, 2, 2, 4, 4 ],[ 4, 1 ]);
GROU(25,4,[ 5, 2, 2, 2, 2, 2, 2, 2, 2 ],[ 4, 1 ]);
GROU(25,4,[ 5, 2, 2, 2, 2, 2, 2, 2, 2 ],[ 4, 2 ]);
GROU(25,5,[ 5, 5, 5 ],[ 5, 1 ]);
GROU(25,6,[ 5 ],[ 6, 1 ]);
GROU(25,6,[ 5 ],[ 6, 2 ]);
GROU(25,2,[ 6, 2, 2, 2, 2, 2, 2, 2, 2, 2, 2, 2, 2, 2, 2, 2, 2, 2, 2, 2, 2, 2, 
  2, 2, 2, 2, 2, 2, 2 ],[ 2, 1 ]);
GROU(25,3,[ 6, 3, 3, 3, 3, 3, 3, 3, 3, 3 ],[ 3, 1 ]);
GROU(25,4,[ 6, 2, 4, 4 ],[ 4, 1 ]);
GROU(25,4,[ 6, 2, 2, 2, 2 ],[ 4, 1 ]);
GROU(25,4,[ 6, 2, 2, 2, 2 ],[ 4, 2 ]);
GROU(25,2,[ 7, 2, 2, 2, 2, 2, 2, 2, 2, 2, 2, 2, 2, 2, 2, 2, 2, 2, 2, 2, 2, 2, 
  2, 2, 2 ],[ 2, 1 ]);
GROU(25,3,[ 7, 3, 3, 3, 3, 3, 3 ],[ 3, 1 ]);
GROU(25,4,[ 7 ],[ 4, 1 ]);
GROU(25,4,[ 7 ],[ 4, 2 ]);
GROU(25,2,[ 8, 2, 2, 2, 2, 2, 2, 2, 2, 2, 2, 2, 2, 2, 2, 2, 2, 2, 2, 2, 2 ],
[ 2, 1 ]);
GROU(25,3,[ 8, 3, 3, 3 ],[ 3, 1 ]);
GROU(25,2,[ 9, 2, 2, 2, 2, 2, 2, 2, 2, 2, 2, 2, 2, 2, 2, 2, 2 ],[ 2, 1 ]);
GROU(25,3,[ 9 ],[ 3, 1 ]);
GROU(25,2,[ 10, 2, 2, 2, 2, 2, 2, 2, 2, 2, 2, 2, 2 ],[ 2, 1 ]);
GROU(25,2,[ 11, 2, 2, 2, 2, 2, 2, 2, 2 ],[ 2, 1 ]);
GROU(25,2,[ 12, 2, 2, 2, 2 ],[ 2, 1 ]);
GROU(25,2,[ 13 ],[ 2, 1 ]);
GROU(25,1,[ 25 ],[ 1, 1 ]);
