#############################################################################
##
#W  groups02.g             GAP 4 package `genus'                Thomas Breuer
##
#H  @(#)$Id: groups02,v 1.1 2002/05/24 15:02:19 gap Exp $
##
#Y  Copyright (C)  2001,  Lehrstuhl D fuer Mathematik,  RWTH Aachen,  Germany
##
Revision.( "pkg/genus/groups02_g" ) :=
    "@(#)$Id: groups02,v 1.1 2002/05/24 15:02:19 gap Exp $";

GROU(2,2,[ 0, 2, 2, 2, 2, 2, 2 ],[ 2, 1 ]);
GROU(2,3,[ 0, 3, 3, 3, 3 ],[ 3, 1 ]);
GROU(2,4,[ 0, 2, 2, 4, 4 ],[ 4, 1 ]);
GROU(2,4,[ 0, 2, 2, 2, 2, 2 ],[ 4, 2 ]);
GROU(2,5,[ 0, 5, 5, 5 ],[ 5, 1 ]);
GROU(2,6,[ 0, 3, 6, 6 ],[ 6, 2 ]);
GROU(2,6,[ 0, 2, 2, 3, 3 ],[ 6, 1 ]);
GROU(2,6,[ 0, 2, 2, 3, 3 ],[ 6, 2 ]);
GROU(2,8,[ 0, 4, 4, 4 ],[ 8, 4 ]);
GROU(2,8,[ 0, 2, 8, 8 ],[ 8, 1 ]);
GROU(2,8,[ 0, 2, 2, 2, 4 ],[ 8, 3 ]);
GROU(2,10,[ 0, 2, 5, 10 ],[ 10, 2 ]);
GROU(2,12,[ 0, 3, 4, 4 ],[ 12, 1 ]);
GROU(2,12,[ 0, 2, 6, 6 ],[ 12, 5 ]);
GROU(2,12,[ 0, 2, 2, 2, 3 ],[ 12, 4 ]);
GROU(2,16,[ 0, 2, 4, 8 ],[ 16, 8 ]);
GROU(2,24,[ 0, 3, 3, 4 ],[ 24, 3 ]);
GROU(2,24,[ 0, 2, 4, 6 ],[ 24, 8 ]);
GROU(2,48,[ 0, 2, 3, 8 ],[ 48, 29 ]);
GROU(2,2,[ 1, 2, 2 ],[ 2, 1 ]);
GROU(2,1,[ 2 ],[ 1, 1 ]);

RUNTIME( Unknown() );

#############################################################################
##
#E

