GROU(30,2,[ 0, 2, 2, 2, 2, 2, 2, 2, 2, 2, 2, 2, 2, 2, 2, 2, 2, 2, 2, 2, 2, 2, 
  2, 2, 2, 2, 2, 2, 2, 2, 2, 2, 2, 2, 2, 2, 2, 2, 2, 2, 2, 2, 2, 2, 2, 2, 2, 
  2, 2, 2, 2, 2, 2, 2, 2, 2, 2, 2, 2, 2, 2, 2, 2 ],[ 2, 1 ]);
GROU(30,3,[ 0, 3, 3, 3, 3, 3, 3, 3, 3, 3, 3, 3, 3, 3, 3, 3, 3, 3, 3, 3, 3, 3, 
  3, 3, 3, 3, 3, 3, 3, 3, 3, 3, 3 ],[ 3, 1 ]);
GROU(30,4,[ 0, 4, 4, 4, 4, 4, 4, 4, 4, 4, 4, 4, 4, 4, 4, 4, 4, 4, 4, 4, 4, 4, 
  4 ],[ 4, 1 ]);
GROU(30,4,[ 0, 2, 2, 2, 4, 4, 4, 4, 4, 4, 4, 4, 4, 4, 4, 4, 4, 4, 4, 4, 4, 4, 
  4, 4 ],[ 4, 1 ]);
GROU(30,4,[ 0, 2, 2, 2, 2, 2, 2, 4, 4, 4, 4, 4, 4, 4, 4, 4, 4, 4, 4, 4, 4, 4, 
  4, 4, 4 ],[ 4, 1 ]);
GROU(30,4,[ 0, 2, 2, 2, 2, 2, 2, 2, 2, 2, 4, 4, 4, 4, 4, 4, 4, 4, 4, 4, 4, 4, 
  4, 4, 4, 4 ],[ 4, 1 ]);
GROU(30,4,[ 0, 2, 2, 2, 2, 2, 2, 2, 2, 2, 2, 2, 2, 4, 4, 4, 4, 4, 4, 4, 4, 4, 
  4, 4, 4, 4, 4 ],[ 4, 1 ]);
GROU(30,4,[ 0, 2, 2, 2, 2, 2, 2, 2, 2, 2, 2, 2, 2, 2, 2, 2, 4, 4, 4, 4, 4, 4, 
  4, 4, 4, 4, 4, 4 ],[ 4, 1 ]);
GROU(30,4,[ 0, 2, 2, 2, 2, 2, 2, 2, 2, 2, 2, 2, 2, 2, 2, 2, 2, 2, 2, 4, 4, 4, 
  4, 4, 4, 4, 4, 4, 4 ],[ 4, 1 ]);
GROU(30,4,[ 0, 2, 2, 2, 2, 2, 2, 2, 2, 2, 2, 2, 2, 2, 2, 2, 2, 2, 2, 2, 2, 2, 
  4, 4, 4, 4, 4, 4, 4, 4 ],[ 4, 1 ]);
GROU(30,4,[ 0, 2, 2, 2, 2, 2, 2, 2, 2, 2, 2, 2, 2, 2, 2, 2, 2, 2, 2, 2, 2, 2, 
  2, 2, 2, 4, 4, 4, 4, 4, 4 ],[ 4, 1 ]);
GROU(30,4,[ 0, 2, 2, 2, 2, 2, 2, 2, 2, 2, 2, 2, 2, 2, 2, 2, 2, 2, 2, 2, 2, 2, 
  2, 2, 2, 2, 2, 2, 4, 4, 4, 4 ],[ 4, 1 ]);
GROU(30,4,[ 0, 2, 2, 2, 2, 2, 2, 2, 2, 2, 2, 2, 2, 2, 2, 2, 2, 2, 2, 2, 2, 2, 
  2, 2, 2, 2, 2, 2, 2, 2, 2, 4, 4 ],[ 4, 1 ]);
GROU(30,4,[ 0, 2, 2, 2, 2, 2, 2, 2, 2, 2, 2, 2, 2, 2, 2, 2, 2, 2, 2, 2, 2, 2, 
  2, 2, 2, 2, 2, 2, 2, 2, 2, 2, 2, 2 ],[ 4, 2 ]);
GROU(30,5,[ 0, 5, 5, 5, 5, 5, 5, 5, 5, 5, 5, 5, 5, 5, 5, 5, 5, 5 ],[ 5, 1 ]);
GROU(30,6,[ 0, 6, 6, 6, 6, 6, 6, 6, 6, 6, 6, 6, 6, 6, 6 ],[ 6, 2 ]);
GROU(30,6,[ 0, 3, 3, 3, 3, 3, 6, 6, 6, 6, 6, 6, 6, 6, 6, 6 ],[ 6, 2 ]);
GROU(30,6,[ 0, 3, 3, 3, 3, 3, 3, 3, 3, 3, 3, 6, 6, 6, 6, 6, 6 ],[ 6, 2 ]);
GROU(30,6,[ 0, 3, 3, 3, 3, 3, 3, 3, 3, 3, 3, 3, 3, 3, 3, 3, 6, 6 ],[ 6, 2 ]);
GROU(30,6,[ 0, 2, 3, 3, 3, 6, 6, 6, 6, 6, 6, 6, 6, 6, 6, 6 ],[ 6, 2 ]);
GROU(30,6,[ 0, 2, 3, 3, 3, 3, 3, 3, 3, 3, 6, 6, 6, 6, 6, 6, 6 ],[ 6, 2 ]);
GROU(30,6,[ 0, 2, 3, 3, 3, 3, 3, 3, 3, 3, 3, 3, 3, 3, 3, 6, 6, 6 ],[ 6, 2 ]);
GROU(30,6,[ 0, 2, 2, 3, 6, 6, 6, 6, 6, 6, 6, 6, 6, 6, 6, 6 ],[ 6, 2 ]);
GROU(30,6,[ 0, 2, 2, 3, 3, 3, 3, 3, 3, 6, 6, 6, 6, 6, 6, 6, 6 ],[ 6, 2 ]);
GROU(30,6,[ 0, 2, 2, 3, 3, 3, 3, 3, 3, 3, 3, 3, 3, 3, 6, 6, 6, 6 ],[ 6, 2 ]);
GROU(30,6,[ 0, 2, 2, 3, 3, 3, 3, 3, 3, 3, 3, 3, 3, 3, 3, 3, 3, 3, 3 ],
[ 6, 1 ]);
GROU(30,6,[ 0, 2, 2, 3, 3, 3, 3, 3, 3, 3, 3, 3, 3, 3, 3, 3, 3, 3, 3 ],
[ 6, 2 ]);
GROU(30,6,[ 0, 2, 2, 2, 3, 3, 3, 3, 6, 6, 6, 6, 6, 6, 6, 6, 6 ],[ 6, 2 ]);
GROU(30,6,[ 0, 2, 2, 2, 3, 3, 3, 3, 3, 3, 3, 3, 3, 6, 6, 6, 6, 6 ],[ 6, 2 ]);
GROU(30,6,[ 0, 2, 2, 2, 3, 3, 3, 3, 3, 3, 3, 3, 3, 3, 3, 3, 3, 3, 6 ],
[ 6, 2 ]);
GROU(30,6,[ 0, 2, 2, 2, 2, 3, 3, 6, 6, 6, 6, 6, 6, 6, 6, 6, 6 ],[ 6, 2 ]);
GROU(30,6,[ 0, 2, 2, 2, 2, 3, 3, 3, 3, 3, 3, 3, 6, 6, 6, 6, 6, 6 ],[ 6, 2 ]);
GROU(30,6,[ 0, 2, 2, 2, 2, 3, 3, 3, 3, 3, 3, 3, 3, 3, 3, 3, 3, 6, 6 ],
[ 6, 2 ]);
GROU(30,6,[ 0, 2, 2, 2, 2, 2, 6, 6, 6, 6, 6, 6, 6, 6, 6, 6, 6 ],[ 6, 2 ]);
GROU(30,6,[ 0, 2, 2, 2, 2, 2, 3, 3, 3, 3, 3, 6, 6, 6, 6, 6, 6, 6 ],[ 6, 2 ]);
GROU(30,6,[ 0, 2, 2, 2, 2, 2, 3, 3, 3, 3, 3, 3, 3, 3, 3, 3, 6, 6, 6 ],
[ 6, 2 ]);
GROU(30,6,[ 0, 2, 2, 2, 2, 2, 2, 3, 3, 3, 6, 6, 6, 6, 6, 6, 6, 6 ],[ 6, 2 ]);
GROU(30,6,[ 0, 2, 2, 2, 2, 2, 2, 3, 3, 3, 3, 3, 3, 3, 3, 6, 6, 6, 6 ],
[ 6, 2 ]);
GROU(30,6,[ 0, 2, 2, 2, 2, 2, 2, 3, 3, 3, 3, 3, 3, 3, 3, 3, 3, 3, 3, 3 ],
[ 6, 1 ]);
GROU(30,6,[ 0, 2, 2, 2, 2, 2, 2, 3, 3, 3, 3, 3, 3, 3, 3, 3, 3, 3, 3, 3 ],
[ 6, 2 ]);
GROU(30,6,[ 0, 2, 2, 2, 2, 2, 2, 2, 3, 6, 6, 6, 6, 6, 6, 6, 6, 6 ],[ 6, 2 ]);
GROU(30,6,[ 0, 2, 2, 2, 2, 2, 2, 2, 3, 3, 3, 3, 3, 3, 6, 6, 6, 6, 6 ],
[ 6, 2 ]);
GROU(30,6,[ 0, 2, 2, 2, 2, 2, 2, 2, 3, 3, 3, 3, 3, 3, 3, 3, 3, 3, 3, 6 ],
[ 6, 2 ]);
GROU(30,6,[ 0, 2, 2, 2, 2, 2, 2, 2, 2, 3, 3, 3, 3, 6, 6, 6, 6, 6, 6 ],
[ 6, 2 ]);
GROU(30,6,[ 0, 2, 2, 2, 2, 2, 2, 2, 2, 3, 3, 3, 3, 3, 3, 3, 3, 3, 6, 6 ],
[ 6, 2 ]);
GROU(30,6,[ 0, 2, 2, 2, 2, 2, 2, 2, 2, 2, 3, 3, 6, 6, 6, 6, 6, 6, 6 ],
[ 6, 2 ]);
GROU(30,6,[ 0, 2, 2, 2, 2, 2, 2, 2, 2, 2, 3, 3, 3, 3, 3, 3, 3, 6, 6, 6 ],
[ 6, 2 ]);
GROU(30,6,[ 0, 2, 2, 2, 2, 2, 2, 2, 2, 2, 2, 6, 6, 6, 6, 6, 6, 6, 6 ],
[ 6, 2 ]);
GROU(30,6,[ 0, 2, 2, 2, 2, 2, 2, 2, 2, 2, 2, 3, 3, 3, 3, 3, 6, 6, 6, 6 ],
[ 6, 2 ]);
GROU(30,6,[ 0, 2, 2, 2, 2, 2, 2, 2, 2, 2, 2, 3, 3, 3, 3, 3, 3, 3, 3, 3, 3 ],
[ 6, 1 ]);
GROU(30,6,[ 0, 2, 2, 2, 2, 2, 2, 2, 2, 2, 2, 3, 3, 3, 3, 3, 3, 3, 3, 3, 3 ],
[ 6, 2 ]);
GROU(30,6,[ 0, 2, 2, 2, 2, 2, 2, 2, 2, 2, 2, 2, 3, 3, 3, 6, 6, 6, 6, 6 ],
[ 6, 2 ]);
GROU(30,6,[ 0, 2, 2, 2, 2, 2, 2, 2, 2, 2, 2, 2, 3, 3, 3, 3, 3, 3, 3, 3, 6 ],
[ 6, 2 ]);
GROU(30,6,[ 0, 2, 2, 2, 2, 2, 2, 2, 2, 2, 2, 2, 2, 3, 6, 6, 6, 6, 6, 6 ],
[ 6, 2 ]);
GROU(30,6,[ 0, 2, 2, 2, 2, 2, 2, 2, 2, 2, 2, 2, 2, 3, 3, 3, 3, 3, 3, 6, 6 ],
[ 6, 2 ]);
GROU(30,6,[ 0, 2, 2, 2, 2, 2, 2, 2, 2, 2, 2, 2, 2, 2, 3, 3, 3, 3, 6, 6, 6 ],
[ 6, 2 ]);
GROU(30,6,[ 0, 2, 2, 2, 2, 2, 2, 2, 2, 2, 2, 2, 2, 2, 2, 3, 3, 6, 6, 6, 6 ],
[ 6, 2 ]);
GROU(30,6,[ 0, 2, 2, 2, 2, 2, 2, 2, 2, 2, 2, 2, 2, 2, 2, 3, 3, 3, 3, 3, 3, 3 
 ],[ 6, 1 ]);
GROU(30,6,[ 0, 2, 2, 2, 2, 2, 2, 2, 2, 2, 2, 2, 2, 2, 2, 3, 3, 3, 3, 3, 3, 3 
 ],[ 6, 2 ]);
GROU(30,6,[ 0, 2, 2, 2, 2, 2, 2, 2, 2, 2, 2, 2, 2, 2, 2, 2, 6, 6, 6, 6, 6 ],
[ 6, 2 ]);
GROU(30,6,[ 0, 2, 2, 2, 2, 2, 2, 2, 2, 2, 2, 2, 2, 2, 2, 2, 3, 3, 3, 3, 3, 6 
 ],[ 6, 2 ]);
GROU(30,6,[ 0, 2, 2, 2, 2, 2, 2, 2, 2, 2, 2, 2, 2, 2, 2, 2, 2, 3, 3, 3, 6, 6 
 ],[ 6, 2 ]);
GROU(30,6,[ 0, 2, 2, 2, 2, 2, 2, 2, 2, 2, 2, 2, 2, 2, 2, 2, 2, 2, 3, 6, 6, 6 
 ],[ 6, 2 ]);
GROU(30,6,[ 0, 2, 2, 2, 2, 2, 2, 2, 2, 2, 2, 2, 2, 2, 2, 2, 2, 2, 2, 3, 3, 3, 
  3 ],[ 6, 1 ]);
GROU(30,6,[ 0, 2, 2, 2, 2, 2, 2, 2, 2, 2, 2, 2, 2, 2, 2, 2, 2, 2, 2, 3, 3, 3, 
  3 ],[ 6, 2 ]);
GROU(30,6,[ 0, 2, 2, 2, 2, 2, 2, 2, 2, 2, 2, 2, 2, 2, 2, 2, 2, 2, 2, 2, 3, 3, 
  6 ],[ 6, 2 ]);
GROU(30,6,[ 0, 2, 2, 2, 2, 2, 2, 2, 2, 2, 2, 2, 2, 2, 2, 2, 2, 2, 2, 2, 2, 6, 
  6 ],[ 6, 2 ]);
GROU(30,6,[ 0, 2, 2, 2, 2, 2, 2, 2, 2, 2, 2, 2, 2, 2, 2, 2, 2, 2, 2, 2, 2, 2, 
  2, 3 ],[ 6, 1 ]);
GROU(30,7,[ 0, 7, 7, 7, 7, 7, 7, 7, 7, 7, 7, 7, 7 ],[ 7, 1 ]);
GROU(30,8,[ 0, 4, 4, 4, 8, 8, 8, 8, 8, 8, 8, 8 ],[ 8, 1 ]);
GROU(30,8,[ 0, 4, 4, 4, 4, 4, 4, 4, 4, 4, 4, 8, 8 ],[ 8, 1 ]);
GROU(30,8,[ 0, 2, 8, 8, 8, 8, 8, 8, 8, 8, 8, 8 ],[ 8, 1 ]);
GROU(30,8,[ 0, 2, 4, 4, 4, 4, 4, 4, 4, 8, 8, 8, 8 ],[ 8, 1 ]);
GROU(30,8,[ 0, 2, 2, 4, 4, 4, 4, 8, 8, 8, 8, 8, 8 ],[ 8, 1 ]);
GROU(30,8,[ 0, 2, 2, 4, 4, 4, 4, 4, 4, 4, 4, 4, 4, 4 ],[ 8, 3 ]);
GROU(30,8,[ 0, 2, 2, 4, 4, 4, 4, 4, 4, 4, 4, 4, 4, 4 ],[ 8, 4 ]);
GROU(30,8,[ 0, 2, 2, 2, 4, 8, 8, 8, 8, 8, 8, 8, 8 ],[ 8, 1 ]);
GROU(30,8,[ 0, 2, 2, 2, 4, 4, 4, 4, 4, 4, 4, 4, 8, 8 ],[ 8, 1 ]);
GROU(30,8,[ 0, 2, 2, 2, 2, 4, 4, 4, 4, 4, 8, 8, 8, 8 ],[ 8, 1 ]);
GROU(30,8,[ 0, 2, 2, 2, 2, 2, 4, 4, 8, 8, 8, 8, 8, 8 ],[ 8, 1 ]);
GROU(30,8,[ 0, 2, 2, 2, 2, 2, 4, 4, 4, 4, 4, 4, 4, 4, 4 ],[ 8, 3 ]);
GROU(30,8,[ 0, 2, 2, 2, 2, 2, 4, 4, 4, 4, 4, 4, 4, 4, 4 ],[ 8, 4 ]);
GROU(30,8,[ 0, 2, 2, 2, 2, 2, 2, 4, 4, 4, 4, 4, 4, 8, 8 ],[ 8, 1 ]);
GROU(30,8,[ 0, 2, 2, 2, 2, 2, 2, 2, 4, 4, 4, 8, 8, 8, 8 ],[ 8, 1 ]);
GROU(30,8,[ 0, 2, 2, 2, 2, 2, 2, 2, 2, 8, 8, 8, 8, 8, 8 ],[ 8, 1 ]);
GROU(30,8,[ 0, 2, 2, 2, 2, 2, 2, 2, 2, 4, 4, 4, 4, 4, 4, 4 ],[ 8, 3 ]);
GROU(30,8,[ 0, 2, 2, 2, 2, 2, 2, 2, 2, 4, 4, 4, 4, 4, 4, 4 ],[ 8, 4 ]);
GROU(30,8,[ 0, 2, 2, 2, 2, 2, 2, 2, 2, 2, 4, 4, 4, 4, 8, 8 ],[ 8, 1 ]);
GROU(30,8,[ 0, 2, 2, 2, 2, 2, 2, 2, 2, 2, 2, 4, 8, 8, 8, 8 ],[ 8, 1 ]);
GROU(30,8,[ 0, 2, 2, 2, 2, 2, 2, 2, 2, 2, 2, 2, 4, 4, 4, 4, 4 ],[ 8, 3 ]);
GROU(30,8,[ 0, 2, 2, 2, 2, 2, 2, 2, 2, 2, 2, 2, 4, 4, 4, 4, 4 ],[ 8, 4 ]);
GROU(30,8,[ 0, 2, 2, 2, 2, 2, 2, 2, 2, 2, 2, 2, 2, 4, 4, 8, 8 ],[ 8, 1 ]);
GROU(30,8,[ 0, 2, 2, 2, 2, 2, 2, 2, 2, 2, 2, 2, 2, 2, 2, 4, 4, 4 ],[ 8, 3 ]);
GROU(30,8,[ 0, 2, 2, 2, 2, 2, 2, 2, 2, 2, 2, 2, 2, 2, 2, 4, 4, 4 ],[ 8, 4 ]);
GROU(30,8,[ 0, 2, 2, 2, 2, 2, 2, 2, 2, 2, 2, 2, 2, 2, 2, 2, 8, 8 ],[ 8, 1 ]);
GROU(30,8,[ 0, 2, 2, 2, 2, 2, 2, 2, 2, 2, 2, 2, 2, 2, 2, 2, 2, 2, 4 ],
[ 8, 3 ]);
GROU(30,9,[ 0, 3, 3, 9, 9, 9, 9, 9, 9, 9, 9 ],[ 9, 1 ]);
GROU(30,9,[ 0, 3, 3, 3, 3, 3, 3, 9, 9, 9, 9, 9 ],[ 9, 1 ]);
GROU(30,9,[ 0, 3, 3, 3, 3, 3, 3, 3, 3, 3, 3, 9, 9 ],[ 9, 1 ]);
GROU(30,10,[ 0, 5, 5, 5, 10, 10, 10, 10, 10, 10 ],[ 10, 2 ]);
GROU(30,10,[ 0, 2, 5, 5, 5, 5, 5, 5, 5, 5, 10 ],[ 10, 2 ]);
GROU(30,10,[ 0, 2, 2, 5, 5, 5, 5, 10, 10, 10, 10 ],[ 10, 2 ]);
GROU(30,10,[ 0, 2, 2, 2, 10, 10, 10, 10, 10, 10, 10 ],[ 10, 2 ]);
GROU(30,10,[ 0, 2, 2, 2, 2, 5, 5, 5, 5, 5, 10, 10 ],[ 10, 2 ]);
GROU(30,10,[ 0, 2, 2, 2, 2, 2, 5, 10, 10, 10, 10, 10 ],[ 10, 2 ]);
GROU(30,10,[ 0, 2, 2, 2, 2, 2, 2, 5, 5, 5, 5, 5, 5 ],[ 10, 1 ]);
GROU(30,10,[ 0, 2, 2, 2, 2, 2, 2, 5, 5, 5, 5, 5, 5 ],[ 10, 2 ]);
GROU(30,10,[ 0, 2, 2, 2, 2, 2, 2, 2, 5, 5, 10, 10, 10 ],[ 10, 2 ]);
GROU(30,10,[ 0, 2, 2, 2, 2, 2, 2, 2, 2, 2, 5, 5, 5, 10 ],[ 10, 2 ]);
GROU(30,10,[ 0, 2, 2, 2, 2, 2, 2, 2, 2, 2, 2, 2, 2, 10, 10 ],[ 10, 2 ]);
GROU(30,10,[ 0, 2, 2, 2, 2, 2, 2, 2, 2, 2, 2, 2, 2, 2, 2, 5 ],[ 10, 1 ]);
GROU(30,11,[ 0, 11, 11, 11, 11, 11, 11, 11, 11 ],[ 11, 1 ]);
GROU(30,12,[ 0, 6, 6, 6, 6, 6, 6, 12, 12 ],[ 12, 2 ]);
GROU(30,12,[ 0, 4, 6, 6, 6, 6, 12, 12, 12 ],[ 12, 2 ]);
GROU(30,12,[ 0, 4, 4, 6, 6, 12, 12, 12, 12 ],[ 12, 2 ]);
GROU(30,12,[ 0, 4, 4, 4, 12, 12, 12, 12, 12 ],[ 12, 2 ]);
GROU(30,12,[ 0, 4, 4, 4, 4, 4, 4, 4, 4, 6 ],[ 12, 1 ]);
GROU(30,12,[ 0, 3, 6, 6, 6, 12, 12, 12, 12 ],[ 12, 2 ]);
GROU(30,12,[ 0, 3, 4, 6, 12, 12, 12, 12, 12 ],[ 12, 2 ]);
GROU(30,12,[ 0, 3, 4, 4, 4, 4, 4, 4, 6, 6 ],[ 12, 1 ]);
GROU(30,12,[ 0, 3, 4, 4, 4, 4, 4, 4, 6, 6 ],[ 12, 2 ]);
GROU(30,12,[ 0, 3, 4, 4, 4, 4, 4, 4, 4, 12 ],[ 12, 2 ]);
GROU(30,12,[ 0, 3, 3, 12, 12, 12, 12, 12, 12 ],[ 12, 2 ]);
GROU(30,12,[ 0, 3, 3, 4, 4, 4, 4, 6, 6, 6 ],[ 12, 1 ]);
GROU(30,12,[ 0, 3, 3, 4, 4, 4, 4, 6, 6, 6 ],[ 12, 2 ]);
GROU(30,12,[ 0, 3, 3, 4, 4, 4, 4, 4, 6, 12 ],[ 12, 2 ]);
GROU(30,12,[ 0, 3, 3, 3, 4, 4, 6, 6, 6, 6 ],[ 12, 1 ]);
GROU(30,12,[ 0, 3, 3, 3, 4, 4, 6, 6, 6, 6 ],[ 12, 2 ]);
GROU(30,12,[ 0, 3, 3, 3, 4, 4, 4, 6, 6, 12 ],[ 12, 2 ]);
GROU(30,12,[ 0, 3, 3, 3, 4, 4, 4, 4, 12, 12 ],[ 12, 2 ]);
GROU(30,12,[ 0, 3, 3, 3, 3, 6, 6, 6, 6, 6 ],[ 12, 5 ]);
GROU(30,12,[ 0, 3, 3, 3, 3, 4, 6, 6, 6, 12 ],[ 12, 2 ]);
GROU(30,12,[ 0, 3, 3, 3, 3, 4, 4, 6, 12, 12 ],[ 12, 2 ]);
GROU(30,12,[ 0, 3, 3, 3, 3, 3, 6, 6, 12, 12 ],[ 12, 2 ]);
GROU(30,12,[ 0, 3, 3, 3, 3, 3, 4, 12, 12, 12 ],[ 12, 2 ]);
GROU(30,12,[ 0, 3, 3, 3, 3, 3, 3, 3, 3, 4, 4 ],[ 12, 1 ]);
GROU(30,12,[ 0, 3, 3, 3, 3, 3, 3, 3, 3, 4, 4 ],[ 12, 2 ]);
GROU(30,12,[ 0, 2, 6, 12, 12, 12, 12, 12, 12 ],[ 12, 2 ]);
GROU(30,12,[ 0, 2, 4, 4, 4, 4, 6, 6, 6, 6 ],[ 12, 1 ]);
GROU(30,12,[ 0, 2, 4, 4, 4, 4, 6, 6, 6, 6 ],[ 12, 2 ]);
GROU(30,12,[ 0, 2, 4, 4, 4, 4, 4, 6, 6, 12 ],[ 12, 2 ]);
GROU(30,12,[ 0, 2, 4, 4, 4, 4, 4, 4, 12, 12 ],[ 12, 2 ]);
GROU(30,12,[ 0, 2, 3, 4, 4, 6, 6, 6, 6, 6 ],[ 12, 1 ]);
GROU(30,12,[ 0, 2, 3, 4, 4, 6, 6, 6, 6, 6 ],[ 12, 2 ]);
GROU(30,12,[ 0, 2, 3, 4, 4, 4, 6, 6, 6, 12 ],[ 12, 2 ]);
GROU(30,12,[ 0, 2, 3, 4, 4, 4, 4, 6, 12, 12 ],[ 12, 2 ]);
GROU(30,12,[ 0, 2, 3, 3, 6, 6, 6, 6, 6, 6 ],[ 12, 5 ]);
GROU(30,12,[ 0, 2, 3, 3, 4, 6, 6, 6, 6, 12 ],[ 12, 2 ]);
GROU(30,12,[ 0, 2, 3, 3, 4, 4, 6, 6, 12, 12 ],[ 12, 2 ]);
GROU(30,12,[ 0, 2, 3, 3, 4, 4, 4, 12, 12, 12 ],[ 12, 2 ]);
GROU(30,12,[ 0, 2, 3, 3, 3, 6, 6, 6, 12, 12 ],[ 12, 2 ]);
GROU(30,12,[ 0, 2, 3, 3, 3, 4, 6, 12, 12, 12 ],[ 12, 2 ]);
GROU(30,12,[ 0, 2, 3, 3, 3, 3, 12, 12, 12, 12 ],[ 12, 2 ]);
GROU(30,12,[ 0, 2, 3, 3, 3, 3, 3, 4, 4, 4, 4 ],[ 12, 1 ]);
GROU(30,12,[ 0, 2, 3, 3, 3, 3, 3, 4, 4, 4, 4 ],[ 12, 2 ]);
GROU(30,12,[ 0, 2, 3, 3, 3, 3, 3, 3, 4, 4, 6 ],[ 12, 1 ]);
GROU(30,12,[ 0, 2, 3, 3, 3, 3, 3, 3, 4, 4, 6 ],[ 12, 2 ]);
GROU(30,12,[ 0, 2, 3, 3, 3, 3, 3, 3, 3, 6, 6 ],[ 12, 5 ]);
GROU(30,12,[ 0, 2, 3, 3, 3, 3, 3, 3, 3, 4, 12 ],[ 12, 2 ]);
GROU(30,12,[ 0, 2, 2, 6, 6, 6, 6, 6, 6, 6 ],[ 12, 4 ]);
GROU(30,12,[ 0, 2, 2, 6, 6, 6, 6, 6, 6, 6 ],[ 12, 5 ]);
GROU(30,12,[ 0, 2, 2, 4, 6, 6, 6, 6, 6, 12 ],[ 12, 2 ]);
GROU(30,12,[ 0, 2, 2, 4, 4, 6, 6, 6, 12, 12 ],[ 12, 2 ]);
GROU(30,12,[ 0, 2, 2, 4, 4, 4, 6, 12, 12, 12 ],[ 12, 2 ]);
GROU(30,12,[ 0, 2, 2, 3, 6, 6, 6, 6, 12, 12 ],[ 12, 2 ]);
GROU(30,12,[ 0, 2, 2, 3, 4, 6, 6, 12, 12, 12 ],[ 12, 2 ]);
GROU(30,12,[ 0, 2, 2, 3, 4, 4, 12, 12, 12, 12 ],[ 12, 2 ]);
GROU(30,12,[ 0, 2, 2, 3, 3, 6, 12, 12, 12, 12 ],[ 12, 2 ]);
GROU(30,12,[ 0, 2, 2, 3, 3, 4, 4, 4, 4, 4, 4 ],[ 12, 1 ]);
GROU(30,12,[ 0, 2, 2, 3, 3, 4, 4, 4, 4, 4, 4 ],[ 12, 2 ]);
GROU(30,12,[ 0, 2, 2, 3, 3, 3, 4, 4, 4, 4, 6 ],[ 12, 1 ]);
GROU(30,12,[ 0, 2, 2, 3, 3, 3, 4, 4, 4, 4, 6 ],[ 12, 2 ]);
GROU(30,12,[ 0, 2, 2, 3, 3, 3, 3, 4, 4, 6, 6 ],[ 12, 1 ]);
GROU(30,12,[ 0, 2, 2, 3, 3, 3, 3, 4, 4, 6, 6 ],[ 12, 2 ]);
GROU(30,12,[ 0, 2, 2, 3, 3, 3, 3, 4, 4, 4, 12 ],[ 12, 2 ]);
GROU(30,12,[ 0, 2, 2, 3, 3, 3, 3, 3, 6, 6, 6 ],[ 12, 4 ]);
GROU(30,12,[ 0, 2, 2, 3, 3, 3, 3, 3, 6, 6, 6 ],[ 12, 5 ]);
GROU(30,12,[ 0, 2, 2, 3, 3, 3, 3, 3, 4, 6, 12 ],[ 12, 2 ]);
GROU(30,12,[ 0, 2, 2, 3, 3, 3, 3, 3, 3, 12, 12 ],[ 12, 2 ]);
GROU(30,12,[ 0, 2, 2, 2, 6, 6, 12, 12, 12, 12 ],[ 12, 2 ]);
GROU(30,12,[ 0, 2, 2, 2, 4, 12, 12, 12, 12, 12 ],[ 12, 2 ]);
GROU(30,12,[ 0, 2, 2, 2, 4, 4, 4, 4, 4, 4, 6 ],[ 12, 1 ]);
GROU(30,12,[ 0, 2, 2, 2, 3, 4, 4, 4, 4, 6, 6 ],[ 12, 1 ]);
GROU(30,12,[ 0, 2, 2, 2, 3, 4, 4, 4, 4, 6, 6 ],[ 12, 2 ]);
GROU(30,12,[ 0, 2, 2, 2, 3, 4, 4, 4, 4, 4, 12 ],[ 12, 2 ]);
GROU(30,12,[ 0, 2, 2, 2, 3, 3, 4, 4, 6, 6, 6 ],[ 12, 1 ]);
GROU(30,12,[ 0, 2, 2, 2, 3, 3, 4, 4, 6, 6, 6 ],[ 12, 2 ]);
GROU(30,12,[ 0, 2, 2, 2, 3, 3, 4, 4, 4, 6, 12 ],[ 12, 2 ]);
GROU(30,12,[ 0, 2, 2, 2, 3, 3, 3, 6, 6, 6, 6 ],[ 12, 4 ]);
GROU(30,12,[ 0, 2, 2, 2, 3, 3, 3, 6, 6, 6, 6 ],[ 12, 5 ]);
GROU(30,12,[ 0, 2, 2, 2, 3, 3, 3, 4, 6, 6, 12 ],[ 12, 2 ]);
GROU(30,12,[ 0, 2, 2, 2, 3, 3, 3, 4, 4, 12, 12 ],[ 12, 2 ]);
GROU(30,12,[ 0, 2, 2, 2, 3, 3, 3, 3, 6, 12, 12 ],[ 12, 2 ]);
GROU(30,12,[ 0, 2, 2, 2, 3, 3, 3, 3, 3, 3, 3, 3 ],[ 12, 3 ]);
GROU(30,12,[ 0, 2, 2, 2, 3, 3, 3, 3, 3, 3, 3, 3 ],[ 12, 4 ]);
GROU(30,12,[ 0, 2, 2, 2, 3, 3, 3, 3, 3, 3, 3, 3 ],[ 12, 5 ]);
GROU(30,12,[ 0, 2, 2, 2, 2, 4, 4, 6, 6, 6, 6 ],[ 12, 1 ]);
GROU(30,12,[ 0, 2, 2, 2, 2, 4, 4, 6, 6, 6, 6 ],[ 12, 2 ]);
GROU(30,12,[ 0, 2, 2, 2, 2, 4, 4, 4, 6, 6, 12 ],[ 12, 2 ]);
GROU(30,12,[ 0, 2, 2, 2, 2, 4, 4, 4, 4, 12, 12 ],[ 12, 2 ]);
GROU(30,12,[ 0, 2, 2, 2, 2, 3, 6, 6, 6, 6, 6 ],[ 12, 4 ]);
GROU(30,12,[ 0, 2, 2, 2, 2, 3, 6, 6, 6, 6, 6 ],[ 12, 5 ]);
GROU(30,12,[ 0, 2, 2, 2, 2, 3, 4, 6, 6, 6, 12 ],[ 12, 2 ]);
GROU(30,12,[ 0, 2, 2, 2, 2, 3, 4, 4, 6, 12, 12 ],[ 12, 2 ]);
GROU(30,12,[ 0, 2, 2, 2, 2, 3, 3, 6, 6, 12, 12 ],[ 12, 2 ]);
GROU(30,12,[ 0, 2, 2, 2, 2, 3, 3, 4, 12, 12, 12 ],[ 12, 2 ]);
GROU(30,12,[ 0, 2, 2, 2, 2, 3, 3, 3, 3, 3, 4, 4 ],[ 12, 1 ]);
GROU(30,12,[ 0, 2, 2, 2, 2, 3, 3, 3, 3, 3, 4, 4 ],[ 12, 2 ]);
GROU(30,12,[ 0, 2, 2, 2, 2, 3, 3, 3, 3, 3, 3, 6 ],[ 12, 4 ]);
GROU(30,12,[ 0, 2, 2, 2, 2, 3, 3, 3, 3, 3, 3, 6 ],[ 12, 5 ]);
GROU(30,12,[ 0, 2, 2, 2, 2, 2, 6, 6, 6, 12, 12 ],[ 12, 2 ]);
GROU(30,12,[ 0, 2, 2, 2, 2, 2, 4, 6, 12, 12, 12 ],[ 12, 2 ]);
GROU(30,12,[ 0, 2, 2, 2, 2, 2, 3, 12, 12, 12, 12 ],[ 12, 2 ]);
GROU(30,12,[ 0, 2, 2, 2, 2, 2, 3, 3, 4, 4, 4, 4 ],[ 12, 1 ]);
GROU(30,12,[ 0, 2, 2, 2, 2, 2, 3, 3, 4, 4, 4, 4 ],[ 12, 2 ]);
GROU(30,12,[ 0, 2, 2, 2, 2, 2, 3, 3, 3, 4, 4, 6 ],[ 12, 1 ]);
GROU(30,12,[ 0, 2, 2, 2, 2, 2, 3, 3, 3, 4, 4, 6 ],[ 12, 2 ]);
GROU(30,12,[ 0, 2, 2, 2, 2, 2, 3, 3, 3, 3, 6, 6 ],[ 12, 4 ]);
GROU(30,12,[ 0, 2, 2, 2, 2, 2, 3, 3, 3, 3, 6, 6 ],[ 12, 5 ]);
GROU(30,12,[ 0, 2, 2, 2, 2, 2, 3, 3, 3, 3, 4, 12 ],[ 12, 2 ]);
GROU(30,12,[ 0, 2, 2, 2, 2, 2, 2, 4, 4, 4, 4, 6 ],[ 12, 1 ]);
GROU(30,12,[ 0, 2, 2, 2, 2, 2, 2, 3, 4, 4, 6, 6 ],[ 12, 1 ]);
GROU(30,12,[ 0, 2, 2, 2, 2, 2, 2, 3, 4, 4, 6, 6 ],[ 12, 2 ]);
GROU(30,12,[ 0, 2, 2, 2, 2, 2, 2, 3, 4, 4, 4, 12 ],[ 12, 2 ]);
GROU(30,12,[ 0, 2, 2, 2, 2, 2, 2, 3, 3, 6, 6, 6 ],[ 12, 4 ]);
GROU(30,12,[ 0, 2, 2, 2, 2, 2, 2, 3, 3, 6, 6, 6 ],[ 12, 5 ]);
GROU(30,12,[ 0, 2, 2, 2, 2, 2, 2, 3, 3, 4, 6, 12 ],[ 12, 2 ]);
GROU(30,12,[ 0, 2, 2, 2, 2, 2, 2, 3, 3, 3, 12, 12 ],[ 12, 2 ]);
GROU(30,12,[ 0, 2, 2, 2, 2, 2, 2, 2, 6, 6, 6, 6 ],[ 12, 4 ]);
GROU(30,12,[ 0, 2, 2, 2, 2, 2, 2, 2, 6, 6, 6, 6 ],[ 12, 5 ]);
GROU(30,12,[ 0, 2, 2, 2, 2, 2, 2, 2, 4, 6, 6, 12 ],[ 12, 2 ]);
GROU(30,12,[ 0, 2, 2, 2, 2, 2, 2, 2, 4, 4, 12, 12 ],[ 12, 2 ]);
GROU(30,12,[ 0, 2, 2, 2, 2, 2, 2, 2, 3, 6, 12, 12 ],[ 12, 2 ]);
GROU(30,12,[ 0, 2, 2, 2, 2, 2, 2, 2, 3, 3, 3, 3, 3 ],[ 12, 3 ]);
GROU(30,12,[ 0, 2, 2, 2, 2, 2, 2, 2, 3, 3, 3, 3, 3 ],[ 12, 4 ]);
GROU(30,12,[ 0, 2, 2, 2, 2, 2, 2, 2, 3, 3, 3, 3, 3 ],[ 12, 5 ]);
GROU(30,12,[ 0, 2, 2, 2, 2, 2, 2, 2, 2, 3, 3, 4, 4 ],[ 12, 1 ]);
GROU(30,12,[ 0, 2, 2, 2, 2, 2, 2, 2, 2, 3, 3, 4, 4 ],[ 12, 2 ]);
GROU(30,12,[ 0, 2, 2, 2, 2, 2, 2, 2, 2, 3, 3, 3, 6 ],[ 12, 4 ]);
GROU(30,12,[ 0, 2, 2, 2, 2, 2, 2, 2, 2, 3, 3, 3, 6 ],[ 12, 5 ]);
GROU(30,12,[ 0, 2, 2, 2, 2, 2, 2, 2, 2, 2, 4, 4, 6 ],[ 12, 1 ]);
GROU(30,12,[ 0, 2, 2, 2, 2, 2, 2, 2, 2, 2, 3, 6, 6 ],[ 12, 4 ]);
GROU(30,12,[ 0, 2, 2, 2, 2, 2, 2, 2, 2, 2, 3, 6, 6 ],[ 12, 5 ]);
GROU(30,12,[ 0, 2, 2, 2, 2, 2, 2, 2, 2, 2, 3, 4, 12 ],[ 12, 2 ]);
GROU(30,12,[ 0, 2, 2, 2, 2, 2, 2, 2, 2, 2, 2, 12, 12 ],[ 12, 2 ]);
GROU(30,12,[ 0, 2, 2, 2, 2, 2, 2, 2, 2, 2, 2, 2, 3, 3 ],[ 12, 3 ]);
GROU(30,12,[ 0, 2, 2, 2, 2, 2, 2, 2, 2, 2, 2, 2, 3, 3 ],[ 12, 4 ]);
GROU(30,12,[ 0, 2, 2, 2, 2, 2, 2, 2, 2, 2, 2, 2, 3, 3 ],[ 12, 5 ]);
GROU(30,12,[ 0, 2, 2, 2, 2, 2, 2, 2, 2, 2, 2, 2, 2, 6 ],[ 12, 4 ]);
GROU(30,13,[ 0, 13, 13, 13, 13, 13, 13, 13 ],[ 13, 1 ]);
GROU(30,14,[ 0, 7, 7, 7, 7, 7, 14, 14 ],[ 14, 2 ]);
GROU(30,14,[ 0, 2, 2, 7, 7, 7, 7, 7, 7 ],[ 14, 1 ]);
GROU(30,14,[ 0, 2, 2, 7, 7, 7, 7, 7, 7 ],[ 14, 2 ]);
GROU(30,14,[ 0, 2, 2, 2, 14, 14, 14, 14, 14 ],[ 14, 2 ]);
GROU(30,14,[ 0, 2, 2, 2, 2, 2, 7, 14, 14, 14 ],[ 14, 2 ]);
GROU(30,14,[ 0, 2, 2, 2, 2, 2, 2, 2, 7, 7, 14 ],[ 14, 2 ]);
GROU(30,15,[ 0, 5, 5, 5, 5, 5, 15, 15 ],[ 15, 1 ]);
GROU(30,15,[ 0, 3, 5, 5, 5, 15, 15, 15 ],[ 15, 1 ]);
GROU(30,15,[ 0, 3, 3, 5, 15, 15, 15, 15 ],[ 15, 1 ]);
GROU(30,15,[ 0, 3, 3, 3, 3, 5, 5, 5, 5 ],[ 15, 1 ]);
GROU(30,15,[ 0, 3, 3, 3, 3, 3, 5, 5, 15 ],[ 15, 1 ]);
GROU(30,15,[ 0, 3, 3, 3, 3, 3, 3, 15, 15 ],[ 15, 1 ]);
GROU(30,16,[ 0, 16, 16, 16, 16, 16, 16 ],[ 16, 1 ]);
GROU(30,16,[ 0, 4, 4, 4, 4, 8, 8, 8 ],[ 16, 9 ]);
GROU(30,16,[ 0, 4, 4, 4, 4, 4, 16, 16 ],[ 16, 1 ]);
GROU(30,16,[ 0, 2, 4, 8, 8, 8, 8, 8 ],[ 16, 8 ]);
GROU(30,16,[ 0, 2, 4, 4, 8, 8, 16, 16 ],[ 16, 1 ]);
GROU(30,16,[ 0, 2, 2, 8, 16, 16, 16, 16 ],[ 16, 1 ]);
GROU(30,16,[ 0, 2, 2, 4, 4, 4, 4, 4, 8 ],[ 16, 7 ]);
GROU(30,16,[ 0, 2, 2, 4, 4, 4, 4, 4, 8 ],[ 16, 8 ]);
GROU(30,16,[ 0, 2, 2, 4, 4, 4, 4, 4, 8 ],[ 16, 9 ]);
GROU(30,16,[ 0, 2, 2, 2, 4, 4, 8, 8, 8 ],[ 16, 7 ]);
GROU(30,16,[ 0, 2, 2, 2, 4, 4, 8, 8, 8 ],[ 16, 8 ]);
GROU(30,16,[ 0, 2, 2, 2, 4, 4, 8, 8, 8 ],[ 16, 9 ]);
GROU(30,16,[ 0, 2, 2, 2, 4, 4, 4, 16, 16 ],[ 16, 1 ]);
GROU(30,16,[ 0, 2, 2, 2, 2, 8, 8, 16, 16 ],[ 16, 1 ]);
GROU(30,16,[ 0, 2, 2, 2, 2, 2, 4, 4, 4, 8 ],[ 16, 7 ]);
GROU(30,16,[ 0, 2, 2, 2, 2, 2, 4, 4, 4, 8 ],[ 16, 8 ]);
GROU(30,16,[ 0, 2, 2, 2, 2, 2, 4, 4, 4, 8 ],[ 16, 9 ]);
GROU(30,16,[ 0, 2, 2, 2, 2, 2, 2, 8, 8, 8 ],[ 16, 7 ]);
GROU(30,16,[ 0, 2, 2, 2, 2, 2, 2, 4, 16, 16 ],[ 16, 1 ]);
GROU(30,16,[ 0, 2, 2, 2, 2, 2, 2, 2, 2, 4, 8 ],[ 16, 7 ]);
GROU(30,16,[ 0, 2, 2, 2, 2, 2, 2, 2, 2, 4, 8 ],[ 16, 8 ]);
GROU(30,18,[ 0, 6, 6, 9, 9, 9, 9 ],[ 18, 2 ]);
GROU(30,18,[ 0, 6, 6, 6, 9, 9, 18 ],[ 18, 2 ]);
GROU(30,18,[ 0, 6, 6, 6, 6, 18, 18 ],[ 18, 2 ]);
GROU(30,18,[ 0, 3, 9, 9, 9, 18, 18 ],[ 18, 2 ]);
GROU(30,18,[ 0, 3, 6, 9, 18, 18, 18 ],[ 18, 2 ]);
SIGN(30,18,[ 0, 3, 3, 3, 3, 6, 6, 9 ],"all");
GROU(30,18,[ 0, 3, 3, 3, 3, 3, 18, 18 ],[ 18, 2 ]);
GROU(30,18,[ 0, 2, 18, 18, 18, 18, 18 ],[ 18, 2 ]);
SIGN(30,18,[ 0, 2, 3, 3, 6, 6, 6, 9 ],"all");
GROU(30,18,[ 0, 2, 3, 3, 3, 9, 9, 18 ],[ 18, 2 ]);
GROU(30,18,[ 0, 2, 3, 3, 3, 6, 18, 18 ],[ 18, 2 ]);
SIGN(30,18,[ 0, 2, 2, 6, 6, 6, 6, 9 ],"all");
GROU(30,18,[ 0, 2, 2, 3, 9, 9, 9, 9 ],[ 18, 1 ]);
GROU(30,18,[ 0, 2, 2, 3, 9, 9, 9, 9 ],[ 18, 2 ]);
GROU(30,18,[ 0, 2, 2, 3, 6, 9, 9, 18 ],[ 18, 2 ]);
GROU(30,18,[ 0, 2, 2, 3, 6, 6, 18, 18 ],[ 18, 2 ]);
GROU(30,18,[ 0, 2, 2, 3, 3, 3, 3, 3, 9 ],[ 18, 1 ]);
GROU(30,18,[ 0, 2, 2, 2, 9, 18, 18, 18 ],[ 18, 2 ]);
SIGN(30,18,[ 0, 2, 2, 2, 3, 3, 3, 6, 9 ],"all");
SIGN(30,18,[ 0, 2, 2, 2, 2, 3, 6, 6, 9 ],"all");
GROU(30,18,[ 0, 2, 2, 2, 2, 3, 3, 18, 18 ],[ 18, 2 ]);
GROU(30,18,[ 0, 2, 2, 2, 2, 2, 9, 9, 18 ],[ 18, 2 ]);
GROU(30,18,[ 0, 2, 2, 2, 2, 2, 6, 18, 18 ],[ 18, 2 ]);
GROU(30,18,[ 0, 2, 2, 2, 2, 2, 2, 3, 3, 9 ],[ 18, 1 ]);
SIGN(30,18,[ 0, 2, 2, 2, 2, 2, 2, 2, 6, 9 ],"all");
GROU(30,20,[ 0, 4, 5, 5, 5, 5, 20 ],[ 20, 2 ]);
GROU(30,20,[ 0, 4, 4, 5, 5, 10, 10 ],[ 20, 1 ]);
GROU(30,20,[ 0, 4, 4, 5, 5, 10, 10 ],[ 20, 2 ]);
GROU(30,20,[ 0, 4, 4, 4, 5, 10, 20 ],[ 20, 2 ]);
GROU(30,20,[ 0, 4, 4, 4, 4, 20, 20 ],[ 20, 2 ]);
GROU(30,20,[ 0, 2, 5, 10, 10, 10, 10 ],[ 20, 5 ]);
GROU(30,20,[ 0, 2, 5, 5, 10, 20, 20 ],[ 20, 2 ]);
GROU(30,20,[ 0, 2, 4, 10, 10, 10, 20 ],[ 20, 2 ]);
GROU(30,20,[ 0, 2, 4, 5, 20, 20, 20 ],[ 20, 2 ]);
GROU(30,20,[ 0, 2, 2, 4, 4, 5, 5, 5 ],[ 20, 1 ]);
GROU(30,20,[ 0, 2, 2, 4, 4, 5, 5, 5 ],[ 20, 2 ]);
GROU(30,20,[ 0, 2, 2, 4, 4, 5, 5, 5 ],[ 20, 3 ]);
GROU(30,20,[ 0, 2, 2, 4, 4, 4, 4, 10 ],[ 20, 1 ]);
GROU(30,20,[ 0, 2, 2, 2, 5, 5, 10, 10 ],[ 20, 4 ]);
GROU(30,20,[ 0, 2, 2, 2, 5, 5, 10, 10 ],[ 20, 5 ]);
GROU(30,20,[ 0, 2, 2, 2, 4, 5, 10, 20 ],[ 20, 2 ]);
GROU(30,20,[ 0, 2, 2, 2, 4, 4, 20, 20 ],[ 20, 2 ]);
GROU(30,20,[ 0, 2, 2, 2, 2, 2, 5, 5, 5 ],[ 20, 4 ]);
GROU(30,20,[ 0, 2, 2, 2, 2, 2, 5, 5, 5 ],[ 20, 5 ]);
GROU(30,20,[ 0, 2, 2, 2, 2, 2, 4, 4, 10 ],[ 20, 1 ]);
GROU(30,20,[ 0, 2, 2, 2, 2, 2, 2, 20, 20 ],[ 20, 2 ]);
GROU(30,20,[ 0, 2, 2, 2, 2, 2, 2, 2, 2, 10 ],[ 20, 4 ]);
GROU(30,21,[ 0, 21, 21, 21, 21, 21 ],[ 21, 2 ]);
GROU(30,21,[ 0, 3, 3, 7, 7, 7, 7 ],[ 21, 1 ]);
GROU(30,21,[ 0, 3, 3, 7, 7, 7, 7 ],[ 21, 2 ]);
GROU(30,21,[ 0, 3, 3, 3, 7, 21, 21 ],[ 21, 2 ]);
GROU(30,22,[ 0, 11, 11, 11, 22, 22 ],[ 22, 2 ]);
GROU(30,22,[ 0, 2, 2, 11, 11, 11, 11 ],[ 22, 1 ]);
GROU(30,22,[ 0, 2, 2, 11, 11, 11, 11 ],[ 22, 2 ]);
GROU(30,24,[ 0, 8, 8, 8, 8, 12 ],[ 24, 1 ]);
GROU(30,24,[ 0, 6, 8, 8, 12, 12 ],[ 24, 1 ]);
GROU(30,24,[ 0, 6, 8, 8, 12, 12 ],[ 24, 2 ]);
GROU(30,24,[ 0, 6, 8, 8, 8, 24 ],[ 24, 2 ]);
GROU(30,24,[ 0, 6, 6, 12, 12, 12 ],[ 24, 10 ]);
GROU(30,24,[ 0, 6, 6, 12, 12, 12 ],[ 24, 11 ]);
GROU(30,24,[ 0, 6, 6, 8, 12, 24 ],[ 24, 2 ]);
GROU(30,24,[ 0, 6, 6, 6, 24, 24 ],[ 24, 2 ]);
GROU(30,24,[ 0, 4, 12, 12, 12, 12 ],[ 24, 11 ]);
GROU(30,24,[ 0, 4, 8, 12, 12, 24 ],[ 24, 2 ]);
GROU(30,24,[ 0, 4, 8, 8, 24, 24 ],[ 24, 2 ]);
GROU(30,24,[ 0, 4, 6, 12, 24, 24 ],[ 24, 2 ]);
GROU(30,24,[ 0, 3, 12, 12, 24, 24 ],[ 24, 2 ]);
GROU(30,24,[ 0, 3, 8, 24, 24, 24 ],[ 24, 2 ]);
GROU(30,24,[ 0, 3, 4, 4, 4, 4, 4 ],[ 24, 4 ]);
GROU(30,24,[ 0, 3, 3, 4, 4, 4, 6 ],[ 24, 3 ]);
GROU(30,24,[ 0, 3, 3, 4, 4, 4, 6 ],[ 24, 4 ]);
GROU(30,24,[ 0, 3, 3, 4, 4, 4, 6 ],[ 24, 11 ]);
GROU(30,24,[ 0, 3, 3, 3, 4, 6, 6 ],[ 24, 3 ]);
GROU(30,24,[ 0, 3, 3, 3, 4, 6, 6 ],[ 24, 10 ]);
GROU(30,24,[ 0, 3, 3, 3, 4, 4, 12 ],[ 24, 4 ]);
GROU(30,24,[ 0, 3, 3, 3, 4, 4, 12 ],[ 24, 11 ]);
GROU(30,24,[ 0, 3, 3, 3, 3, 8, 8 ],[ 24, 1 ]);
GROU(30,24,[ 0, 3, 3, 3, 3, 8, 8 ],[ 24, 2 ]);
GROU(30,24,[ 0, 2, 4, 4, 4, 6, 6 ],[ 24, 3 ]);
GROU(30,24,[ 0, 2, 4, 4, 4, 6, 6 ],[ 24, 4 ]);
GROU(30,24,[ 0, 2, 4, 4, 4, 6, 6 ],[ 24, 8 ]);
GROU(30,24,[ 0, 2, 4, 4, 4, 6, 6 ],[ 24, 10 ]);
GROU(30,24,[ 0, 2, 4, 4, 4, 6, 6 ],[ 24, 11 ]);
GROU(30,24,[ 0, 2, 4, 4, 4, 4, 12 ],[ 24, 4 ]);
GROU(30,24,[ 0, 2, 3, 4, 6, 6, 6 ],[ 24, 3 ]);
GROU(30,24,[ 0, 2, 3, 4, 6, 6, 6 ],[ 24, 8 ]);
GROU(30,24,[ 0, 2, 3, 4, 6, 6, 6 ],[ 24, 10 ]);
GROU(30,24,[ 0, 2, 3, 4, 4, 8, 8 ],[ 24, 1 ]);
GROU(30,24,[ 0, 2, 3, 4, 4, 6, 12 ],[ 24, 4 ]);
GROU(30,24,[ 0, 2, 3, 4, 4, 6, 12 ],[ 24, 10 ]);
GROU(30,24,[ 0, 2, 3, 4, 4, 6, 12 ],[ 24, 11 ]);
GROU(30,24,[ 0, 2, 3, 3, 6, 8, 8 ],[ 24, 1 ]);
GROU(30,24,[ 0, 2, 3, 3, 6, 8, 8 ],[ 24, 2 ]);
GROU(30,24,[ 0, 2, 3, 3, 6, 6, 12 ],[ 24, 10 ]);
GROU(30,24,[ 0, 2, 3, 3, 4, 12, 12 ],[ 24, 11 ]);
GROU(30,24,[ 0, 2, 3, 3, 4, 8, 24 ],[ 24, 2 ]);
GROU(30,24,[ 0, 2, 3, 3, 3, 24, 24 ],[ 24, 2 ]);
GROU(30,24,[ 0, 2, 2, 6, 6, 8, 8 ],[ 24, 1 ]);
GROU(30,24,[ 0, 2, 2, 6, 6, 8, 8 ],[ 24, 2 ]);
GROU(30,24,[ 0, 2, 2, 6, 6, 6, 12 ],[ 24, 6 ]);
GROU(30,24,[ 0, 2, 2, 6, 6, 6, 12 ],[ 24, 10 ]);
GROU(30,24,[ 0, 2, 2, 4, 8, 8, 12 ],[ 24, 1 ]);
GROU(30,24,[ 0, 2, 2, 4, 6, 12, 12 ],[ 24, 6 ]);
GROU(30,24,[ 0, 2, 2, 4, 6, 12, 12 ],[ 24, 10 ]);
GROU(30,24,[ 0, 2, 2, 4, 6, 12, 12 ],[ 24, 11 ]);
GROU(30,24,[ 0, 2, 2, 4, 6, 8, 24 ],[ 24, 2 ]);
GROU(30,24,[ 0, 2, 2, 4, 4, 24, 24 ],[ 24, 2 ]);
GROU(30,24,[ 0, 2, 2, 3, 12, 12, 12 ],[ 24, 6 ]);
GROU(30,24,[ 0, 2, 2, 3, 12, 12, 12 ],[ 24, 10 ]);
GROU(30,24,[ 0, 2, 2, 3, 12, 12, 12 ],[ 24, 11 ]);
GROU(30,24,[ 0, 2, 2, 3, 8, 12, 24 ],[ 24, 2 ]);
GROU(30,24,[ 0, 2, 2, 3, 6, 24, 24 ],[ 24, 2 ]);
GROU(30,24,[ 0, 2, 2, 3, 3, 3, 3, 4 ],[ 24, 3 ]);
GROU(30,24,[ 0, 2, 2, 3, 3, 3, 3, 4 ],[ 24, 6 ]);
GROU(30,24,[ 0, 2, 2, 3, 3, 3, 3, 4 ],[ 24, 8 ]);
GROU(30,24,[ 0, 2, 2, 3, 3, 3, 3, 4 ],[ 24, 10 ]);
GROU(30,24,[ 0, 2, 2, 3, 3, 3, 3, 4 ],[ 24, 12 ]);
GROU(30,24,[ 0, 2, 2, 2, 3, 4, 4, 4 ],[ 24, 4 ]);
GROU(30,24,[ 0, 2, 2, 2, 3, 4, 4, 4 ],[ 24, 6 ]);
GROU(30,24,[ 0, 2, 2, 2, 3, 4, 4, 4 ],[ 24, 8 ]);
GROU(30,24,[ 0, 2, 2, 2, 3, 4, 4, 4 ],[ 24, 12 ]);
GROU(30,24,[ 0, 2, 2, 2, 3, 3, 4, 6 ],[ 24, 3 ]);
GROU(30,24,[ 0, 2, 2, 2, 3, 3, 4, 6 ],[ 24, 6 ]);
GROU(30,24,[ 0, 2, 2, 2, 3, 3, 4, 6 ],[ 24, 8 ]);
GROU(30,24,[ 0, 2, 2, 2, 3, 3, 4, 6 ],[ 24, 10 ]);
GROU(30,24,[ 0, 2, 2, 2, 3, 3, 3, 12 ],[ 24, 6 ]);
GROU(30,24,[ 0, 2, 2, 2, 3, 3, 3, 12 ],[ 24, 10 ]);
GROU(30,24,[ 0, 2, 2, 2, 2, 4, 6, 6 ],[ 24, 3 ]);
GROU(30,24,[ 0, 2, 2, 2, 2, 4, 6, 6 ],[ 24, 6 ]);
GROU(30,24,[ 0, 2, 2, 2, 2, 4, 6, 6 ],[ 24, 8 ]);
GROU(30,24,[ 0, 2, 2, 2, 2, 4, 6, 6 ],[ 24, 10 ]);
GROU(30,24,[ 0, 2, 2, 2, 2, 4, 4, 12 ],[ 24, 4 ]);
GROU(30,24,[ 0, 2, 2, 2, 2, 4, 4, 12 ],[ 24, 6 ]);
GROU(30,24,[ 0, 2, 2, 2, 2, 3, 8, 8 ],[ 24, 1 ]);
GROU(30,24,[ 0, 2, 2, 2, 2, 3, 6, 12 ],[ 24, 6 ]);
GROU(30,24,[ 0, 2, 2, 2, 2, 3, 6, 12 ],[ 24, 10 ]);
GROU(30,24,[ 0, 2, 2, 2, 2, 2, 24, 24 ],[ 24, 2 ]);
GROU(30,24,[ 0, 2, 2, 2, 2, 2, 2, 3, 4 ],[ 24, 6 ]);
GROU(30,24,[ 0, 2, 2, 2, 2, 2, 2, 3, 4 ],[ 24, 8 ]);
GROU(30,24,[ 0, 2, 2, 2, 2, 2, 2, 3, 4 ],[ 24, 12 ]);
GROU(30,24,[ 0, 2, 2, 2, 2, 2, 2, 2, 12 ],[ 24, 6 ]);
GROU(30,25,[ 0, 5, 5, 5, 25, 25 ],[ 25, 1 ]);
GROU(30,26,[ 0, 2, 13, 13, 13, 26 ],[ 26, 2 ]);
GROU(30,27,[ 0, 3, 3, 9, 27, 27 ],[ 27, 1 ]);
GROU(30,28,[ 0, 4, 4, 7, 7, 7 ],[ 28, 1 ]);
GROU(30,28,[ 0, 4, 4, 7, 7, 7 ],[ 28, 2 ]);
GROU(30,28,[ 0, 4, 4, 4, 7, 28 ],[ 28, 2 ]);
GROU(30,28,[ 0, 2, 7, 7, 14, 14 ],[ 28, 4 ]);
GROU(30,28,[ 0, 2, 4, 14, 14, 28 ],[ 28, 2 ]);
GROU(30,28,[ 0, 2, 2, 2, 7, 7, 7 ],[ 28, 3 ]);
GROU(30,28,[ 0, 2, 2, 2, 7, 7, 7 ],[ 28, 4 ]);
GROU(30,28,[ 0, 2, 2, 2, 4, 7, 28 ],[ 28, 2 ]);
GROU(30,30,[ 0, 3, 5, 5, 6, 6 ],[ 30, 2 ]);
GROU(30,30,[ 0, 3, 5, 5, 6, 6 ],[ 30, 4 ]);
GROU(30,30,[ 0, 3, 3, 6, 6, 15 ],[ 30, 2 ]);
GROU(30,30,[ 0, 3, 3, 5, 10, 10 ],[ 30, 1 ]);
GROU(30,30,[ 0, 3, 3, 5, 10, 10 ],[ 30, 4 ]);
GROU(30,30,[ 0, 3, 3, 5, 6, 30 ],[ 30, 4 ]);
GROU(30,30,[ 0, 3, 3, 3, 30, 30 ],[ 30, 4 ]);
GROU(30,30,[ 0, 2, 6, 6, 6, 15 ],[ 30, 2 ]);
GROU(30,30,[ 0, 2, 5, 6, 6, 30 ],[ 30, 4 ]);
GROU(30,30,[ 0, 2, 5, 5, 10, 15 ],[ 30, 1 ]);
GROU(30,30,[ 0, 2, 3, 10, 15, 15 ],[ 30, 1 ]);
GROU(30,30,[ 0, 2, 3, 10, 15, 15 ],[ 30, 4 ]);
GROU(30,30,[ 0, 2, 3, 10, 10, 30 ],[ 30, 4 ]);
GROU(30,30,[ 0, 2, 3, 6, 30, 30 ],[ 30, 4 ]);
GROU(30,30,[ 0, 2, 2, 3, 3, 5, 5 ],[ 30, 1 ]);
GROU(30,30,[ 0, 2, 2, 3, 3, 5, 5 ],[ 30, 2 ]);
GROU(30,30,[ 0, 2, 2, 3, 3, 5, 5 ],[ 30, 3 ]);
GROU(30,30,[ 0, 2, 2, 3, 3, 5, 5 ],[ 30, 4 ]);
GROU(30,30,[ 0, 2, 2, 3, 3, 3, 15 ],[ 30, 2 ]);
GROU(30,30,[ 0, 2, 2, 3, 3, 3, 15 ],[ 30, 3 ]);
GROU(30,30,[ 0, 2, 2, 2, 3, 6, 15 ],[ 30, 2 ]);
GROU(30,30,[ 0, 2, 2, 2, 3, 5, 30 ],[ 30, 4 ]);
GROU(30,30,[ 0, 2, 2, 2, 2, 30, 30 ],[ 30, 4 ]);
GROU(30,30,[ 0, 2, 2, 2, 2, 2, 2, 15 ],[ 30, 3 ]);
GROU(30,31,[ 0, 31, 31, 31, 31 ],[ 31, 1 ]);
GROU(30,32,[ 0, 16, 16, 32, 32 ],[ 32, 1 ]);
GROU(30,32,[ 0, 2, 4, 4, 8, 16 ],[ 32, 19 ]);
GROU(30,32,[ 0, 2, 4, 4, 8, 16 ],[ 32, 20 ]);
GROU(30,32,[ 0, 2, 2, 16, 16, 16 ],[ 32, 18 ]);
GROU(30,32,[ 0, 2, 2, 8, 32, 32 ],[ 32, 1 ]);
GROU(30,32,[ 0, 2, 2, 2, 2, 8, 16 ],[ 32, 18 ]);
GROU(30,33,[ 0, 11, 11, 33, 33 ],[ 33, 1 ]);
GROU(30,35,[ 0, 7, 7, 35, 35 ],[ 35, 1 ]);
GROU(30,36,[ 0, 9, 9, 12, 12 ],[ 36, 2 ]);
SIGN(30,36,[ 0, 6, 12, 12, 18 ],"all");
GROU(30,36,[ 0, 6, 9, 18, 18 ],[ 36, 5 ]);
GROU(30,36,[ 0, 6, 9, 12, 36 ],[ 36, 2 ]);
GROU(30,36,[ 0, 6, 6, 36, 36 ],[ 36, 2 ]);
GROU(30,36,[ 0, 4, 18, 18, 36 ],[ 36, 2 ]);
GROU(30,36,[ 0, 4, 12, 36, 36 ],[ 36, 2 ]);
GROU(30,36,[ 0, 2, 3, 4, 4, 18 ],[ 36, 1 ]);
GROU(30,36,[ 0, 2, 3, 3, 9, 9 ],[ 36, 3 ]);
SIGN(30,36,[ 0, 2, 3, 3, 6, 18 ],"all");
GROU(30,36,[ 0, 2, 2, 6, 9, 9 ],[ 36, 3 ]);
GROU(30,36,[ 0, 2, 2, 6, 9, 9 ],[ 36, 4 ]);
GROU(30,36,[ 0, 2, 2, 6, 9, 9 ],[ 36, 5 ]);
GROU(30,36,[ 0, 2, 2, 6, 6, 18 ],[ 36, 4 ]);
SIGN(30,36,[ 0, 2, 2, 4, 12, 18 ],"all");
GROU(30,36,[ 0, 2, 2, 4, 9, 36 ],[ 36, 2 ]);
GROU(30,36,[ 0, 2, 2, 3, 36, 36 ],[ 36, 2 ]);
GROU(30,36,[ 0, 2, 2, 2, 2, 3, 18 ],[ 36, 4 ]);
GROU(30,39,[ 0, 3, 13, 13, 39 ],[ 39, 2 ]);
GROU(30,40,[ 0, 5, 8, 8, 10 ],[ 40, 1 ]);
GROU(30,40,[ 0, 5, 8, 8, 10 ],[ 40, 2 ]);
GROU(30,40,[ 0, 5, 8, 8, 10 ],[ 40, 3 ]);
GROU(30,40,[ 0, 5, 5, 8, 40 ],[ 40, 2 ]);
GROU(30,40,[ 0, 4, 10, 10, 10 ],[ 40, 10 ]);
GROU(30,40,[ 0, 4, 8, 8, 20 ],[ 40, 1 ]);
GROU(30,40,[ 0, 4, 5, 20, 20 ],[ 40, 11 ]);
GROU(30,40,[ 0, 4, 4, 40, 40 ],[ 40, 2 ]);
GROU(30,40,[ 0, 2, 2, 4, 5, 10 ],[ 40, 6 ]);
GROU(30,40,[ 0, 2, 2, 4, 5, 10 ],[ 40, 8 ]);
GROU(30,40,[ 0, 2, 2, 4, 5, 10 ],[ 40, 10 ]);
GROU(30,40,[ 0, 2, 2, 4, 4, 20 ],[ 40, 4 ]);
GROU(30,40,[ 0, 2, 2, 4, 4, 20 ],[ 40, 6 ]);
GROU(30,40,[ 0, 2, 2, 2, 40, 40 ],[ 40, 2 ]);
GROU(30,40,[ 0, 2, 2, 2, 2, 2, 20 ],[ 40, 6 ]);
GROU(30,42,[ 0, 6, 6, 7, 7 ],[ 42, 1 ]);
GROU(30,42,[ 0, 6, 6, 7, 7 ],[ 42, 2 ]);
GROU(30,42,[ 0, 6, 6, 7, 7 ],[ 42, 4 ]);
GROU(30,42,[ 0, 6, 6, 7, 7 ],[ 42, 6 ]);
GROU(30,42,[ 0, 3, 7, 14, 14 ],[ 42, 3 ]);
GROU(30,42,[ 0, 3, 6, 14, 21 ],[ 42, 6 ]);
GROU(30,42,[ 0, 2, 21, 21, 42 ],[ 42, 6 ]);
GROU(30,42,[ 0, 2, 14, 42, 42 ],[ 42, 6 ]);
GROU(30,42,[ 0, 2, 2, 3, 7, 7 ],[ 42, 3 ]);
GROU(30,42,[ 0, 2, 2, 3, 7, 7 ],[ 42, 5 ]);
GROU(30,42,[ 0, 2, 2, 2, 14, 21 ],[ 42, 3 ]);
GROU(30,44,[ 0, 4, 4, 11, 11 ],[ 44, 1 ]);
GROU(30,44,[ 0, 4, 4, 11, 11 ],[ 44, 2 ]);
GROU(30,44,[ 0, 2, 11, 22, 22 ],[ 44, 4 ]);
GROU(30,44,[ 0, 2, 2, 2, 11, 11 ],[ 44, 3 ]);
GROU(30,44,[ 0, 2, 2, 2, 11, 11 ],[ 44, 4 ]);
GROU(30,45,[ 0, 3, 3, 45, 45 ],[ 45, 1 ]);
GROU(30,48,[ 0, 4, 4, 6, 8 ],[ 48, 8 ]);
GROU(30,48,[ 0, 4, 4, 6, 8 ],[ 48, 16 ]);
GROU(30,48,[ 0, 4, 4, 6, 8 ],[ 48, 18 ]);
GROU(30,48,[ 0, 4, 4, 6, 8 ],[ 48, 28 ]);
GROU(30,48,[ 0, 4, 4, 4, 24 ],[ 48, 8 ]);
GROU(30,48,[ 0, 3, 6, 6, 8 ],[ 48, 25 ]);
GROU(30,48,[ 0, 3, 4, 8, 12 ],[ 48, 18 ]);
GROU(30,48,[ 0, 3, 4, 8, 12 ],[ 48, 27 ]);
GROU(30,48,[ 0, 3, 4, 6, 24 ],[ 48, 26 ]);
GROU(30,48,[ 0, 3, 3, 16, 16 ],[ 48, 1 ]);
GROU(30,48,[ 0, 3, 3, 16, 16 ],[ 48, 2 ]);
GROU(30,48,[ 0, 2, 8, 12, 12 ],[ 48, 17 ]);
GROU(30,48,[ 0, 2, 8, 12, 12 ],[ 48, 26 ]);
GROU(30,48,[ 0, 2, 8, 12, 12 ],[ 48, 27 ]);
SIGN(30,48,[ 0, 2, 8, 8, 24 ],"all");
GROU(30,48,[ 0, 2, 6, 16, 16 ],[ 48, 1 ]);
GROU(30,48,[ 0, 2, 6, 12, 24 ],[ 48, 25 ]);
GROU(30,48,[ 0, 2, 6, 12, 24 ],[ 48, 26 ]);
GROU(30,48,[ 0, 2, 4, 48, 48 ],[ 48, 2 ]);
GROU(30,48,[ 0, 2, 2, 3, 3, 8 ],[ 48, 7 ]);
GROU(30,48,[ 0, 2, 2, 3, 3, 8 ],[ 48, 15 ]);
GROU(30,48,[ 0, 2, 2, 3, 3, 8 ],[ 48, 25 ]);
GROU(30,48,[ 0, 2, 2, 3, 3, 8 ],[ 48, 29 ]);
GROU(30,48,[ 0, 2, 2, 2, 6, 8 ],[ 48, 7 ]);
GROU(30,48,[ 0, 2, 2, 2, 6, 8 ],[ 48, 15 ]);
GROU(30,48,[ 0, 2, 2, 2, 6, 8 ],[ 48, 29 ]);
GROU(30,48,[ 0, 2, 2, 2, 4, 24 ],[ 48, 6 ]);
GROU(30,48,[ 0, 2, 2, 2, 4, 24 ],[ 48, 7 ]);
SIGN(30,50,[ 0, 2, 5, 10, 25 ],"all");
SIGN(30,54,[ 0, 2, 3, 18, 27 ],"all");
GROU(30,56,[ 0, 2, 4, 7, 14 ],[ 56, 7 ]);
GROU(30,56,[ 0, 2, 4, 7, 14 ],[ 56, 9 ]);
GROU(30,58,[ 0, 2, 2, 2, 2, 2, 2 ],[ 58, 1 ]);
GROU(30,60,[ 0, 3, 4, 4, 5 ],[ 60, 3 ]);
GROU(30,60,[ 0, 3, 4, 4, 5 ],[ 60, 7 ]);
SIGN(30,60,[ 0, 3, 3, 5, 6 ],"nonsolvable");
GROU(30,60,[ 0, 2, 5, 6, 6 ],[ 60, 10 ]);
SIGN(30,60,[ 0, 2, 4, 5, 12 ],"nonsolvable");
GROU(30,60,[ 0, 2, 4, 4, 30 ],[ 60, 3 ]);
GROU(30,60,[ 0, 2, 3, 10, 10 ],[ 60, 11 ]);
GROU(30,60,[ 0, 2, 3, 6, 30 ],[ 60, 10 ]);
GROU(30,60,[ 0, 2, 2, 60, 60 ],[ 60, 4 ]);
GROU(30,60,[ 0, 2, 2, 2, 3, 5 ],[ 60, 5 ]);
GROU(30,60,[ 0, 2, 2, 2, 3, 5 ],[ 60, 8 ]);
GROU(30,60,[ 0, 2, 2, 2, 3, 5 ],[ 60, 12 ]);
GROU(30,60,[ 0, 2, 2, 2, 2, 30 ],[ 60, 12 ]);
GROU(30,61,[ 0, 61, 61, 61 ],[ 61, 1 ]);
GROU(30,62,[ 0, 31, 62, 62 ],[ 62, 2 ]);
GROU(30,62,[ 0, 2, 2, 31, 31 ],[ 62, 1 ]);
GROU(30,62,[ 0, 2, 2, 31, 31 ],[ 62, 2 ]);
GROU(30,63,[ 0, 21, 63, 63 ],[ 63, 2 ]);
SIGN(30,64,[ 0, 32, 32, 32 ],"all");
GROU(30,64,[ 0, 16, 64, 64 ],[ 64, 1 ]);
GROU(30,64,[ 0, 2, 2, 16, 32 ],[ 64, 52 ]);
GROU(30,65,[ 0, 13, 65, 65 ],[ 65, 1 ]);
GROU(30,66,[ 0, 22, 22, 33 ],[ 66, 1 ]);
GROU(30,66,[ 0, 11, 66, 66 ],[ 66, 4 ]);
GROU(30,66,[ 0, 2, 2, 11, 33 ],[ 66, 1 ]);
GROU(30,66,[ 0, 2, 2, 11, 33 ],[ 66, 3 ]);
GROU(30,70,[ 0, 14, 14, 35 ],[ 70, 1 ]);
GROU(30,70,[ 0, 7, 70, 70 ],[ 70, 4 ]);
GROU(30,70,[ 0, 2, 2, 7, 35 ],[ 70, 1 ]);
GROU(30,70,[ 0, 2, 2, 7, 35 ],[ 70, 3 ]);
GROU(30,72,[ 0, 12, 18, 18 ],[ 72, 3 ]);
GROU(30,72,[ 0, 12, 18, 18 ],[ 72, 10 ]);
SIGN(30,72,[ 0, 12, 12, 36 ],"all");
SIGN(30,72,[ 0, 9, 24, 24 ],"all");
SIGN(30,72,[ 0, 8, 24, 36 ],"all");
GROU(30,72,[ 0, 8, 18, 72 ],[ 72, 2 ]);
GROU(30,72,[ 0, 6, 72, 72 ],[ 72, 2 ]);
GROU(30,72,[ 0, 2, 3, 4, 9 ],[ 72, 15 ]);
GROU(30,72,[ 0, 2, 2, 9, 12 ],[ 72, 6 ]);
GROU(30,72,[ 0, 2, 2, 6, 36 ],[ 72, 6 ]);
GROU(30,75,[ 0, 5, 75, 75 ],[ 75, 1 ]);
GROU(30,77,[ 0, 7, 11, 77 ],[ 77, 1 ]);
GROU(30,78,[ 0, 6, 13, 78 ],[ 78, 6 ]);
GROU(30,80,[ 0, 8, 10, 20 ],[ 80, 26 ]);
SIGN(30,80,[ 0, 8, 8, 40 ],"all");
GROU(30,80,[ 0, 5, 16, 80 ],[ 80, 2 ]);
GROU(30,80,[ 0, 4, 80, 80 ],[ 80, 2 ]);
GROU(30,80,[ 0, 2, 2, 4, 40 ],[ 80, 6 ]);
GROU(30,80,[ 0, 2, 2, 4, 40 ],[ 80, 7 ]);
GROU(30,84,[ 0, 7, 12, 12 ],[ 84, 1 ]);
GROU(30,84,[ 0, 7, 12, 12 ],[ 84, 2 ]);
GROU(30,84,[ 0, 7, 12, 12 ],[ 84, 4 ]);
GROU(30,84,[ 0, 6, 14, 14 ],[ 84, 13 ]);
GROU(30,84,[ 0, 4, 28, 42 ],[ 84, 3 ]);
GROU(30,84,[ 0, 4, 21, 84 ],[ 84, 6 ]);
GROU(30,84,[ 0, 2, 3, 3, 7 ],[ 84, 11 ]);
GROU(30,84,[ 0, 2, 2, 6, 7 ],[ 84, 8 ]);
GROU(30,84,[ 0, 2, 2, 6, 7 ],[ 84, 14 ]);
GROU(30,88,[ 0, 8, 8, 11 ],[ 88, 1 ]);
GROU(30,88,[ 0, 4, 22, 22 ],[ 88, 9 ]);
GROU(30,88,[ 0, 2, 2, 4, 11 ],[ 88, 5 ]);
GROU(30,88,[ 0, 2, 2, 4, 11 ],[ 88, 7 ]);
SIGN(30,90,[ 0, 6, 6, 45 ],"all");
GROU(30,90,[ 0, 3, 90, 90 ],[ 90, 4 ]);
GROU(30,90,[ 0, 2, 2, 3, 45 ],[ 90, 3 ]);
GROU(30,93,[ 0, 3, 31, 93 ],[ 93, 2 ]);
GROU(30,96,[ 0, 6, 6, 16 ],[ 96, 61 ]);
GROU(30,96,[ 0, 4, 12, 16 ],[ 96, 36 ]);
SIGN(30,96,[ 0, 4, 8, 48 ],"all");
GROU(30,96,[ 0, 3, 32, 32 ],[ 96, 1 ]);
GROU(30,96,[ 0, 2, 2, 3, 16 ],[ 96, 6 ]);
GROU(30,96,[ 0, 2, 2, 3, 16 ],[ 96, 33 ]);
GROU(30,116,[ 0, 2, 2, 4, 4 ],[ 116, 3 ]);
GROU(30,116,[ 0, 2, 2, 2, 2, 2 ],[ 116, 4 ]);
GROU(30,120,[ 0, 4, 6, 10 ],[ 120, 5 ]);
GROU(30,120,[ 0, 4, 6, 10 ],[ 120, 11 ]);
SIGN(30,120,[ 0, 4, 5, 15 ],"nonsolvable");
GROU(30,120,[ 0, 4, 4, 60 ],[ 120, 26 ]);
SIGN(30,120,[ 0, 3, 10, 12 ],"nonsolvable");
GROU(30,120,[ 0, 2, 120, 120 ],[ 120, 4 ]);
GROU(30,120,[ 0, 2, 2, 2, 60 ],[ 120, 28 ]);
GROU(30,122,[ 0, 2, 61, 122 ],[ 122, 2 ]);
GROU(30,124,[ 0, 4, 4, 31 ],[ 124, 1 ]);
GROU(30,124,[ 0, 2, 62, 62 ],[ 124, 4 ]);
GROU(30,124,[ 0, 2, 2, 2, 31 ],[ 124, 3 ]);
SIGN(30,126,[ 0, 2, 42, 63 ],"all");
SIGN(30,128,[ 0, 2, 32, 64 ],"all");
GROU(30,130,[ 0, 2, 26, 65 ],[ 130, 1 ]);
GROU(30,132,[ 0, 2, 33, 33 ],[ 132, 6 ]);
GROU(30,132,[ 0, 2, 22, 66 ],[ 132, 8 ]);
GROU(30,140,[ 0, 2, 14, 70 ],[ 140, 9 ]);
SIGN(30,144,[ 0, 2, 18, 24 ],"all");
SIGN(30,144,[ 0, 2, 12, 72 ],"all");
SIGN(30,150,[ 0, 2, 10, 75 ],"all");
SIGN(30,160,[ 0, 2, 8, 80 ],"all");
SIGN(30,168,[ 0, 3, 4, 14 ],"nonsolvable");
GROU(30,168,[ 0, 2, 12, 14 ],[ 168, 17 ]);
GROU(30,176,[ 0, 2, 8, 22 ],[ 176, 14 ]);
SIGN(30,180,[ 0, 2, 9, 15 ],"nonsolvable");
SIGN(30,180,[ 0, 2, 6, 90 ],"all");
GROU(30,183,[ 0, 3, 3, 61 ],[ 183, 1 ]);
SIGN(30,192,[ 0, 3, 3, 32 ],"all");
GROU(30,192,[ 0, 2, 6, 32 ],[ 192, 78 ]);
SIGN(30,232,[ 0, 4, 4, 4 ],"all");
SIGN(30,232,[ 0, 2, 8, 8 ],"all");
SIGN(30,232,[ 0, 2, 2, 2, 4 ],"all");
GROU(30,240,[ 0, 2, 4, 120 ],[ 240, 67 ]);
GROU(30,248,[ 0, 2, 4, 62 ],[ 248, 7 ]);
GROU(30,264,[ 0, 2, 4, 33 ],[ 264, 32 ]);
SIGN(30,384,[ 0, 2, 3, 64 ],"all");
SIGN(30,464,[ 0, 2, 4, 8 ],"all");
GROU(30,2,[ 1, 2, 2, 2, 2, 2, 2, 2, 2, 2, 2, 2, 2, 2, 2, 2, 2, 2, 2, 2, 2, 2, 
  2, 2, 2, 2, 2, 2, 2, 2, 2, 2, 2, 2, 2, 2, 2, 2, 2, 2, 2, 2, 2, 2, 2, 2, 2, 
  2, 2, 2, 2, 2, 2, 2, 2, 2, 2, 2, 2 ],[ 2, 1 ]);
GROU(30,3,[ 1, 3, 3, 3, 3, 3, 3, 3, 3, 3, 3, 3, 3, 3, 3, 3, 3, 3, 3, 3, 3, 3, 
  3, 3, 3, 3, 3, 3, 3, 3 ],[ 3, 1 ]);
GROU(30,4,[ 1, 2, 2, 4, 4, 4, 4, 4, 4, 4, 4, 4, 4, 4, 4, 4, 4, 4, 4, 4, 4 ],
[ 4, 1 ]);
GROU(30,4,[ 1, 2, 2, 2, 2, 2, 4, 4, 4, 4, 4, 4, 4, 4, 4, 4, 4, 4, 4, 4, 4, 4 
 ],[ 4, 1 ]);
GROU(30,4,[ 1, 2, 2, 2, 2, 2, 2, 2, 2, 4, 4, 4, 4, 4, 4, 4, 4, 4, 4, 4, 4, 4, 
  4 ],[ 4, 1 ]);
GROU(30,4,[ 1, 2, 2, 2, 2, 2, 2, 2, 2, 2, 2, 2, 4, 4, 4, 4, 4, 4, 4, 4, 4, 4, 
  4, 4 ],[ 4, 1 ]);
GROU(30,4,[ 1, 2, 2, 2, 2, 2, 2, 2, 2, 2, 2, 2, 2, 2, 2, 4, 4, 4, 4, 4, 4, 4, 
  4, 4, 4 ],[ 4, 1 ]);
GROU(30,4,[ 1, 2, 2, 2, 2, 2, 2, 2, 2, 2, 2, 2, 2, 2, 2, 2, 2, 2, 4, 4, 4, 4, 
  4, 4, 4, 4 ],[ 4, 1 ]);
GROU(30,4,[ 1, 2, 2, 2, 2, 2, 2, 2, 2, 2, 2, 2, 2, 2, 2, 2, 2, 2, 2, 2, 2, 4, 
  4, 4, 4, 4, 4 ],[ 4, 1 ]);
GROU(30,4,[ 1, 2, 2, 2, 2, 2, 2, 2, 2, 2, 2, 2, 2, 2, 2, 2, 2, 2, 2, 2, 2, 2, 
  2, 2, 4, 4, 4, 4 ],[ 4, 1 ]);
GROU(30,4,[ 1, 2, 2, 2, 2, 2, 2, 2, 2, 2, 2, 2, 2, 2, 2, 2, 2, 2, 2, 2, 2, 2, 
  2, 2, 2, 2, 2, 4, 4 ],[ 4, 1 ]);
GROU(30,4,[ 1, 2, 2, 2, 2, 2, 2, 2, 2, 2, 2, 2, 2, 2, 2, 2, 2, 2, 2, 2, 2, 2, 
  2, 2, 2, 2, 2, 2, 2, 2 ],[ 4, 2 ]);
GROU(30,6,[ 1, 3, 3, 6, 6, 6, 6, 6, 6, 6, 6, 6, 6 ],[ 6, 2 ]);
GROU(30,6,[ 1, 3, 3, 3, 3, 3, 3, 3, 6, 6, 6, 6, 6, 6 ],[ 6, 2 ]);
GROU(30,6,[ 1, 3, 3, 3, 3, 3, 3, 3, 3, 3, 3, 3, 3, 6, 6 ],[ 6, 2 ]);
GROU(30,6,[ 1, 2, 6, 6, 6, 6, 6, 6, 6, 6, 6, 6, 6 ],[ 6, 2 ]);
GROU(30,6,[ 1, 2, 3, 3, 3, 3, 3, 6, 6, 6, 6, 6, 6, 6 ],[ 6, 2 ]);
GROU(30,6,[ 1, 2, 3, 3, 3, 3, 3, 3, 3, 3, 3, 3, 6, 6, 6 ],[ 6, 2 ]);
GROU(30,6,[ 1, 2, 2, 3, 3, 3, 6, 6, 6, 6, 6, 6, 6, 6 ],[ 6, 2 ]);
GROU(30,6,[ 1, 2, 2, 3, 3, 3, 3, 3, 3, 3, 3, 6, 6, 6, 6 ],[ 6, 2 ]);
GROU(30,6,[ 1, 2, 2, 3, 3, 3, 3, 3, 3, 3, 3, 3, 3, 3, 3, 3 ],[ 6, 1 ]);
GROU(30,6,[ 1, 2, 2, 3, 3, 3, 3, 3, 3, 3, 3, 3, 3, 3, 3, 3 ],[ 6, 2 ]);
GROU(30,6,[ 1, 2, 2, 2, 3, 6, 6, 6, 6, 6, 6, 6, 6, 6 ],[ 6, 2 ]);
GROU(30,6,[ 1, 2, 2, 2, 3, 3, 3, 3, 3, 3, 6, 6, 6, 6, 6 ],[ 6, 2 ]);
GROU(30,6,[ 1, 2, 2, 2, 3, 3, 3, 3, 3, 3, 3, 3, 3, 3, 3, 6 ],[ 6, 2 ]);
GROU(30,6,[ 1, 2, 2, 2, 2, 3, 3, 3, 3, 6, 6, 6, 6, 6, 6 ],[ 6, 2 ]);
GROU(30,6,[ 1, 2, 2, 2, 2, 3, 3, 3, 3, 3, 3, 3, 3, 3, 6, 6 ],[ 6, 2 ]);
GROU(30,6,[ 1, 2, 2, 2, 2, 2, 3, 3, 6, 6, 6, 6, 6, 6, 6 ],[ 6, 2 ]);
GROU(30,6,[ 1, 2, 2, 2, 2, 2, 3, 3, 3, 3, 3, 3, 3, 6, 6, 6 ],[ 6, 2 ]);
GROU(30,6,[ 1, 2, 2, 2, 2, 2, 2, 6, 6, 6, 6, 6, 6, 6, 6 ],[ 6, 2 ]);
GROU(30,6,[ 1, 2, 2, 2, 2, 2, 2, 3, 3, 3, 3, 3, 6, 6, 6, 6 ],[ 6, 2 ]);
GROU(30,6,[ 1, 2, 2, 2, 2, 2, 2, 3, 3, 3, 3, 3, 3, 3, 3, 3, 3 ],[ 6, 1 ]);
GROU(30,6,[ 1, 2, 2, 2, 2, 2, 2, 3, 3, 3, 3, 3, 3, 3, 3, 3, 3 ],[ 6, 2 ]);
GROU(30,6,[ 1, 2, 2, 2, 2, 2, 2, 2, 3, 3, 3, 6, 6, 6, 6, 6 ],[ 6, 2 ]);
GROU(30,6,[ 1, 2, 2, 2, 2, 2, 2, 2, 3, 3, 3, 3, 3, 3, 3, 3, 6 ],[ 6, 2 ]);
GROU(30,6,[ 1, 2, 2, 2, 2, 2, 2, 2, 2, 3, 6, 6, 6, 6, 6, 6 ],[ 6, 2 ]);
GROU(30,6,[ 1, 2, 2, 2, 2, 2, 2, 2, 2, 3, 3, 3, 3, 3, 3, 6, 6 ],[ 6, 2 ]);
GROU(30,6,[ 1, 2, 2, 2, 2, 2, 2, 2, 2, 2, 3, 3, 3, 3, 6, 6, 6 ],[ 6, 2 ]);
GROU(30,6,[ 1, 2, 2, 2, 2, 2, 2, 2, 2, 2, 2, 3, 3, 6, 6, 6, 6 ],[ 6, 2 ]);
GROU(30,6,[ 1, 2, 2, 2, 2, 2, 2, 2, 2, 2, 2, 3, 3, 3, 3, 3, 3, 3 ],[ 6, 1 ]);
GROU(30,6,[ 1, 2, 2, 2, 2, 2, 2, 2, 2, 2, 2, 3, 3, 3, 3, 3, 3, 3 ],[ 6, 2 ]);
GROU(30,6,[ 1, 2, 2, 2, 2, 2, 2, 2, 2, 2, 2, 2, 6, 6, 6, 6, 6 ],[ 6, 2 ]);
GROU(30,6,[ 1, 2, 2, 2, 2, 2, 2, 2, 2, 2, 2, 2, 3, 3, 3, 3, 3, 6 ],[ 6, 2 ]);
GROU(30,6,[ 1, 2, 2, 2, 2, 2, 2, 2, 2, 2, 2, 2, 2, 3, 3, 3, 6, 6 ],[ 6, 2 ]);
GROU(30,6,[ 1, 2, 2, 2, 2, 2, 2, 2, 2, 2, 2, 2, 2, 2, 3, 6, 6, 6 ],[ 6, 2 ]);
GROU(30,6,[ 1, 2, 2, 2, 2, 2, 2, 2, 2, 2, 2, 2, 2, 2, 2, 3, 3, 3, 3 ],
[ 6, 1 ]);
GROU(30,6,[ 1, 2, 2, 2, 2, 2, 2, 2, 2, 2, 2, 2, 2, 2, 2, 3, 3, 3, 3 ],
[ 6, 2 ]);
GROU(30,6,[ 1, 2, 2, 2, 2, 2, 2, 2, 2, 2, 2, 2, 2, 2, 2, 2, 3, 3, 6 ],
[ 6, 2 ]);
GROU(30,6,[ 1, 2, 2, 2, 2, 2, 2, 2, 2, 2, 2, 2, 2, 2, 2, 2, 2, 6, 6 ],
[ 6, 2 ]);
GROU(30,6,[ 1, 2, 2, 2, 2, 2, 2, 2, 2, 2, 2, 2, 2, 2, 2, 2, 2, 2, 2, 3 ],
[ 6, 1 ]);
GROU(30,8,[ 1, 4, 4, 4, 4, 4, 8, 8, 8, 8 ],[ 8, 1 ]);
GROU(30,8,[ 1, 2, 4, 4, 8, 8, 8, 8, 8, 8 ],[ 8, 1 ]);
GROU(30,8,[ 1, 2, 4, 4, 4, 4, 4, 4, 4, 4, 4 ],[ 8, 4 ]);
GROU(30,8,[ 1, 2, 2, 4, 4, 4, 4, 4, 4, 8, 8 ],[ 8, 1 ]);
GROU(30,8,[ 1, 2, 2, 2, 4, 4, 4, 8, 8, 8, 8 ],[ 8, 1 ]);
GROU(30,8,[ 1, 2, 2, 2, 2, 8, 8, 8, 8, 8, 8 ],[ 8, 1 ]);
GROU(30,8,[ 1, 2, 2, 2, 2, 4, 4, 4, 4, 4, 4, 4 ],[ 8, 3 ]);
GROU(30,8,[ 1, 2, 2, 2, 2, 4, 4, 4, 4, 4, 4, 4 ],[ 8, 4 ]);
GROU(30,8,[ 1, 2, 2, 2, 2, 2, 4, 4, 4, 4, 8, 8 ],[ 8, 1 ]);
GROU(30,8,[ 1, 2, 2, 2, 2, 2, 2, 4, 8, 8, 8, 8 ],[ 8, 1 ]);
GROU(30,8,[ 1, 2, 2, 2, 2, 2, 2, 2, 4, 4, 4, 4, 4 ],[ 8, 3 ]);
GROU(30,8,[ 1, 2, 2, 2, 2, 2, 2, 2, 4, 4, 4, 4, 4 ],[ 8, 4 ]);
GROU(30,8,[ 1, 2, 2, 2, 2, 2, 2, 2, 2, 4, 4, 8, 8 ],[ 8, 1 ]);
GROU(30,8,[ 1, 2, 2, 2, 2, 2, 2, 2, 2, 2, 2, 4, 4, 4 ],[ 8, 3 ]);
GROU(30,8,[ 1, 2, 2, 2, 2, 2, 2, 2, 2, 2, 2, 4, 4, 4 ],[ 8, 4 ]);
GROU(30,8,[ 1, 2, 2, 2, 2, 2, 2, 2, 2, 2, 2, 2, 8, 8 ],[ 8, 1 ]);
GROU(30,8,[ 1, 2, 2, 2, 2, 2, 2, 2, 2, 2, 2, 2, 2, 2, 4 ],[ 8, 3 ]);
GROU(30,9,[ 1, 3, 3, 3, 9, 9, 9, 9, 9 ],[ 9, 1 ]);
GROU(30,9,[ 1, 3, 3, 3, 3, 3, 3, 3, 9, 9 ],[ 9, 1 ]);
GROU(30,10,[ 1, 5, 5, 5, 5, 5, 10, 10 ],[ 10, 2 ]);
GROU(30,10,[ 1, 2, 5, 10, 10, 10, 10, 10 ],[ 10, 2 ]);
GROU(30,10,[ 1, 2, 2, 5, 5, 5, 5, 5, 5 ],[ 10, 1 ]);
GROU(30,10,[ 1, 2, 2, 5, 5, 5, 5, 5, 5 ],[ 10, 2 ]);
GROU(30,10,[ 1, 2, 2, 2, 5, 5, 10, 10, 10 ],[ 10, 2 ]);
GROU(30,10,[ 1, 2, 2, 2, 2, 2, 5, 5, 5, 10 ],[ 10, 2 ]);
GROU(30,10,[ 1, 2, 2, 2, 2, 2, 2, 2, 2, 10, 10 ],[ 10, 2 ]);
GROU(30,10,[ 1, 2, 2, 2, 2, 2, 2, 2, 2, 2, 2, 5 ],[ 10, 1 ]);
GROU(30,12,[ 1, 4, 4, 6, 6, 6, 6 ],[ 12, 1 ]);
GROU(30,12,[ 1, 4, 4, 6, 6, 6, 6 ],[ 12, 2 ]);
GROU(30,12,[ 1, 4, 4, 4, 6, 6, 12 ],[ 12, 2 ]);
GROU(30,12,[ 1, 4, 4, 4, 4, 12, 12 ],[ 12, 2 ]);
GROU(30,12,[ 1, 3, 6, 6, 6, 6, 6 ],[ 12, 5 ]);
GROU(30,12,[ 1, 3, 4, 6, 6, 6, 12 ],[ 12, 2 ]);
GROU(30,12,[ 1, 3, 4, 4, 6, 12, 12 ],[ 12, 2 ]);
GROU(30,12,[ 1, 3, 3, 6, 6, 12, 12 ],[ 12, 2 ]);
GROU(30,12,[ 1, 3, 3, 4, 12, 12, 12 ],[ 12, 2 ]);
GROU(30,12,[ 1, 3, 3, 3, 3, 3, 4, 4 ],[ 12, 1 ]);
GROU(30,12,[ 1, 3, 3, 3, 3, 3, 4, 4 ],[ 12, 2 ]);
SIGN(30,12,[ 1, 3, 3, 3, 3, 3, 3, 6 ],"all");
GROU(30,12,[ 1, 2, 6, 6, 6, 12, 12 ],[ 12, 2 ]);
GROU(30,12,[ 1, 2, 4, 6, 12, 12, 12 ],[ 12, 2 ]);
GROU(30,12,[ 1, 2, 3, 12, 12, 12, 12 ],[ 12, 2 ]);
GROU(30,12,[ 1, 2, 3, 3, 4, 4, 4, 4 ],[ 12, 1 ]);
GROU(30,12,[ 1, 2, 3, 3, 4, 4, 4, 4 ],[ 12, 2 ]);
GROU(30,12,[ 1, 2, 3, 3, 3, 4, 4, 6 ],[ 12, 1 ]);
GROU(30,12,[ 1, 2, 3, 3, 3, 4, 4, 6 ],[ 12, 2 ]);
GROU(30,12,[ 1, 2, 3, 3, 3, 3, 6, 6 ],[ 12, 5 ]);
GROU(30,12,[ 1, 2, 3, 3, 3, 3, 4, 12 ],[ 12, 2 ]);
GROU(30,12,[ 1, 2, 2, 4, 4, 4, 4, 6 ],[ 12, 1 ]);
GROU(30,12,[ 1, 2, 2, 3, 4, 4, 6, 6 ],[ 12, 1 ]);
GROU(30,12,[ 1, 2, 2, 3, 4, 4, 6, 6 ],[ 12, 2 ]);
GROU(30,12,[ 1, 2, 2, 3, 4, 4, 4, 12 ],[ 12, 2 ]);
GROU(30,12,[ 1, 2, 2, 3, 3, 6, 6, 6 ],[ 12, 4 ]);
GROU(30,12,[ 1, 2, 2, 3, 3, 6, 6, 6 ],[ 12, 5 ]);
GROU(30,12,[ 1, 2, 2, 3, 3, 4, 6, 12 ],[ 12, 2 ]);
GROU(30,12,[ 1, 2, 2, 3, 3, 3, 12, 12 ],[ 12, 2 ]);
GROU(30,12,[ 1, 2, 2, 2, 6, 6, 6, 6 ],[ 12, 4 ]);
GROU(30,12,[ 1, 2, 2, 2, 6, 6, 6, 6 ],[ 12, 5 ]);
GROU(30,12,[ 1, 2, 2, 2, 4, 6, 6, 12 ],[ 12, 2 ]);
GROU(30,12,[ 1, 2, 2, 2, 4, 4, 12, 12 ],[ 12, 2 ]);
GROU(30,12,[ 1, 2, 2, 2, 3, 6, 12, 12 ],[ 12, 2 ]);
GROU(30,12,[ 1, 2, 2, 2, 3, 3, 3, 3, 3 ],[ 12, 3 ]);
GROU(30,12,[ 1, 2, 2, 2, 3, 3, 3, 3, 3 ],[ 12, 4 ]);
GROU(30,12,[ 1, 2, 2, 2, 3, 3, 3, 3, 3 ],[ 12, 5 ]);
GROU(30,12,[ 1, 2, 2, 2, 2, 3, 3, 4, 4 ],[ 12, 1 ]);
GROU(30,12,[ 1, 2, 2, 2, 2, 3, 3, 4, 4 ],[ 12, 2 ]);
GROU(30,12,[ 1, 2, 2, 2, 2, 3, 3, 3, 6 ],[ 12, 4 ]);
GROU(30,12,[ 1, 2, 2, 2, 2, 3, 3, 3, 6 ],[ 12, 5 ]);
GROU(30,12,[ 1, 2, 2, 2, 2, 2, 4, 4, 6 ],[ 12, 1 ]);
GROU(30,12,[ 1, 2, 2, 2, 2, 2, 3, 6, 6 ],[ 12, 4 ]);
GROU(30,12,[ 1, 2, 2, 2, 2, 2, 3, 6, 6 ],[ 12, 5 ]);
GROU(30,12,[ 1, 2, 2, 2, 2, 2, 3, 4, 12 ],[ 12, 2 ]);
GROU(30,12,[ 1, 2, 2, 2, 2, 2, 2, 12, 12 ],[ 12, 2 ]);
GROU(30,12,[ 1, 2, 2, 2, 2, 2, 2, 2, 3, 3 ],[ 12, 3 ]);
GROU(30,12,[ 1, 2, 2, 2, 2, 2, 2, 2, 3, 3 ],[ 12, 4 ]);
GROU(30,12,[ 1, 2, 2, 2, 2, 2, 2, 2, 3, 3 ],[ 12, 5 ]);
GROU(30,12,[ 1, 2, 2, 2, 2, 2, 2, 2, 2, 6 ],[ 12, 4 ]);
GROU(30,14,[ 1, 2, 7, 14, 14, 14 ],[ 14, 2 ]);
GROU(30,14,[ 1, 2, 2, 2, 7, 7, 14 ],[ 14, 2 ]);
GROU(30,15,[ 1, 3, 3, 5, 5, 15 ],[ 15, 1 ]);
GROU(30,15,[ 1, 3, 3, 3, 15, 15 ],[ 15, 1 ]);
GROU(30,16,[ 1, 8, 8, 16, 16 ],[ 16, 1 ]);
GROU(30,16,[ 1, 2, 4, 4, 4, 8 ],[ 16, 8 ]);
GROU(30,16,[ 1, 2, 4, 4, 4, 8 ],[ 16, 9 ]);
GROU(30,16,[ 1, 2, 2, 8, 8, 8 ],[ 16, 7 ]);
GROU(30,16,[ 1, 2, 2, 4, 16, 16 ],[ 16, 1 ]);
GROU(30,16,[ 1, 2, 2, 2, 2, 4, 8 ],[ 16, 7 ]);
GROU(30,16,[ 1, 2, 2, 2, 2, 4, 8 ],[ 16, 8 ]);
SIGN(30,18,[ 1, 3, 6, 6, 9 ],"all");
GROU(30,18,[ 1, 3, 3, 18, 18 ],[ 18, 2 ]);
GROU(30,18,[ 1, 2, 9, 9, 18 ],[ 18, 2 ]);
GROU(30,18,[ 1, 2, 6, 18, 18 ],[ 18, 2 ]);
GROU(30,18,[ 1, 2, 2, 3, 3, 9 ],[ 18, 1 ]);
SIGN(30,18,[ 1, 2, 2, 2, 6, 9 ],"all");
SIGN(30,20,[ 1, 2, 5, 5, 5 ],"all");
GROU(30,20,[ 1, 2, 4, 4, 10 ],[ 20, 1 ]);
GROU(30,20,[ 1, 2, 2, 20, 20 ],[ 20, 2 ]);
GROU(30,20,[ 1, 2, 2, 2, 2, 10 ],[ 20, 4 ]);
GROU(30,21,[ 1, 7, 21, 21 ],[ 21, 2 ]);
GROU(30,24,[ 1, 4, 6, 6 ],[ 24, 3 ]);
GROU(30,24,[ 1, 4, 6, 6 ],[ 24, 10 ]);
GROU(30,24,[ 1, 4, 4, 12 ],[ 24, 4 ]);
GROU(30,24,[ 1, 3, 8, 8 ],[ 24, 1 ]);
SIGN(30,24,[ 1, 3, 6, 12 ],"all");
GROU(30,24,[ 1, 2, 24, 24 ],[ 24, 2 ]);
GROU(30,24,[ 1, 2, 2, 3, 4 ],[ 24, 6 ]);
GROU(30,24,[ 1, 2, 2, 3, 4 ],[ 24, 8 ]);
GROU(30,24,[ 1, 2, 2, 3, 4 ],[ 24, 12 ]);
GROU(30,24,[ 1, 2, 2, 2, 12 ],[ 24, 6 ]);
GROU(30,30,[ 1, 30, 30 ],[ 30, 4 ]);
GROU(30,30,[ 1, 2, 2, 15 ],[ 30, 3 ]);
SIGN(30,32,[ 1, 8, 16 ],"all");
SIGN(30,36,[ 1, 3, 18 ],"all");
SIGN(30,40,[ 1, 2, 20 ],"all");
GROU(30,58,[ 1, 2, 2 ],[ 58, 1 ]);
GROU(30,58,[ 1, 2, 2 ],[ 58, 2 ]);
SIGN(30,116,[ 1, 2 ],"all");
GROU(30,2,[ 2, 2, 2, 2, 2, 2, 2, 2, 2, 2, 2, 2, 2, 2, 2, 2, 2, 2, 2, 2, 2, 2, 
  2, 2, 2, 2, 2, 2, 2, 2, 2, 2, 2, 2, 2, 2, 2, 2, 2, 2, 2, 2, 2, 2, 2, 2, 2, 
  2, 2, 2, 2, 2, 2, 2, 2 ],[ 2, 1 ]);
GROU(30,3,[ 2, 3, 3, 3, 3, 3, 3, 3, 3, 3, 3, 3, 3, 3, 3, 3, 3, 3, 3, 3, 3, 3, 
  3, 3, 3, 3, 3 ],[ 3, 1 ]);
GROU(30,4,[ 2, 2, 4, 4, 4, 4, 4, 4, 4, 4, 4, 4, 4, 4, 4, 4, 4, 4 ],[ 4, 1 ]);
GROU(30,4,[ 2, 2, 2, 2, 2, 4, 4, 4, 4, 4, 4, 4, 4, 4, 4, 4, 4, 4, 4 ],
[ 4, 1 ]);
GROU(30,4,[ 2, 2, 2, 2, 2, 2, 2, 2, 4, 4, 4, 4, 4, 4, 4, 4, 4, 4, 4, 4 ],
[ 4, 1 ]);
GROU(30,4,[ 2, 2, 2, 2, 2, 2, 2, 2, 2, 2, 2, 4, 4, 4, 4, 4, 4, 4, 4, 4, 4 ],
[ 4, 1 ]);
GROU(30,4,[ 2, 2, 2, 2, 2, 2, 2, 2, 2, 2, 2, 2, 2, 2, 4, 4, 4, 4, 4, 4, 4, 4 
 ],[ 4, 1 ]);
GROU(30,4,[ 2, 2, 2, 2, 2, 2, 2, 2, 2, 2, 2, 2, 2, 2, 2, 2, 2, 4, 4, 4, 4, 4, 
  4 ],[ 4, 1 ]);
GROU(30,4,[ 2, 2, 2, 2, 2, 2, 2, 2, 2, 2, 2, 2, 2, 2, 2, 2, 2, 2, 2, 2, 4, 4, 
  4, 4 ],[ 4, 1 ]);
GROU(30,4,[ 2, 2, 2, 2, 2, 2, 2, 2, 2, 2, 2, 2, 2, 2, 2, 2, 2, 2, 2, 2, 2, 2, 
  2, 4, 4 ],[ 4, 1 ]);
GROU(30,4,[ 2, 2, 2, 2, 2, 2, 2, 2, 2, 2, 2, 2, 2, 2, 2, 2, 2, 2, 2, 2, 2, 2, 
  2, 2, 2, 2 ],[ 4, 2 ]);
GROU(30,5,[ 2, 5, 5, 5, 5, 5, 5, 5, 5, 5, 5, 5, 5 ],[ 5, 1 ]);
GROU(30,6,[ 2, 3, 3, 3, 3, 6, 6, 6, 6, 6, 6 ],[ 6, 2 ]);
GROU(30,6,[ 2, 3, 3, 3, 3, 3, 3, 3, 3, 3, 6, 6 ],[ 6, 2 ]);
GROU(30,6,[ 2, 2, 3, 3, 6, 6, 6, 6, 6, 6, 6 ],[ 6, 2 ]);
GROU(30,6,[ 2, 2, 3, 3, 3, 3, 3, 3, 3, 6, 6, 6 ],[ 6, 2 ]);
GROU(30,6,[ 2, 2, 2, 6, 6, 6, 6, 6, 6, 6, 6 ],[ 6, 2 ]);
GROU(30,6,[ 2, 2, 2, 3, 3, 3, 3, 3, 6, 6, 6, 6 ],[ 6, 2 ]);
GROU(30,6,[ 2, 2, 2, 3, 3, 3, 3, 3, 3, 3, 3, 3, 3 ],[ 6, 1 ]);
GROU(30,6,[ 2, 2, 2, 3, 3, 3, 3, 3, 3, 3, 3, 3, 3 ],[ 6, 2 ]);
GROU(30,6,[ 2, 2, 2, 2, 3, 3, 3, 6, 6, 6, 6, 6 ],[ 6, 2 ]);
GROU(30,6,[ 2, 2, 2, 2, 3, 3, 3, 3, 3, 3, 3, 3, 6 ],[ 6, 2 ]);
GROU(30,6,[ 2, 2, 2, 2, 2, 3, 6, 6, 6, 6, 6, 6 ],[ 6, 2 ]);
GROU(30,6,[ 2, 2, 2, 2, 2, 3, 3, 3, 3, 3, 3, 6, 6 ],[ 6, 2 ]);
GROU(30,6,[ 2, 2, 2, 2, 2, 2, 3, 3, 3, 3, 6, 6, 6 ],[ 6, 2 ]);
GROU(30,6,[ 2, 2, 2, 2, 2, 2, 2, 3, 3, 6, 6, 6, 6 ],[ 6, 2 ]);
GROU(30,6,[ 2, 2, 2, 2, 2, 2, 2, 3, 3, 3, 3, 3, 3, 3 ],[ 6, 1 ]);
GROU(30,6,[ 2, 2, 2, 2, 2, 2, 2, 3, 3, 3, 3, 3, 3, 3 ],[ 6, 2 ]);
GROU(30,6,[ 2, 2, 2, 2, 2, 2, 2, 2, 6, 6, 6, 6, 6 ],[ 6, 2 ]);
GROU(30,6,[ 2, 2, 2, 2, 2, 2, 2, 2, 3, 3, 3, 3, 3, 6 ],[ 6, 2 ]);
GROU(30,6,[ 2, 2, 2, 2, 2, 2, 2, 2, 2, 3, 3, 3, 6, 6 ],[ 6, 2 ]);
GROU(30,6,[ 2, 2, 2, 2, 2, 2, 2, 2, 2, 2, 3, 6, 6, 6 ],[ 6, 2 ]);
GROU(30,6,[ 2, 2, 2, 2, 2, 2, 2, 2, 2, 2, 2, 3, 3, 3, 3 ],[ 6, 1 ]);
GROU(30,6,[ 2, 2, 2, 2, 2, 2, 2, 2, 2, 2, 2, 3, 3, 3, 3 ],[ 6, 2 ]);
GROU(30,6,[ 2, 2, 2, 2, 2, 2, 2, 2, 2, 2, 2, 2, 3, 3, 6 ],[ 6, 2 ]);
GROU(30,6,[ 2, 2, 2, 2, 2, 2, 2, 2, 2, 2, 2, 2, 2, 6, 6 ],[ 6, 2 ]);
GROU(30,6,[ 2, 2, 2, 2, 2, 2, 2, 2, 2, 2, 2, 2, 2, 2, 2, 3 ],[ 6, 1 ]);
GROU(30,8,[ 2, 8, 8, 8, 8, 8, 8 ],[ 8, 1 ]);
GROU(30,8,[ 2, 4, 4, 4, 4, 4, 4, 4 ],[ 8, 4 ]);
GROU(30,8,[ 2, 2, 4, 4, 4, 4, 8, 8 ],[ 8, 1 ]);
GROU(30,8,[ 2, 2, 2, 4, 8, 8, 8, 8 ],[ 8, 1 ]);
GROU(30,8,[ 2, 2, 2, 2, 4, 4, 4, 4, 4 ],[ 8, 3 ]);
GROU(30,8,[ 2, 2, 2, 2, 4, 4, 4, 4, 4 ],[ 8, 4 ]);
GROU(30,8,[ 2, 2, 2, 2, 2, 4, 4, 8, 8 ],[ 8, 1 ]);
GROU(30,8,[ 2, 2, 2, 2, 2, 2, 2, 4, 4, 4 ],[ 8, 3 ]);
GROU(30,8,[ 2, 2, 2, 2, 2, 2, 2, 4, 4, 4 ],[ 8, 4 ]);
GROU(30,8,[ 2, 2, 2, 2, 2, 2, 2, 2, 8, 8 ],[ 8, 1 ]);
GROU(30,8,[ 2, 2, 2, 2, 2, 2, 2, 2, 2, 2, 4 ],[ 8, 3 ]);
GROU(30,9,[ 2, 9, 9, 9, 9, 9 ],[ 9, 1 ]);
GROU(30,9,[ 2, 3, 3, 3, 3, 9, 9 ],[ 9, 1 ]);
GROU(30,10,[ 2, 2, 5, 5, 5, 10 ],[ 10, 2 ]);
GROU(30,10,[ 2, 2, 2, 2, 2, 10, 10 ],[ 10, 2 ]);
GROU(30,10,[ 2, 2, 2, 2, 2, 2, 2, 5 ],[ 10, 1 ]);
GROU(30,12,[ 2, 3, 3, 4, 4 ],[ 12, 1 ]);
GROU(30,12,[ 2, 3, 3, 4, 4 ],[ 12, 2 ]);
SIGN(30,12,[ 2, 3, 3, 3, 6 ],"all");
GROU(30,12,[ 2, 2, 4, 4, 6 ],[ 12, 1 ]);
GROU(30,12,[ 2, 2, 3, 6, 6 ],[ 12, 5 ]);
GROU(30,12,[ 2, 2, 3, 4, 12 ],[ 12, 2 ]);
GROU(30,12,[ 2, 2, 2, 12, 12 ],[ 12, 2 ]);
GROU(30,12,[ 2, 2, 2, 2, 3, 3 ],[ 12, 3 ]);
GROU(30,12,[ 2, 2, 2, 2, 3, 3 ],[ 12, 4 ]);
GROU(30,12,[ 2, 2, 2, 2, 3, 3 ],[ 12, 5 ]);
GROU(30,12,[ 2, 2, 2, 2, 2, 6 ],[ 12, 4 ]);
GROU(30,15,[ 2, 15, 15 ],[ 15, 1 ]);
SIGN(30,16,[ 2, 4, 8 ],"all");
GROU(30,29,[ 2 ],[ 29, 1 ]);
GROU(30,2,[ 3, 2, 2, 2, 2, 2, 2, 2, 2, 2, 2, 2, 2, 2, 2, 2, 2, 2, 2, 2, 2, 2, 
  2, 2, 2, 2, 2, 2, 2, 2, 2, 2, 2, 2, 2, 2, 2, 2, 2, 2, 2, 2, 2, 2, 2, 2, 2, 
  2, 2, 2, 2 ],[ 2, 1 ]);
GROU(30,3,[ 3, 3, 3, 3, 3, 3, 3, 3, 3, 3, 3, 3, 3, 3, 3, 3, 3, 3, 3, 3, 3, 3, 
  3, 3 ],[ 3, 1 ]);
GROU(30,4,[ 3, 4, 4, 4, 4, 4, 4, 4, 4, 4, 4, 4, 4, 4, 4 ],[ 4, 1 ]);
GROU(30,4,[ 3, 2, 2, 2, 4, 4, 4, 4, 4, 4, 4, 4, 4, 4, 4, 4 ],[ 4, 1 ]);
GROU(30,4,[ 3, 2, 2, 2, 2, 2, 2, 4, 4, 4, 4, 4, 4, 4, 4, 4, 4 ],[ 4, 1 ]);
GROU(30,4,[ 3, 2, 2, 2, 2, 2, 2, 2, 2, 2, 4, 4, 4, 4, 4, 4, 4, 4 ],[ 4, 1 ]);
GROU(30,4,[ 3, 2, 2, 2, 2, 2, 2, 2, 2, 2, 2, 2, 2, 4, 4, 4, 4, 4, 4 ],
[ 4, 1 ]);
GROU(30,4,[ 3, 2, 2, 2, 2, 2, 2, 2, 2, 2, 2, 2, 2, 2, 2, 2, 4, 4, 4, 4 ],
[ 4, 1 ]);
GROU(30,4,[ 3, 2, 2, 2, 2, 2, 2, 2, 2, 2, 2, 2, 2, 2, 2, 2, 2, 2, 2, 4, 4 ],
[ 4, 1 ]);
GROU(30,4,[ 3, 2, 2, 2, 2, 2, 2, 2, 2, 2, 2, 2, 2, 2, 2, 2, 2, 2, 2, 2, 2, 2 
 ],[ 4, 2 ]);
GROU(30,6,[ 3, 3, 6, 6, 6, 6, 6, 6 ],[ 6, 2 ]);
GROU(30,6,[ 3, 3, 3, 3, 3, 3, 3, 6, 6 ],[ 6, 2 ]);
GROU(30,6,[ 3, 2, 3, 3, 3, 3, 6, 6, 6 ],[ 6, 2 ]);
GROU(30,6,[ 3, 2, 2, 3, 3, 6, 6, 6, 6 ],[ 6, 2 ]);
GROU(30,6,[ 3, 2, 2, 3, 3, 3, 3, 3, 3, 3 ],[ 6, 1 ]);
GROU(30,6,[ 3, 2, 2, 3, 3, 3, 3, 3, 3, 3 ],[ 6, 2 ]);
GROU(30,6,[ 3, 2, 2, 2, 6, 6, 6, 6, 6 ],[ 6, 2 ]);
GROU(30,6,[ 3, 2, 2, 2, 3, 3, 3, 3, 3, 6 ],[ 6, 2 ]);
GROU(30,6,[ 3, 2, 2, 2, 2, 3, 3, 3, 6, 6 ],[ 6, 2 ]);
GROU(30,6,[ 3, 2, 2, 2, 2, 2, 3, 6, 6, 6 ],[ 6, 2 ]);
GROU(30,6,[ 3, 2, 2, 2, 2, 2, 2, 3, 3, 3, 3 ],[ 6, 1 ]);
GROU(30,6,[ 3, 2, 2, 2, 2, 2, 2, 3, 3, 3, 3 ],[ 6, 2 ]);
GROU(30,6,[ 3, 2, 2, 2, 2, 2, 2, 2, 3, 3, 6 ],[ 6, 2 ]);
GROU(30,6,[ 3, 2, 2, 2, 2, 2, 2, 2, 2, 6, 6 ],[ 6, 2 ]);
GROU(30,6,[ 3, 2, 2, 2, 2, 2, 2, 2, 2, 2, 2, 3 ],[ 6, 1 ]);
GROU(30,7,[ 3, 7, 7, 7, 7, 7 ],[ 7, 1 ]);
GROU(30,8,[ 3, 4, 4, 8, 8 ],[ 8, 1 ]);
GROU(30,8,[ 3, 2, 2, 4, 4, 4 ],[ 8, 3 ]);
GROU(30,8,[ 3, 2, 2, 4, 4, 4 ],[ 8, 4 ]);
GROU(30,8,[ 3, 2, 2, 2, 8, 8 ],[ 8, 1 ]);
GROU(30,8,[ 3, 2, 2, 2, 2, 2, 4 ],[ 8, 3 ]);
GROU(30,9,[ 3, 3, 9, 9 ],[ 9, 1 ]);
GROU(30,10,[ 3, 10, 10 ],[ 10, 2 ]);
GROU(30,10,[ 3, 2, 2, 5 ],[ 10, 1 ]);
GROU(30,2,[ 4, 2, 2, 2, 2, 2, 2, 2, 2, 2, 2, 2, 2, 2, 2, 2, 2, 2, 2, 2, 2, 2, 
  2, 2, 2, 2, 2, 2, 2, 2, 2, 2, 2, 2, 2, 2, 2, 2, 2, 2, 2, 2, 2, 2, 2, 2, 2 ],
[ 2, 1 ]);
GROU(30,3,[ 4, 3, 3, 3, 3, 3, 3, 3, 3, 3, 3, 3, 3, 3, 3, 3, 3, 3, 3, 3, 3 ],
[ 3, 1 ]);
GROU(30,4,[ 4, 2, 2, 4, 4, 4, 4, 4, 4, 4, 4, 4, 4 ],[ 4, 1 ]);
GROU(30,4,[ 4, 2, 2, 2, 2, 2, 4, 4, 4, 4, 4, 4, 4, 4 ],[ 4, 1 ]);
GROU(30,4,[ 4, 2, 2, 2, 2, 2, 2, 2, 2, 4, 4, 4, 4, 4, 4 ],[ 4, 1 ]);
GROU(30,4,[ 4, 2, 2, 2, 2, 2, 2, 2, 2, 2, 2, 2, 4, 4, 4, 4 ],[ 4, 1 ]);
GROU(30,4,[ 4, 2, 2, 2, 2, 2, 2, 2, 2, 2, 2, 2, 2, 2, 2, 4, 4 ],[ 4, 1 ]);
GROU(30,4,[ 4, 2, 2, 2, 2, 2, 2, 2, 2, 2, 2, 2, 2, 2, 2, 2, 2, 2 ],[ 4, 2 ]);
GROU(30,5,[ 4, 5, 5, 5, 5, 5, 5, 5 ],[ 5, 1 ]);
GROU(30,6,[ 4, 3, 3, 3, 6, 6 ],[ 6, 2 ]);
GROU(30,6,[ 4, 2, 3, 6, 6, 6 ],[ 6, 2 ]);
GROU(30,6,[ 4, 2, 2, 3, 3, 3, 3 ],[ 6, 1 ]);
GROU(30,6,[ 4, 2, 2, 3, 3, 3, 3 ],[ 6, 2 ]);
GROU(30,6,[ 4, 2, 2, 2, 3, 3, 6 ],[ 6, 2 ]);
GROU(30,6,[ 4, 2, 2, 2, 2, 6, 6 ],[ 6, 2 ]);
GROU(30,6,[ 4, 2, 2, 2, 2, 2, 2, 3 ],[ 6, 1 ]);
SIGN(30,8,[ 4, 2, 4 ],"all");
GROU(30,2,[ 5, 2, 2, 2, 2, 2, 2, 2, 2, 2, 2, 2, 2, 2, 2, 2, 2, 2, 2, 2, 2, 2, 
  2, 2, 2, 2, 2, 2, 2, 2, 2, 2, 2, 2, 2, 2, 2, 2, 2, 2, 2, 2, 2 ],[ 2, 1 ]);
GROU(30,3,[ 5, 3, 3, 3, 3, 3, 3, 3, 3, 3, 3, 3, 3, 3, 3, 3, 3, 3 ],[ 3, 1 ]);
GROU(30,4,[ 5, 2, 4, 4, 4, 4, 4, 4, 4, 4 ],[ 4, 1 ]);
GROU(30,4,[ 5, 2, 2, 2, 2, 4, 4, 4, 4, 4, 4 ],[ 4, 1 ]);
GROU(30,4,[ 5, 2, 2, 2, 2, 2, 2, 2, 4, 4, 4, 4 ],[ 4, 1 ]);
GROU(30,4,[ 5, 2, 2, 2, 2, 2, 2, 2, 2, 2, 2, 4, 4 ],[ 4, 1 ]);
GROU(30,4,[ 5, 2, 2, 2, 2, 2, 2, 2, 2, 2, 2, 2, 2, 2 ],[ 4, 2 ]);
GROU(30,6,[ 5, 6, 6 ],[ 6, 2 ]);
GROU(30,6,[ 5, 2, 2, 3 ],[ 6, 1 ]);
GROU(30,2,[ 6, 2, 2, 2, 2, 2, 2, 2, 2, 2, 2, 2, 2, 2, 2, 2, 2, 2, 2, 2, 2, 2, 
  2, 2, 2, 2, 2, 2, 2, 2, 2, 2, 2, 2, 2, 2, 2, 2, 2 ],[ 2, 1 ]);
GROU(30,3,[ 6, 3, 3, 3, 3, 3, 3, 3, 3, 3, 3, 3, 3, 3, 3 ],[ 3, 1 ]);
GROU(30,4,[ 6, 4, 4, 4, 4, 4, 4 ],[ 4, 1 ]);
GROU(30,4,[ 6, 2, 2, 2, 4, 4, 4, 4 ],[ 4, 1 ]);
GROU(30,4,[ 6, 2, 2, 2, 2, 2, 2, 4, 4 ],[ 4, 1 ]);
GROU(30,4,[ 6, 2, 2, 2, 2, 2, 2, 2, 2, 2 ],[ 4, 2 ]);
GROU(30,5,[ 6, 5, 5 ],[ 5, 1 ]);
GROU(30,2,[ 7, 2, 2, 2, 2, 2, 2, 2, 2, 2, 2, 2, 2, 2, 2, 2, 2, 2, 2, 2, 2, 2, 
  2, 2, 2, 2, 2, 2, 2, 2, 2, 2, 2, 2, 2 ],[ 2, 1 ]);
GROU(30,3,[ 7, 3, 3, 3, 3, 3, 3, 3, 3, 3, 3, 3 ],[ 3, 1 ]);
GROU(30,4,[ 7, 2, 2, 4, 4 ],[ 4, 1 ]);
GROU(30,4,[ 7, 2, 2, 2, 2, 2 ],[ 4, 2 ]);
GROU(30,2,[ 8, 2, 2, 2, 2, 2, 2, 2, 2, 2, 2, 2, 2, 2, 2, 2, 2, 2, 2, 2, 2, 2, 
  2, 2, 2, 2, 2, 2, 2, 2, 2 ],[ 2, 1 ]);
GROU(30,3,[ 8, 3, 3, 3, 3, 3, 3, 3, 3 ],[ 3, 1 ]);
GROU(30,2,[ 9, 2, 2, 2, 2, 2, 2, 2, 2, 2, 2, 2, 2, 2, 2, 2, 2, 2, 2, 2, 2, 2, 
  2, 2, 2, 2, 2 ],[ 2, 1 ]);
GROU(30,3,[ 9, 3, 3, 3, 3, 3 ],[ 3, 1 ]);
GROU(30,2,[ 10, 2, 2, 2, 2, 2, 2, 2, 2, 2, 2, 2, 2, 2, 2, 2, 2, 2, 2, 2, 2, 
  2, 2 ],[ 2, 1 ]);
GROU(30,3,[ 10, 3, 3 ],[ 3, 1 ]);
GROU(30,2,[ 11, 2, 2, 2, 2, 2, 2, 2, 2, 2, 2, 2, 2, 2, 2, 2, 2, 2, 2 ],
[ 2, 1 ]);
GROU(30,2,[ 12, 2, 2, 2, 2, 2, 2, 2, 2, 2, 2, 2, 2, 2, 2 ],[ 2, 1 ]);
GROU(30,2,[ 13, 2, 2, 2, 2, 2, 2, 2, 2, 2, 2 ],[ 2, 1 ]);
GROU(30,2,[ 14, 2, 2, 2, 2, 2, 2 ],[ 2, 1 ]);
GROU(30,2,[ 15, 2, 2 ],[ 2, 1 ]);
GROU(30,1,[ 30 ],[ 1, 1 ]);
