GROU(10,2,[ 0, 2, 2, 2, 2, 2, 2, 2, 2, 2, 2, 2, 2, 2, 2, 2, 2, 2, 2, 2, 2, 2, 
  2 ],[ 2, 1 ]);
GROU(10,3,[ 0, 3, 3, 3, 3, 3, 3, 3, 3, 3, 3, 3, 3 ],[ 3, 1 ]);
GROU(10,4,[ 0, 2, 4, 4, 4, 4, 4, 4, 4, 4 ],[ 4, 1 ]);
GROU(10,4,[ 0, 2, 2, 2, 2, 4, 4, 4, 4, 4, 4 ],[ 4, 1 ]);
GROU(10,4,[ 0, 2, 2, 2, 2, 2, 2, 2, 4, 4, 4, 4 ],[ 4, 1 ]);
GROU(10,4,[ 0, 2, 2, 2, 2, 2, 2, 2, 2, 2, 2, 4, 4 ],[ 4, 1 ]);
GROU(10,4,[ 0, 2, 2, 2, 2, 2, 2, 2, 2, 2, 2, 2, 2, 2 ],[ 4, 2 ]);
GROU(10,5,[ 0, 5, 5, 5, 5, 5, 5, 5 ],[ 5, 1 ]);
GROU(10,6,[ 0, 6, 6, 6, 6, 6, 6 ],[ 6, 2 ]);
GROU(10,6,[ 0, 3, 3, 3, 3, 3, 6, 6 ],[ 6, 2 ]);
GROU(10,6,[ 0, 2, 3, 3, 3, 6, 6, 6 ],[ 6, 2 ]);
GROU(10,6,[ 0, 2, 2, 3, 6, 6, 6, 6 ],[ 6, 2 ]);
GROU(10,6,[ 0, 2, 2, 3, 3, 3, 3, 3, 3 ],[ 6, 1 ]);
GROU(10,6,[ 0, 2, 2, 3, 3, 3, 3, 3, 3 ],[ 6, 2 ]);
GROU(10,6,[ 0, 2, 2, 2, 3, 3, 3, 3, 6 ],[ 6, 2 ]);
GROU(10,6,[ 0, 2, 2, 2, 2, 3, 3, 6, 6 ],[ 6, 2 ]);
GROU(10,6,[ 0, 2, 2, 2, 2, 2, 6, 6, 6 ],[ 6, 2 ]);
GROU(10,6,[ 0, 2, 2, 2, 2, 2, 2, 3, 3, 3 ],[ 6, 1 ]);
GROU(10,6,[ 0, 2, 2, 2, 2, 2, 2, 3, 3, 3 ],[ 6, 2 ]);
GROU(10,6,[ 0, 2, 2, 2, 2, 2, 2, 2, 3, 6 ],[ 6, 2 ]);
GROU(10,6,[ 0, 2, 2, 2, 2, 2, 2, 2, 2, 2, 2 ],[ 6, 1 ]);
GROU(10,8,[ 0, 4, 8, 8, 8, 8 ],[ 8, 1 ]);
GROU(10,8,[ 0, 2, 4, 4, 4, 4, 4 ],[ 8, 4 ]);
GROU(10,8,[ 0, 2, 2, 4, 4, 8, 8 ],[ 8, 1 ]);
GROU(10,8,[ 0, 2, 2, 2, 2, 4, 4, 4 ],[ 8, 3 ]);
GROU(10,8,[ 0, 2, 2, 2, 2, 4, 4, 4 ],[ 8, 4 ]);
GROU(10,8,[ 0, 2, 2, 2, 2, 2, 8, 8 ],[ 8, 1 ]);
GROU(10,8,[ 0, 2, 2, 2, 2, 2, 2, 2, 4 ],[ 8, 3 ]);
GROU(10,9,[ 0, 3, 3, 9, 9, 9 ],[ 9, 1 ]);
GROU(10,9,[ 0, 3, 3, 3, 3, 3, 3 ],[ 9, 2 ]);
GROU(10,10,[ 0, 2, 5, 5, 5, 10 ],[ 10, 2 ]);
GROU(10,10,[ 0, 2, 2, 2, 2, 10, 10 ],[ 10, 2 ]);
GROU(10,10,[ 0, 2, 2, 2, 2, 2, 2, 5 ],[ 10, 1 ]);
GROU(10,11,[ 0, 11, 11, 11, 11 ],[ 11, 1 ]);
GROU(10,12,[ 0, 6, 6, 12, 12 ],[ 12, 2 ]);
GROU(10,12,[ 0, 4, 12, 12, 12 ],[ 12, 2 ]);
GROU(10,12,[ 0, 3, 3, 3, 4, 4 ],[ 12, 1 ]);
GROU(10,12,[ 0, 3, 3, 3, 4, 4 ],[ 12, 2 ]);
GROU(10,12,[ 0, 2, 4, 4, 4, 4 ],[ 12, 1 ]);
GROU(10,12,[ 0, 2, 3, 4, 4, 6 ],[ 12, 1 ]);
GROU(10,12,[ 0, 2, 3, 4, 4, 6 ],[ 12, 2 ]);
GROU(10,12,[ 0, 2, 3, 3, 6, 6 ],[ 12, 5 ]);
GROU(10,12,[ 0, 2, 3, 3, 4, 12 ],[ 12, 2 ]);
GROU(10,12,[ 0, 2, 2, 6, 6, 6 ],[ 12, 4 ]);
GROU(10,12,[ 0, 2, 2, 6, 6, 6 ],[ 12, 5 ]);
GROU(10,12,[ 0, 2, 2, 4, 6, 12 ],[ 12, 2 ]);
GROU(10,12,[ 0, 2, 2, 3, 12, 12 ],[ 12, 2 ]);
GROU(10,12,[ 0, 2, 2, 2, 3, 3, 3 ],[ 12, 3 ]);
GROU(10,12,[ 0, 2, 2, 2, 3, 3, 3 ],[ 12, 4 ]);
GROU(10,12,[ 0, 2, 2, 2, 3, 3, 3 ],[ 12, 5 ]);
SIGN(10,12,[ 0, 2, 2, 2, 2, 4, 4 ],"all");
GROU(10,12,[ 0, 2, 2, 2, 2, 3, 6 ],[ 12, 4 ]);
GROU(10,12,[ 0, 2, 2, 2, 2, 3, 6 ],[ 12, 5 ]);
GROU(10,12,[ 0, 2, 2, 2, 2, 2, 2, 2 ],[ 12, 4 ]);
GROU(10,14,[ 0, 2, 14, 14, 14 ],[ 14, 2 ]);
GROU(10,14,[ 0, 2, 2, 2, 7, 14 ],[ 14, 2 ]);
GROU(10,15,[ 0, 3, 5, 5, 15 ],[ 15, 1 ]);
GROU(10,15,[ 0, 3, 3, 15, 15 ],[ 15, 1 ]);
GROU(10,16,[ 0, 4, 4, 4, 8 ],[ 16, 9 ]);
SIGN(10,16,[ 0, 2, 8, 8, 8 ],"all");
GROU(10,16,[ 0, 2, 4, 16, 16 ],[ 16, 1 ]);
GROU(10,16,[ 0, 2, 2, 2, 4, 8 ],[ 16, 7 ]);
GROU(10,16,[ 0, 2, 2, 2, 4, 8 ],[ 16, 8 ]);
GROU(10,18,[ 0, 3, 3, 6, 6 ],[ 18, 3 ]);
GROU(10,18,[ 0, 3, 3, 6, 6 ],[ 18, 5 ]);
GROU(10,18,[ 0, 2, 6, 6, 6 ],[ 18, 3 ]);
GROU(10,18,[ 0, 2, 6, 6, 6 ],[ 18, 5 ]);
GROU(10,18,[ 0, 2, 3, 9, 18 ],[ 18, 2 ]);
GROU(10,18,[ 0, 2, 2, 3, 3, 3 ],[ 18, 3 ]);
GROU(10,18,[ 0, 2, 2, 3, 3, 3 ],[ 18, 4 ]);
GROU(10,18,[ 0, 2, 2, 3, 3, 3 ],[ 18, 5 ]);
GROU(10,18,[ 0, 2, 2, 2, 3, 6 ],[ 18, 3 ]);
GROU(10,18,[ 0, 2, 2, 2, 2, 2, 2 ],[ 18, 1 ]);
GROU(10,18,[ 0, 2, 2, 2, 2, 2, 2 ],[ 18, 4 ]);
GROU(10,20,[ 0, 2, 4, 4, 10 ],[ 20, 1 ]);
GROU(10,20,[ 0, 2, 2, 20, 20 ],[ 20, 2 ]);
GROU(10,20,[ 0, 2, 2, 2, 2, 10 ],[ 20, 4 ]);
GROU(10,21,[ 0, 21, 21, 21 ],[ 21, 2 ]);
GROU(10,21,[ 0, 3, 3, 3, 7 ],[ 21, 1 ]);
GROU(10,22,[ 0, 11, 22, 22 ],[ 22, 2 ]);
GROU(10,22,[ 0, 2, 2, 11, 11 ],[ 22, 1 ]);
GROU(10,22,[ 0, 2, 2, 11, 11 ],[ 22, 2 ]);
GROU(10,24,[ 0, 12, 12, 12 ],[ 24, 11 ]);
GROU(10,24,[ 0, 8, 12, 24 ],[ 24, 2 ]);
GROU(10,24,[ 0, 6, 24, 24 ],[ 24, 2 ]);
GROU(10,24,[ 0, 3, 3, 3, 4 ],[ 24, 3 ]);
GROU(10,24,[ 0, 2, 4, 4, 4 ],[ 24, 12 ]);
GROU(10,24,[ 0, 2, 3, 4, 6 ],[ 24, 3 ]);
GROU(10,24,[ 0, 2, 3, 4, 6 ],[ 24, 8 ]);
GROU(10,24,[ 0, 2, 3, 4, 6 ],[ 24, 10 ]);
SIGN(10,24,[ 0, 2, 2, 8, 8 ],"all");
GROU(10,24,[ 0, 2, 2, 6, 12 ],[ 24, 6 ]);
GROU(10,24,[ 0, 2, 2, 6, 12 ],[ 24, 10 ]);
GROU(10,24,[ 0, 2, 2, 2, 2, 4 ],[ 24, 6 ]);
GROU(10,24,[ 0, 2, 2, 2, 2, 4 ],[ 24, 8 ]);
GROU(10,24,[ 0, 2, 2, 2, 2, 4 ],[ 24, 12 ]);
GROU(10,25,[ 0, 5, 25, 25 ],[ 25, 1 ]);
GROU(10,27,[ 0, 9, 9, 9 ],[ 27, 2 ]);
GROU(10,27,[ 0, 9, 9, 9 ],[ 27, 4 ]);
GROU(10,27,[ 0, 3, 3, 3, 3 ],[ 27, 3 ]);
GROU(10,27,[ 0, 3, 3, 3, 3 ],[ 27, 5 ]);
GROU(10,28,[ 0, 4, 14, 28 ],[ 28, 2 ]);
GROU(10,30,[ 0, 6, 6, 15 ],[ 30, 2 ]);
GROU(10,30,[ 0, 5, 6, 30 ],[ 30, 4 ]);
GROU(10,30,[ 0, 3, 30, 30 ],[ 30, 4 ]);
GROU(10,30,[ 0, 2, 2, 3, 15 ],[ 30, 2 ]);
GROU(10,30,[ 0, 2, 2, 3, 15 ],[ 30, 3 ]);
SIGN(10,32,[ 0, 4, 8, 16 ],"all");
GROU(10,33,[ 0, 3, 11, 33 ],[ 33, 1 ]);
GROU(10,36,[ 0, 6, 6, 6 ],[ 36, 12 ]);
GROU(10,36,[ 0, 6, 6, 6 ],[ 36, 14 ]);
GROU(10,36,[ 0, 4, 6, 12 ],[ 36, 6 ]);
GROU(10,36,[ 0, 3, 12, 12 ],[ 36, 6 ]);
GROU(10,36,[ 0, 3, 12, 12 ],[ 36, 8 ]);
GROU(10,36,[ 0, 2, 3, 3, 3 ],[ 36, 11 ]);
GROU(10,36,[ 0, 2, 2, 4, 4 ],[ 36, 9 ]);
GROU(10,36,[ 0, 2, 2, 3, 6 ],[ 36, 10 ]);
GROU(10,36,[ 0, 2, 2, 3, 6 ],[ 36, 12 ]);
GROU(10,36,[ 0, 2, 2, 3, 6 ],[ 36, 13 ]);
GROU(10,36,[ 0, 2, 2, 2, 2, 2 ],[ 36, 4 ]);
GROU(10,36,[ 0, 2, 2, 2, 2, 2 ],[ 36, 10 ]);
GROU(10,36,[ 0, 2, 2, 2, 2, 2 ],[ 36, 13 ]);
GROU(10,40,[ 0, 4, 4, 20 ],[ 40, 4 ]);
GROU(10,40,[ 0, 2, 40, 40 ],[ 40, 2 ]);
GROU(10,40,[ 0, 2, 2, 2, 20 ],[ 40, 6 ]);
GROU(10,42,[ 0, 3, 6, 14 ],[ 42, 2 ]);
GROU(10,42,[ 0, 2, 21, 42 ],[ 42, 6 ]);
SIGN(10,42,[ 0, 2, 2, 2, 14 ],"all");
GROU(10,44,[ 0, 4, 4, 11 ],[ 44, 1 ]);
GROU(10,44,[ 0, 2, 22, 22 ],[ 44, 4 ]);
GROU(10,44,[ 0, 2, 2, 2, 11 ],[ 44, 3 ]);
SIGN(10,48,[ 0, 3, 6, 8 ],"all");
GROU(10,48,[ 0, 2, 12, 24 ],[ 48, 26 ]);
GROU(10,48,[ 0, 2, 2, 2, 8 ],[ 48, 29 ]);
SIGN(10,50,[ 0, 2, 10, 25 ],"all");
GROU(10,54,[ 0, 3, 6, 6 ],[ 54, 5 ]);
GROU(10,54,[ 0, 3, 6, 6 ],[ 54, 10 ]);
GROU(10,54,[ 0, 3, 6, 6 ],[ 54, 12 ]);
GROU(10,54,[ 0, 2, 9, 18 ],[ 54, 4 ]);
GROU(10,54,[ 0, 2, 2, 3, 3 ],[ 54, 5 ]);
GROU(10,54,[ 0, 2, 2, 3, 3 ],[ 54, 8 ]);
GROU(10,54,[ 0, 2, 2, 3, 3 ],[ 54, 13 ]);
GROU(10,54,[ 0, 2, 2, 2, 6 ],[ 54, 8 ]);
SIGN(10,60,[ 0, 4, 4, 5 ],"nonsolvable");
SIGN(10,60,[ 0, 3, 5, 6 ],"nonsolvable");
SIGN(10,60,[ 0, 2, 10, 10 ],"nonsolvable");
GROU(10,60,[ 0, 2, 6, 30 ],[ 60, 10 ]);
GROU(10,60,[ 0, 2, 2, 2, 5 ],[ 60, 5 ]);
GROU(10,63,[ 0, 3, 3, 21 ],[ 63, 3 ]);
GROU(10,72,[ 0, 4, 4, 4 ],[ 72, 41 ]);
GROU(10,72,[ 0, 3, 4, 6 ],[ 72, 42 ]);
GROU(10,72,[ 0, 3, 3, 12 ],[ 72, 25 ]);
GROU(10,72,[ 0, 2, 8, 8 ],[ 72, 39 ]);
GROU(10,72,[ 0, 2, 6, 12 ],[ 72, 23 ]);
GROU(10,72,[ 0, 2, 6, 12 ],[ 72, 28 ]);
GROU(10,72,[ 0, 2, 6, 12 ],[ 72, 30 ]);
GROU(10,72,[ 0, 2, 2, 2, 4 ],[ 72, 15 ]);
GROU(10,72,[ 0, 2, 2, 2, 4 ],[ 72, 40 ]);
GROU(10,72,[ 0, 2, 2, 2, 4 ],[ 72, 43 ]);
GROU(10,80,[ 0, 2, 4, 40 ],[ 80, 6 ]);
GROU(10,81,[ 0, 3, 3, 9 ],[ 81, 7 ]);
GROU(10,81,[ 0, 3, 3, 9 ],[ 81, 9 ]);
GROU(10,88,[ 0, 2, 4, 22 ],[ 88, 7 ]);
GROU(10,108,[ 0, 3, 4, 4 ],[ 108, 15 ]);
GROU(10,108,[ 0, 3, 4, 4 ],[ 108, 37 ]);
GROU(10,108,[ 0, 3, 3, 6 ],[ 108, 22 ]);
GROU(10,108,[ 0, 2, 6, 6 ],[ 108, 17 ]);
GROU(10,108,[ 0, 2, 6, 6 ],[ 108, 25 ]);
GROU(10,108,[ 0, 2, 6, 6 ],[ 108, 38 ]);
GROU(10,108,[ 0, 2, 4, 12 ],[ 108, 15 ]);
GROU(10,108,[ 0, 2, 2, 2, 3 ],[ 108, 17 ]);
GROU(10,108,[ 0, 2, 2, 2, 3 ],[ 108, 40 ]);
SIGN(10,120,[ 0, 2, 4, 10 ],"nonsolvable");
SIGN(10,126,[ 0, 2, 3, 42 ],"all");
GROU(10,144,[ 0, 2, 4, 8 ],[ 144, 182 ]);
GROU(10,144,[ 0, 2, 3, 24 ],[ 144, 122 ]);
GROU(10,162,[ 0, 2, 3, 18 ],[ 162, 14 ]);
GROU(10,168,[ 0, 2, 4, 7 ],[ 168, 42 ]);
SIGN(10,180,[ 0, 2, 5, 5 ],"nonsolvable");
GROU(10,180,[ 0, 2, 3, 15 ],[ 180, 19 ]);
GROU(10,216,[ 0, 3, 3, 4 ],[ 216, 153 ]);
GROU(10,216,[ 0, 2, 4, 6 ],[ 216, 87 ]);
GROU(10,216,[ 0, 2, 4, 6 ],[ 216, 158 ]);
GROU(10,216,[ 0, 2, 3, 12 ],[ 216, 92 ]);
GROU(10,324,[ 0, 2, 3, 9 ],[ 324, 160 ]);
GROU(10,360,[ 0, 2, 4, 5 ],[ 360, 118 ]);
GROU(10,432,[ 0, 2, 3, 8 ],[ 432, 734 ]);
GROU(10,2,[ 1, 2, 2, 2, 2, 2, 2, 2, 2, 2, 2, 2, 2, 2, 2, 2, 2, 2, 2 ],
[ 2, 1 ]);
GROU(10,3,[ 1, 3, 3, 3, 3, 3, 3, 3, 3, 3 ],[ 3, 1 ]);
GROU(10,4,[ 1, 4, 4, 4, 4, 4, 4 ],[ 4, 1 ]);
GROU(10,4,[ 1, 2, 2, 2, 4, 4, 4, 4 ],[ 4, 1 ]);
GROU(10,4,[ 1, 2, 2, 2, 2, 2, 2, 4, 4 ],[ 4, 1 ]);
GROU(10,4,[ 1, 2, 2, 2, 2, 2, 2, 2, 2, 2 ],[ 4, 2 ]);
GROU(10,6,[ 1, 3, 3, 6, 6 ],[ 6, 2 ]);
GROU(10,6,[ 1, 2, 6, 6, 6 ],[ 6, 2 ]);
GROU(10,6,[ 1, 2, 2, 3, 3, 3 ],[ 6, 1 ]);
GROU(10,6,[ 1, 2, 2, 3, 3, 3 ],[ 6, 2 ]);
GROU(10,6,[ 1, 2, 2, 2, 3, 6 ],[ 6, 2 ]);
GROU(10,6,[ 1, 2, 2, 2, 2, 2, 2 ],[ 6, 1 ]);
GROU(10,6,[ 1, 2, 2, 2, 2, 2, 2 ],[ 6, 2 ]);
GROU(10,7,[ 1, 7, 7, 7 ],[ 7, 1 ]);
GROU(10,8,[ 1, 4, 4, 4 ],[ 8, 4 ]);
GROU(10,8,[ 1, 2, 8, 8 ],[ 8, 1 ]);
GROU(10,8,[ 1, 2, 2, 2, 4 ],[ 8, 3 ]);
GROU(10,9,[ 1, 3, 3, 3 ],[ 9, 1 ]);
GROU(10,9,[ 1, 3, 3, 3 ],[ 9, 2 ]);
GROU(10,10,[ 1, 10, 10 ],[ 10, 2 ]);
GROU(10,10,[ 1, 2, 2, 5 ],[ 10, 1 ]);
GROU(10,12,[ 1, 4, 4 ],[ 12, 1 ]);
GROU(10,12,[ 1, 4, 4 ],[ 12, 2 ]);
SIGN(10,12,[ 1, 3, 6 ],"all");
GROU(10,12,[ 1, 2, 2, 2 ],[ 12, 3 ]);
GROU(10,12,[ 1, 2, 2, 2 ],[ 12, 4 ]);
GROU(10,12,[ 1, 2, 2, 2 ],[ 12, 5 ]);
GROU(10,18,[ 1, 2, 2 ],[ 18, 1 ]);
GROU(10,18,[ 1, 2, 2 ],[ 18, 2 ]);
GROU(10,18,[ 1, 2, 2 ],[ 18, 3 ]);
GROU(10,18,[ 1, 2, 2 ],[ 18, 4 ]);
GROU(10,18,[ 1, 2, 2 ],[ 18, 5 ]);
GROU(10,21,[ 1, 7 ],[ 21, 1 ]);
GROU(10,24,[ 1, 4 ],[ 24, 3 ]);
GROU(10,27,[ 1, 3 ],[ 27, 3 ]);
GROU(10,27,[ 1, 3 ],[ 27, 4 ]);
GROU(10,36,[ 1, 2 ],[ 36, 3 ]);
GROU(10,36,[ 1, 2 ],[ 36, 11 ]);
GROU(10,2,[ 2, 2, 2, 2, 2, 2, 2, 2, 2, 2, 2, 2, 2, 2, 2 ],[ 2, 1 ]);
GROU(10,3,[ 2, 3, 3, 3, 3, 3, 3 ],[ 3, 1 ]);
GROU(10,4,[ 2, 2, 2, 4, 4 ],[ 4, 1 ]);
GROU(10,4,[ 2, 2, 2, 2, 2, 2 ],[ 4, 2 ]);
GROU(10,5,[ 2, 5, 5 ],[ 5, 1 ]);
GROU(10,6,[ 2, 2, 2 ],[ 6, 1 ]);
GROU(10,6,[ 2, 2, 2 ],[ 6, 2 ]);
GROU(10,9,[ 2 ],[ 9, 1 ]);
GROU(10,9,[ 2 ],[ 9, 2 ]);
GROU(10,2,[ 3, 2, 2, 2, 2, 2, 2, 2, 2, 2, 2 ],[ 2, 1 ]);
GROU(10,3,[ 3, 3, 3, 3 ],[ 3, 1 ]);
GROU(10,2,[ 4, 2, 2, 2, 2, 2, 2 ],[ 2, 1 ]);
GROU(10,3,[ 4 ],[ 3, 1 ]);
GROU(10,2,[ 5, 2, 2 ],[ 2, 1 ]);
GROU(10,1,[ 10 ],[ 1, 1 ]);
