GROU(28,2,[ 0, 2, 2, 2, 2, 2, 2, 2, 2, 2, 2, 2, 2, 2, 2, 2, 2, 2, 2, 2, 2, 2, 
  2, 2, 2, 2, 2, 2, 2, 2, 2, 2, 2, 2, 2, 2, 2, 2, 2, 2, 2, 2, 2, 2, 2, 2, 2, 
  2, 2, 2, 2, 2, 2, 2, 2, 2, 2, 2, 2 ],[ 2, 1 ]);
GROU(28,3,[ 0, 3, 3, 3, 3, 3, 3, 3, 3, 3, 3, 3, 3, 3, 3, 3, 3, 3, 3, 3, 3, 3, 
  3, 3, 3, 3, 3, 3, 3, 3, 3 ],[ 3, 1 ]);
GROU(28,4,[ 0, 2, 4, 4, 4, 4, 4, 4, 4, 4, 4, 4, 4, 4, 4, 4, 4, 4, 4, 4, 4, 4 
 ],[ 4, 1 ]);
GROU(28,4,[ 0, 2, 2, 2, 2, 4, 4, 4, 4, 4, 4, 4, 4, 4, 4, 4, 4, 4, 4, 4, 4, 4, 
  4 ],[ 4, 1 ]);
GROU(28,4,[ 0, 2, 2, 2, 2, 2, 2, 2, 4, 4, 4, 4, 4, 4, 4, 4, 4, 4, 4, 4, 4, 4, 
  4, 4 ],[ 4, 1 ]);
GROU(28,4,[ 0, 2, 2, 2, 2, 2, 2, 2, 2, 2, 2, 4, 4, 4, 4, 4, 4, 4, 4, 4, 4, 4, 
  4, 4, 4 ],[ 4, 1 ]);
GROU(28,4,[ 0, 2, 2, 2, 2, 2, 2, 2, 2, 2, 2, 2, 2, 2, 4, 4, 4, 4, 4, 4, 4, 4, 
  4, 4, 4, 4 ],[ 4, 1 ]);
GROU(28,4,[ 0, 2, 2, 2, 2, 2, 2, 2, 2, 2, 2, 2, 2, 2, 2, 2, 2, 4, 4, 4, 4, 4, 
  4, 4, 4, 4, 4 ],[ 4, 1 ]);
GROU(28,4,[ 0, 2, 2, 2, 2, 2, 2, 2, 2, 2, 2, 2, 2, 2, 2, 2, 2, 2, 2, 2, 4, 4, 
  4, 4, 4, 4, 4, 4 ],[ 4, 1 ]);
GROU(28,4,[ 0, 2, 2, 2, 2, 2, 2, 2, 2, 2, 2, 2, 2, 2, 2, 2, 2, 2, 2, 2, 2, 2, 
  2, 4, 4, 4, 4, 4, 4 ],[ 4, 1 ]);
GROU(28,4,[ 0, 2, 2, 2, 2, 2, 2, 2, 2, 2, 2, 2, 2, 2, 2, 2, 2, 2, 2, 2, 2, 2, 
  2, 2, 2, 2, 4, 4, 4, 4 ],[ 4, 1 ]);
GROU(28,4,[ 0, 2, 2, 2, 2, 2, 2, 2, 2, 2, 2, 2, 2, 2, 2, 2, 2, 2, 2, 2, 2, 2, 
  2, 2, 2, 2, 2, 2, 2, 4, 4 ],[ 4, 1 ]);
GROU(28,4,[ 0, 2, 2, 2, 2, 2, 2, 2, 2, 2, 2, 2, 2, 2, 2, 2, 2, 2, 2, 2, 2, 2, 
  2, 2, 2, 2, 2, 2, 2, 2, 2, 2 ],[ 4, 2 ]);
GROU(28,5,[ 0, 5, 5, 5, 5, 5, 5, 5, 5, 5, 5, 5, 5, 5, 5, 5, 5 ],[ 5, 1 ]);
GROU(28,6,[ 0, 3, 3, 3, 3, 6, 6, 6, 6, 6, 6, 6, 6, 6, 6 ],[ 6, 2 ]);
GROU(28,6,[ 0, 3, 3, 3, 3, 3, 3, 3, 3, 3, 6, 6, 6, 6, 6, 6 ],[ 6, 2 ]);
GROU(28,6,[ 0, 3, 3, 3, 3, 3, 3, 3, 3, 3, 3, 3, 3, 3, 3, 6, 6 ],[ 6, 2 ]);
GROU(28,6,[ 0, 2, 3, 3, 6, 6, 6, 6, 6, 6, 6, 6, 6, 6, 6 ],[ 6, 2 ]);
GROU(28,6,[ 0, 2, 3, 3, 3, 3, 3, 3, 3, 6, 6, 6, 6, 6, 6, 6 ],[ 6, 2 ]);
GROU(28,6,[ 0, 2, 3, 3, 3, 3, 3, 3, 3, 3, 3, 3, 3, 3, 6, 6, 6 ],[ 6, 2 ]);
GROU(28,6,[ 0, 2, 2, 6, 6, 6, 6, 6, 6, 6, 6, 6, 6, 6, 6 ],[ 6, 2 ]);
GROU(28,6,[ 0, 2, 2, 3, 3, 3, 3, 3, 6, 6, 6, 6, 6, 6, 6, 6 ],[ 6, 2 ]);
GROU(28,6,[ 0, 2, 2, 3, 3, 3, 3, 3, 3, 3, 3, 3, 3, 6, 6, 6, 6 ],[ 6, 2 ]);
GROU(28,6,[ 0, 2, 2, 3, 3, 3, 3, 3, 3, 3, 3, 3, 3, 3, 3, 3, 3, 3 ],[ 6, 1 ]);
GROU(28,6,[ 0, 2, 2, 3, 3, 3, 3, 3, 3, 3, 3, 3, 3, 3, 3, 3, 3, 3 ],[ 6, 2 ]);
GROU(28,6,[ 0, 2, 2, 2, 3, 3, 3, 6, 6, 6, 6, 6, 6, 6, 6, 6 ],[ 6, 2 ]);
GROU(28,6,[ 0, 2, 2, 2, 3, 3, 3, 3, 3, 3, 3, 3, 6, 6, 6, 6, 6 ],[ 6, 2 ]);
GROU(28,6,[ 0, 2, 2, 2, 3, 3, 3, 3, 3, 3, 3, 3, 3, 3, 3, 3, 3, 6 ],[ 6, 2 ]);
GROU(28,6,[ 0, 2, 2, 2, 2, 3, 6, 6, 6, 6, 6, 6, 6, 6, 6, 6 ],[ 6, 2 ]);
GROU(28,6,[ 0, 2, 2, 2, 2, 3, 3, 3, 3, 3, 3, 6, 6, 6, 6, 6, 6 ],[ 6, 2 ]);
GROU(28,6,[ 0, 2, 2, 2, 2, 3, 3, 3, 3, 3, 3, 3, 3, 3, 3, 3, 6, 6 ],[ 6, 2 ]);
GROU(28,6,[ 0, 2, 2, 2, 2, 2, 3, 3, 3, 3, 6, 6, 6, 6, 6, 6, 6 ],[ 6, 2 ]);
GROU(28,6,[ 0, 2, 2, 2, 2, 2, 3, 3, 3, 3, 3, 3, 3, 3, 3, 6, 6, 6 ],[ 6, 2 ]);
GROU(28,6,[ 0, 2, 2, 2, 2, 2, 2, 3, 3, 6, 6, 6, 6, 6, 6, 6, 6 ],[ 6, 2 ]);
GROU(28,6,[ 0, 2, 2, 2, 2, 2, 2, 3, 3, 3, 3, 3, 3, 3, 6, 6, 6, 6 ],[ 6, 2 ]);
GROU(28,6,[ 0, 2, 2, 2, 2, 2, 2, 3, 3, 3, 3, 3, 3, 3, 3, 3, 3, 3, 3 ],
[ 6, 1 ]);
GROU(28,6,[ 0, 2, 2, 2, 2, 2, 2, 3, 3, 3, 3, 3, 3, 3, 3, 3, 3, 3, 3 ],
[ 6, 2 ]);
GROU(28,6,[ 0, 2, 2, 2, 2, 2, 2, 2, 6, 6, 6, 6, 6, 6, 6, 6, 6 ],[ 6, 2 ]);
GROU(28,6,[ 0, 2, 2, 2, 2, 2, 2, 2, 3, 3, 3, 3, 3, 6, 6, 6, 6, 6 ],[ 6, 2 ]);
GROU(28,6,[ 0, 2, 2, 2, 2, 2, 2, 2, 3, 3, 3, 3, 3, 3, 3, 3, 3, 3, 6 ],
[ 6, 2 ]);
GROU(28,6,[ 0, 2, 2, 2, 2, 2, 2, 2, 2, 3, 3, 3, 6, 6, 6, 6, 6, 6 ],[ 6, 2 ]);
GROU(28,6,[ 0, 2, 2, 2, 2, 2, 2, 2, 2, 3, 3, 3, 3, 3, 3, 3, 3, 6, 6 ],
[ 6, 2 ]);
GROU(28,6,[ 0, 2, 2, 2, 2, 2, 2, 2, 2, 2, 3, 6, 6, 6, 6, 6, 6, 6 ],[ 6, 2 ]);
GROU(28,6,[ 0, 2, 2, 2, 2, 2, 2, 2, 2, 2, 3, 3, 3, 3, 3, 3, 6, 6, 6 ],
[ 6, 2 ]);
GROU(28,6,[ 0, 2, 2, 2, 2, 2, 2, 2, 2, 2, 2, 3, 3, 3, 3, 6, 6, 6, 6 ],
[ 6, 2 ]);
GROU(28,6,[ 0, 2, 2, 2, 2, 2, 2, 2, 2, 2, 2, 3, 3, 3, 3, 3, 3, 3, 3, 3 ],
[ 6, 1 ]);
GROU(28,6,[ 0, 2, 2, 2, 2, 2, 2, 2, 2, 2, 2, 3, 3, 3, 3, 3, 3, 3, 3, 3 ],
[ 6, 2 ]);
GROU(28,6,[ 0, 2, 2, 2, 2, 2, 2, 2, 2, 2, 2, 2, 3, 3, 6, 6, 6, 6, 6 ],
[ 6, 2 ]);
GROU(28,6,[ 0, 2, 2, 2, 2, 2, 2, 2, 2, 2, 2, 2, 3, 3, 3, 3, 3, 3, 3, 6 ],
[ 6, 2 ]);
GROU(28,6,[ 0, 2, 2, 2, 2, 2, 2, 2, 2, 2, 2, 2, 2, 6, 6, 6, 6, 6, 6 ],
[ 6, 2 ]);
GROU(28,6,[ 0, 2, 2, 2, 2, 2, 2, 2, 2, 2, 2, 2, 2, 3, 3, 3, 3, 3, 6, 6 ],
[ 6, 2 ]);
GROU(28,6,[ 0, 2, 2, 2, 2, 2, 2, 2, 2, 2, 2, 2, 2, 2, 3, 3, 3, 6, 6, 6 ],
[ 6, 2 ]);
GROU(28,6,[ 0, 2, 2, 2, 2, 2, 2, 2, 2, 2, 2, 2, 2, 2, 2, 3, 6, 6, 6, 6 ],
[ 6, 2 ]);
GROU(28,6,[ 0, 2, 2, 2, 2, 2, 2, 2, 2, 2, 2, 2, 2, 2, 2, 3, 3, 3, 3, 3, 3 ],
[ 6, 1 ]);
GROU(28,6,[ 0, 2, 2, 2, 2, 2, 2, 2, 2, 2, 2, 2, 2, 2, 2, 3, 3, 3, 3, 3, 3 ],
[ 6, 2 ]);
GROU(28,6,[ 0, 2, 2, 2, 2, 2, 2, 2, 2, 2, 2, 2, 2, 2, 2, 2, 3, 3, 3, 3, 6 ],
[ 6, 2 ]);
GROU(28,6,[ 0, 2, 2, 2, 2, 2, 2, 2, 2, 2, 2, 2, 2, 2, 2, 2, 2, 3, 3, 6, 6 ],
[ 6, 2 ]);
GROU(28,6,[ 0, 2, 2, 2, 2, 2, 2, 2, 2, 2, 2, 2, 2, 2, 2, 2, 2, 2, 6, 6, 6 ],
[ 6, 2 ]);
GROU(28,6,[ 0, 2, 2, 2, 2, 2, 2, 2, 2, 2, 2, 2, 2, 2, 2, 2, 2, 2, 2, 3, 3, 3 
 ],[ 6, 1 ]);
GROU(28,6,[ 0, 2, 2, 2, 2, 2, 2, 2, 2, 2, 2, 2, 2, 2, 2, 2, 2, 2, 2, 3, 3, 3 
 ],[ 6, 2 ]);
GROU(28,6,[ 0, 2, 2, 2, 2, 2, 2, 2, 2, 2, 2, 2, 2, 2, 2, 2, 2, 2, 2, 2, 3, 6 
 ],[ 6, 2 ]);
GROU(28,6,[ 0, 2, 2, 2, 2, 2, 2, 2, 2, 2, 2, 2, 2, 2, 2, 2, 2, 2, 2, 2, 2, 2, 
  2 ],[ 6, 1 ]);
GROU(28,8,[ 0, 8, 8, 8, 8, 8, 8, 8, 8, 8, 8 ],[ 8, 1 ]);
GROU(28,8,[ 0, 4, 4, 4, 4, 4, 4, 4, 8, 8, 8, 8 ],[ 8, 1 ]);
GROU(28,8,[ 0, 2, 4, 4, 4, 4, 8, 8, 8, 8, 8, 8 ],[ 8, 1 ]);
GROU(28,8,[ 0, 2, 4, 4, 4, 4, 4, 4, 4, 4, 4, 4, 4 ],[ 8, 4 ]);
GROU(28,8,[ 0, 2, 2, 4, 8, 8, 8, 8, 8, 8, 8, 8 ],[ 8, 1 ]);
GROU(28,8,[ 0, 2, 2, 4, 4, 4, 4, 4, 4, 4, 4, 8, 8 ],[ 8, 1 ]);
GROU(28,8,[ 0, 2, 2, 2, 4, 4, 4, 4, 4, 8, 8, 8, 8 ],[ 8, 1 ]);
GROU(28,8,[ 0, 2, 2, 2, 2, 4, 4, 8, 8, 8, 8, 8, 8 ],[ 8, 1 ]);
GROU(28,8,[ 0, 2, 2, 2, 2, 4, 4, 4, 4, 4, 4, 4, 4, 4 ],[ 8, 3 ]);
GROU(28,8,[ 0, 2, 2, 2, 2, 4, 4, 4, 4, 4, 4, 4, 4, 4 ],[ 8, 4 ]);
GROU(28,8,[ 0, 2, 2, 2, 2, 2, 4, 4, 4, 4, 4, 4, 8, 8 ],[ 8, 1 ]);
GROU(28,8,[ 0, 2, 2, 2, 2, 2, 2, 4, 4, 4, 8, 8, 8, 8 ],[ 8, 1 ]);
GROU(28,8,[ 0, 2, 2, 2, 2, 2, 2, 2, 8, 8, 8, 8, 8, 8 ],[ 8, 1 ]);
GROU(28,8,[ 0, 2, 2, 2, 2, 2, 2, 2, 4, 4, 4, 4, 4, 4, 4 ],[ 8, 3 ]);
GROU(28,8,[ 0, 2, 2, 2, 2, 2, 2, 2, 4, 4, 4, 4, 4, 4, 4 ],[ 8, 4 ]);
GROU(28,8,[ 0, 2, 2, 2, 2, 2, 2, 2, 2, 4, 4, 4, 4, 8, 8 ],[ 8, 1 ]);
GROU(28,8,[ 0, 2, 2, 2, 2, 2, 2, 2, 2, 2, 4, 8, 8, 8, 8 ],[ 8, 1 ]);
GROU(28,8,[ 0, 2, 2, 2, 2, 2, 2, 2, 2, 2, 2, 4, 4, 4, 4, 4 ],[ 8, 3 ]);
GROU(28,8,[ 0, 2, 2, 2, 2, 2, 2, 2, 2, 2, 2, 4, 4, 4, 4, 4 ],[ 8, 4 ]);
GROU(28,8,[ 0, 2, 2, 2, 2, 2, 2, 2, 2, 2, 2, 2, 4, 4, 8, 8 ],[ 8, 1 ]);
GROU(28,8,[ 0, 2, 2, 2, 2, 2, 2, 2, 2, 2, 2, 2, 2, 2, 4, 4, 4 ],[ 8, 3 ]);
GROU(28,8,[ 0, 2, 2, 2, 2, 2, 2, 2, 2, 2, 2, 2, 2, 2, 4, 4, 4 ],[ 8, 4 ]);
GROU(28,8,[ 0, 2, 2, 2, 2, 2, 2, 2, 2, 2, 2, 2, 2, 2, 2, 8, 8 ],[ 8, 1 ]);
GROU(28,8,[ 0, 2, 2, 2, 2, 2, 2, 2, 2, 2, 2, 2, 2, 2, 2, 2, 2, 4 ],[ 8, 3 ]);
GROU(28,9,[ 0, 9, 9, 9, 9, 9, 9, 9, 9, 9 ],[ 9, 1 ]);
GROU(28,9,[ 0, 3, 3, 3, 3, 9, 9, 9, 9, 9, 9 ],[ 9, 1 ]);
GROU(28,9,[ 0, 3, 3, 3, 3, 3, 3, 3, 3, 9, 9, 9 ],[ 9, 1 ]);
GROU(28,9,[ 0, 3, 3, 3, 3, 3, 3, 3, 3, 3, 3, 3, 3 ],[ 9, 2 ]);
GROU(28,10,[ 0, 5, 5, 5, 5, 5, 5, 5, 10, 10 ],[ 10, 2 ]);
GROU(28,10,[ 0, 2, 5, 5, 5, 10, 10, 10, 10, 10 ],[ 10, 2 ]);
GROU(28,10,[ 0, 2, 2, 5, 5, 5, 5, 5, 5, 5, 5 ],[ 10, 1 ]);
GROU(28,10,[ 0, 2, 2, 5, 5, 5, 5, 5, 5, 5, 5 ],[ 10, 2 ]);
GROU(28,10,[ 0, 2, 2, 2, 5, 5, 5, 5, 10, 10, 10 ],[ 10, 2 ]);
GROU(28,10,[ 0, 2, 2, 2, 2, 10, 10, 10, 10, 10, 10 ],[ 10, 2 ]);
GROU(28,10,[ 0, 2, 2, 2, 2, 2, 5, 5, 5, 5, 5, 10 ],[ 10, 2 ]);
GROU(28,10,[ 0, 2, 2, 2, 2, 2, 2, 5, 10, 10, 10, 10 ],[ 10, 2 ]);
GROU(28,10,[ 0, 2, 2, 2, 2, 2, 2, 2, 2, 5, 5, 10, 10 ],[ 10, 2 ]);
GROU(28,10,[ 0, 2, 2, 2, 2, 2, 2, 2, 2, 2, 2, 5, 5, 5 ],[ 10, 1 ]);
GROU(28,10,[ 0, 2, 2, 2, 2, 2, 2, 2, 2, 2, 2, 5, 5, 5 ],[ 10, 2 ]);
GROU(28,12,[ 0, 4, 4, 6, 6, 6, 6, 6, 6 ],[ 12, 1 ]);
GROU(28,12,[ 0, 4, 4, 6, 6, 6, 6, 6, 6 ],[ 12, 2 ]);
GROU(28,12,[ 0, 4, 4, 4, 6, 6, 6, 6, 12 ],[ 12, 2 ]);
GROU(28,12,[ 0, 4, 4, 4, 4, 6, 6, 12, 12 ],[ 12, 2 ]);
GROU(28,12,[ 0, 4, 4, 4, 4, 4, 12, 12, 12 ],[ 12, 2 ]);
GROU(28,12,[ 0, 3, 6, 6, 6, 6, 6, 6, 6 ],[ 12, 5 ]);
GROU(28,12,[ 0, 3, 4, 6, 6, 6, 6, 6, 12 ],[ 12, 2 ]);
GROU(28,12,[ 0, 3, 4, 4, 6, 6, 6, 12, 12 ],[ 12, 2 ]);
GROU(28,12,[ 0, 3, 4, 4, 4, 6, 12, 12, 12 ],[ 12, 2 ]);
GROU(28,12,[ 0, 3, 3, 6, 6, 6, 6, 12, 12 ],[ 12, 2 ]);
GROU(28,12,[ 0, 3, 3, 4, 6, 6, 12, 12, 12 ],[ 12, 2 ]);
GROU(28,12,[ 0, 3, 3, 4, 4, 12, 12, 12, 12 ],[ 12, 2 ]);
GROU(28,12,[ 0, 3, 3, 3, 6, 12, 12, 12, 12 ],[ 12, 2 ]);
GROU(28,12,[ 0, 3, 3, 3, 4, 4, 4, 4, 4, 4 ],[ 12, 1 ]);
GROU(28,12,[ 0, 3, 3, 3, 4, 4, 4, 4, 4, 4 ],[ 12, 2 ]);
GROU(28,12,[ 0, 3, 3, 3, 3, 4, 4, 4, 4, 6 ],[ 12, 1 ]);
GROU(28,12,[ 0, 3, 3, 3, 3, 4, 4, 4, 4, 6 ],[ 12, 2 ]);
GROU(28,12,[ 0, 3, 3, 3, 3, 3, 4, 4, 6, 6 ],[ 12, 1 ]);
GROU(28,12,[ 0, 3, 3, 3, 3, 3, 4, 4, 6, 6 ],[ 12, 2 ]);
GROU(28,12,[ 0, 3, 3, 3, 3, 3, 4, 4, 4, 12 ],[ 12, 2 ]);
GROU(28,12,[ 0, 3, 3, 3, 3, 3, 3, 6, 6, 6 ],[ 12, 5 ]);
GROU(28,12,[ 0, 3, 3, 3, 3, 3, 3, 4, 6, 12 ],[ 12, 2 ]);
GROU(28,12,[ 0, 3, 3, 3, 3, 3, 3, 3, 12, 12 ],[ 12, 2 ]);
GROU(28,12,[ 0, 2, 6, 6, 6, 6, 6, 12, 12 ],[ 12, 2 ]);
GROU(28,12,[ 0, 2, 4, 6, 6, 6, 12, 12, 12 ],[ 12, 2 ]);
GROU(28,12,[ 0, 2, 4, 4, 6, 12, 12, 12, 12 ],[ 12, 2 ]);
GROU(28,12,[ 0, 2, 4, 4, 4, 4, 4, 4, 4, 4 ],[ 12, 1 ]);
GROU(28,12,[ 0, 2, 3, 6, 6, 12, 12, 12, 12 ],[ 12, 2 ]);
GROU(28,12,[ 0, 2, 3, 4, 12, 12, 12, 12, 12 ],[ 12, 2 ]);
GROU(28,12,[ 0, 2, 3, 4, 4, 4, 4, 4, 4, 6 ],[ 12, 1 ]);
GROU(28,12,[ 0, 2, 3, 4, 4, 4, 4, 4, 4, 6 ],[ 12, 2 ]);
GROU(28,12,[ 0, 2, 3, 3, 4, 4, 4, 4, 6, 6 ],[ 12, 1 ]);
GROU(28,12,[ 0, 2, 3, 3, 4, 4, 4, 4, 6, 6 ],[ 12, 2 ]);
GROU(28,12,[ 0, 2, 3, 3, 4, 4, 4, 4, 4, 12 ],[ 12, 2 ]);
GROU(28,12,[ 0, 2, 3, 3, 3, 4, 4, 6, 6, 6 ],[ 12, 1 ]);
GROU(28,12,[ 0, 2, 3, 3, 3, 4, 4, 6, 6, 6 ],[ 12, 2 ]);
GROU(28,12,[ 0, 2, 3, 3, 3, 4, 4, 4, 6, 12 ],[ 12, 2 ]);
GROU(28,12,[ 0, 2, 3, 3, 3, 3, 6, 6, 6, 6 ],[ 12, 5 ]);
GROU(28,12,[ 0, 2, 3, 3, 3, 3, 4, 6, 6, 12 ],[ 12, 2 ]);
GROU(28,12,[ 0, 2, 3, 3, 3, 3, 4, 4, 12, 12 ],[ 12, 2 ]);
GROU(28,12,[ 0, 2, 3, 3, 3, 3, 3, 6, 12, 12 ],[ 12, 2 ]);
GROU(28,12,[ 0, 2, 3, 3, 3, 3, 3, 3, 3, 3, 3 ],[ 12, 3 ]);
GROU(28,12,[ 0, 2, 2, 12, 12, 12, 12, 12, 12 ],[ 12, 2 ]);
GROU(28,12,[ 0, 2, 2, 4, 4, 4, 4, 6, 6, 6 ],[ 12, 1 ]);
GROU(28,12,[ 0, 2, 2, 4, 4, 4, 4, 6, 6, 6 ],[ 12, 2 ]);
GROU(28,12,[ 0, 2, 2, 4, 4, 4, 4, 4, 6, 12 ],[ 12, 2 ]);
GROU(28,12,[ 0, 2, 2, 3, 4, 4, 6, 6, 6, 6 ],[ 12, 1 ]);
GROU(28,12,[ 0, 2, 2, 3, 4, 4, 6, 6, 6, 6 ],[ 12, 2 ]);
GROU(28,12,[ 0, 2, 2, 3, 4, 4, 4, 6, 6, 12 ],[ 12, 2 ]);
GROU(28,12,[ 0, 2, 2, 3, 4, 4, 4, 4, 12, 12 ],[ 12, 2 ]);
GROU(28,12,[ 0, 2, 2, 3, 3, 6, 6, 6, 6, 6 ],[ 12, 4 ]);
GROU(28,12,[ 0, 2, 2, 3, 3, 6, 6, 6, 6, 6 ],[ 12, 5 ]);
GROU(28,12,[ 0, 2, 2, 3, 3, 4, 6, 6, 6, 12 ],[ 12, 2 ]);
GROU(28,12,[ 0, 2, 2, 3, 3, 4, 4, 6, 12, 12 ],[ 12, 2 ]);
GROU(28,12,[ 0, 2, 2, 3, 3, 3, 6, 6, 12, 12 ],[ 12, 2 ]);
GROU(28,12,[ 0, 2, 2, 3, 3, 3, 4, 12, 12, 12 ],[ 12, 2 ]);
GROU(28,12,[ 0, 2, 2, 3, 3, 3, 3, 3, 3, 4, 4 ],[ 12, 1 ]);
GROU(28,12,[ 0, 2, 2, 3, 3, 3, 3, 3, 3, 4, 4 ],[ 12, 2 ]);
GROU(28,12,[ 0, 2, 2, 3, 3, 3, 3, 3, 3, 3, 6 ],[ 12, 4 ]);
GROU(28,12,[ 0, 2, 2, 3, 3, 3, 3, 3, 3, 3, 6 ],[ 12, 5 ]);
GROU(28,12,[ 0, 2, 2, 2, 6, 6, 6, 6, 6, 6 ],[ 12, 4 ]);
GROU(28,12,[ 0, 2, 2, 2, 6, 6, 6, 6, 6, 6 ],[ 12, 5 ]);
GROU(28,12,[ 0, 2, 2, 2, 4, 6, 6, 6, 6, 12 ],[ 12, 2 ]);
GROU(28,12,[ 0, 2, 2, 2, 4, 4, 6, 6, 12, 12 ],[ 12, 2 ]);
GROU(28,12,[ 0, 2, 2, 2, 4, 4, 4, 12, 12, 12 ],[ 12, 2 ]);
GROU(28,12,[ 0, 2, 2, 2, 3, 6, 6, 6, 12, 12 ],[ 12, 2 ]);
GROU(28,12,[ 0, 2, 2, 2, 3, 4, 6, 12, 12, 12 ],[ 12, 2 ]);
GROU(28,12,[ 0, 2, 2, 2, 3, 3, 12, 12, 12, 12 ],[ 12, 2 ]);
GROU(28,12,[ 0, 2, 2, 2, 3, 3, 3, 4, 4, 4, 4 ],[ 12, 1 ]);
GROU(28,12,[ 0, 2, 2, 2, 3, 3, 3, 4, 4, 4, 4 ],[ 12, 2 ]);
GROU(28,12,[ 0, 2, 2, 2, 3, 3, 3, 3, 4, 4, 6 ],[ 12, 1 ]);
GROU(28,12,[ 0, 2, 2, 2, 3, 3, 3, 3, 4, 4, 6 ],[ 12, 2 ]);
GROU(28,12,[ 0, 2, 2, 2, 3, 3, 3, 3, 3, 6, 6 ],[ 12, 4 ]);
GROU(28,12,[ 0, 2, 2, 2, 3, 3, 3, 3, 3, 6, 6 ],[ 12, 5 ]);
GROU(28,12,[ 0, 2, 2, 2, 3, 3, 3, 3, 3, 4, 12 ],[ 12, 2 ]);
GROU(28,12,[ 0, 2, 2, 2, 2, 6, 12, 12, 12, 12 ],[ 12, 2 ]);
GROU(28,12,[ 0, 2, 2, 2, 2, 4, 4, 4, 4, 4, 4 ],[ 12, 1 ]);
GROU(28,12,[ 0, 2, 2, 2, 2, 3, 4, 4, 4, 4, 6 ],[ 12, 1 ]);
GROU(28,12,[ 0, 2, 2, 2, 2, 3, 4, 4, 4, 4, 6 ],[ 12, 2 ]);
GROU(28,12,[ 0, 2, 2, 2, 2, 3, 3, 4, 4, 6, 6 ],[ 12, 1 ]);
GROU(28,12,[ 0, 2, 2, 2, 2, 3, 3, 4, 4, 6, 6 ],[ 12, 2 ]);
GROU(28,12,[ 0, 2, 2, 2, 2, 3, 3, 4, 4, 4, 12 ],[ 12, 2 ]);
GROU(28,12,[ 0, 2, 2, 2, 2, 3, 3, 3, 6, 6, 6 ],[ 12, 4 ]);
GROU(28,12,[ 0, 2, 2, 2, 2, 3, 3, 3, 6, 6, 6 ],[ 12, 5 ]);
GROU(28,12,[ 0, 2, 2, 2, 2, 3, 3, 3, 4, 6, 12 ],[ 12, 2 ]);
GROU(28,12,[ 0, 2, 2, 2, 2, 3, 3, 3, 3, 12, 12 ],[ 12, 2 ]);
GROU(28,12,[ 0, 2, 2, 2, 2, 2, 4, 4, 6, 6, 6 ],[ 12, 1 ]);
GROU(28,12,[ 0, 2, 2, 2, 2, 2, 4, 4, 6, 6, 6 ],[ 12, 2 ]);
GROU(28,12,[ 0, 2, 2, 2, 2, 2, 4, 4, 4, 6, 12 ],[ 12, 2 ]);
GROU(28,12,[ 0, 2, 2, 2, 2, 2, 3, 6, 6, 6, 6 ],[ 12, 4 ]);
GROU(28,12,[ 0, 2, 2, 2, 2, 2, 3, 6, 6, 6, 6 ],[ 12, 5 ]);
GROU(28,12,[ 0, 2, 2, 2, 2, 2, 3, 4, 6, 6, 12 ],[ 12, 2 ]);
GROU(28,12,[ 0, 2, 2, 2, 2, 2, 3, 4, 4, 12, 12 ],[ 12, 2 ]);
GROU(28,12,[ 0, 2, 2, 2, 2, 2, 3, 3, 6, 12, 12 ],[ 12, 2 ]);
GROU(28,12,[ 0, 2, 2, 2, 2, 2, 3, 3, 3, 3, 3, 3 ],[ 12, 3 ]);
GROU(28,12,[ 0, 2, 2, 2, 2, 2, 3, 3, 3, 3, 3, 3 ],[ 12, 4 ]);
GROU(28,12,[ 0, 2, 2, 2, 2, 2, 3, 3, 3, 3, 3, 3 ],[ 12, 5 ]);
GROU(28,12,[ 0, 2, 2, 2, 2, 2, 2, 6, 6, 12, 12 ],[ 12, 2 ]);
GROU(28,12,[ 0, 2, 2, 2, 2, 2, 2, 4, 12, 12, 12 ],[ 12, 2 ]);
GROU(28,12,[ 0, 2, 2, 2, 2, 2, 2, 3, 3, 3, 4, 4 ],[ 12, 1 ]);
GROU(28,12,[ 0, 2, 2, 2, 2, 2, 2, 3, 3, 3, 4, 4 ],[ 12, 2 ]);
GROU(28,12,[ 0, 2, 2, 2, 2, 2, 2, 3, 3, 3, 3, 6 ],[ 12, 4 ]);
GROU(28,12,[ 0, 2, 2, 2, 2, 2, 2, 3, 3, 3, 3, 6 ],[ 12, 5 ]);
GROU(28,12,[ 0, 2, 2, 2, 2, 2, 2, 2, 4, 4, 4, 4 ],[ 12, 1 ]);
GROU(28,12,[ 0, 2, 2, 2, 2, 2, 2, 2, 3, 4, 4, 6 ],[ 12, 1 ]);
GROU(28,12,[ 0, 2, 2, 2, 2, 2, 2, 2, 3, 4, 4, 6 ],[ 12, 2 ]);
GROU(28,12,[ 0, 2, 2, 2, 2, 2, 2, 2, 3, 3, 6, 6 ],[ 12, 4 ]);
GROU(28,12,[ 0, 2, 2, 2, 2, 2, 2, 2, 3, 3, 6, 6 ],[ 12, 5 ]);
GROU(28,12,[ 0, 2, 2, 2, 2, 2, 2, 2, 3, 3, 4, 12 ],[ 12, 2 ]);
GROU(28,12,[ 0, 2, 2, 2, 2, 2, 2, 2, 2, 6, 6, 6 ],[ 12, 4 ]);
GROU(28,12,[ 0, 2, 2, 2, 2, 2, 2, 2, 2, 6, 6, 6 ],[ 12, 5 ]);
GROU(28,12,[ 0, 2, 2, 2, 2, 2, 2, 2, 2, 4, 6, 12 ],[ 12, 2 ]);
GROU(28,12,[ 0, 2, 2, 2, 2, 2, 2, 2, 2, 3, 12, 12 ],[ 12, 2 ]);
GROU(28,12,[ 0, 2, 2, 2, 2, 2, 2, 2, 2, 2, 3, 3, 3 ],[ 12, 3 ]);
GROU(28,12,[ 0, 2, 2, 2, 2, 2, 2, 2, 2, 2, 3, 3, 3 ],[ 12, 4 ]);
GROU(28,12,[ 0, 2, 2, 2, 2, 2, 2, 2, 2, 2, 3, 3, 3 ],[ 12, 5 ]);
SIGN(28,12,[ 0, 2, 2, 2, 2, 2, 2, 2, 2, 2, 2, 4, 4 ],"all");
GROU(28,12,[ 0, 2, 2, 2, 2, 2, 2, 2, 2, 2, 2, 3, 6 ],[ 12, 4 ]);
GROU(28,12,[ 0, 2, 2, 2, 2, 2, 2, 2, 2, 2, 2, 3, 6 ],[ 12, 5 ]);
GROU(28,12,[ 0, 2, 2, 2, 2, 2, 2, 2, 2, 2, 2, 2, 2, 2 ],[ 12, 4 ]);
GROU(28,14,[ 0, 2, 7, 7, 7, 14, 14, 14 ],[ 14, 2 ]);
GROU(28,14,[ 0, 2, 2, 2, 7, 7, 7, 7, 14 ],[ 14, 2 ]);
GROU(28,14,[ 0, 2, 2, 2, 2, 2, 2, 2, 2, 14, 14 ],[ 14, 2 ]);
GROU(28,14,[ 0, 2, 2, 2, 2, 2, 2, 2, 2, 2, 2, 7 ],[ 14, 1 ]);
GROU(28,15,[ 0, 15, 15, 15, 15, 15, 15 ],[ 15, 1 ]);
GROU(28,15,[ 0, 3, 5, 5, 5, 5, 5, 15 ],[ 15, 1 ]);
GROU(28,15,[ 0, 3, 3, 5, 5, 5, 15, 15 ],[ 15, 1 ]);
GROU(28,15,[ 0, 3, 3, 3, 5, 15, 15, 15 ],[ 15, 1 ]);
GROU(28,15,[ 0, 3, 3, 3, 3, 3, 3, 5, 5 ],[ 15, 1 ]);
GROU(28,16,[ 0, 8, 8, 8, 8, 16, 16 ],[ 16, 1 ]);
GROU(28,16,[ 0, 4, 8, 16, 16, 16, 16 ],[ 16, 1 ]);
GROU(28,16,[ 0, 4, 4, 4, 4, 4, 4, 8 ],[ 16, 9 ]);
GROU(28,16,[ 0, 2, 4, 4, 4, 8, 8, 8 ],[ 16, 8 ]);
GROU(28,16,[ 0, 2, 4, 4, 4, 8, 8, 8 ],[ 16, 9 ]);
GROU(28,16,[ 0, 2, 4, 4, 4, 4, 16, 16 ],[ 16, 1 ]);
GROU(28,16,[ 0, 2, 2, 8, 8, 8, 8, 8 ],[ 16, 7 ]);
GROU(28,16,[ 0, 2, 2, 4, 8, 8, 16, 16 ],[ 16, 1 ]);
GROU(28,16,[ 0, 2, 2, 2, 4, 4, 4, 4, 8 ],[ 16, 7 ]);
GROU(28,16,[ 0, 2, 2, 2, 4, 4, 4, 4, 8 ],[ 16, 8 ]);
GROU(28,16,[ 0, 2, 2, 2, 4, 4, 4, 4, 8 ],[ 16, 9 ]);
GROU(28,16,[ 0, 2, 2, 2, 2, 4, 8, 8, 8 ],[ 16, 7 ]);
GROU(28,16,[ 0, 2, 2, 2, 2, 4, 8, 8, 8 ],[ 16, 8 ]);
GROU(28,16,[ 0, 2, 2, 2, 2, 4, 4, 16, 16 ],[ 16, 1 ]);
GROU(28,16,[ 0, 2, 2, 2, 2, 2, 2, 4, 4, 8 ],[ 16, 7 ]);
GROU(28,16,[ 0, 2, 2, 2, 2, 2, 2, 4, 4, 8 ],[ 16, 8 ]);
GROU(28,16,[ 0, 2, 2, 2, 2, 2, 2, 4, 4, 8 ],[ 16, 9 ]);
GROU(28,16,[ 0, 2, 2, 2, 2, 2, 2, 2, 16, 16 ],[ 16, 1 ]);
GROU(28,16,[ 0, 2, 2, 2, 2, 2, 2, 2, 2, 2, 8 ],[ 16, 7 ]);
GROU(28,18,[ 0, 6, 6, 6, 6, 6, 6 ],[ 18, 3 ]);
GROU(28,18,[ 0, 6, 6, 6, 6, 6, 6 ],[ 18, 5 ]);
GROU(28,18,[ 0, 3, 6, 6, 9, 9, 9 ],[ 18, 2 ]);
GROU(28,18,[ 0, 3, 6, 6, 6, 9, 18 ],[ 18, 2 ]);
GROU(28,18,[ 0, 3, 3, 9, 9, 18, 18 ],[ 18, 2 ]);
GROU(28,18,[ 0, 3, 3, 6, 18, 18, 18 ],[ 18, 2 ]);
GROU(28,18,[ 0, 3, 3, 3, 3, 3, 6, 6 ],[ 18, 3 ]);
GROU(28,18,[ 0, 3, 3, 3, 3, 3, 6, 6 ],[ 18, 5 ]);
GROU(28,18,[ 0, 2, 9, 9, 9, 9, 18 ],[ 18, 2 ]);
GROU(28,18,[ 0, 2, 6, 9, 9, 18, 18 ],[ 18, 2 ]);
GROU(28,18,[ 0, 2, 6, 6, 18, 18, 18 ],[ 18, 2 ]);
GROU(28,18,[ 0, 2, 3, 3, 3, 6, 6, 6 ],[ 18, 3 ]);
GROU(28,18,[ 0, 2, 3, 3, 3, 6, 6, 6 ],[ 18, 5 ]);
GROU(28,18,[ 0, 2, 3, 3, 3, 3, 9, 18 ],[ 18, 2 ]);
GROU(28,18,[ 0, 2, 2, 3, 6, 6, 6, 6 ],[ 18, 3 ]);
GROU(28,18,[ 0, 2, 2, 3, 6, 6, 6, 6 ],[ 18, 5 ]);
GROU(28,18,[ 0, 2, 2, 3, 3, 9, 9, 9 ],[ 18, 1 ]);
GROU(28,18,[ 0, 2, 2, 3, 3, 9, 9, 9 ],[ 18, 2 ]);
GROU(28,18,[ 0, 2, 2, 3, 3, 6, 9, 18 ],[ 18, 2 ]);
GROU(28,18,[ 0, 2, 2, 3, 3, 3, 3, 3, 3 ],[ 18, 3 ]);
GROU(28,18,[ 0, 2, 2, 3, 3, 3, 3, 3, 3 ],[ 18, 4 ]);
GROU(28,18,[ 0, 2, 2, 3, 3, 3, 3, 3, 3 ],[ 18, 5 ]);
GROU(28,18,[ 0, 2, 2, 2, 6, 9, 9, 9 ],[ 18, 2 ]);
GROU(28,18,[ 0, 2, 2, 2, 6, 6, 9, 18 ],[ 18, 2 ]);
GROU(28,18,[ 0, 2, 2, 2, 3, 18, 18, 18 ],[ 18, 2 ]);
GROU(28,18,[ 0, 2, 2, 2, 3, 3, 3, 3, 6 ],[ 18, 3 ]);
GROU(28,18,[ 0, 2, 2, 2, 3, 3, 3, 3, 6 ],[ 18, 5 ]);
GROU(28,18,[ 0, 2, 2, 2, 2, 3, 3, 6, 6 ],[ 18, 3 ]);
GROU(28,18,[ 0, 2, 2, 2, 2, 3, 3, 6, 6 ],[ 18, 5 ]);
GROU(28,18,[ 0, 2, 2, 2, 2, 2, 6, 6, 6 ],[ 18, 3 ]);
GROU(28,18,[ 0, 2, 2, 2, 2, 2, 6, 6, 6 ],[ 18, 5 ]);
GROU(28,18,[ 0, 2, 2, 2, 2, 2, 3, 9, 18 ],[ 18, 2 ]);
GROU(28,18,[ 0, 2, 2, 2, 2, 2, 2, 3, 3, 3 ],[ 18, 1 ]);
GROU(28,18,[ 0, 2, 2, 2, 2, 2, 2, 3, 3, 3 ],[ 18, 3 ]);
GROU(28,18,[ 0, 2, 2, 2, 2, 2, 2, 3, 3, 3 ],[ 18, 4 ]);
GROU(28,18,[ 0, 2, 2, 2, 2, 2, 2, 3, 3, 3 ],[ 18, 5 ]);
GROU(28,18,[ 0, 2, 2, 2, 2, 2, 2, 2, 3, 6 ],[ 18, 3 ]);
GROU(28,18,[ 0, 2, 2, 2, 2, 2, 2, 2, 2, 2, 2 ],[ 18, 1 ]);
GROU(28,18,[ 0, 2, 2, 2, 2, 2, 2, 2, 2, 2, 2 ],[ 18, 4 ]);
GROU(28,20,[ 0, 10, 20, 20, 20, 20 ],[ 20, 2 ]);
GROU(28,20,[ 0, 4, 4, 5, 5, 5, 5 ],[ 20, 1 ]);
GROU(28,20,[ 0, 4, 4, 5, 5, 5, 5 ],[ 20, 2 ]);
GROU(28,20,[ 0, 4, 4, 5, 5, 5, 5 ],[ 20, 3 ]);
GROU(28,20,[ 0, 4, 4, 4, 4, 5, 10 ],[ 20, 1 ]);
GROU(28,20,[ 0, 4, 4, 4, 4, 5, 10 ],[ 20, 2 ]);
GROU(28,20,[ 0, 2, 5, 5, 5, 10, 10 ],[ 20, 5 ]);
GROU(28,20,[ 0, 2, 4, 5, 5, 10, 20 ],[ 20, 2 ]);
GROU(28,20,[ 0, 2, 4, 4, 10, 10, 10 ],[ 20, 1 ]);
GROU(28,20,[ 0, 2, 4, 4, 10, 10, 10 ],[ 20, 2 ]);
GROU(28,20,[ 0, 2, 4, 4, 5, 20, 20 ],[ 20, 2 ]);
GROU(28,20,[ 0, 2, 2, 10, 10, 20, 20 ],[ 20, 2 ]);
GROU(28,20,[ 0, 2, 2, 2, 5, 5, 5, 5 ],[ 20, 4 ]);
GROU(28,20,[ 0, 2, 2, 2, 5, 5, 5, 5 ],[ 20, 5 ]);
GROU(28,20,[ 0, 2, 2, 2, 4, 4, 5, 10 ],[ 20, 1 ]);
GROU(28,20,[ 0, 2, 2, 2, 4, 4, 5, 10 ],[ 20, 2 ]);
GROU(28,20,[ 0, 2, 2, 2, 2, 10, 10, 10 ],[ 20, 4 ]);
GROU(28,20,[ 0, 2, 2, 2, 2, 10, 10, 10 ],[ 20, 5 ]);
GROU(28,20,[ 0, 2, 2, 2, 2, 5, 20, 20 ],[ 20, 2 ]);
GROU(28,20,[ 0, 2, 2, 2, 2, 2, 2, 5, 10 ],[ 20, 4 ]);
GROU(28,20,[ 0, 2, 2, 2, 2, 2, 2, 5, 10 ],[ 20, 5 ]);
GROU(28,21,[ 0, 7, 7, 21, 21, 21 ],[ 21, 2 ]);
GROU(28,21,[ 0, 3, 3, 3, 7, 7, 7 ],[ 21, 1 ]);
GROU(28,21,[ 0, 3, 3, 3, 7, 7, 7 ],[ 21, 2 ]);
GROU(28,21,[ 0, 3, 3, 3, 3, 21, 21 ],[ 21, 2 ]);
GROU(28,24,[ 0, 6, 6, 6, 8, 8 ],[ 24, 1 ]);
GROU(28,24,[ 0, 6, 6, 6, 8, 8 ],[ 24, 2 ]);
GROU(28,24,[ 0, 6, 6, 6, 6, 12 ],[ 24, 10 ]);
GROU(28,24,[ 0, 4, 8, 8, 8, 8 ],[ 24, 1 ]);
GROU(28,24,[ 0, 4, 6, 8, 8, 12 ],[ 24, 1 ]);
GROU(28,24,[ 0, 4, 6, 8, 8, 12 ],[ 24, 2 ]);
GROU(28,24,[ 0, 4, 6, 6, 12, 12 ],[ 24, 10 ]);
GROU(28,24,[ 0, 4, 6, 6, 12, 12 ],[ 24, 11 ]);
GROU(28,24,[ 0, 4, 6, 6, 8, 24 ],[ 24, 2 ]);
GROU(28,24,[ 0, 4, 4, 12, 12, 12 ],[ 24, 4 ]);
GROU(28,24,[ 0, 4, 4, 12, 12, 12 ],[ 24, 11 ]);
GROU(28,24,[ 0, 4, 4, 8, 12, 24 ],[ 24, 2 ]);
GROU(28,24,[ 0, 4, 4, 6, 24, 24 ],[ 24, 2 ]);
GROU(28,24,[ 0, 3, 8, 8, 12, 12 ],[ 24, 1 ]);
GROU(28,24,[ 0, 3, 8, 8, 12, 12 ],[ 24, 2 ]);
GROU(28,24,[ 0, 3, 8, 8, 8, 24 ],[ 24, 2 ]);
GROU(28,24,[ 0, 3, 6, 12, 12, 12 ],[ 24, 11 ]);
GROU(28,24,[ 0, 3, 6, 8, 12, 24 ],[ 24, 2 ]);
GROU(28,24,[ 0, 3, 6, 6, 24, 24 ],[ 24, 2 ]);
GROU(28,24,[ 0, 3, 4, 12, 24, 24 ],[ 24, 2 ]);
GROU(28,24,[ 0, 3, 3, 3, 4, 4, 4 ],[ 24, 3 ]);
GROU(28,24,[ 0, 3, 3, 3, 4, 4, 4 ],[ 24, 4 ]);
GROU(28,24,[ 0, 3, 3, 3, 4, 4, 4 ],[ 24, 11 ]);
GROU(28,24,[ 0, 3, 3, 3, 3, 4, 6 ],[ 24, 3 ]);
GROU(28,24,[ 0, 2, 12, 12, 24, 24 ],[ 24, 2 ]);
GROU(28,24,[ 0, 2, 8, 24, 24, 24 ],[ 24, 2 ]);
GROU(28,24,[ 0, 2, 4, 4, 4, 4, 4 ],[ 24, 4 ]);
GROU(28,24,[ 0, 2, 4, 4, 4, 4, 4 ],[ 24, 12 ]);
GROU(28,24,[ 0, 2, 3, 4, 4, 4, 6 ],[ 24, 3 ]);
GROU(28,24,[ 0, 2, 3, 4, 4, 4, 6 ],[ 24, 4 ]);
GROU(28,24,[ 0, 2, 3, 4, 4, 4, 6 ],[ 24, 8 ]);
GROU(28,24,[ 0, 2, 3, 4, 4, 4, 6 ],[ 24, 10 ]);
GROU(28,24,[ 0, 2, 3, 4, 4, 4, 6 ],[ 24, 11 ]);
GROU(28,24,[ 0, 2, 3, 3, 4, 6, 6 ],[ 24, 3 ]);
GROU(28,24,[ 0, 2, 3, 3, 4, 6, 6 ],[ 24, 8 ]);
GROU(28,24,[ 0, 2, 3, 3, 4, 6, 6 ],[ 24, 10 ]);
GROU(28,24,[ 0, 2, 3, 3, 4, 4, 12 ],[ 24, 4 ]);
GROU(28,24,[ 0, 2, 3, 3, 4, 4, 12 ],[ 24, 11 ]);
GROU(28,24,[ 0, 2, 3, 3, 3, 8, 8 ],[ 24, 1 ]);
GROU(28,24,[ 0, 2, 3, 3, 3, 8, 8 ],[ 24, 2 ]);
GROU(28,24,[ 0, 2, 3, 3, 3, 6, 12 ],[ 24, 10 ]);
GROU(28,24,[ 0, 2, 2, 4, 6, 6, 6 ],[ 24, 3 ]);
GROU(28,24,[ 0, 2, 2, 4, 6, 6, 6 ],[ 24, 6 ]);
GROU(28,24,[ 0, 2, 2, 4, 6, 6, 6 ],[ 24, 8 ]);
GROU(28,24,[ 0, 2, 2, 4, 6, 6, 6 ],[ 24, 10 ]);
SIGN(28,24,[ 0, 2, 2, 4, 4, 8, 8 ],"all");
GROU(28,24,[ 0, 2, 2, 4, 4, 6, 12 ],[ 24, 4 ]);
GROU(28,24,[ 0, 2, 2, 4, 4, 6, 12 ],[ 24, 6 ]);
GROU(28,24,[ 0, 2, 2, 4, 4, 6, 12 ],[ 24, 10 ]);
GROU(28,24,[ 0, 2, 2, 4, 4, 6, 12 ],[ 24, 11 ]);
GROU(28,24,[ 0, 2, 2, 3, 6, 8, 8 ],[ 24, 1 ]);
GROU(28,24,[ 0, 2, 2, 3, 6, 8, 8 ],[ 24, 2 ]);
GROU(28,24,[ 0, 2, 2, 3, 6, 6, 12 ],[ 24, 6 ]);
GROU(28,24,[ 0, 2, 2, 3, 6, 6, 12 ],[ 24, 10 ]);
GROU(28,24,[ 0, 2, 2, 3, 4, 12, 12 ],[ 24, 6 ]);
GROU(28,24,[ 0, 2, 2, 3, 4, 12, 12 ],[ 24, 10 ]);
GROU(28,24,[ 0, 2, 2, 3, 4, 12, 12 ],[ 24, 11 ]);
GROU(28,24,[ 0, 2, 2, 3, 4, 8, 24 ],[ 24, 2 ]);
GROU(28,24,[ 0, 2, 2, 3, 3, 24, 24 ],[ 24, 2 ]);
GROU(28,24,[ 0, 2, 2, 2, 12, 12, 12 ],[ 24, 6 ]);
GROU(28,24,[ 0, 2, 2, 2, 12, 12, 12 ],[ 24, 10 ]);
GROU(28,24,[ 0, 2, 2, 2, 12, 12, 12 ],[ 24, 11 ]);
GROU(28,24,[ 0, 2, 2, 2, 8, 12, 24 ],[ 24, 2 ]);
GROU(28,24,[ 0, 2, 2, 2, 6, 24, 24 ],[ 24, 2 ]);
GROU(28,24,[ 0, 2, 2, 2, 3, 3, 3, 4 ],[ 24, 3 ]);
GROU(28,24,[ 0, 2, 2, 2, 3, 3, 3, 4 ],[ 24, 6 ]);
GROU(28,24,[ 0, 2, 2, 2, 3, 3, 3, 4 ],[ 24, 8 ]);
GROU(28,24,[ 0, 2, 2, 2, 3, 3, 3, 4 ],[ 24, 10 ]);
GROU(28,24,[ 0, 2, 2, 2, 3, 3, 3, 4 ],[ 24, 12 ]);
GROU(28,24,[ 0, 2, 2, 2, 2, 4, 4, 4 ],[ 24, 6 ]);
GROU(28,24,[ 0, 2, 2, 2, 2, 4, 4, 4 ],[ 24, 8 ]);
GROU(28,24,[ 0, 2, 2, 2, 2, 4, 4, 4 ],[ 24, 12 ]);
GROU(28,24,[ 0, 2, 2, 2, 2, 3, 4, 6 ],[ 24, 3 ]);
GROU(28,24,[ 0, 2, 2, 2, 2, 3, 4, 6 ],[ 24, 6 ]);
GROU(28,24,[ 0, 2, 2, 2, 2, 3, 4, 6 ],[ 24, 8 ]);
GROU(28,24,[ 0, 2, 2, 2, 2, 3, 4, 6 ],[ 24, 10 ]);
GROU(28,24,[ 0, 2, 2, 2, 2, 3, 3, 12 ],[ 24, 6 ]);
GROU(28,24,[ 0, 2, 2, 2, 2, 3, 3, 12 ],[ 24, 10 ]);
SIGN(28,24,[ 0, 2, 2, 2, 2, 2, 8, 8 ],"all");
GROU(28,24,[ 0, 2, 2, 2, 2, 2, 6, 12 ],[ 24, 6 ]);
GROU(28,24,[ 0, 2, 2, 2, 2, 2, 6, 12 ],[ 24, 10 ]);
GROU(28,24,[ 0, 2, 2, 2, 2, 2, 2, 2, 4 ],[ 24, 6 ]);
GROU(28,24,[ 0, 2, 2, 2, 2, 2, 2, 2, 4 ],[ 24, 8 ]);
GROU(28,24,[ 0, 2, 2, 2, 2, 2, 2, 2, 4 ],[ 24, 12 ]);
GROU(28,27,[ 0, 3, 3, 9, 9, 9 ],[ 27, 2 ]);
GROU(28,27,[ 0, 3, 3, 9, 9, 9 ],[ 27, 4 ]);
GROU(28,27,[ 0, 3, 3, 3, 3, 3, 3 ],[ 27, 3 ]);
GROU(28,27,[ 0, 3, 3, 3, 3, 3, 3 ],[ 27, 5 ]);
GROU(28,28,[ 0, 4, 4, 4, 4, 14 ],[ 28, 1 ]);
GROU(28,28,[ 0, 2, 4, 7, 7, 28 ],[ 28, 2 ]);
GROU(28,28,[ 0, 2, 4, 4, 28, 28 ],[ 28, 2 ]);
GROU(28,28,[ 0, 2, 2, 2, 4, 4, 14 ],[ 28, 1 ]);
GROU(28,28,[ 0, 2, 2, 2, 2, 28, 28 ],[ 28, 2 ]);
GROU(28,28,[ 0, 2, 2, 2, 2, 2, 2, 14 ],[ 28, 3 ]);
GROU(28,29,[ 0, 29, 29, 29, 29 ],[ 29, 1 ]);
GROU(28,30,[ 0, 15, 15, 30, 30 ],[ 30, 4 ]);
GROU(28,30,[ 0, 10, 30, 30, 30 ],[ 30, 4 ]);
GROU(28,30,[ 0, 3, 3, 5, 6, 6 ],[ 30, 2 ]);
GROU(28,30,[ 0, 3, 3, 3, 10, 10 ],[ 30, 1 ]);
GROU(28,30,[ 0, 3, 3, 3, 10, 10 ],[ 30, 4 ]);
GROU(28,30,[ 0, 2, 5, 6, 6, 6 ],[ 30, 2 ]);
GROU(28,30,[ 0, 2, 3, 6, 10, 10 ],[ 30, 4 ]);
GROU(28,30,[ 0, 2, 3, 5, 10, 15 ],[ 30, 1 ]);
GROU(28,30,[ 0, 2, 3, 5, 10, 15 ],[ 30, 4 ]);
GROU(28,30,[ 0, 2, 2, 15, 15, 15 ],[ 30, 1 ]);
GROU(28,30,[ 0, 2, 2, 15, 15, 15 ],[ 30, 2 ]);
GROU(28,30,[ 0, 2, 2, 15, 15, 15 ],[ 30, 3 ]);
GROU(28,30,[ 0, 2, 2, 15, 15, 15 ],[ 30, 4 ]);
GROU(28,30,[ 0, 2, 2, 10, 15, 30 ],[ 30, 4 ]);
GROU(28,30,[ 0, 2, 2, 3, 3, 3, 5 ],[ 30, 2 ]);
GROU(28,30,[ 0, 2, 2, 3, 3, 3, 5 ],[ 30, 3 ]);
GROU(28,30,[ 0, 2, 2, 2, 3, 5, 6 ],[ 30, 2 ]);
GROU(28,30,[ 0, 2, 2, 2, 2, 10, 10 ],[ 30, 1 ]);
GROU(28,30,[ 0, 2, 2, 2, 2, 2, 2, 5 ],[ 30, 3 ]);
SIGN(28,32,[ 0, 8, 16, 16, 16 ],"all");
GROU(28,32,[ 0, 8, 8, 32, 32 ],[ 32, 1 ]);
GROU(28,32,[ 0, 2, 4, 4, 4, 16 ],[ 32, 19 ]);
GROU(28,32,[ 0, 2, 4, 4, 4, 16 ],[ 32, 20 ]);
GROU(28,32,[ 0, 2, 2, 8, 8, 16 ],[ 32, 18 ]);
GROU(28,32,[ 0, 2, 2, 4, 32, 32 ],[ 32, 1 ]);
GROU(28,32,[ 0, 2, 2, 2, 2, 4, 16 ],[ 32, 18 ]);
GROU(28,32,[ 0, 2, 2, 2, 2, 4, 16 ],[ 32, 19 ]);
GROU(28,35,[ 0, 5, 5, 35, 35 ],[ 35, 1 ]);
GROU(28,36,[ 0, 6, 9, 9, 9 ],[ 36, 3 ]);
GROU(28,36,[ 0, 6, 6, 12, 12 ],[ 36, 6 ]);
GROU(28,36,[ 0, 6, 6, 12, 12 ],[ 36, 8 ]);
GROU(28,36,[ 0, 6, 6, 9, 18 ],[ 36, 5 ]);
GROU(28,36,[ 0, 4, 12, 12, 12 ],[ 36, 6 ]);
GROU(28,36,[ 0, 4, 12, 12, 12 ],[ 36, 8 ]);
GROU(28,36,[ 0, 4, 9, 12, 18 ],[ 36, 2 ]);
GROU(28,36,[ 0, 4, 9, 9, 36 ],[ 36, 2 ]);
GROU(28,36,[ 0, 4, 6, 18, 36 ],[ 36, 2 ]);
GROU(28,36,[ 0, 3, 18, 18, 18 ],[ 36, 5 ]);
GROU(28,36,[ 0, 3, 12, 18, 36 ],[ 36, 2 ]);
GROU(28,36,[ 0, 3, 9, 36, 36 ],[ 36, 2 ]);
GROU(28,36,[ 0, 3, 3, 3, 4, 4 ],[ 36, 6 ]);
GROU(28,36,[ 0, 3, 3, 3, 4, 4 ],[ 36, 7 ]);
GROU(28,36,[ 0, 3, 3, 3, 4, 4 ],[ 36, 8 ]);
GROU(28,36,[ 0, 3, 3, 3, 4, 4 ],[ 36, 9 ]);
GROU(28,36,[ 0, 3, 3, 3, 3, 6 ],[ 36, 11 ]);
GROU(28,36,[ 0, 2, 4, 4, 4, 4 ],[ 36, 1 ]);
GROU(28,36,[ 0, 2, 4, 4, 4, 4 ],[ 36, 7 ]);
GROU(28,36,[ 0, 2, 4, 4, 4, 4 ],[ 36, 9 ]);
GROU(28,36,[ 0, 2, 3, 4, 4, 6 ],[ 36, 6 ]);
GROU(28,36,[ 0, 2, 3, 4, 4, 6 ],[ 36, 7 ]);
GROU(28,36,[ 0, 2, 3, 3, 6, 6 ],[ 36, 10 ]);
GROU(28,36,[ 0, 2, 3, 3, 6, 6 ],[ 36, 11 ]);
GROU(28,36,[ 0, 2, 3, 3, 6, 6 ],[ 36, 12 ]);
GROU(28,36,[ 0, 2, 3, 3, 6, 6 ],[ 36, 14 ]);
GROU(28,36,[ 0, 2, 3, 3, 4, 12 ],[ 36, 6 ]);
GROU(28,36,[ 0, 2, 3, 3, 4, 12 ],[ 36, 8 ]);
GROU(28,36,[ 0, 2, 2, 6, 6, 6 ],[ 36, 10 ]);
GROU(28,36,[ 0, 2, 2, 6, 6, 6 ],[ 36, 12 ]);
GROU(28,36,[ 0, 2, 2, 6, 6, 6 ],[ 36, 13 ]);
GROU(28,36,[ 0, 2, 2, 6, 6, 6 ],[ 36, 14 ]);
GROU(28,36,[ 0, 2, 2, 4, 6, 12 ],[ 36, 6 ]);
GROU(28,36,[ 0, 2, 2, 3, 12, 12 ],[ 36, 6 ]);
GROU(28,36,[ 0, 2, 2, 3, 12, 12 ],[ 36, 8 ]);
GROU(28,36,[ 0, 2, 2, 3, 9, 18 ],[ 36, 4 ]);
GROU(28,36,[ 0, 2, 2, 3, 9, 18 ],[ 36, 5 ]);
GROU(28,36,[ 0, 2, 2, 2, 3, 3, 3 ],[ 36, 10 ]);
GROU(28,36,[ 0, 2, 2, 2, 3, 3, 3 ],[ 36, 11 ]);
GROU(28,36,[ 0, 2, 2, 2, 3, 3, 3 ],[ 36, 12 ]);
GROU(28,36,[ 0, 2, 2, 2, 3, 3, 3 ],[ 36, 13 ]);
GROU(28,36,[ 0, 2, 2, 2, 3, 3, 3 ],[ 36, 14 ]);
GROU(28,36,[ 0, 2, 2, 2, 2, 4, 4 ],[ 36, 9 ]);
GROU(28,36,[ 0, 2, 2, 2, 2, 3, 6 ],[ 36, 4 ]);
GROU(28,36,[ 0, 2, 2, 2, 2, 3, 6 ],[ 36, 10 ]);
GROU(28,36,[ 0, 2, 2, 2, 2, 3, 6 ],[ 36, 12 ]);
GROU(28,36,[ 0, 2, 2, 2, 2, 3, 6 ],[ 36, 13 ]);
GROU(28,36,[ 0, 2, 2, 2, 2, 2, 2, 2 ],[ 36, 4 ]);
GROU(28,36,[ 0, 2, 2, 2, 2, 2, 2, 2 ],[ 36, 10 ]);
GROU(28,36,[ 0, 2, 2, 2, 2, 2, 2, 2 ],[ 36, 13 ]);
GROU(28,38,[ 0, 2, 38, 38, 38 ],[ 38, 2 ]);
GROU(28,38,[ 0, 2, 2, 2, 19, 38 ],[ 38, 2 ]);
GROU(28,40,[ 0, 5, 5, 8, 8 ],[ 40, 1 ]);
GROU(28,40,[ 0, 5, 5, 8, 8 ],[ 40, 2 ]);
GROU(28,40,[ 0, 5, 5, 8, 8 ],[ 40, 3 ]);
GROU(28,40,[ 0, 4, 5, 10, 10 ],[ 40, 10 ]);
GROU(28,40,[ 0, 4, 4, 10, 20 ],[ 40, 4 ]);
GROU(28,40,[ 0, 4, 4, 10, 20 ],[ 40, 11 ]);
GROU(28,40,[ 0, 2, 20, 20, 20 ],[ 40, 11 ]);
GROU(28,40,[ 0, 2, 10, 40, 40 ],[ 40, 2 ]);
GROU(28,40,[ 0, 2, 2, 4, 5, 5 ],[ 40, 6 ]);
GROU(28,40,[ 0, 2, 2, 4, 5, 5 ],[ 40, 8 ]);
GROU(28,40,[ 0, 2, 2, 4, 5, 5 ],[ 40, 10 ]);
GROU(28,40,[ 0, 2, 2, 2, 10, 20 ],[ 40, 6 ]);
GROU(28,40,[ 0, 2, 2, 2, 10, 20 ],[ 40, 10 ]);
GROU(28,42,[ 0, 3, 6, 7, 14 ],[ 42, 2 ]);
GROU(28,42,[ 0, 3, 6, 7, 14 ],[ 42, 6 ]);
GROU(28,42,[ 0, 3, 6, 6, 21 ],[ 42, 4 ]);
GROU(28,42,[ 0, 3, 3, 42, 42 ],[ 42, 6 ]);
GROU(28,42,[ 0, 2, 14, 14, 14 ],[ 42, 3 ]);
GROU(28,42,[ 0, 2, 7, 21, 42 ],[ 42, 6 ]);
GROU(28,42,[ 0, 2, 6, 42, 42 ],[ 42, 6 ]);
GROU(28,42,[ 0, 2, 2, 3, 3, 21 ],[ 42, 4 ]);
GROU(28,42,[ 0, 2, 2, 3, 3, 21 ],[ 42, 5 ]);
GROU(28,42,[ 0, 2, 2, 2, 7, 14 ],[ 42, 3 ]);
GROU(28,42,[ 0, 2, 2, 2, 6, 21 ],[ 42, 4 ]);
GROU(28,45,[ 0, 3, 3, 15, 15 ],[ 45, 2 ]);
GROU(28,48,[ 0, 4, 4, 4, 8 ],[ 48, 28 ]);
GROU(28,48,[ 0, 3, 4, 6, 8 ],[ 48, 16 ]);
GROU(28,48,[ 0, 3, 4, 6, 8 ],[ 48, 26 ]);
GROU(28,48,[ 0, 3, 4, 6, 8 ],[ 48, 28 ]);
GROU(28,48,[ 0, 3, 4, 4, 24 ],[ 48, 8 ]);
GROU(28,48,[ 0, 3, 4, 4, 24 ],[ 48, 27 ]);
SIGN(28,48,[ 0, 3, 3, 8, 12 ],"all");
GROU(28,48,[ 0, 2, 8, 8, 8 ],[ 48, 29 ]);
GROU(28,48,[ 0, 2, 6, 8, 12 ],[ 48, 15 ]);
GROU(28,48,[ 0, 2, 6, 8, 12 ],[ 48, 17 ]);
GROU(28,48,[ 0, 2, 6, 8, 12 ],[ 48, 25 ]);
GROU(28,48,[ 0, 2, 6, 8, 12 ],[ 48, 26 ]);
GROU(28,48,[ 0, 2, 6, 6, 24 ],[ 48, 25 ]);
SIGN(28,48,[ 0, 2, 4, 16, 16 ],"all");
GROU(28,48,[ 0, 2, 4, 12, 24 ],[ 48, 6 ]);
GROU(28,48,[ 0, 2, 4, 12, 24 ],[ 48, 26 ]);
GROU(28,48,[ 0, 2, 4, 12, 24 ],[ 48, 27 ]);
GROU(28,48,[ 0, 2, 3, 48, 48 ],[ 48, 2 ]);
GROU(28,48,[ 0, 2, 2, 2, 4, 8 ],[ 48, 6 ]);
GROU(28,48,[ 0, 2, 2, 2, 4, 8 ],[ 48, 17 ]);
GROU(28,48,[ 0, 2, 2, 2, 4, 8 ],[ 48, 29 ]);
GROU(28,48,[ 0, 2, 2, 2, 3, 24 ],[ 48, 7 ]);
GROU(28,48,[ 0, 2, 2, 2, 3, 24 ],[ 48, 25 ]);
GROU(28,54,[ 0, 3, 3, 6, 6 ],[ 54, 5 ]);
GROU(28,54,[ 0, 3, 3, 6, 6 ],[ 54, 8 ]);
GROU(28,54,[ 0, 3, 3, 6, 6 ],[ 54, 10 ]);
GROU(28,54,[ 0, 3, 3, 6, 6 ],[ 54, 12 ]);
GROU(28,54,[ 0, 3, 3, 6, 6 ],[ 54, 13 ]);
GROU(28,54,[ 0, 3, 3, 6, 6 ],[ 54, 15 ]);
GROU(28,54,[ 0, 2, 6, 6, 6 ],[ 54, 3 ]);
GROU(28,54,[ 0, 2, 6, 6, 6 ],[ 54, 5 ]);
GROU(28,54,[ 0, 2, 6, 6, 6 ],[ 54, 6 ]);
GROU(28,54,[ 0, 2, 6, 6, 6 ],[ 54, 8 ]);
GROU(28,54,[ 0, 2, 6, 6, 6 ],[ 54, 10 ]);
GROU(28,54,[ 0, 2, 6, 6, 6 ],[ 54, 12 ]);
GROU(28,54,[ 0, 2, 6, 6, 6 ],[ 54, 13 ]);
GROU(28,54,[ 0, 2, 3, 9, 18 ],[ 54, 4 ]);
GROU(28,54,[ 0, 2, 3, 9, 18 ],[ 54, 9 ]);
GROU(28,54,[ 0, 2, 3, 9, 18 ],[ 54, 11 ]);
GROU(28,54,[ 0, 2, 2, 3, 3, 3 ],[ 54, 5 ]);
GROU(28,54,[ 0, 2, 2, 3, 3, 3 ],[ 54, 8 ]);
GROU(28,54,[ 0, 2, 2, 3, 3, 3 ],[ 54, 10 ]);
GROU(28,54,[ 0, 2, 2, 3, 3, 3 ],[ 54, 12 ]);
GROU(28,54,[ 0, 2, 2, 3, 3, 3 ],[ 54, 13 ]);
GROU(28,54,[ 0, 2, 2, 3, 3, 3 ],[ 54, 14 ]);
GROU(28,54,[ 0, 2, 2, 2, 3, 6 ],[ 54, 3 ]);
GROU(28,54,[ 0, 2, 2, 2, 3, 6 ],[ 54, 5 ]);
GROU(28,54,[ 0, 2, 2, 2, 3, 6 ],[ 54, 6 ]);
GROU(28,54,[ 0, 2, 2, 2, 3, 6 ],[ 54, 8 ]);
GROU(28,54,[ 0, 2, 2, 2, 3, 6 ],[ 54, 13 ]);
GROU(28,54,[ 0, 2, 2, 2, 2, 2, 2 ],[ 54, 1 ]);
GROU(28,54,[ 0, 2, 2, 2, 2, 2, 2 ],[ 54, 7 ]);
GROU(28,54,[ 0, 2, 2, 2, 2, 2, 2 ],[ 54, 8 ]);
GROU(28,54,[ 0, 2, 2, 2, 2, 2, 2 ],[ 54, 14 ]);
SIGN(28,56,[ 0, 2, 4, 7, 7 ],"all");
GROU(28,56,[ 0, 2, 4, 4, 28 ],[ 56, 3 ]);
GROU(28,56,[ 0, 2, 2, 56, 56 ],[ 56, 2 ]);
GROU(28,56,[ 0, 2, 2, 2, 2, 28 ],[ 56, 5 ]);
GROU(28,57,[ 0, 57, 57, 57 ],[ 57, 2 ]);
GROU(28,57,[ 0, 3, 3, 3, 19 ],[ 57, 1 ]);
GROU(28,58,[ 0, 29, 58, 58 ],[ 58, 2 ]);
GROU(28,58,[ 0, 2, 2, 29, 29 ],[ 58, 1 ]);
GROU(28,58,[ 0, 2, 2, 29, 29 ],[ 58, 2 ]);
GROU(28,60,[ 0, 30, 30, 30 ],[ 60, 13 ]);
GROU(28,60,[ 0, 20, 30, 60 ],[ 60, 4 ]);
GROU(28,60,[ 0, 15, 60, 60 ],[ 60, 4 ]);
SIGN(28,60,[ 0, 3, 3, 3, 10 ],"nonsolvable");
GROU(28,60,[ 0, 2, 5, 5, 5 ],[ 60, 5 ]);
SIGN(28,60,[ 0, 2, 4, 4, 10 ],"all");
GROU(28,60,[ 0, 2, 3, 6, 10 ],[ 60, 8 ]);
GROU(28,60,[ 0, 2, 3, 6, 10 ],[ 60, 10 ]);
GROU(28,60,[ 0, 2, 3, 5, 15 ],[ 60, 9 ]);
SIGN(28,60,[ 0, 2, 2, 20, 20 ],"all");
GROU(28,60,[ 0, 2, 2, 15, 30 ],[ 60, 10 ]);
GROU(28,60,[ 0, 2, 2, 15, 30 ],[ 60, 11 ]);
GROU(28,60,[ 0, 2, 2, 15, 30 ],[ 60, 12 ]);
GROU(28,60,[ 0, 2, 2, 15, 30 ],[ 60, 13 ]);
GROU(28,60,[ 0, 2, 2, 2, 2, 10 ],[ 60, 8 ]);
GROU(28,60,[ 0, 2, 2, 2, 2, 10 ],[ 60, 12 ]);
GROU(28,63,[ 0, 21, 21, 21 ],[ 63, 4 ]);
GROU(28,63,[ 0, 9, 63, 63 ],[ 63, 2 ]);
GROU(28,63,[ 0, 3, 3, 3, 7 ],[ 63, 3 ]);
SIGN(28,64,[ 0, 16, 16, 32 ],"all");
GROU(28,64,[ 0, 8, 64, 64 ],[ 64, 1 ]);
GROU(28,64,[ 0, 2, 2, 8, 32 ],[ 64, 52 ]);
GROU(28,70,[ 0, 10, 10, 35 ],[ 70, 2 ]);
GROU(28,70,[ 0, 5, 70, 70 ],[ 70, 4 ]);
GROU(28,70,[ 0, 2, 2, 5, 35 ],[ 70, 2 ]);
GROU(28,70,[ 0, 2, 2, 5, 35 ],[ 70, 3 ]);
GROU(28,72,[ 0, 12, 12, 12 ],[ 72, 26 ]);
GROU(28,72,[ 0, 12, 12, 12 ],[ 72, 38 ]);
GROU(28,72,[ 0, 9, 12, 18 ],[ 72, 3 ]);
GROU(28,72,[ 0, 8, 12, 24 ],[ 72, 12 ]);
GROU(28,72,[ 0, 8, 9, 72 ],[ 72, 2 ]);
GROU(28,72,[ 0, 6, 24, 24 ],[ 72, 12 ]);
GROU(28,72,[ 0, 6, 24, 24 ],[ 72, 14 ]);
GROU(28,72,[ 0, 6, 18, 36 ],[ 72, 10 ]);
GROU(28,72,[ 0, 3, 3, 3, 4 ],[ 72, 25 ]);
GROU(28,72,[ 0, 2, 4, 4, 4 ],[ 72, 15 ]);
GROU(28,72,[ 0, 2, 4, 4, 4 ],[ 72, 41 ]);
GROU(28,72,[ 0, 2, 4, 4, 4 ],[ 72, 43 ]);
GROU(28,72,[ 0, 2, 3, 4, 6 ],[ 72, 22 ]);
GROU(28,72,[ 0, 2, 3, 4, 6 ],[ 72, 23 ]);
GROU(28,72,[ 0, 2, 3, 4, 6 ],[ 72, 28 ]);
GROU(28,72,[ 0, 2, 3, 4, 6 ],[ 72, 30 ]);
GROU(28,72,[ 0, 2, 3, 4, 6 ],[ 72, 35 ]);
GROU(28,72,[ 0, 2, 3, 4, 6 ],[ 72, 40 ]);
GROU(28,72,[ 0, 2, 3, 4, 6 ],[ 72, 42 ]);
GROU(28,72,[ 0, 2, 3, 4, 6 ],[ 72, 43 ]);
GROU(28,72,[ 0, 2, 3, 3, 12 ],[ 72, 25 ]);
GROU(28,72,[ 0, 2, 3, 3, 12 ],[ 72, 42 ]);
GROU(28,72,[ 0, 2, 2, 8, 8 ],[ 72, 39 ]);
GROU(28,72,[ 0, 2, 2, 6, 12 ],[ 72, 23 ]);
GROU(28,72,[ 0, 2, 2, 6, 12 ],[ 72, 28 ]);
GROU(28,72,[ 0, 2, 2, 6, 12 ],[ 72, 30 ]);
GROU(28,72,[ 0, 2, 2, 6, 12 ],[ 72, 33 ]);
GROU(28,72,[ 0, 2, 2, 6, 12 ],[ 72, 42 ]);
GROU(28,72,[ 0, 2, 2, 2, 2, 4 ],[ 72, 6 ]);
GROU(28,72,[ 0, 2, 2, 2, 2, 4 ],[ 72, 8 ]);
GROU(28,72,[ 0, 2, 2, 2, 2, 4 ],[ 72, 15 ]);
GROU(28,72,[ 0, 2, 2, 2, 2, 4 ],[ 72, 23 ]);
GROU(28,72,[ 0, 2, 2, 2, 2, 4 ],[ 72, 33 ]);
GROU(28,72,[ 0, 2, 2, 2, 2, 4 ],[ 72, 35 ]);
GROU(28,72,[ 0, 2, 2, 2, 2, 4 ],[ 72, 40 ]);
GROU(28,72,[ 0, 2, 2, 2, 2, 4 ],[ 72, 43 ]);
GROU(28,76,[ 0, 4, 38, 76 ],[ 76, 2 ]);
GROU(28,80,[ 0, 8, 10, 10 ],[ 80, 25 ]);
GROU(28,80,[ 0, 5, 16, 16 ],[ 80, 1 ]);
GROU(28,80,[ 0, 5, 16, 16 ],[ 80, 3 ]);
GROU(28,80,[ 0, 4, 20, 40 ],[ 80, 27 ]);
GROU(28,80,[ 0, 2, 2, 5, 8 ],[ 80, 7 ]);
GROU(28,80,[ 0, 2, 2, 5, 8 ],[ 80, 15 ]);
GROU(28,81,[ 0, 9, 9, 9 ],[ 81, 2 ]);
GROU(28,81,[ 0, 9, 9, 9 ],[ 81, 3 ]);
GROU(28,81,[ 0, 9, 9, 9 ],[ 81, 4 ]);
GROU(28,81,[ 0, 9, 9, 9 ],[ 81, 8 ]);
GROU(28,81,[ 0, 9, 9, 9 ],[ 81, 10 ]);
GROU(28,81,[ 0, 3, 3, 3, 3 ],[ 81, 7 ]);
GROU(28,81,[ 0, 3, 3, 3, 3 ],[ 81, 9 ]);
GROU(28,81,[ 0, 3, 3, 3, 3 ],[ 81, 12 ]);
GROU(28,84,[ 0, 6, 6, 42 ],[ 84, 12 ]);
GROU(28,84,[ 0, 4, 12, 42 ],[ 84, 4 ]);
GROU(28,84,[ 0, 3, 84, 84 ],[ 84, 6 ]);
GROU(28,84,[ 0, 2, 2, 3, 42 ],[ 84, 12 ]);
GROU(28,84,[ 0, 2, 2, 3, 42 ],[ 84, 14 ]);
GROU(28,87,[ 0, 3, 29, 87 ],[ 87, 1 ]);
GROU(28,90,[ 0, 6, 6, 15 ],[ 90, 5 ]);
GROU(28,90,[ 0, 6, 6, 15 ],[ 90, 7 ]);
GROU(28,90,[ 0, 3, 30, 30 ],[ 90, 6 ]);
GROU(28,90,[ 0, 3, 30, 30 ],[ 90, 10 ]);
GROU(28,90,[ 0, 2, 2, 3, 15 ],[ 90, 7 ]);
GROU(28,90,[ 0, 2, 2, 3, 15 ],[ 90, 9 ]);
GROU(28,96,[ 0, 4, 6, 48 ],[ 96, 62 ]);
SIGN(28,96,[ 0, 3, 16, 24 ],"all");
GROU(28,108,[ 0, 6, 6, 6 ],[ 108, 17 ]);
GROU(28,108,[ 0, 6, 6, 6 ],[ 108, 25 ]);
GROU(28,108,[ 0, 6, 6, 6 ],[ 108, 30 ]);
GROU(28,108,[ 0, 6, 6, 6 ],[ 108, 38 ]);
GROU(28,108,[ 0, 6, 6, 6 ],[ 108, 40 ]);
GROU(28,108,[ 0, 6, 6, 6 ],[ 108, 42 ]);
GROU(28,108,[ 0, 4, 6, 12 ],[ 108, 8 ]);
GROU(28,108,[ 0, 4, 6, 12 ],[ 108, 15 ]);
GROU(28,108,[ 0, 4, 6, 12 ],[ 108, 36 ]);
GROU(28,108,[ 0, 3, 12, 12 ],[ 108, 8 ]);
GROU(28,108,[ 0, 3, 12, 12 ],[ 108, 13 ]);
GROU(28,108,[ 0, 3, 12, 12 ],[ 108, 15 ]);
GROU(28,108,[ 0, 3, 12, 12 ],[ 108, 32 ]);
GROU(28,108,[ 0, 3, 12, 12 ],[ 108, 36 ]);
GROU(28,108,[ 0, 3, 9, 18 ],[ 108, 18 ]);
GROU(28,108,[ 0, 3, 9, 18 ],[ 108, 19 ]);
GROU(28,108,[ 0, 2, 3, 3, 3 ],[ 108, 22 ]);
GROU(28,108,[ 0, 2, 2, 4, 4 ],[ 108, 15 ]);
GROU(28,108,[ 0, 2, 2, 3, 6 ],[ 108, 17 ]);
GROU(28,108,[ 0, 2, 2, 3, 6 ],[ 108, 25 ]);
GROU(28,108,[ 0, 2, 2, 3, 6 ],[ 108, 28 ]);
GROU(28,108,[ 0, 2, 2, 3, 6 ],[ 108, 38 ]);
GROU(28,108,[ 0, 2, 2, 3, 6 ],[ 108, 39 ]);
GROU(28,108,[ 0, 2, 2, 3, 6 ],[ 108, 40 ]);
GROU(28,108,[ 0, 2, 2, 3, 6 ],[ 108, 43 ]);
GROU(28,108,[ 0, 2, 2, 2, 2, 2 ],[ 108, 4 ]);
GROU(28,108,[ 0, 2, 2, 2, 2, 2 ],[ 108, 16 ]);
GROU(28,108,[ 0, 2, 2, 2, 2, 2 ],[ 108, 17 ]);
GROU(28,108,[ 0, 2, 2, 2, 2, 2 ],[ 108, 27 ]);
GROU(28,108,[ 0, 2, 2, 2, 2, 2 ],[ 108, 39 ]);
SIGN(28,112,[ 0, 4, 7, 8 ],"all");
GROU(28,112,[ 0, 4, 4, 56 ],[ 112, 7 ]);
GROU(28,112,[ 0, 2, 112, 112 ],[ 112, 2 ]);
GROU(28,112,[ 0, 2, 2, 2, 56 ],[ 112, 6 ]);
GROU(28,114,[ 0, 3, 6, 38 ],[ 114, 2 ]);
GROU(28,114,[ 0, 2, 57, 114 ],[ 114, 6 ]);
SIGN(28,114,[ 0, 2, 2, 2, 38 ],"all");
GROU(28,116,[ 0, 4, 4, 29 ],[ 116, 1 ]);
GROU(28,116,[ 0, 4, 4, 29 ],[ 116, 3 ]);
GROU(28,116,[ 0, 2, 58, 58 ],[ 116, 5 ]);
GROU(28,116,[ 0, 2, 2, 2, 29 ],[ 116, 4 ]);
GROU(28,120,[ 0, 4, 5, 10 ],[ 120, 5 ]);
SIGN(28,120,[ 0, 4, 4, 20 ],"nonsolvable");
SIGN(28,120,[ 0, 3, 6, 20 ],"nonsolvable");
SIGN(28,120,[ 0, 2, 40, 40 ],"nonsolvable");
GROU(28,120,[ 0, 2, 30, 60 ],[ 120, 32 ]);
SIGN(28,120,[ 0, 2, 2, 2, 20 ],"all");
GROU(28,126,[ 0, 3, 6, 14 ],[ 126, 8 ]);
GROU(28,126,[ 0, 2, 21, 42 ],[ 126, 12 ]);
GROU(28,126,[ 0, 2, 18, 63 ],[ 126, 4 ]);
SIGN(28,126,[ 0, 2, 2, 2, 14 ],"all");
SIGN(28,128,[ 0, 2, 16, 64 ],"all");
GROU(28,140,[ 0, 2, 10, 70 ],[ 140, 8 ]);
SIGN(28,144,[ 0, 4, 4, 8 ],"all");
GROU(28,144,[ 0, 3, 6, 8 ],[ 144, 122 ]);
GROU(28,144,[ 0, 3, 4, 24 ],[ 144, 121 ]);
SIGN(28,144,[ 0, 2, 16, 16 ],"all");
GROU(28,144,[ 0, 2, 12, 24 ],[ 144, 60 ]);
GROU(28,144,[ 0, 2, 12, 24 ],[ 144, 71 ]);
GROU(28,144,[ 0, 2, 12, 24 ],[ 144, 82 ]);
GROU(28,144,[ 0, 2, 2, 2, 8 ],[ 144, 32 ]);
GROU(28,144,[ 0, 2, 2, 2, 8 ],[ 144, 125 ]);
GROU(28,160,[ 0, 2, 10, 16 ],[ 160, 33 ]);
GROU(28,162,[ 0, 3, 6, 6 ],[ 162, 10 ]);
GROU(28,162,[ 0, 3, 6, 6 ],[ 162, 11 ]);
GROU(28,162,[ 0, 3, 6, 6 ],[ 162, 15 ]);
GROU(28,162,[ 0, 3, 6, 6 ],[ 162, 30 ]);
GROU(28,162,[ 0, 3, 6, 6 ],[ 162, 34 ]);
GROU(28,162,[ 0, 3, 6, 6 ],[ 162, 35 ]);
GROU(28,162,[ 0, 2, 9, 18 ],[ 162, 3 ]);
GROU(28,162,[ 0, 2, 9, 18 ],[ 162, 4 ]);
GROU(28,162,[ 0, 2, 9, 18 ],[ 162, 6 ]);
GROU(28,162,[ 0, 2, 9, 18 ],[ 162, 12 ]);
GROU(28,162,[ 0, 2, 2, 3, 3 ],[ 162, 14 ]);
GROU(28,162,[ 0, 2, 2, 3, 3 ],[ 162, 15 ]);
GROU(28,162,[ 0, 2, 2, 3, 3 ],[ 162, 19 ]);
GROU(28,162,[ 0, 2, 2, 3, 3 ],[ 162, 21 ]);
GROU(28,162,[ 0, 2, 2, 3, 3 ],[ 162, 40 ]);
GROU(28,162,[ 0, 2, 2, 3, 3 ],[ 162, 41 ]);
GROU(28,162,[ 0, 2, 2, 2, 6 ],[ 162, 17 ]);
GROU(28,162,[ 0, 2, 2, 2, 6 ],[ 162, 19 ]);
GROU(28,162,[ 0, 2, 2, 2, 6 ],[ 162, 20 ]);
GROU(28,162,[ 0, 2, 2, 2, 6 ],[ 162, 21 ]);
GROU(28,162,[ 0, 2, 2, 2, 6 ],[ 162, 22 ]);
SIGN(28,168,[ 0, 2, 7, 28 ],"nonsolvable");
GROU(28,168,[ 0, 2, 6, 84 ],[ 168, 26 ]);
GROU(28,171,[ 0, 3, 3, 57 ],[ 171, 4 ]);
GROU(28,180,[ 0, 3, 5, 6 ],[ 180, 19 ]);
SIGN(28,180,[ 0, 3, 3, 30 ],"nonsolvable");
SIGN(28,180,[ 0, 2, 10, 10 ],"nonsolvable");
GROU(28,180,[ 0, 2, 6, 30 ],[ 180, 26 ]);
GROU(28,180,[ 0, 2, 6, 30 ],[ 180, 29 ]);
GROU(28,180,[ 0, 2, 6, 30 ],[ 180, 34 ]);
GROU(28,189,[ 0, 3, 3, 21 ],[ 189, 8 ]);
GROU(28,216,[ 0, 4, 4, 4 ],[ 216, 88 ]);
GROU(28,216,[ 0, 3, 4, 6 ],[ 216, 92 ]);
GROU(28,216,[ 0, 3, 4, 6 ],[ 216, 153 ]);
GROU(28,216,[ 0, 3, 3, 12 ],[ 216, 42 ]);
GROU(28,216,[ 0, 2, 8, 8 ],[ 216, 86 ]);
GROU(28,216,[ 0, 2, 6, 12 ],[ 216, 37 ]);
GROU(28,216,[ 0, 2, 6, 12 ],[ 216, 51 ]);
GROU(28,216,[ 0, 2, 6, 12 ],[ 216, 60 ]);
GROU(28,216,[ 0, 2, 6, 12 ],[ 216, 87 ]);
GROU(28,216,[ 0, 2, 6, 12 ],[ 216, 122 ]);
GROU(28,216,[ 0, 2, 6, 12 ],[ 216, 157 ]);
GROU(28,216,[ 0, 2, 6, 12 ],[ 216, 159 ]);
GROU(28,216,[ 0, 2, 2, 2, 4 ],[ 216, 21 ]);
GROU(28,216,[ 0, 2, 2, 2, 4 ],[ 216, 87 ]);
GROU(28,216,[ 0, 2, 2, 2, 4 ],[ 216, 93 ]);
GROU(28,216,[ 0, 2, 2, 2, 4 ],[ 216, 94 ]);
GROU(28,224,[ 0, 2, 4, 112 ],[ 224, 6 ]);
GROU(28,232,[ 0, 2, 4, 58 ],[ 232, 8 ]);
SIGN(28,240,[ 0, 2, 4, 40 ],"nonsolvable");
GROU(28,243,[ 0, 3, 3, 9 ],[ 243, 3 ]);
GROU(28,243,[ 0, 3, 3, 9 ],[ 243, 26 ]);
GROU(28,243,[ 0, 3, 3, 9 ],[ 243, 28 ]);
SIGN(28,252,[ 0, 2, 4, 28 ],"all");
SIGN(28,288,[ 0, 2, 4, 16 ],"all");
GROU(28,324,[ 0, 3, 4, 4 ],[ 324, 113 ]);
GROU(28,324,[ 0, 3, 3, 6 ],[ 324, 54 ]);
GROU(28,324,[ 0, 3, 3, 6 ],[ 324, 160 ]);
GROU(28,324,[ 0, 2, 6, 6 ],[ 324, 39 ]);
GROU(28,324,[ 0, 2, 6, 6 ],[ 324, 73 ]);
GROU(28,324,[ 0, 2, 6, 6 ],[ 324, 116 ]);
GROU(28,324,[ 0, 2, 6, 6 ],[ 324, 117 ]);
SIGN(28,324,[ 0, 2, 4, 12 ],"all");
GROU(28,324,[ 0, 2, 2, 2, 3 ],[ 324, 41 ]);
GROU(28,324,[ 0, 2, 2, 2, 3 ],[ 324, 124 ]);
SIGN(28,342,[ 0, 2, 3, 114 ],"all");
SIGN(28,360,[ 0, 2, 4, 10 ],"nonsolvable");
SIGN(28,360,[ 0, 2, 3, 60 ],"nonsolvable");
SIGN(28,378,[ 0, 2, 3, 42 ],"all");
GROU(28,432,[ 0, 2, 4, 8 ],[ 432, 520 ]);
GROU(28,432,[ 0, 2, 3, 24 ],[ 432, 248 ]);
GROU(28,486,[ 0, 2, 3, 18 ],[ 486, 5 ]);
GROU(28,486,[ 0, 2, 3, 18 ],[ 486, 36 ]);
GROU(28,486,[ 0, 2, 3, 18 ],[ 486, 39 ]);
SIGN(28,504,[ 0, 2, 4, 7 ],"nonsolvable");
SIGN(28,540,[ 0, 2, 5, 5 ],"nonsolvable");
GROU(28,648,[ 0, 3, 3, 4 ],[ 648, 532 ]);
GROU(28,648,[ 0, 2, 4, 6 ],[ 648, 545 ]);
GROU(28,648,[ 0, 2, 3, 12 ],[ 648, 262 ]);
GROU(28,648,[ 0, 2, 3, 12 ],[ 648, 703 ]);
SIGN(28,972,[ 0, 2, 3, 9 ],"all");
SPECIAL(28,1080,[ 0, 2, 4, 5 ]);
SPECIAL(28,1296,[ 0, 2, 3, 8 ]);
GROU(28,2,[ 1, 2, 2, 2, 2, 2, 2, 2, 2, 2, 2, 2, 2, 2, 2, 2, 2, 2, 2, 2, 2, 2, 
  2, 2, 2, 2, 2, 2, 2, 2, 2, 2, 2, 2, 2, 2, 2, 2, 2, 2, 2, 2, 2, 2, 2, 2, 2, 
  2, 2, 2, 2, 2, 2, 2, 2 ],[ 2, 1 ]);
GROU(28,3,[ 1, 3, 3, 3, 3, 3, 3, 3, 3, 3, 3, 3, 3, 3, 3, 3, 3, 3, 3, 3, 3, 3, 
  3, 3, 3, 3, 3, 3 ],[ 3, 1 ]);
GROU(28,4,[ 1, 4, 4, 4, 4, 4, 4, 4, 4, 4, 4, 4, 4, 4, 4, 4, 4, 4, 4 ],
[ 4, 1 ]);
GROU(28,4,[ 1, 2, 2, 2, 4, 4, 4, 4, 4, 4, 4, 4, 4, 4, 4, 4, 4, 4, 4, 4 ],
[ 4, 1 ]);
GROU(28,4,[ 1, 2, 2, 2, 2, 2, 2, 4, 4, 4, 4, 4, 4, 4, 4, 4, 4, 4, 4, 4, 4 ],
[ 4, 1 ]);
GROU(28,4,[ 1, 2, 2, 2, 2, 2, 2, 2, 2, 2, 4, 4, 4, 4, 4, 4, 4, 4, 4, 4, 4, 4 
 ],[ 4, 1 ]);
GROU(28,4,[ 1, 2, 2, 2, 2, 2, 2, 2, 2, 2, 2, 2, 2, 4, 4, 4, 4, 4, 4, 4, 4, 4, 
  4 ],[ 4, 1 ]);
GROU(28,4,[ 1, 2, 2, 2, 2, 2, 2, 2, 2, 2, 2, 2, 2, 2, 2, 2, 4, 4, 4, 4, 4, 4, 
  4, 4 ],[ 4, 1 ]);
GROU(28,4,[ 1, 2, 2, 2, 2, 2, 2, 2, 2, 2, 2, 2, 2, 2, 2, 2, 2, 2, 2, 4, 4, 4, 
  4, 4, 4 ],[ 4, 1 ]);
GROU(28,4,[ 1, 2, 2, 2, 2, 2, 2, 2, 2, 2, 2, 2, 2, 2, 2, 2, 2, 2, 2, 2, 2, 2, 
  4, 4, 4, 4 ],[ 4, 1 ]);
GROU(28,4,[ 1, 2, 2, 2, 2, 2, 2, 2, 2, 2, 2, 2, 2, 2, 2, 2, 2, 2, 2, 2, 2, 2, 
  2, 2, 2, 4, 4 ],[ 4, 1 ]);
GROU(28,4,[ 1, 2, 2, 2, 2, 2, 2, 2, 2, 2, 2, 2, 2, 2, 2, 2, 2, 2, 2, 2, 2, 2, 
  2, 2, 2, 2, 2, 2 ],[ 4, 2 ]);
GROU(28,6,[ 1, 3, 6, 6, 6, 6, 6, 6, 6, 6, 6, 6 ],[ 6, 2 ]);
GROU(28,6,[ 1, 3, 3, 3, 3, 3, 3, 6, 6, 6, 6, 6, 6 ],[ 6, 2 ]);
GROU(28,6,[ 1, 3, 3, 3, 3, 3, 3, 3, 3, 3, 3, 3, 6, 6 ],[ 6, 2 ]);
GROU(28,6,[ 1, 2, 3, 3, 3, 3, 6, 6, 6, 6, 6, 6, 6 ],[ 6, 2 ]);
GROU(28,6,[ 1, 2, 3, 3, 3, 3, 3, 3, 3, 3, 3, 6, 6, 6 ],[ 6, 2 ]);
GROU(28,6,[ 1, 2, 2, 3, 3, 6, 6, 6, 6, 6, 6, 6, 6 ],[ 6, 2 ]);
GROU(28,6,[ 1, 2, 2, 3, 3, 3, 3, 3, 3, 3, 6, 6, 6, 6 ],[ 6, 2 ]);
GROU(28,6,[ 1, 2, 2, 3, 3, 3, 3, 3, 3, 3, 3, 3, 3, 3, 3 ],[ 6, 1 ]);
GROU(28,6,[ 1, 2, 2, 3, 3, 3, 3, 3, 3, 3, 3, 3, 3, 3, 3 ],[ 6, 2 ]);
GROU(28,6,[ 1, 2, 2, 2, 6, 6, 6, 6, 6, 6, 6, 6, 6 ],[ 6, 2 ]);
GROU(28,6,[ 1, 2, 2, 2, 3, 3, 3, 3, 3, 6, 6, 6, 6, 6 ],[ 6, 2 ]);
GROU(28,6,[ 1, 2, 2, 2, 3, 3, 3, 3, 3, 3, 3, 3, 3, 3, 6 ],[ 6, 2 ]);
GROU(28,6,[ 1, 2, 2, 2, 2, 3, 3, 3, 6, 6, 6, 6, 6, 6 ],[ 6, 2 ]);
GROU(28,6,[ 1, 2, 2, 2, 2, 3, 3, 3, 3, 3, 3, 3, 3, 6, 6 ],[ 6, 2 ]);
GROU(28,6,[ 1, 2, 2, 2, 2, 2, 3, 6, 6, 6, 6, 6, 6, 6 ],[ 6, 2 ]);
GROU(28,6,[ 1, 2, 2, 2, 2, 2, 3, 3, 3, 3, 3, 3, 6, 6, 6 ],[ 6, 2 ]);
GROU(28,6,[ 1, 2, 2, 2, 2, 2, 2, 3, 3, 3, 3, 6, 6, 6, 6 ],[ 6, 2 ]);
GROU(28,6,[ 1, 2, 2, 2, 2, 2, 2, 3, 3, 3, 3, 3, 3, 3, 3, 3 ],[ 6, 1 ]);
GROU(28,6,[ 1, 2, 2, 2, 2, 2, 2, 3, 3, 3, 3, 3, 3, 3, 3, 3 ],[ 6, 2 ]);
GROU(28,6,[ 1, 2, 2, 2, 2, 2, 2, 2, 3, 3, 6, 6, 6, 6, 6 ],[ 6, 2 ]);
GROU(28,6,[ 1, 2, 2, 2, 2, 2, 2, 2, 3, 3, 3, 3, 3, 3, 3, 6 ],[ 6, 2 ]);
GROU(28,6,[ 1, 2, 2, 2, 2, 2, 2, 2, 2, 6, 6, 6, 6, 6, 6 ],[ 6, 2 ]);
GROU(28,6,[ 1, 2, 2, 2, 2, 2, 2, 2, 2, 3, 3, 3, 3, 3, 6, 6 ],[ 6, 2 ]);
GROU(28,6,[ 1, 2, 2, 2, 2, 2, 2, 2, 2, 2, 3, 3, 3, 6, 6, 6 ],[ 6, 2 ]);
GROU(28,6,[ 1, 2, 2, 2, 2, 2, 2, 2, 2, 2, 2, 3, 6, 6, 6, 6 ],[ 6, 2 ]);
GROU(28,6,[ 1, 2, 2, 2, 2, 2, 2, 2, 2, 2, 2, 3, 3, 3, 3, 3, 3 ],[ 6, 1 ]);
GROU(28,6,[ 1, 2, 2, 2, 2, 2, 2, 2, 2, 2, 2, 3, 3, 3, 3, 3, 3 ],[ 6, 2 ]);
GROU(28,6,[ 1, 2, 2, 2, 2, 2, 2, 2, 2, 2, 2, 2, 3, 3, 3, 3, 6 ],[ 6, 2 ]);
GROU(28,6,[ 1, 2, 2, 2, 2, 2, 2, 2, 2, 2, 2, 2, 2, 3, 3, 6, 6 ],[ 6, 2 ]);
GROU(28,6,[ 1, 2, 2, 2, 2, 2, 2, 2, 2, 2, 2, 2, 2, 2, 6, 6, 6 ],[ 6, 2 ]);
GROU(28,6,[ 1, 2, 2, 2, 2, 2, 2, 2, 2, 2, 2, 2, 2, 2, 2, 3, 3, 3 ],[ 6, 1 ]);
GROU(28,6,[ 1, 2, 2, 2, 2, 2, 2, 2, 2, 2, 2, 2, 2, 2, 2, 3, 3, 3 ],[ 6, 2 ]);
GROU(28,6,[ 1, 2, 2, 2, 2, 2, 2, 2, 2, 2, 2, 2, 2, 2, 2, 2, 3, 6 ],[ 6, 2 ]);
GROU(28,6,[ 1, 2, 2, 2, 2, 2, 2, 2, 2, 2, 2, 2, 2, 2, 2, 2, 2, 2, 2 ],
[ 6, 1 ]);
GROU(28,6,[ 1, 2, 2, 2, 2, 2, 2, 2, 2, 2, 2, 2, 2, 2, 2, 2, 2, 2, 2 ],
[ 6, 2 ]);
GROU(28,7,[ 1, 7, 7, 7, 7, 7, 7, 7, 7, 7 ],[ 7, 1 ]);
GROU(28,8,[ 1, 4, 4, 8, 8, 8, 8, 8, 8 ],[ 8, 1 ]);
GROU(28,8,[ 1, 4, 4, 4, 4, 4, 4, 4, 4, 4 ],[ 8, 4 ]);
GROU(28,8,[ 1, 2, 4, 4, 4, 4, 4, 4, 8, 8 ],[ 8, 1 ]);
GROU(28,8,[ 1, 2, 2, 4, 4, 4, 8, 8, 8, 8 ],[ 8, 1 ]);
GROU(28,8,[ 1, 2, 2, 2, 8, 8, 8, 8, 8, 8 ],[ 8, 1 ]);
GROU(28,8,[ 1, 2, 2, 2, 4, 4, 4, 4, 4, 4, 4 ],[ 8, 3 ]);
GROU(28,8,[ 1, 2, 2, 2, 4, 4, 4, 4, 4, 4, 4 ],[ 8, 4 ]);
GROU(28,8,[ 1, 2, 2, 2, 2, 4, 4, 4, 4, 8, 8 ],[ 8, 1 ]);
GROU(28,8,[ 1, 2, 2, 2, 2, 2, 4, 8, 8, 8, 8 ],[ 8, 1 ]);
GROU(28,8,[ 1, 2, 2, 2, 2, 2, 2, 4, 4, 4, 4, 4 ],[ 8, 3 ]);
GROU(28,8,[ 1, 2, 2, 2, 2, 2, 2, 4, 4, 4, 4, 4 ],[ 8, 4 ]);
GROU(28,8,[ 1, 2, 2, 2, 2, 2, 2, 2, 4, 4, 8, 8 ],[ 8, 1 ]);
GROU(28,8,[ 1, 2, 2, 2, 2, 2, 2, 2, 2, 2, 4, 4, 4 ],[ 8, 3 ]);
GROU(28,8,[ 1, 2, 2, 2, 2, 2, 2, 2, 2, 2, 4, 4, 4 ],[ 8, 4 ]);
GROU(28,8,[ 1, 2, 2, 2, 2, 2, 2, 2, 2, 2, 2, 8, 8 ],[ 8, 1 ]);
GROU(28,8,[ 1, 2, 2, 2, 2, 2, 2, 2, 2, 2, 2, 2, 2, 4 ],[ 8, 3 ]);
GROU(28,9,[ 1, 3, 9, 9, 9, 9, 9, 9 ],[ 9, 1 ]);
GROU(28,9,[ 1, 3, 3, 3, 3, 3, 9, 9, 9 ],[ 9, 1 ]);
GROU(28,9,[ 1, 3, 3, 3, 3, 3, 3, 3, 3, 3 ],[ 9, 1 ]);
GROU(28,9,[ 1, 3, 3, 3, 3, 3, 3, 3, 3, 3 ],[ 9, 2 ]);
GROU(28,10,[ 1, 10, 10, 10, 10, 10, 10 ],[ 10, 2 ]);
GROU(28,10,[ 1, 2, 5, 5, 5, 5, 5, 10 ],[ 10, 2 ]);
GROU(28,10,[ 1, 2, 2, 5, 10, 10, 10, 10 ],[ 10, 2 ]);
GROU(28,10,[ 1, 2, 2, 2, 2, 5, 5, 10, 10 ],[ 10, 2 ]);
GROU(28,10,[ 1, 2, 2, 2, 2, 2, 2, 5, 5, 5 ],[ 10, 1 ]);
GROU(28,10,[ 1, 2, 2, 2, 2, 2, 2, 5, 5, 5 ],[ 10, 2 ]);
GROU(28,12,[ 1, 6, 12, 12, 12, 12 ],[ 12, 2 ]);
GROU(28,12,[ 1, 4, 4, 4, 4, 4, 4 ],[ 12, 1 ]);
GROU(28,12,[ 1, 4, 4, 4, 4, 4, 4 ],[ 12, 2 ]);
GROU(28,12,[ 1, 3, 4, 4, 4, 4, 6 ],[ 12, 1 ]);
GROU(28,12,[ 1, 3, 4, 4, 4, 4, 6 ],[ 12, 2 ]);
GROU(28,12,[ 1, 3, 3, 4, 4, 6, 6 ],[ 12, 1 ]);
GROU(28,12,[ 1, 3, 3, 4, 4, 6, 6 ],[ 12, 2 ]);
GROU(28,12,[ 1, 3, 3, 4, 4, 4, 12 ],[ 12, 2 ]);
GROU(28,12,[ 1, 3, 3, 3, 6, 6, 6 ],[ 12, 5 ]);
GROU(28,12,[ 1, 3, 3, 3, 4, 6, 12 ],[ 12, 2 ]);
GROU(28,12,[ 1, 3, 3, 3, 3, 12, 12 ],[ 12, 2 ]);
GROU(28,12,[ 1, 2, 4, 4, 6, 6, 6 ],[ 12, 1 ]);
GROU(28,12,[ 1, 2, 4, 4, 6, 6, 6 ],[ 12, 2 ]);
GROU(28,12,[ 1, 2, 4, 4, 4, 6, 12 ],[ 12, 2 ]);
GROU(28,12,[ 1, 2, 3, 6, 6, 6, 6 ],[ 12, 5 ]);
GROU(28,12,[ 1, 2, 3, 4, 6, 6, 12 ],[ 12, 2 ]);
GROU(28,12,[ 1, 2, 3, 4, 4, 12, 12 ],[ 12, 2 ]);
GROU(28,12,[ 1, 2, 3, 3, 6, 12, 12 ],[ 12, 2 ]);
GROU(28,12,[ 1, 2, 3, 3, 3, 3, 3, 3 ],[ 12, 3 ]);
GROU(28,12,[ 1, 2, 2, 6, 6, 12, 12 ],[ 12, 2 ]);
GROU(28,12,[ 1, 2, 2, 4, 12, 12, 12 ],[ 12, 2 ]);
GROU(28,12,[ 1, 2, 2, 3, 3, 3, 4, 4 ],[ 12, 1 ]);
GROU(28,12,[ 1, 2, 2, 3, 3, 3, 4, 4 ],[ 12, 2 ]);
GROU(28,12,[ 1, 2, 2, 3, 3, 3, 3, 6 ],[ 12, 4 ]);
GROU(28,12,[ 1, 2, 2, 3, 3, 3, 3, 6 ],[ 12, 5 ]);
GROU(28,12,[ 1, 2, 2, 2, 4, 4, 4, 4 ],[ 12, 1 ]);
GROU(28,12,[ 1, 2, 2, 2, 4, 4, 4, 4 ],[ 12, 2 ]);
GROU(28,12,[ 1, 2, 2, 2, 3, 4, 4, 6 ],[ 12, 1 ]);
GROU(28,12,[ 1, 2, 2, 2, 3, 4, 4, 6 ],[ 12, 2 ]);
GROU(28,12,[ 1, 2, 2, 2, 3, 3, 6, 6 ],[ 12, 4 ]);
GROU(28,12,[ 1, 2, 2, 2, 3, 3, 6, 6 ],[ 12, 5 ]);
GROU(28,12,[ 1, 2, 2, 2, 3, 3, 4, 12 ],[ 12, 2 ]);
GROU(28,12,[ 1, 2, 2, 2, 2, 6, 6, 6 ],[ 12, 4 ]);
GROU(28,12,[ 1, 2, 2, 2, 2, 6, 6, 6 ],[ 12, 5 ]);
GROU(28,12,[ 1, 2, 2, 2, 2, 4, 6, 12 ],[ 12, 2 ]);
GROU(28,12,[ 1, 2, 2, 2, 2, 3, 12, 12 ],[ 12, 2 ]);
GROU(28,12,[ 1, 2, 2, 2, 2, 2, 3, 3, 3 ],[ 12, 3 ]);
GROU(28,12,[ 1, 2, 2, 2, 2, 2, 3, 3, 3 ],[ 12, 4 ]);
GROU(28,12,[ 1, 2, 2, 2, 2, 2, 3, 3, 3 ],[ 12, 5 ]);
GROU(28,12,[ 1, 2, 2, 2, 2, 2, 2, 4, 4 ],[ 12, 1 ]);
GROU(28,12,[ 1, 2, 2, 2, 2, 2, 2, 4, 4 ],[ 12, 2 ]);
GROU(28,12,[ 1, 2, 2, 2, 2, 2, 2, 3, 6 ],[ 12, 4 ]);
GROU(28,12,[ 1, 2, 2, 2, 2, 2, 2, 3, 6 ],[ 12, 5 ]);
GROU(28,12,[ 1, 2, 2, 2, 2, 2, 2, 2, 2, 2 ],[ 12, 3 ]);
GROU(28,12,[ 1, 2, 2, 2, 2, 2, 2, 2, 2, 2 ],[ 12, 4 ]);
GROU(28,12,[ 1, 2, 2, 2, 2, 2, 2, 2, 2, 2 ],[ 12, 5 ]);
GROU(28,14,[ 1, 2, 2, 2, 2, 14, 14 ],[ 14, 2 ]);
GROU(28,14,[ 1, 2, 2, 2, 2, 2, 2, 7 ],[ 14, 1 ]);
GROU(28,15,[ 1, 5, 15, 15, 15 ],[ 15, 1 ]);
GROU(28,15,[ 1, 3, 3, 3, 5, 5 ],[ 15, 1 ]);
SIGN(28,16,[ 1, 4, 8, 8, 8 ],"all");
GROU(28,16,[ 1, 4, 4, 16, 16 ],[ 16, 1 ]);
GROU(28,16,[ 1, 2, 2, 4, 4, 8 ],[ 16, 7 ]);
GROU(28,16,[ 1, 2, 2, 4, 4, 8 ],[ 16, 8 ]);
GROU(28,16,[ 1, 2, 2, 4, 4, 8 ],[ 16, 9 ]);
GROU(28,16,[ 1, 2, 2, 2, 16, 16 ],[ 16, 1 ]);
GROU(28,16,[ 1, 2, 2, 2, 2, 2, 8 ],[ 16, 7 ]);
GROU(28,18,[ 1, 3, 3, 6, 6 ],[ 18, 2 ]);
GROU(28,18,[ 1, 3, 3, 6, 6 ],[ 18, 3 ]);
GROU(28,18,[ 1, 3, 3, 6, 6 ],[ 18, 5 ]);
GROU(28,18,[ 1, 2, 6, 6, 6 ],[ 18, 2 ]);
GROU(28,18,[ 1, 2, 6, 6, 6 ],[ 18, 3 ]);
GROU(28,18,[ 1, 2, 6, 6, 6 ],[ 18, 5 ]);
GROU(28,18,[ 1, 2, 3, 9, 18 ],[ 18, 2 ]);
GROU(28,18,[ 1, 2, 2, 3, 3, 3 ],[ 18, 1 ]);
GROU(28,18,[ 1, 2, 2, 3, 3, 3 ],[ 18, 2 ]);
GROU(28,18,[ 1, 2, 2, 3, 3, 3 ],[ 18, 3 ]);
GROU(28,18,[ 1, 2, 2, 3, 3, 3 ],[ 18, 4 ]);
GROU(28,18,[ 1, 2, 2, 3, 3, 3 ],[ 18, 5 ]);
GROU(28,18,[ 1, 2, 2, 2, 3, 6 ],[ 18, 2 ]);
GROU(28,18,[ 1, 2, 2, 2, 3, 6 ],[ 18, 3 ]);
GROU(28,18,[ 1, 2, 2, 2, 3, 6 ],[ 18, 5 ]);
GROU(28,18,[ 1, 2, 2, 2, 2, 2, 2 ],[ 18, 1 ]);
GROU(28,18,[ 1, 2, 2, 2, 2, 2, 2 ],[ 18, 2 ]);
GROU(28,18,[ 1, 2, 2, 2, 2, 2, 2 ],[ 18, 3 ]);
GROU(28,18,[ 1, 2, 2, 2, 2, 2, 2 ],[ 18, 4 ]);
GROU(28,18,[ 1, 2, 2, 2, 2, 2, 2 ],[ 18, 5 ]);
GROU(28,19,[ 1, 19, 19, 19 ],[ 19, 1 ]);
GROU(28,20,[ 1, 10, 10, 10 ],[ 20, 5 ]);
GROU(28,20,[ 1, 5, 20, 20 ],[ 20, 2 ]);
GROU(28,20,[ 1, 2, 2, 5, 10 ],[ 20, 4 ]);
GROU(28,20,[ 1, 2, 2, 5, 10 ],[ 20, 5 ]);
GROU(28,21,[ 1, 7, 7, 7 ],[ 21, 1 ]);
GROU(28,21,[ 1, 7, 7, 7 ],[ 21, 2 ]);
GROU(28,21,[ 1, 3, 21, 21 ],[ 21, 2 ]);
GROU(28,24,[ 1, 4, 4, 4 ],[ 24, 3 ]);
GROU(28,24,[ 1, 4, 4, 4 ],[ 24, 4 ]);
GROU(28,24,[ 1, 4, 4, 4 ],[ 24, 11 ]);
GROU(28,24,[ 1, 3, 4, 6 ],[ 24, 3 ]);
SIGN(28,24,[ 1, 3, 3, 12 ],"all");
GROU(28,24,[ 1, 2, 8, 8 ],[ 24, 1 ]);
GROU(28,24,[ 1, 2, 8, 8 ],[ 24, 2 ]);
GROU(28,24,[ 1, 2, 6, 12 ],[ 24, 10 ]);
GROU(28,24,[ 1, 2, 2, 2, 4 ],[ 24, 3 ]);
GROU(28,24,[ 1, 2, 2, 2, 4 ],[ 24, 6 ]);
GROU(28,24,[ 1, 2, 2, 2, 4 ],[ 24, 8 ]);
GROU(28,24,[ 1, 2, 2, 2, 4 ],[ 24, 10 ]);
GROU(28,24,[ 1, 2, 2, 2, 4 ],[ 24, 12 ]);
GROU(28,27,[ 1, 3, 3, 3 ],[ 27, 1 ]);
GROU(28,27,[ 1, 3, 3, 3 ],[ 27, 2 ]);
GROU(28,27,[ 1, 3, 3, 3 ],[ 27, 3 ]);
GROU(28,27,[ 1, 3, 3, 3 ],[ 27, 4 ]);
GROU(28,27,[ 1, 3, 3, 3 ],[ 27, 5 ]);
GROU(28,28,[ 1, 28, 28 ],[ 28, 2 ]);
GROU(28,28,[ 1, 2, 2, 14 ],[ 28, 3 ]);
GROU(28,30,[ 1, 10, 10 ],[ 30, 1 ]);
GROU(28,30,[ 1, 10, 10 ],[ 30, 4 ]);
GROU(28,30,[ 1, 2, 2, 5 ],[ 30, 2 ]);
GROU(28,30,[ 1, 2, 2, 5 ],[ 30, 3 ]);
SIGN(28,32,[ 1, 4, 16 ],"all");
GROU(28,36,[ 1, 4, 4 ],[ 36, 1 ]);
GROU(28,36,[ 1, 4, 4 ],[ 36, 2 ]);
GROU(28,36,[ 1, 4, 4 ],[ 36, 6 ]);
GROU(28,36,[ 1, 4, 4 ],[ 36, 7 ]);
GROU(28,36,[ 1, 4, 4 ],[ 36, 8 ]);
GROU(28,36,[ 1, 4, 4 ],[ 36, 9 ]);
GROU(28,36,[ 1, 3, 6 ],[ 36, 3 ]);
GROU(28,36,[ 1, 3, 6 ],[ 36, 11 ]);
GROU(28,36,[ 1, 2, 2, 2 ],[ 36, 3 ]);
GROU(28,36,[ 1, 2, 2, 2 ],[ 36, 4 ]);
GROU(28,36,[ 1, 2, 2, 2 ],[ 36, 5 ]);
GROU(28,36,[ 1, 2, 2, 2 ],[ 36, 10 ]);
GROU(28,36,[ 1, 2, 2, 2 ],[ 36, 11 ]);
GROU(28,36,[ 1, 2, 2, 2 ],[ 36, 12 ]);
GROU(28,36,[ 1, 2, 2, 2 ],[ 36, 13 ]);
GROU(28,36,[ 1, 2, 2, 2 ],[ 36, 14 ]);
GROU(28,54,[ 1, 2, 2 ],[ 54, 1 ]);
GROU(28,54,[ 1, 2, 2 ],[ 54, 2 ]);
GROU(28,54,[ 1, 2, 2 ],[ 54, 3 ]);
GROU(28,54,[ 1, 2, 2 ],[ 54, 4 ]);
GROU(28,54,[ 1, 2, 2 ],[ 54, 5 ]);
GROU(28,54,[ 1, 2, 2 ],[ 54, 6 ]);
GROU(28,54,[ 1, 2, 2 ],[ 54, 7 ]);
GROU(28,54,[ 1, 2, 2 ],[ 54, 9 ]);
GROU(28,54,[ 1, 2, 2 ],[ 54, 12 ]);
GROU(28,54,[ 1, 2, 2 ],[ 54, 13 ]);
GROU(28,57,[ 1, 19 ],[ 57, 1 ]);
SIGN(28,60,[ 1, 10 ],"all");
GROU(28,63,[ 1, 7 ],[ 63, 1 ]);
GROU(28,63,[ 1, 7 ],[ 63, 3 ]);
GROU(28,72,[ 1, 4 ],[ 72, 3 ]);
GROU(28,72,[ 1, 4 ],[ 72, 25 ]);
GROU(28,81,[ 1, 3 ],[ 81, 3 ]);
GROU(28,81,[ 1, 3 ],[ 81, 4 ]);
GROU(28,81,[ 1, 3 ],[ 81, 6 ]);
GROU(28,81,[ 1, 3 ],[ 81, 7 ]);
GROU(28,81,[ 1, 3 ],[ 81, 8 ]);
GROU(28,81,[ 1, 3 ],[ 81, 9 ]);
GROU(28,81,[ 1, 3 ],[ 81, 10 ]);
GROU(28,108,[ 1, 2 ],[ 108, 3 ]);
GROU(28,108,[ 1, 2 ],[ 108, 18 ]);
GROU(28,108,[ 1, 2 ],[ 108, 20 ]);
GROU(28,2,[ 2, 2, 2, 2, 2, 2, 2, 2, 2, 2, 2, 2, 2, 2, 2, 2, 2, 2, 2, 2, 2, 2, 
  2, 2, 2, 2, 2, 2, 2, 2, 2, 2, 2, 2, 2, 2, 2, 2, 2, 2, 2, 2, 2, 2, 2, 2, 2, 
  2, 2, 2, 2 ],[ 2, 1 ]);
GROU(28,3,[ 2, 3, 3, 3, 3, 3, 3, 3, 3, 3, 3, 3, 3, 3, 3, 3, 3, 3, 3, 3, 3, 3, 
  3, 3, 3 ],[ 3, 1 ]);
GROU(28,4,[ 2, 2, 2, 4, 4, 4, 4, 4, 4, 4, 4, 4, 4, 4, 4, 4, 4 ],[ 4, 1 ]);
GROU(28,4,[ 2, 2, 2, 2, 2, 2, 4, 4, 4, 4, 4, 4, 4, 4, 4, 4, 4, 4 ],[ 4, 1 ]);
GROU(28,4,[ 2, 2, 2, 2, 2, 2, 2, 2, 2, 4, 4, 4, 4, 4, 4, 4, 4, 4, 4 ],
[ 4, 1 ]);
GROU(28,4,[ 2, 2, 2, 2, 2, 2, 2, 2, 2, 2, 2, 2, 4, 4, 4, 4, 4, 4, 4, 4 ],
[ 4, 1 ]);
GROU(28,4,[ 2, 2, 2, 2, 2, 2, 2, 2, 2, 2, 2, 2, 2, 2, 2, 4, 4, 4, 4, 4, 4 ],
[ 4, 1 ]);
GROU(28,4,[ 2, 2, 2, 2, 2, 2, 2, 2, 2, 2, 2, 2, 2, 2, 2, 2, 2, 2, 4, 4, 4, 4 
 ],[ 4, 1 ]);
GROU(28,4,[ 2, 2, 2, 2, 2, 2, 2, 2, 2, 2, 2, 2, 2, 2, 2, 2, 2, 2, 2, 2, 2, 4, 
  4 ],[ 4, 1 ]);
GROU(28,4,[ 2, 2, 2, 2, 2, 2, 2, 2, 2, 2, 2, 2, 2, 2, 2, 2, 2, 2, 2, 2, 2, 2, 
  2, 2 ],[ 4, 2 ]);
GROU(28,5,[ 2, 5, 5, 5, 5, 5, 5, 5, 5, 5, 5, 5 ],[ 5, 1 ]);
GROU(28,6,[ 2, 3, 3, 3, 6, 6, 6, 6, 6, 6 ],[ 6, 2 ]);
GROU(28,6,[ 2, 3, 3, 3, 3, 3, 3, 3, 3, 6, 6 ],[ 6, 2 ]);
GROU(28,6,[ 2, 2, 3, 6, 6, 6, 6, 6, 6, 6 ],[ 6, 2 ]);
GROU(28,6,[ 2, 2, 3, 3, 3, 3, 3, 3, 6, 6, 6 ],[ 6, 2 ]);
GROU(28,6,[ 2, 2, 2, 3, 3, 3, 3, 6, 6, 6, 6 ],[ 6, 2 ]);
GROU(28,6,[ 2, 2, 2, 3, 3, 3, 3, 3, 3, 3, 3, 3 ],[ 6, 1 ]);
GROU(28,6,[ 2, 2, 2, 3, 3, 3, 3, 3, 3, 3, 3, 3 ],[ 6, 2 ]);
GROU(28,6,[ 2, 2, 2, 2, 3, 3, 6, 6, 6, 6, 6 ],[ 6, 2 ]);
GROU(28,6,[ 2, 2, 2, 2, 3, 3, 3, 3, 3, 3, 3, 6 ],[ 6, 2 ]);
GROU(28,6,[ 2, 2, 2, 2, 2, 6, 6, 6, 6, 6, 6 ],[ 6, 2 ]);
GROU(28,6,[ 2, 2, 2, 2, 2, 3, 3, 3, 3, 3, 6, 6 ],[ 6, 2 ]);
GROU(28,6,[ 2, 2, 2, 2, 2, 2, 3, 3, 3, 6, 6, 6 ],[ 6, 2 ]);
GROU(28,6,[ 2, 2, 2, 2, 2, 2, 2, 3, 6, 6, 6, 6 ],[ 6, 2 ]);
GROU(28,6,[ 2, 2, 2, 2, 2, 2, 2, 3, 3, 3, 3, 3, 3 ],[ 6, 1 ]);
GROU(28,6,[ 2, 2, 2, 2, 2, 2, 2, 3, 3, 3, 3, 3, 3 ],[ 6, 2 ]);
GROU(28,6,[ 2, 2, 2, 2, 2, 2, 2, 2, 3, 3, 3, 3, 6 ],[ 6, 2 ]);
GROU(28,6,[ 2, 2, 2, 2, 2, 2, 2, 2, 2, 3, 3, 6, 6 ],[ 6, 2 ]);
GROU(28,6,[ 2, 2, 2, 2, 2, 2, 2, 2, 2, 2, 6, 6, 6 ],[ 6, 2 ]);
GROU(28,6,[ 2, 2, 2, 2, 2, 2, 2, 2, 2, 2, 2, 3, 3, 3 ],[ 6, 1 ]);
GROU(28,6,[ 2, 2, 2, 2, 2, 2, 2, 2, 2, 2, 2, 3, 3, 3 ],[ 6, 2 ]);
GROU(28,6,[ 2, 2, 2, 2, 2, 2, 2, 2, 2, 2, 2, 2, 3, 6 ],[ 6, 2 ]);
GROU(28,6,[ 2, 2, 2, 2, 2, 2, 2, 2, 2, 2, 2, 2, 2, 2, 2 ],[ 6, 1 ]);
GROU(28,6,[ 2, 2, 2, 2, 2, 2, 2, 2, 2, 2, 2, 2, 2, 2, 2 ],[ 6, 2 ]);
GROU(28,8,[ 2, 4, 4, 4, 4, 8, 8 ],[ 8, 1 ]);
GROU(28,8,[ 2, 2, 4, 8, 8, 8, 8 ],[ 8, 1 ]);
GROU(28,8,[ 2, 2, 2, 4, 4, 4, 4, 4 ],[ 8, 3 ]);
GROU(28,8,[ 2, 2, 2, 4, 4, 4, 4, 4 ],[ 8, 4 ]);
GROU(28,8,[ 2, 2, 2, 2, 4, 4, 8, 8 ],[ 8, 1 ]);
GROU(28,8,[ 2, 2, 2, 2, 2, 2, 4, 4, 4 ],[ 8, 3 ]);
GROU(28,8,[ 2, 2, 2, 2, 2, 2, 4, 4, 4 ],[ 8, 4 ]);
GROU(28,8,[ 2, 2, 2, 2, 2, 2, 2, 8, 8 ],[ 8, 1 ]);
GROU(28,8,[ 2, 2, 2, 2, 2, 2, 2, 2, 2, 4 ],[ 8, 3 ]);
GROU(28,9,[ 2, 3, 3, 9, 9, 9 ],[ 9, 1 ]);
GROU(28,9,[ 2, 3, 3, 3, 3, 3, 3 ],[ 9, 1 ]);
GROU(28,9,[ 2, 3, 3, 3, 3, 3, 3 ],[ 9, 2 ]);
GROU(28,10,[ 2, 5, 5, 10, 10 ],[ 10, 2 ]);
GROU(28,10,[ 2, 2, 2, 5, 5, 5 ],[ 10, 1 ]);
GROU(28,10,[ 2, 2, 2, 5, 5, 5 ],[ 10, 2 ]);
GROU(28,12,[ 2, 6, 6, 6 ],[ 12, 5 ]);
GROU(28,12,[ 2, 4, 6, 12 ],[ 12, 2 ]);
GROU(28,12,[ 2, 3, 12, 12 ],[ 12, 2 ]);
GROU(28,12,[ 2, 2, 3, 3, 3 ],[ 12, 3 ]);
GROU(28,12,[ 2, 2, 2, 4, 4 ],[ 12, 1 ]);
GROU(28,12,[ 2, 2, 2, 4, 4 ],[ 12, 2 ]);
GROU(28,12,[ 2, 2, 2, 3, 6 ],[ 12, 4 ]);
GROU(28,12,[ 2, 2, 2, 3, 6 ],[ 12, 5 ]);
GROU(28,12,[ 2, 2, 2, 2, 2, 2 ],[ 12, 3 ]);
GROU(28,12,[ 2, 2, 2, 2, 2, 2 ],[ 12, 4 ]);
GROU(28,12,[ 2, 2, 2, 2, 2, 2 ],[ 12, 5 ]);
GROU(28,14,[ 2, 14, 14 ],[ 14, 2 ]);
GROU(28,14,[ 2, 2, 2, 7 ],[ 14, 1 ]);
GROU(28,15,[ 2, 5, 5 ],[ 15, 1 ]);
SIGN(28,16,[ 2, 2, 8 ],"all");
GROU(28,18,[ 2, 2, 2 ],[ 18, 1 ]);
GROU(28,18,[ 2, 2, 2 ],[ 18, 2 ]);
GROU(28,18,[ 2, 2, 2 ],[ 18, 3 ]);
GROU(28,18,[ 2, 2, 2 ],[ 18, 4 ]);
GROU(28,18,[ 2, 2, 2 ],[ 18, 5 ]);
GROU(28,27,[ 2 ],[ 27, 1 ]);
GROU(28,27,[ 2 ],[ 27, 2 ]);
GROU(28,27,[ 2 ],[ 27, 3 ]);
GROU(28,27,[ 2 ],[ 27, 4 ]);
GROU(28,27,[ 2 ],[ 27, 5 ]);
GROU(28,2,[ 3, 2, 2, 2, 2, 2, 2, 2, 2, 2, 2, 2, 2, 2, 2, 2, 2, 2, 2, 2, 2, 2, 
  2, 2, 2, 2, 2, 2, 2, 2, 2, 2, 2, 2, 2, 2, 2, 2, 2, 2, 2, 2, 2, 2, 2, 2, 2 ],
[ 2, 1 ]);
GROU(28,3,[ 3, 3, 3, 3, 3, 3, 3, 3, 3, 3, 3, 3, 3, 3, 3, 3, 3, 3, 3, 3, 3, 3 
 ],[ 3, 1 ]);
GROU(28,4,[ 3, 2, 4, 4, 4, 4, 4, 4, 4, 4, 4, 4, 4, 4 ],[ 4, 1 ]);
GROU(28,4,[ 3, 2, 2, 2, 2, 4, 4, 4, 4, 4, 4, 4, 4, 4, 4 ],[ 4, 1 ]);
GROU(28,4,[ 3, 2, 2, 2, 2, 2, 2, 2, 4, 4, 4, 4, 4, 4, 4, 4 ],[ 4, 1 ]);
GROU(28,4,[ 3, 2, 2, 2, 2, 2, 2, 2, 2, 2, 2, 4, 4, 4, 4, 4, 4 ],[ 4, 1 ]);
GROU(28,4,[ 3, 2, 2, 2, 2, 2, 2, 2, 2, 2, 2, 2, 2, 2, 4, 4, 4, 4 ],[ 4, 1 ]);
GROU(28,4,[ 3, 2, 2, 2, 2, 2, 2, 2, 2, 2, 2, 2, 2, 2, 2, 2, 2, 4, 4 ],
[ 4, 1 ]);
GROU(28,4,[ 3, 2, 2, 2, 2, 2, 2, 2, 2, 2, 2, 2, 2, 2, 2, 2, 2, 2, 2, 2 ],
[ 4, 2 ]);
GROU(28,6,[ 3, 6, 6, 6, 6, 6, 6 ],[ 6, 2 ]);
GROU(28,6,[ 3, 3, 3, 3, 3, 3, 6, 6 ],[ 6, 2 ]);
GROU(28,6,[ 3, 2, 3, 3, 3, 6, 6, 6 ],[ 6, 2 ]);
GROU(28,6,[ 3, 2, 2, 3, 6, 6, 6, 6 ],[ 6, 2 ]);
GROU(28,6,[ 3, 2, 2, 3, 3, 3, 3, 3, 3 ],[ 6, 1 ]);
GROU(28,6,[ 3, 2, 2, 3, 3, 3, 3, 3, 3 ],[ 6, 2 ]);
GROU(28,6,[ 3, 2, 2, 2, 3, 3, 3, 3, 6 ],[ 6, 2 ]);
GROU(28,6,[ 3, 2, 2, 2, 2, 3, 3, 6, 6 ],[ 6, 2 ]);
GROU(28,6,[ 3, 2, 2, 2, 2, 2, 6, 6, 6 ],[ 6, 2 ]);
GROU(28,6,[ 3, 2, 2, 2, 2, 2, 2, 3, 3, 3 ],[ 6, 1 ]);
GROU(28,6,[ 3, 2, 2, 2, 2, 2, 2, 3, 3, 3 ],[ 6, 2 ]);
GROU(28,6,[ 3, 2, 2, 2, 2, 2, 2, 2, 3, 6 ],[ 6, 2 ]);
GROU(28,6,[ 3, 2, 2, 2, 2, 2, 2, 2, 2, 2, 2 ],[ 6, 1 ]);
GROU(28,6,[ 3, 2, 2, 2, 2, 2, 2, 2, 2, 2, 2 ],[ 6, 2 ]);
GROU(28,8,[ 3, 2, 4, 4, 4 ],[ 8, 4 ]);
GROU(28,8,[ 3, 2, 2, 8, 8 ],[ 8, 1 ]);
GROU(28,8,[ 3, 2, 2, 2, 2, 4 ],[ 8, 3 ]);
GROU(28,9,[ 3, 3, 3, 3 ],[ 9, 1 ]);
GROU(28,9,[ 3, 3, 3, 3 ],[ 9, 2 ]);
GROU(28,12,[ 3, 2 ],[ 12, 3 ]);
GROU(28,2,[ 4, 2, 2, 2, 2, 2, 2, 2, 2, 2, 2, 2, 2, 2, 2, 2, 2, 2, 2, 2, 2, 2, 
  2, 2, 2, 2, 2, 2, 2, 2, 2, 2, 2, 2, 2, 2, 2, 2, 2, 2, 2, 2, 2 ],[ 2, 1 ]);
GROU(28,3,[ 4, 3, 3, 3, 3, 3, 3, 3, 3, 3, 3, 3, 3, 3, 3, 3, 3, 3, 3 ],
[ 3, 1 ]);
GROU(28,4,[ 4, 4, 4, 4, 4, 4, 4, 4, 4, 4, 4 ],[ 4, 1 ]);
GROU(28,4,[ 4, 2, 2, 2, 4, 4, 4, 4, 4, 4, 4, 4 ],[ 4, 1 ]);
GROU(28,4,[ 4, 2, 2, 2, 2, 2, 2, 4, 4, 4, 4, 4, 4 ],[ 4, 1 ]);
GROU(28,4,[ 4, 2, 2, 2, 2, 2, 2, 2, 2, 2, 4, 4, 4, 4 ],[ 4, 1 ]);
GROU(28,4,[ 4, 2, 2, 2, 2, 2, 2, 2, 2, 2, 2, 2, 2, 4, 4 ],[ 4, 1 ]);
GROU(28,4,[ 4, 2, 2, 2, 2, 2, 2, 2, 2, 2, 2, 2, 2, 2, 2, 2 ],[ 4, 2 ]);
GROU(28,5,[ 4, 5, 5, 5, 5, 5, 5 ],[ 5, 1 ]);
GROU(28,6,[ 4, 3, 3, 6, 6 ],[ 6, 2 ]);
GROU(28,6,[ 4, 2, 6, 6, 6 ],[ 6, 2 ]);
GROU(28,6,[ 4, 2, 2, 3, 3, 3 ],[ 6, 1 ]);
GROU(28,6,[ 4, 2, 2, 3, 3, 3 ],[ 6, 2 ]);
GROU(28,6,[ 4, 2, 2, 2, 3, 6 ],[ 6, 2 ]);
GROU(28,6,[ 4, 2, 2, 2, 2, 2, 2 ],[ 6, 1 ]);
GROU(28,6,[ 4, 2, 2, 2, 2, 2, 2 ],[ 6, 2 ]);
GROU(28,7,[ 4, 7, 7 ],[ 7, 1 ]);
GROU(28,9,[ 4 ],[ 9, 1 ]);
GROU(28,9,[ 4 ],[ 9, 2 ]);
GROU(28,2,[ 5, 2, 2, 2, 2, 2, 2, 2, 2, 2, 2, 2, 2, 2, 2, 2, 2, 2, 2, 2, 2, 2, 
  2, 2, 2, 2, 2, 2, 2, 2, 2, 2, 2, 2, 2, 2, 2, 2, 2 ],[ 2, 1 ]);
GROU(28,3,[ 5, 3, 3, 3, 3, 3, 3, 3, 3, 3, 3, 3, 3, 3, 3, 3 ],[ 3, 1 ]);
GROU(28,4,[ 5, 2, 2, 4, 4, 4, 4, 4, 4 ],[ 4, 1 ]);
GROU(28,4,[ 5, 2, 2, 2, 2, 2, 4, 4, 4, 4 ],[ 4, 1 ]);
GROU(28,4,[ 5, 2, 2, 2, 2, 2, 2, 2, 2, 4, 4 ],[ 4, 1 ]);
GROU(28,4,[ 5, 2, 2, 2, 2, 2, 2, 2, 2, 2, 2, 2 ],[ 4, 2 ]);
GROU(28,6,[ 5, 2, 2 ],[ 6, 1 ]);
GROU(28,6,[ 5, 2, 2 ],[ 6, 2 ]);
GROU(28,2,[ 6, 2, 2, 2, 2, 2, 2, 2, 2, 2, 2, 2, 2, 2, 2, 2, 2, 2, 2, 2, 2, 2, 
  2, 2, 2, 2, 2, 2, 2, 2, 2, 2, 2, 2, 2 ],[ 2, 1 ]);
GROU(28,3,[ 6, 3, 3, 3, 3, 3, 3, 3, 3, 3, 3, 3, 3 ],[ 3, 1 ]);
GROU(28,4,[ 6, 2, 4, 4, 4, 4 ],[ 4, 1 ]);
GROU(28,4,[ 6, 2, 2, 2, 2, 4, 4 ],[ 4, 1 ]);
GROU(28,4,[ 6, 2, 2, 2, 2, 2, 2, 2 ],[ 4, 2 ]);
GROU(28,2,[ 7, 2, 2, 2, 2, 2, 2, 2, 2, 2, 2, 2, 2, 2, 2, 2, 2, 2, 2, 2, 2, 2, 
  2, 2, 2, 2, 2, 2, 2, 2, 2 ],[ 2, 1 ]);
GROU(28,3,[ 7, 3, 3, 3, 3, 3, 3, 3, 3, 3 ],[ 3, 1 ]);
GROU(28,4,[ 7, 4, 4 ],[ 4, 1 ]);
GROU(28,4,[ 7, 2, 2, 2 ],[ 4, 2 ]);
GROU(28,2,[ 8, 2, 2, 2, 2, 2, 2, 2, 2, 2, 2, 2, 2, 2, 2, 2, 2, 2, 2, 2, 2, 2, 
  2, 2, 2, 2, 2 ],[ 2, 1 ]);
GROU(28,3,[ 8, 3, 3, 3, 3, 3, 3 ],[ 3, 1 ]);
GROU(28,2,[ 9, 2, 2, 2, 2, 2, 2, 2, 2, 2, 2, 2, 2, 2, 2, 2, 2, 2, 2, 2, 2, 2, 
  2 ],[ 2, 1 ]);
GROU(28,3,[ 9, 3, 3, 3 ],[ 3, 1 ]);
GROU(28,2,[ 10, 2, 2, 2, 2, 2, 2, 2, 2, 2, 2, 2, 2, 2, 2, 2, 2, 2, 2 ],
[ 2, 1 ]);
GROU(28,3,[ 10 ],[ 3, 1 ]);
GROU(28,2,[ 11, 2, 2, 2, 2, 2, 2, 2, 2, 2, 2, 2, 2, 2, 2 ],[ 2, 1 ]);
GROU(28,2,[ 12, 2, 2, 2, 2, 2, 2, 2, 2, 2, 2 ],[ 2, 1 ]);
GROU(28,2,[ 13, 2, 2, 2, 2, 2, 2 ],[ 2, 1 ]);
GROU(28,2,[ 14, 2, 2 ],[ 2, 1 ]);
GROU(28,1,[ 28 ],[ 1, 1 ]);
