GROU(16,2,[ 0, 2, 2, 2, 2, 2, 2, 2, 2, 2, 2, 2, 2, 2, 2, 2, 2, 2, 2, 2, 2, 2, 
  2, 2, 2, 2, 2, 2, 2, 2, 2, 2, 2, 2, 2 ],[ 2, 1 ]);
GROU(16,3,[ 0, 3, 3, 3, 3, 3, 3, 3, 3, 3, 3, 3, 3, 3, 3, 3, 3, 3, 3 ],
[ 3, 1 ]);
GROU(16,4,[ 0, 2, 4, 4, 4, 4, 4, 4, 4, 4, 4, 4, 4, 4 ],[ 4, 1 ]);
GROU(16,4,[ 0, 2, 2, 2, 2, 4, 4, 4, 4, 4, 4, 4, 4, 4, 4 ],[ 4, 1 ]);
GROU(16,4,[ 0, 2, 2, 2, 2, 2, 2, 2, 4, 4, 4, 4, 4, 4, 4, 4 ],[ 4, 1 ]);
GROU(16,4,[ 0, 2, 2, 2, 2, 2, 2, 2, 2, 2, 2, 4, 4, 4, 4, 4, 4 ],[ 4, 1 ]);
GROU(16,4,[ 0, 2, 2, 2, 2, 2, 2, 2, 2, 2, 2, 2, 2, 2, 4, 4, 4, 4 ],[ 4, 1 ]);
GROU(16,4,[ 0, 2, 2, 2, 2, 2, 2, 2, 2, 2, 2, 2, 2, 2, 2, 2, 2, 4, 4 ],
[ 4, 1 ]);
GROU(16,4,[ 0, 2, 2, 2, 2, 2, 2, 2, 2, 2, 2, 2, 2, 2, 2, 2, 2, 2, 2, 2 ],
[ 4, 2 ]);
GROU(16,5,[ 0, 5, 5, 5, 5, 5, 5, 5, 5, 5, 5 ],[ 5, 1 ]);
GROU(16,6,[ 0, 3, 3, 3, 6, 6, 6, 6, 6, 6 ],[ 6, 2 ]);
GROU(16,6,[ 0, 3, 3, 3, 3, 3, 3, 3, 3, 6, 6 ],[ 6, 2 ]);
GROU(16,6,[ 0, 2, 3, 6, 6, 6, 6, 6, 6, 6 ],[ 6, 2 ]);
GROU(16,6,[ 0, 2, 3, 3, 3, 3, 3, 3, 6, 6, 6 ],[ 6, 2 ]);
GROU(16,6,[ 0, 2, 2, 3, 3, 3, 3, 6, 6, 6, 6 ],[ 6, 2 ]);
GROU(16,6,[ 0, 2, 2, 3, 3, 3, 3, 3, 3, 3, 3, 3 ],[ 6, 1 ]);
GROU(16,6,[ 0, 2, 2, 3, 3, 3, 3, 3, 3, 3, 3, 3 ],[ 6, 2 ]);
GROU(16,6,[ 0, 2, 2, 2, 3, 3, 6, 6, 6, 6, 6 ],[ 6, 2 ]);
GROU(16,6,[ 0, 2, 2, 2, 3, 3, 3, 3, 3, 3, 3, 6 ],[ 6, 2 ]);
GROU(16,6,[ 0, 2, 2, 2, 2, 6, 6, 6, 6, 6, 6 ],[ 6, 2 ]);
GROU(16,6,[ 0, 2, 2, 2, 2, 3, 3, 3, 3, 3, 6, 6 ],[ 6, 2 ]);
GROU(16,6,[ 0, 2, 2, 2, 2, 2, 3, 3, 3, 6, 6, 6 ],[ 6, 2 ]);
GROU(16,6,[ 0, 2, 2, 2, 2, 2, 2, 3, 6, 6, 6, 6 ],[ 6, 2 ]);
GROU(16,6,[ 0, 2, 2, 2, 2, 2, 2, 3, 3, 3, 3, 3, 3 ],[ 6, 1 ]);
GROU(16,6,[ 0, 2, 2, 2, 2, 2, 2, 3, 3, 3, 3, 3, 3 ],[ 6, 2 ]);
GROU(16,6,[ 0, 2, 2, 2, 2, 2, 2, 2, 3, 3, 3, 3, 6 ],[ 6, 2 ]);
GROU(16,6,[ 0, 2, 2, 2, 2, 2, 2, 2, 2, 3, 3, 6, 6 ],[ 6, 2 ]);
GROU(16,6,[ 0, 2, 2, 2, 2, 2, 2, 2, 2, 2, 6, 6, 6 ],[ 6, 2 ]);
GROU(16,6,[ 0, 2, 2, 2, 2, 2, 2, 2, 2, 2, 2, 3, 3, 3 ],[ 6, 1 ]);
GROU(16,6,[ 0, 2, 2, 2, 2, 2, 2, 2, 2, 2, 2, 3, 3, 3 ],[ 6, 2 ]);
GROU(16,6,[ 0, 2, 2, 2, 2, 2, 2, 2, 2, 2, 2, 2, 3, 6 ],[ 6, 2 ]);
GROU(16,6,[ 0, 2, 2, 2, 2, 2, 2, 2, 2, 2, 2, 2, 2, 2, 2 ],[ 6, 1 ]);
GROU(16,8,[ 0, 4, 4, 4, 8, 8, 8, 8 ],[ 8, 1 ]);
GROU(16,8,[ 0, 2, 8, 8, 8, 8, 8, 8 ],[ 8, 1 ]);
GROU(16,8,[ 0, 2, 4, 4, 4, 4, 4, 4, 4 ],[ 8, 4 ]);
GROU(16,8,[ 0, 2, 2, 4, 4, 4, 4, 8, 8 ],[ 8, 1 ]);
GROU(16,8,[ 0, 2, 2, 2, 4, 8, 8, 8, 8 ],[ 8, 1 ]);
GROU(16,8,[ 0, 2, 2, 2, 2, 4, 4, 4, 4, 4 ],[ 8, 3 ]);
GROU(16,8,[ 0, 2, 2, 2, 2, 4, 4, 4, 4, 4 ],[ 8, 4 ]);
GROU(16,8,[ 0, 2, 2, 2, 2, 2, 4, 4, 8, 8 ],[ 8, 1 ]);
GROU(16,8,[ 0, 2, 2, 2, 2, 2, 2, 2, 4, 4, 4 ],[ 8, 3 ]);
GROU(16,8,[ 0, 2, 2, 2, 2, 2, 2, 2, 4, 4, 4 ],[ 8, 4 ]);
GROU(16,8,[ 0, 2, 2, 2, 2, 2, 2, 2, 2, 8, 8 ],[ 8, 1 ]);
GROU(16,8,[ 0, 2, 2, 2, 2, 2, 2, 2, 2, 2, 2, 4 ],[ 8, 3 ]);
GROU(16,9,[ 0, 9, 9, 9, 9, 9, 9 ],[ 9, 1 ]);
GROU(16,9,[ 0, 3, 3, 3, 3, 9, 9, 9 ],[ 9, 1 ]);
GROU(16,9,[ 0, 3, 3, 3, 3, 3, 3, 3, 3 ],[ 9, 2 ]);
GROU(16,10,[ 0, 5, 5, 5, 5, 10, 10 ],[ 10, 2 ]);
GROU(16,10,[ 0, 2, 10, 10, 10, 10, 10 ],[ 10, 2 ]);
GROU(16,10,[ 0, 2, 2, 5, 5, 5, 5, 5 ],[ 10, 1 ]);
GROU(16,10,[ 0, 2, 2, 5, 5, 5, 5, 5 ],[ 10, 2 ]);
GROU(16,10,[ 0, 2, 2, 2, 5, 10, 10, 10 ],[ 10, 2 ]);
GROU(16,10,[ 0, 2, 2, 2, 2, 2, 5, 5, 10 ],[ 10, 2 ]);
GROU(16,10,[ 0, 2, 2, 2, 2, 2, 2, 2, 2, 2, 2 ],[ 10, 1 ]);
GROU(16,12,[ 0, 6, 12, 12, 12, 12 ],[ 12, 2 ]);
GROU(16,12,[ 0, 4, 4, 4, 4, 4, 4 ],[ 12, 1 ]);
GROU(16,12,[ 0, 3, 4, 4, 4, 4, 6 ],[ 12, 1 ]);
GROU(16,12,[ 0, 3, 4, 4, 4, 4, 6 ],[ 12, 2 ]);
GROU(16,12,[ 0, 3, 3, 4, 4, 6, 6 ],[ 12, 1 ]);
GROU(16,12,[ 0, 3, 3, 4, 4, 6, 6 ],[ 12, 2 ]);
GROU(16,12,[ 0, 3, 3, 4, 4, 4, 12 ],[ 12, 2 ]);
GROU(16,12,[ 0, 3, 3, 3, 6, 6, 6 ],[ 12, 5 ]);
GROU(16,12,[ 0, 3, 3, 3, 4, 6, 12 ],[ 12, 2 ]);
GROU(16,12,[ 0, 3, 3, 3, 3, 12, 12 ],[ 12, 2 ]);
GROU(16,12,[ 0, 2, 4, 4, 6, 6, 6 ],[ 12, 1 ]);
GROU(16,12,[ 0, 2, 4, 4, 6, 6, 6 ],[ 12, 2 ]);
GROU(16,12,[ 0, 2, 4, 4, 4, 6, 12 ],[ 12, 2 ]);
GROU(16,12,[ 0, 2, 3, 6, 6, 6, 6 ],[ 12, 5 ]);
GROU(16,12,[ 0, 2, 3, 4, 6, 6, 12 ],[ 12, 2 ]);
GROU(16,12,[ 0, 2, 3, 4, 4, 12, 12 ],[ 12, 2 ]);
GROU(16,12,[ 0, 2, 3, 3, 6, 12, 12 ],[ 12, 2 ]);
GROU(16,12,[ 0, 2, 3, 3, 3, 3, 3, 3 ],[ 12, 3 ]);
GROU(16,12,[ 0, 2, 2, 6, 6, 12, 12 ],[ 12, 2 ]);
GROU(16,12,[ 0, 2, 2, 4, 12, 12, 12 ],[ 12, 2 ]);
GROU(16,12,[ 0, 2, 2, 3, 3, 3, 4, 4 ],[ 12, 1 ]);
GROU(16,12,[ 0, 2, 2, 3, 3, 3, 4, 4 ],[ 12, 2 ]);
GROU(16,12,[ 0, 2, 2, 3, 3, 3, 3, 6 ],[ 12, 4 ]);
GROU(16,12,[ 0, 2, 2, 3, 3, 3, 3, 6 ],[ 12, 5 ]);
GROU(16,12,[ 0, 2, 2, 2, 4, 4, 4, 4 ],[ 12, 1 ]);
GROU(16,12,[ 0, 2, 2, 2, 3, 4, 4, 6 ],[ 12, 1 ]);
GROU(16,12,[ 0, 2, 2, 2, 3, 4, 4, 6 ],[ 12, 2 ]);
GROU(16,12,[ 0, 2, 2, 2, 3, 3, 6, 6 ],[ 12, 4 ]);
GROU(16,12,[ 0, 2, 2, 2, 3, 3, 6, 6 ],[ 12, 5 ]);
GROU(16,12,[ 0, 2, 2, 2, 3, 3, 4, 12 ],[ 12, 2 ]);
GROU(16,12,[ 0, 2, 2, 2, 2, 6, 6, 6 ],[ 12, 4 ]);
GROU(16,12,[ 0, 2, 2, 2, 2, 6, 6, 6 ],[ 12, 5 ]);
GROU(16,12,[ 0, 2, 2, 2, 2, 4, 6, 12 ],[ 12, 2 ]);
GROU(16,12,[ 0, 2, 2, 2, 2, 3, 12, 12 ],[ 12, 2 ]);
GROU(16,12,[ 0, 2, 2, 2, 2, 2, 3, 3, 3 ],[ 12, 3 ]);
GROU(16,12,[ 0, 2, 2, 2, 2, 2, 3, 3, 3 ],[ 12, 4 ]);
GROU(16,12,[ 0, 2, 2, 2, 2, 2, 3, 3, 3 ],[ 12, 5 ]);
SIGN(16,12,[ 0, 2, 2, 2, 2, 2, 2, 4, 4 ],"all");
GROU(16,12,[ 0, 2, 2, 2, 2, 2, 2, 3, 6 ],[ 12, 4 ]);
GROU(16,12,[ 0, 2, 2, 2, 2, 2, 2, 3, 6 ],[ 12, 5 ]);
GROU(16,12,[ 0, 2, 2, 2, 2, 2, 2, 2, 2, 2 ],[ 12, 4 ]);
GROU(16,14,[ 0, 2, 7, 14, 14, 14 ],[ 14, 2 ]);
GROU(16,14,[ 0, 2, 2, 2, 7, 7, 14 ],[ 14, 2 ]);
GROU(16,15,[ 0, 3, 5, 5, 5, 15 ],[ 15, 1 ]);
GROU(16,15,[ 0, 3, 3, 5, 15, 15 ],[ 15, 1 ]);
GROU(16,16,[ 0, 4, 4, 4, 4, 8 ],[ 16, 9 ]);
GROU(16,16,[ 0, 2, 4, 8, 8, 8 ],[ 16, 8 ]);
GROU(16,16,[ 0, 2, 4, 4, 16, 16 ],[ 16, 1 ]);
GROU(16,16,[ 0, 2, 2, 2, 4, 4, 8 ],[ 16, 7 ]);
GROU(16,16,[ 0, 2, 2, 2, 4, 4, 8 ],[ 16, 8 ]);
GROU(16,16,[ 0, 2, 2, 2, 4, 4, 8 ],[ 16, 9 ]);
GROU(16,16,[ 0, 2, 2, 2, 2, 16, 16 ],[ 16, 1 ]);
GROU(16,16,[ 0, 2, 2, 2, 2, 2, 2, 8 ],[ 16, 7 ]);
GROU(16,17,[ 0, 17, 17, 17, 17 ],[ 17, 1 ]);
GROU(16,18,[ 0, 9, 9, 18, 18 ],[ 18, 2 ]);
GROU(16,18,[ 0, 6, 18, 18, 18 ],[ 18, 2 ]);
GROU(16,18,[ 0, 3, 3, 3, 6, 6 ],[ 18, 3 ]);
GROU(16,18,[ 0, 3, 3, 3, 6, 6 ],[ 18, 5 ]);
GROU(16,18,[ 0, 2, 3, 6, 6, 6 ],[ 18, 3 ]);
GROU(16,18,[ 0, 2, 3, 6, 6, 6 ],[ 18, 5 ]);
GROU(16,18,[ 0, 2, 3, 3, 9, 18 ],[ 18, 2 ]);
GROU(16,18,[ 0, 2, 2, 9, 9, 9 ],[ 18, 1 ]);
GROU(16,18,[ 0, 2, 2, 9, 9, 9 ],[ 18, 2 ]);
GROU(16,18,[ 0, 2, 2, 6, 9, 18 ],[ 18, 2 ]);
GROU(16,18,[ 0, 2, 2, 3, 3, 3, 3 ],[ 18, 3 ]);
GROU(16,18,[ 0, 2, 2, 3, 3, 3, 3 ],[ 18, 4 ]);
GROU(16,18,[ 0, 2, 2, 3, 3, 3, 3 ],[ 18, 5 ]);
GROU(16,18,[ 0, 2, 2, 2, 3, 3, 6 ],[ 18, 3 ]);
GROU(16,18,[ 0, 2, 2, 2, 3, 3, 6 ],[ 18, 5 ]);
GROU(16,18,[ 0, 2, 2, 2, 2, 6, 6 ],[ 18, 3 ]);
GROU(16,18,[ 0, 2, 2, 2, 2, 2, 2, 3 ],[ 18, 1 ]);
GROU(16,18,[ 0, 2, 2, 2, 2, 2, 2, 3 ],[ 18, 4 ]);
GROU(16,20,[ 0, 5, 10, 10, 10 ],[ 20, 5 ]);
GROU(16,20,[ 0, 5, 5, 20, 20 ],[ 20, 2 ]);
GROU(16,20,[ 0, 4, 10, 10, 20 ],[ 20, 2 ]);
GROU(16,20,[ 0, 2, 4, 4, 4, 4 ],[ 20, 1 ]);
GROU(16,20,[ 0, 2, 4, 4, 4, 4 ],[ 20, 3 ]);
GROU(16,20,[ 0, 2, 2, 5, 5, 10 ],[ 20, 4 ]);
GROU(16,20,[ 0, 2, 2, 5, 5, 10 ],[ 20, 5 ]);
GROU(16,20,[ 0, 2, 2, 4, 5, 20 ],[ 20, 2 ]);
GROU(16,20,[ 0, 2, 2, 2, 2, 4, 4 ],[ 20, 3 ]);
GROU(16,20,[ 0, 2, 2, 2, 2, 2, 2, 2 ],[ 20, 4 ]);
GROU(16,21,[ 0, 3, 7, 21, 21 ],[ 21, 2 ]);
GROU(16,22,[ 0, 2, 22, 22, 22 ],[ 22, 2 ]);
GROU(16,22,[ 0, 2, 2, 2, 11, 22 ],[ 22, 2 ]);
GROU(16,24,[ 0, 4, 6, 6, 6 ],[ 24, 3 ]);
GROU(16,24,[ 0, 4, 6, 6, 6 ],[ 24, 10 ]);
SIGN(16,24,[ 0, 4, 4, 8, 8 ],"all");
GROU(16,24,[ 0, 4, 4, 6, 12 ],[ 24, 4 ]);
GROU(16,24,[ 0, 4, 4, 6, 12 ],[ 24, 11 ]);
GROU(16,24,[ 0, 3, 6, 8, 8 ],[ 24, 1 ]);
GROU(16,24,[ 0, 3, 6, 8, 8 ],[ 24, 2 ]);
GROU(16,24,[ 0, 3, 6, 6, 12 ],[ 24, 10 ]);
GROU(16,24,[ 0, 3, 4, 12, 12 ],[ 24, 11 ]);
GROU(16,24,[ 0, 3, 4, 8, 24 ],[ 24, 2 ]);
GROU(16,24,[ 0, 3, 3, 24, 24 ],[ 24, 2 ]);
GROU(16,24,[ 0, 2, 12, 12, 12 ],[ 24, 11 ]);
GROU(16,24,[ 0, 2, 8, 12, 24 ],[ 24, 2 ]);
GROU(16,24,[ 0, 2, 6, 24, 24 ],[ 24, 2 ]);
GROU(16,24,[ 0, 2, 3, 3, 3, 4 ],[ 24, 3 ]);
GROU(16,24,[ 0, 2, 3, 3, 3, 4 ],[ 24, 12 ]);
GROU(16,24,[ 0, 2, 2, 4, 4, 4 ],[ 24, 8 ]);
GROU(16,24,[ 0, 2, 2, 4, 4, 4 ],[ 24, 12 ]);
GROU(16,24,[ 0, 2, 2, 3, 4, 6 ],[ 24, 3 ]);
GROU(16,24,[ 0, 2, 2, 3, 4, 6 ],[ 24, 6 ]);
GROU(16,24,[ 0, 2, 2, 3, 4, 6 ],[ 24, 8 ]);
GROU(16,24,[ 0, 2, 2, 3, 4, 6 ],[ 24, 10 ]);
GROU(16,24,[ 0, 2, 2, 3, 3, 12 ],[ 24, 6 ]);
GROU(16,24,[ 0, 2, 2, 3, 3, 12 ],[ 24, 10 ]);
SIGN(16,24,[ 0, 2, 2, 2, 8, 8 ],"all");
GROU(16,24,[ 0, 2, 2, 2, 6, 12 ],[ 24, 6 ]);
GROU(16,24,[ 0, 2, 2, 2, 6, 12 ],[ 24, 10 ]);
GROU(16,24,[ 0, 2, 2, 2, 2, 2, 4 ],[ 24, 6 ]);
GROU(16,24,[ 0, 2, 2, 2, 2, 2, 4 ],[ 24, 8 ]);
GROU(16,24,[ 0, 2, 2, 2, 2, 2, 4 ],[ 24, 12 ]);
GROU(16,25,[ 0, 5, 5, 5, 5 ],[ 25, 2 ]);
GROU(16,27,[ 0, 3, 3, 9, 9 ],[ 27, 2 ]);
GROU(16,27,[ 0, 3, 3, 9, 9 ],[ 27, 4 ]);
GROU(16,28,[ 0, 2, 4, 7, 28 ],[ 28, 2 ]);
GROU(16,30,[ 0, 2, 6, 6, 6 ],[ 30, 2 ]);
GROU(16,30,[ 0, 2, 3, 10, 15 ],[ 30, 1 ]);
GROU(16,30,[ 0, 2, 3, 10, 15 ],[ 30, 4 ]);
GROU(16,30,[ 0, 2, 2, 2, 3, 6 ],[ 30, 2 ]);
GROU(16,30,[ 0, 2, 2, 2, 2, 2, 2 ],[ 30, 3 ]);
GROU(16,32,[ 0, 2, 4, 4, 16 ],[ 32, 19 ]);
GROU(16,32,[ 0, 2, 4, 4, 16 ],[ 32, 20 ]);
GROU(16,32,[ 0, 2, 2, 32, 32 ],[ 32, 1 ]);
GROU(16,32,[ 0, 2, 2, 2, 2, 16 ],[ 32, 18 ]);
GROU(16,33,[ 0, 33, 33, 33 ],[ 33, 1 ]);
GROU(16,34,[ 0, 17, 34, 34 ],[ 34, 2 ]);
GROU(16,34,[ 0, 2, 2, 17, 17 ],[ 34, 1 ]);
GROU(16,34,[ 0, 2, 2, 17, 17 ],[ 34, 2 ]);
GROU(16,36,[ 0, 18, 18, 18 ],[ 36, 5 ]);
GROU(16,36,[ 0, 12, 18, 36 ],[ 36, 2 ]);
GROU(16,36,[ 0, 9, 36, 36 ],[ 36, 2 ]);
GROU(16,36,[ 0, 3, 3, 4, 4 ],[ 36, 6 ]);
GROU(16,36,[ 0, 3, 3, 4, 4 ],[ 36, 7 ]);
GROU(16,36,[ 0, 3, 3, 4, 4 ],[ 36, 9 ]);
GROU(16,36,[ 0, 3, 3, 3, 6 ],[ 36, 11 ]);
SIGN(16,36,[ 0, 2, 4, 4, 6 ],"all");
GROU(16,36,[ 0, 2, 3, 6, 6 ],[ 36, 10 ]);
GROU(16,36,[ 0, 2, 3, 6, 6 ],[ 36, 12 ]);
GROU(16,36,[ 0, 2, 3, 6, 6 ],[ 36, 14 ]);
GROU(16,36,[ 0, 2, 3, 4, 12 ],[ 36, 6 ]);
SIGN(16,36,[ 0, 2, 2, 12, 12 ],"all");
GROU(16,36,[ 0, 2, 2, 9, 18 ],[ 36, 4 ]);
GROU(16,36,[ 0, 2, 2, 9, 18 ],[ 36, 5 ]);
GROU(16,36,[ 0, 2, 2, 2, 3, 3 ],[ 36, 10 ]);
GROU(16,36,[ 0, 2, 2, 2, 3, 3 ],[ 36, 12 ]);
GROU(16,36,[ 0, 2, 2, 2, 3, 3 ],[ 36, 13 ]);
GROU(16,36,[ 0, 2, 2, 2, 2, 6 ],[ 36, 4 ]);
GROU(16,36,[ 0, 2, 2, 2, 2, 6 ],[ 36, 10 ]);
GROU(16,36,[ 0, 2, 2, 2, 2, 6 ],[ 36, 13 ]);
GROU(16,40,[ 0, 10, 10, 20 ],[ 40, 10 ]);
GROU(16,40,[ 0, 8, 10, 40 ],[ 40, 2 ]);
GROU(16,40,[ 0, 5, 40, 40 ],[ 40, 2 ]);
SIGN(16,40,[ 0, 2, 4, 4, 4 ],"all");
SIGN(16,40,[ 0, 2, 2, 8, 8 ],"all");
GROU(16,40,[ 0, 2, 2, 5, 20 ],[ 40, 6 ]);
GROU(16,40,[ 0, 2, 2, 5, 20 ],[ 40, 10 ]);
GROU(16,40,[ 0, 2, 2, 2, 2, 4 ],[ 40, 6 ]);
GROU(16,40,[ 0, 2, 2, 2, 2, 4 ],[ 40, 8 ]);
GROU(16,42,[ 0, 6, 14, 21 ],[ 42, 6 ]);
GROU(16,44,[ 0, 4, 22, 44 ],[ 44, 2 ]);
GROU(16,45,[ 0, 5, 9, 45 ],[ 45, 1 ]);
GROU(16,48,[ 0, 6, 8, 12 ],[ 48, 26 ]);
GROU(16,48,[ 0, 6, 6, 24 ],[ 48, 25 ]);
GROU(16,48,[ 0, 4, 12, 24 ],[ 48, 27 ]);
GROU(16,48,[ 0, 3, 48, 48 ],[ 48, 2 ]);
SIGN(16,48,[ 0, 2, 2, 4, 8 ],"all");
GROU(16,48,[ 0, 2, 2, 3, 24 ],[ 48, 7 ]);
GROU(16,48,[ 0, 2, 2, 3, 24 ],[ 48, 25 ]);
GROU(16,50,[ 0, 5, 10, 10 ],[ 50, 3 ]);
GROU(16,50,[ 0, 5, 10, 10 ],[ 50, 5 ]);
GROU(16,50,[ 0, 2, 2, 5, 5 ],[ 50, 3 ]);
GROU(16,50,[ 0, 2, 2, 5, 5 ],[ 50, 4 ]);
GROU(16,51,[ 0, 3, 17, 51 ],[ 51, 1 ]);
GROU(16,54,[ 0, 6, 6, 9 ],[ 54, 3 ]);
GROU(16,54,[ 0, 6, 6, 9 ],[ 54, 6 ]);
GROU(16,54,[ 0, 3, 18, 18 ],[ 54, 4 ]);
GROU(16,54,[ 0, 3, 18, 18 ],[ 54, 9 ]);
GROU(16,54,[ 0, 3, 18, 18 ],[ 54, 11 ]);
GROU(16,54,[ 0, 2, 2, 3, 9 ],[ 54, 3 ]);
GROU(16,54,[ 0, 2, 2, 3, 9 ],[ 54, 6 ]);
GROU(16,54,[ 0, 2, 2, 3, 9 ],[ 54, 7 ]);
SIGN(16,56,[ 0, 4, 7, 14 ],"all");
SIGN(16,60,[ 0, 6, 6, 6 ],"nonsolvable");
SIGN(16,60,[ 0, 5, 5, 10 ],"nonsolvable");
GROU(16,60,[ 0, 4, 6, 12 ],[ 60, 6 ]);
SIGN(16,60,[ 0, 4, 5, 20 ],"nonsolvable");
SIGN(16,60,[ 0, 3, 12, 12 ],"nonsolvable");
GROU(16,60,[ 0, 3, 10, 15 ],[ 60, 9 ]);
GROU(16,60,[ 0, 2, 3, 3, 3 ],[ 60, 5 ]);
SIGN(16,60,[ 0, 2, 2, 4, 4 ],"all");
SIGN(16,60,[ 0, 2, 2, 3, 6 ],"nonsolvable");
GROU(16,60,[ 0, 2, 2, 2, 2, 2 ],[ 60, 5 ]);
GROU(16,60,[ 0, 2, 2, 2, 2, 2 ],[ 60, 8 ]);
GROU(16,60,[ 0, 2, 2, 2, 2, 2 ],[ 60, 12 ]);
GROU(16,64,[ 0, 4, 4, 32 ],[ 64, 54 ]);
GROU(16,64,[ 0, 2, 64, 64 ],[ 64, 1 ]);
GROU(16,64,[ 0, 2, 2, 2, 32 ],[ 64, 52 ]);
GROU(16,66,[ 0, 2, 33, 66 ],[ 66, 4 ]);
GROU(16,68,[ 0, 4, 4, 17 ],[ 68, 1 ]);
GROU(16,68,[ 0, 4, 4, 17 ],[ 68, 3 ]);
GROU(16,68,[ 0, 2, 34, 34 ],[ 68, 5 ]);
GROU(16,68,[ 0, 2, 2, 2, 17 ],[ 68, 4 ]);
GROU(16,72,[ 0, 4, 6, 6 ],[ 72, 22 ]);
GROU(16,72,[ 0, 4, 6, 6 ],[ 72, 30 ]);
GROU(16,72,[ 0, 4, 6, 6 ],[ 72, 40 ]);
SIGN(16,72,[ 0, 4, 4, 12 ],"all");
GROU(16,72,[ 0, 3, 8, 8 ],[ 72, 19 ]);
GROU(16,72,[ 0, 3, 8, 8 ],[ 72, 39 ]);
GROU(16,72,[ 0, 3, 6, 12 ],[ 72, 25 ]);
GROU(16,72,[ 0, 3, 6, 12 ],[ 72, 42 ]);
SIGN(16,72,[ 0, 2, 24, 24 ],"all");
GROU(16,72,[ 0, 2, 18, 36 ],[ 72, 10 ]);
GROU(16,72,[ 0, 2, 2, 3, 4 ],[ 72, 22 ]);
GROU(16,72,[ 0, 2, 2, 3, 4 ],[ 72, 23 ]);
GROU(16,72,[ 0, 2, 2, 3, 4 ],[ 72, 40 ]);
SIGN(16,72,[ 0, 2, 2, 2, 12 ],"all");
SIGN(16,75,[ 0, 3, 5, 15 ],"all");
SIGN(16,80,[ 0, 4, 4, 8 ],"all");
SIGN(16,80,[ 0, 2, 16, 16 ],"all");
GROU(16,80,[ 0, 2, 10, 40 ],[ 80, 25 ]);
SIGN(16,80,[ 0, 2, 2, 2, 8 ],"all");
GROU(16,96,[ 0, 2, 6, 48 ],[ 96, 61 ]);
GROU(16,100,[ 0, 4, 4, 5 ],[ 100, 10 ]);
GROU(16,100,[ 0, 4, 4, 5 ],[ 100, 12 ]);
GROU(16,100,[ 0, 2, 10, 10 ],[ 100, 13 ]);
GROU(16,100,[ 0, 2, 10, 10 ],[ 100, 14 ]);
GROU(16,100,[ 0, 2, 2, 2, 5 ],[ 100, 13 ]);
SIGN(16,108,[ 0, 3, 3, 18 ],"all");
SIGN(16,108,[ 0, 2, 9, 9 ],"all");
GROU(16,108,[ 0, 2, 6, 18 ],[ 108, 16 ]);
GROU(16,108,[ 0, 2, 6, 18 ],[ 108, 23 ]);
GROU(16,108,[ 0, 2, 6, 18 ],[ 108, 26 ]);
SIGN(16,120,[ 0, 4, 4, 4 ],"nonsolvable");
GROU(16,120,[ 0, 3, 4, 6 ],[ 120, 34 ]);
SIGN(16,120,[ 0, 3, 3, 12 ],"nonsolvable");
SIGN(16,120,[ 0, 2, 8, 8 ],"nonsolvable");
SIGN(16,120,[ 0, 2, 6, 12 ],"nonsolvable");
SIGN(16,120,[ 0, 2, 5, 20 ],"nonsolvable");
GROU(16,120,[ 0, 2, 2, 2, 4 ],[ 120, 34 ]);
GROU(16,120,[ 0, 2, 2, 2, 4 ],[ 120, 38 ]);
GROU(16,128,[ 0, 2, 4, 64 ],[ 128, 162 ]);
GROU(16,136,[ 0, 2, 4, 34 ],[ 136, 8 ]);
GROU(16,144,[ 0, 2, 6, 8 ],[ 144, 117 ]);
SIGN(16,144,[ 0, 2, 4, 24 ],"all");
SIGN(16,160,[ 0, 2, 4, 16 ],"all");
SIGN(16,168,[ 0, 2, 4, 14 ],"nonsolvable");
SIGN(16,180,[ 0, 3, 3, 6 ],"nonsolvable");
SIGN(16,180,[ 0, 2, 6, 6 ],"nonsolvable");
GROU(16,200,[ 0, 2, 4, 10 ],[ 200, 43 ]);
SIGN(16,216,[ 0, 2, 4, 9 ],"all");
SIGN(16,216,[ 0, 2, 3, 36 ],"all");
SIGN(16,240,[ 0, 2, 4, 8 ],"nonsolvable");
SIGN(16,240,[ 0, 2, 3, 24 ],"nonsolvable");
GROU(16,300,[ 0, 2, 5, 5 ],[ 300, 22 ]);
SIGN(16,300,[ 0, 2, 3, 15 ],"all");
GROU(16,360,[ 0, 3, 3, 4 ],[ 360, 118 ]);
SIGN(16,360,[ 0, 2, 4, 6 ],"nonsolvable");
SIGN(16,360,[ 0, 2, 3, 12 ],"nonsolvable");
GROU(16,600,[ 0, 2, 4, 5 ],[ 600, 145 ]);
GROU(16,720,[ 0, 2, 3, 8 ],[ 720, 764 ]);
GROU(16,2,[ 1, 2, 2, 2, 2, 2, 2, 2, 2, 2, 2, 2, 2, 2, 2, 2, 2, 2, 2, 2, 2, 2, 
  2, 2, 2, 2, 2, 2, 2, 2, 2 ],[ 2, 1 ]);
GROU(16,3,[ 1, 3, 3, 3, 3, 3, 3, 3, 3, 3, 3, 3, 3, 3, 3, 3 ],[ 3, 1 ]);
GROU(16,4,[ 1, 4, 4, 4, 4, 4, 4, 4, 4, 4, 4 ],[ 4, 1 ]);
GROU(16,4,[ 1, 2, 2, 2, 4, 4, 4, 4, 4, 4, 4, 4 ],[ 4, 1 ]);
GROU(16,4,[ 1, 2, 2, 2, 2, 2, 2, 4, 4, 4, 4, 4, 4 ],[ 4, 1 ]);
GROU(16,4,[ 1, 2, 2, 2, 2, 2, 2, 2, 2, 2, 4, 4, 4, 4 ],[ 4, 1 ]);
GROU(16,4,[ 1, 2, 2, 2, 2, 2, 2, 2, 2, 2, 2, 2, 2, 4, 4 ],[ 4, 1 ]);
GROU(16,4,[ 1, 2, 2, 2, 2, 2, 2, 2, 2, 2, 2, 2, 2, 2, 2, 2 ],[ 4, 2 ]);
GROU(16,6,[ 1, 6, 6, 6, 6, 6, 6 ],[ 6, 2 ]);
GROU(16,6,[ 1, 3, 3, 3, 3, 3, 6, 6 ],[ 6, 2 ]);
GROU(16,6,[ 1, 2, 3, 3, 3, 6, 6, 6 ],[ 6, 2 ]);
GROU(16,6,[ 1, 2, 2, 3, 6, 6, 6, 6 ],[ 6, 2 ]);
GROU(16,6,[ 1, 2, 2, 3, 3, 3, 3, 3, 3 ],[ 6, 1 ]);
GROU(16,6,[ 1, 2, 2, 3, 3, 3, 3, 3, 3 ],[ 6, 2 ]);
GROU(16,6,[ 1, 2, 2, 2, 3, 3, 3, 3, 6 ],[ 6, 2 ]);
GROU(16,6,[ 1, 2, 2, 2, 2, 3, 3, 6, 6 ],[ 6, 2 ]);
GROU(16,6,[ 1, 2, 2, 2, 2, 2, 6, 6, 6 ],[ 6, 2 ]);
GROU(16,6,[ 1, 2, 2, 2, 2, 2, 2, 3, 3, 3 ],[ 6, 1 ]);
GROU(16,6,[ 1, 2, 2, 2, 2, 2, 2, 3, 3, 3 ],[ 6, 2 ]);
GROU(16,6,[ 1, 2, 2, 2, 2, 2, 2, 2, 3, 6 ],[ 6, 2 ]);
GROU(16,6,[ 1, 2, 2, 2, 2, 2, 2, 2, 2, 2, 2 ],[ 6, 1 ]);
GROU(16,6,[ 1, 2, 2, 2, 2, 2, 2, 2, 2, 2, 2 ],[ 6, 2 ]);
GROU(16,7,[ 1, 7, 7, 7, 7, 7 ],[ 7, 1 ]);
GROU(16,8,[ 1, 4, 4, 4, 4, 4 ],[ 8, 4 ]);
GROU(16,8,[ 1, 2, 4, 4, 8, 8 ],[ 8, 1 ]);
GROU(16,8,[ 1, 2, 2, 2, 4, 4, 4 ],[ 8, 3 ]);
GROU(16,8,[ 1, 2, 2, 2, 4, 4, 4 ],[ 8, 4 ]);
GROU(16,8,[ 1, 2, 2, 2, 2, 8, 8 ],[ 8, 1 ]);
GROU(16,8,[ 1, 2, 2, 2, 2, 2, 2, 4 ],[ 8, 3 ]);
GROU(16,9,[ 1, 3, 9, 9, 9 ],[ 9, 1 ]);
GROU(16,9,[ 1, 3, 3, 3, 3, 3 ],[ 9, 1 ]);
GROU(16,9,[ 1, 3, 3, 3, 3, 3 ],[ 9, 2 ]);
GROU(16,10,[ 1, 2, 5, 5, 10 ],[ 10, 2 ]);
GROU(16,10,[ 1, 2, 2, 2, 2, 2, 2 ],[ 10, 1 ]);
GROU(16,10,[ 1, 2, 2, 2, 2, 2, 2 ],[ 10, 2 ]);
GROU(16,11,[ 1, 11, 11, 11 ],[ 11, 1 ]);
GROU(16,12,[ 1, 6, 6, 6 ],[ 12, 5 ]);
GROU(16,12,[ 1, 4, 6, 12 ],[ 12, 2 ]);
GROU(16,12,[ 1, 3, 12, 12 ],[ 12, 2 ]);
GROU(16,12,[ 1, 2, 3, 3, 3 ],[ 12, 3 ]);
GROU(16,12,[ 1, 2, 2, 4, 4 ],[ 12, 1 ]);
GROU(16,12,[ 1, 2, 2, 4, 4 ],[ 12, 2 ]);
GROU(16,12,[ 1, 2, 2, 3, 6 ],[ 12, 4 ]);
GROU(16,12,[ 1, 2, 2, 3, 6 ],[ 12, 5 ]);
GROU(16,12,[ 1, 2, 2, 2, 2, 2 ],[ 12, 3 ]);
GROU(16,12,[ 1, 2, 2, 2, 2, 2 ],[ 12, 4 ]);
GROU(16,12,[ 1, 2, 2, 2, 2, 2 ],[ 12, 5 ]);
GROU(16,15,[ 1, 3, 3, 3 ],[ 15, 1 ]);
GROU(16,16,[ 1, 16, 16 ],[ 16, 1 ]);
GROU(16,16,[ 1, 2, 2, 8 ],[ 16, 7 ]);
GROU(16,18,[ 1, 6, 6 ],[ 18, 2 ]);
GROU(16,18,[ 1, 6, 6 ],[ 18, 3 ]);
GROU(16,18,[ 1, 6, 6 ],[ 18, 5 ]);
GROU(16,18,[ 1, 2, 2, 3 ],[ 18, 1 ]);
GROU(16,18,[ 1, 2, 2, 3 ],[ 18, 3 ]);
GROU(16,18,[ 1, 2, 2, 3 ],[ 18, 4 ]);
GROU(16,20,[ 1, 4, 4 ],[ 20, 1 ]);
GROU(16,20,[ 1, 4, 4 ],[ 20, 2 ]);
GROU(16,20,[ 1, 4, 4 ],[ 20, 3 ]);
GROU(16,20,[ 1, 2, 2, 2 ],[ 20, 4 ]);
GROU(16,20,[ 1, 2, 2, 2 ],[ 20, 5 ]);
GROU(16,24,[ 1, 2, 4 ],[ 24, 3 ]);
GROU(16,24,[ 1, 2, 4 ],[ 24, 12 ]);
GROU(16,30,[ 1, 2, 2 ],[ 30, 1 ]);
GROU(16,30,[ 1, 2, 2 ],[ 30, 2 ]);
GROU(16,30,[ 1, 2, 2 ],[ 30, 3 ]);
GROU(16,30,[ 1, 2, 2 ],[ 30, 4 ]);
SIGN(16,36,[ 1, 6 ],"all");
SIGN(16,40,[ 1, 4 ],"all");
GROU(16,60,[ 1, 2 ],[ 60, 9 ]);
GROU(16,2,[ 2, 2, 2, 2, 2, 2, 2, 2, 2, 2, 2, 2, 2, 2, 2, 2, 2, 2, 2, 2, 2, 2, 
  2, 2, 2, 2, 2 ],[ 2, 1 ]);
GROU(16,3,[ 2, 3, 3, 3, 3, 3, 3, 3, 3, 3, 3, 3, 3 ],[ 3, 1 ]);
GROU(16,4,[ 2, 2, 2, 4, 4, 4, 4, 4, 4 ],[ 4, 1 ]);
GROU(16,4,[ 2, 2, 2, 2, 2, 2, 4, 4, 4, 4 ],[ 4, 1 ]);
GROU(16,4,[ 2, 2, 2, 2, 2, 2, 2, 2, 2, 4, 4 ],[ 4, 1 ]);
GROU(16,4,[ 2, 2, 2, 2, 2, 2, 2, 2, 2, 2, 2, 2 ],[ 4, 2 ]);
GROU(16,5,[ 2, 5, 5, 5, 5, 5 ],[ 5, 1 ]);
GROU(16,6,[ 2, 3, 3, 6, 6 ],[ 6, 2 ]);
GROU(16,6,[ 2, 2, 6, 6, 6 ],[ 6, 2 ]);
GROU(16,6,[ 2, 2, 2, 3, 3, 3 ],[ 6, 1 ]);
GROU(16,6,[ 2, 2, 2, 3, 3, 3 ],[ 6, 2 ]);
GROU(16,6,[ 2, 2, 2, 2, 3, 6 ],[ 6, 2 ]);
GROU(16,6,[ 2, 2, 2, 2, 2, 2, 2 ],[ 6, 1 ]);
GROU(16,6,[ 2, 2, 2, 2, 2, 2, 2 ],[ 6, 2 ]);
GROU(16,8,[ 2, 8, 8 ],[ 8, 1 ]);
GROU(16,8,[ 2, 2, 2, 4 ],[ 8, 3 ]);
GROU(16,9,[ 2, 3, 3 ],[ 9, 1 ]);
GROU(16,9,[ 2, 3, 3 ],[ 9, 2 ]);
GROU(16,10,[ 2, 2, 2 ],[ 10, 1 ]);
GROU(16,10,[ 2, 2, 2 ],[ 10, 2 ]);
GROU(16,12,[ 2, 2 ],[ 12, 3 ]);
GROU(16,15,[ 2 ],[ 15, 1 ]);
GROU(16,2,[ 3, 2, 2, 2, 2, 2, 2, 2, 2, 2, 2, 2, 2, 2, 2, 2, 2, 2, 2, 2, 2, 2, 
  2 ],[ 2, 1 ]);
GROU(16,3,[ 3, 3, 3, 3, 3, 3, 3, 3, 3, 3 ],[ 3, 1 ]);
GROU(16,4,[ 3, 2, 4, 4, 4, 4 ],[ 4, 1 ]);
GROU(16,4,[ 3, 2, 2, 2, 2, 4, 4 ],[ 4, 1 ]);
GROU(16,4,[ 3, 2, 2, 2, 2, 2, 2, 2 ],[ 4, 2 ]);
GROU(16,6,[ 3, 2, 2 ],[ 6, 1 ]);
GROU(16,6,[ 3, 2, 2 ],[ 6, 2 ]);
GROU(16,2,[ 4, 2, 2, 2, 2, 2, 2, 2, 2, 2, 2, 2, 2, 2, 2, 2, 2, 2, 2 ],
[ 2, 1 ]);
GROU(16,3,[ 4, 3, 3, 3, 3, 3, 3 ],[ 3, 1 ]);
GROU(16,4,[ 4, 4, 4 ],[ 4, 1 ]);
GROU(16,4,[ 4, 2, 2, 2 ],[ 4, 2 ]);
GROU(16,5,[ 4 ],[ 5, 1 ]);
GROU(16,2,[ 5, 2, 2, 2, 2, 2, 2, 2, 2, 2, 2, 2, 2, 2, 2 ],[ 2, 1 ]);
GROU(16,3,[ 5, 3, 3, 3 ],[ 3, 1 ]);
GROU(16,2,[ 6, 2, 2, 2, 2, 2, 2, 2, 2, 2, 2 ],[ 2, 1 ]);
GROU(16,3,[ 6 ],[ 3, 1 ]);
GROU(16,2,[ 7, 2, 2, 2, 2, 2, 2 ],[ 2, 1 ]);
GROU(16,2,[ 8, 2, 2 ],[ 2, 1 ]);
GROU(16,1,[ 16 ],[ 1, 1 ]);
