GROU(14,2,[ 0, 2, 2, 2, 2, 2, 2, 2, 2, 2, 2, 2, 2, 2, 2, 2, 2, 2, 2, 2, 2, 2, 
  2, 2, 2, 2, 2, 2, 2, 2, 2 ],[ 2, 1 ]);
GROU(14,3,[ 0, 3, 3, 3, 3, 3, 3, 3, 3, 3, 3, 3, 3, 3, 3, 3, 3 ],[ 3, 1 ]);
GROU(14,4,[ 0, 2, 2, 4, 4, 4, 4, 4, 4, 4, 4, 4, 4 ],[ 4, 1 ]);
GROU(14,4,[ 0, 2, 2, 2, 2, 2, 4, 4, 4, 4, 4, 4, 4, 4 ],[ 4, 1 ]);
GROU(14,4,[ 0, 2, 2, 2, 2, 2, 2, 2, 2, 4, 4, 4, 4, 4, 4 ],[ 4, 1 ]);
GROU(14,4,[ 0, 2, 2, 2, 2, 2, 2, 2, 2, 2, 2, 2, 4, 4, 4, 4 ],[ 4, 1 ]);
GROU(14,4,[ 0, 2, 2, 2, 2, 2, 2, 2, 2, 2, 2, 2, 2, 2, 2, 4, 4 ],[ 4, 1 ]);
GROU(14,4,[ 0, 2, 2, 2, 2, 2, 2, 2, 2, 2, 2, 2, 2, 2, 2, 2, 2, 2 ],[ 4, 2 ]);
GROU(14,5,[ 0, 5, 5, 5, 5, 5, 5, 5, 5, 5 ],[ 5, 1 ]);
GROU(14,6,[ 0, 3, 3, 6, 6, 6, 6, 6, 6 ],[ 6, 2 ]);
GROU(14,6,[ 0, 3, 3, 3, 3, 3, 3, 3, 6, 6 ],[ 6, 2 ]);
GROU(14,6,[ 0, 2, 6, 6, 6, 6, 6, 6, 6 ],[ 6, 2 ]);
GROU(14,6,[ 0, 2, 3, 3, 3, 3, 3, 6, 6, 6 ],[ 6, 2 ]);
GROU(14,6,[ 0, 2, 2, 3, 3, 3, 6, 6, 6, 6 ],[ 6, 2 ]);
GROU(14,6,[ 0, 2, 2, 3, 3, 3, 3, 3, 3, 3, 3 ],[ 6, 1 ]);
GROU(14,6,[ 0, 2, 2, 3, 3, 3, 3, 3, 3, 3, 3 ],[ 6, 2 ]);
GROU(14,6,[ 0, 2, 2, 2, 3, 6, 6, 6, 6, 6 ],[ 6, 2 ]);
GROU(14,6,[ 0, 2, 2, 2, 3, 3, 3, 3, 3, 3, 6 ],[ 6, 2 ]);
GROU(14,6,[ 0, 2, 2, 2, 2, 3, 3, 3, 3, 6, 6 ],[ 6, 2 ]);
GROU(14,6,[ 0, 2, 2, 2, 2, 2, 3, 3, 6, 6, 6 ],[ 6, 2 ]);
GROU(14,6,[ 0, 2, 2, 2, 2, 2, 2, 6, 6, 6, 6 ],[ 6, 2 ]);
GROU(14,6,[ 0, 2, 2, 2, 2, 2, 2, 3, 3, 3, 3, 3 ],[ 6, 1 ]);
GROU(14,6,[ 0, 2, 2, 2, 2, 2, 2, 3, 3, 3, 3, 3 ],[ 6, 2 ]);
GROU(14,6,[ 0, 2, 2, 2, 2, 2, 2, 2, 3, 3, 3, 6 ],[ 6, 2 ]);
GROU(14,6,[ 0, 2, 2, 2, 2, 2, 2, 2, 2, 3, 6, 6 ],[ 6, 2 ]);
GROU(14,6,[ 0, 2, 2, 2, 2, 2, 2, 2, 2, 2, 2, 3, 3 ],[ 6, 1 ]);
GROU(14,6,[ 0, 2, 2, 2, 2, 2, 2, 2, 2, 2, 2, 3, 3 ],[ 6, 2 ]);
GROU(14,8,[ 0, 8, 8, 8, 8, 8, 8 ],[ 8, 1 ]);
GROU(14,8,[ 0, 4, 4, 4, 4, 4, 4, 4 ],[ 8, 4 ]);
GROU(14,8,[ 0, 2, 4, 4, 4, 4, 8, 8 ],[ 8, 1 ]);
GROU(14,8,[ 0, 2, 2, 4, 8, 8, 8, 8 ],[ 8, 1 ]);
GROU(14,8,[ 0, 2, 2, 2, 4, 4, 4, 4, 4 ],[ 8, 3 ]);
GROU(14,8,[ 0, 2, 2, 2, 4, 4, 4, 4, 4 ],[ 8, 4 ]);
GROU(14,8,[ 0, 2, 2, 2, 2, 4, 4, 8, 8 ],[ 8, 1 ]);
GROU(14,8,[ 0, 2, 2, 2, 2, 2, 2, 4, 4, 4 ],[ 8, 3 ]);
GROU(14,8,[ 0, 2, 2, 2, 2, 2, 2, 4, 4, 4 ],[ 8, 4 ]);
GROU(14,8,[ 0, 2, 2, 2, 2, 2, 2, 2, 8, 8 ],[ 8, 1 ]);
GROU(14,8,[ 0, 2, 2, 2, 2, 2, 2, 2, 2, 2, 4 ],[ 8, 3 ]);
GROU(14,9,[ 0, 3, 3, 9, 9, 9, 9 ],[ 9, 1 ]);
GROU(14,10,[ 0, 2, 5, 5, 5, 5, 10 ],[ 10, 2 ]);
GROU(14,10,[ 0, 2, 2, 10, 10, 10, 10 ],[ 10, 2 ]);
GROU(14,10,[ 0, 2, 2, 2, 2, 5, 10, 10 ],[ 10, 2 ]);
GROU(14,10,[ 0, 2, 2, 2, 2, 2, 2, 5, 5 ],[ 10, 1 ]);
GROU(14,10,[ 0, 2, 2, 2, 2, 2, 2, 5, 5 ],[ 10, 2 ]);
GROU(14,12,[ 0, 6, 6, 6, 6, 6 ],[ 12, 5 ]);
GROU(14,12,[ 0, 4, 6, 6, 6, 12 ],[ 12, 2 ]);
GROU(14,12,[ 0, 4, 4, 6, 12, 12 ],[ 12, 2 ]);
GROU(14,12,[ 0, 3, 6, 6, 12, 12 ],[ 12, 2 ]);
GROU(14,12,[ 0, 3, 4, 12, 12, 12 ],[ 12, 2 ]);
GROU(14,12,[ 0, 3, 3, 3, 3, 4, 4 ],[ 12, 1 ]);
GROU(14,12,[ 0, 3, 3, 3, 3, 4, 4 ],[ 12, 2 ]);
GROU(14,12,[ 0, 2, 12, 12, 12, 12 ],[ 12, 2 ]);
GROU(14,12,[ 0, 2, 3, 4, 4, 4, 4 ],[ 12, 1 ]);
GROU(14,12,[ 0, 2, 3, 3, 4, 4, 6 ],[ 12, 1 ]);
GROU(14,12,[ 0, 2, 3, 3, 4, 4, 6 ],[ 12, 2 ]);
GROU(14,12,[ 0, 2, 3, 3, 3, 6, 6 ],[ 12, 5 ]);
GROU(14,12,[ 0, 2, 3, 3, 3, 4, 12 ],[ 12, 2 ]);
GROU(14,12,[ 0, 2, 2, 4, 4, 6, 6 ],[ 12, 1 ]);
GROU(14,12,[ 0, 2, 2, 4, 4, 6, 6 ],[ 12, 2 ]);
GROU(14,12,[ 0, 2, 2, 3, 6, 6, 6 ],[ 12, 4 ]);
GROU(14,12,[ 0, 2, 2, 3, 6, 6, 6 ],[ 12, 5 ]);
GROU(14,12,[ 0, 2, 2, 3, 4, 6, 12 ],[ 12, 2 ]);
GROU(14,12,[ 0, 2, 2, 3, 3, 12, 12 ],[ 12, 2 ]);
GROU(14,12,[ 0, 2, 2, 2, 6, 12, 12 ],[ 12, 2 ]);
GROU(14,12,[ 0, 2, 2, 2, 3, 3, 3, 3 ],[ 12, 3 ]);
GROU(14,12,[ 0, 2, 2, 2, 3, 3, 3, 3 ],[ 12, 4 ]);
GROU(14,12,[ 0, 2, 2, 2, 3, 3, 3, 3 ],[ 12, 5 ]);
GROU(14,12,[ 0, 2, 2, 2, 2, 3, 4, 4 ],[ 12, 1 ]);
GROU(14,12,[ 0, 2, 2, 2, 2, 3, 3, 6 ],[ 12, 4 ]);
GROU(14,12,[ 0, 2, 2, 2, 2, 3, 3, 6 ],[ 12, 5 ]);
GROU(14,12,[ 0, 2, 2, 2, 2, 2, 6, 6 ],[ 12, 4 ]);
GROU(14,12,[ 0, 2, 2, 2, 2, 2, 6, 6 ],[ 12, 5 ]);
GROU(14,12,[ 0, 2, 2, 2, 2, 2, 2, 2, 3 ],[ 12, 4 ]);
GROU(14,14,[ 0, 2, 2, 2, 2, 14, 14 ],[ 14, 2 ]);
GROU(14,14,[ 0, 2, 2, 2, 2, 2, 2, 7 ],[ 14, 1 ]);
GROU(14,15,[ 0, 15, 15, 15, 15 ],[ 15, 1 ]);
GROU(14,15,[ 0, 3, 3, 5, 5, 5 ],[ 15, 1 ]);
GROU(14,15,[ 0, 3, 3, 3, 5, 15 ],[ 15, 1 ]);
GROU(14,16,[ 0, 8, 8, 16, 16 ],[ 16, 1 ]);
GROU(14,16,[ 0, 2, 4, 4, 4, 8 ],[ 16, 8 ]);
GROU(14,16,[ 0, 2, 4, 4, 4, 8 ],[ 16, 9 ]);
GROU(14,16,[ 0, 2, 2, 8, 8, 8 ],[ 16, 7 ]);
GROU(14,16,[ 0, 2, 2, 4, 16, 16 ],[ 16, 1 ]);
GROU(14,16,[ 0, 2, 2, 2, 2, 4, 8 ],[ 16, 7 ]);
GROU(14,16,[ 0, 2, 2, 2, 2, 4, 8 ],[ 16, 8 ]);
GROU(14,18,[ 0, 6, 6, 9, 9 ],[ 18, 2 ]);
GROU(14,18,[ 0, 3, 9, 18, 18 ],[ 18, 2 ]);
GROU(14,18,[ 0, 2, 2, 3, 9, 9 ],[ 18, 1 ]);
GROU(14,18,[ 0, 2, 2, 3, 9, 9 ],[ 18, 2 ]);
GROU(14,20,[ 0, 4, 5, 5, 20 ],[ 20, 2 ]);
GROU(14,20,[ 0, 4, 4, 10, 10 ],[ 20, 1 ]);
GROU(14,20,[ 0, 4, 4, 10, 10 ],[ 20, 2 ]);
GROU(14,20,[ 0, 2, 10, 20, 20 ],[ 20, 2 ]);
GROU(14,20,[ 0, 2, 2, 4, 4, 5 ],[ 20, 1 ]);
GROU(14,20,[ 0, 2, 2, 4, 4, 5 ],[ 20, 3 ]);
GROU(14,20,[ 0, 2, 2, 2, 10, 10 ],[ 20, 4 ]);
GROU(14,20,[ 0, 2, 2, 2, 10, 10 ],[ 20, 5 ]);
GROU(14,20,[ 0, 2, 2, 2, 2, 2, 5 ],[ 20, 4 ]);
GROU(14,21,[ 0, 3, 3, 21, 21 ],[ 21, 2 ]);
GROU(14,24,[ 0, 4, 4, 4, 6 ],[ 24, 4 ]);
GROU(14,24,[ 0, 3, 4, 6, 6 ],[ 24, 3 ]);
GROU(14,24,[ 0, 3, 4, 6, 6 ],[ 24, 10 ]);
GROU(14,24,[ 0, 3, 4, 4, 12 ],[ 24, 4 ]);
GROU(14,24,[ 0, 3, 4, 4, 12 ],[ 24, 11 ]);
GROU(14,24,[ 0, 3, 3, 8, 8 ],[ 24, 1 ]);
GROU(14,24,[ 0, 3, 3, 8, 8 ],[ 24, 2 ]);
GROU(14,24,[ 0, 2, 6, 8, 8 ],[ 24, 1 ]);
GROU(14,24,[ 0, 2, 6, 6, 12 ],[ 24, 10 ]);
GROU(14,24,[ 0, 2, 4, 12, 12 ],[ 24, 11 ]);
GROU(14,24,[ 0, 2, 3, 24, 24 ],[ 24, 2 ]);
GROU(14,24,[ 0, 2, 2, 3, 3, 4 ],[ 24, 3 ]);
GROU(14,24,[ 0, 2, 2, 3, 3, 4 ],[ 24, 6 ]);
GROU(14,24,[ 0, 2, 2, 3, 3, 4 ],[ 24, 8 ]);
GROU(14,24,[ 0, 2, 2, 3, 3, 4 ],[ 24, 10 ]);
GROU(14,24,[ 0, 2, 2, 3, 3, 4 ],[ 24, 12 ]);
GROU(14,24,[ 0, 2, 2, 2, 4, 6 ],[ 24, 6 ]);
GROU(14,24,[ 0, 2, 2, 2, 4, 6 ],[ 24, 8 ]);
GROU(14,24,[ 0, 2, 2, 2, 3, 12 ],[ 24, 6 ]);
GROU(14,24,[ 0, 2, 2, 2, 3, 12 ],[ 24, 10 ]);
GROU(14,26,[ 0, 2, 2, 2, 2, 2, 2 ],[ 26, 1 ]);
GROU(14,28,[ 0, 2, 4, 4, 14 ],[ 28, 1 ]);
GROU(14,28,[ 0, 2, 2, 28, 28 ],[ 28, 2 ]);
GROU(14,28,[ 0, 2, 2, 2, 2, 14 ],[ 28, 3 ]);
GROU(14,29,[ 0, 29, 29, 29 ],[ 29, 1 ]);
GROU(14,30,[ 0, 15, 30, 30 ],[ 30, 4 ]);
GROU(14,30,[ 0, 2, 3, 5, 10 ],[ 30, 1 ]);
GROU(14,30,[ 0, 2, 2, 15, 15 ],[ 30, 1 ]);
GROU(14,30,[ 0, 2, 2, 15, 15 ],[ 30, 2 ]);
GROU(14,30,[ 0, 2, 2, 15, 15 ],[ 30, 3 ]);
GROU(14,30,[ 0, 2, 2, 15, 15 ],[ 30, 4 ]);
SIGN(14,32,[ 0, 16, 16, 16 ],"all");
GROU(14,32,[ 0, 8, 32, 32 ],[ 32, 1 ]);
GROU(14,32,[ 0, 2, 2, 8, 16 ],[ 32, 18 ]);
GROU(14,35,[ 0, 5, 35, 35 ],[ 35, 1 ]);
SIGN(14,36,[ 0, 9, 12, 12 ],"all");
GROU(14,36,[ 0, 6, 18, 18 ],[ 36, 5 ]);
SIGN(14,36,[ 0, 2, 3, 3, 9 ],"all");
GROU(14,36,[ 0, 2, 2, 6, 9 ],[ 36, 4 ]);
GROU(14,39,[ 0, 3, 3, 3, 3 ],[ 39, 1 ]);
GROU(14,40,[ 0, 8, 8, 10 ],[ 40, 1 ]);
GROU(14,40,[ 0, 8, 8, 10 ],[ 40, 3 ]);
GROU(14,40,[ 0, 5, 8, 40 ],[ 40, 2 ]);
GROU(14,40,[ 0, 4, 20, 20 ],[ 40, 11 ]);
GROU(14,40,[ 0, 2, 2, 4, 10 ],[ 40, 6 ]);
GROU(14,40,[ 0, 2, 2, 4, 10 ],[ 40, 8 ]);
GROU(14,42,[ 0, 6, 6, 21 ],[ 42, 4 ]);
GROU(14,42,[ 0, 3, 42, 42 ],[ 42, 6 ]);
GROU(14,42,[ 0, 2, 2, 3, 21 ],[ 42, 4 ]);
GROU(14,42,[ 0, 2, 2, 3, 21 ],[ 42, 5 ]);
GROU(14,48,[ 0, 6, 6, 8 ],[ 48, 25 ]);
GROU(14,48,[ 0, 4, 8, 12 ],[ 48, 18 ]);
GROU(14,48,[ 0, 4, 6, 24 ],[ 48, 26 ]);
GROU(14,48,[ 0, 3, 16, 16 ],[ 48, 1 ]);
GROU(14,48,[ 0, 2, 2, 3, 8 ],[ 48, 7 ]);
GROU(14,48,[ 0, 2, 2, 3, 8 ],[ 48, 15 ]);
GROU(14,48,[ 0, 2, 2, 3, 8 ],[ 48, 29 ]);
GROU(14,52,[ 0, 2, 2, 4, 4 ],[ 52, 3 ]);
GROU(14,52,[ 0, 2, 2, 2, 2, 2 ],[ 52, 4 ]);
SIGN(14,56,[ 0, 4, 7, 7 ],"all");
GROU(14,56,[ 0, 4, 4, 28 ],[ 56, 3 ]);
GROU(14,56,[ 0, 2, 56, 56 ],[ 56, 2 ]);
GROU(14,56,[ 0, 2, 2, 2, 28 ],[ 56, 5 ]);
GROU(14,58,[ 0, 2, 29, 58 ],[ 58, 2 ]);
SIGN(14,60,[ 0, 5, 5, 6 ],"nonsolvable");
GROU(14,60,[ 0, 4, 4, 15 ],[ 60, 3 ]);
GROU(14,60,[ 0, 4, 4, 15 ],[ 60, 7 ]);
SIGN(14,60,[ 0, 3, 6, 15 ],"nonsolvable");
GROU(14,60,[ 0, 2, 30, 30 ],[ 60, 13 ]);
GROU(14,60,[ 0, 2, 2, 2, 15 ],[ 60, 8 ]);
GROU(14,60,[ 0, 2, 2, 2, 15 ],[ 60, 12 ]);
SIGN(14,64,[ 0, 2, 16, 32 ],"all");
GROU(14,70,[ 0, 2, 10, 35 ],[ 70, 2 ]);
SIGN(14,72,[ 0, 3, 4, 18 ],"all");
SIGN(14,72,[ 0, 2, 12, 18 ],"all");
GROU(14,78,[ 0, 3, 6, 6 ],[ 78, 1 ]);
GROU(14,78,[ 0, 3, 6, 6 ],[ 78, 2 ]);
GROU(14,78,[ 0, 2, 2, 3, 3 ],[ 78, 1 ]);
SIGN(14,78,[ 0, 2, 2, 2, 6 ],"all");
GROU(14,80,[ 0, 2, 8, 20 ],[ 80, 17 ]);
GROU(14,84,[ 0, 2, 6, 42 ],[ 84, 12 ]);
SIGN(14,96,[ 0, 3, 3, 16 ],"all");
GROU(14,96,[ 0, 2, 6, 16 ],[ 96, 33 ]);
SIGN(14,104,[ 0, 4, 4, 4 ],"all");
SIGN(14,104,[ 0, 2, 8, 8 ],"all");
SIGN(14,104,[ 0, 2, 2, 2, 4 ],"all");
SIGN(14,112,[ 0, 2, 7, 8 ],"all");
GROU(14,112,[ 0, 2, 4, 56 ],[ 112, 5 ]);
SIGN(14,117,[ 0, 3, 3, 9 ],"all");
GROU(14,120,[ 0, 3, 4, 5 ],[ 120, 5 ]);
SIGN(14,120,[ 0, 2, 5, 12 ],"nonsolvable");
GROU(14,120,[ 0, 2, 4, 30 ],[ 120, 30 ]);
SIGN(14,156,[ 0, 3, 3, 6 ],"all");
GROU(14,156,[ 0, 2, 6, 6 ],[ 156, 8 ]);
SIGN(14,156,[ 0, 2, 4, 12 ],"all");
SIGN(14,192,[ 0, 2, 3, 32 ],"all");
SIGN(14,208,[ 0, 2, 4, 8 ],"all");
SIGN(14,234,[ 0, 2, 3, 18 ],"all");
SIGN(14,312,[ 0, 2, 3, 12 ],"all");
SPECIAL(14,1092,[ 0, 2, 3, 7 ]);
GROU(14,2,[ 1, 2, 2, 2, 2, 2, 2, 2, 2, 2, 2, 2, 2, 2, 2, 2, 2, 2, 2, 2, 2, 2, 
  2, 2, 2, 2, 2 ],[ 2, 1 ]);
GROU(14,3,[ 1, 3, 3, 3, 3, 3, 3, 3, 3, 3, 3, 3, 3, 3 ],[ 3, 1 ]);
GROU(14,4,[ 1, 2, 4, 4, 4, 4, 4, 4, 4, 4 ],[ 4, 1 ]);
GROU(14,4,[ 1, 2, 2, 2, 2, 4, 4, 4, 4, 4, 4 ],[ 4, 1 ]);
GROU(14,4,[ 1, 2, 2, 2, 2, 2, 2, 2, 4, 4, 4, 4 ],[ 4, 1 ]);
GROU(14,4,[ 1, 2, 2, 2, 2, 2, 2, 2, 2, 2, 2, 4, 4 ],[ 4, 1 ]);
GROU(14,4,[ 1, 2, 2, 2, 2, 2, 2, 2, 2, 2, 2, 2, 2, 2 ],[ 4, 2 ]);
GROU(14,6,[ 1, 3, 3, 3, 3, 6, 6 ],[ 6, 2 ]);
GROU(14,6,[ 1, 2, 3, 3, 6, 6, 6 ],[ 6, 2 ]);
GROU(14,6,[ 1, 2, 2, 6, 6, 6, 6 ],[ 6, 2 ]);
GROU(14,6,[ 1, 2, 2, 3, 3, 3, 3, 3 ],[ 6, 1 ]);
GROU(14,6,[ 1, 2, 2, 3, 3, 3, 3, 3 ],[ 6, 2 ]);
GROU(14,6,[ 1, 2, 2, 2, 3, 3, 3, 6 ],[ 6, 2 ]);
GROU(14,6,[ 1, 2, 2, 2, 2, 3, 6, 6 ],[ 6, 2 ]);
GROU(14,6,[ 1, 2, 2, 2, 2, 2, 2, 3, 3 ],[ 6, 1 ]);
GROU(14,6,[ 1, 2, 2, 2, 2, 2, 2, 3, 3 ],[ 6, 2 ]);
GROU(14,8,[ 1, 4, 4, 8, 8 ],[ 8, 1 ]);
GROU(14,8,[ 1, 2, 2, 4, 4, 4 ],[ 8, 3 ]);
GROU(14,8,[ 1, 2, 2, 4, 4, 4 ],[ 8, 4 ]);
GROU(14,8,[ 1, 2, 2, 2, 8, 8 ],[ 8, 1 ]);
GROU(14,8,[ 1, 2, 2, 2, 2, 2, 4 ],[ 8, 3 ]);
GROU(14,10,[ 1, 5, 10, 10 ],[ 10, 2 ]);
GROU(14,10,[ 1, 2, 2, 5, 5 ],[ 10, 1 ]);
GROU(14,10,[ 1, 2, 2, 5, 5 ],[ 10, 2 ]);
GROU(14,12,[ 1, 3, 4, 4 ],[ 12, 1 ]);
SIGN(14,12,[ 1, 3, 3, 6 ],"all");
GROU(14,12,[ 1, 2, 6, 6 ],[ 12, 5 ]);
GROU(14,12,[ 1, 2, 2, 2, 3 ],[ 12, 4 ]);
GROU(14,14,[ 1, 14, 14 ],[ 14, 2 ]);
GROU(14,14,[ 1, 2, 2, 7 ],[ 14, 1 ]);
SIGN(14,16,[ 1, 4, 8 ],"all");
SIGN(14,20,[ 1, 2, 5 ],"all");
GROU(14,26,[ 1, 2, 2 ],[ 26, 1 ]);
GROU(14,26,[ 1, 2, 2 ],[ 26, 2 ]);
SIGN(14,39,[ 1, 3 ],"all");
SIGN(14,52,[ 1, 2 ],"all");
GROU(14,2,[ 2, 2, 2, 2, 2, 2, 2, 2, 2, 2, 2, 2, 2, 2, 2, 2, 2, 2, 2, 2, 2, 2, 
  2 ],[ 2, 1 ]);
GROU(14,3,[ 2, 3, 3, 3, 3, 3, 3, 3, 3, 3, 3 ],[ 3, 1 ]);
GROU(14,4,[ 2, 4, 4, 4, 4, 4, 4 ],[ 4, 1 ]);
GROU(14,4,[ 2, 2, 2, 2, 4, 4, 4, 4 ],[ 4, 1 ]);
GROU(14,4,[ 2, 2, 2, 2, 2, 2, 2, 4, 4 ],[ 4, 1 ]);
GROU(14,4,[ 2, 2, 2, 2, 2, 2, 2, 2, 2, 2 ],[ 4, 2 ]);
GROU(14,5,[ 2, 5, 5, 5, 5 ],[ 5, 1 ]);
GROU(14,6,[ 2, 3, 6, 6 ],[ 6, 2 ]);
GROU(14,6,[ 2, 2, 2, 3, 3 ],[ 6, 1 ]);
GROU(14,6,[ 2, 2, 2, 3, 3 ],[ 6, 2 ]);
GROU(14,7,[ 2, 7, 7 ],[ 7, 1 ]);
SIGN(14,8,[ 2, 2, 4 ],"all");
GROU(14,13,[ 2 ],[ 13, 1 ]);
GROU(14,2,[ 3, 2, 2, 2, 2, 2, 2, 2, 2, 2, 2, 2, 2, 2, 2, 2, 2, 2, 2 ],
[ 2, 1 ]);
GROU(14,3,[ 3, 3, 3, 3, 3, 3, 3, 3 ],[ 3, 1 ]);
GROU(14,4,[ 3, 2, 2, 4, 4 ],[ 4, 1 ]);
GROU(14,4,[ 3, 2, 2, 2, 2, 2 ],[ 4, 2 ]);
GROU(14,2,[ 4, 2, 2, 2, 2, 2, 2, 2, 2, 2, 2, 2, 2, 2, 2 ],[ 2, 1 ]);
GROU(14,3,[ 4, 3, 3, 3, 3 ],[ 3, 1 ]);
GROU(14,2,[ 5, 2, 2, 2, 2, 2, 2, 2, 2, 2, 2 ],[ 2, 1 ]);
GROU(14,2,[ 6, 2, 2, 2, 2, 2, 2 ],[ 2, 1 ]);
GROU(14,2,[ 7, 2, 2 ],[ 2, 1 ]);
GROU(14,1,[ 14 ],[ 1, 1 ]);
