GROU(36,2,[ 0, 2, 2, 2, 2, 2, 2, 2, 2, 2, 2, 2, 2, 2, 2, 2, 2, 2, 2, 2, 2, 2, 
  2, 2, 2, 2, 2, 2, 2, 2, 2, 2, 2, 2, 2, 2, 2, 2, 2, 2, 2, 2, 2, 2, 2, 2, 2, 
  2, 2, 2, 2, 2, 2, 2, 2, 2, 2, 2, 2, 2, 2, 2, 2, 2, 2, 2, 2, 2, 2, 2, 2, 2, 
  2, 2, 2 ],[ 2, 1 ]);
GROU(36,3,[ 0, 3, 3, 3, 3, 3, 3, 3, 3, 3, 3, 3, 3, 3, 3, 3, 3, 3, 3, 3, 3, 3, 
  3, 3, 3, 3, 3, 3, 3, 3, 3, 3, 3, 3, 3, 3, 3, 3, 3 ],[ 3, 1 ]);
GROU(36,4,[ 0, 4, 4, 4, 4, 4, 4, 4, 4, 4, 4, 4, 4, 4, 4, 4, 4, 4, 4, 4, 4, 4, 
  4, 4, 4, 4, 4 ],[ 4, 1 ]);
GROU(36,4,[ 0, 2, 2, 2, 4, 4, 4, 4, 4, 4, 4, 4, 4, 4, 4, 4, 4, 4, 4, 4, 4, 4, 
  4, 4, 4, 4, 4, 4 ],[ 4, 1 ]);
GROU(36,4,[ 0, 2, 2, 2, 2, 2, 2, 4, 4, 4, 4, 4, 4, 4, 4, 4, 4, 4, 4, 4, 4, 4, 
  4, 4, 4, 4, 4, 4, 4 ],[ 4, 1 ]);
GROU(36,4,[ 0, 2, 2, 2, 2, 2, 2, 2, 2, 2, 4, 4, 4, 4, 4, 4, 4, 4, 4, 4, 4, 4, 
  4, 4, 4, 4, 4, 4, 4, 4 ],[ 4, 1 ]);
GROU(36,4,[ 0, 2, 2, 2, 2, 2, 2, 2, 2, 2, 2, 2, 2, 4, 4, 4, 4, 4, 4, 4, 4, 4, 
  4, 4, 4, 4, 4, 4, 4, 4, 4 ],[ 4, 1 ]);
GROU(36,4,[ 0, 2, 2, 2, 2, 2, 2, 2, 2, 2, 2, 2, 2, 2, 2, 2, 4, 4, 4, 4, 4, 4, 
  4, 4, 4, 4, 4, 4, 4, 4, 4, 4 ],[ 4, 1 ]);
GROU(36,4,[ 0, 2, 2, 2, 2, 2, 2, 2, 2, 2, 2, 2, 2, 2, 2, 2, 2, 2, 2, 4, 4, 4, 
  4, 4, 4, 4, 4, 4, 4, 4, 4, 4, 4 ],[ 4, 1 ]);
GROU(36,4,[ 0, 2, 2, 2, 2, 2, 2, 2, 2, 2, 2, 2, 2, 2, 2, 2, 2, 2, 2, 2, 2, 2, 
  4, 4, 4, 4, 4, 4, 4, 4, 4, 4, 4, 4 ],[ 4, 1 ]);
GROU(36,4,[ 0, 2, 2, 2, 2, 2, 2, 2, 2, 2, 2, 2, 2, 2, 2, 2, 2, 2, 2, 2, 2, 2, 
  2, 2, 2, 4, 4, 4, 4, 4, 4, 4, 4, 4, 4 ],[ 4, 1 ]);
GROU(36,4,[ 0, 2, 2, 2, 2, 2, 2, 2, 2, 2, 2, 2, 2, 2, 2, 2, 2, 2, 2, 2, 2, 2, 
  2, 2, 2, 2, 2, 2, 4, 4, 4, 4, 4, 4, 4, 4 ],[ 4, 1 ]);
GROU(36,4,[ 0, 2, 2, 2, 2, 2, 2, 2, 2, 2, 2, 2, 2, 2, 2, 2, 2, 2, 2, 2, 2, 2, 
  2, 2, 2, 2, 2, 2, 2, 2, 2, 4, 4, 4, 4, 4, 4 ],[ 4, 1 ]);
GROU(36,4,[ 0, 2, 2, 2, 2, 2, 2, 2, 2, 2, 2, 2, 2, 2, 2, 2, 2, 2, 2, 2, 2, 2, 
  2, 2, 2, 2, 2, 2, 2, 2, 2, 2, 2, 2, 4, 4, 4, 4 ],[ 4, 1 ]);
GROU(36,4,[ 0, 2, 2, 2, 2, 2, 2, 2, 2, 2, 2, 2, 2, 2, 2, 2, 2, 2, 2, 2, 2, 2, 
  2, 2, 2, 2, 2, 2, 2, 2, 2, 2, 2, 2, 2, 2, 2, 4, 4 ],[ 4, 1 ]);
GROU(36,4,[ 0, 2, 2, 2, 2, 2, 2, 2, 2, 2, 2, 2, 2, 2, 2, 2, 2, 2, 2, 2, 2, 2, 
  2, 2, 2, 2, 2, 2, 2, 2, 2, 2, 2, 2, 2, 2, 2, 2, 2, 2 ],[ 4, 2 ]);
GROU(36,5,[ 0, 5, 5, 5, 5, 5, 5, 5, 5, 5, 5, 5, 5, 5, 5, 5, 5, 5, 5, 5, 5 ],
[ 5, 1 ]);
GROU(36,6,[ 0, 3, 3, 3, 6, 6, 6, 6, 6, 6, 6, 6, 6, 6, 6, 6, 6, 6 ],[ 6, 2 ]);
GROU(36,6,[ 0, 3, 3, 3, 3, 3, 3, 3, 3, 6, 6, 6, 6, 6, 6, 6, 6, 6, 6 ],
[ 6, 2 ]);
GROU(36,6,[ 0, 3, 3, 3, 3, 3, 3, 3, 3, 3, 3, 3, 3, 3, 6, 6, 6, 6, 6, 6 ],
[ 6, 2 ]);
GROU(36,6,[ 0, 3, 3, 3, 3, 3, 3, 3, 3, 3, 3, 3, 3, 3, 3, 3, 3, 3, 3, 6, 6 ],
[ 6, 2 ]);
GROU(36,6,[ 0, 2, 3, 6, 6, 6, 6, 6, 6, 6, 6, 6, 6, 6, 6, 6, 6, 6 ],[ 6, 2 ]);
GROU(36,6,[ 0, 2, 3, 3, 3, 3, 3, 3, 6, 6, 6, 6, 6, 6, 6, 6, 6, 6, 6 ],
[ 6, 2 ]);
GROU(36,6,[ 0, 2, 3, 3, 3, 3, 3, 3, 3, 3, 3, 3, 3, 6, 6, 6, 6, 6, 6, 6 ],
[ 6, 2 ]);
GROU(36,6,[ 0, 2, 3, 3, 3, 3, 3, 3, 3, 3, 3, 3, 3, 3, 3, 3, 3, 3, 6, 6, 6 ],
[ 6, 2 ]);
GROU(36,6,[ 0, 2, 2, 3, 3, 3, 3, 6, 6, 6, 6, 6, 6, 6, 6, 6, 6, 6, 6 ],
[ 6, 2 ]);
GROU(36,6,[ 0, 2, 2, 3, 3, 3, 3, 3, 3, 3, 3, 3, 6, 6, 6, 6, 6, 6, 6, 6 ],
[ 6, 2 ]);
GROU(36,6,[ 0, 2, 2, 3, 3, 3, 3, 3, 3, 3, 3, 3, 3, 3, 3, 3, 3, 6, 6, 6, 6 ],
[ 6, 2 ]);
GROU(36,6,[ 0, 2, 2, 3, 3, 3, 3, 3, 3, 3, 3, 3, 3, 3, 3, 3, 3, 3, 3, 3, 3, 3 
 ],[ 6, 1 ]);
GROU(36,6,[ 0, 2, 2, 3, 3, 3, 3, 3, 3, 3, 3, 3, 3, 3, 3, 3, 3, 3, 3, 3, 3, 3 
 ],[ 6, 2 ]);
GROU(36,6,[ 0, 2, 2, 2, 3, 3, 6, 6, 6, 6, 6, 6, 6, 6, 6, 6, 6, 6, 6 ],
[ 6, 2 ]);
GROU(36,6,[ 0, 2, 2, 2, 3, 3, 3, 3, 3, 3, 3, 6, 6, 6, 6, 6, 6, 6, 6, 6 ],
[ 6, 2 ]);
GROU(36,6,[ 0, 2, 2, 2, 3, 3, 3, 3, 3, 3, 3, 3, 3, 3, 3, 3, 6, 6, 6, 6, 6 ],
[ 6, 2 ]);
GROU(36,6,[ 0, 2, 2, 2, 3, 3, 3, 3, 3, 3, 3, 3, 3, 3, 3, 3, 3, 3, 3, 3, 3, 6 
 ],[ 6, 2 ]);
GROU(36,6,[ 0, 2, 2, 2, 2, 6, 6, 6, 6, 6, 6, 6, 6, 6, 6, 6, 6, 6, 6 ],
[ 6, 2 ]);
GROU(36,6,[ 0, 2, 2, 2, 2, 3, 3, 3, 3, 3, 6, 6, 6, 6, 6, 6, 6, 6, 6, 6 ],
[ 6, 2 ]);
GROU(36,6,[ 0, 2, 2, 2, 2, 3, 3, 3, 3, 3, 3, 3, 3, 3, 3, 6, 6, 6, 6, 6, 6 ],
[ 6, 2 ]);
GROU(36,6,[ 0, 2, 2, 2, 2, 3, 3, 3, 3, 3, 3, 3, 3, 3, 3, 3, 3, 3, 3, 3, 6, 6 
 ],[ 6, 2 ]);
GROU(36,6,[ 0, 2, 2, 2, 2, 2, 3, 3, 3, 6, 6, 6, 6, 6, 6, 6, 6, 6, 6, 6 ],
[ 6, 2 ]);
GROU(36,6,[ 0, 2, 2, 2, 2, 2, 3, 3, 3, 3, 3, 3, 3, 3, 6, 6, 6, 6, 6, 6, 6 ],
[ 6, 2 ]);
GROU(36,6,[ 0, 2, 2, 2, 2, 2, 3, 3, 3, 3, 3, 3, 3, 3, 3, 3, 3, 3, 3, 6, 6, 6 
 ],[ 6, 2 ]);
GROU(36,6,[ 0, 2, 2, 2, 2, 2, 2, 3, 6, 6, 6, 6, 6, 6, 6, 6, 6, 6, 6, 6 ],
[ 6, 2 ]);
GROU(36,6,[ 0, 2, 2, 2, 2, 2, 2, 3, 3, 3, 3, 3, 3, 6, 6, 6, 6, 6, 6, 6, 6 ],
[ 6, 2 ]);
GROU(36,6,[ 0, 2, 2, 2, 2, 2, 2, 3, 3, 3, 3, 3, 3, 3, 3, 3, 3, 3, 6, 6, 6, 6 
 ],[ 6, 2 ]);
GROU(36,6,[ 0, 2, 2, 2, 2, 2, 2, 3, 3, 3, 3, 3, 3, 3, 3, 3, 3, 3, 3, 3, 3, 3, 
  3 ],[ 6, 1 ]);
GROU(36,6,[ 0, 2, 2, 2, 2, 2, 2, 3, 3, 3, 3, 3, 3, 3, 3, 3, 3, 3, 3, 3, 3, 3, 
  3 ],[ 6, 2 ]);
GROU(36,6,[ 0, 2, 2, 2, 2, 2, 2, 2, 3, 3, 3, 3, 6, 6, 6, 6, 6, 6, 6, 6, 6 ],
[ 6, 2 ]);
GROU(36,6,[ 0, 2, 2, 2, 2, 2, 2, 2, 3, 3, 3, 3, 3, 3, 3, 3, 3, 6, 6, 6, 6, 6 
 ],[ 6, 2 ]);
GROU(36,6,[ 0, 2, 2, 2, 2, 2, 2, 2, 3, 3, 3, 3, 3, 3, 3, 3, 3, 3, 3, 3, 3, 3, 
  6 ],[ 6, 2 ]);
GROU(36,6,[ 0, 2, 2, 2, 2, 2, 2, 2, 2, 3, 3, 6, 6, 6, 6, 6, 6, 6, 6, 6, 6 ],
[ 6, 2 ]);
GROU(36,6,[ 0, 2, 2, 2, 2, 2, 2, 2, 2, 3, 3, 3, 3, 3, 3, 3, 6, 6, 6, 6, 6, 6 
 ],[ 6, 2 ]);
GROU(36,6,[ 0, 2, 2, 2, 2, 2, 2, 2, 2, 3, 3, 3, 3, 3, 3, 3, 3, 3, 3, 3, 3, 6, 
  6 ],[ 6, 2 ]);
GROU(36,6,[ 0, 2, 2, 2, 2, 2, 2, 2, 2, 2, 6, 6, 6, 6, 6, 6, 6, 6, 6, 6, 6 ],
[ 6, 2 ]);
GROU(36,6,[ 0, 2, 2, 2, 2, 2, 2, 2, 2, 2, 3, 3, 3, 3, 3, 6, 6, 6, 6, 6, 6, 6 
 ],[ 6, 2 ]);
GROU(36,6,[ 0, 2, 2, 2, 2, 2, 2, 2, 2, 2, 3, 3, 3, 3, 3, 3, 3, 3, 3, 3, 6, 6, 
  6 ],[ 6, 2 ]);
GROU(36,6,[ 0, 2, 2, 2, 2, 2, 2, 2, 2, 2, 2, 3, 3, 3, 6, 6, 6, 6, 6, 6, 6, 6 
 ],[ 6, 2 ]);
GROU(36,6,[ 0, 2, 2, 2, 2, 2, 2, 2, 2, 2, 2, 3, 3, 3, 3, 3, 3, 3, 3, 6, 6, 6, 
  6 ],[ 6, 2 ]);
GROU(36,6,[ 0, 2, 2, 2, 2, 2, 2, 2, 2, 2, 2, 3, 3, 3, 3, 3, 3, 3, 3, 3, 3, 3, 
  3, 3 ],[ 6, 1 ]);
GROU(36,6,[ 0, 2, 2, 2, 2, 2, 2, 2, 2, 2, 2, 3, 3, 3, 3, 3, 3, 3, 3, 3, 3, 3, 
  3, 3 ],[ 6, 2 ]);
GROU(36,6,[ 0, 2, 2, 2, 2, 2, 2, 2, 2, 2, 2, 2, 3, 6, 6, 6, 6, 6, 6, 6, 6, 6 
 ],[ 6, 2 ]);
GROU(36,6,[ 0, 2, 2, 2, 2, 2, 2, 2, 2, 2, 2, 2, 3, 3, 3, 3, 3, 3, 6, 6, 6, 6, 
  6 ],[ 6, 2 ]);
GROU(36,6,[ 0, 2, 2, 2, 2, 2, 2, 2, 2, 2, 2, 2, 3, 3, 3, 3, 3, 3, 3, 3, 3, 3, 
  3, 6 ],[ 6, 2 ]);
GROU(36,6,[ 0, 2, 2, 2, 2, 2, 2, 2, 2, 2, 2, 2, 2, 3, 3, 3, 3, 6, 6, 6, 6, 6, 
  6 ],[ 6, 2 ]);
GROU(36,6,[ 0, 2, 2, 2, 2, 2, 2, 2, 2, 2, 2, 2, 2, 3, 3, 3, 3, 3, 3, 3, 3, 3, 
  6, 6 ],[ 6, 2 ]);
GROU(36,6,[ 0, 2, 2, 2, 2, 2, 2, 2, 2, 2, 2, 2, 2, 2, 3, 3, 6, 6, 6, 6, 6, 6, 
  6 ],[ 6, 2 ]);
GROU(36,6,[ 0, 2, 2, 2, 2, 2, 2, 2, 2, 2, 2, 2, 2, 2, 3, 3, 3, 3, 3, 3, 3, 6, 
  6, 6 ],[ 6, 2 ]);
GROU(36,6,[ 0, 2, 2, 2, 2, 2, 2, 2, 2, 2, 2, 2, 2, 2, 2, 6, 6, 6, 6, 6, 6, 6, 
  6 ],[ 6, 2 ]);
GROU(36,6,[ 0, 2, 2, 2, 2, 2, 2, 2, 2, 2, 2, 2, 2, 2, 2, 3, 3, 3, 3, 3, 6, 6, 
  6, 6 ],[ 6, 2 ]);
GROU(36,6,[ 0, 2, 2, 2, 2, 2, 2, 2, 2, 2, 2, 2, 2, 2, 2, 3, 3, 3, 3, 3, 3, 3, 
  3, 3, 3 ],[ 6, 1 ]);
GROU(36,6,[ 0, 2, 2, 2, 2, 2, 2, 2, 2, 2, 2, 2, 2, 2, 2, 3, 3, 3, 3, 3, 3, 3, 
  3, 3, 3 ],[ 6, 2 ]);
GROU(36,6,[ 0, 2, 2, 2, 2, 2, 2, 2, 2, 2, 2, 2, 2, 2, 2, 2, 3, 3, 3, 6, 6, 6, 
  6, 6 ],[ 6, 2 ]);
GROU(36,6,[ 0, 2, 2, 2, 2, 2, 2, 2, 2, 2, 2, 2, 2, 2, 2, 2, 3, 3, 3, 3, 3, 3, 
  3, 3, 6 ],[ 6, 2 ]);
GROU(36,6,[ 0, 2, 2, 2, 2, 2, 2, 2, 2, 2, 2, 2, 2, 2, 2, 2, 2, 3, 6, 6, 6, 6, 
  6, 6 ],[ 6, 2 ]);
GROU(36,6,[ 0, 2, 2, 2, 2, 2, 2, 2, 2, 2, 2, 2, 2, 2, 2, 2, 2, 3, 3, 3, 3, 3, 
  3, 6, 6 ],[ 6, 2 ]);
GROU(36,6,[ 0, 2, 2, 2, 2, 2, 2, 2, 2, 2, 2, 2, 2, 2, 2, 2, 2, 2, 3, 3, 3, 3, 
  6, 6, 6 ],[ 6, 2 ]);
GROU(36,6,[ 0, 2, 2, 2, 2, 2, 2, 2, 2, 2, 2, 2, 2, 2, 2, 2, 2, 2, 2, 3, 3, 6, 
  6, 6, 6 ],[ 6, 2 ]);
GROU(36,6,[ 0, 2, 2, 2, 2, 2, 2, 2, 2, 2, 2, 2, 2, 2, 2, 2, 2, 2, 2, 3, 3, 3, 
  3, 3, 3, 3 ],[ 6, 1 ]);
GROU(36,6,[ 0, 2, 2, 2, 2, 2, 2, 2, 2, 2, 2, 2, 2, 2, 2, 2, 2, 2, 2, 3, 3, 3, 
  3, 3, 3, 3 ],[ 6, 2 ]);
GROU(36,6,[ 0, 2, 2, 2, 2, 2, 2, 2, 2, 2, 2, 2, 2, 2, 2, 2, 2, 2, 2, 2, 6, 6, 
  6, 6, 6 ],[ 6, 2 ]);
GROU(36,6,[ 0, 2, 2, 2, 2, 2, 2, 2, 2, 2, 2, 2, 2, 2, 2, 2, 2, 2, 2, 2, 3, 3, 
  3, 3, 3, 6 ],[ 6, 2 ]);
GROU(36,6,[ 0, 2, 2, 2, 2, 2, 2, 2, 2, 2, 2, 2, 2, 2, 2, 2, 2, 2, 2, 2, 2, 3, 
  3, 3, 6, 6 ],[ 6, 2 ]);
GROU(36,6,[ 0, 2, 2, 2, 2, 2, 2, 2, 2, 2, 2, 2, 2, 2, 2, 2, 2, 2, 2, 2, 2, 2, 
  3, 6, 6, 6 ],[ 6, 2 ]);
GROU(36,6,[ 0, 2, 2, 2, 2, 2, 2, 2, 2, 2, 2, 2, 2, 2, 2, 2, 2, 2, 2, 2, 2, 2, 
  2, 3, 3, 3, 3 ],[ 6, 1 ]);
GROU(36,6,[ 0, 2, 2, 2, 2, 2, 2, 2, 2, 2, 2, 2, 2, 2, 2, 2, 2, 2, 2, 2, 2, 2, 
  2, 3, 3, 3, 3 ],[ 6, 2 ]);
GROU(36,6,[ 0, 2, 2, 2, 2, 2, 2, 2, 2, 2, 2, 2, 2, 2, 2, 2, 2, 2, 2, 2, 2, 2, 
  2, 2, 3, 3, 6 ],[ 6, 2 ]);
GROU(36,6,[ 0, 2, 2, 2, 2, 2, 2, 2, 2, 2, 2, 2, 2, 2, 2, 2, 2, 2, 2, 2, 2, 2, 
  2, 2, 2, 6, 6 ],[ 6, 2 ]);
GROU(36,6,[ 0, 2, 2, 2, 2, 2, 2, 2, 2, 2, 2, 2, 2, 2, 2, 2, 2, 2, 2, 2, 2, 2, 
  2, 2, 2, 2, 2, 3 ],[ 6, 1 ]);
GROU(36,7,[ 0, 7, 7, 7, 7, 7, 7, 7, 7, 7, 7, 7, 7, 7, 7 ],[ 7, 1 ]);
GROU(36,8,[ 0, 4, 4, 4, 4, 4, 8, 8, 8, 8, 8, 8, 8, 8 ],[ 8, 1 ]);
GROU(36,8,[ 0, 4, 4, 4, 4, 4, 4, 4, 4, 4, 4, 4, 4, 8, 8 ],[ 8, 1 ]);
GROU(36,8,[ 0, 2, 4, 4, 8, 8, 8, 8, 8, 8, 8, 8, 8, 8 ],[ 8, 1 ]);
GROU(36,8,[ 0, 2, 4, 4, 4, 4, 4, 4, 4, 4, 4, 8, 8, 8, 8 ],[ 8, 1 ]);
GROU(36,8,[ 0, 2, 2, 4, 4, 4, 4, 4, 4, 8, 8, 8, 8, 8, 8 ],[ 8, 1 ]);
GROU(36,8,[ 0, 2, 2, 4, 4, 4, 4, 4, 4, 4, 4, 4, 4, 4, 4, 4 ],[ 8, 3 ]);
GROU(36,8,[ 0, 2, 2, 4, 4, 4, 4, 4, 4, 4, 4, 4, 4, 4, 4, 4 ],[ 8, 4 ]);
GROU(36,8,[ 0, 2, 2, 2, 4, 4, 4, 8, 8, 8, 8, 8, 8, 8, 8 ],[ 8, 1 ]);
GROU(36,8,[ 0, 2, 2, 2, 4, 4, 4, 4, 4, 4, 4, 4, 4, 4, 8, 8 ],[ 8, 1 ]);
GROU(36,8,[ 0, 2, 2, 2, 2, 8, 8, 8, 8, 8, 8, 8, 8, 8, 8 ],[ 8, 1 ]);
GROU(36,8,[ 0, 2, 2, 2, 2, 4, 4, 4, 4, 4, 4, 4, 8, 8, 8, 8 ],[ 8, 1 ]);
GROU(36,8,[ 0, 2, 2, 2, 2, 2, 4, 4, 4, 4, 8, 8, 8, 8, 8, 8 ],[ 8, 1 ]);
GROU(36,8,[ 0, 2, 2, 2, 2, 2, 4, 4, 4, 4, 4, 4, 4, 4, 4, 4, 4 ],[ 8, 3 ]);
GROU(36,8,[ 0, 2, 2, 2, 2, 2, 4, 4, 4, 4, 4, 4, 4, 4, 4, 4, 4 ],[ 8, 4 ]);
GROU(36,8,[ 0, 2, 2, 2, 2, 2, 2, 4, 8, 8, 8, 8, 8, 8, 8, 8 ],[ 8, 1 ]);
GROU(36,8,[ 0, 2, 2, 2, 2, 2, 2, 4, 4, 4, 4, 4, 4, 4, 4, 8, 8 ],[ 8, 1 ]);
GROU(36,8,[ 0, 2, 2, 2, 2, 2, 2, 2, 4, 4, 4, 4, 4, 8, 8, 8, 8 ],[ 8, 1 ]);
GROU(36,8,[ 0, 2, 2, 2, 2, 2, 2, 2, 2, 4, 4, 8, 8, 8, 8, 8, 8 ],[ 8, 1 ]);
GROU(36,8,[ 0, 2, 2, 2, 2, 2, 2, 2, 2, 4, 4, 4, 4, 4, 4, 4, 4, 4 ],[ 8, 3 ]);
GROU(36,8,[ 0, 2, 2, 2, 2, 2, 2, 2, 2, 4, 4, 4, 4, 4, 4, 4, 4, 4 ],[ 8, 4 ]);
GROU(36,8,[ 0, 2, 2, 2, 2, 2, 2, 2, 2, 2, 4, 4, 4, 4, 4, 4, 8, 8 ],[ 8, 1 ]);
GROU(36,8,[ 0, 2, 2, 2, 2, 2, 2, 2, 2, 2, 2, 4, 4, 4, 8, 8, 8, 8 ],[ 8, 1 ]);
GROU(36,8,[ 0, 2, 2, 2, 2, 2, 2, 2, 2, 2, 2, 2, 8, 8, 8, 8, 8, 8 ],[ 8, 1 ]);
GROU(36,8,[ 0, 2, 2, 2, 2, 2, 2, 2, 2, 2, 2, 2, 4, 4, 4, 4, 4, 4, 4 ],
[ 8, 3 ]);
GROU(36,8,[ 0, 2, 2, 2, 2, 2, 2, 2, 2, 2, 2, 2, 4, 4, 4, 4, 4, 4, 4 ],
[ 8, 4 ]);
GROU(36,8,[ 0, 2, 2, 2, 2, 2, 2, 2, 2, 2, 2, 2, 2, 4, 4, 4, 4, 8, 8 ],
[ 8, 1 ]);
GROU(36,8,[ 0, 2, 2, 2, 2, 2, 2, 2, 2, 2, 2, 2, 2, 2, 4, 8, 8, 8, 8 ],
[ 8, 1 ]);
GROU(36,8,[ 0, 2, 2, 2, 2, 2, 2, 2, 2, 2, 2, 2, 2, 2, 2, 4, 4, 4, 4, 4 ],
[ 8, 3 ]);
GROU(36,8,[ 0, 2, 2, 2, 2, 2, 2, 2, 2, 2, 2, 2, 2, 2, 2, 4, 4, 4, 4, 4 ],
[ 8, 4 ]);
GROU(36,8,[ 0, 2, 2, 2, 2, 2, 2, 2, 2, 2, 2, 2, 2, 2, 2, 2, 4, 4, 8, 8 ],
[ 8, 1 ]);
GROU(36,8,[ 0, 2, 2, 2, 2, 2, 2, 2, 2, 2, 2, 2, 2, 2, 2, 2, 2, 2, 4, 4, 4 ],
[ 8, 3 ]);
GROU(36,8,[ 0, 2, 2, 2, 2, 2, 2, 2, 2, 2, 2, 2, 2, 2, 2, 2, 2, 2, 4, 4, 4 ],
[ 8, 4 ]);
GROU(36,8,[ 0, 2, 2, 2, 2, 2, 2, 2, 2, 2, 2, 2, 2, 2, 2, 2, 2, 2, 2, 8, 8 ],
[ 8, 1 ]);
GROU(36,8,[ 0, 2, 2, 2, 2, 2, 2, 2, 2, 2, 2, 2, 2, 2, 2, 2, 2, 2, 2, 2, 2, 4 
 ],[ 8, 3 ]);
GROU(36,9,[ 0, 9, 9, 9, 9, 9, 9, 9, 9, 9, 9, 9 ],[ 9, 1 ]);
GROU(36,9,[ 0, 3, 3, 3, 3, 9, 9, 9, 9, 9, 9, 9, 9 ],[ 9, 1 ]);
GROU(36,9,[ 0, 3, 3, 3, 3, 3, 3, 3, 3, 9, 9, 9, 9, 9 ],[ 9, 1 ]);
GROU(36,9,[ 0, 3, 3, 3, 3, 3, 3, 3, 3, 3, 3, 3, 3, 9, 9 ],[ 9, 1 ]);
GROU(36,10,[ 0, 10, 10, 10, 10, 10, 10, 10, 10, 10, 10 ],[ 10, 2 ]);
GROU(36,10,[ 0, 5, 5, 5, 5, 5, 5, 5, 5, 5, 10, 10 ],[ 10, 2 ]);
GROU(36,10,[ 0, 2, 5, 5, 5, 5, 5, 10, 10, 10, 10, 10 ],[ 10, 2 ]);
GROU(36,10,[ 0, 2, 2, 5, 10, 10, 10, 10, 10, 10, 10, 10 ],[ 10, 2 ]);
GROU(36,10,[ 0, 2, 2, 5, 5, 5, 5, 5, 5, 5, 5, 5, 5 ],[ 10, 1 ]);
GROU(36,10,[ 0, 2, 2, 5, 5, 5, 5, 5, 5, 5, 5, 5, 5 ],[ 10, 2 ]);
GROU(36,10,[ 0, 2, 2, 2, 5, 5, 5, 5, 5, 5, 10, 10, 10 ],[ 10, 2 ]);
GROU(36,10,[ 0, 2, 2, 2, 2, 5, 5, 10, 10, 10, 10, 10, 10 ],[ 10, 2 ]);
GROU(36,10,[ 0, 2, 2, 2, 2, 2, 5, 5, 5, 5, 5, 5, 5, 10 ],[ 10, 2 ]);
GROU(36,10,[ 0, 2, 2, 2, 2, 2, 2, 5, 5, 5, 10, 10, 10, 10 ],[ 10, 2 ]);
GROU(36,10,[ 0, 2, 2, 2, 2, 2, 2, 2, 2, 5, 5, 5, 5, 10, 10 ],[ 10, 2 ]);
GROU(36,10,[ 0, 2, 2, 2, 2, 2, 2, 2, 2, 2, 10, 10, 10, 10, 10 ],[ 10, 2 ]);
GROU(36,10,[ 0, 2, 2, 2, 2, 2, 2, 2, 2, 2, 2, 5, 5, 5, 5, 5 ],[ 10, 1 ]);
GROU(36,10,[ 0, 2, 2, 2, 2, 2, 2, 2, 2, 2, 2, 5, 5, 5, 5, 5 ],[ 10, 2 ]);
GROU(36,10,[ 0, 2, 2, 2, 2, 2, 2, 2, 2, 2, 2, 2, 5, 10, 10, 10 ],[ 10, 2 ]);
GROU(36,10,[ 0, 2, 2, 2, 2, 2, 2, 2, 2, 2, 2, 2, 2, 2, 5, 5, 10 ],[ 10, 2 ]);
GROU(36,10,[ 0, 2, 2, 2, 2, 2, 2, 2, 2, 2, 2, 2, 2, 2, 2, 2, 2, 2, 2 ],
[ 10, 1 ]);
GROU(36,12,[ 0, 6, 6, 6, 6, 6, 12, 12, 12, 12 ],[ 12, 2 ]);
GROU(36,12,[ 0, 4, 6, 6, 6, 12, 12, 12, 12, 12 ],[ 12, 2 ]);
GROU(36,12,[ 0, 4, 4, 6, 12, 12, 12, 12, 12, 12 ],[ 12, 2 ]);
GROU(36,12,[ 0, 4, 4, 4, 4, 4, 4, 6, 6, 6, 6 ],[ 12, 1 ]);
GROU(36,12,[ 0, 4, 4, 4, 4, 4, 4, 6, 6, 6, 6 ],[ 12, 2 ]);
GROU(36,12,[ 0, 4, 4, 4, 4, 4, 4, 4, 6, 6, 12 ],[ 12, 2 ]);
GROU(36,12,[ 0, 4, 4, 4, 4, 4, 4, 4, 4, 12, 12 ],[ 12, 2 ]);
GROU(36,12,[ 0, 3, 6, 6, 12, 12, 12, 12, 12, 12 ],[ 12, 2 ]);
GROU(36,12,[ 0, 3, 4, 12, 12, 12, 12, 12, 12, 12 ],[ 12, 2 ]);
GROU(36,12,[ 0, 3, 4, 4, 4, 4, 6, 6, 6, 6, 6 ],[ 12, 1 ]);
GROU(36,12,[ 0, 3, 4, 4, 4, 4, 6, 6, 6, 6, 6 ],[ 12, 2 ]);
GROU(36,12,[ 0, 3, 4, 4, 4, 4, 4, 6, 6, 6, 12 ],[ 12, 2 ]);
GROU(36,12,[ 0, 3, 4, 4, 4, 4, 4, 4, 6, 12, 12 ],[ 12, 2 ]);
GROU(36,12,[ 0, 3, 3, 4, 4, 6, 6, 6, 6, 6, 6 ],[ 12, 1 ]);
GROU(36,12,[ 0, 3, 3, 4, 4, 6, 6, 6, 6, 6, 6 ],[ 12, 2 ]);
GROU(36,12,[ 0, 3, 3, 4, 4, 4, 6, 6, 6, 6, 12 ],[ 12, 2 ]);
GROU(36,12,[ 0, 3, 3, 4, 4, 4, 4, 6, 6, 12, 12 ],[ 12, 2 ]);
GROU(36,12,[ 0, 3, 3, 4, 4, 4, 4, 4, 12, 12, 12 ],[ 12, 2 ]);
GROU(36,12,[ 0, 3, 3, 3, 6, 6, 6, 6, 6, 6, 6 ],[ 12, 5 ]);
GROU(36,12,[ 0, 3, 3, 3, 4, 6, 6, 6, 6, 6, 12 ],[ 12, 2 ]);
GROU(36,12,[ 0, 3, 3, 3, 4, 4, 6, 6, 6, 12, 12 ],[ 12, 2 ]);
GROU(36,12,[ 0, 3, 3, 3, 4, 4, 4, 6, 12, 12, 12 ],[ 12, 2 ]);
GROU(36,12,[ 0, 3, 3, 3, 3, 6, 6, 6, 6, 12, 12 ],[ 12, 2 ]);
GROU(36,12,[ 0, 3, 3, 3, 3, 4, 6, 6, 12, 12, 12 ],[ 12, 2 ]);
GROU(36,12,[ 0, 3, 3, 3, 3, 4, 4, 12, 12, 12, 12 ],[ 12, 2 ]);
GROU(36,12,[ 0, 3, 3, 3, 3, 3, 6, 12, 12, 12, 12 ],[ 12, 2 ]);
GROU(36,12,[ 0, 3, 3, 3, 3, 3, 4, 4, 4, 4, 4, 4 ],[ 12, 1 ]);
GROU(36,12,[ 0, 3, 3, 3, 3, 3, 4, 4, 4, 4, 4, 4 ],[ 12, 2 ]);
GROU(36,12,[ 0, 3, 3, 3, 3, 3, 3, 4, 4, 4, 4, 6 ],[ 12, 1 ]);
GROU(36,12,[ 0, 3, 3, 3, 3, 3, 3, 4, 4, 4, 4, 6 ],[ 12, 2 ]);
GROU(36,12,[ 0, 3, 3, 3, 3, 3, 3, 3, 4, 4, 6, 6 ],[ 12, 1 ]);
GROU(36,12,[ 0, 3, 3, 3, 3, 3, 3, 3, 4, 4, 6, 6 ],[ 12, 2 ]);
GROU(36,12,[ 0, 3, 3, 3, 3, 3, 3, 3, 4, 4, 4, 12 ],[ 12, 2 ]);
GROU(36,12,[ 0, 3, 3, 3, 3, 3, 3, 3, 3, 6, 6, 6 ],[ 12, 5 ]);
GROU(36,12,[ 0, 3, 3, 3, 3, 3, 3, 3, 3, 4, 6, 12 ],[ 12, 2 ]);
GROU(36,12,[ 0, 3, 3, 3, 3, 3, 3, 3, 3, 3, 12, 12 ],[ 12, 2 ]);
GROU(36,12,[ 0, 2, 12, 12, 12, 12, 12, 12, 12, 12 ],[ 12, 2 ]);
GROU(36,12,[ 0, 2, 4, 4, 6, 6, 6, 6, 6, 6, 6 ],[ 12, 1 ]);
GROU(36,12,[ 0, 2, 4, 4, 6, 6, 6, 6, 6, 6, 6 ],[ 12, 2 ]);
GROU(36,12,[ 0, 2, 4, 4, 4, 6, 6, 6, 6, 6, 12 ],[ 12, 2 ]);
GROU(36,12,[ 0, 2, 4, 4, 4, 4, 6, 6, 6, 12, 12 ],[ 12, 2 ]);
GROU(36,12,[ 0, 2, 4, 4, 4, 4, 4, 6, 12, 12, 12 ],[ 12, 2 ]);
GROU(36,12,[ 0, 2, 3, 6, 6, 6, 6, 6, 6, 6, 6 ],[ 12, 5 ]);
GROU(36,12,[ 0, 2, 3, 4, 6, 6, 6, 6, 6, 6, 12 ],[ 12, 2 ]);
GROU(36,12,[ 0, 2, 3, 4, 4, 6, 6, 6, 6, 12, 12 ],[ 12, 2 ]);
GROU(36,12,[ 0, 2, 3, 4, 4, 4, 6, 6, 12, 12, 12 ],[ 12, 2 ]);
GROU(36,12,[ 0, 2, 3, 4, 4, 4, 4, 12, 12, 12, 12 ],[ 12, 2 ]);
GROU(36,12,[ 0, 2, 3, 3, 6, 6, 6, 6, 6, 12, 12 ],[ 12, 2 ]);
GROU(36,12,[ 0, 2, 3, 3, 4, 6, 6, 6, 12, 12, 12 ],[ 12, 2 ]);
GROU(36,12,[ 0, 2, 3, 3, 4, 4, 6, 12, 12, 12, 12 ],[ 12, 2 ]);
GROU(36,12,[ 0, 2, 3, 3, 4, 4, 4, 4, 4, 4, 4, 4 ],[ 12, 1 ]);
GROU(36,12,[ 0, 2, 3, 3, 4, 4, 4, 4, 4, 4, 4, 4 ],[ 12, 2 ]);
GROU(36,12,[ 0, 2, 3, 3, 3, 6, 6, 12, 12, 12, 12 ],[ 12, 2 ]);
GROU(36,12,[ 0, 2, 3, 3, 3, 4, 12, 12, 12, 12, 12 ],[ 12, 2 ]);
GROU(36,12,[ 0, 2, 3, 3, 3, 4, 4, 4, 4, 4, 4, 6 ],[ 12, 1 ]);
GROU(36,12,[ 0, 2, 3, 3, 3, 4, 4, 4, 4, 4, 4, 6 ],[ 12, 2 ]);
GROU(36,12,[ 0, 2, 3, 3, 3, 3, 4, 4, 4, 4, 6, 6 ],[ 12, 1 ]);
GROU(36,12,[ 0, 2, 3, 3, 3, 3, 4, 4, 4, 4, 6, 6 ],[ 12, 2 ]);
GROU(36,12,[ 0, 2, 3, 3, 3, 3, 4, 4, 4, 4, 4, 12 ],[ 12, 2 ]);
GROU(36,12,[ 0, 2, 3, 3, 3, 3, 3, 4, 4, 6, 6, 6 ],[ 12, 1 ]);
GROU(36,12,[ 0, 2, 3, 3, 3, 3, 3, 4, 4, 6, 6, 6 ],[ 12, 2 ]);
GROU(36,12,[ 0, 2, 3, 3, 3, 3, 3, 4, 4, 4, 6, 12 ],[ 12, 2 ]);
GROU(36,12,[ 0, 2, 3, 3, 3, 3, 3, 3, 6, 6, 6, 6 ],[ 12, 5 ]);
GROU(36,12,[ 0, 2, 3, 3, 3, 3, 3, 3, 4, 6, 6, 12 ],[ 12, 2 ]);
GROU(36,12,[ 0, 2, 3, 3, 3, 3, 3, 3, 4, 4, 12, 12 ],[ 12, 2 ]);
GROU(36,12,[ 0, 2, 3, 3, 3, 3, 3, 3, 3, 6, 12, 12 ],[ 12, 2 ]);
GROU(36,12,[ 0, 2, 3, 3, 3, 3, 3, 3, 3, 3, 3, 3, 3 ],[ 12, 3 ]);
GROU(36,12,[ 0, 2, 2, 6, 6, 6, 6, 6, 6, 12, 12 ],[ 12, 2 ]);
GROU(36,12,[ 0, 2, 2, 4, 6, 6, 6, 6, 12, 12, 12 ],[ 12, 2 ]);
GROU(36,12,[ 0, 2, 2, 4, 4, 6, 6, 12, 12, 12, 12 ],[ 12, 2 ]);
GROU(36,12,[ 0, 2, 2, 4, 4, 4, 12, 12, 12, 12, 12 ],[ 12, 2 ]);
GROU(36,12,[ 0, 2, 2, 4, 4, 4, 4, 4, 4, 4, 4, 6 ],[ 12, 1 ]);
GROU(36,12,[ 0, 2, 2, 3, 6, 6, 6, 12, 12, 12, 12 ],[ 12, 2 ]);
GROU(36,12,[ 0, 2, 2, 3, 4, 6, 12, 12, 12, 12, 12 ],[ 12, 2 ]);
GROU(36,12,[ 0, 2, 2, 3, 4, 4, 4, 4, 4, 4, 6, 6 ],[ 12, 1 ]);
GROU(36,12,[ 0, 2, 2, 3, 4, 4, 4, 4, 4, 4, 6, 6 ],[ 12, 2 ]);
GROU(36,12,[ 0, 2, 2, 3, 4, 4, 4, 4, 4, 4, 4, 12 ],[ 12, 2 ]);
GROU(36,12,[ 0, 2, 2, 3, 3, 12, 12, 12, 12, 12, 12 ],[ 12, 2 ]);
GROU(36,12,[ 0, 2, 2, 3, 3, 4, 4, 4, 4, 6, 6, 6 ],[ 12, 1 ]);
GROU(36,12,[ 0, 2, 2, 3, 3, 4, 4, 4, 4, 6, 6, 6 ],[ 12, 2 ]);
GROU(36,12,[ 0, 2, 2, 3, 3, 4, 4, 4, 4, 4, 6, 12 ],[ 12, 2 ]);
GROU(36,12,[ 0, 2, 2, 3, 3, 3, 4, 4, 6, 6, 6, 6 ],[ 12, 1 ]);
GROU(36,12,[ 0, 2, 2, 3, 3, 3, 4, 4, 6, 6, 6, 6 ],[ 12, 2 ]);
GROU(36,12,[ 0, 2, 2, 3, 3, 3, 4, 4, 4, 6, 6, 12 ],[ 12, 2 ]);
GROU(36,12,[ 0, 2, 2, 3, 3, 3, 4, 4, 4, 4, 12, 12 ],[ 12, 2 ]);
GROU(36,12,[ 0, 2, 2, 3, 3, 3, 3, 6, 6, 6, 6, 6 ],[ 12, 4 ]);
GROU(36,12,[ 0, 2, 2, 3, 3, 3, 3, 6, 6, 6, 6, 6 ],[ 12, 5 ]);
GROU(36,12,[ 0, 2, 2, 3, 3, 3, 3, 4, 6, 6, 6, 12 ],[ 12, 2 ]);
GROU(36,12,[ 0, 2, 2, 3, 3, 3, 3, 4, 4, 6, 12, 12 ],[ 12, 2 ]);
GROU(36,12,[ 0, 2, 2, 3, 3, 3, 3, 3, 6, 6, 12, 12 ],[ 12, 2 ]);
GROU(36,12,[ 0, 2, 2, 3, 3, 3, 3, 3, 4, 12, 12, 12 ],[ 12, 2 ]);
GROU(36,12,[ 0, 2, 2, 3, 3, 3, 3, 3, 3, 3, 3, 4, 4 ],[ 12, 1 ]);
GROU(36,12,[ 0, 2, 2, 3, 3, 3, 3, 3, 3, 3, 3, 4, 4 ],[ 12, 2 ]);
GROU(36,12,[ 0, 2, 2, 3, 3, 3, 3, 3, 3, 3, 3, 3, 6 ],[ 12, 4 ]);
GROU(36,12,[ 0, 2, 2, 3, 3, 3, 3, 3, 3, 3, 3, 3, 6 ],[ 12, 5 ]);
GROU(36,12,[ 0, 2, 2, 2, 6, 12, 12, 12, 12, 12, 12 ],[ 12, 2 ]);
GROU(36,12,[ 0, 2, 2, 2, 4, 4, 4, 4, 6, 6, 6, 6 ],[ 12, 1 ]);
GROU(36,12,[ 0, 2, 2, 2, 4, 4, 4, 4, 6, 6, 6, 6 ],[ 12, 2 ]);
GROU(36,12,[ 0, 2, 2, 2, 4, 4, 4, 4, 4, 6, 6, 12 ],[ 12, 2 ]);
GROU(36,12,[ 0, 2, 2, 2, 4, 4, 4, 4, 4, 4, 12, 12 ],[ 12, 2 ]);
GROU(36,12,[ 0, 2, 2, 2, 3, 4, 4, 6, 6, 6, 6, 6 ],[ 12, 1 ]);
GROU(36,12,[ 0, 2, 2, 2, 3, 4, 4, 6, 6, 6, 6, 6 ],[ 12, 2 ]);
GROU(36,12,[ 0, 2, 2, 2, 3, 4, 4, 4, 6, 6, 6, 12 ],[ 12, 2 ]);
GROU(36,12,[ 0, 2, 2, 2, 3, 4, 4, 4, 4, 6, 12, 12 ],[ 12, 2 ]);
GROU(36,12,[ 0, 2, 2, 2, 3, 3, 6, 6, 6, 6, 6, 6 ],[ 12, 4 ]);
GROU(36,12,[ 0, 2, 2, 2, 3, 3, 6, 6, 6, 6, 6, 6 ],[ 12, 5 ]);
GROU(36,12,[ 0, 2, 2, 2, 3, 3, 4, 6, 6, 6, 6, 12 ],[ 12, 2 ]);
GROU(36,12,[ 0, 2, 2, 2, 3, 3, 4, 4, 6, 6, 12, 12 ],[ 12, 2 ]);
GROU(36,12,[ 0, 2, 2, 2, 3, 3, 4, 4, 4, 12, 12, 12 ],[ 12, 2 ]);
GROU(36,12,[ 0, 2, 2, 2, 3, 3, 3, 6, 6, 6, 12, 12 ],[ 12, 2 ]);
GROU(36,12,[ 0, 2, 2, 2, 3, 3, 3, 4, 6, 12, 12, 12 ],[ 12, 2 ]);
GROU(36,12,[ 0, 2, 2, 2, 3, 3, 3, 3, 12, 12, 12, 12 ],[ 12, 2 ]);
GROU(36,12,[ 0, 2, 2, 2, 3, 3, 3, 3, 3, 4, 4, 4, 4 ],[ 12, 1 ]);
GROU(36,12,[ 0, 2, 2, 2, 3, 3, 3, 3, 3, 4, 4, 4, 4 ],[ 12, 2 ]);
GROU(36,12,[ 0, 2, 2, 2, 3, 3, 3, 3, 3, 3, 4, 4, 6 ],[ 12, 1 ]);
GROU(36,12,[ 0, 2, 2, 2, 3, 3, 3, 3, 3, 3, 4, 4, 6 ],[ 12, 2 ]);
GROU(36,12,[ 0, 2, 2, 2, 3, 3, 3, 3, 3, 3, 3, 6, 6 ],[ 12, 4 ]);
GROU(36,12,[ 0, 2, 2, 2, 3, 3, 3, 3, 3, 3, 3, 6, 6 ],[ 12, 5 ]);
GROU(36,12,[ 0, 2, 2, 2, 3, 3, 3, 3, 3, 3, 3, 4, 12 ],[ 12, 2 ]);
GROU(36,12,[ 0, 2, 2, 2, 2, 6, 6, 6, 6, 6, 6, 6 ],[ 12, 4 ]);
GROU(36,12,[ 0, 2, 2, 2, 2, 6, 6, 6, 6, 6, 6, 6 ],[ 12, 5 ]);
GROU(36,12,[ 0, 2, 2, 2, 2, 4, 6, 6, 6, 6, 6, 12 ],[ 12, 2 ]);
GROU(36,12,[ 0, 2, 2, 2, 2, 4, 4, 6, 6, 6, 12, 12 ],[ 12, 2 ]);
GROU(36,12,[ 0, 2, 2, 2, 2, 4, 4, 4, 6, 12, 12, 12 ],[ 12, 2 ]);
GROU(36,12,[ 0, 2, 2, 2, 2, 3, 6, 6, 6, 6, 12, 12 ],[ 12, 2 ]);
GROU(36,12,[ 0, 2, 2, 2, 2, 3, 4, 6, 6, 12, 12, 12 ],[ 12, 2 ]);
GROU(36,12,[ 0, 2, 2, 2, 2, 3, 4, 4, 12, 12, 12, 12 ],[ 12, 2 ]);
GROU(36,12,[ 0, 2, 2, 2, 2, 3, 3, 6, 12, 12, 12, 12 ],[ 12, 2 ]);
GROU(36,12,[ 0, 2, 2, 2, 2, 3, 3, 4, 4, 4, 4, 4, 4 ],[ 12, 1 ]);
GROU(36,12,[ 0, 2, 2, 2, 2, 3, 3, 4, 4, 4, 4, 4, 4 ],[ 12, 2 ]);
GROU(36,12,[ 0, 2, 2, 2, 2, 3, 3, 3, 4, 4, 4, 4, 6 ],[ 12, 1 ]);
GROU(36,12,[ 0, 2, 2, 2, 2, 3, 3, 3, 4, 4, 4, 4, 6 ],[ 12, 2 ]);
GROU(36,12,[ 0, 2, 2, 2, 2, 3, 3, 3, 3, 4, 4, 6, 6 ],[ 12, 1 ]);
GROU(36,12,[ 0, 2, 2, 2, 2, 3, 3, 3, 3, 4, 4, 6, 6 ],[ 12, 2 ]);
GROU(36,12,[ 0, 2, 2, 2, 2, 3, 3, 3, 3, 4, 4, 4, 12 ],[ 12, 2 ]);
GROU(36,12,[ 0, 2, 2, 2, 2, 3, 3, 3, 3, 3, 6, 6, 6 ],[ 12, 4 ]);
GROU(36,12,[ 0, 2, 2, 2, 2, 3, 3, 3, 3, 3, 6, 6, 6 ],[ 12, 5 ]);
GROU(36,12,[ 0, 2, 2, 2, 2, 3, 3, 3, 3, 3, 4, 6, 12 ],[ 12, 2 ]);
GROU(36,12,[ 0, 2, 2, 2, 2, 3, 3, 3, 3, 3, 3, 12, 12 ],[ 12, 2 ]);
GROU(36,12,[ 0, 2, 2, 2, 2, 2, 6, 6, 12, 12, 12, 12 ],[ 12, 2 ]);
GROU(36,12,[ 0, 2, 2, 2, 2, 2, 4, 12, 12, 12, 12, 12 ],[ 12, 2 ]);
GROU(36,12,[ 0, 2, 2, 2, 2, 2, 4, 4, 4, 4, 4, 4, 6 ],[ 12, 1 ]);
GROU(36,12,[ 0, 2, 2, 2, 2, 2, 3, 4, 4, 4, 4, 6, 6 ],[ 12, 1 ]);
GROU(36,12,[ 0, 2, 2, 2, 2, 2, 3, 4, 4, 4, 4, 6, 6 ],[ 12, 2 ]);
GROU(36,12,[ 0, 2, 2, 2, 2, 2, 3, 4, 4, 4, 4, 4, 12 ],[ 12, 2 ]);
GROU(36,12,[ 0, 2, 2, 2, 2, 2, 3, 3, 4, 4, 6, 6, 6 ],[ 12, 1 ]);
GROU(36,12,[ 0, 2, 2, 2, 2, 2, 3, 3, 4, 4, 6, 6, 6 ],[ 12, 2 ]);
GROU(36,12,[ 0, 2, 2, 2, 2, 2, 3, 3, 4, 4, 4, 6, 12 ],[ 12, 2 ]);
GROU(36,12,[ 0, 2, 2, 2, 2, 2, 3, 3, 3, 6, 6, 6, 6 ],[ 12, 4 ]);
GROU(36,12,[ 0, 2, 2, 2, 2, 2, 3, 3, 3, 6, 6, 6, 6 ],[ 12, 5 ]);
GROU(36,12,[ 0, 2, 2, 2, 2, 2, 3, 3, 3, 4, 6, 6, 12 ],[ 12, 2 ]);
GROU(36,12,[ 0, 2, 2, 2, 2, 2, 3, 3, 3, 4, 4, 12, 12 ],[ 12, 2 ]);
GROU(36,12,[ 0, 2, 2, 2, 2, 2, 3, 3, 3, 3, 6, 12, 12 ],[ 12, 2 ]);
GROU(36,12,[ 0, 2, 2, 2, 2, 2, 3, 3, 3, 3, 3, 3, 3, 3 ],[ 12, 3 ]);
GROU(36,12,[ 0, 2, 2, 2, 2, 2, 3, 3, 3, 3, 3, 3, 3, 3 ],[ 12, 4 ]);
GROU(36,12,[ 0, 2, 2, 2, 2, 2, 3, 3, 3, 3, 3, 3, 3, 3 ],[ 12, 5 ]);
GROU(36,12,[ 0, 2, 2, 2, 2, 2, 2, 4, 4, 6, 6, 6, 6 ],[ 12, 1 ]);
GROU(36,12,[ 0, 2, 2, 2, 2, 2, 2, 4, 4, 6, 6, 6, 6 ],[ 12, 2 ]);
GROU(36,12,[ 0, 2, 2, 2, 2, 2, 2, 4, 4, 4, 6, 6, 12 ],[ 12, 2 ]);
GROU(36,12,[ 0, 2, 2, 2, 2, 2, 2, 4, 4, 4, 4, 12, 12 ],[ 12, 2 ]);
GROU(36,12,[ 0, 2, 2, 2, 2, 2, 2, 3, 6, 6, 6, 6, 6 ],[ 12, 4 ]);
GROU(36,12,[ 0, 2, 2, 2, 2, 2, 2, 3, 6, 6, 6, 6, 6 ],[ 12, 5 ]);
GROU(36,12,[ 0, 2, 2, 2, 2, 2, 2, 3, 4, 6, 6, 6, 12 ],[ 12, 2 ]);
GROU(36,12,[ 0, 2, 2, 2, 2, 2, 2, 3, 4, 4, 6, 12, 12 ],[ 12, 2 ]);
GROU(36,12,[ 0, 2, 2, 2, 2, 2, 2, 3, 3, 6, 6, 12, 12 ],[ 12, 2 ]);
GROU(36,12,[ 0, 2, 2, 2, 2, 2, 2, 3, 3, 4, 12, 12, 12 ],[ 12, 2 ]);
GROU(36,12,[ 0, 2, 2, 2, 2, 2, 2, 3, 3, 3, 3, 3, 4, 4 ],[ 12, 1 ]);
GROU(36,12,[ 0, 2, 2, 2, 2, 2, 2, 3, 3, 3, 3, 3, 4, 4 ],[ 12, 2 ]);
GROU(36,12,[ 0, 2, 2, 2, 2, 2, 2, 3, 3, 3, 3, 3, 3, 6 ],[ 12, 4 ]);
GROU(36,12,[ 0, 2, 2, 2, 2, 2, 2, 3, 3, 3, 3, 3, 3, 6 ],[ 12, 5 ]);
GROU(36,12,[ 0, 2, 2, 2, 2, 2, 2, 2, 6, 6, 6, 12, 12 ],[ 12, 2 ]);
GROU(36,12,[ 0, 2, 2, 2, 2, 2, 2, 2, 4, 6, 12, 12, 12 ],[ 12, 2 ]);
GROU(36,12,[ 0, 2, 2, 2, 2, 2, 2, 2, 3, 12, 12, 12, 12 ],[ 12, 2 ]);
GROU(36,12,[ 0, 2, 2, 2, 2, 2, 2, 2, 3, 3, 4, 4, 4, 4 ],[ 12, 1 ]);
GROU(36,12,[ 0, 2, 2, 2, 2, 2, 2, 2, 3, 3, 4, 4, 4, 4 ],[ 12, 2 ]);
GROU(36,12,[ 0, 2, 2, 2, 2, 2, 2, 2, 3, 3, 3, 4, 4, 6 ],[ 12, 1 ]);
GROU(36,12,[ 0, 2, 2, 2, 2, 2, 2, 2, 3, 3, 3, 4, 4, 6 ],[ 12, 2 ]);
GROU(36,12,[ 0, 2, 2, 2, 2, 2, 2, 2, 3, 3, 3, 3, 6, 6 ],[ 12, 4 ]);
GROU(36,12,[ 0, 2, 2, 2, 2, 2, 2, 2, 3, 3, 3, 3, 6, 6 ],[ 12, 5 ]);
GROU(36,12,[ 0, 2, 2, 2, 2, 2, 2, 2, 3, 3, 3, 3, 4, 12 ],[ 12, 2 ]);
GROU(36,12,[ 0, 2, 2, 2, 2, 2, 2, 2, 2, 4, 4, 4, 4, 6 ],[ 12, 1 ]);
GROU(36,12,[ 0, 2, 2, 2, 2, 2, 2, 2, 2, 3, 4, 4, 6, 6 ],[ 12, 1 ]);
GROU(36,12,[ 0, 2, 2, 2, 2, 2, 2, 2, 2, 3, 4, 4, 6, 6 ],[ 12, 2 ]);
GROU(36,12,[ 0, 2, 2, 2, 2, 2, 2, 2, 2, 3, 4, 4, 4, 12 ],[ 12, 2 ]);
GROU(36,12,[ 0, 2, 2, 2, 2, 2, 2, 2, 2, 3, 3, 6, 6, 6 ],[ 12, 4 ]);
GROU(36,12,[ 0, 2, 2, 2, 2, 2, 2, 2, 2, 3, 3, 6, 6, 6 ],[ 12, 5 ]);
GROU(36,12,[ 0, 2, 2, 2, 2, 2, 2, 2, 2, 3, 3, 4, 6, 12 ],[ 12, 2 ]);
GROU(36,12,[ 0, 2, 2, 2, 2, 2, 2, 2, 2, 3, 3, 3, 12, 12 ],[ 12, 2 ]);
GROU(36,12,[ 0, 2, 2, 2, 2, 2, 2, 2, 2, 2, 6, 6, 6, 6 ],[ 12, 4 ]);
GROU(36,12,[ 0, 2, 2, 2, 2, 2, 2, 2, 2, 2, 6, 6, 6, 6 ],[ 12, 5 ]);
GROU(36,12,[ 0, 2, 2, 2, 2, 2, 2, 2, 2, 2, 4, 6, 6, 12 ],[ 12, 2 ]);
GROU(36,12,[ 0, 2, 2, 2, 2, 2, 2, 2, 2, 2, 4, 4, 12, 12 ],[ 12, 2 ]);
GROU(36,12,[ 0, 2, 2, 2, 2, 2, 2, 2, 2, 2, 3, 6, 12, 12 ],[ 12, 2 ]);
GROU(36,12,[ 0, 2, 2, 2, 2, 2, 2, 2, 2, 2, 3, 3, 3, 3, 3 ],[ 12, 3 ]);
GROU(36,12,[ 0, 2, 2, 2, 2, 2, 2, 2, 2, 2, 3, 3, 3, 3, 3 ],[ 12, 4 ]);
GROU(36,12,[ 0, 2, 2, 2, 2, 2, 2, 2, 2, 2, 3, 3, 3, 3, 3 ],[ 12, 5 ]);
GROU(36,12,[ 0, 2, 2, 2, 2, 2, 2, 2, 2, 2, 2, 3, 3, 4, 4 ],[ 12, 1 ]);
GROU(36,12,[ 0, 2, 2, 2, 2, 2, 2, 2, 2, 2, 2, 3, 3, 4, 4 ],[ 12, 2 ]);
GROU(36,12,[ 0, 2, 2, 2, 2, 2, 2, 2, 2, 2, 2, 3, 3, 3, 6 ],[ 12, 4 ]);
GROU(36,12,[ 0, 2, 2, 2, 2, 2, 2, 2, 2, 2, 2, 3, 3, 3, 6 ],[ 12, 5 ]);
GROU(36,12,[ 0, 2, 2, 2, 2, 2, 2, 2, 2, 2, 2, 2, 4, 4, 6 ],[ 12, 1 ]);
GROU(36,12,[ 0, 2, 2, 2, 2, 2, 2, 2, 2, 2, 2, 2, 3, 6, 6 ],[ 12, 4 ]);
GROU(36,12,[ 0, 2, 2, 2, 2, 2, 2, 2, 2, 2, 2, 2, 3, 6, 6 ],[ 12, 5 ]);
GROU(36,12,[ 0, 2, 2, 2, 2, 2, 2, 2, 2, 2, 2, 2, 3, 4, 12 ],[ 12, 2 ]);
GROU(36,12,[ 0, 2, 2, 2, 2, 2, 2, 2, 2, 2, 2, 2, 2, 12, 12 ],[ 12, 2 ]);
GROU(36,12,[ 0, 2, 2, 2, 2, 2, 2, 2, 2, 2, 2, 2, 2, 2, 3, 3 ],[ 12, 3 ]);
GROU(36,12,[ 0, 2, 2, 2, 2, 2, 2, 2, 2, 2, 2, 2, 2, 2, 3, 3 ],[ 12, 4 ]);
GROU(36,12,[ 0, 2, 2, 2, 2, 2, 2, 2, 2, 2, 2, 2, 2, 2, 3, 3 ],[ 12, 5 ]);
GROU(36,12,[ 0, 2, 2, 2, 2, 2, 2, 2, 2, 2, 2, 2, 2, 2, 2, 6 ],[ 12, 4 ]);
GROU(36,13,[ 0, 13, 13, 13, 13, 13, 13, 13, 13 ],[ 13, 1 ]);
GROU(36,14,[ 0, 7, 7, 7, 7, 7, 7, 14, 14 ],[ 14, 2 ]);
GROU(36,14,[ 0, 2, 14, 14, 14, 14, 14, 14, 14 ],[ 14, 2 ]);
GROU(36,14,[ 0, 2, 2, 7, 7, 7, 7, 7, 7, 7 ],[ 14, 1 ]);
GROU(36,14,[ 0, 2, 2, 7, 7, 7, 7, 7, 7, 7 ],[ 14, 2 ]);
GROU(36,14,[ 0, 2, 2, 2, 7, 14, 14, 14, 14, 14 ],[ 14, 2 ]);
GROU(36,14,[ 0, 2, 2, 2, 2, 2, 7, 7, 14, 14, 14 ],[ 14, 2 ]);
GROU(36,14,[ 0, 2, 2, 2, 2, 2, 2, 2, 7, 7, 7, 14 ],[ 14, 2 ]);
GROU(36,14,[ 0, 2, 2, 2, 2, 2, 2, 2, 2, 2, 2, 2, 2, 2, 2 ],[ 14, 1 ]);
GROU(36,15,[ 0, 5, 5, 5, 5, 5, 5, 15, 15 ],[ 15, 1 ]);
GROU(36,15,[ 0, 3, 5, 5, 5, 5, 15, 15, 15 ],[ 15, 1 ]);
GROU(36,15,[ 0, 3, 3, 5, 5, 15, 15, 15, 15 ],[ 15, 1 ]);
GROU(36,15,[ 0, 3, 3, 3, 15, 15, 15, 15, 15 ],[ 15, 1 ]);
GROU(36,15,[ 0, 3, 3, 3, 3, 5, 5, 5, 5, 5 ],[ 15, 1 ]);
GROU(36,15,[ 0, 3, 3, 3, 3, 3, 5, 5, 5, 15 ],[ 15, 1 ]);
GROU(36,15,[ 0, 3, 3, 3, 3, 3, 3, 5, 15, 15 ],[ 15, 1 ]);
GROU(36,16,[ 0, 8, 8, 8, 16, 16, 16, 16 ],[ 16, 1 ]);
GROU(36,16,[ 0, 4, 16, 16, 16, 16, 16, 16 ],[ 16, 1 ]);
GROU(36,16,[ 0, 4, 4, 4, 4, 4, 8, 8, 8 ],[ 16, 9 ]);
GROU(36,16,[ 0, 4, 4, 4, 4, 4, 4, 16, 16 ],[ 16, 1 ]);
GROU(36,16,[ 0, 2, 4, 4, 8, 8, 8, 8, 8 ],[ 16, 8 ]);
GROU(36,16,[ 0, 2, 4, 4, 8, 8, 8, 8, 8 ],[ 16, 9 ]);
GROU(36,16,[ 0, 2, 4, 4, 4, 8, 8, 16, 16 ],[ 16, 1 ]);
GROU(36,16,[ 0, 2, 2, 8, 8, 8, 8, 16, 16 ],[ 16, 1 ]);
GROU(36,16,[ 0, 2, 2, 4, 8, 16, 16, 16, 16 ],[ 16, 1 ]);
GROU(36,16,[ 0, 2, 2, 4, 4, 4, 4, 4, 4, 8 ],[ 16, 7 ]);
GROU(36,16,[ 0, 2, 2, 4, 4, 4, 4, 4, 4, 8 ],[ 16, 8 ]);
GROU(36,16,[ 0, 2, 2, 4, 4, 4, 4, 4, 4, 8 ],[ 16, 9 ]);
GROU(36,16,[ 0, 2, 2, 2, 4, 4, 4, 8, 8, 8 ],[ 16, 7 ]);
GROU(36,16,[ 0, 2, 2, 2, 4, 4, 4, 8, 8, 8 ],[ 16, 8 ]);
GROU(36,16,[ 0, 2, 2, 2, 4, 4, 4, 8, 8, 8 ],[ 16, 9 ]);
GROU(36,16,[ 0, 2, 2, 2, 4, 4, 4, 4, 16, 16 ],[ 16, 1 ]);
GROU(36,16,[ 0, 2, 2, 2, 2, 8, 8, 8, 8, 8 ],[ 16, 7 ]);
GROU(36,16,[ 0, 2, 2, 2, 2, 4, 8, 8, 16, 16 ],[ 16, 1 ]);
GROU(36,16,[ 0, 2, 2, 2, 2, 2, 4, 4, 4, 4, 8 ],[ 16, 7 ]);
GROU(36,16,[ 0, 2, 2, 2, 2, 2, 4, 4, 4, 4, 8 ],[ 16, 8 ]);
GROU(36,16,[ 0, 2, 2, 2, 2, 2, 4, 4, 4, 4, 8 ],[ 16, 9 ]);
GROU(36,16,[ 0, 2, 2, 2, 2, 2, 2, 4, 8, 8, 8 ],[ 16, 7 ]);
GROU(36,16,[ 0, 2, 2, 2, 2, 2, 2, 4, 8, 8, 8 ],[ 16, 8 ]);
GROU(36,16,[ 0, 2, 2, 2, 2, 2, 2, 4, 4, 16, 16 ],[ 16, 1 ]);
GROU(36,16,[ 0, 2, 2, 2, 2, 2, 2, 2, 2, 4, 4, 8 ],[ 16, 7 ]);
GROU(36,16,[ 0, 2, 2, 2, 2, 2, 2, 2, 2, 4, 4, 8 ],[ 16, 8 ]);
GROU(36,16,[ 0, 2, 2, 2, 2, 2, 2, 2, 2, 4, 4, 8 ],[ 16, 9 ]);
GROU(36,16,[ 0, 2, 2, 2, 2, 2, 2, 2, 2, 2, 16, 16 ],[ 16, 1 ]);
GROU(36,16,[ 0, 2, 2, 2, 2, 2, 2, 2, 2, 2, 2, 2, 8 ],[ 16, 7 ]);
SIGN(36,18,[ 0, 6, 6, 6, 6, 6, 6, 9 ],"all");
GROU(36,18,[ 0, 3, 6, 6, 9, 9, 9, 9 ],[ 18, 2 ]);
GROU(36,18,[ 0, 3, 6, 6, 6, 9, 9, 18 ],[ 18, 2 ]);
GROU(36,18,[ 0, 3, 6, 6, 6, 6, 18, 18 ],[ 18, 2 ]);
GROU(36,18,[ 0, 3, 3, 9, 9, 9, 18, 18 ],[ 18, 2 ]);
GROU(36,18,[ 0, 3, 3, 6, 9, 18, 18, 18 ],[ 18, 2 ]);
SIGN(36,18,[ 0, 3, 3, 3, 3, 3, 6, 6, 9 ],"all");
GROU(36,18,[ 0, 3, 3, 3, 3, 3, 3, 18, 18 ],[ 18, 2 ]);
GROU(36,18,[ 0, 2, 9, 9, 9, 9, 9, 18 ],[ 18, 2 ]);
GROU(36,18,[ 0, 2, 6, 9, 9, 9, 18, 18 ],[ 18, 2 ]);
GROU(36,18,[ 0, 2, 6, 6, 9, 18, 18, 18 ],[ 18, 2 ]);
GROU(36,18,[ 0, 2, 3, 18, 18, 18, 18, 18 ],[ 18, 2 ]);
SIGN(36,18,[ 0, 2, 3, 3, 3, 6, 6, 6, 9 ],"all");
GROU(36,18,[ 0, 2, 3, 3, 3, 3, 9, 9, 18 ],[ 18, 2 ]);
GROU(36,18,[ 0, 2, 3, 3, 3, 3, 6, 18, 18 ],[ 18, 2 ]);
SIGN(36,18,[ 0, 2, 2, 3, 6, 6, 6, 6, 9 ],"all");
GROU(36,18,[ 0, 2, 2, 3, 3, 9, 9, 9, 9 ],[ 18, 1 ]);
GROU(36,18,[ 0, 2, 2, 3, 3, 9, 9, 9, 9 ],[ 18, 2 ]);
GROU(36,18,[ 0, 2, 2, 3, 3, 6, 9, 9, 18 ],[ 18, 2 ]);
GROU(36,18,[ 0, 2, 2, 3, 3, 6, 6, 18, 18 ],[ 18, 2 ]);
GROU(36,18,[ 0, 2, 2, 3, 3, 3, 3, 3, 3, 9 ],[ 18, 1 ]);
GROU(36,18,[ 0, 2, 2, 2, 6, 9, 9, 9, 9 ],[ 18, 2 ]);
GROU(36,18,[ 0, 2, 2, 2, 6, 6, 9, 9, 18 ],[ 18, 2 ]);
GROU(36,18,[ 0, 2, 2, 2, 6, 6, 6, 18, 18 ],[ 18, 2 ]);
GROU(36,18,[ 0, 2, 2, 2, 3, 9, 18, 18, 18 ],[ 18, 2 ]);
SIGN(36,18,[ 0, 2, 2, 2, 3, 3, 3, 3, 6, 9 ],"all");
SIGN(36,18,[ 0, 2, 2, 2, 2, 3, 3, 6, 6, 9 ],"all");
GROU(36,18,[ 0, 2, 2, 2, 2, 3, 3, 3, 18, 18 ],[ 18, 2 ]);
SIGN(36,18,[ 0, 2, 2, 2, 2, 2, 6, 6, 6, 9 ],"all");
GROU(36,18,[ 0, 2, 2, 2, 2, 2, 3, 9, 9, 18 ],[ 18, 2 ]);
GROU(36,18,[ 0, 2, 2, 2, 2, 2, 3, 6, 18, 18 ],[ 18, 2 ]);
GROU(36,18,[ 0, 2, 2, 2, 2, 2, 2, 3, 3, 3, 9 ],[ 18, 1 ]);
SIGN(36,18,[ 0, 2, 2, 2, 2, 2, 2, 2, 3, 6, 9 ],"all");
GROU(36,18,[ 0, 2, 2, 2, 2, 2, 2, 2, 2, 18, 18 ],[ 18, 2 ]);
GROU(36,18,[ 0, 2, 2, 2, 2, 2, 2, 2, 2, 2, 2, 9 ],[ 18, 1 ]);
GROU(36,19,[ 0, 19, 19, 19, 19, 19, 19 ],[ 19, 1 ]);
GROU(36,20,[ 0, 10, 10, 10, 10, 20, 20 ],[ 20, 2 ]);
GROU(36,20,[ 0, 5, 10, 20, 20, 20, 20 ],[ 20, 2 ]);
GROU(36,20,[ 0, 4, 20, 20, 20, 20, 20 ],[ 20, 2 ]);
GROU(36,20,[ 0, 4, 4, 5, 5, 5, 5, 5 ],[ 20, 1 ]);
GROU(36,20,[ 0, 4, 4, 5, 5, 5, 5, 5 ],[ 20, 2 ]);
GROU(36,20,[ 0, 4, 4, 5, 5, 5, 5, 5 ],[ 20, 3 ]);
GROU(36,20,[ 0, 4, 4, 4, 4, 5, 5, 10 ],[ 20, 1 ]);
GROU(36,20,[ 0, 4, 4, 4, 4, 5, 5, 10 ],[ 20, 2 ]);
GROU(36,20,[ 0, 4, 4, 4, 4, 4, 5, 20 ],[ 20, 2 ]);
GROU(36,20,[ 0, 2, 5, 5, 5, 5, 10, 10 ],[ 20, 5 ]);
GROU(36,20,[ 0, 2, 4, 5, 5, 5, 10, 20 ],[ 20, 2 ]);
GROU(36,20,[ 0, 2, 4, 4, 5, 10, 10, 10 ],[ 20, 1 ]);
GROU(36,20,[ 0, 2, 4, 4, 5, 10, 10, 10 ],[ 20, 2 ]);
GROU(36,20,[ 0, 2, 4, 4, 5, 5, 20, 20 ],[ 20, 2 ]);
GROU(36,20,[ 0, 2, 4, 4, 4, 10, 10, 20 ],[ 20, 2 ]);
GROU(36,20,[ 0, 2, 2, 10, 10, 10, 10, 10 ],[ 20, 4 ]);
GROU(36,20,[ 0, 2, 2, 10, 10, 10, 10, 10 ],[ 20, 5 ]);
GROU(36,20,[ 0, 2, 2, 5, 10, 10, 20, 20 ],[ 20, 2 ]);
GROU(36,20,[ 0, 2, 2, 4, 10, 20, 20, 20 ],[ 20, 2 ]);
GROU(36,20,[ 0, 2, 2, 4, 4, 4, 4, 4, 4 ],[ 20, 1 ]);
GROU(36,20,[ 0, 2, 2, 4, 4, 4, 4, 4, 4 ],[ 20, 3 ]);
GROU(36,20,[ 0, 2, 2, 2, 5, 5, 5, 5, 5 ],[ 20, 4 ]);
GROU(36,20,[ 0, 2, 2, 2, 5, 5, 5, 5, 5 ],[ 20, 5 ]);
GROU(36,20,[ 0, 2, 2, 2, 4, 4, 5, 5, 10 ],[ 20, 1 ]);
GROU(36,20,[ 0, 2, 2, 2, 4, 4, 5, 5, 10 ],[ 20, 2 ]);
GROU(36,20,[ 0, 2, 2, 2, 4, 4, 4, 5, 20 ],[ 20, 2 ]);
GROU(36,20,[ 0, 2, 2, 2, 2, 5, 10, 10, 10 ],[ 20, 4 ]);
GROU(36,20,[ 0, 2, 2, 2, 2, 5, 10, 10, 10 ],[ 20, 5 ]);
GROU(36,20,[ 0, 2, 2, 2, 2, 5, 5, 20, 20 ],[ 20, 2 ]);
GROU(36,20,[ 0, 2, 2, 2, 2, 4, 10, 10, 20 ],[ 20, 2 ]);
GROU(36,20,[ 0, 2, 2, 2, 2, 2, 4, 4, 4, 4 ],[ 20, 1 ]);
GROU(36,20,[ 0, 2, 2, 2, 2, 2, 4, 4, 4, 4 ],[ 20, 3 ]);
GROU(36,20,[ 0, 2, 2, 2, 2, 2, 2, 5, 5, 10 ],[ 20, 4 ]);
GROU(36,20,[ 0, 2, 2, 2, 2, 2, 2, 5, 5, 10 ],[ 20, 5 ]);
GROU(36,20,[ 0, 2, 2, 2, 2, 2, 2, 4, 5, 20 ],[ 20, 2 ]);
GROU(36,20,[ 0, 2, 2, 2, 2, 2, 2, 2, 2, 4, 4 ],[ 20, 3 ]);
GROU(36,20,[ 0, 2, 2, 2, 2, 2, 2, 2, 2, 2, 2, 2 ],[ 20, 4 ]);
GROU(36,21,[ 0, 7, 7, 7, 7, 21, 21 ],[ 21, 2 ]);
GROU(36,21,[ 0, 3, 7, 21, 21, 21, 21 ],[ 21, 2 ]);
GROU(36,21,[ 0, 3, 3, 3, 3, 7, 7, 21 ],[ 21, 2 ]);
GROU(36,21,[ 0, 3, 3, 3, 3, 3, 3, 3, 3 ],[ 21, 1 ]);
GROU(36,22,[ 0, 2, 11, 11, 22, 22, 22 ],[ 22, 2 ]);
GROU(36,22,[ 0, 2, 2, 2, 11, 11, 11, 22 ],[ 22, 2 ]);
GROU(36,24,[ 0, 4, 6, 6, 6, 6, 6 ],[ 24, 3 ]);
GROU(36,24,[ 0, 4, 6, 6, 6, 6, 6 ],[ 24, 10 ]);
GROU(36,24,[ 0, 4, 4, 6, 6, 8, 8 ],[ 24, 1 ]);
GROU(36,24,[ 0, 4, 4, 6, 6, 8, 8 ],[ 24, 2 ]);
GROU(36,24,[ 0, 4, 4, 6, 6, 6, 12 ],[ 24, 4 ]);
GROU(36,24,[ 0, 4, 4, 6, 6, 6, 12 ],[ 24, 10 ]);
GROU(36,24,[ 0, 4, 4, 6, 6, 6, 12 ],[ 24, 11 ]);
GROU(36,24,[ 0, 4, 4, 4, 8, 8, 12 ],[ 24, 1 ]);
GROU(36,24,[ 0, 4, 4, 4, 6, 12, 12 ],[ 24, 4 ]);
GROU(36,24,[ 0, 4, 4, 4, 6, 12, 12 ],[ 24, 11 ]);
GROU(36,24,[ 0, 4, 4, 4, 6, 8, 24 ],[ 24, 2 ]);
GROU(36,24,[ 0, 4, 4, 4, 4, 24, 24 ],[ 24, 2 ]);
GROU(36,24,[ 0, 3, 6, 6, 6, 8, 8 ],[ 24, 1 ]);
GROU(36,24,[ 0, 3, 6, 6, 6, 8, 8 ],[ 24, 2 ]);
GROU(36,24,[ 0, 3, 6, 6, 6, 6, 12 ],[ 24, 10 ]);
GROU(36,24,[ 0, 3, 4, 8, 8, 8, 8 ],[ 24, 1 ]);
GROU(36,24,[ 0, 3, 4, 6, 8, 8, 12 ],[ 24, 1 ]);
GROU(36,24,[ 0, 3, 4, 6, 8, 8, 12 ],[ 24, 2 ]);
GROU(36,24,[ 0, 3, 4, 6, 6, 12, 12 ],[ 24, 10 ]);
GROU(36,24,[ 0, 3, 4, 6, 6, 12, 12 ],[ 24, 11 ]);
GROU(36,24,[ 0, 3, 4, 6, 6, 8, 24 ],[ 24, 2 ]);
GROU(36,24,[ 0, 3, 4, 4, 12, 12, 12 ],[ 24, 4 ]);
GROU(36,24,[ 0, 3, 4, 4, 12, 12, 12 ],[ 24, 11 ]);
GROU(36,24,[ 0, 3, 4, 4, 8, 12, 24 ],[ 24, 2 ]);
GROU(36,24,[ 0, 3, 4, 4, 6, 24, 24 ],[ 24, 2 ]);
GROU(36,24,[ 0, 3, 3, 8, 8, 12, 12 ],[ 24, 1 ]);
GROU(36,24,[ 0, 3, 3, 8, 8, 12, 12 ],[ 24, 2 ]);
GROU(36,24,[ 0, 3, 3, 8, 8, 8, 24 ],[ 24, 2 ]);
GROU(36,24,[ 0, 3, 3, 6, 12, 12, 12 ],[ 24, 11 ]);
GROU(36,24,[ 0, 3, 3, 6, 8, 12, 24 ],[ 24, 2 ]);
GROU(36,24,[ 0, 3, 3, 6, 6, 24, 24 ],[ 24, 2 ]);
GROU(36,24,[ 0, 3, 3, 4, 12, 24, 24 ],[ 24, 2 ]);
GROU(36,24,[ 0, 3, 3, 3, 3, 4, 4, 4 ],[ 24, 3 ]);
GROU(36,24,[ 0, 3, 3, 3, 3, 4, 4, 4 ],[ 24, 4 ]);
GROU(36,24,[ 0, 3, 3, 3, 3, 4, 4, 4 ],[ 24, 11 ]);
GROU(36,24,[ 0, 3, 3, 3, 3, 3, 4, 6 ],[ 24, 3 ]);
GROU(36,24,[ 0, 2, 8, 8, 8, 8, 12 ],[ 24, 1 ]);
GROU(36,24,[ 0, 2, 6, 8, 8, 12, 12 ],[ 24, 1 ]);
GROU(36,24,[ 0, 2, 6, 8, 8, 12, 12 ],[ 24, 2 ]);
GROU(36,24,[ 0, 2, 6, 8, 8, 8, 24 ],[ 24, 2 ]);
GROU(36,24,[ 0, 2, 6, 6, 12, 12, 12 ],[ 24, 10 ]);
GROU(36,24,[ 0, 2, 6, 6, 12, 12, 12 ],[ 24, 11 ]);
GROU(36,24,[ 0, 2, 6, 6, 8, 12, 24 ],[ 24, 2 ]);
GROU(36,24,[ 0, 2, 6, 6, 6, 24, 24 ],[ 24, 2 ]);
GROU(36,24,[ 0, 2, 4, 12, 12, 12, 12 ],[ 24, 11 ]);
GROU(36,24,[ 0, 2, 4, 8, 12, 12, 24 ],[ 24, 2 ]);
GROU(36,24,[ 0, 2, 4, 8, 8, 24, 24 ],[ 24, 2 ]);
GROU(36,24,[ 0, 2, 4, 6, 12, 24, 24 ],[ 24, 2 ]);
GROU(36,24,[ 0, 2, 3, 12, 12, 24, 24 ],[ 24, 2 ]);
GROU(36,24,[ 0, 2, 3, 8, 24, 24, 24 ],[ 24, 2 ]);
GROU(36,24,[ 0, 2, 3, 4, 4, 4, 4, 4 ],[ 24, 4 ]);
GROU(36,24,[ 0, 2, 3, 4, 4, 4, 4, 4 ],[ 24, 12 ]);
GROU(36,24,[ 0, 2, 3, 3, 4, 4, 4, 6 ],[ 24, 3 ]);
GROU(36,24,[ 0, 2, 3, 3, 4, 4, 4, 6 ],[ 24, 4 ]);
GROU(36,24,[ 0, 2, 3, 3, 4, 4, 4, 6 ],[ 24, 8 ]);
GROU(36,24,[ 0, 2, 3, 3, 4, 4, 4, 6 ],[ 24, 10 ]);
GROU(36,24,[ 0, 2, 3, 3, 4, 4, 4, 6 ],[ 24, 11 ]);
GROU(36,24,[ 0, 2, 3, 3, 3, 4, 6, 6 ],[ 24, 3 ]);
GROU(36,24,[ 0, 2, 3, 3, 3, 4, 6, 6 ],[ 24, 8 ]);
GROU(36,24,[ 0, 2, 3, 3, 3, 4, 6, 6 ],[ 24, 10 ]);
GROU(36,24,[ 0, 2, 3, 3, 3, 4, 4, 12 ],[ 24, 4 ]);
GROU(36,24,[ 0, 2, 3, 3, 3, 4, 4, 12 ],[ 24, 11 ]);
GROU(36,24,[ 0, 2, 3, 3, 3, 3, 8, 8 ],[ 24, 1 ]);
GROU(36,24,[ 0, 2, 3, 3, 3, 3, 8, 8 ],[ 24, 2 ]);
GROU(36,24,[ 0, 2, 3, 3, 3, 3, 6, 12 ],[ 24, 10 ]);
GROU(36,24,[ 0, 2, 2, 4, 4, 4, 6, 6 ],[ 24, 3 ]);
GROU(36,24,[ 0, 2, 2, 4, 4, 4, 6, 6 ],[ 24, 4 ]);
GROU(36,24,[ 0, 2, 2, 4, 4, 4, 6, 6 ],[ 24, 6 ]);
GROU(36,24,[ 0, 2, 2, 4, 4, 4, 6, 6 ],[ 24, 8 ]);
GROU(36,24,[ 0, 2, 2, 4, 4, 4, 6, 6 ],[ 24, 10 ]);
GROU(36,24,[ 0, 2, 2, 4, 4, 4, 6, 6 ],[ 24, 11 ]);
GROU(36,24,[ 0, 2, 2, 4, 4, 4, 4, 12 ],[ 24, 4 ]);
GROU(36,24,[ 0, 2, 2, 4, 4, 4, 4, 12 ],[ 24, 6 ]);
GROU(36,24,[ 0, 2, 2, 3, 4, 6, 6, 6 ],[ 24, 3 ]);
GROU(36,24,[ 0, 2, 2, 3, 4, 6, 6, 6 ],[ 24, 6 ]);
GROU(36,24,[ 0, 2, 2, 3, 4, 6, 6, 6 ],[ 24, 8 ]);
GROU(36,24,[ 0, 2, 2, 3, 4, 6, 6, 6 ],[ 24, 10 ]);
GROU(36,24,[ 0, 2, 2, 3, 4, 4, 8, 8 ],[ 24, 1 ]);
GROU(36,24,[ 0, 2, 2, 3, 4, 4, 6, 12 ],[ 24, 4 ]);
GROU(36,24,[ 0, 2, 2, 3, 4, 4, 6, 12 ],[ 24, 6 ]);
GROU(36,24,[ 0, 2, 2, 3, 4, 4, 6, 12 ],[ 24, 10 ]);
GROU(36,24,[ 0, 2, 2, 3, 4, 4, 6, 12 ],[ 24, 11 ]);
GROU(36,24,[ 0, 2, 2, 3, 3, 6, 8, 8 ],[ 24, 1 ]);
GROU(36,24,[ 0, 2, 2, 3, 3, 6, 8, 8 ],[ 24, 2 ]);
GROU(36,24,[ 0, 2, 2, 3, 3, 6, 6, 12 ],[ 24, 6 ]);
GROU(36,24,[ 0, 2, 2, 3, 3, 6, 6, 12 ],[ 24, 10 ]);
GROU(36,24,[ 0, 2, 2, 3, 3, 4, 12, 12 ],[ 24, 6 ]);
GROU(36,24,[ 0, 2, 2, 3, 3, 4, 12, 12 ],[ 24, 10 ]);
GROU(36,24,[ 0, 2, 2, 3, 3, 4, 12, 12 ],[ 24, 11 ]);
GROU(36,24,[ 0, 2, 2, 3, 3, 4, 8, 24 ],[ 24, 2 ]);
GROU(36,24,[ 0, 2, 2, 3, 3, 3, 24, 24 ],[ 24, 2 ]);
GROU(36,24,[ 0, 2, 2, 2, 6, 6, 8, 8 ],[ 24, 1 ]);
GROU(36,24,[ 0, 2, 2, 2, 6, 6, 8, 8 ],[ 24, 2 ]);
GROU(36,24,[ 0, 2, 2, 2, 6, 6, 6, 12 ],[ 24, 6 ]);
GROU(36,24,[ 0, 2, 2, 2, 6, 6, 6, 12 ],[ 24, 10 ]);
GROU(36,24,[ 0, 2, 2, 2, 4, 8, 8, 12 ],[ 24, 1 ]);
GROU(36,24,[ 0, 2, 2, 2, 4, 6, 12, 12 ],[ 24, 6 ]);
GROU(36,24,[ 0, 2, 2, 2, 4, 6, 12, 12 ],[ 24, 10 ]);
GROU(36,24,[ 0, 2, 2, 2, 4, 6, 12, 12 ],[ 24, 11 ]);
GROU(36,24,[ 0, 2, 2, 2, 4, 6, 8, 24 ],[ 24, 2 ]);
GROU(36,24,[ 0, 2, 2, 2, 4, 4, 24, 24 ],[ 24, 2 ]);
GROU(36,24,[ 0, 2, 2, 2, 3, 12, 12, 12 ],[ 24, 6 ]);
GROU(36,24,[ 0, 2, 2, 2, 3, 12, 12, 12 ],[ 24, 10 ]);
GROU(36,24,[ 0, 2, 2, 2, 3, 12, 12, 12 ],[ 24, 11 ]);
GROU(36,24,[ 0, 2, 2, 2, 3, 8, 12, 24 ],[ 24, 2 ]);
GROU(36,24,[ 0, 2, 2, 2, 3, 6, 24, 24 ],[ 24, 2 ]);
GROU(36,24,[ 0, 2, 2, 2, 3, 3, 3, 3, 4 ],[ 24, 3 ]);
GROU(36,24,[ 0, 2, 2, 2, 3, 3, 3, 3, 4 ],[ 24, 6 ]);
GROU(36,24,[ 0, 2, 2, 2, 3, 3, 3, 3, 4 ],[ 24, 8 ]);
GROU(36,24,[ 0, 2, 2, 2, 3, 3, 3, 3, 4 ],[ 24, 10 ]);
GROU(36,24,[ 0, 2, 2, 2, 3, 3, 3, 3, 4 ],[ 24, 12 ]);
GROU(36,24,[ 0, 2, 2, 2, 2, 3, 4, 4, 4 ],[ 24, 4 ]);
GROU(36,24,[ 0, 2, 2, 2, 2, 3, 4, 4, 4 ],[ 24, 6 ]);
GROU(36,24,[ 0, 2, 2, 2, 2, 3, 4, 4, 4 ],[ 24, 8 ]);
GROU(36,24,[ 0, 2, 2, 2, 2, 3, 4, 4, 4 ],[ 24, 12 ]);
GROU(36,24,[ 0, 2, 2, 2, 2, 3, 3, 4, 6 ],[ 24, 3 ]);
GROU(36,24,[ 0, 2, 2, 2, 2, 3, 3, 4, 6 ],[ 24, 6 ]);
GROU(36,24,[ 0, 2, 2, 2, 2, 3, 3, 4, 6 ],[ 24, 8 ]);
GROU(36,24,[ 0, 2, 2, 2, 2, 3, 3, 4, 6 ],[ 24, 10 ]);
GROU(36,24,[ 0, 2, 2, 2, 2, 3, 3, 3, 12 ],[ 24, 6 ]);
GROU(36,24,[ 0, 2, 2, 2, 2, 3, 3, 3, 12 ],[ 24, 10 ]);
GROU(36,24,[ 0, 2, 2, 2, 2, 2, 4, 6, 6 ],[ 24, 3 ]);
GROU(36,24,[ 0, 2, 2, 2, 2, 2, 4, 6, 6 ],[ 24, 6 ]);
GROU(36,24,[ 0, 2, 2, 2, 2, 2, 4, 6, 6 ],[ 24, 8 ]);
GROU(36,24,[ 0, 2, 2, 2, 2, 2, 4, 6, 6 ],[ 24, 10 ]);
GROU(36,24,[ 0, 2, 2, 2, 2, 2, 4, 4, 12 ],[ 24, 4 ]);
GROU(36,24,[ 0, 2, 2, 2, 2, 2, 4, 4, 12 ],[ 24, 6 ]);
GROU(36,24,[ 0, 2, 2, 2, 2, 2, 3, 8, 8 ],[ 24, 1 ]);
GROU(36,24,[ 0, 2, 2, 2, 2, 2, 3, 6, 12 ],[ 24, 6 ]);
GROU(36,24,[ 0, 2, 2, 2, 2, 2, 3, 6, 12 ],[ 24, 10 ]);
GROU(36,24,[ 0, 2, 2, 2, 2, 2, 2, 24, 24 ],[ 24, 2 ]);
GROU(36,24,[ 0, 2, 2, 2, 2, 2, 2, 2, 3, 4 ],[ 24, 6 ]);
GROU(36,24,[ 0, 2, 2, 2, 2, 2, 2, 2, 3, 4 ],[ 24, 8 ]);
GROU(36,24,[ 0, 2, 2, 2, 2, 2, 2, 2, 3, 4 ],[ 24, 12 ]);
GROU(36,24,[ 0, 2, 2, 2, 2, 2, 2, 2, 2, 12 ],[ 24, 6 ]);
GROU(36,25,[ 0, 25, 25, 25, 25, 25 ],[ 25, 1 ]);
GROU(36,25,[ 0, 5, 5, 5, 5, 5, 5 ],[ 25, 2 ]);
GROU(36,26,[ 0, 13, 13, 13, 26, 26 ],[ 26, 2 ]);
GROU(36,26,[ 0, 2, 2, 13, 13, 13, 13 ],[ 26, 1 ]);
GROU(36,26,[ 0, 2, 2, 13, 13, 13, 13 ],[ 26, 2 ]);
GROU(36,27,[ 0, 9, 9, 9, 27, 27 ],[ 27, 1 ]);
GROU(36,27,[ 0, 3, 3, 3, 3, 27, 27 ],[ 27, 1 ]);
GROU(36,28,[ 0, 7, 7, 14, 14, 14 ],[ 28, 4 ]);
GROU(36,28,[ 0, 7, 7, 7, 28, 28 ],[ 28, 2 ]);
GROU(36,28,[ 0, 4, 14, 14, 14, 28 ],[ 28, 2 ]);
GROU(36,28,[ 0, 4, 7, 28, 28, 28 ],[ 28, 2 ]);
GROU(36,28,[ 0, 4, 4, 4, 4, 4, 4 ],[ 28, 1 ]);
GROU(36,28,[ 0, 2, 2, 7, 7, 7, 14 ],[ 28, 3 ]);
GROU(36,28,[ 0, 2, 2, 7, 7, 7, 14 ],[ 28, 4 ]);
GROU(36,28,[ 0, 2, 2, 4, 7, 14, 28 ],[ 28, 2 ]);
GROU(36,28,[ 0, 2, 2, 2, 4, 4, 4, 4 ],[ 28, 1 ]);
SIGN(36,28,[ 0, 2, 2, 2, 2, 2, 2, 4, 4 ],"all");
GROU(36,28,[ 0, 2, 2, 2, 2, 2, 2, 2, 2, 2 ],[ 28, 3 ]);
GROU(36,30,[ 0, 6, 6, 6, 10, 15 ],[ 30, 4 ]);
GROU(36,30,[ 0, 5, 6, 6, 15, 15 ],[ 30, 2 ]);
GROU(36,30,[ 0, 5, 6, 6, 15, 15 ],[ 30, 4 ]);
GROU(36,30,[ 0, 5, 6, 6, 10, 30 ],[ 30, 4 ]);
GROU(36,30,[ 0, 5, 5, 10, 10, 15 ],[ 30, 1 ]);
GROU(36,30,[ 0, 5, 5, 6, 15, 30 ],[ 30, 4 ]);
GROU(36,30,[ 0, 5, 5, 5, 30, 30 ],[ 30, 4 ]);
GROU(36,30,[ 0, 3, 10, 10, 15, 15 ],[ 30, 1 ]);
GROU(36,30,[ 0, 3, 10, 10, 15, 15 ],[ 30, 4 ]);
GROU(36,30,[ 0, 3, 10, 10, 10, 30 ],[ 30, 4 ]);
GROU(36,30,[ 0, 3, 6, 15, 15, 30 ],[ 30, 4 ]);
GROU(36,30,[ 0, 3, 6, 10, 30, 30 ],[ 30, 4 ]);
GROU(36,30,[ 0, 3, 5, 15, 30, 30 ],[ 30, 4 ]);
GROU(36,30,[ 0, 2, 15, 30, 30, 30 ],[ 30, 4 ]);
GROU(36,30,[ 0, 2, 3, 3, 6, 6, 6 ],[ 30, 2 ]);
GROU(36,30,[ 0, 2, 3, 3, 5, 5, 10 ],[ 30, 1 ]);
GROU(36,30,[ 0, 2, 3, 3, 5, 5, 10 ],[ 30, 4 ]);
GROU(36,30,[ 0, 2, 3, 3, 3, 10, 15 ],[ 30, 1 ]);
GROU(36,30,[ 0, 2, 3, 3, 3, 10, 15 ],[ 30, 4 ]);
GROU(36,30,[ 0, 2, 2, 6, 6, 6, 6 ],[ 30, 2 ]);
GROU(36,30,[ 0, 2, 2, 5, 5, 5, 15 ],[ 30, 1 ]);
GROU(36,30,[ 0, 2, 2, 5, 5, 5, 15 ],[ 30, 3 ]);
GROU(36,30,[ 0, 2, 2, 3, 6, 10, 15 ],[ 30, 4 ]);
GROU(36,30,[ 0, 2, 2, 3, 5, 15, 15 ],[ 30, 1 ]);
GROU(36,30,[ 0, 2, 2, 3, 5, 15, 15 ],[ 30, 2 ]);
GROU(36,30,[ 0, 2, 2, 3, 5, 15, 15 ],[ 30, 3 ]);
GROU(36,30,[ 0, 2, 2, 3, 5, 15, 15 ],[ 30, 4 ]);
GROU(36,30,[ 0, 2, 2, 3, 5, 10, 30 ],[ 30, 4 ]);
GROU(36,30,[ 0, 2, 2, 2, 15, 15, 30 ],[ 30, 4 ]);
GROU(36,30,[ 0, 2, 2, 2, 10, 30, 30 ],[ 30, 4 ]);
GROU(36,30,[ 0, 2, 2, 2, 3, 3, 3, 6 ],[ 30, 2 ]);
GROU(36,30,[ 0, 2, 2, 2, 2, 3, 6, 6 ],[ 30, 2 ]);
GROU(36,30,[ 0, 2, 2, 2, 2, 2, 10, 15 ],[ 30, 1 ]);
GROU(36,30,[ 0, 2, 2, 2, 2, 2, 2, 3, 3 ],[ 30, 2 ]);
GROU(36,30,[ 0, 2, 2, 2, 2, 2, 2, 3, 3 ],[ 30, 3 ]);
GROU(36,32,[ 0, 4, 4, 8, 8, 16 ],[ 32, 20 ]);
GROU(36,32,[ 0, 4, 4, 4, 32, 32 ],[ 32, 1 ]);
SIGN(36,32,[ 0, 2, 8, 16, 16, 16 ],"all");
GROU(36,32,[ 0, 2, 8, 8, 32, 32 ],[ 32, 1 ]);
GROU(36,32,[ 0, 2, 2, 4, 4, 4, 16 ],[ 32, 18 ]);
GROU(36,32,[ 0, 2, 2, 4, 4, 4, 16 ],[ 32, 19 ]);
GROU(36,32,[ 0, 2, 2, 4, 4, 4, 16 ],[ 32, 20 ]);
GROU(36,32,[ 0, 2, 2, 2, 8, 8, 16 ],[ 32, 18 ]);
GROU(36,32,[ 0, 2, 2, 2, 4, 32, 32 ],[ 32, 1 ]);
GROU(36,32,[ 0, 2, 2, 2, 2, 2, 4, 16 ],[ 32, 18 ]);
GROU(36,32,[ 0, 2, 2, 2, 2, 2, 4, 16 ],[ 32, 19 ]);
GROU(36,33,[ 0, 3, 3, 11, 11, 33 ],[ 33, 1 ]);
GROU(36,36,[ 0, 4, 4, 4, 4, 18 ],[ 36, 1 ]);
GROU(36,36,[ 0, 3, 4, 4, 9, 9 ],[ 36, 1 ]);
GROU(36,36,[ 0, 3, 4, 4, 9, 9 ],[ 36, 2 ]);
GROU(36,36,[ 0, 3, 4, 4, 6, 18 ],[ 36, 1 ]);
GROU(36,36,[ 0, 3, 3, 6, 9, 9 ],[ 36, 3 ]);
SIGN(36,36,[ 0, 3, 3, 6, 6, 18 ],"all");
SIGN(36,36,[ 0, 3, 3, 4, 12, 18 ],"all");
GROU(36,36,[ 0, 3, 3, 4, 9, 36 ],[ 36, 2 ]);
GROU(36,36,[ 0, 3, 3, 3, 36, 36 ],[ 36, 2 ]);
GROU(36,36,[ 0, 2, 6, 6, 9, 9 ],[ 36, 3 ]);
GROU(36,36,[ 0, 2, 6, 6, 9, 9 ],[ 36, 5 ]);
SIGN(36,36,[ 0, 2, 6, 6, 6, 18 ],"all");
GROU(36,36,[ 0, 2, 4, 9, 9, 12 ],[ 36, 2 ]);
SIGN(36,36,[ 0, 2, 4, 6, 12, 18 ],"all");
GROU(36,36,[ 0, 2, 4, 6, 9, 36 ],[ 36, 2 ]);
GROU(36,36,[ 0, 2, 4, 4, 36, 36 ],[ 36, 2 ]);
SIGN(36,36,[ 0, 2, 3, 12, 12, 18 ],"all");
GROU(36,36,[ 0, 2, 3, 9, 18, 18 ],[ 36, 5 ]);
GROU(36,36,[ 0, 2, 3, 9, 12, 36 ],[ 36, 2 ]);
GROU(36,36,[ 0, 2, 3, 6, 36, 36 ],[ 36, 2 ]);
GROU(36,36,[ 0, 2, 2, 3, 3, 3, 18 ],[ 36, 4 ]);
GROU(36,36,[ 0, 2, 2, 2, 4, 4, 18 ],[ 36, 1 ]);
GROU(36,36,[ 0, 2, 2, 2, 3, 9, 9 ],[ 36, 3 ]);
GROU(36,36,[ 0, 2, 2, 2, 3, 9, 9 ],[ 36, 4 ]);
GROU(36,36,[ 0, 2, 2, 2, 3, 9, 9 ],[ 36, 5 ]);
GROU(36,36,[ 0, 2, 2, 2, 3, 6, 18 ],[ 36, 4 ]);
GROU(36,36,[ 0, 2, 2, 2, 2, 36, 36 ],[ 36, 2 ]);
GROU(36,36,[ 0, 2, 2, 2, 2, 2, 2, 18 ],[ 36, 4 ]);
GROU(36,37,[ 0, 37, 37, 37, 37 ],[ 37, 1 ]);
GROU(36,38,[ 0, 19, 19, 38, 38 ],[ 38, 2 ]);
GROU(36,38,[ 0, 2, 2, 19, 19, 19 ],[ 38, 1 ]);
GROU(36,38,[ 0, 2, 2, 19, 19, 19 ],[ 38, 2 ]);
GROU(36,39,[ 0, 13, 13, 39, 39 ],[ 39, 2 ]);
GROU(36,40,[ 0, 10, 20, 20, 20 ],[ 40, 11 ]);
GROU(36,40,[ 0, 10, 10, 40, 40 ],[ 40, 2 ]);
GROU(36,40,[ 0, 8, 20, 20, 40 ],[ 40, 2 ]);
GROU(36,40,[ 0, 4, 4, 4, 4, 4 ],[ 40, 4 ]);
GROU(36,40,[ 0, 2, 4, 5, 5, 10 ],[ 40, 8 ]);
GROU(36,40,[ 0, 2, 4, 5, 5, 10 ],[ 40, 10 ]);
GROU(36,40,[ 0, 2, 4, 4, 8, 8 ],[ 40, 3 ]);
GROU(36,40,[ 0, 2, 4, 4, 5, 20 ],[ 40, 4 ]);
GROU(36,40,[ 0, 2, 4, 4, 5, 20 ],[ 40, 11 ]);
GROU(36,40,[ 0, 2, 2, 10, 10, 20 ],[ 40, 6 ]);
GROU(36,40,[ 0, 2, 2, 10, 10, 20 ],[ 40, 10 ]);
GROU(36,40,[ 0, 2, 2, 8, 10, 40 ],[ 40, 2 ]);
GROU(36,40,[ 0, 2, 2, 5, 40, 40 ],[ 40, 2 ]);
GROU(36,40,[ 0, 2, 2, 2, 4, 4, 4 ],[ 40, 8 ]);
SIGN(36,40,[ 0, 2, 2, 2, 2, 8, 8 ],"all");
GROU(36,40,[ 0, 2, 2, 2, 2, 5, 20 ],[ 40, 6 ]);
GROU(36,40,[ 0, 2, 2, 2, 2, 5, 20 ],[ 40, 10 ]);
GROU(36,40,[ 0, 2, 2, 2, 2, 2, 2, 4 ],[ 40, 6 ]);
GROU(36,40,[ 0, 2, 2, 2, 2, 2, 2, 4 ],[ 40, 8 ]);
GROU(36,42,[ 0, 7, 14, 14, 21 ],[ 42, 3 ]);
GROU(36,42,[ 0, 7, 7, 42, 42 ],[ 42, 6 ]);
GROU(36,42,[ 0, 6, 14, 21, 21 ],[ 42, 6 ]);
GROU(36,42,[ 0, 6, 14, 14, 42 ],[ 42, 6 ]);
GROU(36,42,[ 0, 3, 3, 3, 6, 6 ],[ 42, 1 ]);
GROU(36,42,[ 0, 3, 3, 3, 6, 6 ],[ 42, 2 ]);
GROU(36,42,[ 0, 2, 3, 6, 6, 6 ],[ 42, 1 ]);
GROU(36,42,[ 0, 2, 3, 6, 6, 6 ],[ 42, 2 ]);
GROU(36,42,[ 0, 2, 3, 6, 6, 6 ],[ 42, 4 ]);
GROU(36,42,[ 0, 2, 3, 3, 7, 42 ],[ 42, 6 ]);
GROU(36,42,[ 0, 2, 2, 7, 7, 21 ],[ 42, 3 ]);
GROU(36,42,[ 0, 2, 2, 7, 7, 21 ],[ 42, 5 ]);
GROU(36,42,[ 0, 2, 2, 6, 7, 42 ],[ 42, 6 ]);
GROU(36,42,[ 0, 2, 2, 3, 3, 3, 3 ],[ 42, 1 ]);
GROU(36,42,[ 0, 2, 2, 3, 3, 3, 3 ],[ 42, 2 ]);
GROU(36,42,[ 0, 2, 2, 2, 3, 3, 6 ],[ 42, 1 ]);
GROU(36,42,[ 0, 2, 2, 2, 3, 3, 6 ],[ 42, 2 ]);
GROU(36,42,[ 0, 2, 2, 2, 3, 3, 6 ],[ 42, 4 ]);
GROU(36,42,[ 0, 2, 2, 2, 2, 6, 6 ],[ 42, 1 ]);
GROU(36,42,[ 0, 2, 2, 2, 2, 6, 6 ],[ 42, 4 ]);
GROU(36,42,[ 0, 2, 2, 2, 2, 2, 2, 3 ],[ 42, 5 ]);
GROU(36,44,[ 0, 4, 11, 22, 44 ],[ 44, 2 ]);
GROU(36,45,[ 0, 5, 9, 9, 45 ],[ 45, 1 ]);
GROU(36,45,[ 0, 5, 5, 45, 45 ],[ 45, 1 ]);
GROU(36,45,[ 0, 3, 15, 45, 45 ],[ 45, 1 ]);
SIGN(36,48,[ 0, 6, 8, 8, 8 ],"all");
GROU(36,48,[ 0, 6, 6, 8, 12 ],[ 48, 25 ]);
GROU(36,48,[ 0, 6, 6, 8, 12 ],[ 48, 26 ]);
GROU(36,48,[ 0, 6, 6, 6, 24 ],[ 48, 25 ]);
GROU(36,48,[ 0, 4, 8, 12, 12 ],[ 48, 18 ]);
GROU(36,48,[ 0, 4, 8, 12, 12 ],[ 48, 27 ]);
SIGN(36,48,[ 0, 4, 8, 8, 24 ],"all");
GROU(36,48,[ 0, 4, 6, 16, 16 ],[ 48, 1 ]);
GROU(36,48,[ 0, 4, 6, 12, 24 ],[ 48, 26 ]);
GROU(36,48,[ 0, 4, 6, 12, 24 ],[ 48, 27 ]);
GROU(36,48,[ 0, 4, 4, 48, 48 ],[ 48, 2 ]);
GROU(36,48,[ 0, 3, 12, 16, 16 ],[ 48, 1 ]);
GROU(36,48,[ 0, 3, 12, 16, 16 ],[ 48, 2 ]);
GROU(36,48,[ 0, 3, 12, 12, 24 ],[ 48, 27 ]);
SIGN(36,48,[ 0, 3, 8, 24, 24 ],"all");
GROU(36,48,[ 0, 3, 8, 16, 48 ],[ 48, 2 ]);
GROU(36,48,[ 0, 3, 6, 48, 48 ],[ 48, 2 ]);
GROU(36,48,[ 0, 2, 3, 3, 4, 8 ],[ 48, 6 ]);
GROU(36,48,[ 0, 2, 3, 3, 4, 8 ],[ 48, 16 ]);
GROU(36,48,[ 0, 2, 3, 3, 4, 8 ],[ 48, 17 ]);
GROU(36,48,[ 0, 2, 3, 3, 4, 8 ],[ 48, 26 ]);
GROU(36,48,[ 0, 2, 3, 3, 4, 8 ],[ 48, 28 ]);
GROU(36,48,[ 0, 2, 3, 3, 4, 8 ],[ 48, 29 ]);
GROU(36,48,[ 0, 2, 2, 4, 6, 8 ],[ 48, 6 ]);
GROU(36,48,[ 0, 2, 2, 4, 6, 8 ],[ 48, 7 ]);
GROU(36,48,[ 0, 2, 2, 4, 6, 8 ],[ 48, 15 ]);
GROU(36,48,[ 0, 2, 2, 4, 6, 8 ],[ 48, 16 ]);
GROU(36,48,[ 0, 2, 2, 4, 6, 8 ],[ 48, 17 ]);
GROU(36,48,[ 0, 2, 2, 4, 6, 8 ],[ 48, 28 ]);
GROU(36,48,[ 0, 2, 2, 4, 6, 8 ],[ 48, 29 ]);
GROU(36,48,[ 0, 2, 2, 4, 4, 24 ],[ 48, 6 ]);
GROU(36,48,[ 0, 2, 2, 4, 4, 24 ],[ 48, 7 ]);
GROU(36,48,[ 0, 2, 2, 4, 4, 24 ],[ 48, 8 ]);
GROU(36,48,[ 0, 2, 2, 3, 8, 12 ],[ 48, 7 ]);
GROU(36,48,[ 0, 2, 2, 3, 8, 12 ],[ 48, 15 ]);
GROU(36,48,[ 0, 2, 2, 3, 8, 12 ],[ 48, 17 ]);
GROU(36,48,[ 0, 2, 2, 3, 8, 12 ],[ 48, 25 ]);
GROU(36,48,[ 0, 2, 2, 3, 8, 12 ],[ 48, 26 ]);
GROU(36,48,[ 0, 2, 2, 3, 6, 24 ],[ 48, 7 ]);
GROU(36,48,[ 0, 2, 2, 3, 6, 24 ],[ 48, 25 ]);
GROU(36,48,[ 0, 2, 2, 2, 48, 48 ],[ 48, 2 ]);
GROU(36,48,[ 0, 2, 2, 2, 2, 2, 24 ],[ 48, 7 ]);
GROU(36,49,[ 0, 7, 7, 7, 7 ],[ 49, 2 ]);
GROU(36,50,[ 0, 5, 5, 10, 10 ],[ 50, 3 ]);
GROU(36,50,[ 0, 5, 5, 10, 10 ],[ 50, 5 ]);
GROU(36,50,[ 0, 2, 25, 25, 50 ],[ 50, 2 ]);
GROU(36,50,[ 0, 2, 2, 5, 5, 5 ],[ 50, 3 ]);
GROU(36,50,[ 0, 2, 2, 5, 5, 5 ],[ 50, 4 ]);
GROU(36,50,[ 0, 2, 2, 5, 5, 5 ],[ 50, 5 ]);
GROU(36,52,[ 0, 4, 4, 13, 13 ],[ 52, 1 ]);
GROU(36,52,[ 0, 4, 4, 13, 13 ],[ 52, 2 ]);
GROU(36,52,[ 0, 4, 4, 13, 13 ],[ 52, 3 ]);
GROU(36,52,[ 0, 2, 13, 26, 26 ],[ 52, 5 ]);
GROU(36,52,[ 0, 2, 2, 2, 13, 13 ],[ 52, 4 ]);
GROU(36,52,[ 0, 2, 2, 2, 13, 13 ],[ 52, 5 ]);
SIGN(36,54,[ 0, 3, 6, 6, 27 ],"all");
GROU(36,54,[ 0, 3, 3, 54, 54 ],[ 54, 2 ]);
SIGN(36,54,[ 0, 2, 9, 18, 27 ],"all");
GROU(36,54,[ 0, 2, 6, 54, 54 ],[ 54, 2 ]);
GROU(36,54,[ 0, 2, 2, 3, 3, 27 ],[ 54, 1 ]);
SIGN(36,54,[ 0, 2, 2, 2, 6, 27 ],"all");
SIGN(36,56,[ 0, 4, 4, 8, 8 ],"all");
GROU(36,56,[ 0, 2, 7, 14, 28 ],[ 56, 9 ]);
GROU(36,56,[ 0, 2, 2, 4, 4, 4 ],[ 56, 7 ]);
SIGN(36,56,[ 0, 2, 2, 2, 8, 8 ],"all");
GROU(36,56,[ 0, 2, 2, 2, 2, 2, 4 ],[ 56, 5 ]);
GROU(36,56,[ 0, 2, 2, 2, 2, 2, 4 ],[ 56, 7 ]);
GROU(36,57,[ 0, 3, 3, 19, 19 ],[ 57, 1 ]);
GROU(36,57,[ 0, 3, 3, 19, 19 ],[ 57, 2 ]);
GROU(36,60,[ 0, 4, 4, 6, 6 ],[ 60, 6 ]);
GROU(36,60,[ 0, 4, 4, 6, 6 ],[ 60, 7 ]);
SIGN(36,60,[ 0, 4, 4, 4, 12 ],"all");
SIGN(36,60,[ 0, 3, 6, 6, 6 ],"nonsolvable");
SIGN(36,60,[ 0, 3, 5, 5, 10 ],"nonsolvable");
GROU(36,60,[ 0, 3, 4, 6, 12 ],[ 60, 6 ]);
GROU(36,60,[ 0, 3, 4, 5, 20 ],[ 60, 1 ]);
SIGN(36,60,[ 0, 3, 3, 12, 12 ],"nonsolvable");
GROU(36,60,[ 0, 3, 3, 10, 15 ],[ 60, 9 ]);
GROU(36,60,[ 0, 2, 6, 12, 12 ],[ 60, 6 ]);
GROU(36,60,[ 0, 2, 6, 10, 15 ],[ 60, 8 ]);
GROU(36,60,[ 0, 2, 6, 10, 15 ],[ 60, 10 ]);
GROU(36,60,[ 0, 2, 6, 10, 15 ],[ 60, 11 ]);
GROU(36,60,[ 0, 2, 6, 10, 15 ],[ 60, 13 ]);
GROU(36,60,[ 0, 2, 5, 15, 15 ],[ 60, 9 ]);
SIGN(36,60,[ 0, 2, 5, 12, 20 ],"nonsolvable");
GROU(36,60,[ 0, 2, 5, 10, 30 ],[ 60, 11 ]);
GROU(36,60,[ 0, 2, 4, 20, 30 ],[ 60, 1 ]);
GROU(36,60,[ 0, 2, 4, 15, 60 ],[ 60, 4 ]);
GROU(36,60,[ 0, 2, 3, 3, 3, 3 ],[ 60, 5 ]);
GROU(36,60,[ 0, 2, 2, 3, 4, 4 ],[ 60, 7 ]);
SIGN(36,60,[ 0, 2, 2, 3, 3, 6 ],"nonsolvable");
GROU(36,60,[ 0, 2, 2, 2, 6, 6 ],[ 60, 8 ]);
GROU(36,60,[ 0, 2, 2, 2, 6, 6 ],[ 60, 10 ]);
SIGN(36,60,[ 0, 2, 2, 2, 4, 12 ],"all");
GROU(36,60,[ 0, 2, 2, 2, 2, 2, 3 ],[ 60, 5 ]);
GROU(36,60,[ 0, 2, 2, 2, 2, 2, 3 ],[ 60, 8 ]);
GROU(36,60,[ 0, 2, 2, 2, 2, 2, 3 ],[ 60, 12 ]);
SIGN(36,63,[ 0, 3, 3, 9, 9 ],"all");
GROU(36,64,[ 0, 2, 4, 8, 32 ],[ 64, 53 ]);
GROU(36,66,[ 0, 2, 3, 11, 66 ],[ 66, 4 ]);
GROU(36,70,[ 0, 2, 2, 2, 2, 2, 2 ],[ 70, 3 ]);
SIGN(36,72,[ 0, 3, 3, 4, 9 ],"all");
GROU(36,72,[ 0, 2, 4, 6, 9 ],[ 72, 8 ]);
GROU(36,72,[ 0, 2, 4, 6, 9 ],[ 72, 15 ]);
GROU(36,72,[ 0, 2, 4, 4, 36 ],[ 72, 4 ]);
SIGN(36,72,[ 0, 2, 3, 9, 12 ],"all");
SIGN(36,72,[ 0, 2, 3, 6, 36 ],"all");
GROU(36,72,[ 0, 2, 2, 72, 72 ],[ 72, 2 ]);
GROU(36,72,[ 0, 2, 2, 2, 2, 36 ],[ 72, 6 ]);
GROU(36,73,[ 0, 73, 73, 73 ],[ 73, 1 ]);
GROU(36,74,[ 0, 37, 74, 74 ],[ 74, 2 ]);
GROU(36,74,[ 0, 2, 2, 37, 37 ],[ 74, 1 ]);
GROU(36,74,[ 0, 2, 2, 37, 37 ],[ 74, 2 ]);
GROU(36,75,[ 0, 25, 75, 75 ],[ 75, 1 ]);
GROU(36,75,[ 0, 3, 3, 5, 5 ],[ 75, 2 ]);
GROU(36,76,[ 0, 38, 38, 38 ],[ 76, 4 ]);
GROU(36,76,[ 0, 19, 76, 76 ],[ 76, 2 ]);
GROU(36,76,[ 0, 2, 2, 19, 38 ],[ 76, 3 ]);
GROU(36,76,[ 0, 2, 2, 19, 38 ],[ 76, 4 ]);
GROU(36,78,[ 0, 26, 26, 39 ],[ 78, 3 ]);
GROU(36,78,[ 0, 13, 78, 78 ],[ 78, 6 ]);
GROU(36,78,[ 0, 2, 2, 13, 39 ],[ 78, 3 ]);
GROU(36,78,[ 0, 2, 2, 13, 39 ],[ 78, 5 ]);
GROU(36,80,[ 0, 20, 20, 40 ],[ 80, 27 ]);
GROU(36,80,[ 0, 16, 20, 80 ],[ 80, 2 ]);
GROU(36,80,[ 0, 10, 80, 80 ],[ 80, 2 ]);
SIGN(36,80,[ 0, 2, 4, 4, 8 ],"all");
SIGN(36,80,[ 0, 2, 2, 16, 16 ],"all");
GROU(36,80,[ 0, 2, 2, 10, 40 ],[ 80, 7 ]);
GROU(36,80,[ 0, 2, 2, 10, 40 ],[ 80, 25 ]);
GROU(36,80,[ 0, 2, 2, 2, 2, 8 ],[ 80, 7 ]);
GROU(36,80,[ 0, 2, 2, 2, 2, 8 ],[ 80, 15 ]);
GROU(36,81,[ 0, 9, 81, 81 ],[ 81, 1 ]);
GROU(36,84,[ 0, 14, 21, 21 ],[ 84, 10 ]);
GROU(36,84,[ 0, 14, 14, 42 ],[ 84, 13 ]);
GROU(36,84,[ 0, 12, 21, 28 ],[ 84, 6 ]);
GROU(36,84,[ 0, 12, 14, 84 ],[ 84, 6 ]);
GROU(36,84,[ 0, 7, 84, 84 ],[ 84, 6 ]);
GROU(36,84,[ 0, 3, 3, 4, 4 ],[ 84, 1 ]);
SIGN(36,84,[ 0, 3, 3, 3, 6 ],"all");
SIGN(36,84,[ 0, 2, 4, 4, 6 ],"all");
GROU(36,84,[ 0, 2, 3, 6, 6 ],[ 84, 7 ]);
GROU(36,84,[ 0, 2, 3, 6, 6 ],[ 84, 9 ]);
GROU(36,84,[ 0, 2, 3, 4, 12 ],[ 84, 1 ]);
SIGN(36,84,[ 0, 2, 2, 12, 12 ],"all");
GROU(36,84,[ 0, 2, 2, 7, 42 ],[ 84, 13 ]);
GROU(36,84,[ 0, 2, 2, 7, 42 ],[ 84, 14 ]);
GROU(36,84,[ 0, 2, 2, 2, 3, 3 ],[ 84, 7 ]);
GROU(36,84,[ 0, 2, 2, 2, 2, 6 ],[ 84, 8 ]);
GROU(36,84,[ 0, 2, 2, 2, 2, 6 ],[ 84, 14 ]);
GROU(36,90,[ 0, 10, 10, 45 ],[ 90, 1 ]);
GROU(36,90,[ 0, 9, 10, 90 ],[ 90, 4 ]);
SIGN(36,90,[ 0, 6, 30, 45 ],"all");
GROU(36,90,[ 0, 5, 90, 90 ],[ 90, 4 ]);
GROU(36,90,[ 0, 2, 2, 5, 45 ],[ 90, 1 ]);
GROU(36,90,[ 0, 2, 2, 5, 45 ],[ 90, 3 ]);
GROU(36,91,[ 0, 7, 13, 91 ],[ 91, 1 ]);
GROU(36,95,[ 0, 5, 19, 95 ],[ 95, 1 ]);
SIGN(36,96,[ 0, 8, 12, 16 ],"all");
SIGN(36,96,[ 0, 8, 8, 48 ],"all");
SIGN(36,96,[ 0, 6, 16, 24 ],"all");
GROU(36,96,[ 0, 6, 12, 48 ],[ 96, 62 ]);
GROU(36,96,[ 0, 4, 96, 96 ],[ 96, 2 ]);
GROU(36,96,[ 0, 2, 2, 4, 48 ],[ 96, 6 ]);
GROU(36,96,[ 0, 2, 2, 4, 48 ],[ 96, 7 ]);
GROU(36,98,[ 0, 7, 14, 14 ],[ 98, 3 ]);
GROU(36,98,[ 0, 7, 14, 14 ],[ 98, 5 ]);
GROU(36,98,[ 0, 2, 2, 7, 7 ],[ 98, 3 ]);
GROU(36,98,[ 0, 2, 2, 7, 7 ],[ 98, 4 ]);
GROU(36,100,[ 0, 10, 10, 10 ],[ 100, 14 ]);
GROU(36,100,[ 0, 10, 10, 10 ],[ 100, 16 ]);
GROU(36,100,[ 0, 5, 20, 20 ],[ 100, 6 ]);
GROU(36,100,[ 0, 5, 20, 20 ],[ 100, 8 ]);
GROU(36,100,[ 0, 5, 20, 20 ],[ 100, 9 ]);
GROU(36,100,[ 0, 4, 25, 100 ],[ 100, 2 ]);
GROU(36,100,[ 0, 2, 2, 5, 10 ],[ 100, 13 ]);
GROU(36,100,[ 0, 2, 2, 5, 10 ],[ 100, 14 ]);
GROU(36,100,[ 0, 2, 2, 5, 10 ],[ 100, 15 ]);
SIGN(36,100,[ 0, 2, 2, 4, 20 ],"all");
GROU(36,104,[ 0, 8, 8, 13 ],[ 104, 1 ]);
GROU(36,104,[ 0, 8, 8, 13 ],[ 104, 3 ]);
GROU(36,104,[ 0, 4, 26, 26 ],[ 104, 10 ]);
GROU(36,104,[ 0, 2, 2, 4, 13 ],[ 104, 6 ]);
GROU(36,104,[ 0, 2, 2, 4, 13 ],[ 104, 8 ]);
SIGN(36,108,[ 0, 6, 6, 54 ],"all");
SIGN(36,108,[ 0, 4, 12, 54 ],"all");
GROU(36,108,[ 0, 3, 108, 108 ],[ 108, 2 ]);
GROU(36,108,[ 0, 2, 2, 3, 54 ],[ 108, 4 ]);
GROU(36,111,[ 0, 3, 37, 111 ],[ 111, 2 ]);
SIGN(36,112,[ 0, 2, 2, 4, 8 ],"all");
GROU(36,114,[ 0, 6, 6, 19 ],[ 114, 1 ]);
GROU(36,114,[ 0, 6, 6, 19 ],[ 114, 2 ]);
GROU(36,114,[ 0, 6, 6, 19 ],[ 114, 4 ]);
GROU(36,114,[ 0, 3, 38, 38 ],[ 114, 3 ]);
GROU(36,114,[ 0, 2, 2, 3, 19 ],[ 114, 5 ]);
SIGN(36,120,[ 0, 6, 8, 8 ],"all");
SIGN(36,120,[ 0, 6, 6, 12 ],"nonsolvable");
SIGN(36,120,[ 0, 5, 6, 20 ],"nonsolvable");
SIGN(36,120,[ 0, 4, 12, 12 ],"all");
GROU(36,120,[ 0, 4, 10, 15 ],[ 120, 37 ]);
SIGN(36,120,[ 0, 4, 8, 24 ],"all");
SIGN(36,120,[ 0, 3, 24, 24 ],"nonsolvable");
GROU(36,120,[ 0, 3, 20, 30 ],[ 120, 15 ]);
GROU(36,120,[ 0, 2, 3, 3, 4 ],[ 120, 34 ]);
GROU(36,120,[ 0, 2, 2, 4, 6 ],[ 120, 34 ]);
SIGN(36,120,[ 0, 2, 2, 3, 12 ],"nonsolvable");
SIGN(36,125,[ 0, 5, 5, 25 ],"all");
SIGN(36,126,[ 0, 6, 6, 9 ],"all");
SIGN(36,126,[ 0, 3, 18, 18 ],"all");
SIGN(36,126,[ 0, 2, 2, 3, 9 ],"all");
SIGN(36,140,[ 0, 2, 2, 4, 4 ],"all");
GROU(36,140,[ 0, 2, 2, 2, 2, 2 ],[ 140, 7 ]);
GROU(36,140,[ 0, 2, 2, 2, 2, 2 ],[ 140, 10 ]);
GROU(36,144,[ 0, 4, 4, 72 ],[ 144, 4 ]);
SIGN(36,144,[ 0, 3, 8, 18 ],"all");
GROU(36,144,[ 0, 2, 144, 144 ],[ 144, 2 ]);
GROU(36,144,[ 0, 2, 2, 2, 72 ],[ 144, 8 ]);
GROU(36,146,[ 0, 2, 73, 146 ],[ 146, 2 ]);
GROU(36,147,[ 0, 3, 7, 21 ],[ 147, 3 ]);
GROU(36,148,[ 0, 4, 4, 37 ],[ 148, 1 ]);
GROU(36,148,[ 0, 4, 4, 37 ],[ 148, 3 ]);
GROU(36,148,[ 0, 2, 74, 74 ],[ 148, 5 ]);
GROU(36,148,[ 0, 2, 2, 2, 37 ],[ 148, 4 ]);
GROU(36,150,[ 0, 5, 6, 6 ],[ 150, 6 ]);
GROU(36,150,[ 0, 5, 6, 6 ],[ 150, 7 ]);
GROU(36,150,[ 0, 3, 10, 10 ],[ 150, 5 ]);
SIGN(36,150,[ 0, 3, 6, 30 ],"all");
GROU(36,150,[ 0, 2, 50, 75 ],[ 150, 1 ]);
GROU(36,150,[ 0, 2, 2, 3, 5 ],[ 150, 5 ]);
GROU(36,152,[ 0, 2, 38, 76 ],[ 152, 9 ]);
GROU(36,156,[ 0, 2, 39, 39 ],[ 156, 13 ]);
GROU(36,156,[ 0, 2, 26, 78 ],[ 156, 16 ]);
SIGN(36,160,[ 0, 4, 4, 16 ],"all");
SIGN(36,160,[ 0, 2, 32, 32 ],"all");
GROU(36,160,[ 0, 2, 20, 80 ],[ 160, 62 ]);
SIGN(36,160,[ 0, 2, 2, 2, 16 ],"all");
SIGN(36,162,[ 0, 2, 18, 81 ],"all");
GROU(36,168,[ 0, 4, 6, 6 ],[ 168, 11 ]);
SIGN(36,168,[ 0, 4, 4, 12 ],"nonsolvable");
SIGN(36,168,[ 0, 3, 8, 8 ],"nonsolvable");
SIGN(36,168,[ 0, 3, 6, 12 ],"all");
SIGN(36,168,[ 0, 2, 24, 24 ],"all");
GROU(36,168,[ 0, 2, 21, 28 ],[ 168, 45 ]);
GROU(36,168,[ 0, 2, 14, 84 ],[ 168, 31 ]);
GROU(36,168,[ 0, 2, 2, 3, 4 ],[ 168, 42 ]);
SIGN(36,168,[ 0, 2, 2, 2, 12 ],"all");
SIGN(36,180,[ 0, 3, 6, 9 ],"nonsolvable");
SIGN(36,180,[ 0, 3, 4, 36 ],"nonsolvable");
SIGN(36,180,[ 0, 2, 18, 18 ],"nonsolvable");
SIGN(36,180,[ 0, 2, 12, 36 ],"nonsolvable");
GROU(36,180,[ 0, 2, 10, 90 ],[ 180, 10 ]);
SIGN(36,192,[ 0, 2, 8, 96 ],"all");
GROU(36,196,[ 0, 4, 4, 7 ],[ 196, 8 ]);
GROU(36,196,[ 0, 2, 14, 14 ],[ 196, 9 ]);
GROU(36,196,[ 0, 2, 14, 14 ],[ 196, 10 ]);
GROU(36,196,[ 0, 2, 2, 2, 7 ],[ 196, 9 ]);
GROU(36,200,[ 0, 2, 10, 20 ],[ 200, 25 ]);
GROU(36,200,[ 0, 2, 10, 20 ],[ 200, 29 ]);
GROU(36,200,[ 0, 2, 10, 20 ],[ 200, 31 ]);
SIGN(36,200,[ 0, 2, 8, 40 ],"all");
GROU(36,208,[ 0, 2, 8, 26 ],[ 208, 15 ]);
SIGN(36,210,[ 0, 2, 2, 2, 6 ],"all");
SIGN(36,216,[ 0, 2, 6, 108 ],"all");
GROU(36,219,[ 0, 3, 3, 73 ],[ 219, 1 ]);
GROU(36,228,[ 0, 3, 3, 38 ],[ 228, 11 ]);
GROU(36,228,[ 0, 2, 6, 38 ],[ 228, 8 ]);
SIGN(36,240,[ 0, 3, 4, 8 ],"nonsolvable");
SIGN(36,240,[ 0, 3, 3, 24 ],"nonsolvable");
SIGN(36,240,[ 0, 2, 8, 12 ],"all");
SIGN(36,240,[ 0, 2, 6, 24 ],"nonsolvable");
SIGN(36,250,[ 0, 2, 5, 50 ],"all");
SIGN(36,252,[ 0, 3, 3, 18 ],"all");
SIGN(36,252,[ 0, 2, 6, 18 ],"all");
SIGN(36,280,[ 0, 2, 2, 2, 4 ],"all");
GROU(36,288,[ 0, 2, 4, 144 ],[ 288, 7 ]);
GROU(36,296,[ 0, 2, 4, 74 ],[ 296, 8 ]);
GROU(36,300,[ 0, 3, 3, 10 ],[ 300, 43 ]);
GROU(36,300,[ 0, 2, 6, 10 ],[ 300, 25 ]);
GROU(36,300,[ 0, 2, 6, 10 ],[ 300, 26 ]);
GROU(36,300,[ 0, 2, 5, 15 ],[ 300, 22 ]);
GROU(36,312,[ 0, 2, 4, 39 ],[ 312, 48 ]);
SIGN(36,320,[ 0, 2, 4, 32 ],"all");
GROU(36,336,[ 0, 3, 3, 8 ],[ 336, 114 ]);
GROU(36,336,[ 0, 2, 6, 8 ],[ 336, 208 ]);
SIGN(36,336,[ 0, 2, 4, 24 ],"nonsolvable");
SIGN(36,360,[ 0, 2, 4, 18 ],"nonsolvable");
GROU(36,392,[ 0, 2, 4, 14 ],[ 392, 37 ]);
SIGN(36,420,[ 0, 3, 3, 6 ],"nonsolvable");
SIGN(36,420,[ 0, 2, 6, 6 ],"nonsolvable");
SIGN(36,420,[ 0, 2, 4, 12 ],"nonsolvable");
SIGN(36,480,[ 0, 2, 3, 48 ],"nonsolvable");
SIGN(36,504,[ 0, 2, 4, 9 ],"nonsolvable");
SIGN(36,504,[ 0, 2, 3, 36 ],"all");
SIGN(36,588,[ 0, 2, 3, 21 ],"all");
GROU(36,600,[ 0, 2, 3, 20 ],[ 600, 179 ]);
GROU(36,672,[ 0, 2, 3, 16 ],[ 672, 1044 ]);
SIGN(36,840,[ 0, 2, 4, 6 ],"nonsolvable");
SIGN(36,840,[ 0, 2, 3, 12 ],"nonsolvable");
GROU(36,2,[ 1, 2, 2, 2, 2, 2, 2, 2, 2, 2, 2, 2, 2, 2, 2, 2, 2, 2, 2, 2, 2, 2, 
  2, 2, 2, 2, 2, 2, 2, 2, 2, 2, 2, 2, 2, 2, 2, 2, 2, 2, 2, 2, 2, 2, 2, 2, 2, 
  2, 2, 2, 2, 2, 2, 2, 2, 2, 2, 2, 2, 2, 2, 2, 2, 2, 2, 2, 2, 2, 2, 2, 2 ],
[ 2, 1 ]);
GROU(36,3,[ 1, 3, 3, 3, 3, 3, 3, 3, 3, 3, 3, 3, 3, 3, 3, 3, 3, 3, 3, 3, 3, 3, 
  3, 3, 3, 3, 3, 3, 3, 3, 3, 3, 3, 3, 3, 3 ],[ 3, 1 ]);
GROU(36,4,[ 1, 2, 2, 4, 4, 4, 4, 4, 4, 4, 4, 4, 4, 4, 4, 4, 4, 4, 4, 4, 4, 4, 
  4, 4, 4 ],[ 4, 1 ]);
GROU(36,4,[ 1, 2, 2, 2, 2, 2, 4, 4, 4, 4, 4, 4, 4, 4, 4, 4, 4, 4, 4, 4, 4, 4, 
  4, 4, 4, 4 ],[ 4, 1 ]);
GROU(36,4,[ 1, 2, 2, 2, 2, 2, 2, 2, 2, 4, 4, 4, 4, 4, 4, 4, 4, 4, 4, 4, 4, 4, 
  4, 4, 4, 4, 4 ],[ 4, 1 ]);
GROU(36,4,[ 1, 2, 2, 2, 2, 2, 2, 2, 2, 2, 2, 2, 4, 4, 4, 4, 4, 4, 4, 4, 4, 4, 
  4, 4, 4, 4, 4, 4 ],[ 4, 1 ]);
GROU(36,4,[ 1, 2, 2, 2, 2, 2, 2, 2, 2, 2, 2, 2, 2, 2, 2, 4, 4, 4, 4, 4, 4, 4, 
  4, 4, 4, 4, 4, 4, 4 ],[ 4, 1 ]);
GROU(36,4,[ 1, 2, 2, 2, 2, 2, 2, 2, 2, 2, 2, 2, 2, 2, 2, 2, 2, 2, 4, 4, 4, 4, 
  4, 4, 4, 4, 4, 4, 4, 4 ],[ 4, 1 ]);
GROU(36,4,[ 1, 2, 2, 2, 2, 2, 2, 2, 2, 2, 2, 2, 2, 2, 2, 2, 2, 2, 2, 2, 2, 4, 
  4, 4, 4, 4, 4, 4, 4, 4, 4 ],[ 4, 1 ]);
GROU(36,4,[ 1, 2, 2, 2, 2, 2, 2, 2, 2, 2, 2, 2, 2, 2, 2, 2, 2, 2, 2, 2, 2, 2, 
  2, 2, 4, 4, 4, 4, 4, 4, 4, 4 ],[ 4, 1 ]);
GROU(36,4,[ 1, 2, 2, 2, 2, 2, 2, 2, 2, 2, 2, 2, 2, 2, 2, 2, 2, 2, 2, 2, 2, 2, 
  2, 2, 2, 2, 2, 4, 4, 4, 4, 4, 4 ],[ 4, 1 ]);
GROU(36,4,[ 1, 2, 2, 2, 2, 2, 2, 2, 2, 2, 2, 2, 2, 2, 2, 2, 2, 2, 2, 2, 2, 2, 
  2, 2, 2, 2, 2, 2, 2, 2, 4, 4, 4, 4 ],[ 4, 1 ]);
GROU(36,4,[ 1, 2, 2, 2, 2, 2, 2, 2, 2, 2, 2, 2, 2, 2, 2, 2, 2, 2, 2, 2, 2, 2, 
  2, 2, 2, 2, 2, 2, 2, 2, 2, 2, 2, 4, 4 ],[ 4, 1 ]);
GROU(36,4,[ 1, 2, 2, 2, 2, 2, 2, 2, 2, 2, 2, 2, 2, 2, 2, 2, 2, 2, 2, 2, 2, 2, 
  2, 2, 2, 2, 2, 2, 2, 2, 2, 2, 2, 2, 2, 2 ],[ 4, 2 ]);
GROU(36,6,[ 1, 6, 6, 6, 6, 6, 6, 6, 6, 6, 6, 6, 6, 6, 6 ],[ 6, 2 ]);
GROU(36,6,[ 1, 3, 3, 3, 3, 3, 6, 6, 6, 6, 6, 6, 6, 6, 6, 6 ],[ 6, 2 ]);
GROU(36,6,[ 1, 3, 3, 3, 3, 3, 3, 3, 3, 3, 3, 6, 6, 6, 6, 6, 6 ],[ 6, 2 ]);
GROU(36,6,[ 1, 3, 3, 3, 3, 3, 3, 3, 3, 3, 3, 3, 3, 3, 3, 3, 6, 6 ],[ 6, 2 ]);
GROU(36,6,[ 1, 2, 3, 3, 3, 6, 6, 6, 6, 6, 6, 6, 6, 6, 6, 6 ],[ 6, 2 ]);
GROU(36,6,[ 1, 2, 3, 3, 3, 3, 3, 3, 3, 3, 6, 6, 6, 6, 6, 6, 6 ],[ 6, 2 ]);
GROU(36,6,[ 1, 2, 3, 3, 3, 3, 3, 3, 3, 3, 3, 3, 3, 3, 3, 6, 6, 6 ],[ 6, 2 ]);
GROU(36,6,[ 1, 2, 2, 3, 6, 6, 6, 6, 6, 6, 6, 6, 6, 6, 6, 6 ],[ 6, 2 ]);
GROU(36,6,[ 1, 2, 2, 3, 3, 3, 3, 3, 3, 6, 6, 6, 6, 6, 6, 6, 6 ],[ 6, 2 ]);
GROU(36,6,[ 1, 2, 2, 3, 3, 3, 3, 3, 3, 3, 3, 3, 3, 3, 6, 6, 6, 6 ],[ 6, 2 ]);
GROU(36,6,[ 1, 2, 2, 3, 3, 3, 3, 3, 3, 3, 3, 3, 3, 3, 3, 3, 3, 3, 3 ],
[ 6, 1 ]);
GROU(36,6,[ 1, 2, 2, 3, 3, 3, 3, 3, 3, 3, 3, 3, 3, 3, 3, 3, 3, 3, 3 ],
[ 6, 2 ]);
GROU(36,6,[ 1, 2, 2, 2, 3, 3, 3, 3, 6, 6, 6, 6, 6, 6, 6, 6, 6 ],[ 6, 2 ]);
GROU(36,6,[ 1, 2, 2, 2, 3, 3, 3, 3, 3, 3, 3, 3, 3, 6, 6, 6, 6, 6 ],[ 6, 2 ]);
GROU(36,6,[ 1, 2, 2, 2, 3, 3, 3, 3, 3, 3, 3, 3, 3, 3, 3, 3, 3, 3, 6 ],
[ 6, 2 ]);
GROU(36,6,[ 1, 2, 2, 2, 2, 3, 3, 6, 6, 6, 6, 6, 6, 6, 6, 6, 6 ],[ 6, 2 ]);
GROU(36,6,[ 1, 2, 2, 2, 2, 3, 3, 3, 3, 3, 3, 3, 6, 6, 6, 6, 6, 6 ],[ 6, 2 ]);
GROU(36,6,[ 1, 2, 2, 2, 2, 3, 3, 3, 3, 3, 3, 3, 3, 3, 3, 3, 3, 6, 6 ],
[ 6, 2 ]);
GROU(36,6,[ 1, 2, 2, 2, 2, 2, 6, 6, 6, 6, 6, 6, 6, 6, 6, 6, 6 ],[ 6, 2 ]);
GROU(36,6,[ 1, 2, 2, 2, 2, 2, 3, 3, 3, 3, 3, 6, 6, 6, 6, 6, 6, 6 ],[ 6, 2 ]);
GROU(36,6,[ 1, 2, 2, 2, 2, 2, 3, 3, 3, 3, 3, 3, 3, 3, 3, 3, 6, 6, 6 ],
[ 6, 2 ]);
GROU(36,6,[ 1, 2, 2, 2, 2, 2, 2, 3, 3, 3, 6, 6, 6, 6, 6, 6, 6, 6 ],[ 6, 2 ]);
GROU(36,6,[ 1, 2, 2, 2, 2, 2, 2, 3, 3, 3, 3, 3, 3, 3, 3, 6, 6, 6, 6 ],
[ 6, 2 ]);
GROU(36,6,[ 1, 2, 2, 2, 2, 2, 2, 3, 3, 3, 3, 3, 3, 3, 3, 3, 3, 3, 3, 3 ],
[ 6, 1 ]);
GROU(36,6,[ 1, 2, 2, 2, 2, 2, 2, 3, 3, 3, 3, 3, 3, 3, 3, 3, 3, 3, 3, 3 ],
[ 6, 2 ]);
GROU(36,6,[ 1, 2, 2, 2, 2, 2, 2, 2, 3, 6, 6, 6, 6, 6, 6, 6, 6, 6 ],[ 6, 2 ]);
GROU(36,6,[ 1, 2, 2, 2, 2, 2, 2, 2, 3, 3, 3, 3, 3, 3, 6, 6, 6, 6, 6 ],
[ 6, 2 ]);
GROU(36,6,[ 1, 2, 2, 2, 2, 2, 2, 2, 3, 3, 3, 3, 3, 3, 3, 3, 3, 3, 3, 6 ],
[ 6, 2 ]);
GROU(36,6,[ 1, 2, 2, 2, 2, 2, 2, 2, 2, 3, 3, 3, 3, 6, 6, 6, 6, 6, 6 ],
[ 6, 2 ]);
GROU(36,6,[ 1, 2, 2, 2, 2, 2, 2, 2, 2, 3, 3, 3, 3, 3, 3, 3, 3, 3, 6, 6 ],
[ 6, 2 ]);
GROU(36,6,[ 1, 2, 2, 2, 2, 2, 2, 2, 2, 2, 3, 3, 6, 6, 6, 6, 6, 6, 6 ],
[ 6, 2 ]);
GROU(36,6,[ 1, 2, 2, 2, 2, 2, 2, 2, 2, 2, 3, 3, 3, 3, 3, 3, 3, 6, 6, 6 ],
[ 6, 2 ]);
GROU(36,6,[ 1, 2, 2, 2, 2, 2, 2, 2, 2, 2, 2, 6, 6, 6, 6, 6, 6, 6, 6 ],
[ 6, 2 ]);
GROU(36,6,[ 1, 2, 2, 2, 2, 2, 2, 2, 2, 2, 2, 3, 3, 3, 3, 3, 6, 6, 6, 6 ],
[ 6, 2 ]);
GROU(36,6,[ 1, 2, 2, 2, 2, 2, 2, 2, 2, 2, 2, 3, 3, 3, 3, 3, 3, 3, 3, 3, 3 ],
[ 6, 1 ]);
GROU(36,6,[ 1, 2, 2, 2, 2, 2, 2, 2, 2, 2, 2, 3, 3, 3, 3, 3, 3, 3, 3, 3, 3 ],
[ 6, 2 ]);
GROU(36,6,[ 1, 2, 2, 2, 2, 2, 2, 2, 2, 2, 2, 2, 3, 3, 3, 6, 6, 6, 6, 6 ],
[ 6, 2 ]);
GROU(36,6,[ 1, 2, 2, 2, 2, 2, 2, 2, 2, 2, 2, 2, 3, 3, 3, 3, 3, 3, 3, 3, 6 ],
[ 6, 2 ]);
GROU(36,6,[ 1, 2, 2, 2, 2, 2, 2, 2, 2, 2, 2, 2, 2, 3, 6, 6, 6, 6, 6, 6 ],
[ 6, 2 ]);
GROU(36,6,[ 1, 2, 2, 2, 2, 2, 2, 2, 2, 2, 2, 2, 2, 3, 3, 3, 3, 3, 3, 6, 6 ],
[ 6, 2 ]);
GROU(36,6,[ 1, 2, 2, 2, 2, 2, 2, 2, 2, 2, 2, 2, 2, 2, 3, 3, 3, 3, 6, 6, 6 ],
[ 6, 2 ]);
GROU(36,6,[ 1, 2, 2, 2, 2, 2, 2, 2, 2, 2, 2, 2, 2, 2, 2, 3, 3, 6, 6, 6, 6 ],
[ 6, 2 ]);
GROU(36,6,[ 1, 2, 2, 2, 2, 2, 2, 2, 2, 2, 2, 2, 2, 2, 2, 3, 3, 3, 3, 3, 3, 3 
 ],[ 6, 1 ]);
GROU(36,6,[ 1, 2, 2, 2, 2, 2, 2, 2, 2, 2, 2, 2, 2, 2, 2, 3, 3, 3, 3, 3, 3, 3 
 ],[ 6, 2 ]);
GROU(36,6,[ 1, 2, 2, 2, 2, 2, 2, 2, 2, 2, 2, 2, 2, 2, 2, 2, 6, 6, 6, 6, 6 ],
[ 6, 2 ]);
GROU(36,6,[ 1, 2, 2, 2, 2, 2, 2, 2, 2, 2, 2, 2, 2, 2, 2, 2, 3, 3, 3, 3, 3, 6 
 ],[ 6, 2 ]);
GROU(36,6,[ 1, 2, 2, 2, 2, 2, 2, 2, 2, 2, 2, 2, 2, 2, 2, 2, 2, 3, 3, 3, 6, 6 
 ],[ 6, 2 ]);
GROU(36,6,[ 1, 2, 2, 2, 2, 2, 2, 2, 2, 2, 2, 2, 2, 2, 2, 2, 2, 2, 3, 6, 6, 6 
 ],[ 6, 2 ]);
GROU(36,6,[ 1, 2, 2, 2, 2, 2, 2, 2, 2, 2, 2, 2, 2, 2, 2, 2, 2, 2, 2, 3, 3, 3, 
  3 ],[ 6, 1 ]);
GROU(36,6,[ 1, 2, 2, 2, 2, 2, 2, 2, 2, 2, 2, 2, 2, 2, 2, 2, 2, 2, 2, 3, 3, 3, 
  3 ],[ 6, 2 ]);
GROU(36,6,[ 1, 2, 2, 2, 2, 2, 2, 2, 2, 2, 2, 2, 2, 2, 2, 2, 2, 2, 2, 2, 3, 3, 
  6 ],[ 6, 2 ]);
GROU(36,6,[ 1, 2, 2, 2, 2, 2, 2, 2, 2, 2, 2, 2, 2, 2, 2, 2, 2, 2, 2, 2, 2, 6, 
  6 ],[ 6, 2 ]);
GROU(36,6,[ 1, 2, 2, 2, 2, 2, 2, 2, 2, 2, 2, 2, 2, 2, 2, 2, 2, 2, 2, 2, 2, 2, 
  2, 3 ],[ 6, 1 ]);
GROU(36,8,[ 1, 8, 8, 8, 8, 8, 8, 8, 8, 8, 8 ],[ 8, 1 ]);
GROU(36,8,[ 1, 4, 4, 4, 4, 4, 4, 4, 8, 8, 8, 8 ],[ 8, 1 ]);
GROU(36,8,[ 1, 2, 4, 4, 4, 4, 8, 8, 8, 8, 8, 8 ],[ 8, 1 ]);
GROU(36,8,[ 1, 2, 4, 4, 4, 4, 4, 4, 4, 4, 4, 4, 4 ],[ 8, 4 ]);
GROU(36,8,[ 1, 2, 2, 4, 8, 8, 8, 8, 8, 8, 8, 8 ],[ 8, 1 ]);
GROU(36,8,[ 1, 2, 2, 4, 4, 4, 4, 4, 4, 4, 4, 8, 8 ],[ 8, 1 ]);
GROU(36,8,[ 1, 2, 2, 2, 4, 4, 4, 4, 4, 8, 8, 8, 8 ],[ 8, 1 ]);
GROU(36,8,[ 1, 2, 2, 2, 2, 4, 4, 8, 8, 8, 8, 8, 8 ],[ 8, 1 ]);
GROU(36,8,[ 1, 2, 2, 2, 2, 4, 4, 4, 4, 4, 4, 4, 4, 4 ],[ 8, 3 ]);
GROU(36,8,[ 1, 2, 2, 2, 2, 4, 4, 4, 4, 4, 4, 4, 4, 4 ],[ 8, 4 ]);
GROU(36,8,[ 1, 2, 2, 2, 2, 2, 4, 4, 4, 4, 4, 4, 8, 8 ],[ 8, 1 ]);
GROU(36,8,[ 1, 2, 2, 2, 2, 2, 2, 4, 4, 4, 8, 8, 8, 8 ],[ 8, 1 ]);
GROU(36,8,[ 1, 2, 2, 2, 2, 2, 2, 2, 8, 8, 8, 8, 8, 8 ],[ 8, 1 ]);
GROU(36,8,[ 1, 2, 2, 2, 2, 2, 2, 2, 4, 4, 4, 4, 4, 4, 4 ],[ 8, 3 ]);
GROU(36,8,[ 1, 2, 2, 2, 2, 2, 2, 2, 4, 4, 4, 4, 4, 4, 4 ],[ 8, 4 ]);
GROU(36,8,[ 1, 2, 2, 2, 2, 2, 2, 2, 2, 4, 4, 4, 4, 8, 8 ],[ 8, 1 ]);
GROU(36,8,[ 1, 2, 2, 2, 2, 2, 2, 2, 2, 2, 4, 8, 8, 8, 8 ],[ 8, 1 ]);
GROU(36,8,[ 1, 2, 2, 2, 2, 2, 2, 2, 2, 2, 2, 4, 4, 4, 4, 4 ],[ 8, 3 ]);
GROU(36,8,[ 1, 2, 2, 2, 2, 2, 2, 2, 2, 2, 2, 4, 4, 4, 4, 4 ],[ 8, 4 ]);
GROU(36,8,[ 1, 2, 2, 2, 2, 2, 2, 2, 2, 2, 2, 2, 4, 4, 8, 8 ],[ 8, 1 ]);
GROU(36,8,[ 1, 2, 2, 2, 2, 2, 2, 2, 2, 2, 2, 2, 2, 2, 4, 4, 4 ],[ 8, 3 ]);
GROU(36,8,[ 1, 2, 2, 2, 2, 2, 2, 2, 2, 2, 2, 2, 2, 2, 4, 4, 4 ],[ 8, 4 ]);
GROU(36,8,[ 1, 2, 2, 2, 2, 2, 2, 2, 2, 2, 2, 2, 2, 2, 2, 8, 8 ],[ 8, 1 ]);
GROU(36,8,[ 1, 2, 2, 2, 2, 2, 2, 2, 2, 2, 2, 2, 2, 2, 2, 2, 2, 4 ],[ 8, 3 ]);
GROU(36,9,[ 1, 3, 9, 9, 9, 9, 9, 9, 9, 9 ],[ 9, 1 ]);
GROU(36,9,[ 1, 3, 3, 3, 3, 3, 9, 9, 9, 9, 9 ],[ 9, 1 ]);
GROU(36,9,[ 1, 3, 3, 3, 3, 3, 3, 3, 3, 3, 9, 9 ],[ 9, 1 ]);
GROU(36,10,[ 1, 5, 5, 10, 10, 10, 10, 10, 10 ],[ 10, 2 ]);
GROU(36,10,[ 1, 2, 5, 5, 5, 5, 5, 5, 5, 10 ],[ 10, 2 ]);
GROU(36,10,[ 1, 2, 2, 5, 5, 5, 10, 10, 10, 10 ],[ 10, 2 ]);
GROU(36,10,[ 1, 2, 2, 2, 2, 5, 5, 5, 5, 10, 10 ],[ 10, 2 ]);
GROU(36,10,[ 1, 2, 2, 2, 2, 2, 10, 10, 10, 10, 10 ],[ 10, 2 ]);
GROU(36,10,[ 1, 2, 2, 2, 2, 2, 2, 5, 5, 5, 5, 5 ],[ 10, 1 ]);
GROU(36,10,[ 1, 2, 2, 2, 2, 2, 2, 5, 5, 5, 5, 5 ],[ 10, 2 ]);
GROU(36,10,[ 1, 2, 2, 2, 2, 2, 2, 2, 5, 10, 10, 10 ],[ 10, 2 ]);
GROU(36,10,[ 1, 2, 2, 2, 2, 2, 2, 2, 2, 2, 5, 5, 10 ],[ 10, 2 ]);
GROU(36,10,[ 1, 2, 2, 2, 2, 2, 2, 2, 2, 2, 2, 2, 2, 2, 2 ],[ 10, 1 ]);
GROU(36,10,[ 1, 2, 2, 2, 2, 2, 2, 2, 2, 2, 2, 2, 2, 2, 2 ],[ 10, 2 ]);
GROU(36,11,[ 1, 11, 11, 11, 11, 11, 11, 11 ],[ 11, 1 ]);
GROU(36,12,[ 1, 6, 6, 6, 6, 6, 6, 6 ],[ 12, 5 ]);
GROU(36,12,[ 1, 4, 6, 6, 6, 6, 6, 12 ],[ 12, 2 ]);
GROU(36,12,[ 1, 4, 4, 6, 6, 6, 12, 12 ],[ 12, 2 ]);
GROU(36,12,[ 1, 4, 4, 4, 6, 12, 12, 12 ],[ 12, 2 ]);
GROU(36,12,[ 1, 3, 6, 6, 6, 6, 12, 12 ],[ 12, 2 ]);
GROU(36,12,[ 1, 3, 4, 6, 6, 12, 12, 12 ],[ 12, 2 ]);
GROU(36,12,[ 1, 3, 4, 4, 12, 12, 12, 12 ],[ 12, 2 ]);
GROU(36,12,[ 1, 3, 3, 6, 12, 12, 12, 12 ],[ 12, 2 ]);
GROU(36,12,[ 1, 3, 3, 4, 4, 4, 4, 4, 4 ],[ 12, 1 ]);
GROU(36,12,[ 1, 3, 3, 4, 4, 4, 4, 4, 4 ],[ 12, 2 ]);
GROU(36,12,[ 1, 3, 3, 3, 4, 4, 4, 4, 6 ],[ 12, 1 ]);
GROU(36,12,[ 1, 3, 3, 3, 4, 4, 4, 4, 6 ],[ 12, 2 ]);
GROU(36,12,[ 1, 3, 3, 3, 3, 4, 4, 6, 6 ],[ 12, 1 ]);
GROU(36,12,[ 1, 3, 3, 3, 3, 4, 4, 6, 6 ],[ 12, 2 ]);
GROU(36,12,[ 1, 3, 3, 3, 3, 4, 4, 4, 12 ],[ 12, 2 ]);
GROU(36,12,[ 1, 3, 3, 3, 3, 3, 6, 6, 6 ],[ 12, 5 ]);
GROU(36,12,[ 1, 3, 3, 3, 3, 3, 4, 6, 12 ],[ 12, 2 ]);
GROU(36,12,[ 1, 3, 3, 3, 3, 3, 3, 12, 12 ],[ 12, 2 ]);
GROU(36,12,[ 1, 2, 6, 6, 12, 12, 12, 12 ],[ 12, 2 ]);
GROU(36,12,[ 1, 2, 4, 12, 12, 12, 12, 12 ],[ 12, 2 ]);
GROU(36,12,[ 1, 2, 4, 4, 4, 4, 4, 4, 6 ],[ 12, 1 ]);
GROU(36,12,[ 1, 2, 3, 4, 4, 4, 4, 6, 6 ],[ 12, 1 ]);
GROU(36,12,[ 1, 2, 3, 4, 4, 4, 4, 6, 6 ],[ 12, 2 ]);
GROU(36,12,[ 1, 2, 3, 4, 4, 4, 4, 4, 12 ],[ 12, 2 ]);
GROU(36,12,[ 1, 2, 3, 3, 4, 4, 6, 6, 6 ],[ 12, 1 ]);
GROU(36,12,[ 1, 2, 3, 3, 4, 4, 6, 6, 6 ],[ 12, 2 ]);
GROU(36,12,[ 1, 2, 3, 3, 4, 4, 4, 6, 12 ],[ 12, 2 ]);
GROU(36,12,[ 1, 2, 3, 3, 3, 6, 6, 6, 6 ],[ 12, 5 ]);
GROU(36,12,[ 1, 2, 3, 3, 3, 4, 6, 6, 12 ],[ 12, 2 ]);
GROU(36,12,[ 1, 2, 3, 3, 3, 4, 4, 12, 12 ],[ 12, 2 ]);
GROU(36,12,[ 1, 2, 3, 3, 3, 3, 6, 12, 12 ],[ 12, 2 ]);
GROU(36,12,[ 1, 2, 3, 3, 3, 3, 3, 3, 3, 3 ],[ 12, 3 ]);
GROU(36,12,[ 1, 2, 2, 4, 4, 6, 6, 6, 6 ],[ 12, 1 ]);
GROU(36,12,[ 1, 2, 2, 4, 4, 6, 6, 6, 6 ],[ 12, 2 ]);
GROU(36,12,[ 1, 2, 2, 4, 4, 4, 6, 6, 12 ],[ 12, 2 ]);
GROU(36,12,[ 1, 2, 2, 4, 4, 4, 4, 12, 12 ],[ 12, 2 ]);
GROU(36,12,[ 1, 2, 2, 3, 6, 6, 6, 6, 6 ],[ 12, 4 ]);
GROU(36,12,[ 1, 2, 2, 3, 6, 6, 6, 6, 6 ],[ 12, 5 ]);
GROU(36,12,[ 1, 2, 2, 3, 4, 6, 6, 6, 12 ],[ 12, 2 ]);
GROU(36,12,[ 1, 2, 2, 3, 4, 4, 6, 12, 12 ],[ 12, 2 ]);
GROU(36,12,[ 1, 2, 2, 3, 3, 6, 6, 12, 12 ],[ 12, 2 ]);
GROU(36,12,[ 1, 2, 2, 3, 3, 4, 12, 12, 12 ],[ 12, 2 ]);
GROU(36,12,[ 1, 2, 2, 3, 3, 3, 3, 3, 4, 4 ],[ 12, 1 ]);
GROU(36,12,[ 1, 2, 2, 3, 3, 3, 3, 3, 4, 4 ],[ 12, 2 ]);
GROU(36,12,[ 1, 2, 2, 3, 3, 3, 3, 3, 3, 6 ],[ 12, 4 ]);
GROU(36,12,[ 1, 2, 2, 3, 3, 3, 3, 3, 3, 6 ],[ 12, 5 ]);
GROU(36,12,[ 1, 2, 2, 2, 6, 6, 6, 12, 12 ],[ 12, 2 ]);
GROU(36,12,[ 1, 2, 2, 2, 4, 6, 12, 12, 12 ],[ 12, 2 ]);
GROU(36,12,[ 1, 2, 2, 2, 3, 12, 12, 12, 12 ],[ 12, 2 ]);
GROU(36,12,[ 1, 2, 2, 2, 3, 3, 4, 4, 4, 4 ],[ 12, 1 ]);
GROU(36,12,[ 1, 2, 2, 2, 3, 3, 4, 4, 4, 4 ],[ 12, 2 ]);
GROU(36,12,[ 1, 2, 2, 2, 3, 3, 3, 4, 4, 6 ],[ 12, 1 ]);
GROU(36,12,[ 1, 2, 2, 2, 3, 3, 3, 4, 4, 6 ],[ 12, 2 ]);
GROU(36,12,[ 1, 2, 2, 2, 3, 3, 3, 3, 6, 6 ],[ 12, 4 ]);
GROU(36,12,[ 1, 2, 2, 2, 3, 3, 3, 3, 6, 6 ],[ 12, 5 ]);
GROU(36,12,[ 1, 2, 2, 2, 3, 3, 3, 3, 4, 12 ],[ 12, 2 ]);
GROU(36,12,[ 1, 2, 2, 2, 2, 4, 4, 4, 4, 6 ],[ 12, 1 ]);
GROU(36,12,[ 1, 2, 2, 2, 2, 3, 4, 4, 6, 6 ],[ 12, 1 ]);
GROU(36,12,[ 1, 2, 2, 2, 2, 3, 4, 4, 6, 6 ],[ 12, 2 ]);
GROU(36,12,[ 1, 2, 2, 2, 2, 3, 4, 4, 4, 12 ],[ 12, 2 ]);
GROU(36,12,[ 1, 2, 2, 2, 2, 3, 3, 6, 6, 6 ],[ 12, 4 ]);
GROU(36,12,[ 1, 2, 2, 2, 2, 3, 3, 6, 6, 6 ],[ 12, 5 ]);
GROU(36,12,[ 1, 2, 2, 2, 2, 3, 3, 4, 6, 12 ],[ 12, 2 ]);
GROU(36,12,[ 1, 2, 2, 2, 2, 3, 3, 3, 12, 12 ],[ 12, 2 ]);
GROU(36,12,[ 1, 2, 2, 2, 2, 2, 6, 6, 6, 6 ],[ 12, 4 ]);
GROU(36,12,[ 1, 2, 2, 2, 2, 2, 6, 6, 6, 6 ],[ 12, 5 ]);
GROU(36,12,[ 1, 2, 2, 2, 2, 2, 4, 6, 6, 12 ],[ 12, 2 ]);
GROU(36,12,[ 1, 2, 2, 2, 2, 2, 4, 4, 12, 12 ],[ 12, 2 ]);
GROU(36,12,[ 1, 2, 2, 2, 2, 2, 3, 6, 12, 12 ],[ 12, 2 ]);
GROU(36,12,[ 1, 2, 2, 2, 2, 2, 3, 3, 3, 3, 3 ],[ 12, 3 ]);
GROU(36,12,[ 1, 2, 2, 2, 2, 2, 3, 3, 3, 3, 3 ],[ 12, 4 ]);
GROU(36,12,[ 1, 2, 2, 2, 2, 2, 3, 3, 3, 3, 3 ],[ 12, 5 ]);
GROU(36,12,[ 1, 2, 2, 2, 2, 2, 2, 3, 3, 4, 4 ],[ 12, 1 ]);
GROU(36,12,[ 1, 2, 2, 2, 2, 2, 2, 3, 3, 4, 4 ],[ 12, 2 ]);
GROU(36,12,[ 1, 2, 2, 2, 2, 2, 2, 3, 3, 3, 6 ],[ 12, 4 ]);
GROU(36,12,[ 1, 2, 2, 2, 2, 2, 2, 3, 3, 3, 6 ],[ 12, 5 ]);
GROU(36,12,[ 1, 2, 2, 2, 2, 2, 2, 2, 4, 4, 6 ],[ 12, 1 ]);
GROU(36,12,[ 1, 2, 2, 2, 2, 2, 2, 2, 3, 6, 6 ],[ 12, 4 ]);
GROU(36,12,[ 1, 2, 2, 2, 2, 2, 2, 2, 3, 6, 6 ],[ 12, 5 ]);
GROU(36,12,[ 1, 2, 2, 2, 2, 2, 2, 2, 3, 4, 12 ],[ 12, 2 ]);
GROU(36,12,[ 1, 2, 2, 2, 2, 2, 2, 2, 2, 12, 12 ],[ 12, 2 ]);
GROU(36,12,[ 1, 2, 2, 2, 2, 2, 2, 2, 2, 2, 3, 3 ],[ 12, 3 ]);
GROU(36,12,[ 1, 2, 2, 2, 2, 2, 2, 2, 2, 2, 3, 3 ],[ 12, 4 ]);
GROU(36,12,[ 1, 2, 2, 2, 2, 2, 2, 2, 2, 2, 3, 3 ],[ 12, 5 ]);
GROU(36,12,[ 1, 2, 2, 2, 2, 2, 2, 2, 2, 2, 2, 6 ],[ 12, 4 ]);
GROU(36,14,[ 1, 2, 7, 7, 14, 14, 14 ],[ 14, 2 ]);
GROU(36,14,[ 1, 2, 2, 2, 7, 7, 7, 14 ],[ 14, 2 ]);
GROU(36,14,[ 1, 2, 2, 2, 2, 2, 2, 2, 2, 2, 2 ],[ 14, 1 ]);
GROU(36,14,[ 1, 2, 2, 2, 2, 2, 2, 2, 2, 2, 2 ],[ 14, 2 ]);
GROU(36,15,[ 1, 15, 15, 15, 15, 15 ],[ 15, 1 ]);
GROU(36,15,[ 1, 3, 3, 5, 5, 5, 15 ],[ 15, 1 ]);
GROU(36,15,[ 1, 3, 3, 3, 5, 15, 15 ],[ 15, 1 ]);
GROU(36,15,[ 1, 3, 3, 3, 3, 3, 3, 3 ],[ 15, 1 ]);
SIGN(36,16,[ 1, 8, 8, 8, 8, 8 ],"all");
GROU(36,16,[ 1, 4, 8, 8, 16, 16 ],[ 16, 1 ]);
GROU(36,16,[ 1, 2, 4, 4, 4, 4, 8 ],[ 16, 8 ]);
GROU(36,16,[ 1, 2, 4, 4, 4, 4, 8 ],[ 16, 9 ]);
GROU(36,16,[ 1, 2, 2, 4, 8, 8, 8 ],[ 16, 7 ]);
GROU(36,16,[ 1, 2, 2, 4, 8, 8, 8 ],[ 16, 8 ]);
GROU(36,16,[ 1, 2, 2, 4, 4, 16, 16 ],[ 16, 1 ]);
GROU(36,16,[ 1, 2, 2, 2, 2, 4, 4, 8 ],[ 16, 7 ]);
GROU(36,16,[ 1, 2, 2, 2, 2, 4, 4, 8 ],[ 16, 8 ]);
GROU(36,16,[ 1, 2, 2, 2, 2, 4, 4, 8 ],[ 16, 9 ]);
GROU(36,16,[ 1, 2, 2, 2, 2, 2, 16, 16 ],[ 16, 1 ]);
GROU(36,16,[ 1, 2, 2, 2, 2, 2, 2, 2, 8 ],[ 16, 7 ]);
SIGN(36,18,[ 1, 3, 3, 6, 6, 9 ],"all");
GROU(36,18,[ 1, 3, 3, 3, 18, 18 ],[ 18, 2 ]);
SIGN(36,18,[ 1, 2, 6, 6, 6, 9 ],"all");
GROU(36,18,[ 1, 2, 3, 9, 9, 18 ],[ 18, 2 ]);
GROU(36,18,[ 1, 2, 3, 6, 18, 18 ],[ 18, 2 ]);
GROU(36,18,[ 1, 2, 2, 3, 3, 3, 9 ],[ 18, 1 ]);
SIGN(36,18,[ 1, 2, 2, 2, 3, 6, 9 ],"all");
GROU(36,18,[ 1, 2, 2, 2, 2, 18, 18 ],[ 18, 2 ]);
GROU(36,18,[ 1, 2, 2, 2, 2, 2, 2, 9 ],[ 18, 1 ]);
GROU(36,20,[ 1, 5, 10, 10, 10 ],[ 20, 5 ]);
GROU(36,20,[ 1, 5, 5, 20, 20 ],[ 20, 2 ]);
GROU(36,20,[ 1, 4, 10, 10, 20 ],[ 20, 2 ]);
GROU(36,20,[ 1, 2, 4, 4, 4, 4 ],[ 20, 1 ]);
GROU(36,20,[ 1, 2, 4, 4, 4, 4 ],[ 20, 2 ]);
GROU(36,20,[ 1, 2, 4, 4, 4, 4 ],[ 20, 3 ]);
GROU(36,20,[ 1, 2, 2, 5, 5, 10 ],[ 20, 4 ]);
GROU(36,20,[ 1, 2, 2, 5, 5, 10 ],[ 20, 5 ]);
GROU(36,20,[ 1, 2, 2, 4, 5, 20 ],[ 20, 2 ]);
GROU(36,20,[ 1, 2, 2, 2, 2, 4, 4 ],[ 20, 1 ]);
GROU(36,20,[ 1, 2, 2, 2, 2, 4, 4 ],[ 20, 2 ]);
GROU(36,20,[ 1, 2, 2, 2, 2, 4, 4 ],[ 20, 3 ]);
GROU(36,20,[ 1, 2, 2, 2, 2, 2, 2, 2 ],[ 20, 4 ]);
GROU(36,20,[ 1, 2, 2, 2, 2, 2, 2, 2 ],[ 20, 5 ]);
GROU(36,21,[ 1, 3, 7, 7, 21 ],[ 21, 2 ]);
GROU(36,21,[ 1, 3, 3, 3, 3, 3 ],[ 21, 1 ]);
GROU(36,21,[ 1, 3, 3, 3, 3, 3 ],[ 21, 2 ]);
GROU(36,24,[ 1, 3, 4, 4, 4 ],[ 24, 4 ]);
GROU(36,24,[ 1, 3, 3, 4, 6 ],[ 24, 3 ]);
SIGN(36,24,[ 1, 3, 3, 3, 12 ],"all");
GROU(36,24,[ 1, 2, 4, 6, 6 ],[ 24, 3 ]);
GROU(36,24,[ 1, 2, 4, 6, 6 ],[ 24, 8 ]);
GROU(36,24,[ 1, 2, 4, 6, 6 ],[ 24, 10 ]);
GROU(36,24,[ 1, 2, 4, 4, 12 ],[ 24, 4 ]);
GROU(36,24,[ 1, 2, 3, 8, 8 ],[ 24, 1 ]);
GROU(36,24,[ 1, 2, 3, 6, 12 ],[ 24, 10 ]);
GROU(36,24,[ 1, 2, 2, 24, 24 ],[ 24, 2 ]);
GROU(36,24,[ 1, 2, 2, 2, 3, 4 ],[ 24, 6 ]);
GROU(36,24,[ 1, 2, 2, 2, 3, 4 ],[ 24, 8 ]);
GROU(36,24,[ 1, 2, 2, 2, 3, 4 ],[ 24, 12 ]);
GROU(36,24,[ 1, 2, 2, 2, 2, 12 ],[ 24, 6 ]);
GROU(36,27,[ 1, 3, 27, 27 ],[ 27, 1 ]);
GROU(36,28,[ 1, 2, 2, 4, 4 ],[ 28, 1 ]);
GROU(36,28,[ 1, 2, 2, 4, 4 ],[ 28, 2 ]);
GROU(36,28,[ 1, 2, 2, 2, 2, 2 ],[ 28, 3 ]);
GROU(36,28,[ 1, 2, 2, 2, 2, 2 ],[ 28, 4 ]);
GROU(36,30,[ 1, 3, 6, 6 ],[ 30, 2 ]);
GROU(36,30,[ 1, 3, 6, 6 ],[ 30, 4 ]);
GROU(36,30,[ 1, 2, 10, 15 ],[ 30, 1 ]);
GROU(36,30,[ 1, 2, 2, 3, 3 ],[ 30, 1 ]);
GROU(36,30,[ 1, 2, 2, 3, 3 ],[ 30, 2 ]);
GROU(36,30,[ 1, 2, 2, 3, 3 ],[ 30, 3 ]);
GROU(36,30,[ 1, 2, 2, 3, 3 ],[ 30, 4 ]);
SIGN(36,30,[ 1, 2, 2, 2, 6 ],"all");
GROU(36,32,[ 1, 2, 4, 16 ],[ 32, 19 ]);
GROU(36,36,[ 1, 36, 36 ],[ 36, 2 ]);
GROU(36,36,[ 1, 2, 2, 18 ],[ 36, 4 ]);
GROU(36,40,[ 1, 8, 8 ],[ 40, 1 ]);
GROU(36,40,[ 1, 8, 8 ],[ 40, 2 ]);
GROU(36,40,[ 1, 8, 8 ],[ 40, 3 ]);
SIGN(36,40,[ 1, 5, 20 ],"all");
GROU(36,40,[ 1, 2, 2, 4 ],[ 40, 6 ]);
GROU(36,40,[ 1, 2, 2, 4 ],[ 40, 8 ]);
GROU(36,40,[ 1, 2, 2, 4 ],[ 40, 10 ]);
GROU(36,42,[ 1, 6, 6 ],[ 42, 1 ]);
GROU(36,42,[ 1, 6, 6 ],[ 42, 2 ]);
GROU(36,42,[ 1, 6, 6 ],[ 42, 4 ]);
GROU(36,42,[ 1, 6, 6 ],[ 42, 6 ]);
GROU(36,42,[ 1, 2, 2, 3 ],[ 42, 3 ]);
GROU(36,42,[ 1, 2, 2, 3 ],[ 42, 5 ]);
SIGN(36,48,[ 1, 2, 24 ],"all");
SIGN(36,50,[ 1, 2, 10 ],"all");
SIGN(36,56,[ 1, 2, 4 ],"all");
GROU(36,60,[ 1, 2, 3 ],[ 60, 5 ]);
GROU(36,70,[ 1, 2, 2 ],[ 70, 1 ]);
GROU(36,70,[ 1, 2, 2 ],[ 70, 2 ]);
GROU(36,70,[ 1, 2, 2 ],[ 70, 3 ]);
GROU(36,70,[ 1, 2, 2 ],[ 70, 4 ]);
SIGN(36,80,[ 1, 8 ],"all");
SIGN(36,84,[ 1, 6 ],"all");
SIGN(36,105,[ 1, 3 ],"all");
SIGN(36,140,[ 1, 2 ],"all");
GROU(36,2,[ 2, 2, 2, 2, 2, 2, 2, 2, 2, 2, 2, 2, 2, 2, 2, 2, 2, 2, 2, 2, 2, 2, 
  2, 2, 2, 2, 2, 2, 2, 2, 2, 2, 2, 2, 2, 2, 2, 2, 2, 2, 2, 2, 2, 2, 2, 2, 2, 
  2, 2, 2, 2, 2, 2, 2, 2, 2, 2, 2, 2, 2, 2, 2, 2, 2, 2, 2, 2 ],[ 2, 1 ]);
GROU(36,3,[ 2, 3, 3, 3, 3, 3, 3, 3, 3, 3, 3, 3, 3, 3, 3, 3, 3, 3, 3, 3, 3, 3, 
  3, 3, 3, 3, 3, 3, 3, 3, 3, 3, 3 ],[ 3, 1 ]);
GROU(36,4,[ 2, 2, 4, 4, 4, 4, 4, 4, 4, 4, 4, 4, 4, 4, 4, 4, 4, 4, 4, 4, 4, 4 
 ],[ 4, 1 ]);
GROU(36,4,[ 2, 2, 2, 2, 2, 4, 4, 4, 4, 4, 4, 4, 4, 4, 4, 4, 4, 4, 4, 4, 4, 4, 
  4 ],[ 4, 1 ]);
GROU(36,4,[ 2, 2, 2, 2, 2, 2, 2, 2, 4, 4, 4, 4, 4, 4, 4, 4, 4, 4, 4, 4, 4, 4, 
  4, 4 ],[ 4, 1 ]);
GROU(36,4,[ 2, 2, 2, 2, 2, 2, 2, 2, 2, 2, 2, 4, 4, 4, 4, 4, 4, 4, 4, 4, 4, 4, 
  4, 4, 4 ],[ 4, 1 ]);
GROU(36,4,[ 2, 2, 2, 2, 2, 2, 2, 2, 2, 2, 2, 2, 2, 2, 4, 4, 4, 4, 4, 4, 4, 4, 
  4, 4, 4, 4 ],[ 4, 1 ]);
GROU(36,4,[ 2, 2, 2, 2, 2, 2, 2, 2, 2, 2, 2, 2, 2, 2, 2, 2, 2, 4, 4, 4, 4, 4, 
  4, 4, 4, 4, 4 ],[ 4, 1 ]);
GROU(36,4,[ 2, 2, 2, 2, 2, 2, 2, 2, 2, 2, 2, 2, 2, 2, 2, 2, 2, 2, 2, 2, 4, 4, 
  4, 4, 4, 4, 4, 4 ],[ 4, 1 ]);
GROU(36,4,[ 2, 2, 2, 2, 2, 2, 2, 2, 2, 2, 2, 2, 2, 2, 2, 2, 2, 2, 2, 2, 2, 2, 
  2, 4, 4, 4, 4, 4, 4 ],[ 4, 1 ]);
GROU(36,4,[ 2, 2, 2, 2, 2, 2, 2, 2, 2, 2, 2, 2, 2, 2, 2, 2, 2, 2, 2, 2, 2, 2, 
  2, 2, 2, 2, 4, 4, 4, 4 ],[ 4, 1 ]);
GROU(36,4,[ 2, 2, 2, 2, 2, 2, 2, 2, 2, 2, 2, 2, 2, 2, 2, 2, 2, 2, 2, 2, 2, 2, 
  2, 2, 2, 2, 2, 2, 2, 4, 4 ],[ 4, 1 ]);
GROU(36,4,[ 2, 2, 2, 2, 2, 2, 2, 2, 2, 2, 2, 2, 2, 2, 2, 2, 2, 2, 2, 2, 2, 2, 
  2, 2, 2, 2, 2, 2, 2, 2, 2, 2 ],[ 4, 2 ]);
GROU(36,5,[ 2, 5, 5, 5, 5, 5, 5, 5, 5, 5, 5, 5, 5, 5, 5, 5 ],[ 5, 1 ]);
GROU(36,6,[ 2, 3, 3, 6, 6, 6, 6, 6, 6, 6, 6, 6, 6 ],[ 6, 2 ]);
GROU(36,6,[ 2, 3, 3, 3, 3, 3, 3, 3, 6, 6, 6, 6, 6, 6 ],[ 6, 2 ]);
GROU(36,6,[ 2, 3, 3, 3, 3, 3, 3, 3, 3, 3, 3, 3, 3, 6, 6 ],[ 6, 2 ]);
GROU(36,6,[ 2, 2, 6, 6, 6, 6, 6, 6, 6, 6, 6, 6, 6 ],[ 6, 2 ]);
GROU(36,6,[ 2, 2, 3, 3, 3, 3, 3, 6, 6, 6, 6, 6, 6, 6 ],[ 6, 2 ]);
GROU(36,6,[ 2, 2, 3, 3, 3, 3, 3, 3, 3, 3, 3, 3, 6, 6, 6 ],[ 6, 2 ]);
GROU(36,6,[ 2, 2, 2, 3, 3, 3, 6, 6, 6, 6, 6, 6, 6, 6 ],[ 6, 2 ]);
GROU(36,6,[ 2, 2, 2, 3, 3, 3, 3, 3, 3, 3, 3, 6, 6, 6, 6 ],[ 6, 2 ]);
GROU(36,6,[ 2, 2, 2, 3, 3, 3, 3, 3, 3, 3, 3, 3, 3, 3, 3, 3 ],[ 6, 1 ]);
GROU(36,6,[ 2, 2, 2, 3, 3, 3, 3, 3, 3, 3, 3, 3, 3, 3, 3, 3 ],[ 6, 2 ]);
GROU(36,6,[ 2, 2, 2, 2, 3, 6, 6, 6, 6, 6, 6, 6, 6, 6 ],[ 6, 2 ]);
GROU(36,6,[ 2, 2, 2, 2, 3, 3, 3, 3, 3, 3, 6, 6, 6, 6, 6 ],[ 6, 2 ]);
GROU(36,6,[ 2, 2, 2, 2, 3, 3, 3, 3, 3, 3, 3, 3, 3, 3, 3, 6 ],[ 6, 2 ]);
GROU(36,6,[ 2, 2, 2, 2, 2, 3, 3, 3, 3, 6, 6, 6, 6, 6, 6 ],[ 6, 2 ]);
GROU(36,6,[ 2, 2, 2, 2, 2, 3, 3, 3, 3, 3, 3, 3, 3, 3, 6, 6 ],[ 6, 2 ]);
GROU(36,6,[ 2, 2, 2, 2, 2, 2, 3, 3, 6, 6, 6, 6, 6, 6, 6 ],[ 6, 2 ]);
GROU(36,6,[ 2, 2, 2, 2, 2, 2, 3, 3, 3, 3, 3, 3, 3, 6, 6, 6 ],[ 6, 2 ]);
GROU(36,6,[ 2, 2, 2, 2, 2, 2, 2, 6, 6, 6, 6, 6, 6, 6, 6 ],[ 6, 2 ]);
GROU(36,6,[ 2, 2, 2, 2, 2, 2, 2, 3, 3, 3, 3, 3, 6, 6, 6, 6 ],[ 6, 2 ]);
GROU(36,6,[ 2, 2, 2, 2, 2, 2, 2, 3, 3, 3, 3, 3, 3, 3, 3, 3, 3 ],[ 6, 1 ]);
GROU(36,6,[ 2, 2, 2, 2, 2, 2, 2, 3, 3, 3, 3, 3, 3, 3, 3, 3, 3 ],[ 6, 2 ]);
GROU(36,6,[ 2, 2, 2, 2, 2, 2, 2, 2, 3, 3, 3, 6, 6, 6, 6, 6 ],[ 6, 2 ]);
GROU(36,6,[ 2, 2, 2, 2, 2, 2, 2, 2, 3, 3, 3, 3, 3, 3, 3, 3, 6 ],[ 6, 2 ]);
GROU(36,6,[ 2, 2, 2, 2, 2, 2, 2, 2, 2, 3, 6, 6, 6, 6, 6, 6 ],[ 6, 2 ]);
GROU(36,6,[ 2, 2, 2, 2, 2, 2, 2, 2, 2, 3, 3, 3, 3, 3, 3, 6, 6 ],[ 6, 2 ]);
GROU(36,6,[ 2, 2, 2, 2, 2, 2, 2, 2, 2, 2, 3, 3, 3, 3, 6, 6, 6 ],[ 6, 2 ]);
GROU(36,6,[ 2, 2, 2, 2, 2, 2, 2, 2, 2, 2, 2, 3, 3, 6, 6, 6, 6 ],[ 6, 2 ]);
GROU(36,6,[ 2, 2, 2, 2, 2, 2, 2, 2, 2, 2, 2, 3, 3, 3, 3, 3, 3, 3 ],[ 6, 1 ]);
GROU(36,6,[ 2, 2, 2, 2, 2, 2, 2, 2, 2, 2, 2, 3, 3, 3, 3, 3, 3, 3 ],[ 6, 2 ]);
GROU(36,6,[ 2, 2, 2, 2, 2, 2, 2, 2, 2, 2, 2, 2, 6, 6, 6, 6, 6 ],[ 6, 2 ]);
GROU(36,6,[ 2, 2, 2, 2, 2, 2, 2, 2, 2, 2, 2, 2, 3, 3, 3, 3, 3, 6 ],[ 6, 2 ]);
GROU(36,6,[ 2, 2, 2, 2, 2, 2, 2, 2, 2, 2, 2, 2, 2, 3, 3, 3, 6, 6 ],[ 6, 2 ]);
GROU(36,6,[ 2, 2, 2, 2, 2, 2, 2, 2, 2, 2, 2, 2, 2, 2, 3, 6, 6, 6 ],[ 6, 2 ]);
GROU(36,6,[ 2, 2, 2, 2, 2, 2, 2, 2, 2, 2, 2, 2, 2, 2, 2, 3, 3, 3, 3 ],
[ 6, 1 ]);
GROU(36,6,[ 2, 2, 2, 2, 2, 2, 2, 2, 2, 2, 2, 2, 2, 2, 2, 3, 3, 3, 3 ],
[ 6, 2 ]);
GROU(36,6,[ 2, 2, 2, 2, 2, 2, 2, 2, 2, 2, 2, 2, 2, 2, 2, 2, 3, 3, 6 ],
[ 6, 2 ]);
GROU(36,6,[ 2, 2, 2, 2, 2, 2, 2, 2, 2, 2, 2, 2, 2, 2, 2, 2, 2, 6, 6 ],
[ 6, 2 ]);
GROU(36,6,[ 2, 2, 2, 2, 2, 2, 2, 2, 2, 2, 2, 2, 2, 2, 2, 2, 2, 2, 2, 3 ],
[ 6, 1 ]);
GROU(36,8,[ 2, 4, 4, 8, 8, 8, 8, 8, 8 ],[ 8, 1 ]);
GROU(36,8,[ 2, 4, 4, 4, 4, 4, 4, 4, 4, 4 ],[ 8, 4 ]);
GROU(36,8,[ 2, 2, 4, 4, 4, 4, 4, 4, 8, 8 ],[ 8, 1 ]);
GROU(36,8,[ 2, 2, 2, 4, 4, 4, 8, 8, 8, 8 ],[ 8, 1 ]);
GROU(36,8,[ 2, 2, 2, 2, 8, 8, 8, 8, 8, 8 ],[ 8, 1 ]);
GROU(36,8,[ 2, 2, 2, 2, 4, 4, 4, 4, 4, 4, 4 ],[ 8, 3 ]);
GROU(36,8,[ 2, 2, 2, 2, 4, 4, 4, 4, 4, 4, 4 ],[ 8, 4 ]);
GROU(36,8,[ 2, 2, 2, 2, 2, 4, 4, 4, 4, 8, 8 ],[ 8, 1 ]);
GROU(36,8,[ 2, 2, 2, 2, 2, 2, 4, 8, 8, 8, 8 ],[ 8, 1 ]);
GROU(36,8,[ 2, 2, 2, 2, 2, 2, 2, 4, 4, 4, 4, 4 ],[ 8, 3 ]);
GROU(36,8,[ 2, 2, 2, 2, 2, 2, 2, 4, 4, 4, 4, 4 ],[ 8, 4 ]);
GROU(36,8,[ 2, 2, 2, 2, 2, 2, 2, 2, 4, 4, 8, 8 ],[ 8, 1 ]);
GROU(36,8,[ 2, 2, 2, 2, 2, 2, 2, 2, 2, 2, 4, 4, 4 ],[ 8, 3 ]);
GROU(36,8,[ 2, 2, 2, 2, 2, 2, 2, 2, 2, 2, 4, 4, 4 ],[ 8, 4 ]);
GROU(36,8,[ 2, 2, 2, 2, 2, 2, 2, 2, 2, 2, 2, 8, 8 ],[ 8, 1 ]);
GROU(36,8,[ 2, 2, 2, 2, 2, 2, 2, 2, 2, 2, 2, 2, 2, 4 ],[ 8, 3 ]);
GROU(36,9,[ 2, 3, 3, 9, 9, 9, 9, 9 ],[ 9, 1 ]);
GROU(36,9,[ 2, 3, 3, 3, 3, 3, 3, 9, 9 ],[ 9, 1 ]);
GROU(36,10,[ 2, 5, 5, 5, 5, 10, 10 ],[ 10, 2 ]);
GROU(36,10,[ 2, 2, 10, 10, 10, 10, 10 ],[ 10, 2 ]);
GROU(36,10,[ 2, 2, 2, 5, 5, 5, 5, 5 ],[ 10, 1 ]);
GROU(36,10,[ 2, 2, 2, 5, 5, 5, 5, 5 ],[ 10, 2 ]);
GROU(36,10,[ 2, 2, 2, 2, 5, 10, 10, 10 ],[ 10, 2 ]);
GROU(36,10,[ 2, 2, 2, 2, 2, 2, 5, 5, 10 ],[ 10, 2 ]);
GROU(36,10,[ 2, 2, 2, 2, 2, 2, 2, 2, 2, 2, 2 ],[ 10, 1 ]);
GROU(36,10,[ 2, 2, 2, 2, 2, 2, 2, 2, 2, 2, 2 ],[ 10, 2 ]);
GROU(36,12,[ 2, 4, 4, 4, 4, 6 ],[ 12, 1 ]);
GROU(36,12,[ 2, 3, 4, 4, 6, 6 ],[ 12, 1 ]);
GROU(36,12,[ 2, 3, 4, 4, 6, 6 ],[ 12, 2 ]);
GROU(36,12,[ 2, 3, 4, 4, 4, 12 ],[ 12, 2 ]);
GROU(36,12,[ 2, 3, 3, 6, 6, 6 ],[ 12, 5 ]);
GROU(36,12,[ 2, 3, 3, 4, 6, 12 ],[ 12, 2 ]);
GROU(36,12,[ 2, 3, 3, 3, 12, 12 ],[ 12, 2 ]);
GROU(36,12,[ 2, 2, 6, 6, 6, 6 ],[ 12, 5 ]);
GROU(36,12,[ 2, 2, 4, 6, 6, 12 ],[ 12, 2 ]);
GROU(36,12,[ 2, 2, 4, 4, 12, 12 ],[ 12, 2 ]);
GROU(36,12,[ 2, 2, 3, 6, 12, 12 ],[ 12, 2 ]);
GROU(36,12,[ 2, 2, 3, 3, 3, 3, 3 ],[ 12, 3 ]);
GROU(36,12,[ 2, 2, 2, 3, 3, 4, 4 ],[ 12, 1 ]);
GROU(36,12,[ 2, 2, 2, 3, 3, 4, 4 ],[ 12, 2 ]);
GROU(36,12,[ 2, 2, 2, 3, 3, 3, 6 ],[ 12, 4 ]);
GROU(36,12,[ 2, 2, 2, 3, 3, 3, 6 ],[ 12, 5 ]);
GROU(36,12,[ 2, 2, 2, 2, 4, 4, 6 ],[ 12, 1 ]);
GROU(36,12,[ 2, 2, 2, 2, 3, 6, 6 ],[ 12, 4 ]);
GROU(36,12,[ 2, 2, 2, 2, 3, 6, 6 ],[ 12, 5 ]);
GROU(36,12,[ 2, 2, 2, 2, 3, 4, 12 ],[ 12, 2 ]);
GROU(36,12,[ 2, 2, 2, 2, 2, 12, 12 ],[ 12, 2 ]);
GROU(36,12,[ 2, 2, 2, 2, 2, 2, 3, 3 ],[ 12, 3 ]);
GROU(36,12,[ 2, 2, 2, 2, 2, 2, 3, 3 ],[ 12, 4 ]);
GROU(36,12,[ 2, 2, 2, 2, 2, 2, 3, 3 ],[ 12, 5 ]);
GROU(36,12,[ 2, 2, 2, 2, 2, 2, 2, 6 ],[ 12, 4 ]);
GROU(36,14,[ 2, 2, 2, 2, 2, 2, 2 ],[ 14, 1 ]);
GROU(36,14,[ 2, 2, 2, 2, 2, 2, 2 ],[ 14, 2 ]);
GROU(36,15,[ 2, 5, 15, 15 ],[ 15, 1 ]);
GROU(36,15,[ 2, 3, 3, 3, 3 ],[ 15, 1 ]);
GROU(36,16,[ 2, 4, 4, 8 ],[ 16, 9 ]);
GROU(36,16,[ 2, 2, 16, 16 ],[ 16, 1 ]);
GROU(36,16,[ 2, 2, 2, 2, 8 ],[ 16, 7 ]);
GROU(36,18,[ 2, 18, 18 ],[ 18, 2 ]);
GROU(36,18,[ 2, 2, 2, 9 ],[ 18, 1 ]);
GROU(36,20,[ 2, 4, 4 ],[ 20, 1 ]);
GROU(36,20,[ 2, 4, 4 ],[ 20, 2 ]);
GROU(36,20,[ 2, 4, 4 ],[ 20, 3 ]);
GROU(36,20,[ 2, 2, 2, 2 ],[ 20, 4 ]);
GROU(36,20,[ 2, 2, 2, 2 ],[ 20, 5 ]);
GROU(36,21,[ 2, 3, 3 ],[ 21, 1 ]);
GROU(36,21,[ 2, 3, 3 ],[ 21, 2 ]);
SIGN(36,28,[ 2, 2 ],"all");
GROU(36,35,[ 2 ],[ 35, 1 ]);
GROU(36,2,[ 3, 2, 2, 2, 2, 2, 2, 2, 2, 2, 2, 2, 2, 2, 2, 2, 2, 2, 2, 2, 2, 2, 
  2, 2, 2, 2, 2, 2, 2, 2, 2, 2, 2, 2, 2, 2, 2, 2, 2, 2, 2, 2, 2, 2, 2, 2, 2, 
  2, 2, 2, 2, 2, 2, 2, 2, 2, 2, 2, 2, 2, 2, 2, 2 ],[ 2, 1 ]);
GROU(36,3,[ 3, 3, 3, 3, 3, 3, 3, 3, 3, 3, 3, 3, 3, 3, 3, 3, 3, 3, 3, 3, 3, 3, 
  3, 3, 3, 3, 3, 3, 3, 3 ],[ 3, 1 ]);
GROU(36,4,[ 3, 4, 4, 4, 4, 4, 4, 4, 4, 4, 4, 4, 4, 4, 4, 4, 4, 4, 4 ],
[ 4, 1 ]);
GROU(36,4,[ 3, 2, 2, 2, 4, 4, 4, 4, 4, 4, 4, 4, 4, 4, 4, 4, 4, 4, 4, 4 ],
[ 4, 1 ]);
GROU(36,4,[ 3, 2, 2, 2, 2, 2, 2, 4, 4, 4, 4, 4, 4, 4, 4, 4, 4, 4, 4, 4, 4 ],
[ 4, 1 ]);
GROU(36,4,[ 3, 2, 2, 2, 2, 2, 2, 2, 2, 2, 4, 4, 4, 4, 4, 4, 4, 4, 4, 4, 4, 4 
 ],[ 4, 1 ]);
GROU(36,4,[ 3, 2, 2, 2, 2, 2, 2, 2, 2, 2, 2, 2, 2, 4, 4, 4, 4, 4, 4, 4, 4, 4, 
  4 ],[ 4, 1 ]);
GROU(36,4,[ 3, 2, 2, 2, 2, 2, 2, 2, 2, 2, 2, 2, 2, 2, 2, 2, 4, 4, 4, 4, 4, 4, 
  4, 4 ],[ 4, 1 ]);
GROU(36,4,[ 3, 2, 2, 2, 2, 2, 2, 2, 2, 2, 2, 2, 2, 2, 2, 2, 2, 2, 2, 4, 4, 4, 
  4, 4, 4 ],[ 4, 1 ]);
GROU(36,4,[ 3, 2, 2, 2, 2, 2, 2, 2, 2, 2, 2, 2, 2, 2, 2, 2, 2, 2, 2, 2, 2, 2, 
  4, 4, 4, 4 ],[ 4, 1 ]);
GROU(36,4,[ 3, 2, 2, 2, 2, 2, 2, 2, 2, 2, 2, 2, 2, 2, 2, 2, 2, 2, 2, 2, 2, 2, 
  2, 2, 2, 4, 4 ],[ 4, 1 ]);
GROU(36,4,[ 3, 2, 2, 2, 2, 2, 2, 2, 2, 2, 2, 2, 2, 2, 2, 2, 2, 2, 2, 2, 2, 2, 
  2, 2, 2, 2, 2, 2 ],[ 4, 2 ]);
GROU(36,6,[ 3, 3, 3, 3, 3, 6, 6, 6, 6, 6, 6 ],[ 6, 2 ]);
GROU(36,6,[ 3, 3, 3, 3, 3, 3, 3, 3, 3, 3, 6, 6 ],[ 6, 2 ]);
GROU(36,6,[ 3, 2, 3, 3, 6, 6, 6, 6, 6, 6, 6 ],[ 6, 2 ]);
GROU(36,6,[ 3, 2, 3, 3, 3, 3, 3, 3, 3, 6, 6, 6 ],[ 6, 2 ]);
GROU(36,6,[ 3, 2, 2, 6, 6, 6, 6, 6, 6, 6, 6 ],[ 6, 2 ]);
GROU(36,6,[ 3, 2, 2, 3, 3, 3, 3, 3, 6, 6, 6, 6 ],[ 6, 2 ]);
GROU(36,6,[ 3, 2, 2, 3, 3, 3, 3, 3, 3, 3, 3, 3, 3 ],[ 6, 1 ]);
GROU(36,6,[ 3, 2, 2, 3, 3, 3, 3, 3, 3, 3, 3, 3, 3 ],[ 6, 2 ]);
GROU(36,6,[ 3, 2, 2, 2, 3, 3, 3, 6, 6, 6, 6, 6 ],[ 6, 2 ]);
GROU(36,6,[ 3, 2, 2, 2, 3, 3, 3, 3, 3, 3, 3, 3, 6 ],[ 6, 2 ]);
GROU(36,6,[ 3, 2, 2, 2, 2, 3, 6, 6, 6, 6, 6, 6 ],[ 6, 2 ]);
GROU(36,6,[ 3, 2, 2, 2, 2, 3, 3, 3, 3, 3, 3, 6, 6 ],[ 6, 2 ]);
GROU(36,6,[ 3, 2, 2, 2, 2, 2, 3, 3, 3, 3, 6, 6, 6 ],[ 6, 2 ]);
GROU(36,6,[ 3, 2, 2, 2, 2, 2, 2, 3, 3, 6, 6, 6, 6 ],[ 6, 2 ]);
GROU(36,6,[ 3, 2, 2, 2, 2, 2, 2, 3, 3, 3, 3, 3, 3, 3 ],[ 6, 1 ]);
GROU(36,6,[ 3, 2, 2, 2, 2, 2, 2, 3, 3, 3, 3, 3, 3, 3 ],[ 6, 2 ]);
GROU(36,6,[ 3, 2, 2, 2, 2, 2, 2, 2, 6, 6, 6, 6, 6 ],[ 6, 2 ]);
GROU(36,6,[ 3, 2, 2, 2, 2, 2, 2, 2, 3, 3, 3, 3, 3, 6 ],[ 6, 2 ]);
GROU(36,6,[ 3, 2, 2, 2, 2, 2, 2, 2, 2, 3, 3, 3, 6, 6 ],[ 6, 2 ]);
GROU(36,6,[ 3, 2, 2, 2, 2, 2, 2, 2, 2, 2, 3, 6, 6, 6 ],[ 6, 2 ]);
GROU(36,6,[ 3, 2, 2, 2, 2, 2, 2, 2, 2, 2, 2, 3, 3, 3, 3 ],[ 6, 1 ]);
GROU(36,6,[ 3, 2, 2, 2, 2, 2, 2, 2, 2, 2, 2, 3, 3, 3, 3 ],[ 6, 2 ]);
GROU(36,6,[ 3, 2, 2, 2, 2, 2, 2, 2, 2, 2, 2, 2, 3, 3, 6 ],[ 6, 2 ]);
GROU(36,6,[ 3, 2, 2, 2, 2, 2, 2, 2, 2, 2, 2, 2, 2, 6, 6 ],[ 6, 2 ]);
GROU(36,6,[ 3, 2, 2, 2, 2, 2, 2, 2, 2, 2, 2, 2, 2, 2, 2, 3 ],[ 6, 1 ]);
GROU(36,7,[ 3, 7, 7, 7, 7, 7, 7, 7 ],[ 7, 1 ]);
GROU(36,8,[ 3, 4, 4, 4, 4, 8, 8 ],[ 8, 1 ]);
GROU(36,8,[ 3, 2, 4, 8, 8, 8, 8 ],[ 8, 1 ]);
GROU(36,8,[ 3, 2, 2, 4, 4, 4, 4, 4 ],[ 8, 3 ]);
GROU(36,8,[ 3, 2, 2, 4, 4, 4, 4, 4 ],[ 8, 4 ]);
GROU(36,8,[ 3, 2, 2, 2, 4, 4, 8, 8 ],[ 8, 1 ]);
GROU(36,8,[ 3, 2, 2, 2, 2, 2, 4, 4, 4 ],[ 8, 3 ]);
GROU(36,8,[ 3, 2, 2, 2, 2, 2, 4, 4, 4 ],[ 8, 4 ]);
GROU(36,8,[ 3, 2, 2, 2, 2, 2, 2, 8, 8 ],[ 8, 1 ]);
GROU(36,8,[ 3, 2, 2, 2, 2, 2, 2, 2, 2, 4 ],[ 8, 3 ]);
GROU(36,9,[ 3, 3, 3, 3, 9, 9 ],[ 9, 1 ]);
GROU(36,10,[ 3, 2, 5, 5, 10 ],[ 10, 2 ]);
GROU(36,10,[ 3, 2, 2, 2, 2, 2, 2 ],[ 10, 1 ]);
GROU(36,10,[ 3, 2, 2, 2, 2, 2, 2 ],[ 10, 2 ]);
GROU(36,12,[ 3, 12, 12 ],[ 12, 2 ]);
GROU(36,12,[ 3, 2, 3, 3 ],[ 12, 3 ]);
GROU(36,12,[ 3, 2, 2, 6 ],[ 12, 4 ]);
GROU(36,14,[ 3, 2, 2 ],[ 14, 1 ]);
GROU(36,14,[ 3, 2, 2 ],[ 14, 2 ]);
GROU(36,2,[ 4, 2, 2, 2, 2, 2, 2, 2, 2, 2, 2, 2, 2, 2, 2, 2, 2, 2, 2, 2, 2, 2, 
  2, 2, 2, 2, 2, 2, 2, 2, 2, 2, 2, 2, 2, 2, 2, 2, 2, 2, 2, 2, 2, 2, 2, 2, 2, 
  2, 2, 2, 2, 2, 2, 2, 2, 2, 2, 2, 2 ],[ 2, 1 ]);
GROU(36,3,[ 4, 3, 3, 3, 3, 3, 3, 3, 3, 3, 3, 3, 3, 3, 3, 3, 3, 3, 3, 3, 3, 3, 
  3, 3, 3, 3, 3 ],[ 3, 1 ]);
GROU(36,4,[ 4, 2, 2, 4, 4, 4, 4, 4, 4, 4, 4, 4, 4, 4, 4, 4, 4 ],[ 4, 1 ]);
GROU(36,4,[ 4, 2, 2, 2, 2, 2, 4, 4, 4, 4, 4, 4, 4, 4, 4, 4, 4, 4 ],[ 4, 1 ]);
GROU(36,4,[ 4, 2, 2, 2, 2, 2, 2, 2, 2, 4, 4, 4, 4, 4, 4, 4, 4, 4, 4 ],
[ 4, 1 ]);
GROU(36,4,[ 4, 2, 2, 2, 2, 2, 2, 2, 2, 2, 2, 2, 4, 4, 4, 4, 4, 4, 4, 4 ],
[ 4, 1 ]);
GROU(36,4,[ 4, 2, 2, 2, 2, 2, 2, 2, 2, 2, 2, 2, 2, 2, 2, 4, 4, 4, 4, 4, 4 ],
[ 4, 1 ]);
GROU(36,4,[ 4, 2, 2, 2, 2, 2, 2, 2, 2, 2, 2, 2, 2, 2, 2, 2, 2, 2, 4, 4, 4, 4 
 ],[ 4, 1 ]);
GROU(36,4,[ 4, 2, 2, 2, 2, 2, 2, 2, 2, 2, 2, 2, 2, 2, 2, 2, 2, 2, 2, 2, 2, 4, 
  4 ],[ 4, 1 ]);
GROU(36,4,[ 4, 2, 2, 2, 2, 2, 2, 2, 2, 2, 2, 2, 2, 2, 2, 2, 2, 2, 2, 2, 2, 2, 
  2, 2 ],[ 4, 2 ]);
GROU(36,5,[ 4, 5, 5, 5, 5, 5, 5, 5, 5, 5, 5 ],[ 5, 1 ]);
GROU(36,6,[ 4, 3, 6, 6, 6, 6, 6, 6 ],[ 6, 2 ]);
GROU(36,6,[ 4, 3, 3, 3, 3, 3, 3, 6, 6 ],[ 6, 2 ]);
GROU(36,6,[ 4, 2, 3, 3, 3, 3, 6, 6, 6 ],[ 6, 2 ]);
GROU(36,6,[ 4, 2, 2, 3, 3, 6, 6, 6, 6 ],[ 6, 2 ]);
GROU(36,6,[ 4, 2, 2, 3, 3, 3, 3, 3, 3, 3 ],[ 6, 1 ]);
GROU(36,6,[ 4, 2, 2, 3, 3, 3, 3, 3, 3, 3 ],[ 6, 2 ]);
GROU(36,6,[ 4, 2, 2, 2, 6, 6, 6, 6, 6 ],[ 6, 2 ]);
GROU(36,6,[ 4, 2, 2, 2, 3, 3, 3, 3, 3, 6 ],[ 6, 2 ]);
GROU(36,6,[ 4, 2, 2, 2, 2, 3, 3, 3, 6, 6 ],[ 6, 2 ]);
GROU(36,6,[ 4, 2, 2, 2, 2, 2, 3, 6, 6, 6 ],[ 6, 2 ]);
GROU(36,6,[ 4, 2, 2, 2, 2, 2, 2, 3, 3, 3, 3 ],[ 6, 1 ]);
GROU(36,6,[ 4, 2, 2, 2, 2, 2, 2, 3, 3, 3, 3 ],[ 6, 2 ]);
GROU(36,6,[ 4, 2, 2, 2, 2, 2, 2, 2, 3, 3, 6 ],[ 6, 2 ]);
GROU(36,6,[ 4, 2, 2, 2, 2, 2, 2, 2, 2, 6, 6 ],[ 6, 2 ]);
GROU(36,6,[ 4, 2, 2, 2, 2, 2, 2, 2, 2, 2, 2, 3 ],[ 6, 1 ]);
GROU(36,8,[ 4, 2, 4, 4, 4 ],[ 8, 4 ]);
GROU(36,8,[ 4, 2, 2, 8, 8 ],[ 8, 1 ]);
GROU(36,8,[ 4, 2, 2, 2, 2, 4 ],[ 8, 3 ]);
GROU(36,9,[ 4, 9, 9 ],[ 9, 1 ]);
GROU(36,10,[ 4, 2, 2 ],[ 10, 1 ]);
GROU(36,10,[ 4, 2, 2 ],[ 10, 2 ]);
GROU(36,2,[ 5, 2, 2, 2, 2, 2, 2, 2, 2, 2, 2, 2, 2, 2, 2, 2, 2, 2, 2, 2, 2, 2, 
  2, 2, 2, 2, 2, 2, 2, 2, 2, 2, 2, 2, 2, 2, 2, 2, 2, 2, 2, 2, 2, 2, 2, 2, 2, 
  2, 2, 2, 2, 2, 2, 2, 2 ],[ 2, 1 ]);
GROU(36,3,[ 5, 3, 3, 3, 3, 3, 3, 3, 3, 3, 3, 3, 3, 3, 3, 3, 3, 3, 3, 3, 3, 3, 
  3, 3 ],[ 3, 1 ]);
GROU(36,4,[ 5, 2, 4, 4, 4, 4, 4, 4, 4, 4, 4, 4, 4, 4 ],[ 4, 1 ]);
GROU(36,4,[ 5, 2, 2, 2, 2, 4, 4, 4, 4, 4, 4, 4, 4, 4, 4 ],[ 4, 1 ]);
GROU(36,4,[ 5, 2, 2, 2, 2, 2, 2, 2, 4, 4, 4, 4, 4, 4, 4, 4 ],[ 4, 1 ]);
GROU(36,4,[ 5, 2, 2, 2, 2, 2, 2, 2, 2, 2, 2, 4, 4, 4, 4, 4, 4 ],[ 4, 1 ]);
GROU(36,4,[ 5, 2, 2, 2, 2, 2, 2, 2, 2, 2, 2, 2, 2, 2, 4, 4, 4, 4 ],[ 4, 1 ]);
GROU(36,4,[ 5, 2, 2, 2, 2, 2, 2, 2, 2, 2, 2, 2, 2, 2, 2, 2, 2, 4, 4 ],
[ 4, 1 ]);
GROU(36,4,[ 5, 2, 2, 2, 2, 2, 2, 2, 2, 2, 2, 2, 2, 2, 2, 2, 2, 2, 2, 2 ],
[ 4, 2 ]);
GROU(36,6,[ 5, 3, 3, 3, 6, 6 ],[ 6, 2 ]);
GROU(36,6,[ 5, 2, 3, 6, 6, 6 ],[ 6, 2 ]);
GROU(36,6,[ 5, 2, 2, 3, 3, 3, 3 ],[ 6, 1 ]);
GROU(36,6,[ 5, 2, 2, 3, 3, 3, 3 ],[ 6, 2 ]);
GROU(36,6,[ 5, 2, 2, 2, 3, 3, 6 ],[ 6, 2 ]);
GROU(36,6,[ 5, 2, 2, 2, 2, 6, 6 ],[ 6, 2 ]);
GROU(36,6,[ 5, 2, 2, 2, 2, 2, 2, 3 ],[ 6, 1 ]);
GROU(36,2,[ 6, 2, 2, 2, 2, 2, 2, 2, 2, 2, 2, 2, 2, 2, 2, 2, 2, 2, 2, 2, 2, 2, 
  2, 2, 2, 2, 2, 2, 2, 2, 2, 2, 2, 2, 2, 2, 2, 2, 2, 2, 2, 2, 2, 2, 2, 2, 2, 
  2, 2, 2, 2 ],[ 2, 1 ]);
GROU(36,3,[ 6, 3, 3, 3, 3, 3, 3, 3, 3, 3, 3, 3, 3, 3, 3, 3, 3, 3, 3, 3, 3 ],
[ 3, 1 ]);
GROU(36,4,[ 6, 4, 4, 4, 4, 4, 4, 4, 4, 4, 4 ],[ 4, 1 ]);
GROU(36,4,[ 6, 2, 2, 2, 4, 4, 4, 4, 4, 4, 4, 4 ],[ 4, 1 ]);
GROU(36,4,[ 6, 2, 2, 2, 2, 2, 2, 4, 4, 4, 4, 4, 4 ],[ 4, 1 ]);
GROU(36,4,[ 6, 2, 2, 2, 2, 2, 2, 2, 2, 2, 4, 4, 4, 4 ],[ 4, 1 ]);
GROU(36,4,[ 6, 2, 2, 2, 2, 2, 2, 2, 2, 2, 2, 2, 2, 4, 4 ],[ 4, 1 ]);
GROU(36,4,[ 6, 2, 2, 2, 2, 2, 2, 2, 2, 2, 2, 2, 2, 2, 2, 2 ],[ 4, 2 ]);
GROU(36,5,[ 6, 5, 5, 5, 5, 5 ],[ 5, 1 ]);
GROU(36,6,[ 6, 6, 6 ],[ 6, 2 ]);
GROU(36,6,[ 6, 2, 2, 3 ],[ 6, 1 ]);
GROU(36,7,[ 6 ],[ 7, 1 ]);
GROU(36,2,[ 7, 2, 2, 2, 2, 2, 2, 2, 2, 2, 2, 2, 2, 2, 2, 2, 2, 2, 2, 2, 2, 2, 
  2, 2, 2, 2, 2, 2, 2, 2, 2, 2, 2, 2, 2, 2, 2, 2, 2, 2, 2, 2, 2, 2, 2, 2, 2 ],
[ 2, 1 ]);
GROU(36,3,[ 7, 3, 3, 3, 3, 3, 3, 3, 3, 3, 3, 3, 3, 3, 3, 3, 3, 3 ],[ 3, 1 ]);
GROU(36,4,[ 7, 2, 2, 4, 4, 4, 4, 4, 4 ],[ 4, 1 ]);
GROU(36,4,[ 7, 2, 2, 2, 2, 2, 4, 4, 4, 4 ],[ 4, 1 ]);
GROU(36,4,[ 7, 2, 2, 2, 2, 2, 2, 2, 2, 4, 4 ],[ 4, 1 ]);
GROU(36,4,[ 7, 2, 2, 2, 2, 2, 2, 2, 2, 2, 2, 2 ],[ 4, 2 ]);
GROU(36,2,[ 8, 2, 2, 2, 2, 2, 2, 2, 2, 2, 2, 2, 2, 2, 2, 2, 2, 2, 2, 2, 2, 2, 
  2, 2, 2, 2, 2, 2, 2, 2, 2, 2, 2, 2, 2, 2, 2, 2, 2, 2, 2, 2, 2 ],[ 2, 1 ]);
GROU(36,3,[ 8, 3, 3, 3, 3, 3, 3, 3, 3, 3, 3, 3, 3, 3, 3 ],[ 3, 1 ]);
GROU(36,4,[ 8, 2, 4, 4, 4, 4 ],[ 4, 1 ]);
GROU(36,4,[ 8, 2, 2, 2, 2, 4, 4 ],[ 4, 1 ]);
GROU(36,4,[ 8, 2, 2, 2, 2, 2, 2, 2 ],[ 4, 2 ]);
GROU(36,5,[ 8 ],[ 5, 1 ]);
GROU(36,2,[ 9, 2, 2, 2, 2, 2, 2, 2, 2, 2, 2, 2, 2, 2, 2, 2, 2, 2, 2, 2, 2, 2, 
  2, 2, 2, 2, 2, 2, 2, 2, 2, 2, 2, 2, 2, 2, 2, 2, 2 ],[ 2, 1 ]);
GROU(36,3,[ 9, 3, 3, 3, 3, 3, 3, 3, 3, 3, 3, 3 ],[ 3, 1 ]);
GROU(36,4,[ 9, 4, 4 ],[ 4, 1 ]);
GROU(36,4,[ 9, 2, 2, 2 ],[ 4, 2 ]);
GROU(36,2,[ 10, 2, 2, 2, 2, 2, 2, 2, 2, 2, 2, 2, 2, 2, 2, 2, 2, 2, 2, 2, 2, 
  2, 2, 2, 2, 2, 2, 2, 2, 2, 2, 2, 2, 2, 2 ],[ 2, 1 ]);
GROU(36,3,[ 10, 3, 3, 3, 3, 3, 3, 3, 3 ],[ 3, 1 ]);
GROU(36,2,[ 11, 2, 2, 2, 2, 2, 2, 2, 2, 2, 2, 2, 2, 2, 2, 2, 2, 2, 2, 2, 2, 
  2, 2, 2, 2, 2, 2, 2, 2, 2, 2 ],[ 2, 1 ]);
GROU(36,3,[ 11, 3, 3, 3, 3, 3 ],[ 3, 1 ]);
GROU(36,2,[ 12, 2, 2, 2, 2, 2, 2, 2, 2, 2, 2, 2, 2, 2, 2, 2, 2, 2, 2, 2, 2, 
  2, 2, 2, 2, 2, 2 ],[ 2, 1 ]);
GROU(36,3,[ 12, 3, 3 ],[ 3, 1 ]);
GROU(36,2,[ 13, 2, 2, 2, 2, 2, 2, 2, 2, 2, 2, 2, 2, 2, 2, 2, 2, 2, 2, 2, 2, 
  2, 2 ],[ 2, 1 ]);
GROU(36,2,[ 14, 2, 2, 2, 2, 2, 2, 2, 2, 2, 2, 2, 2, 2, 2, 2, 2, 2, 2 ],
[ 2, 1 ]);
GROU(36,2,[ 15, 2, 2, 2, 2, 2, 2, 2, 2, 2, 2, 2, 2, 2, 2 ],[ 2, 1 ]);
GROU(36,2,[ 16, 2, 2, 2, 2, 2, 2, 2, 2, 2, 2 ],[ 2, 1 ]);
GROU(36,2,[ 17, 2, 2, 2, 2, 2, 2 ],[ 2, 1 ]);
GROU(36,2,[ 18, 2, 2 ],[ 2, 1 ]);
GROU(36,1,[ 36 ],[ 1, 1 ]);
