start time is 1347290024114690
tottime is 16944044
0 0
280 1
477 2
1039 1
1152 0
1767 1
1881 2
2021 1
2076 0
2540 1
2737 2
2768 1
3031 0
3405 1
3586 2
3860 1
3957 0
4334 1
4415 2
4594 1
4696 0
5104 1
5176 2
98661 1
98845 2
104924 2
134547 1
134724 2
135472 2
246207 1
257042 0
257165 1
257207 2
257318 1
257412 2
282624 1
282797 2
350244 2
350570 2
372737 1
387210 0
387348 1
387374 2
387568 1
387699 2
416018 1
416195 2
542693 1
542821 2
542958 1
543065 2
543133 1
543219 2
543294 1
543633 2
549599 1
549859 2
580571 2
646025 2
659938 2
670096 1
670255 2
670506 2
696475 1
750144 0
750320 1
750369 2
750442 1
750578 2
882013 1
882142 2
882256 1
882368 2
882441 1
882527 2
884416 1
884507 2
912678 2
985874 2
1006482 1
1006654 2
1006747 2
1006873 1
1006988 2
1007549 1
1007631 2
1031648 1
1087442 0
1087574 1
1193525 0
1193703 1
1193727 2
1193878 1
1193996 2
1194101 1
1194210 2
1194683 1
1194804 2
1194921 1
1195263 2
1214786 1
1214959 2
1282098 2
1303216 2
1333075 1
1333240 2
1333455 2
1351604 1
1387491 0
1387666 1
1388084 2
1475383 1
1475521 2
1620782 1
1620943 2
1621116 2
1642279 1
1642428 2
1696886 1
1705836 0
1705983 1
1706135 0
1706279 1
1775819 0
1775932 1
1847560 0
1847720 1
1847815 2
1847921 1
1848088 2
1873348 1
1873500 2
1935897 1
1936017 2
1936140 1
1936250 2
1936329 1
1936661 2
1936729 1
1937023 2
2012225 1
2012448 2
2044696 2
2105718 2
2109711 1
2109878 2
2110030 1
2110083 2
2141663 1
2143070 2
2167130 1
2217769 0
2217907 1
2285523 0
2285632 1
2353214 0
2353362 1
2353396 2
2353560 1
2353676 2
2353793 1
2353897 2
2381346 1
2381531 2
2471955 2
2510808 1
2510956 2
2511119 1
2520790 2
2544370 1
2544530 2
2580226 2
2653471 1
2653603 2
2653760 1
2653889 2
2654008 1
2654119 2
2654221 1
2654567 2
2654641 1
2654901 2
2669797 1
2669944 2
2698835 2
2797566 2
2815189 2
2847485 1
2847648 2
2847881 2
2870757 1
2910784 0
2910946 1
2910965 2
3010597 1
3010743 2
3101568 1
3101736 2
3101882 1
3101928 2
3130942 1
3131109 2
3179532 1
3179685 2
3189885 1
3689364 0
3689571 1
3689603 2
3689634 1
3689762 2
3689854 1
3689958 0
3689991 1
3690089 2
3785034 1
3785207 2
3785291 2
3789616 1
3789763 2
3816105 1
3816245 2
3816296 1
3816395 2
3922492 1
3941600 0
3941749 1
3941779 2
3941929 1
3942099 2
3942228 1
3942346 2
3942465 1
3942830 2
3962471 1
3962623 2
4037762 2
4069178 2
4115117 1
4115268 2
4115413 1
4116319 2
4144831 1
4217758 0
4217904 1
4321819 0
4321932 1
4413894 0
4414040 1
4414144 2
4414203 1
4414315 2
4414421 1
4414529 2
4439520 1
4439749 2
4537132 2
4566146 1
4566258 2
4566389 1
4566553 2
4599015 1
4599168 2
4634538 2
4685017 1
4685144 2
4685285 1
4685402 2
4685503 1
4685606 2
4685719 1
4686118 2
4686237 1
4686509 2
4720018 1
4720167 2
4751762 2
4792249 2
4818780 1
4818940 2
4819118 2
4829191 1
4829345 2
4855260 1
4919691 0
4919845 1
4919883 2
5057591 1
5057721 2
5142381 1
5142532 2
5142692 1
5142777 2
5159164 1
5159309 2
5227287 1
5231525 0
5231650 1
5231768 0
5231884 1
5310121 0
5310259 1
5380944 0
5381096 1
5381143 2
5381262 1
5381372 2
5401736 1
5401881 2
5513477 1
5513630 2
5513791 1
5513957 2
5514075 1
5514526 2
5514659 1
5514974 2
5532839 1
5532977 2
5562185 2
5623488 2
5634181 1
5634339 2
5634518 2
5648282 1
5648468 2
5674691 1
5727841 0
5727967 1
5796851 0
5796975 1
5867568 0
5867713 1
5867742 2
5867869 1
5867966 2
5868042 1
5868141 2
5894780 1
5894940 2
5987632 2
6022455 1
6022588 2
6022810 1
6022950 2
6038634 1
6038786 2
6068792 2
6123861 1
6123984 2
6124346 1
6124836 2
6124949 1
6125042 2
6125136 1
6125569 2
6125705 1
6125998 2
6126130 1
6126483 2
6151986 1
6152142 2
6181673 2
6251276 2
6262862 2
6272916 1
6273071 2
6273243 1
6273639 2
6302145 1
6357514 0
6357670 1
6357703 2
6486084 1
6486205 2
6570979 1
6571171 2
6571352 2
6600183 1
6600990 2
6654938 1
6684218 0
6684374 1
6684511 2
6684574 1
6684749 2
6779071 1
6779194 2
6869936 1
6870121 2
6870380 2
6900567 1
7218062 0
7218202 1
7218226 2
7337574 1
7337701 2
7424318 1
7424493 2
7425422 2
7448159 1
7448358 2
7490641 1
7490936 2
7589029 1
8405137 0
8405288 1
8405442 0
8405572 1
8405673 0
8405766 1
8469524 0
8469644 1
8536667 0
8536812 1
8536837 2
8536986 1
8537112 2
8557777 1
8557887 2
8625581 1
8625734 2
8625920 1
8626333 2
8626443 1
8626733 2
8654042 1
8654220 2
8712466 2
8778499 2
8782920 1
8783013 2
8783229 1
8783353 2
8816065 1
8816206 2
8845701 2
8871030 1
8871141 2
8871252 1
8871372 2
8871477 1
8871586 2
8871683 1
8872131 2
8872289 1
8872585 2
8915406 1
8915559 2
8947308 2
8974400 2
9011751 1
9011944 2
9012218 2
9014729 1
9014903 2
9044374 1
9099590 0
9099778 1
9099798 2
9187207 1
9187361 2
9321419 1
9321585 2
9321776 2
9348253 1
9348397 2
9404104 1
9420115 0
9420241 1
9420356 0
9420496 1
9489632 0
9489765 1
9556678 0
9556807 1
9556844 2
9556960 1
9557074 2
9573005 1
9573138 2
9652314 1
9652427 2
9652540 1
9652649 2
9652724 1
9653044 2
9653113 1
9653350 2
9669312 1
9669472 2
9700716 2
9762749 2
9765515 2
9788809 1
9789001 2
9822374 1
9822538 2
9822707 1
9822838 2
9884131 1
9884289 2
9952999 1
9953132 2
9953275 1
9953397 2
9953495 1
9953620 2
10017041 1
10017210 2
10046699 2
10050577 1
10050744 2
10050966 2
10115353 1
10119121 0
10119244 1
10119269 2
10151790 1
10151913 2
10211429 1
10211565 2
10211717 1
10211828 2
10211902 1
10211987 2
10212063 1
10212417 2
10212487 1
10212738 2
10212811 1
10213056 2
10245466 1
10245611 2
10276655 2
10320426 2
10341752 1
10341918 2
10342115 2
10346202 1
10346376 2
10363959 1
10431937 0
10432104 1
10432130 2
10569299 1
10569441 2
10652024 1
10652206 2
10652382 1
10652441 2
10670303 1
10670450 2
10719326 1
10744494 0
10744662 1
10744698 2
10745012 1
10745148 2
10834419 1
10834552 2
10924093 1
10924254 2
10924408 2
10953498 1
11275318 0
11275440 1
11346122 0
11346236 1
11412259 0
11412400 1
11412420 2
11412592 1
11412706 2
11412829 1
11412933 2
11413056 1
11413160 2
11433147 1
11433291 2
11495334 2
11530548 2
11543378 1
11543529 2
11543706 1
11543732 2
11565763 1
11603010 0
11603158 1
11709971 0
11710095 1
11769429 0
11769553 1
11769575 2
11769730 1
11769854 2
11769973 1
11770075 2
11796289 1
11796449 2
11861406 2
11878212 1
11878353 2
11878492 1
11878617 2
11894310 1
11894463 2
11922151 2
11974863 1
11974986 2
11975130 1
11975249 2
11975350 1
11975460 2
11975559 1
11975990 2
11976094 1
11976765 2
11985958 1
11986076 2
12020039 2
12082857 2
12089019 2
12098250 1
12098443 2
12098604 1
12099089 2
12126519 1
12201196 0
12201366 1
12201394 2
12289071 1
12289209 2
12416028 1
12416188 2
12416378 2
12435652 1
12435795 2
12480442 1
12502187 0
12502318 1
12502433 0
12502549 1
12563745 0
12563855 1
12637207 0
12637375 1
12637404 2
12637579 1
12637703 2
12663004 1
12663111 2
12721704 1
12721836 2
12722003 1
12722134 2
12722237 1
12722852 2
12722956 1
12723243 2
12741518 1
12741670 2
12768036 2
12821117 2
12822461 1
12822585 2
12822888 2
12843288 1
12843435 2
12862787 1
12919057 0
12919206 1
12982746 0
12982858 1
13040333 0
13040466 1
13040485 2
13040650 1
13040768 2
13040877 1
13040987 2
13085107 1
13086666 2
13141930 2
13166415 1
13166526 2
13166646 1
13166786 2
13180074 1
13180214 2
13203717 2
13245615 1
13254967 0
13255073 1
13265121 0
13265224 1
13297280 0
13297440 1
13361547 0
13361693 1
13528898 0
13529075 1
13922890 0
13923041 1
15084822 0
