BRENTFACTORS[7417]:=[ ,,,,,,,,,,,, [ 260087742799 ],,,, 
  [ 46174815861099243007279 ],, [ 438755729665685349751 ],,,, 
  [ 11397427637, 1358295772621 ],,,,,,,, [ 137618148576529699553 ],,,,,,,,,, 
  [ 35468010619674014537 ],, [ 23446752163763 ],,,, 
  [ 7935161153, 145316524933, 74813202061517 ],,,,,, [ 2292483943 ],,,,,, 
  [ 1119069517051 ],, [ 6969701225241467 ],,,,,, 
  [ 2165923741, 49904752127758304993, 2932845129332292168390449 ],,,, 
  [ 10171815427 ],, [ 4457125853155726423 ],,,,,, 
  [ 54718388887, 564204406471 ],,,, 
  [ 298668938536809461, 6623037549070489727821 ] ];
