BRENTFACTORS[6827]:=[ ,,,,,,,,,, [ 2828974633, 390733383240022957401891691 ],
  , [ 1888711241, 15213265680005469307583134121 ],,,, 
  [ 33222597274811851199, 518700732624763549677023 ],, 
  [ 95930688346117, 3115963239999537071, 
      3472577795830969253599703678959203791 ],,,, 
  [ 2145467719071759139, 91121063468930189703526327, 
      2483070781481348082921141281 ],,,,,,,, 
  [ 45152816775221, 3539710392443754799 ],,,,,, [ 40880562239170511929 ],,,, 
  [ 184237239558013, 69259376874639515293 ],, [ 17083043441 ],,,, 
  [ 19270381631529537961493 ],,,,,,,,,,,, [ 112435167509252405031947087 ],, 
  [ 2879982689005662283759, 5186313864596597031848449 ],,,,,, 
  [ 326193435829303245991 ],,,,,,,,,,,,,,,,,,,,,,,,,,,,,, [ 11387666141 ],,,, 
  [ 124920919589 ],,,,,,,,,,,,,,,,,,,,,,,,,,,,,,,,,,,,,,,,,,,,,,,,,, 
  [ 1612217639 ],,,,,, [ 41057034390517 ],,,,,, [ 33591696375009977 ] ];
