BRENTFACTORS[346]:=[ ,,,,,,,,,,,,,,,,,, [ 8417933187776927 ],, 
  [ 1780374362677 ],,,,,, [ 1062380503, 286858157347 ],, 
  [ 4089746809, 70519889678149373519 ], [ 2946898291 ], [ 1434610371889397 ], 
  [ 380190632449, 459231348193 ], [ 612712940876667643 ],,,, 
  [ 691730895799375437699037, 16918288163603027572589303 ], [ 2455654271921 ],
  [ 10112476333753, 68443553244223 ],, 
  [ 79918083961, 1429879339631143, 28096328886822927859 ],,, [ 2408569109 ], 
  [ 24832627381, 7976379533629231 ], [ 522371542601, 700756594553 ], 
  [ 12058250980596782902636703396779361801831915321 ],, 
  [ 780247872943025785133203243 ],, [ 8403188560664893 ], 
  [ 65788012421, 14026387753679508689 ], 
  [ 3775423307, 1648754510087, 6475825681346914521779 ], [ 460836851743 ], 
  [ 1826116608061790441, 5186993550019716678364627191594275951 ], 
  [ 28920233678393, 119270242770953 ], [ 1049077500935500631863 ],, 
  [ 1489239581561 ], [ 179508398521, 210097606375141 ], 
  [ 1957274814167759202161, 297409987691334225274163, 
      9364434422683102443390032076059 ], 
  [ 66914386449336839262299579333191469 ], 
  [ 6309296533, 28380971809, 4245246656217631, 422954119917718253677 ], 
  [ 31568134721, 38999673214167034049, 507047510504467716673 ], 
  [ 340664553748037218963007158980568411500541033835631901 ], 
  [ 69149043288469 ],, [ 45839443826020884700549990490573 ], 
  [ 15976573703013433791577, 884495559588831989635693 ],, 
  [ 8965070459, 12748803238914472927896486055968719 ], [ 23636679865974001 ],
  , [ 2041548860742451169 ],, [ 519899315390818502108681 ], 
  [ 21702547947389, 5433920736317538851, 700693186866994360856279, 
      1325099014298596154892857992972613539410461 ], [ 454331264336431 ],,, 
  [ 1031015254829135766378799068078967, 
      3086256036823497970320980611078285606417 ], [ 14790137197519 ], 
  [ 40868013101, 24404585359159526513 ], 
  [ 10612437529, 332134916359525530469 ], [ 894014576796146953391 ], 
  [ 10778812220779 ], 
  [ 25625393287063, 142519641495949, 272863456528272805219, 
      79010497742188354329151 ],,, [ 7836133102471 ],, 
  [ 1596413187127537444993 ],, [ 40166153189, 98269916784111171285367 ], 
  [ 6745684546724621 ], [ 1630302959617 ], [ 4640817367, 105734408651 ],, 
  [ 4319227243, 4754883665674436827501, 12056246414582846423080610863 ],, 
  [ 652479105707753251117 ], [ 10169905971316105082602561 ],, 
  [ 10787270751214257353, 249128741440451850537372930145393 ], 
  [ 9936177601088551, 288730212876253212121, 306507326345095338293671 ], 
  [ 2180072352017089, 41427726566091209, 
      2026206780751730426228089753055367651601 ], [ 21278941913 ],, 
  [ 9543524867, 837855672611 ], [ 1300359061 ],, 
  [ 649307674845143104659794773206946515927209963177667917104577 ],,,,, 
  [ 6536172270421, 8747501866604853769 ], 
  [ 1048393303, 76016738262352771241, 711145111665118755323 ], 
  [ 303153817093, 4033143648804271, 20459791217020933 ], 
  [ 17689978921, 370952271977879401, 270230425760139553986052681 ],, 
  [ 2616086017, 2317197694818197 ],, [ 1015031809849, 3694426160983581929 ], 
  [ 8224592491001, 11475770578677751 ], 
  [ 152131745596321, 5024924327148013, 5923675095619327831 ], 
  [ 54255856965083 ], [ 37556917249 ], 
  [ 1478654503, 76551969672772906028858749 ], 
  [ 218682239036337721651986953725571 ],, 
  [ 11164301400984344396286037346793169 ], [ 66881554657 ], 
  [ 2788785798322963, 144355443543500637953363827 ],, 
  [ 1709352041, 25129122289 ],, [ 2094834299497 ],, 
  [ 354943316789632224460313914521527187769177298437141 ], 
  [ 583853537027282287, 19876160813893821979 ], [ 303533788097 ],, 
  [ 4189398923630883397048614516613564330493641633 ],, [ 4951127473 ],,,, 
  [ 106256461725913076551, 30354545682794530051069051 ],,,,,, [ 42323631793 ],
  , [ 1991428799989121164655557603, 11059521391777444500274538483 ],, 
  [ 6274051266097259521 ],,,, 
  [ 26408588808223082722549, 59472587417734005068857 ], 
  [ 1227382861, 15437139078824125260181 ], [ 7592123711, 3106218871417 ],,,, 
  [ 5033291638751 ], [ 21241493359120031887 ], 
  [ 3511320661, 26428332857, 345764894417221991331413 ], 
  [ 143774962220220953 ],,, 
  [ 36366745361, 53665432129, 138435390496129, 53705455320579366833 ], 
  [ 652608569529073 ], [ 14365405451, 3551330841259 ],, 
  [ 834317280935165926621, 18319354503167824892497126880715547081 ],, 
  [ 491062538513, 3191128085432561 ],, [ 35613556409 ],,,,, 
  [ 8577879461688601 ], 
  [ 664776029162956181, 1216106221664178661, 99334054337193024421 ],, 
  [ 1889537655852701830273, 5339871416724991880449, 
      84101322981740179988411087617 ],,,,,, [ 26941695438293026829095714057 ],
  ,,, [ 9542110175998019 ],, [ 3850350752644010509 ],,,, [ 8115135665729 ],, 
  [ 1543218903075902248753036323635438924718667591 ],,,,,, 
  [ 257282155121617, 1767204126722449 ],, [ 3257340959 ],, 
  [ 1157540913511104541 ],, [ 1070217601 ],,,,,,,, [ 2682652381 ], 
  [ 60763593661, 4516571866213177, 57520522761479317 ], [ 4709310599013793 ],,
  ,,,, [ 10475767541, 28343050948871 ],,,, [ 88158586636231 ],,,, 
  [ 53944494186837049177 ],,,, [ 200721648264751 ],, [ 2748997448569 ],,,, 
  [ 5238302419969, 138198067069697 ],,,,,,,, [ 58301681857, 2207392867681 ],, 
  [ 172356678509, 32190886145220937 ],,,, 
  [ 18173401381, 141557430061, 1187921474410141, 19589151079265839921 ],,,,,, 
  [ 565048052151142933 ],,,, [ 49160000505841 ],, [ 20820233289156072398041 ],
  ,,,,, [ 1627558463781257473, 4663309095858522282337 ],,,,,, 
  [ 63374296021, 925152961027 ],,,,,, [ 3456763955464300801 ],,,,,, 
  [ 3481735575302227 ],, [ 151248200917526021 ],, [ 938465393056781 ],, 
  [ 129651784327240033, 892609416529443913 ],,,,,,,, [ 80247001576961 ],,,,,,,
  ,,, [ 2215830574327381771 ],,,,,,,,,,,,,,,,,,,,,,,, [ 1832581537 ],,,,,,,,,,
  ,, [ 237962793889 ],,,,,,,,,,,,,,,,,,,,,,,,,,,,,,,,,,,,,,,,,,,,,,,,,,,,,, 
  [ 2781480650761 ],,,,,,,,,,,,,,,,,,,,,,,,,,,,,, [ 337152982051 ],,,,,,,,,,,,
  ,,,,,,,,,,,,,,,,,, [ 1015830721 ] ];
