BRENTFACTORS[2269]:=[ ,,,,,,,,,, [ 29246478889 ],, [ 62867250415217 ],,,, 
  [ 99817433133080563801 ],, [ 2024911072437791 ],,,, [ 708600129093803357 ],,
  ,,,,,, 
  [ 2324898011, 144515999639939, 8982216085908055430093, 156863892004691786936\
93042900945214622216624976689871783 ],,,,,, 
  [ 1395523031888576608868573089, 940802005900855842076948926635719045633 ],,,
  , 
  [ 9507575442373737108221, 21540476923546878888232147537, 6911333201243784669\
154937475569051, 22188885527140850209454737139019032146471 ],,,,,, 
  [ 12945090217399, 4727641606504402245474524322043, 
      144430832880985080438632810515529, 1505853770547190095351597170726689, 
      20188838379253679786296577748407153227673 ],,,,,,,,,,,, 
  [ 24269402083, 98537308563700417 ],, 
  [ 5073267887, 484978105853115388510247 ],,,,,,,,,,,, 
  [ 1978562787784730956002209 ],,,,,,,,,,,,,,,,,,,,,,,, 
  [ 7781996303, 17537486899 ],,,,,, [ 276221050517 ],,,,,, 
  [ 5768864443613, 305559100581701085816617 ],,,, [ 66741209025773059500413 ],
  ,,,,,,,,,,,,,,,,, [ 691395670380097703 ],,,,,,,, [ 1335337487671181 ],,,,,,,
  ,,,,,,,,,,,,,,,,,,,,,,,,,,,,,,,,,,,,,,,,,,,,,,,,,,,,, [ 3490633529 ] ];
