BRENTFACTORS[482]:=[ ,,,,,,,,,, [ 11737169819 ],,,,,, [ 562398089834886479 ],
  , [ 14188942415442043853 ],,,, [ 33474500519, 270469732801 ],,, 
  [ 9464872171 ], [ 138130347575355049 ],,, [ 5373156571 ], 
  [ 2987252381, 26112680666060227 ],, [ 39534841330898233 ], 
  [ 31538370083333 ], [ 139547837591 ],, 
  [ 172910669113727, 131283843634053277 ], [ 291935467024181 ],,, 
  [ 2523320893, 169537796693 ],, 
  [ 134466839831, 155906378993, 2877087939293, 389196912728603435977211 ], 
  [ 12514212651469 ], [ 6803267851499805181, 40366209447642085479091 ],, 
  [ 355226165629, 4388288889117611 ], [ 27719349272240929 ], 
  [ 895328695038053333, 12268622952978738660189841440158541733 ],, 
  [ 58122325284043, 40775218434422925223 ], [ 696403092562841 ], 
  [ 12525425023, 79733957706907814945777, 527531309413097481701469423013, 
      23397690820734294475194088604316713 ], [ 41351596147, 76009497769 ], 
  [ 79176176746376546192677927321 ], [ 84191504275415497971367043569 ], 
  [ 12686909583499, 2961178966011823 ], [ 27187548083, 302283020337413 ],,, 
  [ 13328204761, 7199027889088048969, 121115624043980653260163, 
      12470141354512212425696841049 ], [ 23300806211 ], 
  [ 13313989963, 7791645257551, 2832963662205334413302110902451 ], 
  [ 39760972955254619164533920036513857 ], 
  [ 3146855141, 3917117281155216117663317609508710971 ], [ 2471844211 ], 
  [ 5695974052744592452331 ], [ 1720154319623526337 ], 
  [ 5737283823343, 133169969239387, 75225921929831527, 55390405750754952337, 
      679390912272799617691 ], [ 451707266641, 687628756571 ], 
  [ 300637902474515998487 ], [ 2995031568601 ], [ 123961609229 ], 
  [ 3408343243447, 14879072021212283 ], [ 164488833001 ], 
  [ 1766548686387977744921, 4445781449353432774769 ],,,, 
  [ 630310061281, 2068968616961, 3163341285361 ], [ 1048571828244739 ], 
  [ 1320952374601, 6438486803356554203, 156958839999603223018956917 ], 
  [ 1766837767, 10852093236759913, 170988497761731151973414071 ], 
  [ 117570213326833, 934078012429845639469 ],, 
  [ 13589886024876809940806093, 18796045599492331766976851 ],,,,, 
  [ 766824540847 ],,,, [ 1012198021 ], [ 409569847462561 ],, 
  [ 6087085663, 4355838424183, 44809807621176432275492703111346727 ], 
  [ 18234590508289 ], [ 211710054399101, 373266859300132149283282302071101 ], 
  [ 6644413207630481 ],, [ 5365509991, 8251111453159 ], 
  [ 53520115793, 238483131417661764635249, 353254989342905501645676559249 ], 
  [ 1253597311, 69251146944608219011 ], 
  [ 282211193666168284027591, 79215739155363951567511333, 
      59843006270687302354627349549 ],, 
  [ 1054718281, 33209130715993, 62734348800649, 461763897694268833 ],, 
  [ 1916998381, 47700415082307329608905051188136976494331 ],,, 
  [ 13485677296933 ],, [ 28786627271, 1148757056311, 37702245332366779288321 ]
    , [ 21408561382198511093 ],, [ 1416267469657 ],, 
  [ 2629617303006197970121, 10155483052124628087383641 ], [ 90187462289 ], 
  [ 61877051530455779 ], [ 2701016387353 ], 
  [ 41514369264481, 25588376200599893, 69627295089861673, 
      1303252273978329308401, 9803965640794281707913346309202557 ], 
  [ 57348466598000901751, 42831525704104762105327501 ], 
  [ 14570450124963892291564867 ],, 
  [ 9981921997057, 9759695461319411105436484004889276289 ],, 
  [ 3667117351, 300787611671 ],, [ 248572858677518512542617444548561741 ],, 
  [ 9930036051549437 ], 
  [ 11651441761, 49110875923231, 121651583902405756105771 ], [ 1002968948753 ]
   ,, [ 22346077540093382888980319255076241 ],, 
  [ 1217909728001, 4627031799780222030661, 
      15296235817004496474653847482604573481 ],,, [ 827623446342696719 ], 
  [ 8301420401674820281581742731001619686130606009390104849 ],, 
  [ 2012012688451, 5051415083871113 ],, [ 2154829889298049 ],, 
  [ 85201247051251, 9143185664888998162425151 ],,, [ 15786110021347 ],,, 
  [ 1028629213, 6445712677, 10109821489, 450377039481250916061115721257 ],,, 
  [ 107060509727713, 324916068676249 ], 
  [ 265802382721, 619441874881, 882471833921 ],, 
  [ 659357648138251, 64215976831193989, 21117184225212199734091, 
      220013698937239002751327 ],, 
  [ 447993559709, 71091060937425853, 2705886625729206519168089 ], 
  [ 338349141454635631 ], [ 88027324659718450381, 1534216777568429764261 ],, 
  [ 1023967561, 639929594414622396073229109443736207867490215566367913 ],, 
  [ 231760901224098599233767301 ],, [ 2566083582365415894041213 ],, 
  [ 134016781599523, 10203512580664626907 ],, [ 55077847793, 35641811604257 ],
  ,,, [ 82405794620575109158381, 8888695280431326072536417333648281 ],, 
  [ 29065757717179, 1213493987424849677, 10303420673975586431 ], 
  [ 643243126447, 9981271242499, 160855920397723, 5942303470384999 ],,, 
  [ 2171039905417 ],, [ 5254237913 ],, 
  [ 8675735161, 939521265741012041127811 ],,,,, [ 105768716286481 ], 
  [ 1050828855378668381 ],, [ 1573094386711 ],,,, 
  [ 14429672849, 9056186129354526461567 ],, 
  [ 4742127908447437, 4360390535133962275477, 3149695066659997701278967697 ],,
  ,,,, 
  [ 1113155553587231491, 6079865853790772079961, 6772896431004427743334981 ],
  , [ 386950621361, 67007669206837, 437162585180341 ],, [ 18455455592089 ],, 
  [ 47560187449 ],,,, [ 234466111468616941, 262261757024048981 ],, 
  [ 1215105013, 8155097113627 ],,, [ 709800893551 ],,, [ 2617550526606277 ],,
  , [ 119204225531161 ],,, [ 9428813040120876141013 ],,,,,, 
  [ 1914450705468241 ], [ 3912314953, 664485477593258287 ], 
  [ 10266182404009687 ],, [ 167367861109 ],,,,,, [ 1005329428908652364084501 ]
   ,, [ 199075177954027446185073457 ],, [ 67153041209 ],,,, 
  [ 27936483296417609882117207563 ],, 
  [ 23414827021, 1545590155240031086096301 ],,,, [ 37321320771373332937 ],, 
  [ 54811924889 ],,,,,, [ 2087971553, 2989087697 ],,,, [ 564825289364653 ],,,
  , [ 423974418565601, 2943051792816773343721 ],,,,,,,, 
  [ 4973551201, 181010642401, 223916099016608265601, 
      3732907472653007106614395448929 ],,,,,, [ 10310576767 ],,,,,, 
  [ 97410437701 ],,,,,, [ 3171827550799603 ],,,, [ 19485373951 ],, 
  [ 2813379817, 3619467319417, 7962077664529, 21906377327304367472017 ],,,,,,,
  ,,,,,,,,,,, 
  [ 1574383801, 1776603181, 1487736151505011, 17901939211927681814971 ],,,,,,,
  ,,, [ 5571190021 ],, [ 13515045338755963 ],,,,,, [ 120225590929 ],, 
  [ 31888617885251, 249714648829018801 ],,,, [ 40117330723 ],,,,,, 
  [ 10812165168431881 ],,,,,,,,,,,,,,,,,,,,,,,,,,,,,,,,,,,,,,,,,,,,,,,,,,,,,,,
  ,,,,, [ 20117359656627241 ],,,,,,,,,,,,,,,,,,,,,,,,,,,,,,,,,,,,,,,,,, 
  [ 8266728163 ] ];
