BRENTFACTORS[850]:=[ ,,,,,,,,,,,, [ 3968661659 ],,,, [ 13005746641 ],, 
  [ 44973963184214951 ],,, [ 194957138777677 ], [ 7246332431532180817 ],, 
  [ 275952649392949451042651 ],,,, 
  [ 37891739745499, 14883893452679549, 32056198153406310275288581 ],, 
  [ 1814565072265943164833710456306452813 ],,, [ 116058113723 ],, 
  [ 708572995309 ], [ 275621562763, 13679598106381, 2107794222147283 ],, 
  [ 639169539345247 ],, 
  [ 28182765717209, 248901026210917042372621, 1057684211380093216337057513 ],
  , [ 656112949651050847, 713819317643848124047 ], [ 124695015853 ], 
  [ 41460488775745021 ], [ 90047512515263 ], [ 8756012001431 ], 
  [ 38689299457 ], [ 6172587527, 149193833675377 ],, 
  [ 24571328311517552118975882568728723601 ], 
  [ 10016044793, 4145406978542338393 ], [ 7866840881 ],, [ 1862312761 ], 
  [ 5639825238629172529, 8974050647439400321 ], 
  [ 5636253526325953, 862720422085345216990657 ], 
  [ 1052489693, 10839580068850280543533279858381519 ],,, 
  [ 2981616683, 2303907018050587, 240152918275251959668109 ], 
  [ 54207902134340035045770698029 ], 
  [ 4627646932483, 127536518417689646430600816760933 ],, 
  [ 5313403388122051, 6256084919569291, 
      1663508192096937922838165434934824664877572671 ], 
  [ 49998032786565086264911 ], 
  [ 135404123437631488645414879, 100364930294741299487493952987 ], 
  [ 108613367741621, 2816210610504377, 414656123834175694001 ], 
  [ 78112886794845658631639311 ], [ 1119996655284460252306771 ],,,, 
  [ 2797601793139, 249689740280914245574352287 ], 
  [ 192795090542401, 1076070094351966562631413404744515736651 ], 
  [ 2875345849, 6708190870981, 49554362815842402577 ], 
  [ 617371300547, 273508593116441787990951853327, 
      64924487070982944303474819595969 ], 
  [ 21142595870761, 13769534794195519 ],, 
  [ 37169983121, 1457401310390309521, 139519225603333706365121 ], 
  [ 1231635914250780014063947 ],, 
  [ 5787873296765402669, 2819348963002243118848879 ], [ 249481166346431881 ], 
  [ 5398109281, 73589890315631, 2782067444013311 ], 
  [ 1584348709117363518019699, 5906688349691968421563078375688263 ], 
  [ 158938556869 ],, 
  [ 5544275827, 33083739989756852302967, 3612127344760698325417469 ], 
  [ 149784783721921, 1186555066679963521 ], [ 26363768341 ], 
  [ 953748321637, 1108126843994297 ], [ 8754978146499145387 ], 
  [ 30676224329 ], 
  [ 5281394851, 108176187451, 10813538381381, 354793040619271, 
      99873393673733111 ], [ 22860494394064694822644306753 ],, 
  [ 473479614133, 59788439529120385681249 ], 
  [ 135427273078681, 1708497803486431 ], [ 1068955752401, 41096559064291001 ],
  ,, [ 67110640940753 ], [ 4153162057225792814569973881 ], [ 646965091501 ],, 
  [ 1546266651329809 ], [ 1287330396325417, 227569293322080289336955953 ], 
  [ 16494333223 ], [ 2234262057940615532546887466939007311 ], 
  [ 591090916701320357689, 1117991330640232096208803801 ], 
  [ 26699399777, 677553266209 ], [ 200621305141, 9684233470933327 ], 
  [ 6439412655081342257723603264551, 200768833039098570993096254865128599 ], 
  [ 3937260100366566301, 39266888591133600701 ], 
  [ 106072139771315383825593869 ], 
  [ 1312394049411121, 82735672238025527947468789, 
      4241044430218729864976364348839507899 ], [ 44324640969149 ], 
  [ 25047642492735425207 ], [ 5364224702242561 ],, [ 40900235002061867 ],, 
  [ 1734587378679053, 2510902861507818947683669 ],, 
  [ 4353215917356816931, 238031325836117468173 ],,, [ 2845917482587 ], 
  [ 21005506347541, 1762150197869556821, 177653142481086037741, 
      2163151461311534443361, 32530570836613319403433290701 ],, 
  [ 1625648377, 2505419797, 485234784748431037, 1786011161373652668313 ], 
  [ 961362799559 ],, [ 47342628810361, 3402471985270391805044761 ], 
  [ 19296877073, 18874761295556129, 4272910241674568981420369, 
      9362679048111528735900669804193 ],, 
  [ 1230035736442442360467, 2057683338323585608993057, 
      2479857374605072621885393 ],, 
  [ 461578142774217281, 1261393763430778133351001409034250001, 
      165839405820767766037052387804577876044221, 
      10070320475754748024586265100231523324009381 ], [ 100478013739144033 ], 
  [ 1309683153743, 243487071762383297, 12149973022177290283, 
      10983166494394870795291, 3424543305618834634878319, 
      19134987976364076655402070571874854828743 ], [ 2484229043869 ], 
  [ 5616020105105041 ], [ 350224375691 ],, [ 1683758603521 ],,,,, 
  [ 326307541099186121 ], 
  [ 24755524543, 219893500873, 780506720137, 872058511463383 ], 
  [ 7567168454077, 243851598057905531 ],, [ 5878250136345049403461 ],,, 
  [ 29573940853, 117344884619023 ], 
  [ 12044000321, 5815702537121, 831211277843201, 787246164104656001 ],,,, 
  [ 66802201181 ], [ 31395465022336801 ],,, 
  [ 264487790697436993, 1666105100118006241, 7979986959378279217, 
      111345581077588806134584399721833 ],, 
  [ 46059936886211, 8098668188993528856555704731 ],, [ 32536924398577 ],,, 
  [ 1499139251, 2501682751 ], 
  [ 145412750033, 5256464119457, 129873760238373020497, 246195164236357676033 
     ], [ 3889562215501791186199 ], [ 625336613179617413769901099 ],, 
  [ 14508914941, 84262154761, 46657630386707479220386582714574730001 ],, 
  [ 4709551757, 331872525349 ],, [ 5044098721 ],, [ 200980134684651596641 ],, 
  [ 2861797743818597, 3794583375778241, 13118982221362261 ], [ 1051488649 ], 
  [ 4461433511 ],,,, [ 8897283947297974737989 ], 
  [ 232989032967991, 11311620260732611 ], 
  [ 90673901809, 94248835085613698948137 ],, [ 38225768923 ],,,, 
  [ 1928684925846360259 ],, 
  [ 84004721998541028813059448133510981, 5257854336378275618387802075313817896\
72027359604621 ],,,, [ 324032745604049, 80759203497657569 ],,,,,,,, 
  [ 13099694977, 1750568945263122426193, 35745259209565164177169, 
      230585422230556849328620609 ],, [ 4693563713146201 ],,,, 
  [ 2093988170872207 ],, [ 12741438529 ], 
  [ 15996001051, 59075690851, 56994702417901 ], 
  [ 200007313811687, 541601269659574447111 ],, [ 2483829649130968276587313 ],
  , [ 1468216495006128402411391 ], [ 8056227103 ], [ 365037352913 ], 
  [ 12909807518261 ], [ 12599751804589 ],,,, [ 9749721755243 ],, 
  [ 545624622653034465605611282665841 ],, [ 4536671393, 38132589836885171 ],, 
  [ 11640703201 ],,,, [ 3059796473, 8426647913, 1416275632257746629561 ],,,,,,
  , [ 1394200944762721 ], [ 3226888355205121 ],, 
  [ 38824567896643819, 79861945408850239, 292049583579946271581 ],, 
  [ 161823576721, 2657234388901, 40362190839798881 ],,,, 
  [ 456725646183396372817 ],, [ 217908498484321 ],,,, 
  [ 12117471155350554107844936787501 ],,,,,,,,,,,,,,,,,, 
  [ 329871835919821537 ],, [ 514964839478521 ],,,,,,,,,, [ 171022250401 ],,,,,
  ,,, [ 3224081756320345648729 ],, [ 14644842061 ],,,,,,,,,, 
  [ 22737220607681, 311790694969921 ],,,,,,,,,, 
  [ 729218223691, 197629014070072130041 ],,,,,, [ 39516219150125089 ],,,, 
  [ 1130925001, 516039571481221 ],, [ 7146527761, 9341996761, 6249011084713 ],
  ,,,,,,, 
  [ 1512691601, 23503910851, 56639281651, 39625113808001, 2622714661947101 ],,
  ,,,,,,,,,,,,,, [ 3844074906757341013 ],,,,,, [ 87421712842753 ],,,,,, 
  [ 288091068931 ],,,,,,,,,,,,,,,,,, [ 181371782197 ],,,,,,,,,,,, 
  [ 2803122732538081 ],,,,,,,,,,,, [ 201250513360632961 ],,,,,,,,,,,,,,,,,,,,,
  ,,,,,,,,, [ 408942316351 ],,,,,,,,,,,,,,,, [ 691276403518053313 ] ];
