BRENTFACTORS[664]:=[ ,,,,,,,,,, [ 9073510403 ],,,,,, [ 2114543629066617893 ],
  , [ 55859723086439 ],,,, [ 5777236682576675571521197 ],, [ 1053123301 ],, 
  [ 2257596591048619399 ],, [ 310205080595498119, 9443943988653402829297 ],, 
  [ 26224812504763, 8903062946613801193337036520119 ],,,, [ 2962365911 ],, 
  [ 9208757469712134857, 151542746997685490238594153927509 ], 
  [ 92625833490367 ],,, [ 5093703671481709 ], [ 226682807233 ], 
  [ 25847331649, 943002167335110089573588351, 
      378985952283085751728199674255141 ], [ 11050634752358707397 ], 
  [ 137139642901, 55625776731631 ], [ 9224698290469, 52425473614093 ], 
  [ 1279926167206018083071, 2825659494363327674658328259 ], [ 3644412418369 ],
  [ 318800852063, 6013618482397, 270820022953666523, 602516139064605679201 ],
  , [ 2299885801, 108675934668046656552678674099731 ],, [ 63717568099 ], 
  [ 13774167844939423 ], [ 923032283581 ], 
  [ 820246640340793, 2277977625026657 ], 
  [ 246437495953533428437, 6506059161702918640201862053 ],, 
  [ 41907668692925227 ], [ 1323746963761 ], [ 52771629513324876280663879 ], 
  [ 11715871417, 16960591289 ],, 
  [ 1629860520833, 2347947794642369, 554466052328158455726961793 ],,, 
  [ 241754304679046023, 85208142333347446694733334189 ], [ 366035266013 ], 
  [ 1403698647565270904348163783585972604231, 
      41879929677468793561439500583009334615193 ], 
  [ 11786206798037141, 9272618231442144811 ], 
  [ 121819064930459233, 476304348242823847 ], [ 2472189127507269776052793 ], 
  [ 7452944491, 1340295060017677 ],,, 
  [ 3024268492375698736308757, 1038583184965605608656124234486549 ], 
  [ 2562605534225353 ],,, [ 44050211947967805469093921 ], 
  [ 29519063281, 8253126739657 ], [ 2225709361457504896751853234911 ], 
  [ 217427967873802267, 35038727328191418695627 ], 
  [ 5127991725379657, 253979705651445061 ],, 
  [ 199657214291, 3737982570719, 15186388328887, 63583358196156089, 
      629143233015408511379255589029 ], [ 22486742449 ], 
  [ 1159748518217032657, 4191131656667693849 ], 
  [ 21909909799489, 6926902315671495112507 ], [ 4405514410793003466151 ],, 
  [ 14884729356093357554809861121 ], 
  [ 6389537853859, 114167794421216492472391 ], 
  [ 5802567079787, 61030018353932497926303989452220179 ], 
  [ 1935680671, 62376701430725161, 7192586535166855904351 ], 
  [ 14086290551064353566864007768651332609 ], [ 401878714778407 ],,, 
  [ 13124968501, 100542444687243695723227498769498626092081701 ],, 
  [ 170844438859, 3007877239451731758613 ],, 
  [ 25186385010326235321986328672944487649277474953778423746429090201 ], 
  [ 29528020705341019321111 ], 
  [ 208370419818239467, 2143345575354788941889646769, 
      18894719840481880390998767353515580065079 ], [ 3027675097009 ], 
  [ 2461690981, 151146480171167007654960397 ], [ 300242505485551 ], 
  [ 128716734301 ], [ 108572443765126567519004893 ],,, 
  [ 173836000940571121, 9969747507984757365343 ],,,, [ 240295950953 ], 
  [ 9221283821 ],, [ 134909468849, 182003380571 ], [ 2033344285399523 ], 
  [ 703163992200537031, 53516838081018500953, 430145250412692656465149 ],, 
  [ 43924600001 ], 
  [ 72116513486698531812938173, 2746903016542495204580237624082478627 ], 
  [ 32892615191, 1635976865702159 ], 
  [ 13602528769, 28567926357889, 38625964650651649 ], 
  [ 187901093306887, 40925464768790213825071 ], 
  [ 9557411891, 36362802027982878487261 ],,, [ 52622566620121 ], 
  [ 4884593178472044256863356173 ], 
  [ 41443184897185768096681, 37184311400927684745598661341 ], 
  [ 43077840981457, 40682142785367119269520017 ], [ 1321612423 ], 
  [ 96066885991, 111275440813 ],,, [ 2818156849, 905069174557 ], 
  [ 210488629546132517, 70414215244670941379, 71701837940774216091844266281 ],
  ,, [ 464727394637204770091 ],,, [ 4616395376459170153973 ],,,,,,,,,,,,,, 
  [ 13297851811, 1192155361021 ],,,, [ 57123231917834499294937286831 ],, 
  [ 113698051059959291666161 ],, 
  [ 57884336190261467371, 235046328562451286887350681 ],, [ 549565362433 ],, 
  [ 985773775003, 11526232817260194805237 ],, [ 333915564458081 ], 
  [ 4484024436739, 1194289887928999 ],,, 
  [ 15234877657123381, 105566643046749626736105116970279181, 
      1687538209343827644411493458059325901 ],,, 
  [ 27901161247, 2659061251961341 ], [ 213838344343184113063342609 ],, 
  [ 119230005349908132993601 ],,,, [ 602932717272432791 ],,,,,, 
  [ 35214245921, 16967436701993, 946043860628961053 ],, 
  [ 14659338954349, 8157984640878997, 3319213174629715190521, 
      932482145907041967565503800923 ],, [ 685499362919801 ],, 
  [ 37731892697 ],, [ 95763245497 ],, 
  [ 9348575611, 6417835819891, 1415256453844049 ],, [ 85224699510497 ],, 
  [ 304984385420660821, 16685004361023735448687992640654005101469943257001 ],,
  ,, [ 1939746381379, 3738344100311 ],,,,,, [ 3916509301 ],, 
  [ 587136825253232077 ],,, [ 179441911801 ],,,,, [ 2938284731 ], 
  [ 69845305531 ],,,,,,, [ 4417932125687011 ],, 
  [ 4001160524161, 41402722499219615761, 856465324064542034600762019121 ],,,,,
  , [ 272100438331169975809 ],,,, 
  [ 18058431198128501, 1267442116541315433751, 
      1456418444786182665070811554751 ],, [ 36233065855495153 ],, 
  [ 3331910279, 28491160697 ],, [ 689120463617 ],, [ 683168935808067409 ],, 
  [ 516864763741, 21024248825297381, 9951839620778260921 ],,,, 
  [ 1494111391081 ],,,,,,,, [ 258824670337 ],, 
  [ 97426299739, 137051082492397, 6070244140853145191933 ],, 
  [ 179507612953, 9035206986097 ],,,,,, [ 5952475827349808791 ],,,,,, 
  [ 27195571445473, 217288019543853114235673048449 ],, 
  [ 49826527481, 18967524232171 ],,,, 
  [ 15330469494817, 410241400984344973, 2557376199221288897515603 ],,,,,,,,,,,
  ,,,,, [ 856081924141 ],, [ 6234690697, 911157934268686729 ],,,,,, 
  [ 6581214900121 ],,,,,, [ 1126068481 ],,,,,,,,,,,, [ 28863370033 ],,,,,,,,,,
  ,,,,,,,, [ 1594415293 ],,,,,, [ 12611061721 ],,,,,,,,,,,,,,,,,, 
  [ 224912876959, 3037065037399, 562286824137181333 ],,,,,,,,,,,, 
  [ 3771011011 ],,,,,, [ 10572672529, 886595785417 ],,,,,,,,,,,, 
  [ 4411785193 ],,,,,,,,,,,,,,,,,,,,,,,,,,,,,,,,,,,,,,,,,, [ 24594695551 ],,,,
  ,,,,,,,,,,,,,,,,,,,,,,,,,, [ 7532694400801 ],,,,,,,,,,,,,,,,,,,,,,,,,,,,,,,,
  ,,,,,,,,,,,,,,,,,,,,,,,,,,,,,,,,,,,,,,,,,,,,,,,,,,,,,,,,,,,,,,,,,,,,,,,,,,,,
  ,,,,,,,,,,,,,,,,,,,,,,,,,,,,,,,,,,,,,,,,,,,,,,,,,,,,,,,,,,,,,,,,,,,,,,,,,,,,
  ,,,,,,,,,,,,,,,,,,,,,,,,,,,,,,,,,,,,,,,,,,,,,,,,,,,,,,,,,,,,,,,,,,,,,,,,,,,,
  ,,,,,,,,,,,,,,,,,,,,,,,,,,,,,,,,,,,,,,,,,,,,,,,,,,,,,,,,,,,,,,,,,,,,,,,,,,,,
  ,,,,,,,,,,,,,,,,,,,,,,,,,,,,,,,,,,,,,,,,,,,,,,,,,,,,,,,,,,,,,,,,,,,,,,,,,,,,
  ,,,,,,,,,,,,,,,,,,,,,,,,,,,,,,,,,,,,,,,,,,,,,,,,,,,,,,,,,,,,,,,,,,,,,,,,,,,,
  ,,,,,,,,,,,,,,,,,,,,,,,,,,,,,,,,,,,,,,,,,,,,,,,,,,,,,,,,,,,,,,,,,,,,,,,,,,,,
  ,,,,,,,,,,,,,,,,,,,,,,,,,,,,,,,,,,,,,,,,,,,,,,,,,,,, [ 1351296761 ] ];
