BRENTFACTORS[736]:=[ ,,,,,,,,,,,, [ 168932647313 ],,,,,,,, [ 406614913867 ],, 
  [ 81011907091, 6103068793753991888987 ],, [ 19036847101630451 ],,,, 
  [ 28840796560548433, 1548425779639516048963 ],, 
  [ 31617861683, 453289081758160812863634582246599 ],,, [ 71353939147 ], 
  [ 16001532038234033201 ], [ 93333844621 ], [ 17428397326387 ],, 
  [ 31484243193160754397420616117 ], [ 20803246624078864321 ], 
  [ 309653971327, 17879298915164704651757825274066615127 ],, [ 5036929787 ], 
  [ 12207517950283610809229 ],,, 
  [ 2056989499, 11718991469, 239330730313546305833609504632318293456976852231 
     ], [ 1141246129 ], [ 30375061527847, 41752393648897, 2765628981672310769 
     ], [ 10618711882201 ], [ 1011805960180810264978441 ], [ 10775398278269 ],
  [ 204348549001 ], [ 105518476981 ], 
  [ 42482066881, 162584847811, 3251224974332831 ], 
  [ 796240708503073, 23674374895852914241 ], 
  [ 49047539347212737955882665794160917333 ], [ 11674586377, 108139133677 ],, 
  [ 3089257681 ], [ 3786993827 ], [ 2291846059 ], 
  [ 208961888563877683879, 32749481262061730176253461 ], [ 114740406405953 ],
  , [ 11702730007, 1246243391779 ], [ 661913998971744008026571 ], 
  [ 330258771992346089, 5112048604517921545155283801 ], 
  [ 20828521754993320462013603194321 ], [ 31423953262451, 33307732573991 ],,, 
  [ 352395875642362205829334045609 ], [ 363577430387035072283 ], 
  [ 6699993616175551, 296008881961911455477369449707822901 ], 
  [ 10031290921, 52760041136842846736491981 ], 
  [ 39011871053, 53129281324643445769 ], [ 4067209178371 ], 
  [ 1287104341, 1880912826844967519 ], [ 653644428881, 169118124226969150481 ]
    , [ 232161106398589 ],,, [ 3471191555749, 2551179733055624917 ],, 
  [ 2324985457251154453220351314607, 1411806132007847148632713391307797 ], 
  [ 623978482153599344866333 ],, [ 422808596054783 ], [ 187826833891 ], 
  [ 2636557071253266438187, 55547381907562513537479582127 ], 
  [ 30693002240185069, 3054620156057572388177, 
      11972538994127018570608826735933813 ],, 
  [ 8915775425439191201, 2707250510061129829501 ], 
  [ 1014180937711, 1595684908792561, 15943614549524491, 
      8064723947489710166801 ], [ 1460988651522383710102136767969 ],, 
  [ 680842602413, 32962052542450081, 8994498100194350471071 ], 
  [ 210437483403576529 ], [ 9172406101, 11799911801 ],, 
  [ 143322378564751411, 401419264801522704811846957 ], 
  [ 5368575616493, 470781148964333 ], 
  [ 58218439294260233, 16044027688221548936242573409614983148217199761 ],, 
  [ 3243794110215925993 ],, 
  [ 36212887487377, 1389665479224528314765612768403477397 ],, 
  [ 1457481301, 32067819558446626261036860090081172921 ], 
  [ 180710961822696961, 13867480596573573007 ], 
  [ 12098004101569, 213323333592836978911793, 262568137118723259567585857 ], 
  [ 476659589961469 ],,, [ 22288147897, 10688675860277020037521 ],,, 
  [ 105879706419187, 11313315916010303896387 ],,, 
  [ 48637053629, 385225451077529543280181891039 ], [ 137858084470069 ],,, 
  [ 249322485153423204982873, 2049687987219118868973231889 ], [ 2421141209 ], 
  [ 1343033729, 508177210369 ], 
  [ 773779380589, 57879382767169, 5778581604745603, 265641159015311473, 
      1494445235933839618477 ], 
  [ 71446723912889651, 39298772245710662059575853901 ],, 
  [ 239722785780382799528350137433, 1062724237595339007870115374765733 ], 
  [ 47404266470997031 ], [ 1250936291949541 ],, 
  [ 228496914411005761, 439404659000118543241729409 ],, 
  [ 674363307690740977, 607776449840981335609 ],, 
  [ 1071544253891464139591690167555620806341 ], [ 875594597161 ], 
  [ 159497703876549157186353061, 83465351059511241524546714943581, 
      10407665229174005666088350712329331539, 
      6353370213405164999995155176732543690041 ], [ 9955849902061207 ], 
  [ 6027013391800251609198652033, 22770973649641246141392862192936704916513 ],
  , [ 1481492840749, 5328296901837896989 ],,,, [ 26317016851, 170271459901 ],
  , [ 56610159111704137 ], [ 2524879240489 ],, [ 15334333610831 ], 
  [ 109984416372776424577760683925341687393 ],, 
  [ 2145597341, 135891324358649, 4358025888262627817313689 ], 
  [ 3150336753103411422787 ], [ 10157876314241 ],, 
  [ 180861278460704984342567539 ],,,, 
  [ 9160203203, 1411181247433, 2266955947504225453778426912621 ],, 
  [ 554735172543660193 ],, [ 360443905292791620736166641 ], 
  [ 3788107491873947129608701763 ], [ 3117474029 ],,,, 
  [ 85378763282240689537 ],, [ 12886846330733, 132802155653120251 ],, 
  [ 352532392921, 8655845128630718614381, 
      2336822611159905526430423483452914301513349101 ],, 
  [ 795766413756982891679 ], [ 2386000189567 ], [ 10185236069873 ],, 
  [ 77442435025258089139396357044193 ],, [ 64492438757 ], [ 3632856697 ],,,,,,
  , [ 1012122839000299153, 37897764997834242386537 ],, 
  [ 1032667524164431, 3137403787396860249701948791 ],,,,,, 
  [ 5684940938541045481 ],, [ 9590824707559, 722530957113283 ],,,, 
  [ 147362692023241021230249361, 155677506377568864175826851, 
      2743152872505384741117712631404346851 ],,,, [ 21283908853 ],,,, 
  [ 8236065324407 ],, [ 73468953773161, 9071519059953241 ],,,, 
  [ 1369951918632131521 ],, 
  [ 4986764989376627, 140799362735031199, 4446653562305536159 ],,,,,, 
  [ 93904677049, 686005360272041 ],, [ 1170259572488527 ],, [ 20488043113 ],, 
  [ 15104889577334159 ],, 
  [ 4493898001, 4194204190187646057121, 109101074466250028194801 ],, 
  [ 2190346206124728433, 215198762810357027277599 ],,,, 
  [ 8563667681533, 743821839138077107 ],, [ 508631442281 ],,,, 
  [ 489172405933 ],, [ 46652568405371 ], [ 2800178971, 413160534961 ], 
  [ 1005991681 ],,,, [ 4153360990249064289281 ],,,, [ 81610906873 ],, 
  [ 369912238001605447 ],,,, [ 54285129111633841 ],, [ 25321798657 ],,,,,,,, 
  [ 1364777598521, 735326514881770841, 1365256304279645164241, 
      27568960269175376963521 ],, [ 485086939012519, 272723210370277157629 ],,
  ,,,,,,,,,, [ 23679046357 ],,,,,, [ 155348054066480579401 ],,,,,, 
  [ 60513376180315321 ],, [ 372629127641, 8212731505700261 ],,,,,,,,,,,,,,,,,,
  ,,,, [ 12518301841, 1120247841241 ],,,,,, [ 1660856438580600241 ],,,, 
  [ 3334787343017321 ],, [ 2532236181929986358311327 ],,,,,,,,,,,, 
  [ 4485528898914163 ],,,,,, [ 3883906441 ],,,,,, 
  [ 2435265497689, 2781391250461987 ],,,,,,,,,,,, [ 308372722934851 ],,,,,,,,,
  ,,, [ 1880569128751 ] ];
