BRENTFACTORS[99]:=[ ,,,,,,,,,,,,,,,,,, [ 39740734591141 ],,,, 
  [ 30466170347, 222628529119 ],, [ 5595086438943451 ],,,, [ 175281266965559 ]
   ,,,,,, [ 1516445266992375820241 ], [ 2198833093 ],,,,, [ 3036275993 ],,,, 
  [ 3551863449061, 716359512559681 ], [ 2294665013 ],, [ 418258071409 ],,,,, 
  [ 118566886147247 ],, [ 327414198153783782669101 ], 
  [ 12625714428146384294689 ],,, [ 148537384959989, 4631579044347830647 ],, 
  [ 49036900943, 10527303441917105235878602048817 ], 
  [ 1330147009, 140028543787291, 941091948776813 ], 
  [ 193620897667, 296323515978335648713 ], [ 105481090085456435565163841 ], 
  [ 1734834401, 550780160268332441039460497501 ],, 
  [ 12756973500253, 3780574316663829815529867056872778269 ],, 
  [ 536561938621, 28820089845571, 242460345918040491433 ], [ 23622410172131 ],
  [ 17179549507, 6787613924430123425819, 2123069070360192515833718179 ],, 
  [ 3278172880914712338521191295531 ],,, 
  [ 9324916217, 9879998861, 350580803333, 144453687390242609 ], 
  [ 113089684775453, 32982101201754013, 8698520189091630442361145439816553 ], 
  [ 82911940969819963 ], 
  [ 274512778508464216268280437477, 27100756722615202899087603064941702173 ],,
  ,, [ 106777977100687331 ],,, [ 1646946417182137 ],,, 
  [ 1462102202783, 983575267881704300649386383, 
      492582855374340270246529791354554620588177191741010136736862621 ], 
  [ 28556470441 ], [ 41256851819 ], [ 12993609334073, 47686397099278076441 ], 
  [ 902007055801, 229328611909843, 138083340352064818681 ], 
  [ 13260878740517132985360700296254354341931 ], 
  [ 2334201491, 25872120641, 207055472356835604911 ], 
  [ 1366841761, 10969399148351641537 ], 
  [ 89974471973, 7915509753196316312776553530407665294020671178016431593760700\
216761 ], [ 2812671807464335279 ],, [ 46259978873311450015201 ], 
  [ 16678148447449, 25720461383479758273152824514597579, 
      71388255292287775684290445109497937983 ], [ 10138830384564590312437 ], 
  [ 5043610169267, 182772434761420817, 
      2793933314684599077034099798222334731711 ], 
  [ 493505039561, 65797600936601, 19540659040448772411597569 ], 
  [ 108439736343541, 1352523964284011191 ], 
  [ 285543362926494449131396642507, 1543189276339384293014267210278307 ], 
  [ 9243128815793, 1871757794797187685643, 1636153165078580919927307974247787,
      2240772907291429843599797114792788630756301656621819313431278263 ], 
  [ 11391348056437 ], [ 29512904747 ], [ 656450787631, 13474326747311 ], 
  [ 1918353920952631, 14974891702504790438519042233, 
      1049138067391850313041103424138472677 ], 
  [ 563330705804744753, 231300436355859337805633 ], 
  [ 5401997093, 84093872910058169 ], 
  [ 775530570242561500537, 52429510976475024649447 ], 
  [ 36610912506555479434268893271, 221455288012965676655573257965541 ], 
  [ 90829662977, 6512934106283413, 272497433337357937, 9891422277444155989 ], 
  [ 493415442001 ], [ 49112638873, 21271793245780759751 ], 
  [ 23593859633, 356194256359176187 ], 
  [ 69519309001, 234346431711121, 309640814187841 ], 
  [ 197492136282025248442820510453357027244481 ], 
  [ 31515054111561916184539981, 191276595207610837936720800784327951668355733 
     ],, [ 13170039176332415793505633509346733932901899557017 ],, 
  [ 99387080101, 27157471213321, 19387094798099329057 ], [ 23712123700627 ],,
  , [ 10171089960370790140312481 ], [ 2540044937 ], [ 288211003609 ], 
  [ 503924164782067 ], 
  [ 232105698061110266693, 357315845180972238477391142821391760330371822393854\
9 ], [ 36438573601, 131722933422196857583261, 1238761568779542791703530731, 
      23587159383471174427992844278311131 ], 
  [ 4535080073, 322776284081, 15032031798473, 
      2535079759092683496503704337645334999366189769 ],, 
  [ 586907165505528868524312142405797409 ],, [ 17343565384878349476721 ], 
  [ 17762185872353659364281 ],, [ 167128980379926137 ], [ 2462155057 ], 
  [ 113516972441 ], [ 5111666489901648108628693542786747692556509973159521 ],,
  ,, [ 822376316434098201618519225502403515651 ],, 
  [ 677502728081, 8836328970557326091297, 13702449083684826241681, 
      6746614141668833614416629016683329 ], 
  [ 26513437627, 899387660467, 1136226757123, 4577155076034195643, 
      1082261569440931771464854299 ], [ 474233535161, 793780546021 ],,,, 
  [ 19218236092543, 1580213510534581459, 3216718449115059964790839, 
      29449924662383503171479975953 ], [ 319976771953 ], 
  [ 2923676968095965670797487361, 
      1420151726163558749262184230715351478252824321 ],, [ 15008913889363 ],, 
  [ 83608712544984558637, 14744319896460010618619177 ], 
  [ 3359279372404702060679081126003618738628381356045108482674163141 ], 
  [ 2978746923617, 3786459333397349071548308272559 ],, [ 2460783697 ],, 
  [ 332067621806931431, 208427571406849335028261 ],, [ 7205509277257 ],, 
  [ 60281824723934126056156112991395338513 ],, 
  [ 7046161273264054614448940393697796702790997316052312415283428586913 ], 
  [ 104744523635839 ], 
  [ 1626434687544660758783209, 100604426185616516203010213 ],, 
  [ 4300136572481927613100909589221 ],, 
  [ 5697585119133460028477, 6961703058707154579277 ],, [ 2719699869569 ],, 
  [ 10455951761612031460842831751 ],, 
  [ 1512775203058949909, 1294516385768596839151769 ],,,, 
  [ 10982481565442161442229506601368371378147732434579701569 ],, 
  [ 5467851482572410873280081674142305529138322441 ], [ 5605726664085865201 ],
  [ 7194528282706940118374545661, 73760695060600884076941716993 ],, 
  [ 27588586848769, 9644462945525827, 9999524292645728809 ],, 
  [ 6356741265252657280201, 400696140575576159544489012339429923801, 
      185222814258715160130108398059027568517401 ],, 
  [ 1259015399528837, 1754094212009126071785040759404570425201, 
      20690053320867140869592279935418491434623 ],, 
  [ 8256563401, 27574911633620527234828236797167573 ],, 
  [ 6288563072127517513684244407, 66154649893699885917594991550021 ],, 
  [ 8150795401953547597073, 10817231112884720040604622640946611889, 
      70176476555118431041719886805374223180254993 ],, 
  [ 1168704835801231, 166992291195462235651, 4244681028060900275892751 ],, 
  [ 18855400586873, 2105483805400793, 3051127414256039718857, 
      692450100330163299027096181, 373457687302133356393979714259590760373, 
      766993202332546556986362858735455739297709 ],, 
  [ 49158658613, 15491928351724114097719295147713, 
      426529500568190661905023247780017535523024706815191 ],, 
  [ 3347812513, 20569479234656339990089 ],, 
  [ 939711783589841, 3273766768752427117361 ],, 
  [ 14099617505399835549702420385851506295313588069925859311479565197022229681\
9601 ],, [ 19513706126413, 404046517348932973 ],,, [ 1451456172154634439601 ],
  [ 104225254584803417129706052430810913076579, 
      31834059066837525786404207918492846186089302874913 ],, 
  [ 2790574537, 1048154513761, 741284294721171683889889, 
      2091938843160646118064379762597 ],,,, 
  [ 6166741657, 2547384257712317342345453030437709609 ],, 
  [ 311744101970107, 626827039492129424955974449 ],, 
  [ 3415839586892917, 204494506272858921551112553 ],,,, 
  [ 19488680578952881, 109206901506554161, 869526687534160129612749550617121 ]
   ,, 
  [ 27180056005147, 350107620987763, 6034325873269325969371, 21827685647427290\
096396749084626779 ],, [ 6007567857821713501084565227618366409 ],, 
  [ 1272418027, 1284326229673, 6860181456477909460194537404457726853 ],, 
  [ 74851624369, 1334197434769, 4979498207651461200329112560108113 ],,,, 
  [ 156655005545411531677, 86169924622170471951793 ],, 
  [ 2065957134184085871601, 26208612247842172249579 ],,,,,, 
  [ 204917286013441, 1600310893236554534411741 ],,,, 
  [ 6456582001, 22299597931354157569, 11166745655508349777729 ],,,,,, 
  [ 27246395251, 2822075974713601 ],,,,,, [ 72492867217, 1328929884611041 ],,,
  ,,,,,,, [ 10269268439 ],, [ 1348521121 ],, [ 2601862507201 ],,,, 
  [ 328765234639818607 ],,,,,, 
  [ 119585343403501, 3825698582644985734170394201, 
      10294299661924076212202525818801 ],,,,,, 
  [ 3427229542771, 33979642151167413361, 17540706289891241523817, 
      163426552085089584729541, 955032839418618149716755576463267 ],, 
  [ 186285251153 ],,,, 
  [ 15728620752001, 10562669006407129, 398361249321825354258138788929 ],,,,,,,
  ,,,,, [ 19438401909928383167272129 ],,,,,, 
  [ 39737375923411, 29153081406842251, 33898020907113661, 
      13613132092791538263269304969121 ],,,,,, 
  [ 583962813169, 119276052076053601, 3718726350123143304289 ],,,, 
  [ 330760567241801 ],,,,,,,,,, [ 106915699361101 ],,,,,,,,,, 
  [ 2901816369674641, 6379919743348824625801 ],,,,,, [ 1988968441 ],,,,,,,,,,,
  ,,,,,,, [ 2618127347713 ],,,,,,,,,,,,,,,,,,,,,,,,,,,,,,,,,,,,,,,,,,,,,,,,,,,
  ,,,,,,,,,,,,,,,,,,,,,,,,,,, [ 2952753343 ],,,,,,,,,,,,,,,,,, 
  [ 72083150401 ] ];
