BRENTFACTORS[8731]:=[ ,,,,,,,,,,,,,,,,,, [ 4773537256013 ],,,, 
  [ 103539305153377, 117622817884450409 ],,,,,, 
  [ 110732878829, 412292195298051319 ],,,,,,,,,,,, 
  [ 2421117249500643493, 1695413992248212018691783577 ],, 
  [ 3402129681733, 5912814335920743617 ],,,, [ 9656148720070057 ],,,,,, 
  [ 8868861107, 36755641045892085701 ],,,,,, [ 1208416879 ],, 
  [ 2074830447735825333380117437 ],,,,,, [ 2427196299050917127 ],,,, 
  [ 17828182787, 63413181490739, 232137736831972950311 ],,,,,,,, 
  [ 32952827443 ],,,, [ 1019248301, 1165803227 ],,,,,,,,,,,,,, 
  [ 68176800947, 1220555668417 ],,,, [ 26359886779 ],,,,,,,,,,,, 
  [ 556358317748339 ],,,,,,,,,,,,,,,,,,,,,,,,,,,,,,,,,,,,,, [ 1058405207 ] ];
