BRENTFACTORS[5381]:=[ ,,,,,,,,,, [ 686858281847 ],, [ 1747353271 ],,,, 
  [ 360602780081 ],, [ 30158064997181712752587 ],,,, [ 92493430064059 ],,,,,, 
  [ 280742596269704551 ],, [ 304019320192397 ],,,,,,,,,, 
  [ 1219086887318725721, 560440038679135629343107874796587 ],,,,,, 
  [ 96239382587, 1075466680507, 100370051238946086950447 ],,,,,, 
  [ 314488570083974187091 ],,,,,, 
  [ 9866258156566071473, 14880600287355325235538247 ],, 
  [ 313276200341470639267, 16708201363125952438352676811 ],,,,,, 
  [ 5650664077222699 ],,,,,,,,,,,, [ 7880730320359914973365043 ],,,, 
  [ 3372276368911 ],,,,,, [ 40178736187 ] ];
