BRENTFACTORS[7057]:=[ ,,,,,, [ 15749321813 ],,,,,, [ 78009617957730733 ],,,, 
  [ 27558226559903827 ],, [ 1529892130758659, 82530894479588605283 ],,,, 
  [ 144470449154473174213197901621, 
      688378421223183112715171305965392076918747407208328261 ],,,,,, 
  [ 20720408256413, 214045440349471, 63049913382356921723355270469, 
      72138990406045746177608905310702608399937 ],, 
  [ 351665185155276719, 67718865836817906433, 175011110355298835227659270569, 
      12747318609746643215787592775356033641293 ],,,,,, [ 806505326097723689 ]
   ,,,, [ 231888779495167, 1333775742372361289 ],, 
  [ 1875720180479, 200488311335783, 4364039613408237679153 ],,,, 
  [ 582702331933, 641309518627328819737499659 ],,,,,,,,,,,, [ 2666115385123 ],
  , [ 116119137099061 ],,,,,, [ 256654555486212449061467 ],,,, 
  [ 118006525191391 ],, [ 775829921513 ],,,,,,,,,, [ 14867970536231920667039 ]
   ,,,,,,,,,,,,,,,,,,,,,,,,,,,,,,,,,,,,,,,,,,,,,,,,,,,,,,,,,,,,,,,,,,,,,,,,,, 
  [ 6494790794706601 ],,,,,,,,,, [ 18246131951387 ],,,,,,,,,,,,,, 
  [ 1224320563 ],,,,,,,,,, [ 505425540439 ] ];
