BRENTFACTORS[8191]:=[ ,,,,,,,,,,,, [ 391168219093805557 ],,,, 
  [ 72931812677, 594738299701335719 ],, [ 14200279091, 3648528399007 ],,,, 
  [ 242853044404592369313091 ],,,,,,,, 
  [ 41852984867, 5598255099779756121289, 1487784304047023948150663929473059 ],
  ,,,,, [ 216412043735181681899508882067884857 ],,,, 
  [ 89644431246109, 39144280224117077 ],, 
  [ 29389528631, 149989630895323, 1357093410690530797, 
      81356850198390859942204337 ],,,, [ 275997356474400453584846205045947 ],,
  ,,,, 
  [ 1671036683, 5866520498684882196876533, 10183979413249807543108529416469 ],
  ,,,,,,, [ 56141091767487809, 290580144295346209, 2247638732832906053 ],,,,,,
  ,,,, [ 239082093496267759, 4987997034761049968587963 ],, 
  [ 11638798217, 846250243186021, 223884009503637781, 1515654008547782167 ],,,
  ,,, [ 170160781261 ],,,, [ 2297606167 ],,,,,, [ 7397595726613 ],,,,,,,,,,,,,
  , [ 3143882803 ],,,,,,,,,,,,,,,,,,,,,,,,,,,,,,,,,,,, [ 10641718793 ] ];
