BRENTFACTORS[1723]:=[ ,,,,,,,,,, [ 1554427073 ],,,,,,,,,,,, [ 110925764683 ],,
  ,,,, [ 1867233732290749027273 ],, [ 72926117810194492720107562649 ],,,,,, 
  [ 3156692713879 ],,,, [ 678156451009002245099 ],, [ 132290134457003 ],,,, 
  [ 4362216282107200261, 8740717524824380908790402708270072879982838571 ],,,,,
  , [ 24930719503, 500042175780375690621635180765757313 ],,,,,, 
  [ 11398159233569 ],, [ 1244905165905604970027 ],,,,,, 
  [ 80114192477163646001321471112944948111 ],,,, 
  [ 61305620138084418739, 8622897930310265189181305651, 
      448705066920152544709845149747 ],, 
  [ 42353499003482599, 1459538993956524566816453, 
      41798359621251339970551615051107 ],,,,,,,,,,,,,,,, 
  [ 567681920760394448727479353 ],,,,,,,, [ 833122956435357109573939 ],,,, 
  [ 459242956567 ],,,,,, [ 5416323091275399854779511 ],,,,,,,,,,,,,,,,,,,, 
  [ 96516086764205169319132502838372361 ],,,, 
  [ 11929504526338043, 1508293246530438107652909095990131 ],,,,,, 
  [ 2331186112267909554532658442493 ],, 
  [ 15861492313269017, 163958606529335549, 4620854547885727331, 
      23023515119921780054514561413 ],,,,,,,,,,,,,,,,,, 
  [ 460621506209, 668694406253090201 ],,,,,,,,,,,,,,,,,,,,,,,,,,,,,,,,,,,,,,,,
  ,, [ 1211441953 ] ];
