BRENTFACTORS[857]:=[ ,,,,,,,,,, [ 158390101211, 262800732547 ],,,,,,,,,,,,,, 
  [ 35225513665324697101 ],, [ 130170009048992011230247 ],,,, 
  [ 34479578569753 ], [ 9722976929 ], [ 1144487191, 2134985448221011 ], 
  [ 86126796881603 ], [ 2569956072488651715528647891 ], [ 384470184601 ],, 
  [ 2939673393929 ], [ 11180431237 ], [ 1440095441 ], 
  [ 2844177914413918867, 119439919577172541231, 78194346039820176344925641 ],
  , 
  [ 4158088603367, 90653485338011269, 1304671185672545143, 2416146584939430260\
94787795579 ],, [ 89118059491, 28116708887738071 ], 
  [ 3949199959, 1107343286096473 ], [ 25992391033346259411771553499449157441 ]
   ,, [ 1110024637, 50616911261009311 ], [ 127085717651 ], 
  [ 299807586873169, 63452655619241341, 9403347992018255617 ], 
  [ 208475767340683379332381 ], 
  [ 759677020783, 418373807707030518292876836602986837751276892751 ],, 
  [ 644684472936571, 5187376678305486281, 
      23437905531444813782762271136509019931 ],, [ 486586536643 ], 
  [ 29325527440159123 ], [ 17736216361289, 28347359096363239 ], 
  [ 224974058335148211181 ], 
  [ 107517021442489, 54845053756424448803740679, 96754425956963734064595796017\
37018949666700560662808881177 ], 
  [ 2958342463, 85543544953, 48969123853754693 ], 
  [ 15168341151318301547919193 ], 
  [ 77412943144084475201, 1165093920612154161135394817 ], 
  [ 145729733862470864859580259345272223164635271 ], 
  [ 465553493989, 2159244265391611201 ], 
  [ 26672911849765166444743, 197267729851706092655147, 
      27532863831369072692902170769, 180453539660351299342962533197893062093 ]
    , [ 11274035657, 9430735175863804305929, 376932311111702992613893 ], 
  [ 89622626613671563165450738411, 2565780300351853018663743326844397 ],, 
  [ 13201418939, 1709054951501, 13606812837282364144196136597601104823 ], 
  [ 267517436761, 10258240772685097, 6049943708745181393 ], 
  [ 12979026761250063750017, 686387355931124126795315853687911 ], 
  [ 945760311131, 194514645656477463103956421574820608891597 ], 
  [ 26682605334767939251, 219169710891138595501, 2923334647088626370101, 
      18911537068475588647303951 ], 
  [ 2981636659125053, 136397591991933189829 ], 
  [ 465196747709, 266863062504454416494587162259993881024258159 ], 
  [ 6644345896764577 ],,,,, 
  [ 168893770547994659, 9749709973081700266150155118524601015229066391671 ], 
  [ 3785708216893 ], [ 31225188941 ], 
  [ 1178831683090764803713, 8933067048608630223521, 
      4118683213610835751638716369 ], [ 7415021575778389 ], 
  [ 10868633161937 ], [ 27293047804681225399830190366031 ], 
  [ 1344939440227111, 16878072159029161 ], [ 3792436227487466420281652516831 ]
    , [ 26411119691174131848857948515356295009170448743757 ], 
  [ 1049785348814128422835973223033877 ], 
  [ 17770656103, 92705529809556331, 424926969335484636892563499, 
      7018158220251078112590572785219 ], [ 430944314149413915296743773061 ],, 
  [ 233425212545601481 ], [ 1535875859603, 18746740251751 ], 
  [ 8891777863, 574306121364325918864276663 ], [ 8651880101, 10098773701 ], 
  [ 408229597791283679828769589 ], 
  [ 1344108979, 29127903675895844322942406104795517 ], 
  [ 59757817053617741011548888024268986458705291 ], 
  [ 1639426498227279529, 8738005635445994338081086794973883440059473 ], 
  [ 1201518875341 ], 
  [ 1391552862989, 39131887706817767, 5834482751041397918119 ], 
  [ 8193980055593 ], 
  [ 42507310897, 2319442897748753911249, 419041378592360600796753253669 ], 
  [ 214592273594617527503 ],, [ 32226127159749285421 ],, [ 5915712107801257 ],
  [ 212164658203, 2473148092141, 33495969355753647165159897477797917 ], 
  [ 8551893021243521, 4021529406195392771, 700689207483073095181 ], 
  [ 82852117093427918548406561, 47040539005110993683520855901793 ],, 
  [ 158126101830561971159, 409483422721940685560563123 ], 
  [ 583029909650597113812997 ], [ 324374963761 ], [ 82337282303629 ], 
  [ 121063910626218584956493493178031602183 ], 
  [ 132628348243, 80275376958817854699279571 ], 
  [ 72453073607297, 475297108304277258793, 763454590334213903533 ], 
  [ 3463773855644251 ], [ 497226467151809059609824405243861850551527383 ],, 
  [ 423776861953, 15260814538824961, 20734737680134913 ], 
  [ 13603569189442699 ], 
  [ 341591250746977999814482182209672637719656145506571 ],, 
  [ 3961995421420873, 10776640124754786342064330189269754937293 ],, 
  [ 910229220954037, 5284285408371731869 ], [ 8851367534671 ],,, 
  [ 419703107371, 420400853616768467864557, 
      6739493824691916515420040625856859012073 ],, 
  [ 114924795274178838879824784671507170915179985793441 ], [ 25201953379 ], 
  [ 175875224661517261 ],, 
  [ 991005809617, 26110451475919184113, 16450651556274453714629151291110317535\
458632001 ], [ 1100857691, 55838293601, 746024767711 ], 
  [ 15140712022140134630749 ], [ 878996703859 ], [ 610990867813717 ], 
  [ 20837057342071, 96263495724842869 ], [ 1883789739751 ],, 
  [ 230909770994385137 ], [ 405761523459147118138048647913 ],,, 
  [ 1640752887853, 112737771137650811230332088751201839159604821601643288997 ]
   ,,,, [ 1627634981091250199613286144001 ],,,,, [ 5977961061870854789701 ], 
  [ 21096504905867, 496610206765670219, 48712016054536235117, 
      41571416600871580265587, 6291330775739303254863077625081267361567 ],, 
  [ 5845628986298641, 7858969580559817724639648027556504407358503225017537 ],
  , [ 118814026291 ], [ 743575701165067 ], 
  [ 2867592039048762663476101, 74470002246902530516074258927288860416677407919\
109 ],, [ 285387974503, 22946390234624593858567 ],, [ 282633024095384403409 ],
  ,,, [ 4295117702306263445132651125021 ],,, [ 4427340413563 ], 
  [ 8815989977, 221359925968326697 ],, 
  [ 450849895148466313925442553, 37256795488060096250177635411 ],,,, 
  [ 1298316826087861, 766037394556083530351 ], [ 857855085851301575887 ], 
  [ 4046819800363933609153 ],, [ 19652537173, 68080028509 ],,,,,,,, 
  [ 254314745983, 3364873844419, 13162197150882707 ],, 
  [ 1655765593, 1112323645666489 ],, [ 5864542248347, 42123436727420763409 ],,
  ,, [ 9621296791, 5688219209109987784520581 ],, [ 10835008573 ],,,, 
  [ 6507232022017, 30327529567065697, 802106647527218617 ],,,,,,,, 
  [ 77445140374337 ],, [ 15605175701, 110158431037, 4065839754593 ],, 
  [ 1052424973, 1391435604721, 604929348760125327817, 
      26756844948110909461282865681629453 ],,,,,,,,,, [ 24107778077839 ],, 
  [ 245600182955138251921 ],, [ 11553403313 ],, [ 8971168536749 ],, 
  [ 105717872802831222822631 ],,,, [ 220847543829001 ],,,,,, 
  [ 32501763738113 ],, [ 119281020031 ],,,,,,,, [ 3568630997 ],,,, 
  [ 317906095175371 ],, [ 648432275881009 ],,,, [ 42122763050019721 ],,,, 
  [ 10540013870568804147851921 ],, [ 72089873983 ],,,,,, 
  [ 5627979348769, 77548708764577 ],,,,,, [ 6658419979, 50946280760383 ],,,,,,
  ,,,,,, [ 1005671712691 ],, [ 3747558632357 ],, [ 9591533314783591 ],, 
  [ 20813705492737 ],,,,,,,,,,,, [ 61620085538533 ],,,,,,,,,,,,,,,,,,,,,,,,,, 
  [ 234989571409951 ],,,, [ 33650140123 ],,,,,,,,,,,, [ 58013183123023 ],,,,,,
  ,,,,,, [ 29712410731154719 ],,,,,,,,,,,, [ 23104619071 ],,,,,,,,,,,,,,,,,,,,
  ,,,,,,,,,, [ 1274691601 ] ];
