BRENTFACTORS[165]:=[ ,,,,,,,,,,,,,,,,,,,, [ 12426042763 ],,,,,, 
  [ 406534665853 ],, [ 7988451937159 ],, [ 653598048266304422503 ],,,, 
  [ 528474330073289949482561 ],, [ 205528201555568166391968053471626523 ], 
  [ 1611857879941 ],,, [ 36885637127 ],, 
  [ 775897397017, 2023497046379, 2105790605651, 898746618026021 ], 
  [ 2250401297 ], [ 67057595344063980991261 ], [ 4100890874348388583 ], 
  [ 18601320943, 2357633596933, 3566900908115725007 ], [ 337502845489 ], 
  [ 251895240703, 5332460971286289827441395985129 ], 
  [ 1367259996891200636551 ], [ 875988686790907, 9532563804630556843 ],,,, 
  [ 169185635894872081 ], [ 10841418275925161 ], 
  [ 5696747341741, 7312594006071396028849 ], [ 1049945596215153671216377 ], 
  [ 880962306153072422430435976812262409052607 ], [ 6095369281 ], 
  [ 80450428769, 93978568917619 ],, [ 24374560781341 ],, 
  [ 304282628475649331 ],, [ 1904322481890006436250455623088433564058667 ], 
  [ 1397087136115137984023079190021 ],, [ 127317813631, 1390785968111 ], 
  [ 2605698998191, 2071006298761818328013, 
      196046150945409100621308507361491726054138929 ], 
  [ 42069977492689, 45148838143537 ],, 
  [ 13342608597937057, 51810513991116755687, 78435361430631733589 ],,, 
  [ 434462771639359 ], [ 7030108411 ], [ 529656728609 ], 
  [ 139766860671121, 7329268383447001681 ], 
  [ 75565764056323, 3791720249534444367631958556605163902676803717359 ], 
  [ 7903032090661, 556781129846839444796960041 ], 
  [ 56327062684197733181582658649057943 ],, [ 3150164649739431527971 ], 
  [ 11242572139, 112515271117, 22880032276023382989279064776871 ], 
  [ 391117284043 ],,,,,, [ 6462896059, 1401929947081, 2288957374399 ], 
  [ 256473461897 ], [ 3733625971, 819075266600671 ], 
  [ 180701960737, 111964393724377421896609 ],, 
  [ 164481272569236286868125486867 ], [ 545210589529 ], 
  [ 163369277495701, 1164768440250335201 ],,, [ 3984395557 ],, 
  [ 14723507476231 ], [ 51862313132377652464494736354354563533741 ],,,, 
  [ 170365671961, 13576607503031, 11435850450412996848241 ], 
  [ 53527432194793, 1890502122278798851 ], 
  [ 642621725855873, 226080354913773169782793111223328649692701473 ], 
  [ 344857759082803 ], [ 15649259276871124939140720403 ], 
  [ 495205355276791, 2211579749313041, 847822912945114569222241 ], 
  [ 19653925029967153, 161083282679197019425525974097 ], [ 3216652687 ], 
  [ 265619622197213, 31610667919480733959 ],,,, 
  [ 2302440432199, 169601270953546005214006567, 
      1515976723208440274548162228294489 ], [ 3878903893, 78063364009 ],, 
  [ 19461550166057501 ], [ 3934213301971, 160966816697359, 930936285719442199 
     ],, [ 22763141761, 7988824036097, 10616966778113, 8705450401643777, 
      2693629546180233155034835969 ],, [ 247843629602292627176918366235931 ],
  , [ 190037459533739090685228169 ],, [ 7918853549, 157171497568794227143 ], 
  [ 1197639774809950309134099841 ], [ 1899304211292853811944639519153 ],, 
  [ 11990026639, 72886881866760301850076781 ],, 
  [ 1689225057949920121, 32001521272615839281 ], [ 361615528018332391 ], 
  [ 235129433172983948518191847 ], [ 1750291630517 ],, 
  [ 1558797271, 2044103861 ],, [ 11889511756113617933371 ],,, 
  [ 18656103080551, 9978868880073451 ],, 
  [ 104770986361, 370679599006151737, 20222653073882290086857, 
      385468646036550909617209, 114077596420785542833244198807809997689 ], 
  [ 15760689121 ], [ 1188959384537 ],,,, 
  [ 7201264250803852181, 7863772098958142426243 ], 
  [ 70106433913, 1778527992514297 ], 
  [ 35229735041, 6692718049441, 58118796111041, 149683997057019469441, 
      891293982154853691691664397856919041 ],, 
  [ 19105257394191752413570353650224176162796231 ],,, 
  [ 435419156312447354521, 13043017260429466648801 ], [ 39869787805004029 ],, 
  [ 11406279697, 13519305338058409 ],, 
  [ 25206890579365187649811, 2200180878933362231281591 ],, 
  [ 795136655720312204857 ],, [ 690766100162685697 ], [ 11630092309151 ], 
  [ 1345013060513, 40935048510606379009 ],,,, [ 18255809025001 ],,,,,,,,,,,, 
  [ 2066015633268906191617 ],,, [ 2554912479991 ],,,,,,,,, 
  [ 37998853227997141, 169592004295095232309 ],,,,,, 
  [ 533451936361, 542926834430183491 ],, [ 62857105361 ],, 
  [ 15604392509, 3778295605589, 2216709625455653 ],, [ 4449699578377 ],,,, 
  [ 5194258301, 212147291401, 202919361655408633834061 ],,,,, [ 62926819201 ],
  ,,,,, [ 13147492783822321 ], [ 9926408274617 ],, [ 892581645853 ],,,, 
  [ 243660746627337772552541 ],, 
  [ 19509757408226641, 978799196784422075125981921 ],, [ 16273872011 ],, 
  [ 17282153936561, 580162517278372558393 ],, [ 23351917865600767 ],, 
  [ 25434804113 ],, [ 16861848352657751, 405195019119770372542886251 ],, 
  [ 1025286151951665646930441 ],, [ 3872940720228037 ], [ 13784552642941 ],,, 
  [ 121134456587905837, 75562630724185973191 ],, [ 21568109800789241 ],,,,,, 
  [ 446067692659 ],,,,,,,,,, [ 688198304293 ],,,, 
  [ 771602295521, 86159361562114661970241 ],,,,,,,, 
  [ 147229343580673, 17873450304321632917712329153 ],, [ 3063724721 ],,,,,,,,,
  , 
  [ 137285222274601, 733196188841101, 6026840168985718801, 6615111733013248170\
1, 9621118703489059977755545378270201 ],,,,,,,,,,,, [ 162394825633 ],,,,,,,,,,
  ,, [ 1411675453 ],,,,,, [ 1020143230921, 7041633400561, 1998730920239670541 
     ],,,,,,,,,,,, [ 127806586399 ],,,,,,,, [ 6200571301 ],,,,,,,,,,,,,,,,,,,,
  ,, [ 1467124372213, 545776759273117 ],,,,,,,,,,,,,,,,,, 
  [ 7017363081301, 27360701016871, 249381812359291 ],,,,,,,,,,,,,,,,,, 
  [ 1677740881 ],,,,,,,,,,,, [ 255870928459021 ],,,,,,,,,,,,,,,,,,,,,,,,,,,,,,
  ,,,,,,,,,,,, [ 8911165338116581 ] ];
