BRENTFACTORS[173]:=[ ,,,,,,,,,,,,,,,,,, [ 72729208787 ],,,, 
  [ 2072300569987, 5923995047755591 ],,,,,, 
  [ 528723276495023, 9271231438769561 ],, [ 4854707261 ],, [ 677892797538001 ]
   ,, [ 4274940658078231 ], [ 14988225349 ], 
  [ 744136349882720858968514849269339181 ],, [ 218596991731 ], 
  [ 39775045694293321 ], [ 2454745656476801159071222911093409271 ],, 
  [ 32825550787, 10224760471914089 ],, [ 2803300251931, 356291131097530621 ],
  , [ 5072725893084029, 47224889324238623423513666903368163685067 ],, 
  [ 9665523449699670731710127 ],,, [ 894090897662345011467437 ],,, 
  [ 559103449898549711, 1195966738038283359698427461 ], [ 5157635884969 ], 
  [ 450739419761227 ],, [ 9295642724980644980943552449896043819 ],, 
  [ 32808883307, 2066396385999248783278487147, 62310480873651123931099975309 ]
    , [ 148211072479740341 ], [ 231470658728927059659211 ], [ 9304027140481 ],
  [ 77343754207721, 7262701366763977169042721611, 
      1602534441473183559153909222491 ], [ 29579527099 ], 
  [ 9023469149, 26990985913, 503478967409475669463, 
      12720009949832968361667241 ], [ 3818484859141 ], 
  [ 28824742139128518632587 ], [ 523860001421 ], 
  [ 1299257969, 28215303875129503759859 ],, 
  [ 127420897459, 7736864098563122333431459640556695759468149, 
      601649107871017251234310644697477030850598989923 ], 
  [ 3708608177020689127 ], [ 10506734485989751, 15373593395482721251 ], 
  [ 73076286380353, 1588813835331177420137 ], 
  [ 28567579657, 992928880637, 21741082257350181126941 ], 
  [ 1387861876408489 ], 
  [ 378921174083, 1438723170617, 195837875314791455506141987587650332824606130\
19498797 ], [ 24280973479727761, 843144151772293793381521 ], 
  [ 548458272058234411814629691481917573071 ], [ 3412332900056386172026873 ], 
  [ 25881200109680858309 ],,, 
  [ 1257653572517230687642817, 500684192938133943143427241 ], 
  [ 28534013690388667395218493943, 2522653635038641518574573758014967058987 ],
  [ 6110011491830489 ], 
  [ 609906903282683, 117918242118042845660785179819961938887765930964474420466\
8228659033 ],, [ 1942987229 ], [ 81767147875969289543908922557 ], 
  [ 25640033595075337, 874529572839203180565182302464061, 
      1226473900722023874104001124941913 ], 
  [ 368591931364415729, 2533511556675366476851371767047 ], 
  [ 2901718594470320026829551 ],, [ 2232488563 ], 
  [ 5693204720376373403579750137 ], 
  [ 2855604313, 13993225489, 23474787139, 3379456274153220535364184551689 ], 
  [ 10263346801, 501186277089448931801 ], 
  [ 4895084014967, 2576006478221939979533167, 
      29341892490219871854913860342469 ],, [ 19669221137, 6786024538141 ], 
  [ 15533378903988817, 86275437452934449497596516875895670279230073 ], 
  [ 32659716271520731, 1192227059941100484169692227671 ], [ 1471194883 ], 
  [ 270995970139483 ], [ 538528974206833, 183203504088464093459447100349 ], 
  [ 140023541309679093586563642819791 ], 
  [ 439260745991, 4855431202332188111352922954081, 
      298019986728758653840829022871424801 ], [ 2743779253 ], 
  [ 323554437137, 1034930864241457, 13731243662308134717217 ], 
  [ 3031753975115375475149027564664736630919 ], 
  [ 519645175410813383317, 1199307201624896469751 ],, 
  [ 1477382017956023303153 ], [ 1600272181 ],, [ 11960448193 ], 
  [ 719613146667527446750921 ], 
  [ 20323743221, 157703137637, 166445812677319297 ], [ 224159035155678187 ],, 
  [ 3112317188702306181087489925100698384762313 ],, [ 3928871255450653 ], 
  [ 3091890348593, 1476306412890988538955673661, 
      32618602230071298138437949821600038588687297 ], 
  [ 158877542160087041, 1441689532875412538880435073, 
      69172775177379946370944538369 ], [ 2657394067 ], 
  [ 16088127511, 17257671754099531691 ], 
  [ 171784212549126770817521477859771749186689 ], 
  [ 1926080058968612257857961, 11780625427976466122885986933 ], 
  [ 15198474550421 ], [ 993287500823308158314589653021 ], [ 347499223961941 ],
  ,, [ 7047080595179819573724490278172011230787104923 ], 
  [ 45091187963280335778058247 ],, [ 11035507129 ], 
  [ 3857876113894612721, 2508216354372141059402435441 ], 
  [ 493121552205311173 ], 
  [ 1799194753, 94435941601, 1730369604086179117693881205129489 ], 
  [ 15002860291 ], [ 1438652903 ], [ 29176311277, 254063701164032971 ], 
  [ 194349278976313, 178079707942342417, 667747281192626522112679541, 
      15197025355012756580167114252100129 ], [ 3338812187306927609448299 ], 
  [ 100489713122301494456032420100781142201 ], [ 13666260852903384769 ], 
  [ 37414854569, 10445675987753, 1693861129082059596929504199297809 ], 
  [ 440551896771619 ], 
  [ 19846035133, 46292354879, 8829555173166134638203421890827 ],, 
  [ 102361578229, 1551032164409677, 358063637702914215645504045817 ],, 
  [ 27051007978607, 640043823361837, 895673693518633005934910758488103 ], 
  [ 367540721059 ], [ 988331095908937306516157670721 ],, 
  [ 9929247207837877, 16387554447845644397780044639, 
      503319913851863080087998890167 ],, 
  [ 6212238994496999697981275857057887471915388837 ], [ 123963289273416451 ], 
  [ 331486757549 ], [ 353290558109 ], [ 47290904641, 8747864057990569 ],, 
  [ 13697616719676148549307831359914768221 ],, 
  [ 57082300154921, 6692678899137197, 1386593003352579850620433 ], 
  [ 161297590410850151 ], [ 181484423025517, 1079918352981513334416707815351 ]
   ,, [ 1203979219227601697 ], [ 34885157269 ], [ 22243942229063 ], 
  [ 65202865252428647 ], 
  [ 56841303061, 4797260427702172695796006741, 10794869663465996959940976781 ]
    , [ 21530402218727 ], 
  [ 44777002476467353, 34353174725159945131387, 585291657420136275036051557993\
051539 ], [ 3192765627199 ], [ 7727666830558583775657476881007515841 ],, 
  [ 6249169411, 3652832594079046631047, 
      10459618206114661235584205636502543838078627 ],, 
  [ 27618525589, 16781127711920064484885525529 ], 
  [ 113529591631, 3289431978757 ],,, 
  [ 10874467777, 492437213066876481334916233460310858241 ],, 
  [ 10528835807995501, 14136684150653909681 ], [ 1657710189721 ], 
  [ 7619133089 ],, [ 6621972679840435729795982259361 ],, 
  [ 5431779601, 278027714801, 4916034059201 ],, 
  [ 39448847651, 836781407033071, 4734212481429241 ],, 
  [ 99760635967933, 6485778359029571991908013877 ],, [ 62583493939223 ],, 
  [ 25393562897, 118754342151329, 8781847364155405489 ],,, 
  [ 7674503988537233 ],,,,, [ 72382140122965620660793 ],, [ 12524118967 ],, 
  [ 37264873141 ],,,, [ 31029830164229569 ],, [ 40467056699, 151863936042473 ]
   ,, [ 8613519814894081, 5216164204076712116536795633 ],, 
  [ 2432843067537991, 71282967588133844891 ], [ 1082776927 ],,,,, 
  [ 147216418160619193 ],, [ 65605918561 ],,,,,,,,,, [ 55214870227241 ],, 
  [ 18313624001, 398196997001, 9447813316801453218922751 ],,,, 
  [ 5891985677, 304155444013 ],,, [ 3366002503 ], [ 197264686276913434951 ],,,
  ,,, [ 7620430744124036257 ],,,,, [ 10200157628249, 10545674570410964371003 ]
   ,,,,,,,,,,, [ 108549491681, 2114281367801, 57357821610601 ],, 
  [ 95678789274580950881974963 ],,,,,, 
  [ 25932891579841, 428250780113145569379649 ],, [ 5730117334391 ],,,, 
  [ 12741360956860931179 ],,,,,, [ 91298234634896701 ],,,,,,, 
  [ 29180696657033 ],,, [ 4082268963245714641 ],, [ 1270734207271049977 ],,,,,
  ,,, [ 168964507019625601 ],,,,,,,,,,,,,,,,,,,,,,,,,,,, [ 1157933155501 ],, 
  [ 4583686451, 2778100248701 ],,,,,,,,,,,,,,,, [ 2835758119, 5283954811 ],,,,
  ,, [ 547331277000457 ],,,,,,,,,,,, [ 28956206180225281 ],,,,,, 
  [ 2111186611, 3166341361, 57847247251, 38588731954840912506481 ],,,,,, 
  [ 57145376499358753 ],,,,,,,,,,,, [ 45836315281 ],,,,,,,,,,,,,,,,,,,,,,,,,,,
  ,,,,,,,,,,,,,,, [ 216027919351 ],,,,,,,,,,,, [ 97555202912257861 ] ];
