BRENTFACTORS[230]:=[ ,,,,,,,,,,,,,,,,,,,,,, [ 1202865445169, 64473182055041 ],
  , [ 190932721501 ],,, [ 20880608869 ],,,,, [ 1843696009 ], [ 2981489717 ], 
  [ 24615928166971 ],, [ 2512390344356987 ], [ 1291875589, 3648509429 ], 
  [ 32485593817, 1667973026617 ],, [ 21257295122607627541999171 ],, 
  [ 15955281581 ], [ 6862376489, 35409577262621 ], [ 2165379567879570426271 ],
  , [ 1149005617, 24395823234917 ],, 
  [ 174272173624276393, 295913647600269824015126111 ], 
  [ 62610886951, 1641516427951 ], [ 85625026387, 1033929424887283 ],, 
  [ 83056192517, 256983400075027, 
      13032662783814679413118507349753536095035977 ],, 
  [ 59308162808869685119880861094720008571931 ], [ 14325915093034935948377 ], 
  [ 1509314971 ],, [ 52831199423, 2466086609065873753752435511839625643 ], 
  [ 2865736499881 ], 
  [ 177733614349273891, 148482702180595471398493141, 8335619976884660954114824\
549 ], [ 9288747995642902795985839 ], [ 75119311881187743257794852989985297 ],
  [ 711273199037761 ], [ 2290899001 ],,, [ 6473695251870827993 ], 
  [ 201927706766727459664362157 ], [ 75919537471 ], [ 1074676307 ], 
  [ 133256694817, 933210441310681 ],,, 
  [ 1081700300990857386464754417329325876001 ], [ 32558709859033801 ], 
  [ 13589491817397199859, 24813832079807027709787650547, 
      149034534649116992555661329739097491401 ], 
  [ 8717329141, 252405106282135171 ], [ 196486579354434207439 ],, 
  [ 111502757562087817, 2098267034688391569747388003 ],,, 
  [ 317338414000416526899034141 ], [ 13703593411, 20026802687715810870637561 ]
    , [ 1277629426498047149555983067 ], [ 4977053197 ], 
  [ 116968684953436403033, 14732371572415572827180617 ], [ 40075702489 ], 
  [ 17692466307661, 138022438049373781 ], [ 4611707138221, 40022855297153 ], 
  [ 8187247249891001741 ],,, [ 198681187591, 161710271687159764527559691 ], 
  [ 1122866821729, 83616356081149662913 ], 
  [ 22164984613, 359890554689, 3281493775395049669331 ], 
  [ 610660348649930538542591, 4389389222959592510237466287 ],,, 
  [ 173204816300212781663 ], [ 11694459223, 443721043632343 ], 
  [ 4509914329 ], [ 121894717361 ], 
  [ 4814409181, 67674762121, 771422510251, 281765946182266037731, 
      2042573601518515950571 ], 
  [ 2736135707, 684157322464262724493187353079, 304858734933805575278965909869\
74439803 ],, [ 11605363669 ],,, [ 277046969372779, 550622395941647795069089 ],
  [ 48096372702270582317761434449 ], [ 788164472748241 ], 
  [ 18725797340305952355878485207 ], [ 308701730971 ],,, 
  [ 121713126671081306753712218597 ],,,, [ 120875048737 ], 
  [ 15946665666132471169, 333501876854164738067187124177 ], 
  [ 109277969327561, 1081893189316551101873 ],, [ 1921643329494576562813 ], 
  [ 361378326773 ], 
  [ 30255539201, 2832383831297, 1586272664607094984521520731649 ],, 
  [ 2040679381261, 157117217782981 ],, 
  [ 1752425119873421709766249, 417924948477385351123659689317 ],, 
  [ 253173849793 ], [ 10357129261, 88270185700838926658204371 ],,, 
  [ 1215968583625580452822695036156013 ],, 
  [ 883998893976906563161940341, 30380938997490871466552743897045166428741 ], 
  [ 14032461149461, 5650850322473009833 ], 
  [ 39250866113633, 9505590521278032123727, 1095048464106797763280087, 
      1296653978704162458306673, 9018927185584491282961521588413 ], 
  [ 1157112529 ],, [ 111681645671 ],,,,,,, [ 105571636807680132289 ],,, 
  [ 30490278781 ], [ 61254404278741909, 2806121996303837987539602670261 ],, 
  [ 38637046187, 275840597429 ], [ 24139106203, 3072532011569029 ], 
  [ 27996219961921 ],, 
  [ 234841258961838235214826434911, 927464682256700821514037780511887981631580\
7547 ],,, [ 143759019463621 ], 
  [ 7919723664725787571, 38854322474056683960731 ],, 
  [ 23132867963521, 342574374339121, 276175546580537017 ],,,, 
  [ 1022099733664873499415731821 ],,, [ 5242411651, 12240340351 ],, 
  [ 289503301044086953 ], [ 20331370266331807, 1669249787557635081805141 ],, 
  [ 142484657736528114691310582126082876541 ],,,,,, 
  [ 4301017664273617141, 1385943180519559612189 ],, 
  [ 1212411061, 1352530657, 1671077293, 18920371625741, 69163110612183761 ],,,
  , 
  [ 52968158209, 40637985599041, 2720902647538880449, 37886896280637000510721 
     ],,, [ 1355191811088961 ], [ 1263426389, 433345580637061 ],, 
  [ 10015510151989, 13070805253507, 1389993181538174988614390305063 ],,,, 
  [ 1524177056749 ],, [ 3384050797879729, 7978519028188321 ],,,,,, 
  [ 2229206701, 690275325811, 3561195014371, 821518035191983291 ],, 
  [ 17895716567741, 3196072591468189 ],, [ 15403851951130778627 ],,,, 
  [ 1232580721 ],, [ 240992251432440832721 ],, 
  [ 8963249956914241, 199906668373166655940135843 ],, [ 42276803077809217 ], 
  [ 2789234184007801 ], 
  [ 59279068439, 9877589010239, 21437543576809, 49683116654231 ],, 
  [ 18773810867365453, 21989685618516464846223469 ],, [ 4109709001 ],,,,,, 
  [ 2998964816261, 4489112731613 ],,,, [ 73300824362581525205117521 ],, 
  [ 488550041893 ],,,, [ 143207451626047, 2478586772913193 ],, 
  [ 2065953225641 ],,,, [ 639035413101196713001 ],,, 
  [ 45415593331, 415601236861 ],,, [ 231106816333, 8512051843022848999 ],, 
  [ 32487536826856229821 ],,,, [ 144637483844041, 32428728883307752467341497 ]
   ,,,,,, [ 33112995331771 ],,,,,,,,,, [ 662408046632066134121 ],, 
  [ 3279600910200529 ],,,, [ 50425840759009 ],, 
  [ 450576433729, 62999120205793 ],, [ 7031789295628694111 ],,,, 
  [ 16595767567 ],,,,,,,,,,,,,, [ 459567371417309 ],,,, [ 4682293201 ],,,,,, 
  [ 1154546383, 8410056462013 ],, [ 432579134953930241 ],,,,,,,,,, 
  [ 27813752425069711 ],,,,,,,,,,,,,,,,,,,,,,,, [ 4172148067 ],,,,,, 
  [ 29712887524234441 ],,,,,, [ 21948752821 ],,,,,,,,,,,, 
  [ 13659856687, 4077315251731 ],,,,,,,,,,,, [ 2979215851, 63354124861 ],,,,,,
  ,,,,,,,,,,,,,,,,,,,,,,,, [ 45108166167541 ],,,,,,,,,,,,,,,,,,,,,,,,,,,,,,,,,
  ,,,,,,,,, [ 721125618666223 ],,,,,,,,,,,,,,,,,, 
  [ 67819039681, 71447571422401, 5209051933184161 ] ];
