BRENTFACTORS[4243]:=[ ,,,,,,,,,, [ 2898233119 ],, [ 46414701737 ],,,, 
  [ 6823682837 ],,,,,,,,,,,, 
  [ 108465554406833556189091, 9140800157417319511670268460005533 ],,,,,,,, 
  [ 10047591291494381, 13524711774161380139 ],,,, 
  [ 12142797109431200491289, 1275357205951939830190617405831207539 ],, 
  [ 196096342151, 789969200281649, 20670122031198181663475556288727367 ],,,, 
  [ 55763066717, 86840454654500419, 23401046180395700657 ],,,,,, 
  [ 11424918607, 9100915265929, 53278881599598632156868413 ],,,,,, 
  [ 20144379483667099140191, 10288647907406852639485312493 ],,,,,,,,,,,, 
  [ 32974113941 ],,,,,,,, [ 1428711209, 333038294027042147389 ],,,, 
  [ 140494795541, 57022229918569 ],,,,,,,,,,,,,,,,,,,,,,,,,,,,,,,,,,,,,,,,,,,,
  ,,,,,,,,,,,,,,,,,,,,,,,, [ 54490496966709883 ],,,,,, [ 1005631262563 ],,,,,,
  ,,,, [ 517331179510693 ],,,,,,,,,,,,,,,,,,,,,,,,,, [ 112880336917 ] ];
