BRENTFACTORS[367]:=[ ,,,,,,,,,,,,,,,,,, [ 21916622172737, 4754315418213677 ],,
  ,, [ 124290076472977788767 ], [ 5210195161 ],, [ 3201328729 ], 
  [ 74812554442063 ],,,,, [ 1709429569 ], [ 138234004261 ], 
  [ 222140031664721 ], [ 13118391880861, 133574189794781611 ],,, 
  [ 31659530981481200150741 ], [ 2781750769201, 20580157856081539 ],, 
  [ 251314499089069347761959951974151392873751673 ],, [ 70375897356563 ],,, 
  [ 4070298944987736793 ], 
  [ 395936485099, 57883927673279223764209652430762739855926487129 ],,, 
  [ 5558125855121201 ],, [ 14618248217 ], 
  [ 2956070443, 8154855124301257, 1973327012045692483, 3705528690175301291 ],
  , [ 6471323101, 965153852641930339278885888543368563337351 ],, 
  [ 3107805871, 84966825350956777497622183 ],, 
  [ 12389786940617, 3975464799773349713, 
      3878294192600624025835353270352664157369109001 ],, 
  [ 7611694689420559656400803641610367670290191267638649102999265633 ], 
  [ 2511506293, 17447384351, 2396861828749, 2690669559007 ], 
  [ 7999045391575509674611913209 ], 
  [ 194316434897798653057, 3865025343011541068275885121 ], 
  [ 336285673751, 3433597232060602286199658648129799619079693983151 ], 
  [ 4220710957 ], [ 115583201810858430421 ], [ 4135911645175030482587489 ], 
  [ 27808481293 ], [ 7206363641 ], 
  [ 833841760804672002182281193011816848442853591 ], 
  [ 1725321635783558232769 ], 
  [ 1033213431903797864144219, 95550307444413646950874640885131, 
      395065299438655512061822543440762482293119761771 ], 
  [ 395026851949, 42582853580902296112519 ], 
  [ 64479342764967849398935764151, 845188727798173364448245518351 ], 
  [ 1772077686389, 509010482267421387440727059033 ], 
  [ 293018338999, 763836010871998219 ], [ 2449441764721111291 ], 
  [ 258044263637 ],, [ 848677011316605827491087 ], 
  [ 116011361237, 16014394869335372129539 ], 
  [ 1609758081813409660237474004470187 ], [ 755241335857 ], 
  [ 53880222281, 6217252583595783428953389759191064221 ], 
  [ 99282937619, 67476305709528587, 44662033844698453872620800943527 ],, 
  [ 7854752390915921859173071025826948605761845490321 ], 
  [ 14561220659033, 213312800249555984571546773962290341 ], 
  [ 65970823141, 55947789867914821081 ], 
  [ 11686361235823, 5312865089613901, 518427862934875349, 
      456189606657579876408427658831168485452905069123588727841607 ], 
  [ 13121749997412377, 4909054174160227063008308648389193 ], 
  [ 920616843077854943141731, 1768266957741420993389887, 
      52769308431952220121868956947495698549 ], 
  [ 38897769860665235659, 1780493051721401275446634511105957754335041 ], 
  [ 18214009873910950721371, 94216808764843332980543449482403551581053621 ], 
  [ 253463597473, 5937471816193, 2207045274896353, 7760600994858529 ], 
  [ 2614694616554314616807623, 446473002191299647227861063 ], 
  [ 5021970590821923965047084770733636901 ], 
  [ 1693298021274778694923611083225650628499170814703 ], 
  [ 3036760301, 1367906300451585101 ], [ 44967657938286524748497 ], 
  [ 73242964309397017 ], 
  [ 55292370208721, 284991109075007, 398294407378990712243, 
      1088552148312613364151988298407625798603085347 ], 
  [ 59757227916272861952680873, 2598397223718289298815321065073 ],, 
  [ 9574195743737, 18178288374504793 ], [ 53189591844401 ], 
  [ 426757804741, 238205421583419133 ], 
  [ 2509072309, 237906359907382822753667, 37633416649366406479088696326579, 
      385248205816478266940191203040133 ],, 
  [ 4140748462345377367, 3397383108441771670884456439 ],,, 
  [ 4668774158999826621533680152644101 ], [ 110837020401700579521583901 ], 
  [ 824822950849142112449, 934666411659682488013237 ], [ 432568023967 ],,, 
  [ 153696093361, 10668859034161, 693892005181353834841 ], [ 51707658843259 ],
  , [ 54901678809989189257, 45072688115436038291467, 684665115625616929730989 
     ], [ 39070087897 ], [ 6456338846166334751, 402833327026055774326406251 ],
  [ 871317430577247657870694894249 ], [ 11571756994852360902854593 ], 
  [ 4513907654657, 22028360868636351388014647041, 
      51895926920946715773528242214907790921729 ], 
  [ 8788766649404679145528219 ], [ 794885065651, 436795145831201 ],, 
  [ 72068989416994556234511946614446975614969 ],,,,,,, 
  [ 124137343679396230494887 ], 
  [ 98469082673305261, 1635976613969724461, 2720452526203075126496496212173881\
0161 ], [ 1216090672987, 260420600100523 ], [ 261034018934334697 ], 
  [ 793713226879 ],, [ 4076973701 ], [ 970358452891764983 ],, 
  [ 6031760877498049, 4866578109725101097 ], [ 39886129295671531 ], 
  [ 9086856901, 568631231162963812717599631248001 ],, [ 2247166156241 ], 
  [ 18934957477 ], 
  [ 5204017688379937509271873161017, 28372658577763280985850100101464733266164\
01582701238140111 ], [ 5273899181 ], [ 991506590203636711153 ],, 
  [ 18416463787190820776058563 ],, [ 42221876847624739361 ],, 
  [ 8952135312808943530246355783914807632811 ], [ 4518726548994121320539 ], 
  [ 9080619157, 2111140042961, 216573670348897 ],,, 
  [ 8282361062820518712769639 ], [ 473946411457, 12368205495647060977 ],, 
  [ 949727575661, 13080532614090819641311, 
      171540902235167941447624787625284191, 
      20205557296318039178639190224214063791 ],, [ 157075153745759453 ], 
  [ 388298485469 ], [ 29100484067071, 66800236046836684242711424443480652957 ]
    , [ 11493168089180051 ], 
  [ 4848698831681, 14430643592228514641, 3254861732173975074799836497 ], 
  [ 134194468068289, 155801918930179 ], [ 606068131342037053847311957112627 ],
  ,,, [ 6831086263, 1596272790971840437, 4814259142910679032663 ], 
  [ 423126647245339, 6552711274252543 ], 
  [ 3375081473036561, 227910533263699142066371911838822464661001 ],, 
  [ 2161613916829, 1717513403439746510569930868344567283071 ],, 
  [ 15626050646697935909, 17747019066214540008659420664232410730093 ], 
  [ 3535849423 ], 
  [ 3177371756976470771, 5915400836453982241, 311947644396493520578077641 ],, 
  [ 409866107545067364613601417407297, 
      2633153718599322164913046883813387124224963713 ],, 
  [ 769498231279875513494152567, 1737547435518756618697215029139127444421 ], 
  [ 1170318241, 714412173931 ], 
  [ 13098330337, 3864656143657, 85764462132049, 107821209068077339155943666157
        , 34845390468346374681321041494913, 
      9209851817125850089278686982014672221279439749 ], [ 19232647939259 ], 
  [ 66468873241, 158485832803, 8465523384643105276214422588328562990433 ], 
  [ 7267832130715319 ], [ 5388029337601 ],, [ 851591308313, 430857890340139 ],
  , [ 974051189329 ],, [ 35121301333608871 ],, [ 1238411827238353 ],,, 
  [ 7121335667 ], [ 4628042476637115431089 ],,,, 
  [ 1006163014159252513, 514074641438042998777 ],, 
  [ 4275124753, 16443319793447 ],, [ 1875909641, 1645280936252395330241 ],,, 
  [ 157371724847 ],,, [ 13771733447161, 140199450258283438571 ],, 
  [ 10638835681 ],, [ 113743486124161 ], [ 1611968359 ], 
  [ 9033027881, 37828901443673 ],,,, [ 7681436561 ],, [ 8648302153 ],, 
  [ 31749116881, 343382542140593981565601 ],,,, [ 232770786800677 ],, 
  [ 17367914143, 2023196959219 ],, [ 4879475799635369 ],, 
  [ 8720444801501, 29645755149386006990765118751, 
      59446296720650756370838694512038414751 ],, 
  [ 8034697204311608535959361073 ],,, [ 72826519981, 438959956471 ], 
  [ 803707713793 ],,,, [ 190062892501 ],,,, 
  [ 68569822729, 8860115621281, 6865006550263753 ],,,,,, [ 41617911341549971 ]
   ,, [ 26667459361 ],,,,,,,, [ 137115418833523201 ],,,,,,,,,, 
  [ 173172219071 ],,,,,,,,,,,,,,,, [ 1402054612921, 255916721185813 ],, 
  [ 829709957077 ],,,, [ 933402509565553 ],,,,,, 
  [ 420832826447851, 165214572328708009 ],, [ 7696707299703361 ],,,,,,,,,, 
  [ 504217713781, 1450862905858411 ],,,,,, [ 11090025409 ],,,, 
  [ 11580339821 ],,,,,,,,,,,,,,,,,,,, [ 25064251620481, 55702881903345841 ],,,
  ,,, [ 244407470851 ],,,,,,,,,,,, [ 166306162343077, 1565531251268923 ],,,,,
  , [ 613173690429697, 3958707170237569 ],,,,,, [ 4759404781, 527772275941 ],,
  ,,,,,,,,,,,,,,,,,,,,,,,,,,,,,,,,,,,,,,,,,,,,,,,,,,,,,,,,,, 
  [ 44823686584834831501 ],,,,,,,,,,,, [ 1258010409580387 ] ];
