BRENTFACTORS[931]:=[ ,,,,,,,,,,,, [ 20916143509 ],,,,,, 
  [ 2740005041322516180473809 ],,, [ 431967022741 ], 
  [ 42100844644251936285735591738809 ], [ 2756106601 ], 
  [ 32327082301, 4723321376401 ], [ 6533251533251 ],, [ 1329124141157 ], 
  [ 12793890683251, 40289327364940551055426847 ],,,,, [ 14001871398239 ],,, 
  [ 5535345559, 9934899971, 47390834907191, 95993107502561, 
      75718040337536732078346839 ], [ 658800416034810017 ], 
  [ 62495268729005204977 ], [ 2804338561 ], [ 7455118316674841 ], 
  [ 5443578112939 ], [ 21552521283774839 ], [ 1797964697 ], 
  [ 88950443740647326191 ], [ 3896319187, 9067936439, 84632450823161 ], 
  [ 121451611199, 68349647358199932195782232023446499294445480271 ],, 
  [ 441758214159119571044522381 ], 
  [ 5937649351, 755496916651, 33928911774601 ], 
  [ 56378355737406869596819513 ], [ 103051248516616973, 38705332630779684481 ]
   ,, [ 531157221103893877 ], [ 30622523471 ], 
  [ 95236103201, 15095983071286657 ], [ 306511285470987932617 ], 
  [ 22155512699831971 ], 
  [ 4726625743346239, 205547563328373300323, 18533545712833600942096072373, 
      550377814390783976302673443793385857 ], [ 11856664346757832501 ], 
  [ 58856813557, 10352299513837536545545123721 ], 
  [ 826740164568255904773991451161 ], 
  [ 631976534513870735071, 15204017963415878265061, 
      1891538394060941701329369737917 ], [ 23004038209, 40053686826182593 ], 
  [ 2324860201, 1352747857304158901, 6423463047889579121 ],, 
  [ 27890300005873 ],, [ 50105571550333288369, 985132855707465685441076371 ], 
  [ 8620822981, 47231441838211 ], 
  [ 4659540857, 9925532587296088269460643, 517847469529542127348018403 ], 
  [ 507225394729 ], 
  [ 89258764824569, 1471764654066084460725283, 4087258254773102423335037981479
        , 253489324585910385409437537338677 ],, [ 446671453070121476101 ], 
  [ 267108643832335743118009044910978900988599153 ], 
  [ 7944010188344120320424474159407267 ],, 
  [ 169207587777881, 2422979905703458821431059 ], 
  [ 183528175857258301361, 6836354402910723334279374732160961 ], 
  [ 4581901729 ], [ 261709023192440701 ], [ 5940563483 ],,, 
  [ 407947694327, 126580780977071, 682842106472916952273 ], 
  [ 252003600223, 277762327247137 ], 
  [ 7131427935078322617002449, 501918935063965711744645063554651089 ],, 
  [ 23730105712861, 1847444221728455851 ], [ 84441173159645399138134549 ], 
  [ 13021055850523492570992397 ], [ 13499681539 ], 
  [ 85046470682870343155366487299046918274298976883148578651497547 ],,,, 
  [ 23549846785574678969, 192302158463910309193, 19535427620840369830159 ], 
  [ 381539223510391, 82553026564704994548031, 11073521236840309917497719 ], 
  [ 19520217401, 18028243050001, 15588357059458135313779096936247533601 ], 
  [ 42264157819313, 6831947450997281 ], [ 279422502202641151 ],, 
  [ 644587955918427769 ], 
  [ 896813192941, 297506389333765007815168345590498933935815261 ], 
  [ 4255025150633753, 509940110257286050802333025379 ], [ 2002751721671 ], 
  [ 81958804298641, 807669041521393, 27940705786360153, 
      1328412899453890018069117 ],, [ 13365201851, 287704212889457487012451 ],
  [ 1308301723, 36144020029461711038266183 ], 
  [ 18517849697019697361, 381339881868451384636577, 
      4762231955674758892142299457 ],, 
  [ 2446397701213, 97904500671245826116650570853489489340367 ], 
  [ 19770371281, 5940912007841 ], 
  [ 49914691956673, 14776897378918841, 1316315495918950903554221, 
      234098197260052154462989637676099985945373 ], 
  [ 61730417737, 6338225026211327300203543 ], [ 308592766642819 ],,,, 
  [ 231725425427 ], [ 228611841737197, 22306678588059803806085299 ], 
  [ 3573173554846293661 ], [ 595262822959272156751 ], 
  [ 516479738325938886502459, 843820130876142284053692528272563 ], 
  [ 1127395342361 ], [ 189310855854059393, 2581298986261836130868993 ], 
  [ 35766471889, 23292641407226953666537 ], 
  [ 7513864272375232261427681641, 91581341310915386302264351415150350678334651\
81 ],, [ 103939280677, 164989670124973, 186056265369020990618794719337 ], 
  [ 2501912477 ],, [ 83287388161, 274658681123815501 ], 
  [ 20011642493294953, 168895579954917721 ],,,, [ 13322065457585921 ], 
  [ 84242584782909881683 ], 
  [ 83638443751, 290152693500149514324890471, 1357922264936740725885659239, 
      14536952089881949880944959767 ], [ 3587225071 ], [ 1225026759169 ], 
  [ 1531400955342241 ], [ 4243364500380491, 12825671108917369607401621 ], 
  [ 1780968679651358552409601 ], [ 21499954969, 6773635476357479627059289 ],, 
  [ 28261781697917926672511313508412846851 ],, 
  [ 2966864202754333393, 55854280982289573473 ],, 
  [ 15549998613970082790067, 128801084399675846117653 ],, 
  [ 6795960140005540508307889, 59373358815282982500493744321 ],,,,,,,,, 
  [ 1706993704441331791 ],,,,,,,,, [ 65450696623903 ], [ 6273985901 ], 
  [ 1175548177 ],, [ 57403919719, 198214347679, 95393656658897 ],, 
  [ 620038298570401, 1063581925339012131361 ],, [ 9140027930846359 ],, 
  [ 1006287772668708173537 ],,,,,, [ 41262829151, 1527364332288035981 ],, 
  [ 528664959383667748749811393, 2002493357960062284365693377 ],,, 
  [ 11176402381 ], [ 42347518921 ],, 
  [ 16656544873, 2354689039033, 17068694624587 ],,,, [ 109783569031 ],, 
  [ 6054454172658720745453 ],, [ 4119375409, 3777529931641 ],, 
  [ 40798249688561, 11423626434769121 ],,,,,, [ 116725189320527 ],,,, 
  [ 1776450483087280751 ],, [ 5532196986338881 ],,,,, [ 39531449701 ],,,,, 
  [ 2649971339843694431, 775849653935238719776871 ], [ 5102309983 ],,,,,,,,,,
  , [ 13437145349, 59452521787429, 1044476017421760089, 62826226251862680487 ]
   ,,,, [ 5016041353 ],,,,,, [ 16928781157, 6701740044873085801 ],,,,,, 
  [ 39435293916619, 3373260394803226743468157 ],,,,,,,, 
  [ 88032516461, 499588241279, 1350774602111967633371, 4129766533028996996221 
     ],,,, [ 61583923354666878745651 ],,,,,, [ 4529985793, 72044407179697 ],,,
  ,,,,,,,,, [ 2930923588897 ],, [ 5299574551 ],,,,,,,,,,,,,,,,,, 
  [ 8778441920557 ],,,, [ 17110116914281 ],,,,,,,,,,,, [ 4790723617 ],,,,,, 
  [ 1533587212741, 1727370917020321 ],,,,,, [ 243942475071121 ],,,,,, 
  [ 2338523705647, 13533363329653 ],,,,,,,, [ 4153557101, 92522272248001 ],,,
  , [ 12034152000762228499 ],,,,,, [ 1127696761 ],,,,,, [ 9219685303 ],,,,,, 
  [ 912433129384269061 ],,,,,,,,,,,,,,,,,,,,,,,,,,,,,,,,,,,, [ 1325795798857 ]
   ,,,,,,,,,,,,,,,,,,,,,,,,,,,,,,,,,,,,,,,,,,,,,,,,,,,,,, [ 1922658296329 ],,,
  ,,,,,,,,,,,,,,,,,,,,,,,,,,,,,,,,,,,,,,,,,,,,, [ 5314153591 ] ];
