BRENTFACTORS[9547]:=[ ,,,,,,,,,, [ 56212414303, 88271489483 ],, 
  [ 29652350517941356609 ],,,,,, [ 9500748111951029 ],,,,,,,,,,,, 
  [ 5678823825902858677903799 ],,,,,, 
  [ 864923874393745679, 11349499125453494527370028524250811 ],,,, 
  [ 160961392421, 3468397697017270313 ],, [ 557857218241, 25295109304819 ],,,
  , [ 184734423053080657 ],,,,,, [ 160986930207908231391873149 ],,,,,, 
  [ 4760394283331, 14304496367947560239051 ],, 
  [ 3060429293, 260143734234240651001 ],,,,,,,,,, [ 9611616208451649851 ],, 
  [ 2134814629, 107552572139 ],,,,,,,,,,,,,,,, 
  [ 37687346562953, 24208571638656073 ],,,,,,,, [ 51749678287 ],,,,,,,,,,,,,,,
  ,,,,,,,,,,,,,,,,,,,,,,,,,,,,,,,,,,,,,,,,,,,,, [ 2523390908563297 ],,,,,,,,,
  , [ 5978205049343 ] ];
