BRENTFACTORS[1181]:=[ ,,,,,,,,,,,,,,,,,, [ 33278932378973, 4008661634676707 ],
  ,,, [ 2776156351 ],,,,,, [ 20930298274999589159, 28053996915197104135716209 
     ],, [ 36093451994861 ],,,,,,,,,, 
  [ 1457051701889501893602103, 2437068857380488063520610075843 ],, 
  [ 32378570685163, 89713248103422359209138648677615521901353786499571 ],,,, 
  [ 9708784361 ],,,,,,,,,,,, [ 225589089990320552248725156305556573101 ],,,,,,
  ,, [ 39047897973492887705783 ],,,, [ 1197836599, 2167743317 ],, 
  [ 235795727295593 ],,,,,, [ 20008914338576677 ],,,, [ 272545143070030837 ],,
  ,,,, [ 1542862883 ],,,,,,,, [ 1420635958812395383 ],,,, 
  [ 956140213017007409 ],, [ 42515356380361878711823 ],,,,,, 
  [ 87094401745193732191783999237 ],,,,,,,,,,,,,,,,,, 
  [ 1726824716322884443504586747, 49529690264520550344338483229117871 ],,,,,,,
  ,,,,,,,,,,,,,,, [ 20309781353870545457281 ],,,,,,,,,,,,,,,,,,,,,,,,,,,,,, 
  [ 4871291838467269 ],,,,,,,,,,,,,,,,,,,,,,,,,,,,,,,,,,,,,,,,,,,,,,,,,, 
  [ 44468957653 ] ];
