BRENTFACTORS[6427]:=[ ,,,,,,,,,, [ 6931776941 ],,,,,, [ 10122569575007 ],, 
  [ 138191049053, 1153410231503, 161185584942331 ],,,, 
  [ 24857844413, 342497986332979 ],,,,,, 
  [ 825800233486960049206216576752487, 277313935643178764561714293632758515372\
058936879228251202466767759 ],, [ 3679117326853, 377934304264607 ],,,,,, 
  [ 1530739660612983682797133654301150326759, 
      936731283796920944149860691436040639338166397, 
      85477146636468643827126448091640325981234850906149627 ],,,, 
  [ 3207691337831041 ],,,,,, [ 2692021034161, 17824848702257 ],,,,,, 
  [ 71642174951, 7252122679363873 ],,,,,,,,,,,,,, 
  [ 209228272949, 2425086388891223749, 838884571935920494519, 
      2789622703350784513486128259822927 ],,,, 
  [ 36963266244129181335501389879 ],, [ 182260538539 ],,,,,, [ 1335668959 ],,,
  ,,,,,,,,,,,,,,, [ 1449695863012876160167 ],,,,,, [ 243938664248221713203 ] 
 ];
