BRENTFACTORS[594]:=[ ,,,,,,,,,,,, [ 3702776950913 ],,,, [ 17925956680027439 ],
  , [ 2885880196259 ],, [ 27537132174047371, 69949865070831061 ],, 
  [ 53392906718128790999 ],,,, [ 1636404920862823 ], [ 7407812413 ], 
  [ 5626556128187, 546692235038457877081 ],, [ 6635845106975723 ],, 
  [ 2788372687 ], [ 148455003727 ], [ 1399830516511351 ],, 
  [ 19511013161, 1745680928903, 13786616044651, 50831646813029 ],,, 
  [ 7879140041 ], [ 3534353062031563, 31628001018413209 ], [ 1739355098083 ], 
  [ 1137695039600869856686759417673332871200583192191 ], 
  [ 10122251984574682163873113 ],, [ 717478272332837 ], 
  [ 13883001396587, 5433628136003757265501 ],, 
  [ 22770933760974757, 27175289665309381, 115846832152332583, 
      3243615000971976641196452099 ],, 
  [ 1569150559, 9609377773, 87690228244081 ], [ 23224555433, 311279075017 ], 
  [ 1084427852111, 17281125229762572335542039134244547976717269387 ], 
  [ 17711752411 ],,,, [ 62479253581 ],, [ 4894719901 ],, 
  [ 35175411577, 3242010697007 ], [ 186565972573 ], 
  [ 17017636485761, 114922949814857499351337716568193 ], 
  [ 407092761494515626041319405202730253311 ],, 
  [ 1385088596443, 17597743517843, 614757203949589, 24950796216171919, 
      341815345542669739687 ], [ 2865649133, 50296639604837 ], 
  [ 9791071072697616295501 ], [ 19943740267291 ],,, 
  [ 940715108971111, 604680325776562523, 1562276487291706008084707 ], 
  [ 3873190073627206249, 176337546664143793317315658459181 ], 
  [ 906428302474083345001 ], [ 244934150540567729 ], 
  [ 20905008449241134405466660522072565019 ], [ 2000883847, 2207572459 ], 
  [ 31276663607173 ], [ 5708663730432241 ], [ 123930873157457053 ], 
  [ 62504511217601, 175157294247673, 48928857828968160683 ],, 
  [ 25823988966981525331942837820677 ], [ 1422725581 ], 
  [ 19151274486222088118940336433991 ], 
  [ 3609775948622456694262579, 2052468146970469216380448161181 ],, 
  [ 10228284889481 ], [ 51151723648378310336671 ], [ 5010878114219343110473 ],
  ,, [ 1689391634717891974509581581 ], 
  [ 1644019651, 17279055811, 33297937951 ], 
  [ 7681812018277781907978349448352900769 ], 
  [ 15380469187, 33037168309, 2961681128706580509289 ], 
  [ 36114021581591137647996987763 ], 
  [ 3869348671, 3011692247790515738389766233 ], [ 24785705801, 117632094001 ],
  [ 1276148862447492169 ], [ 96160195123, 5637246155453074981909 ], 
  [ 32195498176189 ], 
  [ 1024855394557119911286005548057873, 15617089153878251208152911466963386199\
3489 ], [ 1156361021131, 3968977911237966061 ], 
  [ 7235513149, 5839663486058865622107236173 ], [ 8514278052989 ], 
  [ 1924833950942401, 106787142322520797 ],, [ 8166407318156404360891 ], 
  [ 27181181389 ], [ 724328470267697, 594840837942913633 ],, 
  [ 90837936308741213183089, 179901540208014874529422252063 ],,, 
  [ 127931416467193 ],, [ 2872063812857, 3094178579017 ], 
  [ 8385258361, 431276135610241 ],,, 
  [ 746347111798248682597717, 11375466044563348507967347 ],, 
  [ 24881151403066001 ],,, [ 1987855089140394546433 ], 
  [ 31751384206889944758550360957 ], [ 79648949251 ],, 
  [ 21426125821, 53142078397, 308307968444136541, 
      1186171137212150956138648729 ],, 
  [ 12474817917803, 313185382003039752469608740355739 ],,,, 
  [ 776100992256292289827 ],, [ 72345248081 ], 
  [ 1861643334457, 4120758140193507427 ], [ 1770715861 ], [ 2195539061 ], 
  [ 879294917299806270828403777 ], [ 1573542611 ],, 
  [ 4446580069, 254972500777 ], [ 189910516642455634873 ],, 
  [ 317561109023495702791602163404451 ],,, [ 1326335581 ], 
  [ 2240400030913263597841 ], [ 1648721981, 1251326874241, 418701738017071 ], 
  [ 437256385288153817148673 ],, [ 8063322389 ],, 
  [ 143228952161, 151523776961 ],, [ 66384184752641043538687 ],, 
  [ 397717364813, 20286954469469, 2137939806752553380513 ],, [ 1556113706531 ]
   ,, [ 207293214919842160537 ],, [ 3508318431991 ], 
  [ 2297470843, 23485242385909 ],,, 
  [ 6935806804579, 47157248212339, 3767859786576133, 1347851504713101439, 
      1325999758647115125787 ], [ 271564986328879951 ],,, 
  [ 7100481839648207682433, 2237192966181801558839351 ],, 
  [ 111431314085272201, 
      19982095001035885758984703514986537698621657058137497761 ],, 
  [ 5467535652876389 ],,,, [ 1719438499 ],, [ 6654019549 ],,,,,,,, 
  [ 8388761781213878729701 ],, [ 4292922547 ],,,, 
  [ 3922172627957, 474010349082811666041937 ],,,, 
  [ 6455650661, 43777363906651, 2856408223151317 ],,,, 
  [ 1010023141, 32355504167596681, 41311817735315035475491 ],, 
  [ 82982589882051317 ],, [ 4294734971 ],, [ 322068154683114577 ],,,,,, 
  [ 2113566339639229, 68121295250780231143 ],,,, 
  [ 8259888229, 1271052866729141 ],, [ 15656303515223893 ],,,, [ 3295969249 ],
  , 
  [ 6091375560033840037183, 15490724532495876923221, 1808036130739247472542130\
49627 ],, [ 28949978873 ],, [ 97298988893959091, 2719335546586111699 ],, 
  [ 901018979521, 234568186898328339951361, 4728338858827508786153041 ],,,,,, 
  [ 205436831221, 2441295674029141 ],,,, [ 193394599001, 123468730171001 ],, 
  [ 76983409336177 ],,,,,, [ 87997665385393, 103052498680587950761 ],, 
  [ 54989508364668541 ],,,,,, [ 3659362799 ],,,, 
  [ 3365471971, 303504752556957374212501 ],, [ 32106425761, 2744893480663729 ]
   ,,,, [ 104346150712753 ],,,,,, [ 249001872295074480046320409 ],,,,,, 
  [ 15082620769, 7649631830916289, 6163221116559639697921, 
      28248829095338782792129 ],, [ 28866371771 ],,,, 
  [ 7357351749889, 2066978628478300321 ],,,,,, 
  [ 2895198601, 429859196589001, 229649080458212690367520201 ],,,,,, 
  [ 11893214170351 ],, 
  [ 16658965093, 2438890152469, 5007614705941, 907537431184856564401 ],,,,,,,,
  ,, [ 128743437194077 ],,,,,,,,,,,, [ 931065885305161 ],,,,,, 
  [ 13022640479857 ],,,,,,,,,,,, [ 235347955991977 ],,,,,, [ 208615436274019 ]
   ,,,,,,,,,,,, [ 26576627743, 129161468537527 ],,,,,,,,,,,,,,,,,, 
  [ 237695318527873 ],,,,,,,,,,,, [ 333414087138001 ],,,,,,,,,,,,,,,,,,,,,,,,,
  ,,,,,,,,,,,,,,,,,,,,,,,,,,,,,,,,,,,,,,,,, [ 5875030708009 ],,,,,,,,,,,,,,,,,
  , [ 3745238881 ] ];
