BRENTFACTORS[3541]:=[ ,,,,,,,,,, [ 1528569276631 ],, [ 1057176251 ],,,,,, 
  [ 6268608838279370248440583 ],,,, [ 185723617879591499 ],,,,,, 
  [ 520931266909599553244568110858139385305983 ],, 
  [ 244420576112611, 32260607398969786752420348604091 ],,,,,, 
  [ 32255226639504820037961580910957 ],,,, 
  [ 1019018477750481827, 886769376242817295230494621875727, 
      34317321729876469270325553657712815689711 ],, 
  [ 133627739164251516703420261233395705900908222317147141369605907953 ],,,, 
  [ 106778224114729, 
      7499220292496002924519628051290602742608085270618923873015943, 
      2147372773886566616255324917485687740214173169843839513071245389 ],,,,,,
  ,,,,,, [ 46849844677, 4229579917498561 ],, 
  [ 210065033015753, 210289055063377, 50596865084248808209 ],,,,,,,,,, 
  [ 579760915221897234725240197623737911 ],, 
  [ 540334104957304597, 299509220562753227178469028447 ],,,,,, 
  [ 21886163884342305299286424133 ],,,, [ 1607006188117894707442063 ],,,,,,,,,
  ,,,,,,,,,,,,,,, [ 34861364448437441, 43798430145148978985903831 ],, 
  [ 18160864034838739 ],,,, 
  [ 688340223172477695593, 111418473018449488195340567 ],,,,,,,,,,,,,,,,,,,,,,
  ,,,,,,,,,,,,,,,,,,,,,,,,,,,,,,,,,,,,,,,,,,,,,,,,,,,,,,,,,,,,,, 
  [ 295776799861681 ] ];
