BRENTFACTORS[359]:=[ ,,,,,,,,,,,, [ 88231988599 ],,,, [ 85001215236190499 ],, 
  [ 78340988604947808931 ], [ 2270254381 ],,,,,,,, [ 247914738569 ],,, 
  [ 73573224793, 150313645123 ],,,, [ 61508845506932111 ], [ 5105575297 ], 
  [ 344168681633855228459, 8640792428793467546767 ], [ 428694846901432980703 ]
   ,, [ 591644825811841 ], [ 5838593522643353 ], [ 2869983439 ], 
  [ 9992768281, 8409744924643965674222238023051411 ], [ 6626243058161 ],, 
  [ 10857246229517 ], [ 8091877219630402227877, 4538007545509620072293553823 ]
   ,,, [ 26728917663117301 ], [ 695127087799, 70928313151567 ], 
  [ 14434590073229 ], 
  [ 1290286406544529, 5969344550859113925671, 11874574746807841463395140129250\
81 ],,, [ 661486042102265801 ], 
  [ 1510434907, 4359210438766425355193096573662381 ], [ 51011085899 ],, 
  [ 767958015301 ], 
  [ 2891126755392208738851573245222369825691004299386688544420255843 ],, 
  [ 25458688902781, 33511699959173622105319 ],,, 
  [ 5650979712709, 337520087167337647 ], 
  [ 3209333101392211, 32434721651405369, 3844428235353814133, 
      95993604957588163961, 768972894412415504952582589725707621287 ], 
  [ 15491474129 ], [ 25249625975479517397271, 29068624705027167583819 ], 
  [ 223182383923759331 ], 
  [ 469020977642479363481, 78513998330952940230510771751, 
      4298475904979997032726885422089957067858243 ], 
  [ 2378159392883473, 76597453132640641 ],, [ 101839100688300341 ], 
  [ 2559240796951, 42486484589850202835169451 ], 
  [ 1573225081, 223039942923735053, 132738493217708193534852233 ], 
  [ 8726063809, 14280968363047, 323746060930832371063, 
      4180203774015654014838965304417688589 ], [ 641417829784946293 ], 
  [ 1319892800399081, 366269321409491813615973533 ], 
  [ 270753122517693041, 227216962375110228179761 ], 
  [ 3861801623373395949268713873487 ], 
  [ 482095552129931, 46228921949294755457532334367 ], [ 190100972779 ], 
  [ 1565394769, 1978294081, 554263507477 ],, [ 2205779687, 23960890087 ], 
  [ 174836397200389, 3015797528699252005339491253612340835810427 ], 
  [ 33978143057, 315012112801 ], 
  [ 4615889973346556167672813, 14913113444108581115146413354359437812623 ], 
  [ 191466571712208713262361 ], [ 582015396200237615697454994713 ], 
  [ 1322405705779526469775918077071825643643000217 ], 
  [ 85034429524902736438679143, 
      116081109721036677324804731146602753392759507646787492129 ], 
  [ 1406762965740274393, 4170906438242169391471705697207220629 ], 
  [ 27048893767291025046782918731 ], [ 3694547516866885153 ],, 
  [ 232458823327571, 14750238858476827192991464395920665083874937 ], 
  [ 1368133465852891, 293682244910308602223757849049259 ], [ 607961064748501 ]
   ,, [ 8166011784019, 15058229614102632993103 ], [ 19475114928532694988859 ],
  [ 3445202198823841, 17813743197872111756047385167898116492776848184002497 ],
  [ 29186151218911, 3027592364524959099751 ], 
  [ 1673589481, 2369231552234497, 1808416288701795629, 
      14792713911403592178542399734379443 ],, [ 21860301468457 ], 
  [ 226233567664597466179732942536011 ], 
  [ 448006263101, 259878842214021092986829820674748011 ], [ 159195987538453 ],
  [ 370629517777, 1673692833849310149284655756721 ], 
  [ 1475421113, 145112589656883803, 
      226191496498085452273926630089962347427223 ], 
  [ 149144001397, 15751880792035493701 ], [ 5033724556382276949251 ],, 
  [ 497523040596037 ],,, [ 259277414234401 ], [ 642516127199 ], 
  [ 551805154297, 166307650314804164657, 7408070261710148372789626457351917 ],
  [ 1255420345730379902383, 7346411119894044733429 ], 
  [ 682100089462745064144820609, 
      756450604063475763768205993937710695580426343916301823215289969 ],, 
  [ 75410158181401, 88093896716953 ],,,, [ 32348248158071, 489735490976551 ],,
  ,,,, 
  [ 1086025978995582294617913377, 43813817494107588764469785981595871952447993\
042709955169 ], [ 1880663683623559147 ], [ 3696102674546629 ],, 
  [ 5741007240647124595280957800261141 ], [ 47876895005575897 ],,, 
  [ 15735889297, 167674507057186013089, 1245878340568522995147295488459121 ], 
  [ 2104763161, 127299788094571 ],,,,, 
  [ 4371350064159151, 21448983881208001, 355369709061389251 ],,,, 
  [ 6055358196912291499193806171178955015505873068085067 ], 
  [ 48182081622811 ], [ 59004356384394947842993 ], [ 9173313510733 ], 
  [ 1427909018988436224149130408277138823, 
      3539623743788766699776659310133564041, 
      15731237427910889377346316550421835434554464891193882307773 ],, 
  [ 3794008481 ],, [ 4668194593, 75976282093357 ],, 
  [ 352628731190126007389, 581042491607180041484083279333536680329 ], 
  [ 4953114136613281 ], [ 1726538341456746073110287416725293 ], 
  [ 4165024568426784031 ], 
  [ 1794883504786322359126033, 6968642878558070894301011470801 ],, 
  [ 114822289303661, 42011462481414768594049747389868010389885113521 ], 
  [ 125165501579341 ], 
  [ 509134246417, 5174036433757, 8727674333439312304954794681322049 ],, 
  [ 54896084695447, 22485016653372935711111071 ],, 
  [ 1191492458948881, 13059625900355422851218498213857 ], [ 4288836733 ], 
  [ 3294954598358057, 15582557581451744431316957 ], [ 2399158921057 ], 
  [ 25947843497473491593285903778473821 ],, 
  [ 2782789932520417, 44885602169032105946921 ],, [ 56971716313 ],, 
  [ 39984544807, 22219150975213, 1080813826682198268292219 ],, 
  [ 129076673213, 15066634835030454923008587571567977721454849 ], 
  [ 30094423129 ], [ 188241551883234673829307986037885676021 ], 
  [ 32814175296283, 564389656839739 ], 
  [ 15304269173090497, 1713354053869421247169, 
      800761809112297506065358234365014081 ],, [ 33021487082964277603 ], 
  [ 4681558831 ], [ 23466479076326595901002289561666131884429 ], 
  [ 155527476859082149 ],,,,, [ 1458300505666789, 3289123869195322021 ],,,, 
  [ 85745665571 ],, [ 120233628309078766617617 ],, [ 1311461248192111171 ],,,,
  ,, [ 1429792561, 775978491017089 ],, [ 9348939276337 ],,,, 
  [ 6249616573, 11657679541, 2598799313043673237 ],, 
  [ 8072443372045556747611201 ],, [ 1369046303, 1560919930475663 ],, 
  [ 124003281368408177173, 228336418363206070683067381 ], 
  [ 7869263704826533 ], 
  [ 22657468655551, 11553495372621464242751, 44414664383280420451531 ], 
  [ 826399029457 ],,, [ 2389003579, 12108640051 ],,,, [ 2276660106542170343 ],
  , [ 3775118280481 ],, [ 2557840297 ],,,, [ 30495714838327, 129321308923057 ]
   ,, [ 315541041433 ],,, [ 449251667783 ],,, [ 1268679641707 ], 
  [ 10951254481 ],, [ 26636047650293 ],,, [ 2008064501, 9620139101 ],,,, 
  [ 628132395234913801 ],, [ 56020975753 ],,,, [ 2196428559841 ],,,,,, 
  [ 4390742659903753 ],,,, 
  [ 237873853970761, 462438016926280921, 28998140524854335521 ], 
  [ 37410952805661103 ], [ 24623421637, 50501429971 ],,,, [ 4385969017 ],, 
  [ 12268613842733089 ],, [ 13922670031 ],,,, 
  [ 2661265363, 331755070467978361 ],,,,,, [ 2440362501808848379180832101 ],,,
  ,,,,, [ 1217065140061 ],,,, [ 1165053015193984489 ],,,,,,,,,,,,,,,,,, 
  [ 9911633851351 ],,,,,,,,,,,, [ 10129535893 ],,,,,,,,,,,,,,,,,,,,,,,, 
  [ 1964751960697 ],,,,,, [ 84396023161, 629273082256453 ],,,,,,,,,, 
  [ 311551190664829 ],,,,,,,, [ 1169251201 ],,,,,,,,,,,,,,,,,,,,,,,,,,,,,,,,,,
  ,,,,,,,,,,,,,,,,,,,,,,,,,,,,,,,,,,,,,, [ 190975231987 ],,,,,,,,,,,,,,,,,,,,,
  ,,,,,,,,,,,,,,,,,,,,,,,,,,, [ 4955772511 ] ];
