BRENTFACTORS[881]:=[ ,,,,,,,,,,,,,,, [ 2652289777 ], [ 221870081353 ],, 
  [ 5018076718469 ],,,, [ 976905401931161333153401 ],,, [ 83785672309 ], 
  [ 3688507701774757 ], [ 1070364877 ], 
  [ 1664643954834551, 411270611905152655193, 1426131819142423567921 ],, 
  [ 390678749053, 6717798438765355761243393301644713 ],, 
  [ 1022034282193, 9211460190307 ], [ 15180818509 ], 
  [ 156485841245589452836586131 ],, 
  [ 790920915701153, 653621744208909830462939, 
      2659094078060673098322427397003 ], [ 1542210055068971372121593 ],, 
  [ 393533717255201, 5140695605166841 ], 
  [ 18475560369241, 9036643978919574772087, 230531403400405387416510631 ],, 
  [ 10513664463277646953669663, 226679153207636769749258287 ],, 
  [ 540215231041, 6337486325791 ], [ 3218093370248001437 ],, 
  [ 221268410777569 ], 
  [ 40931138539598413, 6504874306948748784700585783721956180708909 ], 
  [ 28316783958419378801 ], [ 607699892467 ], 
  [ 16422743741, 22502503817, 260788007133421 ], 
  [ 75534301995127, 120474416869381723, 
      84621887758515633800731313734282411726630078872419 ],, 
  [ 61651024735961, 447060729916563974959814881 ], 
  [ 23761878203617, 211156290607274809273 ], [ 55897256143921 ], 
  [ 54600255587, 114122349064639 ], 
  [ 1104929812364801849, 4418950180923698662966363, 
      1453684148568192194111362918983915631114951 ], 
  [ 459467686501, 24343950713101 ], 
  [ 48111746558934485838398711421499425330894761729 ], 
  [ 10818526999467303902301548896494300121 ], 
  [ 704831604247, 150917452998759973 ], 
  [ 108911491402576508146753598096270017 ], 
  [ 20204784962441, 961028374476301 ],, [ 1770935291, 4211720860509618191341 ]
   ,, [ 220107260839, 91142528818027 ], [ 11740576004921, 37562864568066601 ],
  [ 4294680653524149641, 9477677621063529618821094601284388273343 ], 
  [ 244393809553, 11763038683009, 715596962056633 ], [ 15283568192467 ], 
  [ 1142519893, 43254019573, 1528903368418821023047, 761457489368021318246819 
     ],,, [ 43181665425509227, 17974615017595807187 ], 
  [ 388161455839, 36636990556609 ], 
  [ 926876718993469889, 19447270344410339575536382232051 ], 
  [ 75901730928695398561, 899411891101285492081 ], 
  [ 1421445914191, 10693656138372472032787, 689335563564255451068937, 
      47873900721501040904333106607801 ],, 
  [ 1080408794157616421, 207739022427005624423543 ], [ 103966823437 ], 
  [ 8817031981, 675974135141, 41112539746151, 206319662875699330056031, 
      135467707696822129679917373751447661853507564791 ], 
  [ 64245958656235561, 379138420883175673, 193816398001034419504345889 ], 
  [ 14645898996280737553201, 17670287637227814741319 ], 
  [ 14464520408977, 212516605959164038489 ], 
  [ 4513732901, 1622259257639057, 27070533055992280062496161053 ], 
  [ 27285840975781, 40758997687021 ], 
  [ 5674132965875921, 490319607324535716876746963 ], 
  [ 16180740704285799888442770352228741 ], [ 3309600487 ], 
  [ 103310031505559, 146028985953000209 ],, [ 137785364184961 ], 
  [ 5305919207, 40793128841, 505489184677, 8370371336655559096298872069, 
      517489695463782272282483340202303147 ], 
  [ 8393705587, 570631590104181209857188078487, 
      192215305284136429559168373214579 ], [ 4495842451 ], 
  [ 54540117151801, 61942934144374001, 622207982440020601 ], 
  [ 10993221983, 13685371327, 18419000543 ],,, 
  [ 41998400377451363033162587534169 ], 
  [ 55418478582092314081, 2799693560889203392471 ], 
  [ 14041422403343869715483 ], [ 13843000667 ], [ 1650007275013 ], 
  [ 30147137597 ], 
  [ 6168930194131, 6402867351321381085793157635739793131265214771 ], 
  [ 1792403189503, 5569150137984558322850977, 1425472782181072512823398997 ], 
  [ 40527168641, 2772629441357680577 ], [ 91245975631, 186757310959 ], 
  [ 9938315615443, 12980209105410313508524240411 ], 
  [ 66944168196896101, 4181648536314735721 ], 
  [ 34989267444507553652329, 1437427981371907099482709, 
      1189524191145286207247882318264770022249209396098973591337 ],, 
  [ 4626319573028565333013 ], [ 14549951272711 ], 
  [ 25576598406361, 7592056740879092081011441 ], [ 156287607521 ],, 
  [ 751085338519, 7489933161072510080347, 37812182433138018613640857 ], 
  [ 16469438127104741, 798350287383382380312123580777 ], [ 3265025501 ], 
  [ 132720097357, 12771077525394230029883188695594215276107 ], 
  [ 1119292717723 ], [ 840989577177601, 28926978087044960402307329 ],, 
  [ 510198484669885153632273773629597066427887592621131 ],, [ 3376012333 ], 
  [ 7848559027, 240488861957 ], 
  [ 7403802891458435719, 38977248222974649051017883258613, 
      844663047932068085780509533450292003044761 ],,,, 
  [ 162198985033, 670816463242351, 1721729199269151217 ], [ 40863260311 ], 
  [ 2598043141, 66427572640330441, 
      20208373632798357707818754288508552303096721 ], [ 50102990761 ], 
  [ 1681198323001855721583061, 15414357070371485530118823881221, 
      21172429098562595727141334255718083 ],, 
  [ 17081403841, 2167767176217697, 3811329157757302002097 ],, 
  [ 2933284113988981601027239, 288656985055323846752313800013676913294539 ], 
  [ 179831892240349416901 ], [ 1137979555697 ],, [ 19025830234351 ],, 
  [ 16339665822711876377 ],, 
  [ 14802681598321, 159216910049429, 2779201461428393, 
      11863236411426153955741, 222090269905310392194410012825245633 ],,, 
  [ 3073841672424739250731 ],, [ 88659965061782377 ], [ 257964588481 ],,,,, 
  [ 56721307831 ], [ 405800428281347308757 ],, 
  [ 1178025033364932645162071719513, 28912726315621743273418121262182569 ],, 
  [ 8270410628074107968171, 869975024566040359568051, 
      173197958772332132133372331 ],,,, [ 112202886451 ],,,, 
  [ 5072793746464779299 ],, 
  [ 199072702911641724666541, 12284672427478241009392570021, 
      3774783527206002211825309447269519841 ],, [ 155016239975533630372771 ],
  , [ 55362254329, 26546376555001 ],,,,,, 
  [ 17664895838671, 85839759279386183023241 ], [ 66889726379208763 ], 
  [ 334329237329635976641 ],,, [ 2225221039081 ], [ 36399841297 ], 
  [ 272389701184501 ], 
  [ 3354353538427, 518388137074049510890117, 17519686839102631434217310071729 
     ],, [ 263606131229260023304801 ],, [ 42178451431 ],,,, 
  [ 127350052873579 ],, [ 1408835377, 159241277834461057 ],,,,,,,, 
  [ 55556621713, 6582276731377 ],, [ 30842112324458194659161 ],, 
  [ 39287444486401, 45025185985121, 92354038966892021881 ],,, [ 5349318203 ],
  , [ 14658056551 ], [ 13209856393 ],, [ 3137164950973, 23974900889948389 ],, 
  [ 1681514464709341, 1541447993373768881 ],, [ 47054445089, 1567851893369 ],
  , [ 2497408993, 1960910504518213, 1990937203976449, 67143318694367106420217 
     ],, [ 4715529440213453 ],, [ 5617955492857 ],, 
  [ 77106084481, 1364328314151841 ], [ 1067861843 ], 
  [ 59262234707336055011387 ],, [ 568353599075513 ],, 
  [ 1266319647346143405257941 ],,,, [ 824947203001 ],, 
  [ 9827623261, 4707697992733 ],, [ 3969562547 ], [ 2430888991 ],,, 
  [ 15967297241743 ],, [ 105903780002345718121, 2126383228654542835381 ],,,,,,
  ,,,, [ 3585994663591, 119329580064575521 ],,,,,,,,,, [ 49561672441 ],, 
  [ 571133821681 ],,,, [ 593339934331 ],,,, [ 27840972371 ],,,, 
  [ 103430381550369259, 48084512840369721070111, 720488967502437040671499 ],,,
  ,,, [ 8173035159509888401, 11209649488723557795458401 ],,,,,,,,,,,, 
  [ 639901273088137633 ],,,,,,,, [ 1024988161 ],,,,,,,,,,,,,,,, 
  [ 67715354004481 ],,,,,, [ 4837185086707 ],,,,,, [ 527653609393 ],,,,,,,,,,,
  ,,,,,,, [ 96952024207 ],,,,,,,,,,,, [ 23341419106867 ],,,,,, 
  [ 1116454198900993 ],,,,,,,,,,,, [ 1170017331913 ],,,,,,,,,,,,,,,,,,,,,,,,,,
  ,,,,,,,,,,,,,,,,,,,,,,,,,,,, [ 1037783251 ],,,,,,,,,,,, 
  [ 1734809539, 224205153193561 ],,,,,,,,,,,,,,,,,,,,,,,,,,,,,,,,,,,,,,,,,,,,,
  ,,, [ 3848271811 ] ];
