BRENTFACTORS[4523]:=[ ,,,,,,,,,, [ 16592866973 ],, [ 3302078779117 ],,,, 
  [ 39796178040043679 ],,,,,,,,,,,, 
  [ 4068230897, 1348816252835382925002184014347902232539, 
      46331679228656479989363446569061506048577 ],, [ 32732886449991451 ],,,,,
  , 
  [ 1795352777, 34339725916472092309, 609930253982836920612631, 30544685564431\
4698352421295291300851889, 34299732388596938295977766158746976105243 ],,,,,, 
  [ 303900130261122231825068380493 ],,,,,,,,,,,,,,,, 
  [ 6248397309279607805144663 ],, [ 21033902886871613384527738937 ],,,,,, 
  [ 1145111404334959 ],,,, [ 41940589639836914184272612219 ],,,,,,,,,,,, 
  [ 1554066805019, 31010340719417651, 6939103490589869568407175289 ],,,,,,,,,,
  ,,,,,,,,,,,,,, [ 35923742430991 ],, [ 147073061479 ],,,,,,,,,,,,,,,,,,,,,,,,
  ,,,,,,,,,,,,,,,,,,,,,,,,,,,,,,,,,,,,,,,,,,,,,,,,,,,,,,,,,,,,,,,, 
  [ 3211282423 ] ];
