BRENTFACTORS[113]:=[ ,,,,,,,,,,,,,,,, [ 1556610373 ],, [ 1813514509 ],,,,,,,, 
  [ 38152567561789 ],,,,,,,, [ 11693052047111 ],,,, [ 7171607587 ], 
  [ 1366378910521 ], [ 17529954671, 17143164331547, 4856427277793409769997999 
     ],, [ 165235987687195303394389411 ],,, [ 3299209457566339 ], 
  [ 188312690249, 4570021719935861177 ],, [ 28556180840869549868701 ], 
  [ 4011216270906751 ], [ 3027708331, 10747896355767206294842177 ], 
  [ 3285898097 ],,,, [ 1326659041 ], [ 1011285269717157271 ],, 
  [ 68862157148324461253 ],, [ 3462184606921330478520512959 ],, 
  [ 6717179602981, 864581984843843210679379 ],, 
  [ 995786623119144837699741628061 ],,,, [ 36665003250233552508323474400283 ],
  ,, [ 3732344290729 ], 
  [ 2762847878363801220852658980798107, 12847735937184070986514427410992456721
     ], [ 25689402076363 ],,, [ 7686735673, 39767554107471302341543713680051 ]
    , [ 2276056537 ],, [ 13133085615761, 2248573592066401 ],, 
  [ 3918642285635820420075471588146161 ], 
  [ 286266933948103, 319335269808562417381759 ],, [ 1147245267580001 ], 
  [ 210063599503613717584349208941 ], [ 35237253421872200319439159355927623 ],
  [ 68471251201, 6892526166857, 81483787135814758993 ], 
  [ 270722143327122473830764733, 2061853265286203730921634367 ], 
  [ 5567217661 ], 
  [ 112655811112872213660179161, 1639021077403493327811136613351609 ],,,, 
  [ 49642574258140291, 250480269695070379121, 718041658049004786901 ], 
  [ 8147560358913326621857 ], [ 2264603475326737 ], [ 543065187181987 ],, 
  [ 4144204301 ], [ 58122231439, 110722182876097607 ], [ 141527779909 ],, 
  [ 221461092529, 104590639924159793 ],,,, [ 94690318368705013 ],,, 
  [ 32795969847609164037811435709809 ], [ 235880249262374004442423921 ], 
  [ 34314816732569, 785192800256197898644431714786031, 
      70739255769077616674066085318030811655932920203 ],, 
  [ 27462644744046016134811 ], 
  [ 147172974757153616329181, 4703073092364943033388508061 ],, 
  [ 8229460303, 1875079776917545010876287885520464233887208323357 ], 
  [ 407073618499443319552787 ], [ 110705136481, 5815772856612756841 ], 
  [ 4129078440653 ],, [ 1618914173063167 ], 
  [ 97691757979387263955746458013778693609 ], 
  [ 1697165297038705751, 1366985843169821666251, 2808647210056515890386501 ],,
  , [ 90474354422523935392897 ], [ 13443718747 ], 
  [ 6713707443477451, 246401088131843426953081 ],, 
  [ 37657345177, 193336996691488189 ], [ 8518978867771 ],,, 
  [ 1717178977, 257670534217 ],, [ 2466018463, 259751622917869 ],, 
  [ 7671437969021, 316069370020178818161100501 ], [ 30885943207302865022839 ],
  [ 302227381224479, 149300222851181833145370196156274777681476871965424203 ],
  ,, [ 1427149741, 3236484101, 174217971516916001 ], 
  [ 8841168148997, 315785186832740836122317947, 
      10958922784596320189013893003461 ], [ 2889521161664410309 ], 
  [ 992467797557, 547658034417440547947629, 
      8627433125280580258089127583168025227393 ],, [ 58538558042551801 ],, 
  [ 26064777767657, 
      22643595973050496701467304658994211478060923777657691782169 ], 
  [ 1064887269031 ], [ 129435086145069929497315649221238009 ], 
  [ 31658456741, 2122883330641 ], 
  [ 1982813262424809361, 254413551560471564977 ],, [ 4610276980261633 ], 
  [ 43257123739 ],,, [ 4546268494024188109003703853629016167641 ],,, 
  [ 309892937307173551 ], 
  [ 538560656252430179, 44675480784951780913, 6252186671587234940898841951 ],
  , [ 1743761352313 ],,, [ 29085018555511 ], [ 1366062119353154863907753 ],, 
  [ 327241957513685753131817325810109, 
      258579557252865531160685165059055583157 ],, 
  [ 1021089161359034815438761639776945681 ], [ 11374998457 ], 
  [ 131190051498700905064614868612353977 ],, 
  [ 1054694915885935299708404508087182438566134841 ],, 
  [ 114019563864251271731929059637, 
      307475131479709826851846241661682014844354659137279 ],, 
  [ 79518172513017473, 350868162860139707111993, 
      13765450204082090326757003623033 ],, 
  [ 1709331993209989731624527138877176985587557 ],,,,,, 
  [ 16370313206778185393186100748027465595594079094039301429132353 ],, 
  [ 1716772543, 35617487874683499857, 7960254423672822441383551307645129 ], 
  [ 1795109941, 1413680227291144118281 ], 
  [ 103403883073, 44801075740045156740349 ],, [ 1583316533254896851444975701 ]
   ,,,, [ 28200440069719 ],,,, [ 2828538628903733 ],, 
  [ 12567639606241278867569 ],, [ 60346043264378180995637062747692841 ],,,,,, 
  [ 584775651954116177713 ],, [ 571947356269, 91603601908373 ],, 
  [ 21695869474308786864361 ],,,, 
  [ 9663943297, 24586199009, 7232319452108235521 ], 
  [ 5665499226375600311101 ], 
  [ 108637220969, 76199628846557168921, 11814774876677127166632856269601 ],, 
  [ 1110850826773 ],,, [ 107390349991, 85542609652626589 ], 
  [ 5807149081, 1170642053960377 ],,,, [ 19722980482729, 66822544722753557 ],
  , [ 41911513687, 769742867741, 17412710193299 ],, 
  [ 62952506401, 159329549280391259775468961, 
      6343701492934188753051604752863402627281 ],,,,,,,,,, [ 2877853501 ],, 
  [ 24049478377, 65746914598770049 ],,,,,,,,,,,, 
  [ 1851353857, 282172274900398168441 ],, [ 282796186961 ],,,,,, 
  [ 24029555234497 ],,,,,,,, [ 15751858543803761, 41067875966594068481 ],, 
  [ 9439469267551 ],,,, [ 312415848889 ],, 
  [ 38414135521, 10846453020804424988793643342025089 ],,,,,, 
  [ 581902883388110374777, 281249330950848519886411, 
      208916306847505150085017603, 2675782612079740004898626179 ],,,,,, 
  [ 795732425083410301 ],,,,,,,, [ 98173815433, 28401894212077 ],,,, 
  [ 31123893302737 ],,,,,,,,,,,,,,,,,, [ 2115106291, 2518820371 ],,,,,,,,,,,, 
  [ 158905265805829 ],,,,,, [ 5585092150153 ],, [ 9059575001 ],,,, 
  [ 1863885403 ],,,,,, [ 55522224600841 ],,,,,,,,,,,, [ 1808749933 ],,,,,, 
  [ 19780408210224439 ],,,,,, [ 587592714436993 ],,,,,, [ 9788574661711 ],,,,,
  , [ 572625099232561 ],,,,,,,,,,,,,,,,,,,,,,,,,,,,,,,,,,,,,,,,,,,,,,,,,,,,,, 
  [ 1894427692878601 ],,,,,,,,,,,, [ 2595691368733 ],,,,,,,,,,,,,,,,,,,,,,,,,,
  ,,,,,,,,,,,,,,,,,,,,,, [ 97815245491 ] ];
