BRENTFACTORS[439]:=[ ,,,,,,,,,,,,,,,,,,,,,, [ 59910111581 ],, 
  [ 130174305594632701 ],, [ 4560101229722491 ],,,,,,, [ 3622440683789806513 ]
   ,,, [ 8964740440076347447991127177546763073 ], [ 13093359992813 ], 
  [ 965905202775935978167 ],,,, [ 19476521365180541 ], [ 11319899449 ],,,, 
  [ 131455380174721 ],, [ 3336368501, 137456698801 ],, [ 84826430261 ], 
  [ 23191370660434085743, 186123731810207933837 ], 
  [ 8777648377, 94331315358793 ], 
  [ 53800229615268401, 1533798498520587126184061 ],, 
  [ 4942961341, 5445588201841, 100093754164399, 73643271039493489 ], 
  [ 380751192747400933, 9349987051936773239 ], 
  [ 240538180763, 3254202185808883 ], [ 4718627932801 ], 
  [ 2837056946110452193627, 5583110142535904892481749810821038938671169857 ],
  , [ 28905914109612078603324285300225018811 ], 
  [ 21442796646977, 182439694777575278101249 ], 
  [ 248047600935031, 184785301175111326356296075681 ],, 
  [ 84590929281165259, 12704126072834085684869, 19985787554937565593106271, 
      712378501462685449110263318953946057399 ],, 
  [ 1691518433138356064311, 597243128473914506589133690063 ],, 
  [ 550865676217, 28706447833997 ],, [ 4584523401124933234223 ],,,, 
  [ 8331594811, 4932028055879, 95728699733591, 1827436389979663, 
      4954326901905007612856179, 658466863412115951313430311 ], 
  [ 1060229578890561158724950761 ], 
  [ 20635045442257, 35163997381438279, 922197082213970533555178587150331 ], 
  [ 908116920798603259404937266241 ], 
  [ 10259398161822224486333297968004637289513 ],,, [ 50403753040442712710269 ]
   ,, [ 2802423784120243675439, 1431953202053818079029447590848808067 ], 
  [ 1242045932666649703 ],, [ 1814073167803372495518476927 ],, 
  [ 383721603357493204125900061849, 
      301510206132425186997799888000010258408671617751 ], 
  [ 1479178407458875402704677053729 ],, 
  [ 3182304859, 1450915455806203369, 1250083155629806323295882193365100028301 
     ],, [ 6024094900597659937 ], 
  [ 2665201799769398664642383989175304923297, 12383257947609905069709219154669\
75988358707 ], [ 19158870609532275078869110911782641 ],, 
  [ 48894192748901, 49300698442824466269301 ], 
  [ 15375221921, 6748547318011824901, 249132209394430390535585899 ], 
  [ 14894110748955146642543373352129 ], [ 7160051924586383 ], 
  [ 23680070819225497 ], 
  [ 95882024390502841, 926870362492502401, 14574274793719645569836164891776321\
034144171 ],, [ 11734653407, 20175466740511, 1465017223389406612936007 ], 
  [ 10079448528150996919182336834512893 ], 
  [ 164542196192226960643896084511, 312648387414565205999226032396556869265079
     ],, [ 2167704922388379444400591, 1844868393186536843121192013 ], 
  [ 1054426129, 4891240757499715958641 ],, 
  [ 57191543415663901223642393866390369 ],,,, 
  [ 2347352053, 21553168113493635007655541367273, 
      23892842694736148472117526702530429526630933 ], [ 1424630158156129 ], 
  [ 174640160407441, 2816532332909896801, 15541698424253927041 ], 
  [ 777243492499, 38660852279303 ], 
  [ 76071254141, 7457128129438228474209995853837082502177684844781 ], 
  [ 445518663547411, 708442948736782225657 ],, [ 15065915634751 ], 
  [ 2501627278411801 ],, 
  [ 491831184320057196199553, 809841553777662271837206172871210270984414361927\
837313 ],, [ 132702744717401, 21353037011048046815290630350212810927387221 ], 
  [ 8641119475134999739 ], [ 14193875389, 27197632729025749 ], 
  [ 13925829107, 82347583613 ], 
  [ 1130684078323, 174964235769158329099, 221156251390498966447473509 ], 
  [ 2782960751341 ], 
  [ 946438733969, 103144375104886237560912329, 2734384814040611882281239045317\
537 ],, 
  [ 52399219069, 4722317063438173, 10616376791278723, 1012994596197527325871 ]
    , [ 2176235987, 70200235019 ], 
  [ 12877040681, 17898135221, 95904919428159350987138141977848518931935941 ], 
  [ 41832048733009, 782030565663013, 31587490568902295414617 ], 
  [ 40024936879141, 17890990721953989697, 9082219577073110853811 ], 
  [ 139148295287 ], [ 1109957473, 1153630167789812324536247329 ], 
  [ 9558647098271, 110056931562169897181 ], 
  [ 7840369507, 515881677317, 3999808946011, 16700279889482477024171964093241,
      2381217775741896262371941966646627313193 ], [ 1750668127801769779 ], 
  [ 5877022429, 86653552352011493, 1487114501883264212608111459477657 ],, 
  [ 14144861130601 ],,, [ 6553696412629 ], [ 1865370482669 ],, 
  [ 4633482050716273, 1309715300114582558973361 ],, 
  [ 7088478768459984700243012411 ],, 
  [ 198298796059691663316384934060398721462241 ],, 
  [ 90713844609628854404017 ], [ 6436127011193959, 571248328707450421 ], 
  [ 128988677323107601, 117965223126457378774927737449 ],, [ 16465522571 ],,,,
  , [ 20288144521, 168954821683507 ], 
  [ 403447323509569071265930297, 31480032582601342611043598751875681, 
      146603984360235572955976891467224477 ],, 
  [ 130510777345633, 9927809393857538873311913700045108453433294871497056517 ]
    , [ 19044330727418851 ], 
  [ 19074960726425473, 41442968948624621607503525247246131201, 
      91530026025174310467923916428662314929857 ],,,, [ 276428121388559641 ],
  , [ 62086190167, 533804997727 ], [ 31272146419 ], 
  [ 1011423313803761, 6632213772735563598747257, 
      363030951009475693210401384121131395087958763888633 ],,,, 
  [ 1021057517, 104558160546535573, 171267022544493710274952021140535417 ],, 
  [ 1861868063682802863341 ],, [ 232269038593 ],,, [ 127093064299866991 ], 
  [ 2609858777, 343403820803596117468373 ],, 
  [ 36771227006383, 6444087353371065817 ], [ 41487686574941 ], 
  [ 974189129639674292588401 ],,,, 
  [ 496944956192962009, 803222726588525832158192773 ],,,, [ 1464000493355297 ]
   ,, [ 137591021975191, 144907466733980791 ], [ 1763971298207 ], 
  [ 11947666098044257421 ],, [ 4839596329039 ],, 
  [ 11500186897, 360493194397356839953 ],,,,,, [ 576338593665937 ],,, 
  [ 160726060505701 ],,, [ 11357606794921 ],, [ 46796766461, 39402793394141 ],
  [ 10168443345523, 137496288898526251 ], 
  [ 6601132226569, 92321642187766297, 8768438146305956113 ],, [ 739518378301 ]
   ,,,, [ 2311255367, 2177130182543, 395286337076548258652767 ],,,, 
  [ 20841050625737 ],, [ 67723467491917, 46931605072869637 ],,,,,, 
  [ 4504993943721751 ],, [ 52792081634502174637 ],, [ 271728972507015313 ],,,,
  ,, [ 45128518370775030221369561 ],,,, [ 85278877993 ],,,,,,,, 
  [ 1062452129, 6119671969 ],,,, [ 153330690757 ], [ 84677997264466497883 ],,
  , [ 10824754921, 38916454407541201 ],,,,,, 
  [ 1108681487629, 5140265867328593 ],, [ 18198292732493503838654850913 ],, 
  [ 1460548751 ],,,,,,,,,,,,,,,,,,,, [ 3202452521 ],,,,,,,,,,,,,, 
  [ 33162335389 ],,,,,,,,,,,, [ 14553612285409 ],,,,,,,,,,,,,, 
  [ 54194895301 ],,,,,,,,,, [ 41536474201 ],,,,,,,,,,,,,,,,,, 
  [ 15316620602899141 ],,,,,, [ 1588645890817, 15421745744257 ],,,,,,,,,,,, 
  [ 1097548279741 ],,,,,,,,,,,,,,,,,,,,,,,,,,,,,,,,,,,,,,,,,,, [ 5698932937 ] 
 ];
