BRENTFACTORS[323]:=[ ,,,,,,,,,,,, [ 508940329873 ],,,, [ 138546701230241 ],,,,
  ,, [ 1593525043608739 ],, [ 606413486801 ], [ 1719986243 ], 
  [ 62951408561341 ], [ 3992894543177 ], 
  [ 1146921943081, 26696177348412985331 ],, 
  [ 3000492419, 820496370448519, 2895336046968275035244837 ], 
  [ 96172831903111361 ],, [ 60248594899 ], [ 34791107051 ],, [ 2057037497 ], 
  [ 419047369453, 3771923477017 ],, [ 1176273308950081 ], 
  [ 12519369271, 36996924703889, 773588473747414673 ],,, 
  [ 136857558157, 2348227607424121853 ], [ 782325373410640798748371 ], 
  [ 16989411501901 ], [ 176868576291431, 285063225277583 ], 
  [ 12649859041, 17929256113 ], [ 9134360012147622534431534183 ], 
  [ 141779510251 ],,, [ 2603529250943 ],, 
  [ 1645105661, 51408676489180392872491 ],, 
  [ 6384974131, 4459095362972537686513 ], [ 37793717295669778105878643491911 ]
    , [ 6451904433702407 ], [ 5861483581 ], 
  [ 1351875806819752927, 252723350000241855732461 ],,, 
  [ 272508813348860139287150930231233 ], [ 617987675891 ],,, 
  [ 5197694324093588103819281 ], [ 10929453793452735945410159488973823843673 ]
    , [ 11924080561 ],,, [ 1407115400784387765347099218067 ], 
  [ 700462174921889 ],, [ 9211505521 ], [ 12286603561 ], 
  [ 14110390477, 1187948422909490722663 ], 
  [ 396409871765230627, 25353902854416791142929046731 ],, 
  [ 23641778449, 6425716464630285444955700624404261 ], 
  [ 10659230048265136510544652117490282727 ], 
  [ 38633726639, 89005237641125683 ], [ 65275648817383511814889 ],, 
  [ 676482403819, 5692598810293 ], 
  [ 4700284459105250338669, 5743790921060783065525837, 
      409337915283904391313308167, 357970686662180199856620457089679 ], 
  [ 5339722873 ], [ 107154188262601 ],, [ 98598923387533572929188115330479 ],
  , [ 1590710503, 184434498823, 84081581691607 ], 
  [ 3969643163669, 61415340130843, 199759103559439, 5047446481355594473 ], 
  [ 91573210905223321, 797287574127457661 ], [ 3814214881, 13363589104417 ], 
  [ 11729100146177, 382428694013475266309 ], [ 97906073273 ], 
  [ 4194097549452757, 117013960227620901987037, 
      8539632118569341181977560573687 ], 
  [ 186498616861301, 15711889929146645134521280661382001 ], 
  [ 1343680973, 885048471959 ], [ 37110048443066377 ],, 
  [ 14610593764279766626088080121687321 ],, 
  [ 12960397507, 1381659037553693749, 9109062282479715935689408494281 ], 
  [ 2310836080861921 ], [ 4168256370637753 ],, 
  [ 2812532845211, 23638617095017766161 ], 
  [ 19310052139591, 13326937731022400701747897 ], 
  [ 1720804289, 4605245334593 ],,,,, 
  [ 7973883451, 19572247423, 26213315225479982831162179, 
      6736032749734221976597103004613, 
      399562188492234897619556205047830791316201 ],, 
  [ 89883077813353533218959 ], [ 1763546714117041373281 ], [ 28991305385813 ],
  [ 1078928540077, 55497195658492649207011186411 ],, [ 722344148871217 ], 
  [ 1361742887501, 6809973996542501, 159057832885240501 ], 
  [ 174851370831580633, 20102203684036464933601 ],, [ 2606276346497 ], 
  [ 250647275803, 106325873416261765219 ],,, 
  [ 7736871497493374765408473181230557581432949349 ],, 
  [ 191466639714158071091531 ],, 
  [ 43228697249, 5935896696742290234375577, 2638400553987057366669001677737 ],
  , [ 124555751409562728076477, 42986564460327766757029679923 ],, 
  [ 10343175265308731867904729907743201176729396293221629461 ],, 
  [ 12176395492321763675321 ], [ 91167976265099449 ], [ 752356435735153 ],,, 
  [ 7065662311, 269870468682120013, 2555340694898831449, 9081205204559421151 ]
    , [ 118852111141 ],, [ 43404283542953418301, 76839576370493946409133101 ],
  ,,, [ 92945322779 ], [ 9956901117841 ], 
  [ 1788076627476285238563216752177152759736285032369 ],, 
  [ 86212413069311654491 ], [ 2891539243108976873191 ],,,,, [ 37623734461 ],, 
  [ 13841172463, 152804726567, 223414872517 ],, 
  [ 28383219623742027113449167595123668205047258997422001 ],, 
  [ 68979389041, 68103627706568231 ],, [ 578868770749, 10320620356764673 ],, 
  [ 1844036360211667 ],, [ 23950607674635954577 ],,,, 
  [ 605421569279948855453281, 11271943821437112961899016021 ],,,,,,,, 
  [ 64259214536509 ],, [ 5237723766850501141 ],, [ 250877649601 ],,, 
  [ 1112367980491 ], [ 3344426526029 ],, 
  [ 1123514790130657, 128037228153065353 ],, 
  [ 222379394801, 1490564145172563001 ],, [ 2953701239130263 ],, 
  [ 474913351849347091777, 31204648202304804590205133 ],, [ 1707114173 ],, 
  [ 33401342506521809 ],, [ 3685631077121911 ],, [ 2966833810261 ],, 
  [ 1673869481, 131229803321 ],,,, [ 1147114039 ],, 
  [ 9580657127146601, 2330515531718863501 ],, 
  [ 115966453909, 10892895993642357700507 ],, 
  [ 1871226337, 3092833822781676289, 30459462274327378433 ],, 
  [ 4351303401299, 41363910489568687 ],, 
  [ 19666938243717181, 185729432477593824945925561 ],, [ 15540922211 ],, 
  [ 29855557073, 4240671229369 ],,,,,,,, 
  [ 3693382081, 17155906162561, 1135944005111938440576817441 ],, 
  [ 1546169461, 24982076801441 ],, [ 5773600957, 1766324582213 ],, 
  [ 5459978236571263, 12636991249368204399587911 ],,,,,,,, [ 109447951793 ],,,
  , [ 2408899679847284173006213 ],, 
  [ 1797183701, 1450687391141, 5244066842561, 16618278614341, 
      273254574968534275835161 ],,,, [ 13574795542368841969 ],, 
  [ 51419244913 ],,,, [ 5127832205371, 5972344797868741, 2766853676120003011 ]
   ,,,,,,,,,, [ 2321673023321, 174478447481250047916761 ],, 
  [ 3819779964769, 43562077127861641, 402884240217217247335123, 
      54672109907658378640729969 ],,,,,,,,,,,, 
  [ 10840290679820498569, 77081633825346755893, 1383463066803299934840529 ],,,
  ,,, [ 5091031220101, 88130135706414601 ],,,,,,,, [ 1063144237 ],,,,,,,,,,,,,
  ,,, [ 14595322933 ],,,,,, 
  [ 292139242891, 151426179093682351, 9669868708641111474937549381 ],,,,,, 
  [ 185475974637690577 ],,,, [ 10029656941 ],,,,,,,,,,,,,, 
  [ 2101339860595685143579 ],,,,,,,,,,,,,,,,,,,,,,,, 
  [ 7737231323431, 751501011890413 ],,,,,,,,,,,,,,,,,,,,,,,,,,,,,, 
  [ 197767580089 ],,,,,,,,,,,, [ 1807880341, 6037995013261, 2705582650352821 ]
   ,,,,,,,,,,,,,,,,,,,,,,,,,,,,,, [ 906850264051 ],,,,,,,,,,,,,,,,,,,,,,,,,,,,
  ,, [ 9905280961, 24159356161 ] ];
