BRENTFACTORS[8117]:=[ ,,,,,,,,,, [ 33867607379, 114017597355365646795821 ],, 
  [ 484443363197, 187748701866982297746589 ],,,, 
  [ 21092974379941, 1216198063666052765377847248444174889189 ],, 
  [ 18956430333058644533568137, 180425195877442060502595166620599947447391 ],,
  ,, 
  [ 340267015717428672128263155259, 98576256949628426151355666575822199084051 
     ],,,,,, [ 59611662492039079088801 ],, 
  [ 1928532236921, 2305075017330111629, 
      6389225670537016858103997352253010139031, 
      41775852845056183825306004500240685756586901 ],,,,,, 
  [ 25521658900709, 22062251745064428427 ],,,,,,,,,, 
  [ 10910205125839787, 202440468319158577, 16504047725804869115050972519 ],,,,
  ,,,,,,,,,, [ 13537235885483 ],,,,,, 
  [ 327899713727, 5704888713581, 56292442448329 ],,,,,, 
  [ 159727096223, 148753615198703407 ],,,,,,,,,, [ 383792517265463 ],,,,,,,,,,
  ,,,, [ 256258951033 ],,,, [ 4001200649, 121781859314513 ],,,,,,,,,,,,,,,,,,,
  ,,,,,,,,,,,,,,,,,,,,,,,,,,,,,,,,,,,,,,,,,,, [ 14675488053521 ] ];
