BRENTFACTORS[2789]:=[ ,,,,,,,,,,,, [ 1725499361 ],,,,,,,,,, 
  [ 13820328211929735398613173 ],,,,,,,,,,,,,,,,,, 
  [ 101756834712089, 569954921960329, 21001737846508258879050502697, 
      431614894772295562575435744820483267, 
      30518044679608305694157447476425311334386819 ],, 
  [ 374158122241, 510929096304496263356537, 19205892924552394456282394881, 
      929110111768305132900894655467803649783819562440072351703302913651 ],,,,
  ,,,,,, [ 10356642573533 ],,,,,, [ 6544386437, 1434833848538561 ],, 
  [ 151946813426651, 242271189912343, 117681917741016931496658169587361 ],,,,,
  ,,,,, [ 19554217435639, 161333872320660839, 101039710634233546129 ],, 
  [ 1638850410154151, 3014823365226157063 ],,,,,, 
  [ 276660947065004521708391021155289 ],,,, [ 411541972125005813790289 ],,,,,
  , [ 530659173181, 43830592200520298431, 73778782424139653550433819 ],,,,,,,
  , [ 4845359765898037847 ],,,,,, 
  [ 1223140804076921, 110408779861466185199, 347285168910192992586378369499 ],
  ,,,,,,,,,,,,,,,,,,,,,,,,,,, [ 1515654281 ],,,,,,,,,,,,,,,,,,,,,,,,,, 
  [ 6543368129 ],,,,,,,,,,,,,,,,,,,,,,,, [ 35322171721 ] ];
