BRENTFACTORS[563]:=[ ,,,,,,,,,,,, [ 1632189859 ],,, [ 31582417313 ], 
  [ 29303714879, 349193102411 ],, [ 3124662139 ],, [ 19484470111 ],, 
  [ 149668264321, 41286775923749 ],, [ 3914120051 ],, [ 199200848830036507 ], 
  [ 1428503357 ], [ 79770974354747479 ],, [ 978542322781 ], 
  [ 841249057588609 ], [ 95012011639579, 73065204388048587331 ],, 
  [ 38490018381571 ],,, [ 1232033227 ], [ 88954458496815907243 ],, 
  [ 1475089309, 4011393343 ],, [ 62854079369, 187981847411 ], 
  [ 94046434172949149 ], [ 10669769641, 685942908661 ], 
  [ 1234807026380069159 ],, [ 3007927809361 ], 
  [ 6454121490097, 39766075172464607, 29420779314142104309172782106147 ], 
  [ 15905812161872978101 ], [ 24040381362581587 ],, 
  [ 138523558651, 131998634219911224085724242788004163682481188420234183721 ],
  ,,, [ 2116628061578351797529929 ],,, [ 2169453643921 ], 
  [ 5446704031, 642444426088264922586147199998806837486135441 ], 
  [ 58173982087231, 91963492187524322868048667282547 ], 
  [ 3949554427682681413, 1897205414806185127687 ],,,, 
  [ 138694201072808947, 8197358982354214168301621, 
      3742421737136705914986505127 ], [ 48332143449853481359419937 ], 
  [ 34701433633, 35812947720695902444801 ], [ 326472594841, 1112940154884251 ]
    , [ 11814931922634959, 5310557261179407883 ], 
  [ 3393220256142511225042230024673 ], 
  [ 188996737382501, 24617430315980597, 36254192315644212877843749539, 
      15451139480939691776892248543486308542725231653 ], 
  [ 2277292651, 2208720964692305196155459 ], 
  [ 273816686857329993001, 124141692718824898539001 ], 
  [ 22627127969, 3445302954925551717536647417 ], 
  [ 129014498436240187, 692214955460698493229412141039046021881, 
      1502052134676556279009350224839885593173 ], 
  [ 5991424609, 41175609619, 2187586787460503485447 ], [ 25690214263507 ], 
  [ 273855928945386721 ], 
  [ 3653965729, 1511748565082147809, 42053336192523964213, 
      147460722608322258702103, 1855224841264014572053106311 ],, 
  [ 399885315341938168680415727 ], [ 6530842753 ], [ 181400510591 ], 
  [ 39343047446369, 79767091880513 ],, 
  [ 38153222000290246567433, 87997015990946625267528026103209 ], 
  [ 1520485079, 517164880151, 43998016414175683 ], [ 1493631576631 ], 
  [ 18871454012084227919 ], 
  [ 17598020464237, 4985405390226953, 549638411106240895469, 
      672280213554079281761, 11579719613041787928013 ], 
  [ 3388722220249, 1587859467542465746838842796539 ], 
  [ 3510092071, 24258693647, 524449516027346385534719 ], 
  [ 56681915819443526123340761 ], 
  [ 12390654019969, 13579086630068577355456417 ], [ 788046534533904253 ], 
  [ 30443873038307, 9336005790712845138928804388549 ],, 
  [ 4554450401, 786320839391002229959501, 3951523165466283188900885463101 ], 
  [ 4538695177, 148476835883, 5283914288910470318101, 11674219953730440662047,
      69004090321004799307847706035640029 ], 
  [ 7456637789026228974833577977978324743 ], 
  [ 69037429931, 2561724483883, 1989771871115323, 
      4021383719553478348699889173, 553769227986149549819202947179 ], 
  [ 120023694961, 14612903363964158345977 ],, 
  [ 205322554605110287019, 3107941677240109613923 ],, [ 758255500401403141 ], 
  [ 191264810928392819447651 ], 
  [ 2427728473232470483975078308455192721521692095181 ],, 
  [ 4249879649, 35275379873329, 4387636249015153, 646384081644766022321 ],, 
  [ 1143254252832607, 443686684741999534651 ], [ 478995475601574192959791 ], 
  [ 371473311213401, 906785303834053822285001 ], 
  [ 2353102707139003, 368942332956630733 ], 
  [ 80726694666510161, 110572916330984919059358023, 
      1398151923780305343163835890020932443 ],, [ 69584031832335468040081 ],,
  , [ 35827253779 ], 
  [ 115472003798763721774890251044169, 188548631364994980507210777742565449629\
7 ], [ 3523421668839251, 22923622980847605705251 ],, [ 1262166105810986339 ], 
  [ 35890334209, 66723525724033 ], 
  [ 2969702551, 730690903531, 524088308541349 ], 
  [ 412527936991, 527543972671 ],,,,, [ 9357648661 ], [ 245461088113 ], 
  [ 193384359069949373, 2620518401957007281 ], 
  [ 152323169799568423, 13878135557308670800387159 ],, 
  [ 9041786196101, 474688887220583555801, 70071201230105753352006361 ], 
  [ 29113228887647359691281 ], [ 2066000370778619263949 ],, 
  [ 41640796509641457511021098618524422304161 ], 
  [ 546777408189361, 33812156695464088751 ],,, 
  [ 26063003322843855070874187140202263149 ],, [ 49161388370726132239801 ], 
  [ 308043991837 ], [ 542890275648394673, 576937985427932651158081 ], 
  [ 3048171877, 772498409131 ], [ 543423748401428710927343 ], [ 4895564021 ], 
  [ 18101663335958593, 7477835216153494141 ], [ 2352689326541932849819 ],,,,, 
  [ 282696696479164078336931621497 ],, 
  [ 393980378294317051832789, 36927093413990296892575138607199673, 
      2680404552011162773952774938365362741 ],, 
  [ 879991817403381069677, 3316004732208085298429737223, 
      367214704517152740937296193907, 8916548460799019274591888988809997 ],, 
  [ 1916519158443107737, 331190829036474267764093050969991319494801978473 ],, 
  [ 101192140961, 11772655555952242981, 100900086580010353271, 
      157854880707844704608394641, 29801559293831617176264333431 ],, 
  [ 201530330263131953 ],, 
  [ 6513765885143263, 4397671114396762651, 187446064203086714851658737 ], 
  [ 77466823001 ], [ 1870038322669793 ], [ 58378354655689 ], 
  [ 677735120602777887467 ],, 
  [ 91237351700229251919024061, 467024634376709396585235330544696964521 ],, 
  [ 122725819067957217197775213524183 ], [ 3860156617 ], 
  [ 1399120361, 9279590857, 3756139447849, 9169989657041, 109090611186637529, 
      6158925524454375587011453850508029618497 ],, 
  [ 1842403615704484633716127, 2069788063692355574394795366127 ],,, 
  [ 1302928214742379 ], [ 5962211441041, 4055519579513670661 ], 
  [ 203558514727 ],,,,, 
  [ 16072082723011947420942833, 163561693228057416053034421 ], 
  [ 40911649383823 ], [ 1351319206013246976531965146747 ],, 
  [ 1292143217430001 ],, [ 7771368448061, 12791520687880789 ],, 
  [ 4731027732661, 17215024839081407565991532053 ],,,,,,,, [ 1312860457 ],, 
  [ 45405430435693 ],, 
  [ 7474676329, 118739335026889, 2827447705819729873, 830032931355524253592993
        , 28625996216627722518073057 ],,,, 
  [ 580646936598301, 199152448804733630717250301 ],, [ 134745315612121011727 ]
   ,, [ 2815090946839361, 115006750003633153, 119313677696327297 ], 
  [ 33005102401 ], [ 68451134929, 398061243362104979 ],, 
  [ 179419669054875829 ],, 
  [ 73216353895369619401, 523629860923510478881, 7393512003229976306265421 ], 
  [ 5639461213, 1956360005293 ],,, [ 2898111061, 12235205503 ],,,,,, 
  [ 4847860559819604560881 ],, [ 402845630563289 ],,,, 
  [ 69549367477, 1745798421793 ],, [ 138689964793 ],, 
  [ 1115572000649482635628001 ],, [ 3099478824289 ],,,, 
  [ 1895319553, 273821037313 ],, [ 215933594199229625515267 ],, 
  [ 127853967467797320361 ],,,, [ 5917926433 ],,,,,,,,,,,, [ 5502781479733 ],,
  ,, [ 4957050466201 ],, [ 1199523097, 35017687088163176840243330077 ],,,, 
  [ 1178815562006941 ],,,, [ 1975693441, 2211164819854981 ],,,, 
  [ 5730874969, 16205862252889 ],,,,,,,,,,,, 
  [ 30026814877, 85338134596258993 ],,,,,, [ 4765728553 ],,,,,, 
  [ 185402622253, 52950459345829, 882584234461726669 ],, 
  [ 1394063681, 34781620801, 5486007069761 ],,,, [ 4055453414101 ],,,,,,,,,,,
  , [ 5130071857 ],,,,,, [ 1287663923572687 ],,,,,, [ 55418588317 ],, 
  [ 4896239251 ],,,,,,,,,, [ 193120858932047281 ],,,,,,,,,,,,,,,,,,,,,,,, 
  [ 1127967361 ],,,,,,,,,,,, [ 532584249121 ],,,,,,,,,,,, 
  [ 6244270851877692780581329 ],,,,,,,,,,,, [ 1474859469511305455341 ] ];
