BRENTFACTORS[814]:=[ ,,,,,,,,,,,, [ 77079002417 ],,,, [ 1090294676117 ],, 
  [ 28735055577221323537 ],,,, [ 10287319304128816583513275703 ],, 
  [ 15440644251538301 ], [ 8530810863329 ], [ 142698955447 ], 
  [ 5571787873, 12137639977 ], [ 35911337358203978639665343 ],, 
  [ 25953997169265472147011020462774621 ], [ 929723010353377 ], 
  [ 208586561041 ],, [ 618606472475041 ],,,, 
  [ 756325970089, 1822404756048397 ], [ 3132246641 ],,, 
  [ 8581493489, 7313769598303849905224114867461 ], 
  [ 15982878913013, 61045223594177021 ], [ 920290737172501, 5451352467052501 ]
    , [ 1092524519, 64569127787, 18405424367887 ], 
  [ 544766093281744097, 107733345641915486998453329194137 ],, 
  [ 141975087064189, 180989054350054699929707213 ], [ 9011301083809301 ],, 
  [ 736098856637 ], [ 78811265868076882515120346169 ],, 
  [ 164487269362571, 8496326458590889888840407231513503685991 ], 
  [ 619834977986154039734534044297 ], 
  [ 175182150337134126965230560336096441035251 ], 
  [ 1168646792839227089408446476667 ], 
  [ 11887225892737891859674403, 43293345113256844128251753 ],, 
  [ 571900859391405578330267, 2713507715651341188550792163 ], 
  [ 5523024408701, 1917212062973556049 ], 
  [ 187125877884164311, 3638849471302123513 ],,, [ 120423516732619 ], 
  [ 76161135484575007, 73775398860076349012880638931653 ], 
  [ 1153570837, 4651528864121695814898442406794577 ], 
  [ 3137253010098355629097 ], [ 105874732811 ], 
  [ 388376634290755483871, 482121032307490426307 ], 
  [ 4573887732434070832129417 ], [ 11908972881893280701 ],, 
  [ 209550217790049151, 3767449812176932516430701 ], [ 187867595269 ],, 
  [ 23006415140507534893, 2077876899774022273447 ], [ 2900480380081 ], 
  [ 11353312201203144985441 ], [ 1078359319, 752080368421 ], 
  [ 364809097742940483299, 23525930999954496490211, 
      1306278837833273462520022799 ], [ 148512736973, 106154330907687071 ], 
  [ 384180004832527246007820121 ],, 
  [ 1750229087, 7768664995386499, 134802362844851388373 ], 
  [ 55560272863, 1573649665879, 274837405953847066398609787 ], 
  [ 159661269769 ], 
  [ 510228711787, 7767958410762418949881, 50513299890665299244464553, 
      428426724157078180353974873 ], [ 4167710315011, 776033148586706821 ],, 
  [ 58618659553402841 ], [ 3317013553759 ], [ 17578721341901 ], 
  [ 21332476481, 1040867523453031, 714879947586585811 ],,, 
  [ 146584962435919019724026449251610559100185786489 ],,, 
  [ 61271873364044191, 102407644020698669 ], 
  [ 3271336941453019, 18964214850914461800242671 ], [ 6597706760527 ], 
  [ 118144803859120793, 6738118548202717998052119933793003457 ], 
  [ 20634219822450696168831535206574591, 
      182522360711118903831744062544738674191 ], [ 29263809254473 ],, 
  [ 29171485513801, 1995539884860474728540492396372713 ],, 
  [ 972366153881, 198884553639569381, 4491038417255827951229226809667489121 ],
  , [ 2912702420031601, 723545252877112111153, 4062395750252481138113, 
      834438195404908742120122354433 ],, [ 40004104806402079033 ],, 
  [ 66629983909, 113954840450275277 ],, [ 1361498362145964257 ], 
  [ 101517161411, 1136080654919533, 20225442864971779, 2705910876352375049, 
      40056579773905554371, 81130939109130948880202977 ], 
  [ 4759902453721, 5885175242088277054557336997356361 ],,, 
  [ 64803689473, 1942912779594020557 ], 
  [ 115172025127695753041939333, 1599995414962577811594183437 ],, 
  [ 794639139044630785473974484074850913127009257 ], [ 142622561765483 ], 
  [ 1284181713971918376833, 16528851298578668024423020285441 ],, 
  [ 12068175028165151045724333412548846203881392608933177080387200294451 ],, 
  [ 14276826708541 ],, [ 133232808423821 ], 
  [ 9036650521, 791242403671, 2710599939683686048253419981 ], 
  [ 6958073010121, 4729496087863073112281, 661800099517444439412257 ],, 
  [ 648508104275736267284696539, 3978710809369389018857105681790412551912211 ]
   ,, [ 4794251981, 5789524962061, 26432692764396466033709281207381 ], 
  [ 11235559861123320271, 3399355944902766033331 ], 
  [ 28419166309, 18412264848179, 2088182808704145337977749610899587979201 ],, 
  [ 2991662497, 3418157711450897777273285916888058358152849 ],, 
  [ 3654680177 ], [ 1185819601, 21245364337 ], [ 29505959536500617 ],,,, 
  [ 11203984471073753, 243441217823886284297 ], [ 181709025571 ],,, 
  [ 2729069658905458396086001 ],, [ 3347411069, 103359534147923 ],,,,,, 
  [ 1572825929, 5537252980669, 60642366297740651357 ],,,, 
  [ 5129210114187448080846993793, 1134023449889234171766164562012389127133777 
     ],, [ 1981070675041 ],,,, [ 12389059712755098365313026821 ],,,, 
  [ 172843726261, 37286024162369, 194915196641471, 1141836529323221 ],, 
  [ 331660235341, 2086848599214406459907612188365661 ],, [ 44184436297 ], 
  [ 7926950611, 8402184409, 95259817771296379 ], [ 517485073120153 ],,,, 
  [ 532076990872540958437 ],,,, 
  [ 2162879547457, 21340305173953, 155981085393748196317536665281 ],, 
  [ 271694511889279 ], [ 7474941060361321 ], [ 1938313184669 ],, 
  [ 1568443801147514079232221463052467 ],,,,,, [ 425232282289, 717009801517 ],
  ,,,,, [ 672204642271, 49643751779639561461 ],,,, 
  [ 6479970082207, 20666585730211, 64344251282171639 ],,,, [ 5053967467 ],, 
  [ 2626461421, 64740608021, 2194333207390061 ],, [ 36110260903752493 ],, 
  [ 2864755811333053303681, 13668782798900001042593 ], 
  [ 952294420801, 2703176022120751 ],,, 
  [ 5323349523757, 537701785210667041, 1155803797208873077 ],,,, 
  [ 1586343617 ],,,,,, [ 655498062283, 19367252063699 ],, [ 187347696241 ],, 
  [ 34989299687, 140970614547137 ],, [ 281819572810464461 ],, [ 1763211643 ],,
  ,, [ 657641447597466251 ],,,,,,,, [ 7732565561269 ],, [ 37720956200201 ],,,,
  ,, [ 27978877501, 73701164813753 ],,,, 
  [ 2111088691, 6717113721462692887291 ],, [ 506998420069278481 ],,,, 
  [ 136603307521, 96517434779401 ],,,, [ 363850172281 ],,,,,, [ 37331006857 ],
  , [ 17613019873, 1331112154105168792387201 ],, [ 101250285641 ],,,, 
  [ 911499359032391987042181571 ],,,,,, [ 97537514247601 ],,,,,, 
  [ 12796627599914797 ],, [ 161462859713 ],, [ 90381068522021 ],,,,,,,,,,,,,, 
  [ 3676078253989 ],,,,,,,,,,,, [ 5846547841 ],,,,,, [ 311424750030650617 ],,,
  ,,,,, [ 2906044751, 3511806006101, 51140740567456721004601 ],,,,,,,,,, 
  [ 4303943505721, 372104880249852721 ],,,,,, [ 701967136903 ],,,,,, 
  [ 4975733617 ],,,,,,,,,,,, [ 3062964097, 51867541249 ],,,,,,,,,,,,,,,,,,,,,,
  ,,,,,,,,,,,,,, [ 917684112661 ],,,,,,,,,,,,,,,,,,,,,,,,,,,,,,,,,,,,,,,,,,,,,
  ,,,,,,,,,,,,,,,,,,,,,,,,,,,,,,,,,,,,,,,,,,,,,,,,,,,,,,,,,,,,,,,,,,,,,,,,,,,,
  ,,,,,,,,,,,,,,,,,,,,,,,,,,,,,,,,,,,,,,,,,,,,,,,,,,,,,,,,,,,,,,,,,,,,,,,,,,,,
  ,,,,,,,,,,,,,,,,,,,,,,,,,,,,,,,,,,,,,,,,,,,,,,,,,,,,,,,,,,,,,,,,,,,,,,,,,,,,
  ,,,,,,, [ 1424783501, 58430886066143501 ] ];
