BRENTFACTORS[7937]:=[ ,,,,,,,,,,,,,,,, [ 212952397507 ],,,,,, 
  [ 15083631427, 42509688372421, 
      96716652119087170611290251934990286698823017802253559656464121 ],,,,,, 
  [ 97893312581399597 ],,,,,,,,,,,, [ 64414766671 ],, 
  [ 1335150259, 13424220964178000411 ],,,, [ 2645370410729 ],,,,,,,,,,,, 
  [ 1224408192571, 8259775995727073 ],,,,,,,, [ 2659870489181 ],,,, 
  [ 21552170417, 2062307162393, 262101155893150704539 ],, 
  [ 2798321849, 339154230130643 ],,,,,,,,,, [ 5646176759, 112305866598724297 ]
   ,,,,,, [ 154908265113139 ],,,,,,,,,,,,,,,,,,,,,,,,,,,,,,,,,,,,,,,,,,,,,,,,,
  ,,,,,,,,,,,,,,,,,,,,,,,,,,,,,,,,,,,,,,,,, [ 199849959739 ] ];
