BRENTFACTORS[8429]:=[ ,,,,,,,,,, [ 1119494113 ],,,,,, 
  [ 29060573973217361461, 666205936715116887128067309179 ],,,,,, 
  [ 312885594317 ],,,,,, [ 488965889519 ],, 
  [ 83419793490127882478691463, 17122951158671283248914373320049446225493, 
      22470077961941032651611033533429996527221607 ],,,,,, [ 1798768987 ],,,,,
  , [ 455506199473313236836113219 ],,,, [ 73114495042575409658021 ],,,,,, 
  [ 2248272322501 ],,,,,,,, [ 1375477767204342169, 3350193479247221542136573 ]
   ,,,,,, [ 519470438041 ],,,, [ 1232398992733 ],,,,,,,,,,,, 
  [ 2802160013, 1111700951213 ],,,,,,,,,,,,,, [ 1868937170781953 ],,,, 
  [ 686943232747 ],,,,,,,,,,,,,,,,,,,,,,,,,,,,,,,,,,,,,,,,,,,,,,,,,,,,,,,,,,,,
  ,,,,,,,,,,,,,,,,,,,, [ 16105819831 ] ];
