BRENTFACTORS[7489]:=[ ,,,,,,,,,,,,,,,,,, [ 960720603511 ],,,,,,,,,, 
  [ 357074517311 ],, [ 15675772834889, 388063070729760253395989 ],,,,,, 
  [ 368159050483950912721804336213 ],,,,,, 
  [ 32632140571, 2585287833355014622595658643, 
      1111575602137317723443321104022106375979 ],,,, 
  [ 7442520836072945930819 ],,,,,, 
  [ 22519163647103, 462028497508549, 16910108947444278080106689805941 ],,,,,, 
  [ 2825543384892894788407493802268082763083469851940529010517313 ],, 
  [ 2724596843, 544891640833803890822247364795529, 
      277805311254569113406095350263522059 ],,,,,,,,,,,, 
  [ 25145423084411228580781342013 ],,,,,, 
  [ 328760140695227, 18102859870989270173 ],,,,,,,,,,,,,,,,,, 
  [ 210414728792491, 13366674879895349 ],,,, 
  [ 68687083706559713, 26245951273009703778809399921 ],, 
  [ 5149721998468673621 ],,,,,,,,,, [ 4200589983067, 1698610184374771 ],,,,,,,
  ,,,,,,,,,,, [ 11844204774949 ],,,,,, [ 10848059115389995267785790799930101 ]
   ,, [ 106300729004843, 43022962948626097 ],,,,,,,,,,,, [ 6600017316847433 ],
  ,,,,, 
  [ 8992817759, 615849966836239, 9613963901641213631669, 101042726318587355569\
973 ],,,,,, [ 11464249661, 11729263211, 6210931763147064979 ],,,, 
  [ 1036245822792907721 ],,,,,, [ 13431316562617, 61122941428254732989 ],,,,,,
  ,, [ 6519188305905113 ] ];
