BRENTFACTORS[388]:=[ ,,,,,,,,,,,,,,,,,, [ 3255596723963 ],,,,,, 
  [ 130527246613051 ],, [ 30989136345706711 ],, [ 4686270487, 19253026669267 ]
   ,,,,, [ 16196713927 ], [ 2975503413496881966371 ], [ 4321425061 ], 
  [ 4310051958517434539, 671664013814970465614270046469 ], [ 752312537719 ],,
  , [ 14959814538441079334431457 ],, [ 1904489449190509 ], [ 78814324843057 ],
  [ 194747011298342821 ], [ 304263700230896071 ], 
  [ 1385480617905308909483392001 ],, [ 83804503631629601143373 ], 
  [ 279319359909799109951 ], [ 971592045506293, 62553424932947051293500943 ], 
  [ 1462365134488012166357401 ], [ 32352090401, 613556493620724320496492511 ],
  [ 2032850467, 1517708189528137 ], 
  [ 66749366509321, 54248747860704110449553456790705490421 ], 
  [ 10589654632293315688798049408657 ], 
  [ 16534745685709, 165486081025078260998992939 ], [ 155524088858549 ], 
  [ 307191595265928513787 ],,, [ 3162318514641971, 1956184446036036269231 ], 
  [ 655928141771873151721, 3111036389921387800873596709 ], 
  [ 3710884157750017, 3065469018909873281 ], 
  [ 1218460889491, 1846996426624377655957165421, 
      39988171965155597026489667711 ],,, [ 3919226092069804613261 ], 
  [ 24287880115029113366203625618982103 ],, [ 10851506947 ], [ 18158745097 ], 
  [ 91335974420671, 7655600853257411, 97421603982141915139 ], 
  [ 12125992186698319 ], [ 49875253238146201 ], 
  [ 1733651429, 625702631978297544366294427539769268657 ], 
  [ 38732347963, 9498671166386716553619689 ], [ 146656355898225967 ], 
  [ 6380815781 ], [ 676061392401339506833881026161 ], 
  [ 27141252967354715191, 4101786717424374024093142658107 ], 
  [ 3705523651514947 ], [ 5311288845377, 391128461617614497878723 ], 
  [ 6617151577 ], [ 21919219577876381 ], 
  [ 4462697209, 579076385843, 275816683272953 ], [ 131656692564361729 ], 
  [ 4336506653513, 34145616693036869763219712036121 ], 
  [ 9436897663, 88732540539054653, 445945997908414703699, 
      8353874723158363777907 ], [ 3531743191, 8334308471131 ], 
  [ 143670937829199509, 642814099246317593264710180687 ], [ 133659624737 ], 
  [ 509489946733, 6940548523303 ], 
  [ 46265703773, 1287746622797499186002403419 ], 
  [ 31110630480701171, 16348774343299287821, 54852721557137747951, 
      8019749160362144805151, 2375674101230892994365438857338932554701 ], 
  [ 4918692037537, 27443289834963944449 ], 
  [ 81915691515472326400687284620240287, 
      3541249485067856327696941937780323618374260555807507440702432224073 ], 
  [ 1091587009386161, 58601950553483834318449697596199 ], 
  [ 3521597113, 55218441961 ], 
  [ 2533566925801, 611848946508952690364196986201 ], 
  [ 236543413597, 9580559008548941503807 ], 
  [ 7202355977833, 22353451839912283, 2486576614583123628817 ],, 
  [ 2031523969801, 823045059624223095939761, 7516722130220089957982657, 
      1547777516930453195498269289 ], 
  [ 116299061040197206832324186013361802815741749389080381 ],, [ 8415095893 ],
  , [ 8142494021, 304571113601, 3403202804245633 ], 
  [ 428674016909169461, 50477544292130770441926116832907029061 ], 
  [ 648794066047, 8565371321420647 ], 
  [ 142900758389004001, 30079089782250142481, 163775006736121392990673, 
      8846262202109763718221867409 ],, [ 21685382148907, 5917856201281929313 ]
    , [ 1890579991 ],, 
  [ 51070298761, 112689002659663, 83706801959964993984019 ],, [ 1317921431 ], 
  [ 2480567936761 ], [ 1181110230734963 ], 
  [ 39107663519, 4990742747582989627 ], [ 120563354592037982943517 ], 
  [ 94234630057 ],, [ 17226018559, 1492496717923513 ],, 
  [ 90143770709000243490089089 ], [ 1039391959, 1259172613 ], 
  [ 464651576247407261064811414436911 ],,,,, 
  [ 404879870921221, 845440856858598164161831 ], [ 1423707433 ],, 
  [ 5144031670747, 16839548303913463 ],,, 
  [ 9262562977, 272804688602427722827, 2508824721106034028133 ], 
  [ 891139900010152606468236183670447358839 ],, 
  [ 1641656161, 2238483438577, 47190348511932634798884295886917313893170913 ],
  , [ 572558241809487292211 ],, [ 1811579941 ],, 
  [ 87596806201, 58770679472849972954332470413329351 ],, 
  [ 6839053649, 23535041922350261261377457, 31117683753485675826277550372569 ]
    , [ 8521443229273417, 402515755877820799 ],,, [ 4929606553 ],, 
  [ 33700980325328712372689266819 ],,,, 
  [ 39914675000479, 3277621339465740999436431641773 ],,,, [ 59492766066649 ],
  , [ 1521147773202457, 11066104411684393 ],, [ 519209128511111 ], 
  [ 13800878776189 ],,, [ 444945211233662457823 ],, 
  [ 72350355885239572049736587729 ],, [ 10856966711, 760223328707 ],,,, 
  [ 5460403313, 14392996801, 287469122669, 1153607479431499, 
      1577231776699915519, 156394053827845280441162533, 
      2307674739133685820948952267, 18832070875464646585869925661 ],, 
  [ 287682379690297 ],, [ 294834169771, 1682976268692787 ],, 
  [ 1476652072824127003450729 ],, 
  [ 4482127877945291311, 74063857346876892219761, 
      26361627973375902252253787071 ],,,, [ 71515473600981233 ],, 
  [ 3789862469 ],, [ 28978647838821847, 551527365541531569640002154999 ],, 
  [ 1152987001, 578345277001, 1908055900190557001, 448295358904124131801 ],, 
  [ 12140897204231182729, 136939567583449550191 ],,,,,,,, 
  [ 203027169919633930711, 4840047782515332485928309984421 ],,,, 
  [ 1963434379 ],,,,,, 
  [ 9726830741, 126146528006697221, 3139184462482019522374541 ],,,,, 
  [ 55072149964651 ], [ 108614756878751 ],, [ 118782086734427041 ],,,,,, 
  [ 480811198435658767 ],, [ 22525508867629, 2024887720539401 ],,,, 
  [ 103861826823532562689302864481 ],, [ 16116411347781229 ],, 
  [ 69471011521253 ],, [ 8300480850451 ],,,, 
  [ 5090310751, 101702094251, 167951657506705115714226947629464001 ],, 
  [ 22200924193057 ],,,,,, [ 1449085381, 714648733906787342868349 ],, 
  [ 1419060241 ],,,, [ 234660600881824657 ],,,,,, [ 38936382178813201679041 ],
  ,,,,, [ 1757592179818696933, 5377218519358934449, 7016736375103334385933481 
     ],,,, [ 8861007577241 ],, [ 45054998753251, 12910042942178119 ],,,, 
  [ 746035529383, 22897205562089 ],, [ 2925945863897473 ],, 
  [ 3611011470971, 6924356258341 ],,,,,,,,,, 
  [ 2197286401, 7392140643009901, 24278575847943894901 ],,,,,,,, 
  [ 1241664733 ],, [ 13852364326651, 1212363486922031 ],,,,,,,,,,,,,,,,,,,,,,,
  ,,, [ 68699697778993, 436330253041201 ],,,, [ 148016651621, 261731402281 ],,
  ,,,,,,,, [ 155801991560251 ],,,,,,,,,, [ 2634064921 ],,,,,, 
  [ 153718588201483, 20947176869067583 ],,,,,,,,,,,,,,,,,, 
  [ 3180964786383266689 ],,,, [ 3864660809 ],, [ 6343499182021 ],,,,,,,,,,,,,,
  ,,,,,,,,,,,,,,,, [ 655437638521 ],,,,,,,,,,,,,,,,,,,,,,,,,,,,,, 
  [ 1028188801 ] ];
