BRENTFACTORS[1973]:=[ ,,,,,,,,,,,,,,,, [ 998838208649 ],, 
  [ 2620169893268843164351 ],,,,,,,,,, 
  [ 1130138944061466481237, 200028753794150850099647098225787, 
      1359811955538935283918390407049281 ],,,,,,,, [ 2469387253 ],,,,,, 
  [ 3285365416972476789533 ],,,, 
  [ 86445506419, 3374968958461, 29467505994683196779, 
      36385473848371271032819906635187 ],,,,,, [ 24466583436921601531418221 ],
  ,,,,, [ 6099136992313076251535572579 ],,,,,,,, [ 113653299053187679 ],,,, 
  [ 254708126642708784868133, 2178865724099687636710985551993 ],, 
  [ 35611749287, 3044963594150268700602675348411203 ],,,,,,,,,, 
  [ 81246436076506889, 2906384986074602791423043 ],,,,,,,,,,,,,, 
  [ 7928186563629967 ],,,, [ 2163958996399, 11219810135869 ],, 
  [ 11897672141, 635826861717941018647428671 ],,,,,, 
  [ 11412040055711, 7965030679231033 ],,,, 
  [ 78567806375409727387421, 7851284910204788906744331433127 ],,,,,,,,,,,,,,,,
  ,,,,,,,,,,,,,,,,,,,, [ 94433052227 ],,,,,,,,,,,,,,,,,, [ 271586183191 ],,,,,
  ,,,,,,,,,,,,,,,,,,,,,,,,,,,,,,,,,,,,,,, [ 2624121757, 289093906723 ],,,,,,,,
  ,,,, [ 68129476159 ] ];
