BRENTFACTORS[9551]:=[ ,,,,,,,,,, [ 5705488616609 ],, [ 4457061803279489 ],,,, 
  [ 1348478353, 75542381628207829514711041, 106264601130126668844756803 ],, 
  [ 4593454521261443, 1019199960463060544068541 ],,,,,,,,,, 
  [ 5447210767, 234466591766790407, 
      94316381162755426180738248812502228395589985561939824131486801569 ],, 
  [ 12567171283 ],,,,,,,,,,,, 
  [ 421559008583, 55382938752433, 11713427749621651043 ],,,, 
  [ 270311115252265727692979 ],,,,,, 
  [ 14938753820010469651, 269933929703966490331, 
      4242926693429944624290742214459 ],,,,,, [ 371207464991119 ],,,,,,,, 
  [ 93487678418531261047 ],,,,,, [ 6246978898931 ],,,,,,,,,,,,,,,,,,,,,,,, 
  [ 113709417299 ],,,, [ 656287298647 ],,,,,,,,,,,,,,,,,,,,,,,,,,,,,,,,,,,,,,,
  ,,,,,,,,,,,,,,,,,,,,,,, [ 58978253112382187826443 ] ];
