BRENTFACTORS[8009]:=[ ,,,,,,,,,, [ 6104668439 ],,,,,, 
  [ 75183307909, 33568479987805981 ],, [ 38128211770636903 ],,,, 
  [ 16173976627519058441, 233159821170832048723, 
      24196448978606746571270642859622382868708353 ],,,,,, 
  [ 560029545662117168014484426332031, 
      15527816167507173908889055471100913962431753084494175027750487 ],, 
  [ 419238115301683, 607778528678371783751, 
      15733585721203335658652706076484049613024667222827644066713802887 ],,,,,
  , [ 12451705313, 744019851361578659267 ],,,, [ 3037901153632692661 ],, 
  [ 898372990555919015660704457 ],,,, [ 593436817399900429936458853 ],,,,,, 
  [ 777919945688321072387 ],,,,,, [ 686754744989 ],,,,,,,,,,,, 
  [ 1813765101851, 4136835465041 ],, [ 4896564153149 ],,,,,, 
  [ 3155025620555939787113497, 13193458925319176583694556003433472029975737 ],
  ,,, [ 1770024469 ],,,,,, [ 2357075467 ],,,,,,,, [ 1877265833 ],,,, 
  [ 6497324143 ],,,,,, [ 81492644282149 ] ];
