BRENTFACTORS[7673]:=[ ,,,,,,,,,,,,,,,, [ 1142138102936461, 16132324055873057 ]
   ,, [ 1131913719800748299 ],,,, 
  [ 8826139088113, 1289327696694851707, 441674841314145559193 ],,,,,, 
  [ 22348176563, 1797785584151, 1312053737063359299412670683589, 
      8461954070628227481786959990740687570533364363 ],, 
  [ 1144682689, 33265133562311927052116837367881 ],,,,,,,,,, 
  [ 1082231245557848167020191 ],, [ 290895504154049959631497 ],,,, 
  [ 909876668300665726050193987 ],,,,,, 
  [ 171745597064653, 398678099677223617, 34158110185099829003286549042869 ],,,
  ,,, [ 8427847054936780507, 927033668544001809172373 ],,,,,,,,,,,,,, 
  [ 1911116467757669 ],,,,,,,,,, [ 834768041407 ],,,,,,,,,,,,,,,,,,,,,,,,,,,,,
  ,,,,,,,,,,,,,,,,,,,,,,,,,,,,,,,,,,,,,,,,,,,,,,,,,,,,,,, 
  [ 110367187857595247 ],,,,,,,,,,,,,,,,,,,,,,,, 
  [ 1164778760921, 13347955603905623 ] ];
