BRENTFACTORS[598]:=[ ,,,,,,,,,,,,,, [ 1128443671, 466703483131 ],, 
  [ 89342650171, 578464218593 ],, [ 210771630688657234709 ],, [ 3750352789 ], 
  [ 110396329429, 686611601941 ],,, [ 3149218891370351, 447268217529265351 ], 
  [ 31970813291 ], [ 9563083304419 ],, [ 6713212379, 117661462057606012211 ],
  , [ 3202643420718435571 ],, [ 1103098454309007746789431 ],, 
  [ 1884460242715121 ], [ 997438192417 ], [ 45469413479809931 ], 
  [ 13577896119401092747 ],,,,, [ 27404043083095162556660070763143332601127 ],
  [ 12031421526532900097 ], [ 4624981201, 572147332538778334073881 ], 
  [ 1112533847658337872916422592343 ], 
  [ 6220762408061, 2176056149899173742612687322711, 
      17156320030899694144708881776621720549 ], [ 23435791371138701761 ], 
  [ 23641030974013573, 190766912047644403059239928448753 ], 
  [ 5521800982344901 ],, [ 2884992241, 7646956357, 109631674777 ], 
  [ 60447678374138235939179114208953, 
      19355948952560979351475175792097829399808387001215239 ], 
  [ 7347878983 ], 
  [ 61627617515552176136050861, 15099447829406374372433707089696665881 ],, 
  [ 7043422017430432149824116597 ], [ 568868131308391, 40430374794721098127 ],
  [ 105585386213741183782663 ], [ 78504434941, 284252967181 ], 
  [ 29523183181206852713, 407918791906440485976857, 
      128842988215760188302685630949 ], 
  [ 11828271564503, 9606006881389660979020727070661 ], [ 3210999692041 ], 
  [ 5448123027199006809942883716737 ], [ 2480754901 ], 
  [ 791221649989, 652301064257107 ],, 
  [ 2753969129, 5732660847651233480248370972964533 ], 
  [ 9976130962843217104869229, 1658967958545856439413658133780819949 ], 
  [ 669783600781, 944642652533231 ], 
  [ 66827132621, 4133729856881, 689036995728271409, 
      26947564505415091339519259, 20739362777407911987531162130914220933 ],, 
  [ 163874272768199192258083, 8930164562442769919678477383 ], 
  [ 8149962917, 21139525241 ], [ 3353859799681509229801 ], 
  [ 32454449651523559439305987609 ], [ 6073912769, 4859599798718845918739 ],,
  , [ 91241153041, 15354152200322321, 362319942241707361 ], 
  [ 8796258181, 1362654563689 ], 
  [ 140641536425104543, 829007026965407926450453, 
      1094734523231615314314444319924213 ], 
  [ 12474259573, 15880847337139, 47016558709033853 ],, 
  [ 80015494973321, 955355100090341659171, 918616773252671355867101 ], 
  [ 15559609427, 113207357296254594633930909565256778851 ], 
  [ 42510747167557 ], [ 809976017549704721 ], 
  [ 41124327994697784451, 88440879973442992559 ],, [ 9117341143 ], 
  [ 237389638261, 1928110712872137043042117536556230757 ], 
  [ 1024993301398039, 189887884751451149291870047 ], 
  [ 4907315975442584424658558949863165027336565951729274966253 ],, 
  [ 1073895937 ], 
  [ 3939987517, 144679679503409, 14836050285808469, 5356942176233294701, 
      563464944501071371531 ], [ 462336137327, 59660856087541639186981535917 ]
   ,,, [ 23287177313 ],,, 
  [ 6624636314037588598441, 14465270972647426987085439989628090625929888881 ],
  [ 12096361621 ], [ 256298230193 ],, 
  [ 27267213030462290211909589, 2878305022377883823253296293 ], 
  [ 5164434389 ], [ 1671644939911, 22246685967844094021 ],, [ 1124891041 ],,, 
  [ 256003151652978564691 ], [ 1802830241 ], [ 1302193540714986439323337 ], 
  [ 52793721112524621372718114271 ], 
  [ 175733858329, 1191216578587107563233, 230540998307584732357003 ],,, 
  [ 5197079099, 108273847278853, 1696329216729655824771988695991 ],, 
  [ 22432388807215241 ], [ 348282089769001 ], 
  [ 2960569957087, 9568257768776342919374461819 ], 
  [ 212972852947, 665678292012611 ], [ 236389890244481 ], 
  [ 1289196847, 76264788117811, 234850410368356873, 1574096940130089241 ], 
  [ 13387361131, 2124089893381, 23459693114911 ],, 
  [ 1282662940271171026933629218989 ],, [ 9404283273239 ], 
  [ 1935690986816356591, 2157903499190914073250732601 ], [ 3965044777 ],, 
  [ 82775477633939484441428640643 ],, 
  [ 21645738002859424584708608916164234412549103944970619451852781 ], 
  [ 2032399760829439, 21673875932626891, 52349201169164161, 
      467191265283148041187 ], 
  [ 1046390333, 294059453932882327, 3325823841483358988400741234910091903 ],, 
  [ 1312187364736797804214518877899592657 ],, 
  [ 7077291017, 117470010573565945538533 ], [ 8388458762255851739915113 ], 
  [ 213495080989, 74716914151800979351910862275191697 ],, 
  [ 1240169551, 7101566066387101, 13394804965255114649248801, 
      13706507754002790668526301 ],, [ 473220923620182172416721 ],,,, 
  [ 53255676314413, 16430614373382574887970790766248645978963238124194361 ],,,
  , 
  [ 28207312801, 31345080730721, 1814793770826619676285441, 881411077281449951\
5000824161, 21768722415066925558379345921 ],, [ 1598178277 ],,,,,, 
  [ 13034397166508421780188128608870601 ],, [ 8221705604821 ],, 
  [ 1249069417587910162649953 ],,, [ 701365270201 ],, [ 17538215770763599 ], 
  [ 682912504513, 17461212736883 ],, 
  [ 119725864596864669601, 343246407212743785181 ],, [ 3362310868350799 ], 
  [ 1511082241 ], [ 40653470969, 47754168008993, 664890794651386409 ],,,, 
  [ 52404717511577 ],, [ 3718021651, 33987145541014252979521 ],, 
  [ 787873670182242297883777, 1023369437337140483713046448193 ],,,, 
  [ 112073225651849291873 ],,,, 
  [ 20454871786001, 113604437716054248444140201 ],, [ 203316124133 ],, 
  [ 91789482425361834277 ],, [ 894157552076825017 ],,,, 
  [ 22389066639871, 1119102493850326407723421 ],, [ 81771709109 ],,,, 
  [ 18712703829300720553, 157648661284603952233 ],,,, 
  [ 462174784689641, 241298869434196201 ],, 
  [ 184856727326239, 17035640692637977 ],,, [ 1179115065451 ], 
  [ 16635021541, 126719532497, 27517480602247309, 64152157118846240903 ],, 
  [ 4616648653, 36385797013, 49129044481973804983145713 ],,, [ 2979663919 ],,
  , [ 24511019357253642374006119 ],,,, [ 45625097633613331 ],, 
  [ 22043771041 ],,,, [ 6675187789 ],, 
  [ 248121174607, 7210444509931921036993 ],, [ 1661136314007169 ],, 
  [ 3654679710332501 ],, [ 72721477644289489 ],, [ 24932524891468471 ],,,,,, 
  [ 22183369441461541 ],,,, [ 13231566414529 ],,,,,, 
  [ 13343919417091, 856226102165191, 7499041029094982629231 ],,,,,, 
  [ 3923556937 ],,,,,, [ 12716930153477435887066963 ],,,, [ 37912454849699 ],
  , [ 120146219389153 ],, [ 2773569571 ],,,, 
  [ 2379985273, 4663085913992931332923 ],,,,,, 
  [ 54085557734401, 22660187075083267652101 ],,,,,,,,,, [ 2599336405261 ],,,,,
  ,,,,,,,,, [ 39835773433 ],,,,,, [ 2288192281 ],,,,,, [ 302304566257 ],,,, 
  [ 2196273181, 847878415981, 96368269117261 ],, 
  [ 79345827307, 12205182577069 ],,,,,,,, [ 1291632472801301 ],,,, 
  [ 870622815614599 ],,,,,, 
  [ 1481199121, 17731361161, 109149617881, 3504967452361, 5605617645721 ],,,,,
  , [ 42445578684361, 942737116855213 ],,,,,, [ 47741612497 ],,,,,,,,,,,,,,,,,
  , [ 3655619809921 ],,,,,,,,,,,,,,,,,,,,,,,,,,,,,,,,,,,,,,,,,,,,,,,,,,,,,,,,,
  ,,, [ 60966604706319451, 113879059533725851 ] ];
