BRENTFACTORS[9011]:=[ ,,,,,, [ 15701321203 ],,,,,,,,,, 
  [ 2706377969, 194408720056517 ],,,,,, [ 10828413643417, 618631176766856777 ]
   ,,,,,, 
  [ 34759923958288449101, 4045348226444347082559841316437291, 2845705118504725\
9185783907182218208866065507 ],, [ 1436313921981019 ],,,,,, 
  [ 138251485681, 87721113782777, 585243859660178177 ],,,, [ 47155409131 ],, 
  [ 57490538267, 2168466275674318274980079 ],,,, [ 2508206389613 ],,,,,,,,,,,,
  ,, [ 47948128269627953, 5963127204808287154426305719 ],,,,,, 
  [ 2004901320337496729628631, 1455756891026396203640812343 ],,,,,, 
  [ 365905939089210366797 ],,,,,, [ 5750460864352408271 ],,,,,,,,,,,,,,,,,,,,,
  , [ 35777449777 ],,,,,,,,,,,,,,,,,,,,,,,,,,,,,,,,,,,,,, [ 20551335149 ],,,,,
  ,,,,,,,,,,,,,,,,,,, [ 9066681614519 ] ];
