BRENTFACTORS[863]:=[ ,,,,,,,,,,,, [ 3318642757 ],,, [ 7078727569 ],,,,, 
  [ 26934292971853 ],, [ 30048708622276756949 ],, [ 93187657699343779601 ], 
  [ 44378924980339 ],,, [ 21938145989113 ],, [ 18496822391 ],,,, 
  [ 149137601072502984350475284401 ],, [ 122270305229 ], [ 2324173716589 ],, 
  [ 19413607510625921 ], 
  [ 1741471393, 11594314366683597851579, 414980540023138598703074747833 ], 
  [ 125739420588433 ], [ 53807296809483398506912716094839617680073153 ], 
  [ 1463078983938520535253823421 ], [ 25286360041, 14245585694695081 ],, 
  [ 6554031937, 44992387184950843109, 
      2417592766170811240398749582349337557538197209 ], 
  [ 27945224017, 23425202430433 ], [ 126368034031, 44728379303769595436381 ], 
  [ 285049647046241419051 ], [ 989240829721925961054946684582813 ], 
  [ 30278979862867988853017 ], [ 32220806320277 ], [ 67836127791777913 ], 
  [ 38329708891, 1397135332891, 1862788457641, 11206489143851 ], 
  [ 208187226241 ], [ 9210555559 ],, 
  [ 189179040215017, 1891335516458771766928507 ], [ 23075348480966401 ], 
  [ 94140804559, 221641162829042149573, 8059974037692427073751762238573 ], 
  [ 90389436619 ], [ 1222505047 ], [ 175040748057965761 ], 
  [ 1415721581, 161678017021, 1622841154871, 59595289745603417335619839990241 
     ], [ 5088252391187235139 ], [ 5822497060774551977 ], 
  [ 105646504697874310901, 3111481658428516243507340404373 ], 
  [ 8847575444321557, 3090131076966173677 ], [ 300168103701761 ],, 
  [ 10751059211706480395161 ], [ 7820898947 ], 
  [ 2456302818335412938838739277271556421 ],, [ 156565527862392329 ], 
  [ 10065864640817066067524255257 ], [ 248267112396726993222089840131 ], 
  [ 18751957913504377 ], [ 6280758301681, 7713479285812481 ], 
  [ 6844361588870059 ], 
  [ 144283535099365125179680319, 449274650264864409597060347 ], 
  [ 183613133507243131 ], [ 219787233372637855132460029 ],, 
  [ 1037172280219337092427827957503270810963392843 ], 
  [ 1744013733536707, 2770745671784341, 8527427465655270852949 ], 
  [ 70844437538550083052100409781361310348010112433 ],, 
  [ 13553731326361591, 92356743601064121031 ],, 
  [ 111794014646857, 106616792222225147413, 
      591288050381333357458677109371864578209069013 ], 
  [ 2310462293198954809552255941997 ], 
  [ 76274193367, 24643037004160217, 11653967163773638094321981, 
      1326783646836639772795005852868911102929 ],,,, 
  [ 911603697198002868468314809, 16918863385186542621875033923231356576649 ], 
  [ 551926616868199, 1860529797348554991865768057 ], [ 13453841201 ], 
  [ 41763227938764401, 271663203659301698623, 1594910583256546292927303, 
      123594675427448764358352673219 ],,, 
  [ 93458677064303520737, 7373649874739867749498487690583477088995224877363812\
91822017 ], 
  [ 22767164117461, 80737074688150319530141, 187010666435941107199749541, 
      502378573683356668891140009421 ], 
  [ 175013984239, 712564808178916489824919749746014003 ], 
  [ 54015480314506819, 27704688600711877271441 ], 
  [ 240801179264317146263724555575746849169861793833893 ], 
  [ 1902618469080377 ], [ 2196325451 ], [ 1613218730437 ], 
  [ 1490404227684401, 561641701613764913, 819525260016384362119729 ], 
  [ 1949392056004819 ], 
  [ 13579206217, 1895064661456938151, 641241627828670997185051 ], 
  [ 400992181189661 ], [ 5962500206021 ], [ 29540338520239 ], 
  [ 48912294851407063 ], [ 475841377523 ], [ 2641301161, 411919146161819761 ],
  [ 2393728481, 83819765818714993 ],, [ 8053823165895547 ], 
  [ 584822248668898937656067587845131533, 
      2930382294538476031354348609981065389 ],, 
  [ 1029979330497433, 14486159309868667, 1545184370287647873562892233933 ], 
  [ 4470764296960646177, 49056388094012873195543 ],,, 
  [ 15237627686971, 3262605715561866249957411494258456160237437570786320121 ],
  [ 168820606134599 ], 
  [ 559994552028253, 9225164589079297, 139358114709218849401, 
      13118493810831897589333 ],, [ 2301433921, 599380627440949 ], 
  [ 84233362923935062062661 ], [ 108640979330281544681777982514737324337 ], 
  [ 1162264001302489 ],, [ 16308186677 ], [ 127961668381 ], 
  [ 3586952581, 18597371320219, 1835893727076547111 ], 
  [ 286292616187508733083475873983 ], [ 1309934662791899 ],, 
  [ 4964200666665991 ], 
  [ 12836549110554313, 786153078353252444213, 17250319747517169761894923110574\
63, 221303334063459511037752522934104067, 
      154950451289116248307640632470067441377199187969 ], [ 42340828951 ], 
  [ 2031105233, 1373704425829 ],, [ 8288670583495332352351 ],,, 
  [ 1523815129, 10953070489, 12046888406467, 80842455477739 ], 
  [ 193927747553, 78342990406776202769850251002787 ],, 
  [ 219737439013, 5210054592966757, 1239884170800593876199280393 ], 
  [ 1028653570632871 ], 
  [ 802843722393019963646041, 47612196789662888945590203556194216470706979 ], 
  [ 613714094067037, 4807582218625603 ],,, 
  [ 136280862677057743837, 55704301974521467294945137193 ],, 
  [ 985707425606525673870076890253, 1154586245024952132212011588853 ],, 
  [ 40055262395179007 ],, 
  [ 2141698585675993, 20833754119185453601, 1029625191814677345017482065661967\
3929 ],,, [ 1045194284881, 1868598843679 ], 
  [ 408324011276512897, 77341563223826470571802710969 ],, 
  [ 3666725792761, 190351248797081093069743, 4111017353341601938341937, 
      15603445571117928901324034517327008712122082541 ],, 
  [ 110676788287897319811484906097 ],,,, 
  [ 442540279249598701, 1529752948170281101, 
      15165364500996578109447087961357932872341 ],, 
  [ 44072745263, 1900163419412764385775169, 2157584712256914956849862807143 ],
  [ 256063730650149439 ], [ 13623072041, 1334111811281 ],, [ 8702487091 ],, 
  [ 8074736033738609 ],, [ 6482325686816561 ], [ 1992433691 ], 
  [ 48660928513, 1647850376183500869560679324745921 ],,,, 
  [ 733132208523288427393, 93641687152062946039305793 ], [ 3684351131 ], 
  [ 269068183561, 730445615226291493 ],, [ 36500513467170810815201 ],, 
  [ 480203677709309, 207119960926597510210637 ],, [ 4272240591483217 ],, 
  [ 7518182387, 9000612359 ],,,, 
  [ 771383772523270919540657762340746604654271 ],,,, [ 16439231119 ],, 
  [ 104673304513 ],,,, [ 9685136820955148741, 122888841671110410061 ],,, 
  [ 161608994021273 ],, [ 44639244901 ],, [ 438175074091 ], 
  [ 24704760109, 1695974923597, 4879370643409 ],, [ 571109785951711 ], 
  [ 1406121949 ],, [ 143314635814757558574889 ], [ 308055434852321798578561 ],
  , [ 1234274101, 6904588517 ],, [ 563269200971, 218769880889267 ],, 
  [ 188125053589765412881, 1801104617367494537336679121 ], [ 7419071731 ], 
  [ 1417343212752281 ],,,, [ 99707146001699059 ],, [ 6559196257 ],, 
  [ 1501345902376643267501, 243389535741371873427878984501 ],, 
  [ 8777088333973, 45022861497170049461073512147161 ],, 
  [ 508040375996783533 ], [ 889477573741 ],,, [ 4654230030317449279 ],, 
  [ 2408919363796921 ],,,, [ 286180754973901824697 ],, [ 18910182593 ],,,,,,,,
  ,,,,,, [ 974618363041 ],, [ 88321235341 ],,,,,, 
  [ 2208208345633, 234670816897921 ],,,,,,,,,,,,,,,,,, [ 11627039773 ],, 
  [ 2034635358449 ],,,, [ 11028022513 ],,,,,, [ 13475895859 ],,,,,,,,,,,, 
  [ 9391441951 ],,,,,,,,,,,,,,,,,,,, [ 19137062701, 946734242651 ],,,, 
  [ 24354238537 ],,,,,,,,,,,,,,,,,, [ 2082850867957 ],,,,,, 
  [ 321707964092131 ],,,,,,,,,,,, [ 5757335417057721901 ],,,,,,,,,,,,,,,,,,,,,
  ,,,,,,,,, [ 26072626620041953561 ],,,,,,,,,,,,,,,,,,,,,,,,,,,,,,,,,,,,,,,,,,
  ,,,,, [ 9075120403, 5731313378419 ],,,,,,,,,,,,,,,,,,,,,,,,,,,,,,,,,,, 
  [ 20244399735177072853 ],,,,,,,,,,,,,,,,,,,,,,,,,,,,,,,,,,,,,,,,,,,,,,,,,,,,
  ,,,,,,,,,,,,,,,,,,,,,,,,,,,,,,,,,,,,,,,,,,,,,,,,,,,,,,,,,,,,,,,,,,,,,,,,,,,,
  ,,,,,,,,,,,,,,,,,,,,,,,,,,,,,,,,,,,,,,,,,,,,,,,,,,,,,,,,,,,,,,,,,,,,,,,,,,,,
  ,,,,,,,,,,,,,,,,,,,,,,,,,,,,,,,,,,,,,,,,,,,,,,,,,,,,,,,,,,,,,,,,,,,,,,,,,,,,
  ,,,,,,,,,,,,,,,,,,,,,,,,,,,,,,,,,,,,,,,,,,,,,,,,,,,,,,,,,,,,,,,,,,,,,,,,,,,,
  ,,,,,,,,,,,,,,,,,,,,,,,,,,,,,,,,,,,,,,,,,,,,,,,,,,,,,,,,,,,,,,,,,,,,,,,,,,,,
  ,,,,,,,,,,,,,,,,,,,,,,,,,,,,,,,,,,,,,,,,,,,,,,,,,,,,,,,,,,,,,,,,,,,,,, 
  [ 2490654515357, 19622300511061, 187209992537977 ] ];
