BRENTFACTORS[483]:=[ ,,,,,,,,,,,,,,,, [ 245637291021443 ],, 
  [ 198637811300615894527 ],,,,,, [ 1616436901 ],, [ 1754967601 ], 
  [ 3355805573 ], [ 5745777019, 76588113018189461877459197 ],, 
  [ 22554658001327 ], [ 21814197569, 15682725214369 ], [ 40857662056927 ],, 
  [ 657658739119061 ],, [ 2645179951 ],,,,,, [ 183127937229814452929 ],, 
  [ 504234155670184140841 ], [ 10852939710909433 ], 
  [ 29069497821269, 658575684386247162959297128352736838193 ], 
  [ 5679563756401 ], [ 4163497001254863097720651, 428182259428921202396735419 
     ],, [ 78503693641578691 ], [ 831435261510622653758173 ],,, 
  [ 8555146337610429041 ], [ 30223109057, 25455896561593 ], 
  [ 75305724733520001529 ], [ 39088125949, 406058904337, 51768774128209 ], 
  [ 1417015273, 989204012990094856216226891 ], [ 1159091041 ], 
  [ 67194944329043917, 1028278846681065491, 2275872011521870826371, 
      598424260914342583429339, 2401584933197973152662163 ], 
  [ 1031757792596911 ], [ 3458662453 ], [ 9215156445324161 ], 
  [ 34879046725341781, 1526232958886482081, 4460831647011477011 ], 
  [ 6581812117 ], [ 195682336076959339931 ], [ 49148195441, 779938464673 ], 
  [ 1425291063577706885752917799339 ], [ 713853341550946801 ],, 
  [ 225509087809, 637962063337, 16738637280505201 ], 
  [ 25969328353, 208972596687881576098633001, 
      1207911254368179223730928924581309 ], 
  [ 182020948331, 99399261417230181350661674110806919 ], 
  [ 92765690029303728443173201, 475440970928656578868460675469151 ], 
  [ 256087235489, 192849131401081059946714467661499089957 ], 
  [ 32647064781285158038297 ], [ 4120088203069723 ],, 
  [ 260696824961, 99066938610161, 1738157219935921 ], [ 64487254112947 ], 
  [ 11367130363, 27558327316103951696429 ], 
  [ 1161852842718433, 1339906853128443343937305657 ], [ 3313551423673 ], 
  [ 7141435987151787182113871 ], 
  [ 152129033071, 334877873095394341, 37891964346002359597, 
      397120520567478658976869 ],, 
  [ 627349867465817, 16490628344790601, 33443737166834964481597227539497 ], 
  [ 7016964380491781 ], [ 6263737111 ], [ 69268734136725429953354199940267 ], 
  [ 1729754536817, 1939567722437768849, 362062135845042278541971950284840553 ]
    , [ 1070946337, 169618424619067, 46606134962209214673709 ], 
  [ 31514785639 ],,, [ 103319491056787 ], 
  [ 6674062970359, 90931560435551769055522865548621924387 ], 
  [ 4421975006832967 ], [ 1548957423297050828472607425101 ],, 
  [ 261193458389336889426220831 ], [ 597323317531 ],,, 
  [ 4786234165265849, 2040465054114332287910843, 
      4469467515803315068857602931071 ],,, [ 1173733801, 6773657017459 ], 
  [ 191295136292737400605776781831 ], [ 16300193715997 ], 
  [ 14536124046268273, 85646802027937799540977 ], 
  [ 148417095061, 384985669972609 ], [ 172748542797913219 ], 
  [ 4268125181, 616624267481 ], [ 2427105494693398744721 ], 
  [ 2015496208321785237673, 372290458517733508919193819637 ], 
  [ 19090676657201, 40834646234296432314283 ], [ 133934667553 ], 
  [ 68367659284921, 13481661091429801, 11310018423615467986921 ],, 
  [ 40991177111, 97485786163 ],, [ 645065308169, 72963896145168743086915093 ],
  [ 328576744751 ], [ 15216690911347898029, 181513791871720132987 ],, 
  [ 1942248449, 38935011457, 13595011851472456998017, 
      124734508941097095375439361, 2930080284858403257817379201 ], 
  [ 1920182612371, 222034962089098303 ], 
  [ 383712804666292171201, 702206820298321973831561, 
      4851997941534301898970195151 ],, 
  [ 255914413123705246193948202236216893 ],, 
  [ 26634596297, 5960885662696913430883, 318646287967295498582263 ], 
  [ 25970029125604194769471 ], [ 100421533238038897 ],, 
  [ 241513167387761473, 5610512870882408573642343326610936871 ],, 
  [ 959881419485711781108970501 ],,,,, [ 1377386611, 13801354720934743891 ], 
  [ 14076048904403881, 337932679609565783 ], 
  [ 39502527667, 33329418032704921 ], [ 462214743028660998389979648097 ],, 
  [ 6857164742708174501378064451 ],,, [ 850870669213 ], 
  [ 1023937572659, 7636871618031892853 ],, 
  [ 2822065187092136077, 5971135680557728115494630909458354781 ],, 
  [ 1224719621 ], [ 31259940328918993 ], [ 379492655791268222081 ],, 
  [ 7788598171375303, 279962336758217419 ],,,, 
  [ 6005538718595220823, 3376723811400437776753 ],, 
  [ 12375931681, 1235245090864534737593302081455049108014687817 ],, 
  [ 18159842918681 ], [ 8334554023 ], [ 20466213497921 ],,,,, 
  [ 2459579912050620361 ], [ 304026518697331 ],, [ 3291175981, 2841818700421 ]
   ,, [ 2133419114696657789 ], [ 1563586771 ], 
  [ 175754078023969, 1173314255916811761234721 ],,,,,, [ 5185661641 ],,,, 
  [ 22931254543, 3267777912560639, 18736745320881243823 ],, 
  [ 1233949361, 125475724529, 16890672327481, 22913372691161, 
      20339578333554513693241 ],, [ 7388903645715439 ],, [ 1867296054401 ],, 
  [ 1220399363, 2170441134728431 ],, [ 72397017626359443002113 ],,,, 
  [ 40277905201, 1884940478095349377 ],,,,,, [ 6546918479 ],, [ 126781529617 ]
   ,, [ 5576433012229, 183723603511883 ],,,, 
  [ 5048773063, 974348709256416028828207055217403 ],,, [ 1491140025901 ], 
  [ 64725884947 ],, [ 54013624989283381, 629680226678193877 ],, 
  [ 9238279361, 14230855107251 ],,,, [ 3445925887, 5790960206673037316623 ],,,
  ,,,,, [ 40295132989 ],, [ 406881061009 ],, [ 6026640349, 96597966853 ],, 
  [ 55766017553, 6064348038860369161 ],, [ 11837846747899563949234751 ],, 
  [ 14530487581, 47317884880025788214511277 ],,,, [ 3619782971393 ],, 
  [ 2130777224459155351, 2667861016857077329 ],,,,,,,, 
  [ 1001922006079, 194190847040569 ],,,, 
  [ 1031812703349751, 210076955455863557512875602701 ],,,,,, 
  [ 28235176333855485991417, 1053143902816439516751900661 ],,,, 
  [ 2315995731799969472401 ],,,,,,,, [ 7450832161, 2078189204203770337 ],,,,,
  , [ 23256835026206430769 ],,,,,, [ 11037654601, 371139090901 ],,,,,,,,,,,, 
  [ 777785844510793 ],,,,,,,,,,,, [ 33257762388187993 ],,,,,,,,,,,, 
  [ 8183832568801 ],,,,,, [ 31987743283621 ],,,,,,,, [ 1278411512351 ],,,, 
  [ 46828278643, 104663703013 ],,,,,, [ 7778956708441 ],,,,,, 
  [ 10113223521697 ],,,,,,,,,,,, [ 1099307917 ],,,,,,,,,,,,,,,,,, 
  [ 2617431301 ],,,,,,,,,,,,,,,,,,,,,,,, [ 34707247261, 3493386188836321 ],,,,
  ,,,,,,,,,,,,,,,,,,,,,,,,,,,,,,,,,,,,,,,,,,,,,,,,,,,,,,,,,,, 
  [ 17138298231097, 42845197606513, 20416948075777934353 ] ];
