BRENTFACTORS[7669]:=[ ,,,,,,,,,,,, [ 181336525691991032163503 ],,,,,, 
  [ 93713006266301, 170029520842272473 ],,,, 
  [ 2572493423367000397404118793280736033 ],,,,,, 
  [ 4783316577841, 2675143212599907173 ],, [ 806629832287372334945261 ],,,,,, 
  [ 617916979870510389342562748435699722869282803527091 ],,,, 
  [ 16033668025993357 ],,,,,,,,,,,, [ 63673970802445464312689 ],,,,,, 
  [ 87255919848158449815123449 ],, [ 17384383169 ],,,,,, 
  [ 226747493411051308139 ],,,, 
  [ 194030731343, 152760879100534545253312776495397 ],,,,,,,,,,,, 
  [ 38057950493 ],,,,,, [ 1062327319 ],,,,,,,,,,,, 
  [ 1533026958293783, 111964676925653222190723746062888829 ],, 
  [ 150627277020705546163 ],,,, [ 239448800179 ],, [ 2093473621 ],,,,,,,,,,,,,
  ,,,,,,,,,,,,,,,,,,,,,,,,,,,,,,,,,,,,,,,,,,,,, [ 114473897147 ],,,,,,,,,,,, 
  [ 31930609958941 ] ];
