BRENTFACTORS[964]:=[ ,,,,,,,,,, [ 18913139347301 ],,,,,, [ 2696773139 ],, 
  [ 14025706200497 ],, [ 51533803357 ],,,, [ 26018014421700043041001 ],, 
  [ 1134976358611 ],, [ 1317810751, 20501500933 ],, 
  [ 49309369165419612177301478999 ],,,, [ 27172580778491 ],,,, 
  [ 76310590175658229 ],, 
  [ 37557055522701376034197272859, 2194810753986642411546825074595038321777396\
9 ],, 
  [ 60966863403983296643423219, 4336615094482034921355198920700329776839269 ],
  [ 9208795784634831646493 ],,, [ 25342236388526347583 ],, 
  [ 18804853160275292531, 608114834727685453660367, 
      420306058220071339282252007 ],, [ 2637915229 ], [ 128824015076017 ], 
  [ 15665873251371627721142369 ], [ 8688432007 ], 
  [ 3669314881, 40778920168801 ], [ 79368032357237737, 6940837621079485369 ], 
  [ 2255828435336102222018039347, 98414587768445940220577448049639 ], 
  [ 33911521641497 ],,, [ 1845029786219 ], 
  [ 1159966508533195096554804684185207 ], 
  [ 5023004743, 274883772749070493, 2987557623560663794563167940376380553 ], 
  [ 92042913410561, 483636736140260528129, 37014284444446935477889 ], 
  [ 3305919205770517427261 ],, 
  [ 15367978050763595412072469, 919308064565209503050069911 ], 
  [ 1542478630601107404043789 ], [ 10633520319911304011143 ], 
  [ 1487897193640973887439036211609341 ], 
  [ 63426671300321835149635310022858779 ],, [ 12165704344526863075005158297 ],
  , [ 291280990041568916101, 56976839246362690445632520403758251 ], 
  [ 1820842201, 1605451505237, 11795772649741 ],, [ 1018304587 ], 
  [ 85995374693093, 66408009564927364253 ], [ 108401985500124161 ], 
  [ 47601793303692331339459 ], [ 557642489426927 ], [ 6088410581051 ], 
  [ 10078820577335833, 301105291179335442577 ], 
  [ 30992354729527529771321913461 ], [ 1288471351, 43139222264040703 ], 
  [ 1057368769 ], [ 2847297351504565421158903780602214977473 ], 
  [ 4665999263, 8398402383793 ],, 
  [ 10469466463, 13362856907843088647, 6697138228054205951807971 ],, 
  [ 1181399647 ], [ 11200970132022723280917504756827014417 ], 
  [ 146906620981 ], 
  [ 24186136609, 15652855343617, 186474483133195252135743553 ], 
  [ 601763782787, 1538837693641 ], 
  [ 1529128526385837959, 343445080524346127089765924643 ], 
  [ 47762876701, 71645610302083621 ], [ 20628789593888101 ],, 
  [ 122486237490079 ], [ 62839545534683 ], 
  [ 1543797033108791449, 38245731527948436268190341763057, 
      46493544948609008500593375550337 ], 
  [ 5519633336253121, 900586902614197509904621 ],,,,, 
  [ 99578760021082298583881 ], 
  [ 30673791949, 45625661364089283324117283943263 ], 
  [ 6063005268670153889, 107298394263393340585799811521, 
      418892628758467335906979959469030173409 ], [ 535885264896481 ],,, 
  [ 2217985309, 65043000901 ], [ 2605324928779 ],,, 
  [ 6735160794721, 35992978974961 ],,,, [ 11475709028573 ], 
  [ 585788651428342001 ], 
  [ 1368432436897, 45265344131332837, 14983079772211528321 ], 
  [ 753103619090741 ],,, [ 1045419181, 377580372654427573546779882591301 ],, 
  [ 558840559201, 14880569606419440415377107767322320691125786513 ],,, 
  [ 18880673067553580842681 ], [ 19252090223519291877577 ],, 
  [ 2923778708017, 35825221672306288006405657, 
      579600761089388197078603738523449 ],, 
  [ 140710829895489449261, 1278412608832102611421 ],, 
  [ 27387468922408040421191630389331, 472883922231978930099425643558091 ],, 
  [ 25331918907097832876067159217 ], 
  [ 1219385621, 19186678884011, 541027984692511 ], [ 198204626120127730979 ],
  , [ 5086834297 ],,,, [ 3033199883644610916713, 30147015177448964033524193 ],
  , [ 101683626353 ], [ 5093025846946520051 ], 
  [ 10279669652161190547241871392396841356516747758957291199315776097 ],, 
  [ 16734282283, 958135316246700701 ], [ 1406100601 ], [ 243121222325281 ],,,
  , [ 1885836086297730873349 ], [ 4866405287474804041 ],,, 
  [ 71753829723241, 146163433537587726289, 31757804444316509201434513 ],,,, 
  [ 41475298433, 59389639889 ],, 
  [ 4125503983, 1211161820766553, 397923999439442286874873, 
      179720674877955483315668593133194507 ],,, [ 15530479849 ], 
  [ 4930076282780069603317 ],,,, [ 4115708987647983624617077633 ], 
  [ 1541729617 ], [ 8876135038193 ],, [ 29642455060747, 200964037630729537 ],,
  ,,,, [ 14719892694229954302924419713 ],, 
  [ 133719557440127, 4744631354244337 ],,,, 
  [ 75742829490533041, 3479005652052340444208497489 ],,,, 
  [ 3353134715621, 190305629071223233 ],,,, [ 3779697436037 ],, 
  [ 4853825787409, 198873093524353 ],,,,,, [ 2538574236530819 ],, 
  [ 18323017343115976801, 316565302132202377321, 79014864770487346555801, 
      535686228321261551768161 ],,,,,, [ 1167169790048890489 ],,,, 
  [ 8581880147 ],, [ 1924525657, 68245269063361909 ],,,, [ 993836879729 ],, 
  [ 99278293384640917, 144613621430177122081 ],, [ 364056320322804149 ],, 
  [ 88764808413363089743 ],, 
  [ 4108651983057361, 2309351923256185371529331086947601 ],, 
  [ 23568220162347829, 188811387283043053 ],,,, [ 49808528479 ],, 
  [ 48675795017 ],, 
  [ 112242403632158539620744751, 51400254837098706355672787358751 ],, 
  [ 2391416426197 ],,,, [ 3114726913, 7470075782792449 ],,,, 
  [ 12918947440621, 10882162964085661, 79949681891048968961 ],,,,,,,,,,,,,,,,,
  ,,, [ 20279831080321 ],, [ 2834569813, 521747050009777729 ],,,,,,,,,,,,,,,,,
  , [ 24811665301, 28569268201 ],,,,,, [ 76491636512959 ],, 
  [ 18556291869276803769307489 ],, [ 2865734692796023541 ],, 
  [ 3461466529, 7360837537, 14595333481 ],,,,,,,, [ 45367656046081 ],,,,,,,,,,
  ,,,,,, [ 47318599777, 4112184737809 ],,,,,, [ 60469880386501 ],,,,,, 
  [ 43209708544201, 769459473834719617 ],, [ 1051311567601 ],,,, 
  [ 102311303242849 ],,,,,, [ 3585301201, 346396526899561 ],,,,,, 
  [ 363286327771 ],,,,,,,,,,,,,,,,,,,,,,,,,,,,,,,,,,,,,,,,,, 
  [ 50415118754209009 ],,,,,,,,,,,, [ 55591458721 ],,,,,,,,,,,,,,,,,,,,,,, 
  [ 308934948978772601 ],,,,,,, [ 3629745901 ],,,,,,,,,,,, [ 2578504219831 ],,
  ,,,,,,,,,,,,,,,,,,,,,,,,,,,,,,,,,,,,,,,,,,,,,,,,,,,,,,,,,,,,,,,,,,,,,,,,,,,,
  ,,,,,,,,,,,,,,,,,,,,,,,,,,,,,,,,,,,,,,,,,,,,,,,,,,,,,,,,,,,,,,,,,,,,,,,,,,,,
  ,,,,,,,,,,,,,,,,,,,,,,,,,,,,,,,,,,,,,,,,,,,,,,,,,,,,,,,,,,,,,,,,,,,,,,,,,,,,
  ,,,,,,,,,,,,,,,,,,,,,,,,,,,,,,,,,,,,,,,,,,,,,,,,,,,,,,,,,,,,,,,,,,,,,,,,,,,,
  ,,,,,,,,,,,,,,,,,,,,,,,,,,,,,,,,,,,,,,,,,,,,,,,,,,,,,,,,,,,,,,,,,,,,,,,,,,,,
  ,,,,,,,,,,,,,,,,,,,,,,,,,,,,,,,,,,,,,,,,,, [ 10654764465809 ] ];
