BRENTFACTORS[3313]:=[ ,,,,,,,,,, [ 4860416320345081 ],,,,,, [ 23946003637421 ]
   ,,,,,, [ 23365695241807 ],,,,,, [ 8466368461 ],, [ 8673156259564501 ],,,,,
  , [ 195233986309152785486573167, 14576456089307944363572877495398127, 
      324316045508690580878577464825261898035137327125549428270533 ],,,, 
  [ 2751935980219897369074818254085165099579477254668739 ],, 
  [ 53733580279, 643417879685137877, 3100670563616776291871157716638208959, 
      4557336127663812900724489565026033746653, 
      15281846899719041370275815227862852103729 ],,,, 
  [ 315389226197, 9654265081207642706144955745763 ],,,,,,,,,,,,,, 
  [ 85040845405413071 ],,,,,, 
  [ 49018113951691, 22006222589663809522024698700007 ],,,, 
  [ 5669833369, 7830205662091, 28038560516693 ],, 
  [ 83611788416239, 478042298882387265310267 ],,,,,, 
  [ 201261915808617467, 96848014002849413911011319531849 ],,,,,,,,,, 
  [ 177854451495972073 ],,,,,,,,,,,,,,,,,,,,,,,,,,,,,,,,,,,,,,,,,,,,,,,,,,,,,,
  ,,,,,,,,,,,,,,,,,,,,,,,, [ 204847655557 ] ];
