BRENTFACTORS[1627]:=[ ,,,,,,,,,,,, [ 321206284517 ],,,, 
  [ 3071924923, 17951776354667333 ],, [ 27202620607, 3641099889492208553 ],,,
  , [ 728552552093987741401 ],,,,,, 
  [ 8376756301667983, 2826352455990296514166885889 ],, 
  [ 7350022997, 43710038470896516062824547759 ],,,,,, 
  [ 349505059531, 321569679372761, 9548114455806454104767 ],,,,,, 
  [ 144645803785545516132831869 ],,,, 
  [ 2345840291334673437981614275727101163953 ],,,,,,,,,,,, [ 6614004918403 ],
  , [ 3996354694051227239596053190117, 85618682262610484601758133802668529 ],,
  ,,,,,,,, [ 138833573836013791214867 ],, 
  [ 43024074241, 213982383132734581618873 ],,,,,,,,,,,,,,,,,,,,,,,, 
  [ 1143778579629704230594320517 ],,,,,,,,,, [ 6901785263 ],, 
  [ 739871580377, 14224138997669 ],,,, 
  [ 1261338977243, 10259891105525363, 2492948680909204309726423 ],,,,,,,,,,,,,
  , [ 3278942389 ],,,,,,,,,,,,,,,,,,,,,,,,,,,,,,,,,,,,,,,,,,,,,,,,,,,,,,,,,,,,
  ,,,, [ 101277623383427 ] ];
