BRENTFACTORS[276]:=[ ,,,,,,,,,,,, [ 1812414599399 ],,,,,, [ 493093434838091 ],
  ,,,,, [ 338641419751 ], [ 4843214221 ], [ 2016032468526847 ],, 
  [ 113274206608971817, 802168362863813327399 ],,, [ 5965364417, 8806660321 ],
  [ 30736725072901 ],, [ 3320219141, 691590933811 ], [ 2744932213 ], 
  [ 3984023101, 29420603651, 18423492187657, 212765812950263537051 ],, 
  [ 801171600592897, 43728905449204093 ], [ 679273952845321 ],,, 
  [ 15094916548284444459670475643815027 ], [ 10626429221 ],,, 
  [ 176519820233, 13239526236063917 ],, 
  [ 2197874813, 81205596396718818618791, 26766645469008141632375832239 ], 
  [ 9591748681001 ],, [ 14958065513, 255631703673373 ], 
  [ 689068297326747708926115260192860279921 ], [ 3144001064329 ], 
  [ 13714714494395821666847671 ], [ 1368516913, 30740494177 ], 
  [ 2600459359 ], [ 141308577014094799636341343213 ], 
  [ 283758570583, 10908149666957772599309903 ], [ 2726363870101 ], 
  [ 2020367765929, 36470733325689431, 4401656680525384650607 ], 
  [ 501210718479165914107628400863 ], 
  [ 60453983269, 201500237205219942881442721842258791989 ], 
  [ 7375735681, 6277516039607995691441708801 ], 
  [ 133049494238066588985869647942166292472970401 ],, 
  [ 34748132281, 91078516990497238482823, 56858821277404841059823039303 ],, 
  [ 86409958423, 159168144544659511, 1275087384896797273 ],,, 
  [ 6166669609, 12290164273, 510315055470001 ],, [ 756709443610961 ], 
  [ 1575183901, 304392563020620601 ], [ 49213988467211626284111297678601 ], 
  [ 43073237593 ], [ 1702446178377229579477 ], [ 8092514738339 ], 
  [ 1145224464954806309842665521788001 ], 
  [ 563554747006809450614767, 33107425688044153444348351 ], [ 1495689722003 ],
  ,, [ 260900243918122931, 7375236682859522823251 ], [ 620784165910549687 ], 
  [ 99162694010461, 206195031535555393 ],,, [ 3994000665121 ], 
  [ 12510497005412982649919601757 ], 
  [ 32792390764127380258120747822594675763497 ],, 
  [ 174863557209340855202167191289 ],,, [ 14417490283198709549611 ],,, 
  [ 172169851832801, 39825464212503418321764301 ], [ 941759549173 ], 
  [ 979606645543, 3669951182250962420257 ], [ 311219874541, 3676717625891 ], 
  [ 23455940182361630074743457 ], 
  [ 1298765417569015240321, 1015416253553991882327396712157493443424151 ], 
  [ 1653761862633563 ], [ 58123694273, 1946436694486111 ],,,,, 
  [ 34098480817399937, 296930601841621486033 ],, 
  [ 469126772251, 173815101359875322167081 ], [ 497855468970061 ], 
  [ 175451781649828421 ], [ 1207989580135543921, 47681904859561431492463 ],, 
  [ 194684150893, 1494163978813241 ], [ 117232943599296810667474681 ], 
  [ 21038396083, 6912070324878284437873 ],,, [ 6439670053 ], 
  [ 199093374042148501 ], [ 81672894283303 ], [ 110091165947023 ], 
  [ 176558461441, 73895922045747713 ], [ 24491750113, 50927093773598467807 ],,
  ,,, [ 26826066217, 37786752863, 499549129446747873083 ],, 
  [ 99860677403485867719857, 33800956201162537028073889, 
      12095997482824744579760597737 ],, [ 1231489586133473749 ],,, 
  [ 850247623271341 ], [ 4847269799447 ], [ 27745285283, 75551902999 ], 
  [ 1375480284252412028281333661748675979810929313 ], 
  [ 827454394931, 6615797680074281 ],,, [ 2744797789, 22845233855808934337 ],
  , [ 5739796565431080371365830995485530554786251 ],,,, [ 8825385004283 ],, 
  [ 36885328312561, 2019063028008157 ],, 
  [ 256767542267, 878601418139993232527 ],, [ 93362416481 ],, 
  [ 26118700978177, 140686795588897, 187212276618727403405381707, 
      76430701126046088499271381947 ],, [ 13284602790655258067937396169 ],,,, 
  [ 300868573321, 412936260549876455409797761801 ],, 
  [ 3022086322259554031036171 ], [ 95816318374206181 ], 
  [ 35708328493, 25442757240683295817368329 ],, 
  [ 1207201772817487, 8508801365448981717919531090933515427 ], 
  [ 3015122251 ], [ 2273246346364261313 ],, 
  [ 97757544471307079, 127287141198346961475978713 ],,,, 
  [ 87398906141, 174664079698468369829, 12578830728496741833175480679069 ], 
  [ 9598261063 ], [ 24842145257, 75887871641 ],,,,, [ 79081283989 ], 
  [ 1102200366401, 9587134539601, 490738324332401, 4997727259456121, 
      4286437284391004022251, 159170010925199585898101 ],, [ 1072186177 ],, 
  [ 49282879971254430878479 ], [ 2596839664381 ], 
  [ 1158064223342843573233, 492733457416977984858421 ],, 
  [ 9839329237, 44349835469866423285893142699, 
      11296348749065519849755304807043079 ],,,, 
  [ 253729236661, 38947907983873053377 ],, [ 139073742358273 ],,,,,, 
  [ 81422072761, 118524812071 ],, [ 22505534797, 313393142269, 642069238609 ],
  ,,,,,,,,, [ 18643429687, 10612645935693303577 ],, 
  [ 84801170801001929630196961 ], [ 428571921268795501 ],,,,, 
  [ 5886346001878301231 ], [ 4895096053 ], [ 28269559643460097 ],, 
  [ 3931975477, 607504209859, 20564997661259767 ],, [ 73458601333816273 ],,,, 
  [ 5442750117093841, 1441740469141705423081948991761 ],, [ 4533115398263 ],,,
  , [ 3735838381550347 ],,,, 
  [ 5729048599751, 569276387148926677605577778800001 ],,,,, [ 4305905521 ], 
  [ 5368490463233 ],, [ 77207309751534608029, 6680340539456901147349 ],, 
  [ 19865696657541281 ],,,, [ 10354497658629228457 ],, [ 1766222574341 ],,,, 
  [ 59311731770378819996041 ],,,,,, [ 840602010377146513 ],,,, 
  [ 60425769170761 ],,,,,, [ 1299061193, 14118356109859, 114911569512029863 ],
  , [ 65266132002049071937 ],,,,,, [ 95487278923 ],,,,,, 
  [ 4553826647350422601, 426697354252931366401 ],,,,,, 
  [ 1989306001, 7187499849879379 ],,,,,, [ 9158642377 ],,,,,,,,,,,, 
  [ 158634726548257 ],,,,,, [ 1444820164458297331 ],,,,,, 
  [ 128428141297, 5335411506433 ],,,,,, [ 20231200837, 3842638367016619 ],,,,,
  , [ 1591949551249 ],,,,,, [ 7767066211 ],,,,,, 
  [ 26767112401, 5922516905245593802441 ],,,,,, [ 930226384500557251794763 ],,
  ,,,, [ 5120921639378101 ],,,,,, [ 440351013061, 95482290417015727 ],,,,,,,,,
  ,,, [ 78740152544013091 ],,,,,, [ 178426476757 ],,,,,,,,,,,, 
  [ 3070483906393 ],,,,,,,,,,,,,,,,,,,,,,,,,,,,,,,,,,,,,,,,,, 
  [ 254476741824451 ],,,,,,,,,,,, [ 293824309087 ],,,,,,,,,,,,,,,,,, 
  [ 241724311681 ] ];
