BRENTFACTORS[1931]:=[ ,,,,,,,,,, [ 50332985196671 ],,,,,, 
  [ 2719320414195183691 ],,,,,,,,,,,, [ 980287060553, 3414831722666981963 ],, 
  [ 1747163201135864889594332334356827787, 
      214466618431857942661827504810541279308304146176426222675190263 ],,,,,, 
  [ 717143709830503873 ],,,, [ 3391624673918121851245723 ],, [ 1047621038539 ]
   ,,,,,,,,,, 
  [ 7349803684661, 6569961650351087, 32872344386201097686459, 5187118162608823\
221883211, 19876061876083618317742783, 57400009377802218929490951007, 
      2013165750215835597809116241151269 ],,,,,,,, [ 742086006325513 ],,,,,,,,
  ,, [ 52239784453 ],, [ 918807853187941 ],,,,,, [ 544911916171125646169179 ],
  ,,,,,,,,, [ 91493770033 ],,,,,,,, 
  [ 109078200481543127, 1036065558817123395020216153 ],,,, 
  [ 1031655283153924463 ],,,,,,,, 
  [ 756533290511, 338619738931141, 311041939976103521, 385373696748867493, 
      182327919847077369722299 ],,,, [ 1408130999662490005293761 ],,,,,,,,,,,,
  ,, [ 42709410391, 1232477597359409 ],,,, 
  [ 390531236881, 3739282216337, 12945412496290919 ],,,,,,,, 
  [ 207223666417, 329988838937, 576818454229 ],,,,,,,,,,,,,,,,,, 
  [ 46159885817735953 ],,,,,,,,,,,,,,,,,,,,,,,, [ 6297727518502661 ] ];
