BRENTFACTORS[2089]:=[ ,,,,,,,,,,,,,,,, [ 5357909074539895487 ],,,,,,,,,,,, 
  [ 508675203947 ],, 
  [ 351876404152018883359, 6167644239181717146835638353503391, 
      1827476011815764961945083880481584381325243079 ],,,,,, 
  [ 9082578082565653672326401 ],,,, 
  [ 6954669937, 20655174751, 41760768120329, 758678529702183031348307559749, 
      1379157532062717386296567154792278797205442641676816752724655554773763 ]
   ,,,,,, [ 948196906458103 ],,,,,, 
  [ 2500012281363059, 549912445550992156036210827329 ],,,,,, 
  [ 3020673686311, 4342869811889657, 489150179751972225272158129 ],, 
  [ 9617955256996124785938444742971934087006927 ],,,,,,,,,, [ 82212577681579 ]
   ,,,,,,,, [ 199123903777, 588074908063 ],,,,,,,,,,,,,,,,,, 
  [ 68635349596510439383788269 ],,,, 
  [ 1976266097960719, 272204876162797714950449 ],,,,,,,, 
  [ 29149109919562267589, 39385083135211428018119 ],,,, 
  [ 208051577653, 24693880031141, 14636197546344247 ],,,,,,,,,,,,,, 
  [ 910898166670270673933 ],,,,,,,,,, [ 896960615587, 452238526973939891257 ],
  , [ 679943635927 ],,,,,,,,,, [ 4271473788979 ],,,,,,,, [ 9562967027 ] ];
