BRENTFACTORS[8969]:=[ ,,,,,,,,,,,, [ 1673102029 ],,,,,, 
  [ 195027408241514655976070281873, 1014727252438377455998741974899 ],,,, 
  [ 30058306517 ],,,,,, 
  [ 49430164838566804160475220099, 2926254799692345061506542802101291291, 
      3285314111061043752416076716873844102019835069 ],, 
  [ 248944044160362358979, 86016714109412794720026673 ],,,,,, 
  [ 138399464369, 46179978076813775769337779462707 ],,,, 
  [ 2932809917447, 178223488955968931 ],, [ 757967233866624308753171929649 ],,
  ,, [ 2740897093681 ],,,,,, [ 43228260151, 36907343406193816408907950163 ],,,
  ,,,,,,,,,,,,,,,,, [ 52250265160897217, 210223995497244706537344928453 ],,,,,
  , [ 1696330329585977, 114740561359553489 ],,,,,,,,,,,,,,,,,, 
  [ 7620554737867 ],,,, [ 36653365730431391 ],,,,,,,,,,,,,,,,,,,,,,,,,,,,,,,,,
  ,,,,,,,,,,,,,,,,,,,,,,,,,,,,,,,,,,,,,,,,,,,,, [ 257813953281779 ] ];
