BRENTFACTORS[487]:=[ ,,,,,,,,,,,,,,,,,, [ 6079952374338064609733 ],,, 
  [ 38167820549 ], [ 15066834705953 ],, [ 12692312192048535451 ],, 
  [ 327399777960005503 ],, [ 19494830543944843, 104601745094234137 ],, 
  [ 68873142743 ],, [ 183428302372114339 ],, 
  [ 258046421431, 1456887156302131 ],, 
  [ 613851036663176862232440264779046586967479 ],, [ 15365031824429431 ],,,, 
  [ 436033741133527347736917876572128741754257 ], [ 11538242786980141 ], 
  [ 31231143342217103491 ], [ 23098662319, 8284429054077479 ], 
  [ 351532253130638835881 ],, [ 2917967076696916496637922315370237374793 ], 
  [ 42075762151, 216794309101 ], 
  [ 111005946941841673, 13822610306124008376487 ], [ 9688092853969661717 ],, 
  [ 22915015731073 ], [ 91393223394952239421 ],, 
  [ 455200234274977, 4822290550451599 ], [ 3190502574293 ], 
  [ 57855506991460223952689694853576923264010058196355291701932220132197 ],, 
  [ 98473043095818749, 27243690242041484689 ], 
  [ 165455655055636865267, 740995708176763450819 ], 
  [ 21445211719, 29033853859255310433649 ], 
  [ 5215582723201, 1920445855145862337, 1166699092969195536577 ], 
  [ 4476903703049444291 ], [ 5990638542992503736163301 ], 
  [ 255463451223798560753399, 376593944567163502696595089057, 
      126461956262754601630511492078699 ], 
  [ 2451998741, 3820258157, 885418059303857 ], [ 2474532247977331 ], 
  [ 2141069815205641252017121 ], 
  [ 32445670171, 191384825782101797, 71707658414680453369, 
      19777237920898809609756542237621681390241806131747 ], 
  [ 8418080986135641927217 ],, [ 2069019133 ], 
  [ 782865525617240236651, 3522605280761901801151 ], 
  [ 27597525494094817, 1288466781301294606493943952408687481 ],, 
  [ 90794281452166853497 ], 
  [ 19904731099873557992371, 1155888302311006793783350491839 ], 
  [ 109491358721 ], 
  [ 3527314352150897117336595778009, 5385260193327864649460872569576597913 ], 
  [ 340144831319, 6175425799761393243273370744234475563 ], 
  [ 813961146420751981747343 ], [ 1271513977304359083639324961 ], 
  [ 743783058881 ], [ 577945246041277001, 5367669139047979387399 ],, 
  [ 259327070421761, 30932578704282369074849440694033 ], 
  [ 35505687955655611, 323807759567497987 ],, 
  [ 68605438721, 50678101091698364210473, 1388659757689774859497391, 
      181732072393654793655950010618641 ], 
  [ 1460578709924261, 3479163613447140713 ],, 
  [ 4291179870734977721863191466442087424937 ],, 
  [ 103153330849, 7807604782142493867942817 ], [ 323168869765140071359 ],, 
  [ 3455147601379, 4461496296115519 ], 
  [ 233581612681164901, 40396791248746377301, 220601233275653040777909401 ], 
  [ 21598963622779, 167065234533138406967 ], [ 10770069996061 ], 
  [ 44728476769, 760647269782691563339997257109, 
      7735298395685404911501187807578249851 ], 
  [ 34654035382877240853226589157572318745516401 ],, 
  [ 397551024506343557993033089 ],, 
  [ 11283537999327232799278936513, 26251318744967246304485619085573 ], 
  [ 2296944125159877331141 ], [ 504776975671, 654639722354803499868769600001 ]
    , [ 10247748684643, 22141530710707, 15537325324838293 ],,, 
  [ 860481481267, 134260904627674603 ], 
  [ 22581870549921643511, 456446464274122730856991 ], 
  [ 447512303424922529, 87336530103028445881, 
      333399668232322012723778711050255357 ], 
  [ 7027452433, 36591813649, 68814294121, 94143107449, 1060368996255427 ], 
  [ 20347623415157246619403 ], [ 3177031537, 3046753964296673 ], 
  [ 1668648776722422264258182176618159400061001 ], [ 9662341987 ],, 
  [ 1422647189377 ], 
  [ 215138257801, 802370300273, 42056769398353, 205498569094739020954081154199\
19217 ],, [ 121846236138985933 ], [ 5425951940303 ], 
  [ 598637654401, 4040851900444525273359684501261479041, 
      14868485369771945483957260492557349975285523201 ], 
  [ 29707085627953, 29567433363135748453 ], 
  [ 129858130652950817336178571, 35781137541560810657887867710639701 ],, 
  [ 6791210689075379689, 202543589456684782417, 592096311921758269761924361 ],
  [ 1319098523 ], [ 3414565704453283250980451 ], [ 255588008311 ],,,, 
  [ 20309325125857 ], 
  [ 16829536081, 24681491801, 24579705303508826508941, 21875721209301535452295\
116113501 ], [ 5052709903, 127924862269797433 ], 
  [ 134094252364490658350797039 ],,, [ 33735772211, 4760920147541 ], 
  [ 966825314476279 ],, 
  [ 9528521053, 178819129046018939573, 12142717997449220024396711638357 ], 
  [ 3269859996199, 263360194096191607 ],, 
  [ 71094952199, 4875929690101, 173194354532592697 ],,,, [ 295109201052661 ], 
  [ 1169313808090741, 278021499819137395047644737 ], [ 5292596534779 ], 
  [ 4114126561745776323989, 223517343768444716670473966443661690796011, 
      11069325100638571985233570879272477128295766247 ], [ 174903734911 ], 
  [ 34836608801, 2311539169079371673687737422165147236121949121 ],, 
  [ 25867950122479081049570485475291492894590775119 ], [ 1252394886093733 ], 
  [ 5391205793455343878938833 ], [ 4644190651 ], 
  [ 419522529573463, 1710171137857567613429057039867 ],, 
  [ 384950033996541198612214241965019713, 
      6281382594531136009464146169024337283017 ],, 
  [ 2487915151, 1062160594817591, 18090386559271279171, 
      1221479419076275611058670704693395689857464175321973754183541 ],, 
  [ 1459657189, 97246116629, 625238136197, 3219227859113786429092430171641 ],
  , 
  [ 1678623549764086319173081, 1256621783012248779548864199787, 11163337631676\
28215746928385975339 ], [ 4003619551 ], 
  [ 9375870046792129, 44003835504840752412585009918689 ],,,, 
  [ 818260873153924835499103281920401 ],,,, 
  [ 262389155026249, 58553565548699315104729 ],, 
  [ 54946964011, 200196954427197377639749579 ],, [ 1602858970357 ], 
  [ 25175132475193 ],,, 
  [ 14626915201, 20415176833, 920713397290371324109510764608449 ],, 
  [ 2143382000827 ], [ 1384143057311431 ],, [ 6121541105447 ], 
  [ 2585008207, 9758944679452020163 ],, 
  [ 70901941388801, 1127908828302768917373334001 ],,,, [ 35772048732037 ],,,, 
  [ 15945530457443809 ],, [ 2483124841, 34963798063829519640841 ],, 
  [ 30354260014817 ],,,,,,,, [ 8680714241, 1166457584067469692619721 ],, 
  [ 14134347308480383, 951770603320034311453, 
      20996592425529546783540541367767 ],,, [ 203131593901 ],,,, 
  [ 96470419702991 ],,,,,,,,, [ 1180998127, 3833531312660029910689859933 ],,, 
  [ 174930192893837 ],,,,,,, 
  [ 1132161169, 4682456257, 10292202121, 110380956685186801 ],, 
  [ 1334146680751 ], [ 1001634573491 ], 
  [ 328209602715037, 14535445274513125727689, 137250148961479322226277 ],,, 
  [ 213141162190781551 ],,, [ 6809864077, 288194164411 ],,,,,, 
  [ 488888044515553 ],,,,,, [ 7365116596567861, 3320909227779903540713521 ],,,
  ,,,,,,, [ 493631882782918545401 ],, 
  [ 7199417419, 11725280102045767, 5181614439575459782840873 ],,,, 
  [ 12324823369 ],,,,,,,, [ 41500774519 ],,,,,, [ 90923590811431969071301 ],,,
  ,,,,,,, [ 20340967441, 231616339111 ],,,,,,,, 
  [ 989633548831, 223816133853138067 ],,,,,,,,,,,,,,,,,, [ 214944973459441 ],,
  ,, [ 27877819943801 ],, [ 3058714279, 1882548627874903 ],,,,,, 
  [ 18397764373 ],,,,,,,,,,,,,,,,,,,,,,,, 
  [ 185317569682429, 621171055751176393 ],,,,,,,,,,,,,,,,,, 
  [ 21952156078055191 ],,,,,,,,,,,,,,,,,,,,,,,,,,,,,,,,,,,,,,,,,,,,,,,,,,,,,,,
  ,,,,,,,,,,,,,,,,, [ 623077812136954021 ],,,,,,,,,,,,,,,,,,,,,,,,, 
  [ 125676913608733 ] ];
