BRENTFACTORS[4957]:=[ ,,,,,,,,,,,,,,,, [ 8297555807, 13180846199 ],,,,,, 
  [ 1111575895057433580587, 1457089216808138002997179 ],,,,,, [ 98537255717 ],
  , [ 2830699124570572233610139357699, 480732337589673788293381282134739 ],,,,
  ,, [ 6831221963988574605161744292346022799317478017 ],,,,,, 
  [ 3188720203535418439, 1116018220414335973444896470159, 
      6899076744304285206134996499302094181 ],,,,,,,,,, [ 4884652781 ],,,,,, 
  [ 77589891784234801 ],, [ 20537903080696877674632338233 ],,,,,, 
  [ 100738318063 ],,,, [ 413089423071891908432690050580113825314390964342499 ]
   ,, [ 2971170980493691 ],,,,,,,,,, [ 429144100717 ],,,,,,,,,,,,,,,,,,,,,,,,,
  ,,,,,,,,,,,,,,,,,,,,,,,,,,,,,,,,,,,,,,,,,,,,,,,,,,,,,,,,,,,,,,,,,,,,,,, 
  [ 13786232741 ] ];
