BRENTFACTORS[1489]:=[ ,,,,,,,,,,,,,,,, [ 4424206521822517 ],,,,,,,,,,,,,, 
  [ 11247483790599633761841499870645355369, 
      237120584150069967456033186157382818102810758664132469 ],,,,,, 
  [ 1204843951, 9541483370411, 5029958803680904983102643037 ],,,, 
  [ 291831544934663 ],, [ 197363302076594340611, 96611721040738143556079 ],,,
  , 
  [ 113871761023, 1551246570904172788398167493608459, 722601818080160603510926\
8182640598877 ],,,,,, [ 948018345907 ],,,,,, [ 3240502866247 ],,,,,,,, 
  [ 4285593807870712688807, 4214766223556933527234783 ],,,,,, 
  [ 504139256039, 329276905986043 ],,,,,, [ 6363734552951650542649 ],,,, 
  [ 155021048490571, 30846963150936776656003 ],,,,,, 
  [ 5167451008579995912086533987 ],,,,,,,, 
  [ 53930716691, 39775539609473, 23105327875636639609 ],,,,,, 
  [ 1997407066861 ],,,,,,,,,, [ 257780223509, 11050919843901726121334627089 ],
  ,,,,,,,,,,,,, 
  [ 1004492023, 463321425318556171, 41026995476722554317512976431 ],,,,,,,,,, 
  [ 17155599490954174720801 ],, 
  [ 4212771369053415197, 9326875050726718339201967234011207 ],,,,,,,,,,,,,,,,,
  , [ 804982785435469 ],,,,,,,,,,,,,,,,,,,,,,,,,,,,,,,,,, [ 2028016609 ],,,,,,
  ,, [ 8762274869 ] ];
