BRENTFACTORS[506]:=[ ,,,,,,,,,,,, [ 1398256393, 2386597903 ],,,,,,,, 
  [ 1038768781 ], [ 2853514051499 ], [ 1396939087, 3727792160829549557 ],, 
  [ 348149836901 ], [ 5086465333 ],, [ 1042948506444349 ],,,, 
  [ 854196275492514049 ], [ 38712734292216667 ], [ 35960774221 ], 
  [ 4149162383327827376281 ],, 
  [ 12415134003905465990377067, 179935753871572644689388409 ], 
  [ 40997808475133 ], [ 20194374019, 763316805656653 ], 
  [ 1008873601, 20610630881 ], [ 1291670766641, 23688758907175606201003 ],, 
  [ 85638802580060870651462497895721885170653 ], [ 5671816345645069767313 ], 
  [ 4968950095993951 ], [ 1149406204447 ], [ 20357009535009816768178921 ],, 
  [ 760589034899 ],, [ 8480181921054182461798913593 ], [ 7065746417508481 ], 
  [ 15058838526687651247, 586024034120239971539438567 ], [ 48528446522077 ], 
  [ 4219186498561, 362906399286703361 ],, [ 2741876359 ],, 
  [ 1468437475892031030899 ],, [ 150787447571, 379325202797593584859 ], 
  [ 8779874396003801 ],, [ 1454127006607690561, 18222108050057375041914241 ], 
  [ 1395429491, 969352708233577187697841, 
      1762170358043448467756492297913859511 ], [ 26877227257 ], 
  [ 3129863927625077189 ], [ 51108865497737, 961966187616759801733 ], 
  [ 2638844557, 50176459279, 28679305049041, 331939362094341919 ],, 
  [ 199644059929, 1545537418577, 213296812141559 ], [ 249121407529 ], 
  [ 1814837208787, 17576339179842241 ], [ 70745631331, 1719334208874899 ], 
  [ 137863128888840682951027951 ], 
  [ 21102672201682659645488070034123750127129 ], 
  [ 63899067079, 7063997680279, 241074005538059 ], [ 272673888163 ], 
  [ 5078603797, 12957844467295279, 47395286352156034613604917393 ], 
  [ 2218599960721 ], 
  [ 26739905313166041631767463, 34372778364264763223412247, 
      12973871062600924291749160821553168189 ], 
  [ 72533203697447, 529194155947514428707064851917733918837043 ], 
  [ 7683510390947384946151, 62081289383814448105517977 ], 
  [ 148507839901, 199137987709624954453 ], [ 10554584251398315555541 ], 
  [ 7672959131, 33781135898500033 ],, [ 80630820733751377937 ],, 
  [ 17971107881537431 ],, [ 849681635137616737, 1206445418739806129 ],, 
  [ 89188893819451931376045523, 1677761071399803556256455112245181138551 ], 
  [ 59824703341861 ], [ 53873428513, 5500286824565761, 246997924561410946177 ]
    , [ 2259597568052303777 ], 
  [ 162290053591, 3379346898417491, 21090501116110661327 ], 
  [ 227354905995590966869 ], 
  [ 66631386317101, 452038051414501, 5913191806562101, 
      1137043157678395561055603735401 ], 
  [ 2179282344064733, 3055892267262811, 261730361939568779311 ], 
  [ 33330079267, 13929306380159149186705479140226019 ], [ 29180848931173 ], 
  [ 10153403417, 2285703674951166134070610530041 ],, [ 8718900756098330893 ],
  , [ 1405119637, 18029885047777 ],,, 
  [ 196014591085003, 457663236300850107699147649, 
      11086276803185856903043439332574377 ], 
  [ 13645661185773690621094050788086530442735969948035675588278561 ], 
  [ 1049522983 ], [ 846287941053859, 101318282096422513828692619 ], 
  [ 551480042071530952231, 33159975530698234375021 ],,, 
  [ 119690163679, 68992502979938751181823 ], 
  [ 1184005019, 150565551109, 74135757035666395651 ], 
  [ 421255388164201, 1295443470812500591321 ],, 
  [ 60823939483, 696588934204993 ],, [ 666084399575453 ],, [ 305847492931 ],,,
  , [ 393849519961, 2038961756864070221, 1020167680743259061414311 ],, 
  [ 2050826094036319553699239827160719942046060038217 ],, [ 7403594873 ], 
  [ 1987279094611, 9969317124391, 13480859628892261 ], 
  [ 4548721974689, 31925969284011907001 ],, 
  [ 9284254299937, 22065178910988582209551, 32428632305477375293099 ],,,, 
  [ 8465683124891 ], 
  [ 1342228858543, 31613317943379173, 1574371946514930909919 ], 
  [ 34143393169, 145039744566190961181249599809 ],, 
  [ 617184613459, 3182425617093425450843, 5718342688645531796642471 ], 
  [ 2782416001, 6538102019446999 ], [ 75789575038812377013988589 ],,,, 
  [ 40478274847494942952365595793 ], [ 16955677170185329 ], 
  [ 251251629208889 ], [ 4116637561, 78235752451 ], 
  [ 106115644753, 31483525768422490354903275142933 ],, [ 5347978968928489501 ]
   ,,,, 
  [ 2690234857, 2740842668190418879771, 16115345073224362023879699600823 ],,,,
  ,, [ 397107945958625344297 ],, [ 419142955151, 494084567209519699260521 ], 
  [ 1883824237, 9236839144123 ],,, 
  [ 264617662392451, 5061894833656237, 70061961148879957, 
      5852250048023417268080677 ],,,,,, 
  [ 316527354442908799871460685969501, 708262231269421892523928751853666082912\
441 ],, [ 2750698679, 23303233409, 35122918112822093009 ], 
  [ 1023643807, 143940186173736367 ], [ 83784898567970217286217 ],, 
  [ 42292943843233, 352929471868705117 ],,, [ 1597844247668047 ],,, 
  [ 148206689393182604072037313, 102619213300832483484521216859159937, 
      5864264568028668091981383395297495045059009 ],, 
  [ 8579154719, 1791691917901 ],,,, [ 9609030813928073006314525141 ],, 
  [ 1711271801, 47418422755425473762479201 ],, [ 19565018051, 2455167319321 ],
  , [ 256027395541525549 ],,,, [ 160923230344756049 ],, 
  [ 13998789847735024711 ],,,, [ 104965949903 ],, 
  [ 5563575289, 26363373481, 1239174573214149217, 59537202704138152153, 
      97274788964528074489, 241368517908635444857 ],,,, [ 14238607827837581 ],
  ,,, 
  [ 5250341724769, 286949437897921, 1530405628639927649, 2233963240729675393 ]
    , [ 18634078259101 ],,, [ 11066639348641, 21747790892387827019168643889 ],
  , [ 13357821410773697731 ],, [ 383649546649 ],, [ 3658239197497 ],, 
  [ 40116032467104128057 ],,,,,, [ 2264261869 ],, [ 4836034373 ],,,, 
  [ 237844290137 ],, [ 22217992501, 8627449404936001 ],,,, 
  [ 72201323213, 843383318311, 64105748201766941901281 ],,,, 
  [ 2181193352659, 45035860116043 ],, [ 2479450890281 ],,,, [ 1304520097 ],, 
  [ 1760292241 ],,,, [ 196791992962129477306879291 ],, [ 80533641953 ],,,, 
  [ 1412542609 ],,,, [ 148485314321 ],,,,,,,, [ 4514053597522849 ],,,,,, 
  [ 2187558215977, 387054776955026876389 ],,,,,, 
  [ 7902206836201, 1396941103340334811801, 236103254118508755198901 ],,,,,,,, 
  [ 322251667040879269 ],,,,,,,,,, [ 6325558439509 ],,,,,, 
  [ 34895374862294247850981 ],,,,,, [ 207651699091, 24884923069051 ],,,,,, 
  [ 204187579009 ],,,,,, [ 25080438673, 1367112967631891191 ],,,,,, 
  [ 19974720109, 2732333596952101, 1008995268691569121 ],,,,,, 
  [ 39069563358907 ],,,,,, [ 1069722721 ],,,,,,,,,,,,,,,,,,,,,,,, 
  [ 5739486525966524161 ],,,,,, [ 6475872628177681 ],,,,,,,,,,,,,,,,,,,,,,,,,,
  ,,,, [ 1789477621 ],,,,,,,,,,,,,,,,,,,,,,,,,,,,,,,,,,,,,,,,,,,,,,,,,,,,,,,,,
  ,,, [ 37326291415201 ] ];
