BRENTFACTORS[2237]:=[ ,,,,,,,,,,,,,,,, [ 829261963433 ],, 
  [ 1497950299282747, 8709076726659151 ],,,, [ 8361909994271430675292271 ],,,,
  ,, [ 122786909145028937, 340120705546411067 ],, 
  [ 149286343436584859928592643 ],,,,,,,,,, 
  [ 1407732541, 357750648919908319, 37170507794867253084689, 
      45453076743791378519068455091, 
      154286081810287277516117880685986088122681806476163579 ],,,,,, 
  [ 46370704969, 5393179849559636423823101, 562282266998968180703357086127 ],,
  ,,,,,,,,,, [ 5108442667 ],, [ 26531229161293, 2345965375515550964495473 ],,,
  ,,, [ 430737941771083 ],,,,,, [ 277252046959, 98517325594146740807 ],,,,,, 
  [ 1253810265581, 11470411050891083, 2085803993656750249 ],,,,,,,,,,,,,,,,,,,
  ,,,,, [ 5036746609212553114811 ],,,,,, 
  [ 18995798515450429, 778793807190119001989, 
      82845059432821233472164742659281 ],,,, [ 467624413273 ],,,,,,,,,,,,,,,,,
  , [ 472798210627 ],,,,,,,,,,,,,,,,,,,,,,,,,,,,,,,,,,,, [ 607501462103 ],,,,,
  ,,,,,,,,,,,,,,,,,,,,,,,,, [ 7823203040321 ] ];
