BRENTFACTORS[305]:=[ ,,,,,,,,,,,,,,,, [ 1047708947 ],, 
  [ 3568453879, 7476790169 ],,,, [ 118826938859 ],, 
  [ 64258496789651, 5190144877116151 ],,,, [ 3771112844293757 ],, 
  [ 1500081259 ], [ 833566193121371681 ], [ 1700032753 ],,,,, 
  [ 1775869565832081977 ], [ 3153532343595968023 ],, 
  [ 140258087197, 164016997907806278629, 529753603039551672747191 ],, 
  [ 4577101891 ],, [ 7664263227805998421 ], [ 361247942503067 ], 
  [ 14550358607, 44219094854741 ],,,, [ 11902825213967510349667198281409 ], 
  [ 146441000473, 5009321044931441473 ], 
  [ 31955192600417, 1473612835190219, 8646792279668607025296616722150080320202\
9 ], [ 1754776423801 ],, [ 8737989053753 ], 
  [ 21268700473, 248610311299273034190010067142157 ], 
  [ 1410895183, 14096199356128617277117081 ],, [ 1411632528005281 ], 
  [ 34883183795101114030836696809 ], [ 942119488432747 ], 
  [ 23508829585942810327 ], [ 2086161916513019364852168626177 ], 
  [ 490213526175453584213355491 ], [ 15290813239087 ], 
  [ 9676155828788160944947769 ], 
  [ 4209893141477, 60586061866629697, 14288635533589850281 ], 
  [ 64313853823, 572383786137976118587, 1653227575886759726827811287 ], 
  [ 1623092101 ], [ 248773345778800320930534937 ], [ 11001972707852257 ], 
  [ 50272225212476563 ], [ 1473553595821, 4272525277403, 8793350516147 ],, 
  [ 47616744557449 ], [ 19560090551 ],,, [ 7094767914665700337122897281 ],, 
  [ 591845419801117556441531 ], [ 11991878513, 11548793867204285386829063 ], 
  [ 824203661119819593168697 ], [ 16075896503603001011 ], [ 349179286890793 ],
  [ 1239143551840849, 564074485242373429 ], 
  [ 2800877201, 4089936083943918473 ],, 
  [ 1188177841, 2082954226722017141367181 ], 
  [ 2260238766787, 756604572615893, 14081970372893522053401664127 ], 
  [ 943282664237857, 23272986998062930595463301, 
      75746311655946661380930897408029 ], [ 121661032502659484026786159 ],, 
  [ 366082300945886387397419611 ], [ 14491979718940513 ], 
  [ 341869256515511267 ], 
  [ 1133418336462708297910918410852674291081060946252901 ], 
  [ 10947852818893 ], [ 21659607763301 ], 
  [ 5067777197524681, 155932299362510735489 ], [ 2050395265658681419 ], 
  [ 6458559238891 ], [ 123310570713581459281838274754065407368922257 ], 
  [ 900726963292066350105629997407151418712811214371961 ],, [ 598197805687 ],,
  , 
  [ 581282134841, 5030698616351, 49041098369347180471, 9377247987375731193611 
     ], [ 1525811396797801 ], [ 1468524112905533992915750294570286879266081 ],
  , [ 5932921153 ],, [ 1418916298169987801, 78944460753084675577 ], 
  [ 32249741707 ], [ 64879102201, 7377296843797585993, 1073054490192715221049 
     ], [ 370430835308587936121, 3458012043048409015457 ], 
  [ 945872072484895970144441881 ],, [ 255489646844045143 ], 
  [ 17706175213, 42111746407 ], 
  [ 57236317556401, 42681929160014885888821, 69647584461479208346136106017 ], 
  [ 9540065163199001 ],, [ 737284017937 ], 
  [ 19173467162563559202965747086081 ], [ 1001863021 ], 
  [ 551276409986130126193508471 ],, 
  [ 1070926429, 2478100021, 14694817237, 31616977657, 
      119530194122819746171055569 ], [ 25269710428411 ], [ 51157362176351 ],, 
  [ 644784381137497, 122911394201423902956576392441 ],,,, 
  [ 6709240788434381 ], [ 1370454622249, 26328589616977, 5644351797558553 ], 
  [ 30455696151649441, 2127110929381547163449 ], [ 2705422341649457 ], 
  [ 116112247977601, 535383147036458592671880654769927637233 ], 
  [ 920514413755021 ],, [ 249578933615593 ], 
  [ 55839261661553, 1366967682046019177, 9279524883045597092569 ],, 
  [ 10336962517201, 84035891181968685619395542327677501 ],, 
  [ 2908929347775137 ],, [ 13874939630506163441 ],, 
  [ 5750252121922579331831790677893819273 ],,,, [ 2730137666333292123841 ],, 
  [ 5033096915113, 70603072081674953354137 ],,,,,,,,,, 
  [ 200310621604420248848741 ],, 
  [ 16730651929, 2542978639807, 133180746602195397040711 ],, 
  [ 576949593313626987521, 2162434622429789313833937086257 ], 
  [ 29879534017759 ],,,,,, [ 4445986099 ], 
  [ 263378282273, 2417226312055551504129585464689 ],, [ 17418668989 ],, 
  [ 11746437401 ], [ 8922205783, 13398679491303709 ],,, 
  [ 1589326273, 785109240961 ],,, [ 101927272981 ], 
  [ 34292096632499022661, 4403814397072876772869 ],, 
  [ 95267495604623574798382932631891 ],, [ 1029491659273001 ],, 
  [ 106710052916628343841 ],, [ 125119224733, 145312188601 ],,,, 
  [ 4368808889825748730961 ],, 
  [ 1786568779348501, 38478523521331819491467540759971182151 ],, 
  [ 72689297117 ],, [ 3436326165457 ],, [ 7124478671449 ],,,, 
  [ 6056605906913329373841181 ],,,,,, 
  [ 919477885721, 312338145970787, 5152981052131167737 ],, [ 153298116421633 ]
   ,, [ 9274227211 ],,,, [ 5161166947, 2362318256611 ],,,, 
  [ 2298287650363349, 473217214674215107517 ],,,, [ 100758952332918683 ],, 
  [ 8256646631533, 16647345607441 ],, [ 2617633849 ],, 
  [ 23796727819681, 10573462559785889 ],, [ 3499848309195874790001288030001 ],
  ,,,, [ 61701113251, 831040695091 ],,, [ 213171532015439717719 ],, 
  [ 12101104574261, 8743668622010141, 2588597528419154201 ],,,, 
  [ 10138744704001, 19227618368377, 486018799446049 ],,,,,, 
  [ 6749834831057222504432011 ],,,,,,,,,,,, [ 360967631244019 ],,,,,, 
  [ 68736689710745185601291296513 ],, [ 14347569476741, 1465450113799201 ],,,,
  ,,,,,,,,,,, [ 14600168784251, 28526811919621, 651623178288661 ],,,,,,, 
  [ 18687934513, 1108372738513 ],,,,,,,, [ 406045134401, 1197188675201 ],,,,,,
  ,,,, [ 1072280996850639259891681 ],,,,,,,,,,,, 
  [ 198127549099, 694458397279 ],,,,,,,,,,,, [ 13340377703413 ],,,,,, 
  [ 43911285841, 20078322884281 ],,,,,,,,,,,, [ 26241755689 ],,,,,, 
  [ 305578217953 ],,,,,,,,,,,, [ 81515668176183843421 ],,,,,, 
  [ 2090513144017 ],,,,,,,,,,,, [ 294507312793 ],,,,,,,,,,,, 
  [ 7693236614686981 ],,,,,,,,,,,,,,,,,,,,,,,,,,,,,, 
  [ 25881764401, 1598322515851 ],,,,,,,,,,,, [ 87959666719 ],,,,,,,,,,,,,,,,,
  , [ 1632239041, 20309887201 ],,,,,,,,,,,,,,,,,,,,,,,,,,,,,, 
  [ 3463968961, 7548292596181 ] ];
