BRENTFACTORS[261]:=[ ,,,,,,,,,,,,,,,,,, [ 89859925783, 3888768456761 ], 
  [ 1360012061 ],,, [ 3806698006679 ],,,,,, [ 2698704026813425487 ],,,,,, 
  [ 151125559691, 133518466362877471 ],,,, 
  [ 9277311917719, 214427060373834907 ],, [ 220786986306963281551 ],, 
  [ 7924850207, 439950839507600036471 ],,, [ 802782646963026881 ], 
  [ 6481594416179 ],,, [ 1020512652701 ], 
  [ 164329203277334017459, 1107545841248866066213 ],, 
  [ 264789746351980472731 ], [ 732943157707 ], 
  [ 32548025885659351, 2486571867740616886404064224104569921 ], 
  [ 190281278713, 1569147622001, 7690493342910337 ],, [ 8792614435729 ],,, 
  [ 112239030774832733701 ], [ 64720553057, 122192679921266241869 ], 
  [ 9815409451 ], [ 1853761153568337859817921 ], 
  [ 23068204215301377214590237704131 ], [ 5792735868547 ],, 
  [ 2322205502449836039095135910774181 ], 
  [ 1959197869, 4689926579921648779027, 56983670512918224479228436709081 ], 
  [ 171298479031 ], [ 1304217833608734379037126279892614579 ], 
  [ 1366265521, 6554256544548132292657 ], 
  [ 488745085978717, 2390371157030541368093, 50519633021757177715254944076719 
     ], [ 3658348879, 14836646281 ], 
  [ 499832662555122154582954156172154123136201 ], 
  [ 2837973413501683513147621 ], [ 35758209928211 ],, [ 6099249322811959271 ],
  [ 461595354412179180357841 ], 
  [ 280172275714792855543387429581369107580351127 ],, [ 210951727259363 ],,, 
  [ 4593089277187, 67393467227121680479665634489979497837 ], 
  [ 3750734431, 4862752574077, 392195425580616748211958943, 
      5647680170812269559419583181805727 ], 
  [ 5141132529721, 545214015217826886079457314412945297 ], 
  [ 28285741303, 509751036149, 34691384482542857 ],, 
  [ 241810693624130772763176647 ],, [ 36140942856300843619 ], 
  [ 131293475912959 ], [ 46936415731, 67772412649771, 2070709187550401 ], 
  [ 10038492422964171187129120897 ], [ 223156627204559 ],,, 
  [ 3228999001, 8965371521461601, 36757716770121158113660801 ], 
  [ 9600282144461, 60922728584521, 71514690504823 ],, 
  [ 85045969061, 2430411865307 ], [ 3797361354973281366400988041 ], 
  [ 18033348131629231117723958491, 7778968801415096185124761156945291 ], 
  [ 30622912259923105267, 39833771292982486993804447 ], [ 20286235289 ], 
  [ 14488591393, 13372859410960789 ], 
  [ 4475726609, 11013845004221, 291683217940379029 ], 
  [ 2450572338127093764656468948437760974398751 ], [ 1111119103 ],, 
  [ 2269054825338971 ], [ 31247439432829 ],, [ 51074328113 ],,, 
  [ 2573164133, 1005085038368363 ], [ 118807562161868039881 ],, 
  [ 61516890089, 2316741662013709018131431, 214383427061734027726193745953 ],
  , [ 1236400777 ], [ 18738597484896745751 ],,, 
  [ 160652876147713, 3793422887842433, 13286535181486849, 
      1095531974507915989586561 ], [ 1960446841603, 127610349661835105138461 ]
    , [ 425761158811, 150010388405236257991 ],, 
  [ 80430536209, 4420664162648317, 644780977203623833, 
      12955693182728573876017 ],, 
  [ 847283286126380443, 1425244162158540984642817666853837 ],, 
  [ 10003982840281 ],, [ 210960595861 ],, 
  [ 13467590467241, 17170063978706620956521 ],,, [ 127185611622119909 ], 
  [ 1217348966244673, 62401310977308913, 1703666835521586648488876249073889 ],
  [ 296028568141, 267633554935325681 ], 
  [ 663386794237, 6713777661290329826696597 ],, 
  [ 79021242757449189778540905337477 ],, [ 58625837401 ],, 
  [ 9462587674398577, 370187952517329462913 ],, 
  [ 56863435861, 5138346370254814312250809806871913, 
      4050675447190884255922072451241414731 ], [ 13182536405351 ], 
  [ 87796604243630326012379094539360981893 ],, [ 55077046201 ], 
  [ 1335914697798643 ], [ 175394763521, 14284368329272626167496451907675521 ],
  ,,, [ 195829666321122877 ],,,, [ 1104978374837503111009 ],, 
  [ 23704434891341, 38212441462861349546230351 ], [ 3613967517187 ], 
  [ 2397235609621 ],, 
  [ 83118005307973, 268923746429382881500592282701, 13310123774568344055126792\
557268780013 ], [ 68316416351 ],,,,, 
  [ 148697850601, 52935132654367400641583593810026984026833501861 ],, 
  [ 338481648779, 97376318720591, 28128307056655261, 
      138813291909748667930882437 ],, [ 1773781797964801, 2824763829058009 ],
  , [ 62669186089, 608927037705397 ],,, [ 36883922724915841 ],,,,, 
  [ 684976045297868747 ],,,, 
  [ 1497344378874942313, 147603116820331673997958837 ],, 
  [ 1207215601, 28973927590155643201 ],, 
  [ 1236903571, 101576778423259, 73548590444001797 ],, 
  [ 2040008763433, 3137456942019613 ],,,, [ 22781026971412529 ],, 
  [ 2916904697213011, 15541214349948677324712226681 ],, [ 3345348341 ],, 
  [ 37028137713815864113 ],, [ 18407453490577, 698860463317493512033 ],,,,,,,,
  , [ 3931645266080551 ], [ 31883841918041 ],, [ 4142034434608857442775461 ],,
  , [ 1832712784057 ],,, [ 3436938693808777 ],, [ 848684433517 ],,,,,,,,,, 
  [ 56598668120083 ],, [ 1705151281 ],, 
  [ 1268076108314745251, 125544189368310152501 ],, [ 46562326476373 ],, 
  [ 5723066533 ],,,, [ 3510772411, 71442174036691 ],,, 
  [ 5739575990167, 5577360206341681, 17551016409131052927643 ],,, 
  [ 1378382381377 ],, [ 1041247251367, 27290296580051 ],,,,,,,,,, 
  [ 3351843361, 62180160061, 1112028263872909 ],,,, [ 126438142465601 ],,,,,, 
  [ 1396962997 ],, [ 530852317921, 27114332502387234241 ],, 
  [ 232891273535801 ],,,, [ 79221182171671 ],,,,,, 
  [ 641235748684124793108483901 ],,,,,,,,,, [ 26119446181, 132226951741 ],,,,,
  ,,,,,,,,, [ 50517626349133 ],,,,,,,,,,,,,,,,,,,,,,,, 
  [ 228649516220397284539897 ],,,,,,,,,,,, [ 3346833601, 358496390521 ],,,,,, 
  [ 3620060617, 355064449237, 5897068956991 ],,,,,,,,,,,,,,,,,,,,,,,, 
  [ 39924754975561 ],,,,,,,,,,,,,,,,,, [ 1211200711682402041 ],,,,,,,,,,,, 
  [ 5306631541, 11993158634521 ],,,,,,,,,,,,,,,,,,,,,,,,,,,,,, 
  [ 37718145024751, 1126298296159651 ] ];
