BRENTFACTORS[4019]:=[ ,,,,,, [ 10726547063 ],,,,,, [ 1225573799310043 ],,,,,, 
  [ 167374169123089 ],,,,,,,,,, 
  [ 5617955956163, 86401661898199, 11616179739223453, 
      487343313435417764744891, 397530611811543165020100107797 ],, 
  [ 85190504357738338987, 32363781605478504442147, 
      78209897179664487943774244191, 355913451603363843658564645817 ],,,,,, 
  [ 5258045750682925622288370918503 ],,,, 
  [ 6590153533, 333537799769051, 297211183567941398748479, 
      879781228835889255521489, 
      2257227260626027634855599840318781398349879262975394629769 ],, 
  [ 34849272343, 526659411998284241, 973157504343246019665584709334967, 
      2120597862796147763209565383331597, 
      13889612192743536749385230073786445627815157299617 ],,,, 
  [ 2480257273451, 49204053924211430295763 ],,,,,, [ 1859445641 ],,,,,, 
  [ 66715572899, 759056702312122003 ],, [ 346925937329 ],,,,,, 
  [ 505924169154637 ],,,,,,,,,,,,,,,,,,,,,,,,,,,,,,,,,,,,,,,,,,,,,,,,,,,,,,,,,
  ,,,,,,,,,,,,,,,,,,,,,,,,,,, [ 1691322732989657 ],,,,,,,,,,,, [ 2103580201 ],
  ,,,,,,,,,,,,,,,,,,,,,,,,,,,,,,,,, [ 136474216705505963 ] ];
