BRENTFACTORS[83]:=[ ,,,,,,,,,,,,,,,, [ 17056050293, 71637897967 ],, 
  [ 1408429185797, 314647329516077 ],,,,,,,, [ 4840642297 ],, 
  [ 500805747488153 ],, 
  [ 461587317509, 3793685967117002179453, 6942747590923921265779 ], 
  [ 80486459297 ], [ 23462266952039257 ],, [ 322401443981 ],, 
  [ 19734623549, 77294079343261321938167 ],,,, 
  [ 242734935606363257881, 39913090782880347262864631 ],,, [ 50705344097 ],,, 
  [ 1375512623, 289165207999 ],, [ 3172966186862526576723772411 ], 
  [ 92673191278001 ], [ 2689485441381660638174911 ], [ 10888869600341149 ], 
  [ 12228937541870956832177477 ],,, [ 68243861057 ], 
  [ 21200940700453413069480565191511 ],, 
  [ 15390397073281543, 2115130381314720279509, 11127445226418071124736834391 ]
   ,, [ 407600723099522278860496292413079 ],, 
  [ 1846719169626233548018140396679 ], [ 228404310611079553 ],,, 
  [ 175934069881, 1285286583507126231974365871693747317204826341007 ],, 
  [ 119569487809224061723, 21711446421391801428216157 ],, 
  [ 10212125386042418786383 ], [ 26798035753 ], 
  [ 3527317383039102542757799011107 ],,, 
  [ 1008061037, 206807261377, 468932570244605954773453 ], [ 1383066917 ], 
  [ 50666606928455233 ], 
  [ 3576591205601, 29166843885449, 1820891247881004214305844007813488901748039\
35371 ],, [ 16130391679, 5659279064479645161459099216552613050637321 ],, 
  [ 1008505707601323349156769489 ],, 
  [ 7438799523711931, 16806644841723859565332469785880001911 ],, 
  [ 44869890892931846869, 365476334766968847915520389021718332121 ], 
  [ 24702023539303606057 ],, [ 31759001750521 ],, [ 36380332833029 ], 
  [ 279371903335515607, 181528869841871772089818494917734240338889 ], 
  [ 13194704502360005803 ], 
  [ 3678658406105805313856715049023415380713621449949620411 ], 
  [ 127705096011992053921 ], [ 27176627516609023096475872275251 ], 
  [ 555322885120403, 4507950300292498165009 ], [ 36891877289071663 ], 
  [ 113104760887030296042948437501 ], 
  [ 213759587657830470539561729037092465423962567135202729893 ],, 
  [ 1163931473471453, 19704723150485459, 39813265099112137 ], 
  [ 611462201689, 2710289699052854850581876124889859441 ],, 
  [ 222139460635868520895921678931797619 ], 
  [ 181159698275104555889, 1405207748726543098111297631, 
      28178677895552263309247539321277275901 ], 
  [ 277700973373, 21376089726971761 ], 
  [ 93764125843, 1951925870572984776607831, 
      284385738167723920425819634667664960208717507 ],, 
  [ 1828872942349793835758617, 905908349212758509680748120951874516146983 ], 
  [ 5468858517063028721502978911873 ], [ 629671384068558589 ], 
  [ 171405097861 ], [ 289064691841 ], [ 91115953886988263631638237 ], 
  [ 3342607533593087761, 23071082317001213628578754583, 
      39519884528981235371740964122556241310837 ],, 
  [ 24168362359, 1061843577131212717475007884265528065237341312646502386876983
     ], [ 1781298272987881, 1031186078404827001 ], [ 511347841621 ], 
  [ 243696559649 ], 
  [ 430052603618187875202149862301, 770349584865935155700353882171447586912007\
510679084429 ],, 
  [ 39906286751, 209081659964251, 17808542874516406071251, 1476187185076341169\
00924751, 64319685278386109578741664168071354636478292251 ], 
  [ 826984121167, 106393259753047 ], 
  [ 131914410270883274519, 138637228818052562364538900182903425747150925470776\
7, 751754887436933023367933812305448913000514915559200059 ], 
  [ 418006605129272833, 10566898200188433869569, 
      157005708357848517121017735788460161 ], 
  [ 48739797811, 1201992511100223595227349234554140210880138274290562218291856\
4718671959 ], [ 929815984605041, 29261785193304707321322478591 ], 
  [ 10462281329531737011784483, 
      47373563192733074502422712478405148365177295347, 
      29955008159064240103846671082880531743555248669592972679 ], 
  [ 173168137159465415590657 ], [ 4207769337521, 772981178376793 ],,, 
  [ 11073351022459478931297359192137, 407245783569533385851533126399577 ], 
  [ 9674318021, 1363388886187949351, 117145243107975899344789939 ], 
  [ 1266533344481312075928611997127 ],, 
  [ 4961728639991498341, 61448438723498186166788029971161 ], 
  [ 1199980783, 42473514319, 89218427647, 3732896924353 ], 
  [ 3543183809806621, 48386572774554953092559, 308050330818776251477540037 ], 
  [ 2181066317, 140007193327, 5162050333441 ], 
  [ 1713667490222977, 91792716182128369 ],, 
  [ 1279047772829344931359606733910004079640229, 
      2644686977302170430753436975871164013096223 ],, 
  [ 5393806608032992409229086152260099002913569032533118735321854289 ], 
  [ 1498276134150203, 16982563777410966384404383 ], 
  [ 765256662144001, 54553840222707020667635671801 ],, [ 21088721377 ], 
  [ 3379451149 ], [ 1910630107, 163345516630827763 ],, 
  [ 647438128429, 44746269786966087003328113411189397 ], [ 3187507601320379 ],
  [ 438059909707819135381, 865867692801688791317 ],, [ 10043625601 ],, 
  [ 490611224599854456061, 517607524489399201620667 ], [ 381265164671 ], 
  [ 911505288903889109814738118864453, 
      52795452225389722201276769666319691356094781 ], 
  [ 504826212626272612703855112783811804584825070224597149782561 ], 
  [ 472168956426245957, 860785395874331487431, 
      10670352948996909432467763948391 ],, [ 663394420974931145261397553 ],, 
  [ 44790364304125987076584788011, 3436096100962260977335987034291 ], 
  [ 1248411176154451 ], [ 11466140029345494877, 32465972511219689413085329 ],
  , [ 214094881716931, 1493236307495929 ], 
  [ 2432126201, 464131477000166876951 ], 
  [ 2588389850545068063230101411954337 ], 
  [ 29114880318313, 9470956994195364103 ], 
  [ 11111553194847024263, 1577703977092290861712825767055753069347051185013434\
8895851247633 ],, [ 270213819618398588401481604071775331921 ], 
  [ 3948437249031507248153 ], 
  [ 449855879732140337, 423069505493445934206442451 ], [ 28012188079 ], 
  [ 1002690242144548670449725804929 ],, 
  [ 307158218997877404253, 238596223390252661314081, 
      7238814005038116548387491 ],, 
  [ 158744858837, 7439706047129, 1374053714792230895841310388221698641 ],, 
  [ 5506535852339451878555340210872035075391031870901 ],, 
  [ 8300098369, 5949311330413075387298777403073, 
      12277311975234901838682981225376321 ],, 
  [ 22606063696627, 1141725157977330675704051833002761504592649492148301089081
     ], [ 2467997230991945120938298401 ], 
  [ 219810221664163817, 1967998088482823778977 ],, 
  [ 805288214274956736679683131563, 985403337774894818931813025959937 ],, 
  [ 3910126001 ],, 
  [ 1021947812150003, 73376551983335879053, 3902591490979261413803791549, 
      866421450147884417129370005786454303154266467 ],,,, 
  [ 648497128928203319 ],, 
  [ 3628624916593, 32560311880675719864341227753995536581211786846921212116587\
72430324906783164704434353 ],, [ 185927330727377518823251 ], 
  [ 205279533859800667 ], [ 2020285501295127430997 ],, 
  [ 336956255803, 9012229851797051861494677007344993419 ],, 
  [ 68387221480033, 29661171680223345431855294457212815921591946641503217 ],, 
  [ 28307557421104626620652188389, 69702254959485945625025026516871169809 ],, 
  [ 149222095921940801, 
      86617776608035740042504901815246725937417790472753638201 ],, 
  [ 11285616088111, 70832094255859, 325360521898826142435348870038011 ],, 
  [ 19263060955231441435145970831029807952300167755798051365699361 ],, 
  [ 882048324167, 13745461412559507457, 279357005619183987110547923 ], 
  [ 688493413919 ], 
  [ 447537486276721, 34390740059604349, 29874936453312415235525986096569780169\
1508723433 ],,,, [ 2027541157012975843457 ],, 
  [ 3927679237, 849453866119, 8109534001609 ],, 
  [ 17163044249939025575338429, 5553495701117820555091276979324078284086172237
        , 61570762583898418800994586201038781106041630880698828676013 ],, 
  [ 44387580959, 880809100382599417 ],,, [ 48629149414178305689373 ], 
  [ 319232128031461591, 1507225675237308269 ],,,, [ 31600285947593328153523 ],
  , [ 56554484952929, 18713680061542393, 4511734612118741315659633577 ],,,, 
  [ 224065358858629, 3061739676401345871222747511679821 ],, 
  [ 53759708321931164983, 
      1441098189145606915082695646844759235501078520454976333 ],, 
  [ 6555454011254201681153 ],, 
  [ 281485812100538424134264101090154315147154352865306817619792980487796971 ]
   ,, [ 1315802281 ],, [ 33264180167778375720102389 ],,,, 
  [ 7224645653, 3444848975332241 ],,,, 
  [ 268547060370227845254424071373788758651477321666426521 ], 
  [ 459048884263 ], [ 377052855179617 ],,,, [ 1700166106777 ],,,, 
  [ 163082357673761 ], [ 37252812367 ],,,,,,, [ 14362127154433 ],, 
  [ 608298552931 ],,,,,,,,,, 
  [ 1026945001, 2496217201, 1203928958873101, 21799659923978751601, 
      291911948520775483130701, 1069016211019587448885721404201 ],,,,,, 
  [ 25103595259, 17277218238061 ], [ 4822567831 ],,, [ 103943887263091 ],,, 
  [ 5058934124417 ],,,,,,,,,,, [ 46910157418771561 ],,,,,, 
  [ 10119361712791, 1471669394642371 ], [ 42382759643509 ],,,,, 
  [ 1246063298830897, 1548461213641424198257 ],,, [ 141840226546237 ],,, 
  [ 494522158951 ],,,,, [ 13624832857 ], [ 38800945213, 87294410305153 ], 
  [ 6625425773 ],,,,, [ 1361686489 ],,,,,, [ 45578580714001 ],,,,,,,,,,,,,,,,,
  ,,,,,,, [ 4654994359297 ],,,,, [ 3984504799771 ], [ 465776598914251 ],,,,,,,
  ,,,,,,,,,,, [ 41697163033 ],,,,,,,,,,,, 
  [ 2829030121, 4475272621, 91966827961, 158678490355526075541601 ],,,,,,,,,,,
  ,,,,,,,,,,,,,,,,,,, [ 156071933551 ],,,,,,,,,,,,,,,,,,,,,,,,,,,,,,,,,,,,, 
  [ 288751256161595856579468839, 539654131782457562603348716181223730483409 ],
  ,,,,,,,,,,,,,,,,,,,,,, [ 2022485071 ],,,,,,,,,,,,,,,,,,,,,,,,,,,,,,,,,,,,,,,
  ,,,,,,,,,,,,,,,,,,,,,,,,,,,,,,,,,,,,,,,,,,,,,,,,,,,,,,,,,,,,,,,,,,,,,,,,,,,,
  ,,,,,,,,,,,,,,,,,,,,,,,,,,,,,,,,,,,,,,,,,,,,,,,,,,,,, 
  [ 56949991546219853233, 636417853389631070911 ],,,,,,,,,,,,,,,,,,,,,,,,,,,,,
  ,,,,,,,,,,,,,,,,,,,,,,,,,,,,,,,,,,,,,,,,,,,,,,,,,,,,,,,,,,,,,,,,,,,,,,,,,,,,
  ,,,,,,,,,,,,,,,,,,,,,,,,,,,,,,,,,,,,,,,,,,,,,,,,,,,,,,,,,,,,,,,,,,,,,,,,,,,,
  ,,,,,,,,,,,,,,,,,,,,,,,,,,,,,,,,,,,,,,,,,,,,, [ 1561479759999073 ],,,,,,,,,,
  ,,,,,,,,,,,,,,,,,,,,,,,,,,,,,,,,,,,,,,,,,,,,,,,,,,,,,,,,,,,,,,,,,,,,,,,,,,,,
  ,,,,,,,,,,,,,,,,,,,,,,,,,,,,,,,,,,,,,,,,,,,,,,,,,,,,,,,,,,,,,,,,,,,,,,,,,,,,
  ,,,,,,,,,,,,,,,,,,,,,,,,,,,,,,,,,,,,,,,,,,,,,,,,,,,,,,,,,,,,,,,,,,,,,,,,,,,,
  ,,,,,,,,,,,,,,,,,,,,,,,,,,,,,,,,,,,,,,,,,,,,,,,,,,,,,,,,,,,,,,,,,,,,,,,,,,,,
  ,,,,,,,,,,,,,,,,,,,,,,,,,,,,,,,,,,,,,,,,,,,,,,,,,,,,,,,,,,,,,,,,,,,,,,,,,,,,
  ,,,,,,,,,,,,,,,,,,,,,,,,,,,,,,,,,,,,,,,,,,,,,,,,,,,,,,,,,,,,,, 
  [ 3251671729 ],,,,,,,,,,,,,,,,,,,,,,,,,,,,,,,,,,,,,,,,,,,,,,,,,,,,,,,,,,,,,,
  ,,,,,,,,,,,,,,,,,,,,,,,,,,,,,,,,,,,,,,,,,,,,,,,,,,,,,,,,,,,,,,,,,,,,,,,,,,,,
  ,,,,,,,,,,,,,,,,,,,,,,,,,,,,,,,,,,,,,,,,,,,,,,,,,,,,,,,,,,,,,,,,,,,,,,,,,,,,
  ,,,,,,,,,,,,,,,,,,,,,,,,,,,,,,,,,,,,,,,,,,,,,,,,,,,,,,,,,,,,,,,,,,,,,,,,,,,,
  ,,,,,,,,,,,,,,,,,,,,,,,,,,,,,,,,,,,,,,,,,,,,,,,,,,,,,,,,,,,,,,,,,,,,,,,,,,,,
  ,,,,,,,,,,,,,,,,,,,,,,,,,,,,,,,,,,,,,,,,,,,,,,,,,,,,,,,,,,,,,,,,,,,,,,,,,,,,
  ,,,,,,,,,,,,,,,,,,,,,,,,,,,,,,,,,,,,,,,,,,,,,,,,,,,,,,,,,,,,,,,,,,,,,,,,,,,,
  ,,,,,,,,,,,,,,,,,,,,,,,,,,,,,,,,,,,,,,,,,,,,,,,,,,,,,,,,,,,,,,,,,,,,,,,,,,,,
  ,,,,,,,,,,,,,,,,,,,,,,,,,,,,,,,,,,,,,,,,,,,,,,,,,,,,,,,,,,,,,,,,,,,,,,,,,,,,
  ,,,,,,,,,,,,,,,,,,,,,,,,,,,,,,,,,,,,,,,,,,,,,,,,,,,,,,,,,,,,,,,,,,,,,,,,,,,,
  ,,,,,,,,,,,,,,,,,,,,,,,,,,,,,,,,,,,,,,,,,,,,,,,,,,, [ 24292265339999 ] ];
