BRENTFACTORS[3853]:=[ ,,,,,,,,,,,,,,,,,, [ 11298825913, 272985088239547 ],,,, 
  [ 21269292827 ],,,,,, 
  [ 25693738467097, 211750534165124611, 1716671479199183962303 ],, 
  [ 487809071010139, 4825208661731205323078432143679137, 
      261126410699740845120026250657707629410048017 ],,,,,, 
  [ 22136045261278769672463962001707234816389481203 ],,,, 
  [ 441090779511647, 425543124876596298395475287, 
      284287780978415746770910867477, 167747459096768070809610050299673, 
      30212550481899779135091435767762130145429 ],,,,,, [ 195732319188193 ],,,
  ,,, [ 1576900627, 548862562516415683933 ],,,,,,,,,,,,,,,,,, 
  [ 262389736771520773 ],,,,,,,, [ 3384600760623884807101 ],,,, 
  [ 42424314751262491877 ],,,,,, [ 109765182029 ],,,,,,,,,,,, 
  [ 2006182441514587202651 ],,,,,,,,,,,,,,,,,,,,,,,,,,,,,,,,,,,,,,,,,,,,,,,,,,
  ,,,,,,,,,,,,,,,,,,,,,,,,,,,, [ 49158268801 ] ];
