BRENTFACTORS[6661]:=
[ ,,,,,,,,,,,,,,,,,, [ 230398056600562448852694250537, 12815165912055148103331\
893988812527 ],,,, 
  [ 67829077169485337999, 13938408980196494549933, 957706092964207374875470577\
2979393909 ],,,,,, 
  [ 172400220336523, 308526441000675444175980298558295053469, 
      299233244411781739679706618771315883036216154401 ],, 
  [ 94139071813436789, 87674208808893088654753878271714175076253519, 
      616036502931587153150408397232935751080567813157156841 ],,,,,, 
  [ 10529047007, 1726214916820817080731839 ],,,, 
  [ 3282749012972350162216497601, 43459337335835414087522443577140907, 
      12177351705738738926408478725140683157, 
      6063045529533766440805568037580355807407928006398373 ],, 
  [ 34409162328860443731479 ],,,, [ 15644678636259672403 ],,,,,, 
  [ 32386380073727573885293625060861699 ],,,,,, 
  [ 76091325046196176892670129519193 ],, 
  [ 63898593854822593, 18405584509400037557737 ],,,,,,,,,,,,,,,,,,,,,,,,,,,, 
  [ 3957062982871, 35809929774108227 ],,,,,,,, [ 9902569757 ],,,, 
  [ 3268412117 ],, [ 4468926814522670987 ],,,,,,,,,,,,,,,,,,,,,,,,,,,,,,,,,,,,
  ,,,,,,,,,, [ 2504782381 ],,,,,,,,,,,,,,,,,,,,,,,, [ 833378591974451 ] ];
