BRENTFACTORS[233]:=[ ,,,,,,,,,, [ 4494621011 ],,,,,, 
  [ 165787221569, 4543112268347 ],, [ 314173891279 ],,,, [ 9633000520435543 ],
  ,,,, [ 8156067473 ],,, [ 478780165590051204241 ],, [ 3891196548493 ], 
  [ 18791142929873 ], [ 36580350787499921293232251 ],, 
  [ 108636566276003309872117 ],,, [ 635653684808161 ],,, 
  [ 2553924952170118566811, 615306506809152366540428930201 ], 
  [ 13322830049, 4510597983822041 ], [ 16476355207621 ], 
  [ 107725303296665903 ], [ 287190388949690627346072293941 ], 
  [ 59866528563649 ],, [ 4345536158687501 ],, [ 419502912038393 ], 
  [ 17997761472354577278283661 ], [ 292009972321 ], 
  [ 63416538096710434518762170831 ],,,, [ 3216085871, 2658288112481 ],, 
  [ 4838118743, 5934038097234743 ], [ 13769841928707783673 ], [ 23543994601 ],
  [ 5517685552404654080480360833 ], [ 298253389910231952750399691 ],, 
  [ 2138002657684550741530755173051292176351121252303022455034637 ],, 
  [ 22195592527, 336192395856664664263, 5616520798424520500308512875953207 ],
  , [ 244691100915312521217431, 157403268944711160839682786336723323, 
      79294132243886163307145021737991712198498239 ], [ 163644957922084201 ], 
  [ 5976920569867532297651093820761663, 
      13491703180450719775385913791956209624563, 
      208718542367338604998703559739048751656693 ], 
  [ 4341646453, 4233402923890209917232036085945897 ], 
  [ 107426091174750664799701 ], 
  [ 4372862693, 1155214180009988041, 110371133411668913101 ], 
  [ 20577465833, 9248339765897 ], [ 9808696368151201 ], [ 39549726077 ], 
  [ 3950846501877521, 310584469843172855540274721 ], 
  [ 503772532459120822322023319930849042356027 ], [ 50114282674354973 ],, 
  [ 17085449473, 16603605906553 ],, 
  [ 453875025336739, 38415329958776430441539 ], [ 39548607961547199787 ], 
  [ 4593363809, 25820053385152162049, 177595394057543674697 ], 
  [ 571214494177, 78004972929823, 58639368840184056230340796852311160921 ],, 
  [ 858478803441062479020575443334213 ], 
  [ 68270851271667750617659321001, 47386146620117772979462438392617561 ],,, 
  [ 122263784716603781501, 536263091182678418411, 
      269248618795188791547790811801296006301693371 ], 
  [ 43816292449, 341078697050017 ], 
  [ 15973878133, 211713376417, 1088723321509839103419372749 ], 
  [ 2635256039893, 40313629792616964245621321 ], 
  [ 20550186120738693277, 18288538659169881777973 ], 
  [ 21064910201, 164032865677553801, 28460116002015219101 ], 
  [ 54464653408473337915603 ], [ 104325343777, 7298671290825726703 ], 
  [ 8632117858260197461 ], [ 1209247406154672742142534404273 ], 
  [ 1135976178751 ], [ 200580386483, 1240865838009636193961784545420579 ], 
  [ 364034656258837, 86875350098425814483271951082749281834817570967 ], 
  [ 30455840053, 19310378096282941, 166755670121910349 ], 
  [ 1051369123696845040101408075881474344031483 ], 
  [ 21251588219621, 2642169896240465134041136211 ], [ 4642184781473911003 ], 
  [ 8348296173467844497 ],, [ 480296954202847113686007727 ], 
  [ 3910089635141 ], 
  [ 1214778797, 249788225437, 972789807099785337895114409, 5331409107419485440\
27942807307493275861 ],, [ 24941599277672237 ], [ 1902571663469 ], 
  [ 11608756801 ], [ 44368196269 ], 
  [ 137878351060716202834829, 261441185263594503138128308155763278238730218297
     ], [ 272574782337183545497 ],,, [ 2840518421749, 187489038806119 ], 
  [ 242396894137916646348589603749077489 ],, 
  [ 1326420829, 3501811879443843727 ],,, 
  [ 9244137344641, 667529236183969617309913513 ], 
  [ 3326678461, 403924625622827 ], 
  [ 209641560565961291, 72089172329601401926643125717 ],, 
  [ 1801491878974541129 ], [ 80564391636889 ], [ 116466268970659411939909 ], 
  [ 1123759815123779, 19994344628376408613 ], 
  [ 2939256601, 4489348921, 5417383861, 3229514605545920103276654014550788681 
     ],, 
  [ 76726547290446959, 409646589891065836493, 14515082595779835039585668228729\
0035435222930274317683258727 ], [ 2159028587 ], 
  [ 101578097397066735226805638138254433178733409 ],, 
  [ 619362163163, 518551685760884962077731227 ], 
  [ 352806475604311, 189982865393595137431 ], [ 9926287333 ], 
  [ 373630764307168946484097 ], [ 512228904328833782251064401 ],, 
  [ 70297929499786871018977265648017, 155992830924338279046038657558106401 ], 
  [ 1067845723256503 ], [ 19656726495224044997 ],,, [ 15507382981 ], 
  [ 3625397533, 114087499399, 28294470407184659 ],, [ 4734534881 ],, 
  [ 5119499053 ],, [ 45689235929 ], 
  [ 60859352731, 18429957804721, 222916239128881, 292211443633464631 ], 
  [ 8213087879, 3865446772952203, 1188413437174054523 ], [ 15588314170543 ], 
  [ 91142307980137, 4680367795724999600879165322809857 ],, 
  [ 11472365753951, 844112868538781, 1020022996204811, 
      476210010389307285866081 ],, [ 4041281653697, 1351568273398172201 ],, 
  [ 7347141291734449987 ], [ 222264391740301 ], 
  [ 29720055328708461421031713, 18761632306322840357568803811290017, 
      35733301449085869148488595670966542274784062043207556273 ],, 
  [ 122277648360601180191410764661, 35982930905621065734054785058086179221149,
      35829680464756353598510873360484485981320117629430617 ], 
  [ 787477934665507440938449 ], 
  [ 12132321653337950881, 3171870665939298702411181, 
      27262703450860579078688462761 ],, [ 21801443927810996177 ],,,, 
  [ 5507929573439506677453907206323330787569186556202411 ],, 
  [ 2206424875157564838852906710937702973 ],, 
  [ 147995522761, 959776075050217909253271361 ],, 
  [ 3225032080829618056676027309008569837261889 ],, 
  [ 4462642495021, 3043785790216187364417791 ],, 
  [ 1736391637, 1786215817, 14731885652726866748629, 
      14127563730147455661730861, 15397298928882116667504337427229281 ],, 
  [ 937189938367, 31398778481996188840150886381566201 ],, 
  [ 5177217401, 71480780907023401, 
      8795986569928651466777663029248944886575690401, 
      21603587510775111853399426356149796164578350899004601 ],, 
  [ 1074701238119, 31293240484201, 3447901642662361 ],, 
  [ 21090341208838813381, 5216489763757399347707175276409, 
      1568380366684020057343163703346652300150401 ],, [ 3352476961 ],, 
  [ 21790246609, 1482642471857, 265904441498177, 274354990942331521 ],,,,,, 
  [ 4476083921 ],, [ 29166832297 ],,,, [ 24143644331821525501 ],, 
  [ 45967377721 ],, [ 1306266529, 118423344153883267305782652769 ],, 
  [ 3762217839009137 ],, [ 15346161757, 111021951097, 690789289674611797 ], 
  [ 181777546575169 ], [ 28091339179921 ], [ 4004238547 ], [ 84891842771641 ],
  , [ 1714098907, 10709962849, 33995129836458845809 ],,,, 
  [ 5099870903, 12142836585307 ],, [ 58072940796950161 ],, [ 1533166559 ],, 
  [ 380169799313, 17703577123801, 88800521791116361 ],, 
  [ 277096478534427901249 ],, [ 6771716655313 ],,,, 
  [ 4576682151380124767052587010097 ],,,,,,,, [ 1987262681 ],,,, 
  [ 1455969241 ],,,,, [ 63171436779635077771 ], 
  [ 3537079111, 4747495967191, 314778518827291, 16350961497265811632681, 
      2784894351435870070267562477311 ],,,,,,,,,,,, [ 13808887032667 ], 
  [ 4293051703 ],,, [ 14398688599153 ],, [ 4387832977223233 ],,,,,, 
  [ 1252689463305337 ],,,,,, [ 186048548401, 727342207717167142865449801 ],,,,
  ,,,,,, [ 46243539773261 ],,,,,,,,,,,,,,,,,,,,,,,,,, [ 2494285411297 ],,,,,,,
  ,,,,,,, [ 43764574426338851 ],,,, [ 3983958864799 ],,,,,,,,,,,,,,,,,,,,,,,,,
  ,,,,,,,,,,, [ 1089495811 ],,,,,,,,,,,,,,,,,,,,,,,,,,,,,,,,,,,,,,,,,,,,,,,,,,
  ,,,,,,,,,,,,,,,,,,,,,, [ 348206616451 ],,,, 
  [ 9442612057, 25108344120699063347547821 ],,,,,,,,,,,,,,,,,,,,,,,,,,,,,,,,,,
  ,,,,,,,,,,,,,,,,,,,,,,,,,,,,,,,,,,,,,,,,,,,,,,,,,,,,,,,,,,,,,,,,,,,,,,,,,,,,
  ,,,,,,,,,,,,,,,,,,,,,,,,,,,,,,,,,,,,,,,,,,,,,,,,,,,,,,,,,,,,,,,,,,,,,,,,,,,,
  ,,,,,,,,,,,,,,,,,,,,,,,,,,,,,,,,,,,,,,,,,,,,,,,,,,,,,,,,,,,,,,,,,,,,,,,,,,,,
  ,,,,,,,,,,,,,,,,,,,,,,,,,,,,,,,,,,,,,,,,,,,,,,,,,,,,,,,,,,,,,,,,,,,,,,,,,,,,
  ,,,,,,,,,,,,,,,,,,,,,,,,,,,,,,,,,,,,,,,,,,,,,,,,,,,,,,,,,,,,,,,,,,,,,,,,,,,,
  ,,,,,,,,,,,,,,,,,,,,,,,,,,,,,,,,,,,,,,,,,,,,,,,,,,,,,,,,,,,,,,,,,,,,,,,,,,,,
  ,,,,,,,,,,,,,,,,,,,,,,,,,,,,,,,,,,,,,,,,,,,,,,,,,,,,,,,,,,,,,,,,,,,,,,,,,,,,
  ,,,,,,,,,,,,,,,,,,,,,,,,,,,,,,,,,,,,,,,,,,,,,,,,,,,,,,,,,,,,,,,,,,,,,,,,,,,,
  ,,,,,,,,,,,,,,,,,,,,,,,,,,,,,,,,,,,,,,,,,,,,,,,,,,,,,,,,,,,,,,,,,,,,,,,,,,,,
  ,,,,,,,,,,,,,,,,,,,,,,,,,,,,,,,,,,,,,,,,,,,,,,,,,,,,,,,,,,,,,,,,,,,,,,,,,,,,
  ,,,,,,,,,,,,,,,,,,,,,,,,,,,,,,,,,,,,,,,,,,,,,,,,,,,,,,,,,,,,,,,,,,,,,,,,,,,,
  ,,,,,,,,,,,,,,,,,,,,,,,,,,,,,,,,,,,,,,,,,,,,,,,,,,,,,,,,,,,,,,,,,,,,,,,,,,,,
  ,,,,,,,,,,,,,,,,,,,,,,,,,,,,,,,,,,,,,,,,,,,,,,,,,,,,,,,,,,,,,,,,,,,,,,,,,,,,
  ,,,,,,,,,,,,,,,,,,,,,,,,,,,,,,,,,,,,,,,,,,,,,,,,,,,,,,,,,, 
  [ 21067084222266547538929 ],,,,,,,,,,,,,,,,,,,,,,,,,,,,,,,,,,,,,,,,,,,,,,,,,
  ,,,,,,,,,,,,,,,,,,,,,,,,,,,,,,,,,,,,,,,,,,,,,,,,,,,,,,,,,,,,,,,,,,,,,,,,,,,,
  ,,,,,,,,,,,,,,,,,,,,,,,,,,,,,,,,,,,,,,,,,,,,,,,,,,,,,,,,,,,,,,,,,,,,,,,,,,,,
  ,,,,,,,,,,,,,,,,,,,,,,,,,,,,,,,,,,,,,,,,,,,,,,,,,,,,,,,,,,,,,,,,,,,,,,,,,,,,
  ,,,,,,,,,,,,,,,,,,,,,,,,,,,,,,,,,,,,,,,,,,,,,,,,,,,,,,,,,,,,,,,,,,,,,,,,,,,,
  ,,,,,,,,,,,,,,,,,,,,,,,,,,,,,,,,,,,,,,,,,,,,,,,,,,,,,,,,,,,,,,,,,,,,,,,,,,,,
  ,,,,,,,,,,,,,,,,,,,,,,,,,,,,,,,,,,,,,,,,,,,,,,,,,,,,,,,,,,,,,,,,,,,,,,,,,,,,
  ,,,,,,,,,,,,,,,,,,,,,,,,,,,,,,,,,,,,,,,,,,,,,,,,,,,,,,,,,,,,,,,,,,,,,,,,,,,,
  ,,,,,,,,,,,,,,,,,,,,,,,,,,,,,,,,,,,,,,,,,,,,,,,,,,,,,,,,,,,,,,,,,,,,,,,,,,,,
  ,,,,,,,,,,,,,,,,,,,,,,,,,,,,,,,,,,,,,,,,,,,,,,,,,,,,,,,,,,,,,,,,,,,,,,,,,,,,
  ,,,,,,,,,,,,,,,,,,,,,,,,,,,,,,,,,,,,,,,, [ 32965234321 ] ];
