BRENTFACTORS[574]:=[ ,,,,,,,,,,,,,,,,,, [ 493730852311687 ],,,,,,,,,, 
  [ 43753205994569, 2254397449353293 ],, 
  [ 59165585645404807, 15409810689554568749542649953 ],, 
  [ 913842006671514206617 ], [ 954347355853 ], [ 7243595036867477261 ], 
  [ 154688940937 ], [ 30551585933486351472737 ], [ 51817777931 ],,, 
  [ 34806136069, 47640128761, 10192306916257, 
      10000100259454779177096957043027 ],, [ 16574601786583194845207 ],,,, 
  [ 57479275049197922581403502527651877172791947 ], [ 5141934913 ], 
  [ 98087123579543863469993 ],, [ 3140470056347076685250453203 ], 
  [ 22115705228723809 ], 
  [ 59159177106246889280179541489648447359657254331481237281881930781 ],, 
  [ 379718702180565585900718399731340823581 ], 
  [ 9163180153, 12435887471535913919129 ], 
  [ 114384380530219, 245575573333969 ], 
  [ 196743082961, 327342222013, 47526791852494198859 ], [ 84448189633 ],,, 
  [ 1543140964553, 7190380799549022789954220013263 ], [ 579832622525871541 ], 
  [ 23032087681 ], [ 162254046024965440391 ], [ 76636646197 ],, 
  [ 5318132000094060613 ], [ 77705460118921, 4410671465770699 ],, 
  [ 454789314289554900471249162570419, 12668509460863612928038193145545563 ], 
  [ 111289685965971049, 298733424990738157153 ], 
  [ 149919621121, 2664558017773 ], 
  [ 75067078733959621027559095026345129162022469 ],, 
  [ 156862324439477, 277551690862781, 70808284653413348458877 ], 
  [ 1241388208777892465291 ],,, [ 528296128215231752641 ],,,, 
  [ 4174995763230937 ],, [ 957338696803793 ], 
  [ 144614952733, 71535726814916557 ], [ 14659332142645865358662660124355793 ]
    , [ 42149617562909 ], [ 2401522910539381 ], 
  [ 1319901830339, 190194587041733, 4007819445069688217284061839 ],, 
  [ 3929380759, 635601893975641, 159578416152615407977 ], 
  [ 5207189820379, 92868909756537423892019431321, 
      5023210628922819299453195434459037 ],, 
  [ 8529634252571752914589599537440519713 ], 
  [ 953292916523, 36363057294623, 3303850629679913 ], 
  [ 6235685038833461, 303507431823209345996346537939335295640975549 ], 
  [ 116433052378508551132186741, 6947747368784599802679140570641 ], 
  [ 209316938830017996127556101, 6613086885319306401445522201 ], 
  [ 960583560029323, 6863341170762649 ],,,, [ 217252550882303785360398997531 ]
   ,, [ 809977688581, 4395273912027839 ], [ 81237402159337 ], 
  [ 1226484569, 126809070277687933 ], 
  [ 3211849961, 9137961911699410489506449541964231 ],, 
  [ 1283497492156897891217, 20701887885003699067256669104420934849 ],, 
  [ 160124219377998153877 ], [ 239802533071, 12482624132971 ], 
  [ 57780831866394048670373 ], [ 3024626896513 ],, [ 2880375712193591753 ], 
  [ 16849700370721 ], 
  [ 3836683973, 435970922839, 783269467223, 3498014376433391 ], 
  [ 1311235139, 231089274727, 22325318330272509508589099, 
      27990517555814337579333081971 ], [ 8208406477 ],, [ 1979599751 ], 
  [ 567554124703899598778521, 64644885160801400944262341 ],, 
  [ 1633213314433, 379870632772481 ], 
  [ 31525199311, 1420945046263, 102851553404707537, 237028062756170587039, 
      9337120746224839074433 ], [ 3796187576611 ],,,, 
  [ 69036917211677, 147811911523187837, 116256236227685248104366247231231 ], 
  [ 965988789909140044980181 ], [ 26192115258791899801909822637689 ],,,, 
  [ 5860977999199261, 3442056369038445778818076289331822721 ], [ 1780369777 ],
  , [ 228298371460589 ], 
  [ 821352139508417400994666033, 24206260041828028021860807905637470627569 ],
  , [ 41917754080361, 6562380249402610441 ], [ 4104281605293031807 ], 
  [ 946858626706665529 ],, [ 1191499524122726251 ],, 
  [ 4852179721, 44741700145033286079577, 29512996444739673888661844449 ], 
  [ 77712158291782393 ],, [ 109540621331 ], [ 3661029997 ],, 
  [ 3288295934139448643197 ],, 
  [ 2112794081, 414826770401, 450483523536633586081 ],, 
  [ 243516335102945371, 1023000616791205201039030597898893 ],, 
  [ 328370658533, 4224394882299337 ], [ 5684216341 ], 
  [ 262648661006725847989 ],,,,,, 
  [ 570729752537821, 2480275563134951775887993713 ],, 
  [ 4067506129, 2974572785731, 560607655571212787099473, 
      19217360595318098732378329 ], [ 5406263101 ], [ 331030097425664039041 ],
  [ 634763227752613 ], [ 62634626473 ],, 
  [ 10252891801, 6788376562342489709216066370721 ],,,, [ 3246062675529353 ],, 
  [ 153474253657, 538553806579 ],,, [ 3540043711 ], [ 87031212672073931 ],,,,
  , [ 7986258801360061 ], [ 2226811545905973096579907273 ],, 
  [ 2467108903630141, 27433575661229940318271805827, 
      13751999648697371310240861400543 ],, [ 725905656111401 ],,,, 
  [ 89073814601749 ],, [ 2185260361, 2000891754114569731 ],, 
  [ 23376151259683799623489 ],, 
  [ 102709757641, 47940349138795051, 357104805831788905756117916315635411 ],,,
  ,,,,, [ 1866415939, 347768601017, 28497825724741282337 ],, 
  [ 232274718061, 27182615793608969101 ],, [ 313429245901, 1574429738257 ],, 
  [ 3760973322105343457, 264558874763508537757889 ], [ 4795280551 ],,, 
  [ 1547576221, 93651126543891670441 ],,,,,, 
  [ 3513827071, 2916623664303534009631 ],,,, 
  [ 1626968934730514131, 3478134560190777758503 ],, 
  [ 319821536290181658628561 ],, [ 6650896159470134084692147 ],,,,,,,, 
  [ 34393356001, 47945745407437282501 ],, 
  [ 2572158944881, 27993494903221, 188664491581273 ],,, [ 37773139939072411 ],
  ,,,, [ 1417570181 ],,,,,, [ 1881813809, 6205773617 ],,,, 
  [ 313859663793882603181, 417624677483635372230003151 ],,,,,, 
  [ 39018566569 ],,,, [ 483922184715973178281 ],,,,,,,, [ 4906449207095617 ],
  , [ 1739844674261, 216167673315420751 ],,,, 
  [ 1492447726729, 529993960389737257 ],,,,,,,,,,,,,,,, [ 23015548861 ],,,,,,,
  ,,,,,,,,,,,,,,,,,,,,,,,,, [ 1126922055661 ],,,,,, [ 206653737841 ],, 
  [ 33052648732601 ],,,, [ 121327666081 ],,,,,, [ 2717483761, 14869707481 ],,,
  ,,,,,,,,,,,,,,,,,,,,,,,,,,,,,,,,,,,,,,,,,,,,,,,,,,,,,,,,, 
  [ 20280198541, 55823553813868261 ],,,,,,,,,,,,,,,,,,,,,,,,,,,,,, 
  [ 628041313351 ] ];
