BRENTFACTORS[584]:=[ ,,,,,,,,,,,, [ 3539418689 ],, [ 1205961301 ],, 
  [ 252366190319711011 ],,,,,, [ 1374621900574999787 ],, [ 3089326185151 ],, 
  [ 1994101229441557 ], [ 174688249849 ],,, [ 15758490029, 16480597235257681 ]
   ,, [ 13453382251, 15228424663 ], [ 216259973255257 ], 
  [ 2161044761, 5900287331 ], [ 2521004519953 ], 
  [ 9797178719, 235287978568639883 ], [ 1135388017, 5630500464377 ], 
  [ 309047483970187 ], [ 338226175841451481 ], 
  [ 11260970328123966679, 248953609289280465609211 ], [ 2340802876875457 ], 
  [ 5721835221854991146471 ],, [ 1308387151 ], [ 1478031240794601137 ], 
  [ 190888007765350703, 18763154401248584100937523887099847151171313 ], 
  [ 58554730513 ], 
  [ 8142004887059, 15151685016307575055877072738293095286760513 ],,, 
  [ 1224129172353436961, 47977251993217823532829 ], 
  [ 10883195705946301910523493, 9766167509741872513161393592567333 ], 
  [ 599562542647 ], 
  [ 291416335312411, 1001977564238531, 46032414833077354010891 ], 
  [ 1154306009208392955624607801 ], 
  [ 7903722906319, 1318456293330901, 35166486358675117, 547195771399228351 ], 
  [ 90994533105381403824920310559783819 ],,, [ 341532712243 ], 
  [ 275464100321 ], [ 353191864789 ], [ 132768365953 ], 
  [ 18874362541187816914541976275515373335991114631725009308168571 ],, 
  [ 5387441436943407367 ], [ 427930111379777, 35844280856567096808137 ], 
  [ 13577664882784959891579573775431344533 ], 
  [ 18735985066862071, 1376929882968142431881 ], [ 2196946960031 ],,,, 
  [ 9898607101, 63170982396001, 5099172790095151, 256846078970129035951 ], 
  [ 38389087622005840637, 2883964347686165046553 ], [ 798144931980089 ], 
  [ 1565399602729 ], [ 29148818969 ], 
  [ 204935748164118001, 52221246062756295588961 ],, 
  [ 231868842760113641668812431774085455574149539 ], [ 370115730855349 ], 
  [ 12352840772746369981 ],, [ 40075299617, 235942726193 ], 
  [ 19953988183, 28407353316109, 37590434336779, 
      803286214234803574612491758551 ], [ 11581420409085649 ],, 
  [ 17465922046850828173741 ], 
  [ 1812079543, 17010885893, 139870000923270878807, 
      389934301246150522947799169 ], [ 83439894407488229271389 ],, 
  [ 6003316133501 ], 
  [ 451958829961, 3055901158711, 296084107029421, 442724229327356971, 
      48757980604812507087931 ], [ 14131796449, 15571037473, 574355400961 ],, 
  [ 110434314756263, 126498581494667997165223, 
      1020033327090369741250378832340652501727 ], 
  [ 411274527947623307745063238591 ], 
  [ 850856398881227165058630084343732631745826201 ], [ 1071474859095241 ], 
  [ 1819387322629, 129906885474121529284717 ],, 
  [ 1952994889, 14446009826495233950673520201 ], [ 1176032551 ], 
  [ 49015017133 ],, [ 292816428249185603140501 ],, 
  [ 143875999468973867167601, 383897311603283219372401 ], [ 1659883789 ], 
  [ 17728006447201 ],, [ 374094737733733 ], [ 454420292432394836501 ], 
  [ 905343720597553313, 815078147647461381418594721 ], 
  [ 502844403470527, 1777253161717522477, 2959734491703480401353 ], 
  [ 618087842789, 105740370119833, 153999489209692811 ],, [ 2259372481 ], 
  [ 45368619187 ], 
  [ 108701998448928095733131, 2079050861241131941160293, 486860281941281460932\
1027246451 ], [ 2722759243, 233827745044666578457 ],, 
  [ 29484008321240653199501 ],,, 
  [ 34089614266369, 10591528469233793, 12035000209730962343006593 ],, 
  [ 398425490269746421 ],, 
  [ 4960068269898193, 418919072518864928317461615070190461 ],, 
  [ 21245390863, 1423840966395002050340531 ],, [ 3793522770173274241 ],, 
  [ 2392360135775281745413, 44353127133817196894893530667 ],, 
  [ 791069429351190499690106330461 ],,, [ 179808664105261907 ], 
  [ 2100581467727071166709522618443965057 ], [ 1683770161 ], 
  [ 2714532979441, 30441274196750803 ], [ 46281863827879 ], 
  [ 73987205973024752821946840189 ],, 
  [ 32742323851, 82560354069751, 93857751628882201, 15394923547497061801 ],,, 
  [ 53624525077 ], [ 20582576323, 3893873661217 ],, [ 12418845874797181 ],, 
  [ 1118908127 ],, 
  [ 6005964861601, 490820151227080677281, 718000717024565118862141601, 
      51317647100019800830966346561, 34710963416187976276431400208543817281 ],
  , [ 6687827327293422301 ],, [ 5063193190031969 ], 
  [ 4319709895134335739181 ], [ 200042029709661244951250221 ],, 
  [ 34642081657, 41164265724093748339897760177797674325314516601 ],, 
  [ 3289852380251, 3185092754306579902365901 ],,,, 
  [ 1665564757347464646727935867048913 ], [ 8966299215955901 ],,, 
  [ 388242397037603 ],, 
  [ 141331840381, 64299495924160253058241, 698076654652407486955063869721 ],, 
  [ 1498123988614709, 16666468944142415608208281167977 ],, 
  [ 60101777579231957029361 ],,,, [ 365686160953 ],,,, 
  [ 16485156471169, 37062390376950853654230283322110657 ],, 
  [ 3169117694681, 3871915757519, 50367261816565609, 413153908232075797229 ],
  , [ 17687018290453 ],,,, [ 3445008182189258759801 ],,,,,,,,,, 
  [ 1179981391, 3542519422880218148665501 ],,,, [ 1588685562096362713 ],, 
  [ 21011838697, 6878054927251204773121 ],,,,,, [ 2892947269 ],, 
  [ 6625641793 ], [ 12584547520651 ],,, [ 26087927097748309 ],, 
  [ 3649282907689616731097041 ],, [ 90539425130189977 ],, [ 202980172123 ],, 
  [ 1607554121, 71646917341273 ],, [ 19662303734378999 ],, 
  [ 32694542309502481 ],, [ 2717521939243 ],,,, [ 2632826570955400537351 ],, 
  [ 19083037537, 204325960001, 3165878384953, 347227857597953 ],, 
  [ 56410788001, 308563206747251, 172059368891574659409251 ],,,, 
  [ 678693116069 ], [ 117090893371 ],,, [ 31500069306321487 ],,,,,, 
  [ 7503857847917113 ],, [ 53942109801287 ],,,, 
  [ 3241043298678331, 226007442309035251 ],, [ 134129110788481 ],,,, 
  [ 2591706241, 16285337008872973 ],,,, [ 12485443601, 39413725121 ],, 
  [ 2565049685344722747818863, 5189400451527348586087985341 ],,,, 
  [ 2722099648131392959 ],, 
  [ 4016378850049, 189339556592753349121, 3574504687249854688321, 
      2458424645371150374075503041 ],,,,,, [ 91120269661 ],,,,,,,,,,,,,, 
  [ 39040049357 ],,,, [ 1493845393 ],,,,,,,, 
  [ 75402280885441, 3787017926415041 ],,,, [ 62287307282484253 ],,,,,, 
  [ 1940608561 ],,,,,, [ 63825826740817 ],,,,,, 
  [ 3465908947825417, 278589997509632990468659 ],,,,,, 
  [ 1853481061, 5338121641 ],,,,,, [ 228133858159 ],,,,,,,,,,,,,,,,,,,,,,,,,,,
  ,,,,,,,,,,,,,,,,,,,,,,,,,,,,,,,,,,,,,,, [ 3287812619931351090181 ],,,,,,,,,,
  ,,,,,,,,,,,,,,,,,,,, [ 1001443951, 24416316901, 119087688151 ],,,,,,,,,,,, 
  [ 8997113486593 ] ];
