BRENTFACTORS[265]:=[ ,,,,,,,,,,,,,,,, [ 2959570291 ],, [ 4361013343 ],,,, 
  [ 1959310809956352973524823 ],,,, [ 25672354327 ],, 
  [ 1301634203, 251370706703009 ],, [ 2242124707188443465256734039 ],, 
  [ 2494057414267 ],, [ 1474691611, 66819409236534571 ],,, 
  [ 7822757920210643 ],, [ 19144445401 ], 
  [ 985706889646964704976879, 9049206560792846067720845021 ],, 
  [ 48646886440815097, 5008210173539075558207 ],,,, 
  [ 539607954980008749302513556814357888550153558041 ],, 
  [ 16830501752717402107, 28599300385792921418341 ],, [ 4048348279 ], 
  [ 15053977469572757 ], 
  [ 12538339054471, 17572149413383811, 54646488740933996809077761546491 ],,,, 
  [ 18405321661, 220340133385788847217749 ], [ 17248993330399 ], 
  [ 28915620638913743715751, 4023597535990508051407144960033, 
      2810717440730003421518904987124351 ],, [ 47929326963697 ],, 
  [ 1277911896862130484409279533002743 ], 
  [ 11963481566081, 34213071802561, 2000270588127457602497 ],, 
  [ 227893174081, 1554830309407 ], 
  [ 9604595289393739, 888153645282243632233, 11004180733845429433977964201, 
      25191191408018675359515178790219240539 ], 
  [ 382928013882003159957709961321 ], 
  [ 5066084988426463, 9300556771175281, 3418235506680332746315081 ], 
  [ 6127291900031, 23858949140461 ], 
  [ 2628734861189107579, 124572995405902495646897765358203 ],, 
  [ 14864706761, 3849031603996123 ], [ 11698244399522602177540693 ], 
  [ 10503184651, 1064215666096351 ], 
  [ 1031202701832409, 6254604280809534699121 ],,, [ 11431323859 ], 
  [ 44630381667761 ], 
  [ 4565390404875031, 406338033929812754597338087, 201455153673290277009000453\
005427124093 ], [ 123749039636894190307, 5216177943752300243149511 ], 
  [ 13024270361, 75436786519, 1327056514483109904839 ], 
  [ 228655013656588922507413 ],, [ 134095259659756817603 ],, 
  [ 45988917970785593, 525904228936259527151480705772934848577 ],, 
  [ 23361824701, 1194918860431 ], [ 2441275019 ], 
  [ 19368550792216265470864404253, 49763857469729356640011428974107777 ], 
  [ 7236471194990283397, 22918189195716880740605950933, 
      8567116034534138427285061178000751779175927643 ], 
  [ 201792105180613, 1057916630478691, 2237352230606761, 
      4039054670773765227889 ],, [ 5702113970332232775707143009 ],, 
  [ 469847380439051539, 43475965409160351605401589602339 ],, 
  [ 2275299701, 3477187398901 ],,,, [ 836476207355843022281 ], 
  [ 2079020228225011, 5237212531602398195206424899959659978761 ],,, 
  [ 182530660672441 ], [ 5081046119 ], [ 9773143271, 12480757515931 ], 
  [ 336926800603, 9733137910997335666843315273 ], [ 197540325575345089 ],, 
  [ 1850427960903562969572619 ], [ 387453207292397913391 ], 
  [ 6360937587355117957622941, 188177735041391793275361202308317 ],, 
  [ 97689929782700027617801889 ], [ 1091126593523 ], [ 1687838452561 ], 
  [ 182128831858741005041 ], [ 158240416086019, 2103144887074369003519 ],, 
  [ 63378348289 ], [ 3132026251, 8243935318001 ], 
  [ 1175428605346196045756005459 ], [ 647225688340549 ], 
  [ 2704795990946590991027428409857 ], [ 21882809985215359 ], 
  [ 45068211522187304426533294605571, 54637406769501169211037567903168251 ],,
  , [ 5387990353579 ], [ 3454331939041 ], [ 5889306421 ],,,,,, 
  [ 62141785814611 ],, [ 190409601057320503 ],,,, 
  [ 2583032782474084921, 761522975713122456331 ], 
  [ 22290875596995089353, 2479463399558912903791875169 ],, 
  [ 1539942301, 3853859431501 ],, [ 21504089041 ], [ 100123930032463 ], 
  [ 16616096113, 43153304041 ],, 
  [ 1190524082593, 18170406178072643796537954073013737 ],,,,,,,, 
  [ 167785368133, 29903852798089 ],, [ 76422120023, 76618740478990461077 ],, 
  [ 54392402569, 70961695746649, 34323061713608635995541042088115346111777 ],
  , [ 139476430159580194991 ], [ 98732138347, 297480207457, 88889719584709 ],,
  , [ 94794775473986983521202029033601 ], [ 3576059707501 ], 
  [ 50362232160915857660369 ], [ 5158197367 ],,,,, 
  [ 3034959929, 405638436659, 3493977567105891129811, 
      4757996993616296214929243406581 ],, [ 1926172783940737 ],, 
  [ 3765896411715248997780799 ],, [ 46445677536317 ],, [ 3203886211 ],, 
  [ 127543445336641 ],,,, [ 16429415401885240021 ],, [ 40199925653911 ],, 
  [ 6715031550394801 ],, [ 907872038788009, 1491640280648414503 ],, 
  [ 1321442641, 94600011589, 202278224061975247741 ],, [ 16637265551 ],, 
  [ 7778711939233, 8205482171775581473457 ],, 
  [ 34049491067540761, 22375453359653835837745529652151 ],,,,,,,,,, 
  [ 22534471961 ],,,,,,,,,, [ 11619171281 ], [ 10516850191, 316594003830259 ],
  [ 26996628961, 10294796856606601 ],, [ 2209848967 ],, [ 1252771747371821 ],
  , [ 239476933687741, 38542289334776149434989 ],, [ 1913957715121 ],, 
  [ 3100373842824779951 ],,,,,, [ 807506479152577 ],, 
  [ 906347032257842251, 12797259205177780866986435501 ],, 
  [ 4759289708268313, 125104475024829739171657 ],,, [ 3743400511 ],,, 
  [ 618941080629588853 ],, [ 4896510955098976201 ],,,,, 
  [ 234186637931, 24775079805881, 59871117679931, 928259450464651, 
      1352877844990901, 8479450198855501, 855721311030133785481 ],,,,, 
  [ 56976777714691 ],, [ 181084098193 ],,,, [ 6853058995297 ],,,, 
  [ 111202203001 ],, [ 5785235641, 158032157817515105687137 ],,,, 
  [ 12452174593 ],, [ 7544060072444140673833441 ],,,,,, [ 465646371037 ],,,,,
  , [ 1392315525929850601 ],,,,,,,, [ 2321089524293, 1241539351626021449 ],,,,
  ,,,,,,,,,,,, [ 8182627129, 13310435147689 ],,,,,, [ 1192774441 ],,,,,, 
  [ 4672980065713 ],,,,,, [ 5807175374953 ],,,,,, 
  [ 1223724727021, 3208527133837 ],, [ 3132299600501 ],,,, 
  [ 5266537595573563 ],,,,,, [ 2093633213051420281 ],,,,,,,,,,,, 
  [ 1366454209, 220129407752209 ],,,,,, [ 2160497836938030157 ],,,,,,,,,,,, 
  [ 29162524561 ],,,,,, [ 147066167557 ],,,,,,,,,,,, [ 5671613713 ],,,,,,,,,,,
  , [ 5599750381 ],,,,,,,,,,,,,,,,,,,,,,,,,,,,,, [ 1000122763951 ],,,,,,,,,,,,
  ,,,,,,,,,,,,,,,,,,,,,,,,,,,,,,,,,,,,,,,,,,,,,,,, [ 843662805649921 ] ];
