BRENTFACTORS[1237]:=[ ,,,,,,,,,,,,,,,, [ 1898264609 ],, [ 62400195581 ],,,,,,,
  ,,, [ 34722532656203755073675009021146759 ],, [ 5436306408289 ],,,,,, 
  [ 43532817717149 ],,,,,, 
  [ 23065312489, 170194408157, 1032884188641009132022909 ],,,, 
  [ 294257443690275863066805137411226675217 ],,,,,,,,,,,, 
  [ 934595339325463, 314870266008757831169236153943815277 ],, 
  [ 4310664187, 942734921886862308560009 ],,,,,,,,,,,, 
  [ 344243677562599, 1636469808988556222403772423159, 
      6568201664909146557543083861073871 ],,,,,, 
  [ 1763376075061, 5148293240797820243539614020009 ],,,, 
  [ 6803454746403271172059 ],,,,,, 
  [ 47193771011, 23855042684119, 27063620073224836650286753 ],,,,,,,,,,,,,,,,,
  ,,,,,,,,,,,,,,,,,,,,, [ 242810829016834035733468471 ],,,, [ 1828337691109 ],
  ,,,,, [ 5820428102969 ],, 
  [ 1687765621335741737, 37720092339142065247, 893550183290564351831 ],,,,,,,,
  ,, [ 274983062196931465846744157 ],, [ 5128852597241 ],,,,,,,,,,,,,,,,,,,,,,
  ,,,,,,,,,,,,,,,,,, [ 24234703700951 ],, [ 170059918097 ],,,,,,,,,,,,,,,,,,,,
  ,,,,,,,,,, [ 5193197687 ],,,, [ 33605940712723 ] ];
