BRENTFACTORS[9859]:=[ ,,,,,,,,,,,,,,,, [ 22954949041 ],, 
  [ 2061021239, 71937735971, 111692773407848263 ],,,, 
  [ 2965030456264286159077, 68754216706124291163911 ],,,,,, 
  [ 27783195719139457 ],, [ 13493899357 ],,,,,, 
  [ 2196112825979329, 5121736584932657, 101658021523296287039, 
      7656968453033341005564193, 
      9218712285005842230090387388264675487256921760760198507431567 ],,,, 
  [ 6578680705049393021 ],, [ 4957924339, 35833941540413 ],,,, 
  [ 1408733458007, 29694905290271421259 ],,,,,, 
  [ 401483530139, 6142977629717219522963 ],,,,,,,, [ 157225760647 ],,,,,,,,,, 
  [ 2185889430275997647 ],, [ 25548204347 ],,,,,, [ 252413243177 ],,,, 
  [ 37080707156531 ],,,,,, [ 6483520369025210054779 ],,,,,,,, 
  [ 684312848434009950691 ],,,, [ 290657694684473, 4816417656253867 ],,,,,,,, 
  [ 2721317327 ],,,,,,,,,,,,,,,,,,,,,,,,,,,,,, [ 4681737604223 ],,,,,,,,,,,,,,
  ,,,,,,,,,, [ 11869491048871 ],,,, [ 21395408407 ],,,,,,,,,,,,,, 
  [ 1798746869 ] ];
