BRENTFACTORS[1709]:=
[ ,,,,,,,,,,,,,,,,,,,,,, [ 52886827337191, 917934464044797613 ],,,,,, 
  [ 44198270557326613187029 ],, 
  [ 565226393819, 40004953371069036750971, 99209956670469621006078417596734161\
2032048254445255973 ],,,,,, 
  [ 18924075102575912346997640631470450447, 4482634180199941567237725069013023\
23207, 28211130704913209762917926676723936287349 ],,,, 
  [ 29982214813, 1937670718564829864420831051, 
      473670832793739343040401037117957278686279259, 
      893795743259137149538017708946479723678938791 ],,,,,,,,,,,, 
  [ 10783574153830883202552270302248184257 ],,,,,, 
  [ 1097557829839, 8806636818263 ],, [ 104968486983939419168280133284371 ],,,,
  ,, [ 41020949393, 17203649275551126742672309 ],,,,,, [ 34086757387 ],,,,,, 
  [ 14463848669, 7470611776687 ],,,, 
  [ 12029335816843124917802724947284044611 ],,,,,, [ 133505580284693 ],,,,,,,
  , [ 435330925090441333 ],,,, 
  [ 46659180305029, 19817759520929281, 615085434133812939511, 
      41021627243220452288323979 ],, [ 166015511367060968013962149 ],,,, 
  [ 760541082515821 ],, [ 45443298974005092491, 1648189859990532821486039 ],,,
  ,,,,,,,,,,,,,,, [ 76160069677, 470945851351, 542889519383683436558417 ],,,, 
  [ 31391546692283, 866302007422433 ],,,,,,,, [ 415817495692411637757004703 ],
  ,,,,,,,,,,, [ 1759504876063874014483 ],,,,,,,,,,,,,,,, [ 8815552247 ],,,,,,,
  ,,,,,,,,,,,,,,,,, [ 1098560313881 ],,,,,,,,,,,,,,,,,,,, [ 2021982617 ],,,,,,
  ,,,,,, [ 120495354242201 ] ];
