BRENTFACTORS[6173]:=[ ,,,,,,,,,,,,,,,, [ 42323631720233791 ],, 
  [ 2239597109, 349778311950304741358886407 ],,,, [ 6324775981 ],,,,,, 
  [ 16751245317867311328881 ],, [ 607024854618773385564322040711 ],,,,,, 
  [ 5103678622136518512595289430005567760077125985289557 ],,,, 
  [ 3359134183, 253086060751, 
      335694197454035381402807085094210393715234636192218391, 
      30694656311091299102297192248743644375786290677995266672480102751 ],, 
  [ 1164220906820197, 2057568771178979 ],,,,,,,,,, 
  [ 207969676160210490791431 ],,,,,, [ 3611791319, 228381145928261 ],, 
  [ 40776415524299812725481 ],,,,,, [ 132998613808213, 3217872618626983 ],,,, 
  [ 1064269127, 2586979783401479731 ],, 
  [ 9555640099997, 21811667002500750657427 ],,,,,,,,,, 
  [ 11710861981204297, 3596021221732013497 ],,,,,,,,,,,,,, [ 4673777473241 ],,
  ,, [ 129279739056448642813 ],,,,,,,,,,,,,,,,,,,,,,,,,,,,,,,,,,,,,, 
  [ 18356729932791599 ],,,,,,,,,, [ 408824985949 ],,,,,,,,,,,,,, 
  [ 7023620433126251 ] ];
