BRENTFACTORS[798]:=[ ,,,,,,,,,,,, [ 170437834763093 ],, [ 46014042181 ],, 
  [ 83873518529, 18809529175391 ],, [ 677558688020520914717 ],, 
  [ 103921061791 ],, [ 24143687573641, 47857545863123 ],, 
  [ 8938013944195151 ], [ 26762824037 ], [ 3382728103 ], [ 40624569117413 ], 
  [ 1298177077088731061, 3275265465046202162607797 ],, 
  [ 326862354149, 1036439154678947384326353523 ], [ 11613268001 ],, 
  [ 6006964417 ], [ 5105650691 ], [ 66852897121 ], 
  [ 23822956079528479323787, 85330508271914304500805605267 ],, 
  [ 141913877592203395303 ], [ 8621793601, 14430101341121 ], 
  [ 65979939478879, 105553845456567788257 ], [ 11300492659 ], 
  [ 458802769052724769853 ], [ 118536989299553749 ], 
  [ 159840985321, 223626100771 ],, 
  [ 479316905560777, 76475840369391698675239584386107049 ], 
  [ 125113882806337 ], [ 1121120404741, 151435412881134859 ],, 
  [ 4505487258319, 14343893170893290860861 ], [ 101464268473153 ], 
  [ 574358650314749, 23047574316926924443425663685448500137552255956162524513 
     ],, [ 2157664964621, 14397643253199616741 ],,, 
  [ 98467940381, 46410706046884559, 28562673160035723531659 ], 
  [ 17999284487750300300374918736225180767 ],, 
  [ 2014230943019483, 21882980984251197091659187, 
      5485683599788894151077790773 ], [ 5786459157395387, 137497011073099141 ]
    , [ 2126997832761990087789028231 ], [ 1400050475530222028983855783993409 ]
    , [ 296381939402080082167286281 ],,,, 
  [ 3710524325539144317157, 34579793431180849740373 ], 
  [ 1621238427195453427831 ], [ 1510043996017, 137114275884895480480297 ], 
  [ 24060006577 ], 
  [ 196515535453255193297, 50192128097377557080813359564127133673 ], 
  [ 1060491041, 140752013317, 2924320584539, 150770370634503964787068343 ], 
  [ 18129116010645850509730248762758661204003068842945951 ],, 
  [ 39154070591902421 ],, [ 2318142821, 25107634164554477385337 ], 
  [ 167970458561, 10532587689622610804102321 ],, 
  [ 8225622049, 1333424982250731004693, 82454843584242603080974856261 ], 
  [ 6121476923 ],, [ 1026732851 ], 
  [ 69088074645945655494655764542070242981379937 ], 
  [ 22197249160730684712631, 72532885798841475984289, 
      15111359836156118610948683077 ], 
  [ 31074212401, 405534183113289109793, 1412174248212406704330449 ],, 
  [ 4121634118214575351 ],, 
  [ 361484145134810387372714371571633, 68745357416633794885239793905007794217 
     ], [ 4759919993503 ], [ 1556574577 ], 
  [ 2278716881643618955741, 2626283847060613756141, 
      3100698777106695590820482852851 ], [ 6693234005901265041193492129 ],, 
  [ 62088356194635581128377995003780638024291367749 ],,,,,,, 
  [ 1363563601, 127161110155801, 140863737353990896759320451, 
      205132869197335046671980571 ], [ 27567719217874066763366363 ], 
  [ 99867818059 ],, [ 89856850367 ], 
  [ 2987653927252171, 82478520388989304066479041171 ], 
  [ 31371489928957, 2687742961095821318149 ], 
  [ 10861176612453889, 89951065378454897, 371133857161238345500027988272561 ],
  , [ 219892138171, 561643264285681717 ], [ 16717693668173821 ], 
  [ 2623131474013658463430937 ], 
  [ 557573037139, 31579328999438837839, 3947443750880572677813937 ], 
  [ 698849362787, 9018504160525313, 7842258453362596213, 67408342467222955853 
     ],, [ 280420984801561, 4839580530010585881121 ], 
  [ 2162488272294770226577 ], [ 12336924933721145002951231717 ], 
  [ 1588096945760805826351 ],, 
  [ 3521389871646754001, 17703371141644559518579657751 ],,, 
  [ 653313373430657 ],, 
  [ 4641369583834189228621, 402312465352103416390031971518308491 ],, 
  [ 33975435180061, 11121289494282207378007203135615616713455557 ],, 
  [ 98166112882794527179292513 ], 
  [ 2537665657141215226231, 6742334827345851484921, 10907644694528015989561, 
      39006530369372822636521 ], 
  [ 223117218792882079049, 13535168817357499866641 ],, 
  [ 29958518809, 11591609526241, 44335087081150267 ],, 
  [ 332847155423586888957828864612874222804501 ], [ 8180109844477 ], 
  [ 239392704757, 1800199203640632808987 ],,,,, [ 40386786435367 ], 
  [ 203345625937 ],, 
  [ 6558637051, 147531476101, 1134401143335751, 120143996000043227203099651 ],
  , [ 8485894022721760588312849 ],, [ 2943327773, 2041109416349613806197 ],,,,
  ,,,, [ 11667957808231 ],, [ 45318460301 ],,,,,, [ 15772829721203413501 ],, 
  [ 3119095031681, 2047716089598800463689849 ],,,,,, 
  [ 474602791961, 98508330139384827578075963 ],, [ 679455940321 ],, 
  [ 147391909103541649 ], 
  [ 1339976509, 250506538039, 459845490051991, 657415396019491 ], 
  [ 7721969564129 ],, [ 800124981247, 69007727256909973380691 ],,,,,, 
  [ 355723331329, 1194806965023065028673, 158060881707628980660624769 ],,, 
  [ 20229406861, 29584679671 ], [ 339200680317824928112441 ],, 
  [ 29621412217, 6325139566472959, 15851130057262567 ],,,,,, [ 3294892415641 ]
   ,,,,,, [ 4519728361, 41767311238381, 7816179076621367341 ],,,, 
  [ 33593946191581 ],, [ 1016822809, 60699796984518512420737 ],,,, 
  [ 932044050829831083101 ],, [ 88173365301471625309 ],, [ 163608329249 ], 
  [ 1180087651, 141469533046801 ], [ 3364248431, 31070992749931 ],,,,,,,, 
  [ 3483483150232801 ],,,,,, [ 1136129526742801 ],,,,,, 
  [ 2052997858854979, 1219072862245961504203 ],,,, 
  [ 292138046105163924627001 ],,,,,,,, [ 1067866440002190539869 ],, 
  [ 4314109360861, 3847673530259561112241 ],,,,,,,,,,,, [ 215764959497504017 ]
   ,,,, [ 49395933901 ],,,,,, [ 1276099912010057413 ],,,, 
  [ 11906002982277603343 ],, [ 921604268997595257121, 4449780547153355496097 ]
   ,, [ 1086853165441741 ],,,,,, [ 958595346433 ],,,,,,,,,,,, 
  [ 159903902621, 44468320414057 ],,,, [ 2353817128207273 ],,,,,,,,,,,, 
  [ 9338658178846537 ],,,,,, [ 570312639985940264213791 ],,,,,,,,,, 
  [ 35995906421, 4307774158301 ],, [ 7083212959 ],,,,,,,, [ 3655149701351 ],,,
  ,,,,,,,,,,,,,,,,,,, [ 26284346282767074973 ],,,,,,,,,,,,,,,,,,,,,,,,,,,,,,,,
  ,,,,,,,,,,,,,,,, [ 54713665021 ],,,,,,,,,,,,,,,,,,,,,,,,,,,,,, 
  [ 11640055951 ],,,,,,,,,,,,,,,,,,,,,,,,,,,,,,,,,,,,,,,,,,,,,,,,,,,,,,,,,,,, 
  [ 7774695001 ],,,,,,,,,,,,,,,,,,,,,,,,,,,,,,,,,,,,,,,,,,,,,,,,,,,,,,,,,,,,,,
  ,,,,,,,,,,,,,,,,,,,, [ 11109127457, 188715489526673 ] ];
