BRENTFACTORS[3049]:=[ ,,,,,,,,,, [ 2852756206631 ],, [ 1347373613 ],,,,,, 
  [ 37701760991 ],,,, [ 78328053283, 511166476873790981 ],,,,,,,,,,,,,, 
  [ 54544714893854163272809001914378033050462907871 ],,,, 
  [ 33877722652839699737, 350255615329665821316986841581671, 
      24098234933843230340030298126640540041699938348828005162879 ],, 
  [ 246952336199, 13590224661325024508997753496388603 ],,,,,,,,,, 
  [ 37461852041849 ],,,,,, [ 1053085481731, 6128450564334347 ],,,,,,,, 
  [ 1332538211 ],,,, [ 190069738745786873886970237902907660141 ],, 
  [ 759472961017 ],,,,,,,,,,,,,,,, [ 253043025207861167 ],,,,,,,,,,,,,,,,,, 
  [ 50518547293 ],, [ 585922094977, 18155629726371447367549 ],,,, 
  [ 83219417008660564674179 ],,,,,,,,,,,,,,,,,,,,,,,,,,,,,,,,,,,,,,,,,,,,,,,,,
  ,,,,,,,,,,,,,,,,,,,,,,,,,,,,,,,,,,, [ 21677456057 ],, [ 7227282087959 ] ];
