BRENTFACTORS[644]:=[ ,,,,,,,,,,,,,,,,,, [ 3921068551429439 ],,,, 
  [ 211362727907 ],, [ 30816736801, 1445327506451 ], [ 700327454209813 ],,,, 
  [ 1411180831 ], 
  [ 41036873659, 109949379271, 141266957593, 33225655108118040901 ], 
  [ 1013132444748128737 ], [ 87949320427, 29971833729351757 ], 
  [ 974779315038778889 ],, [ 3124706509 ], 
  [ 2823172447, 1376304473644218871, 2501440052806469885731 ], 
  [ 14828752199, 189666375852803 ], [ 202177924807 ], [ 52487886881 ], 
  [ 1402865903582239301050943465046097727948777374729 ], [ 13243806703 ],,, 
  [ 35377615366313181211 ], [ 12183652193416930452861013 ],, [ 322185389233 ],
  [ 15878811523, 7009412671594691, 40268261625650131701307, 
      241903598731729977430056254083 ],, [ 1225876502370813907 ], 
  [ 189268114017240130546650671785429 ], 
  [ 27454053528199, 1670319248356450728941247427087231, 
      13222600558895396803890267973140011202955956237679 ], [ 8811808939 ], 
  [ 5046140221, 246826450442626967454213761, 528145536607657030587550631 ], 
  [ 3010383103001 ], [ 8741650815627459070211759971 ], [ 210230941184573 ], 
  [ 2249129089 ],, [ 6681026953, 11683472369243 ], 
  [ 52877483929, 585556145552552543 ], [ 49676506473133 ],, 
  [ 14518515262413552717408805987934688008335245701612671 ], [ 25600323739 ], 
  [ 7947241717, 69330503479, 513363347646607583, 3519652325848531063 ], 
  [ 36074369829512324606633, 59553615744789525948097 ],, 
  [ 1876426021, 780971155091 ], 
  [ 7289684668267, 38280807592703099104015601240441 ],, 
  [ 74375478034679610188374134140557 ],,, 
  [ 4681258457, 8937300203561, 4148231203887447233 ],, 
  [ 58739187613371086975011 ],, [ 23520749734576961 ], 
  [ 61372578027320476860817, 144463447673095741772581, 
      390686252799217477605215118512199977127259 ], 
  [ 64605773004284085281165274683756198186459333 ],, [ 12609618174301 ], 
  [ 2811087361, 374567103511 ], [ 4410296453055098532794448619 ],, 
  [ 16688502175973411567793140984601357768778873 ], 
  [ 30580250303, 22828383887753, 17946936006772084097 ], 
  [ 8914844557081, 60995371869474241926584071 ], [ 33680351513785464671 ], 
  [ 3682813913, 153565230585628994337977664814737858318821 ], 
  [ 56061404850846333259837 ], [ 26487789411804683 ], 
  [ 16879742311, 25417161142765428116663977491301 ], 
  [ 6319813718557714116185473 ], [ 7140267004657 ], 
  [ 3815638497564449459237733540246460030771590727 ], [ 26792301493 ],,, 
  [ 12627751267, 375897633040117 ],, 
  [ 2654277170701838782383068482841, 1759915321687758898506990876500682882569 
     ], [ 39280611769872061, 267515099358154802362263099964092891381320496421 
     ], [ 372094826782619 ],,,,, [ 174995982073755413383 ], 
  [ 2914002014449, 146175456346295713, 
      8700036271203479537594201572272819901044097 ],, 
  [ 535809809929, 1112711862081665584257167251 ],, 
  [ 4980376030037, 3093665213142349 ], 
  [ 25359832101706256071711, 26810325170075844298513 ], 
  [ 83912735856132609891877 ],, 
  [ 2763024241, 11291690085721, 663639474888190199521 ], [ 3433956147997 ], 
  [ 73289773718623057, 6405713290110563276529883 ], [ 44264504324417101 ], 
  [ 33893844862748201, 35152932538619709101, 863780247422986435336061274101 ],
  [ 1126454080751 ], [ 9568576487602519971161509 ],,, [ 7436082805783 ], 
  [ 2245051121 ],, [ 41546202721, 16048312571614802519921811877 ], 
  [ 1121303317 ], [ 319491494321599, 53212929669623033 ], 
  [ 7546550132791, 42536177234316234446571091, 44981923187710726355308842271 ]
    , [ 29820606416802537282929 ],, 
  [ 7692491396949688158327366337633155817830732318313399 ],,,,,, 
  [ 213798453958362660193, 225185990123398814085313 ],, 
  [ 243203734001, 113136347859011, 823569224839296765679 ], 
  [ 73109546833, 35100476179955971 ],,,,,, 
  [ 1132865551, 697377612331, 5362412192827057 ], [ 2607695901427 ],, 
  [ 613106718937597, 6555713217021358264681, 
      282938121009029793370102193372708827741 ],,, [ 588605576627532913 ], 
  [ 145439788321, 22183301464838200666241 ],, 
  [ 2406346610442673128861035916793 ],, [ 1057720585169177981 ],,,, 
  [ 14424355232449, 1542314257611361074499876620817 ],, 
  [ 2215733761, 3759670124092361, 21487520735514758866471 ],, 
  [ 65524533653, 3238616564041, 367457395199053693 ],, 
  [ 3574575787, 1490371199919103, 623302506541003657, 
      3172746570358786908719137, 12316388176995286430630664127089681811 ],, 
  [ 3703387091122609340511953 ], [ 8429073064532949427 ], [ 927330046793 ],, 
  [ 3877988041, 20533346364805695203013752221, 
      1193296067959062058456880815381 ],,,, 
  [ 26975754395977164137, 9144519504670520835654689, 
      35893245926862780380555273 ],, [ 3417366784201, 20144690803804122601 ],,
  , [ 1900701181 ], [ 9545984073514067936759578472261 ],, [ 34866685099969 ],,
  , [ 1067762671, 3364800094501 ], 
  [ 35169388381, 140998393369, 4192240549859047815697 ],,,, [ 3471867742001 ],
  , [ 5698318597, 2926883975867 ],, 
  [ 13266085933, 14283403297060309, 1569860743809857797 ],, 
  [ 6862169253481433989, 6628258073261686231163 ],,,,,,,, 
  [ 3370822401849224983 ],,,,,, [ 10421999446336501, 64031222297767561 ],,,,,,
  ,,,,, [ 1458310657189, 5207781824844523 ], [ 75367417921 ],, 
  [ 82947610992269791 ],,,,,,,, [ 2360768327784043 ],,,,,,,, 
  [ 8534858091965479291001 ],, [ 335331996553 ],,,,,, [ 10067802649363 ],, 
  [ 57764496661, 5884516942201 ],,,,,, [ 30290940457, 16215899491093 ],,,,,,,,
  ,, [ 3618384841 ],,,, [ 115768913088955994904401 ],, [ 52730844953242543 ],,
  ,,,, [ 830724450096097, 16006854326737656097, 513391769172169173217 ],,,,,,,
  ,,,,, [ 4231285501, 2416670375487391501 ],,,,,, [ 35417136763 ],, 
  [ 38612285859841 ],, [ 23773833971, 99179556610458131 ],,,,,,,, 
  [ 86322212187193 ],,,,,, [ 158783124853, 520060484773 ],,,,,,,,,,,, 
  [ 72047612113, 39475543541617 ],,,,,, [ 470949733369, 17943233850811 ],,,,,
  , [ 1794855241 ],, [ 369022189901 ],,,, [ 2777238749443256941 ],,,,,,,,,,,,,
  ,,,,, [ 2201878561453 ],,,,,,,,,,,,,,,,,, [ 13820944021 ],,,,,,,,,,,,,,,,,,,
  ,,,,,,,,,,, [ 27238315441 ],,,,,,,,,,,,,,,,,,,,,,,,,,,,,, 
  [ 355944068000762851 ],,,,,,,,,,,, [ 4912015417 ],,,,,,,,,,,,,,,,,,,,,,,,,,,
  ,,,,,,,,,,,,,,,,,,,,, [ 640995775111 ] ];
