BRENTFACTORS[458]:=[ ,,,,,,,,,, [ 36939785257 ],,,,,, 
  [ 416922471219906235963 ],, [ 9951965047641826861 ],,,, 
  [ 19496373569, 265519115440175599087 ],, [ 1422057401 ], [ 181299775697 ], 
  [ 364611265124797 ],, [ 41258112023, 65581971476735149 ],, 
  [ 2069845715382844828633891 ], [ 2192031664762721 ], 
  [ 14110782551189666336017 ],,, [ 3546717949 ], [ 2283558157, 1369638180811 ]
   ,, [ 26753649057868190354601277 ], [ 5509295401 ], 
  [ 1539544999, 14955942389639308031847169576091927054590861441 ],, 
  [ 929929573967, 23621401369339, 453467529079229288913443291 ], 
  [ 390301871389, 466512217535321 ], [ 83218919030011, 1855364683356901 ],,,, 
  [ 1397782463562360541 ],, [ 8357613709560229, 1600840180673075411657453839 ]
    , [ 1520371757785297, 3499509678501919837 ],,, 
  [ 59186881994569559499522947013382252878920417131 ],, 
  [ 1911684645841, 266689576690039369 ], [ 69108316996489 ], 
  [ 1945242442321237090464880012983553 ], [ 3392459197861, 16709900312641 ], 
  [ 1749879673, 11993087879, 9960356723573, 28466205231517, 
      214760926365457026481, 688839273973976222816039, 
      3333122452225018662164227 ], [ 5319459742916977984648750070869476911 ],
  , [ 3425889409, 4039757455553 ], 
  [ 1332808460056841, 13083007947178911526686762014099691131123531 ],, 
  [ 2371080555743, 194845529558473 ], [ 6963978351867349537100137613177 ], 
  [ 85505251813 ], [ 1685552870962241 ], [ 377288278011282433319759 ], 
  [ 2087881993, 471121837506896594956057 ], 
  [ 4468590012107371, 20916840229528219655987837 ], 
  [ 630321479901989037322667314447 ], 
  [ 34718283601, 10759002725419893832043691150497551 ], 
  [ 229791646801, 2848736074236243580141 ], [ 19438602673612408273681 ],,, 
  [ 1403124509392626721, 7395755007596344730674721 ], 
  [ 13694374751487474063843304669 ], 
  [ 100323422535653, 7743599611216644423053011098261109561 ], 
  [ 127105100400839133017 ], [ 137828718133, 2887148297797 ],,, 
  [ 196117165476907, 130077819848450415678931 ], [ 2756159491361 ], 
  [ 13203907259171, 192470063659474703, 1287873548973540696493 ], 
  [ 1178587920153932229183792335371 ], [ 9990532686438022194183832572631 ], 
  [ 9642559719105899926833042187529 ],, 
  [ 3898838631769922862611559329, 5804466192657395745944829032161 ], 
  [ 7683049560881, 119181191502433608502622034361 ], 
  [ 236063990209, 1246038925508968470049 ], [ 6184808829043138817 ], 
  [ 35063200310363 ], [ 150519979268803, 30262608835311064945220481709 ], 
  [ 117538383301, 134958834423053399161301 ], [ 29462408497427 ], 
  [ 310291611574406491, 98181192066288039098473 ],, 
  [ 63929764857089, 29216411987715140377665027241, 
      3080287409849779344599297581879121 ], 
  [ 96785335239661043435461, 1077674207298864260425026245537791 ], 
  [ 1648624573, 822380725135846067 ],, 
  [ 55055508317053389109, 26390156134972475963881 ],,,, 
  [ 3618770562540113, 46458764187718513, 15164916658447729550276371466573489 ]
    , [ 84982061807483 ], [ 1014031340436511 ], [ 22032406904920421 ], 
  [ 546745296437 ],, [ 8675577947 ],, [ 38594758525680227339069160636659041 ],
  [ 311395035692768472259 ],, [ 2115074272417 ], [ 256897706057 ], 
  [ 27958006001 ], [ 90927426260618777083341781 ],,, [ 858005426564153341 ], 
  [ 13531916310861593971 ],, [ 975100963828747009405750035361 ],, 
  [ 338419168234220847405078546624611 ], [ 148212340646568634801 ], 
  [ 1169543425498429913, 2105170413913609394137 ],, [ 76500043701495015907 ],,
  , [ 8242316587, 4424750644736913920959 ], 
  [ 8379243858373, 1136514454579993836144878578963697 ],, 
  [ 57398860585824337, 1409307746445137330285314897 ],,, [ 55548970403977 ], 
  [ 1363329853956977, 11173700943978786139933 ],, [ 135777806929543501824301 ]
   ,, [ 1805061409, 351032486276489, 171792199735731310120361 ], 
  [ 769121127740888478852498019 ], 
  [ 9589079963, 3063024507414024996308412741103 ], 
  [ 104155247701, 216743293031 ], 
  [ 66360492594100121873632023213885462023033256413775913 ],, 
  [ 56189767321711 ],, [ 7012931309921, 802428651117601 ],,,,, 
  [ 1172512179074204431 ],,, 
  [ 75898792960347337, 538357545964801298424348867615344702101808126165449 ],,
  , [ 11668778371099873 ], [ 196607279365261 ],,,, 
  [ 47491565441, 384996747697, 36349183600218017, 778747855922955601 ], 
  [ 21298224151 ], [ 17327040473 ],, [ 36509700052020899502541 ],,,, 
  [ 6120063377 ],, [ 392349704419, 1803210719941 ],,,, 
  [ 38360923032778087831 ],, [ 65843053057, 67749338452094017 ],,, 
  [ 1501041184438554410956201 ], [ 7295090797, 1180063574023097 ],,,, 
  [ 570323609926601 ],, 
  [ 78032320018507, 496791828727012373, 1471527237647589979 ],, 
  [ 1732644654762241813, 14992588939381002216699373 ],, [ 26452148941 ],, 
  [ 1125795423422801 ],, [ 17289622914658582400299385461 ],, [ 5488159753 ],,,
  ,,,,, [ 25604955053701, 4951725591097907821, 1436623146228478134733621 ],, 
  [ 3289539636690506557, 513095684267587764199 ],, 
  [ 53666312897, 742253905121, 2442157232817569 ],,,, 
  [ 409358780432949361033 ], [ 4741231128199, 734788406395441 ], 
  [ 6167903541261862051, 1190290321435683212689621 ],,,, [ 4350908953 ],,,,,, 
  [ 6784226836462877956801 ],, [ 12573099805842203, 78694885018635073 ],, 
  [ 666673456749061 ],, [ 63877841219356231009 ],,,, 
  [ 3678694751, 4297327501, 3927733813560001, 4689917536978118210391761298001 
     ],,,, [ 5957289349559 ], [ 383767376671670941 ],,, [ 40289858507484319 ],
  , [ 15849815051461 ],,,,,, [ 3679768723 ],,,, 
  [ 3974513301150880298440054681 ],, [ 9996536113 ],,,, [ 97129900957 ],,,,,, 
  [ 171977645341190582863 ],,,, [ 6147891751 ],,,, [ 326538140807183231 ],,,, 
  [ 1739703357570082618915909 ],,,,,,,,,,,, [ 1452314251 ],,,, 
  [ 16882166621 ],, [ 2439074977 ],,,,,, [ 1836417883, 3489930751 ],, 
  [ 416384208001 ],,,,,,,,,,,,,,,, [ 246262003681, 1094811767782321 ],,,, 
  [ 6528828350501 ],,,,,,,,,, [ 3068298844451 ],,,, 
  [ 93662002513, 782270258461 ],,,,,, [ 182097893866938481 ],,,,,,,,,,,, 
  [ 23985267116233 ],,,,,, [ 12267534511 ],,,,,, [ 83411125587658369 ],,,,,,,,
  ,,,,,,,,,,,,,,,,,,,,,,,,,,,,,,,,,,,,,,,,,,,,,,,,,,,,,,,,,, [ 5173680151 ],,,
  ,,,,,,,,, [ 6802864531 ],,,,,,,,,,,,,,,,,, [ 4112043277921 ],,,,,,,,,,,,,,,,
  ,,,,,,,,,,,,,,,,,,,,,,,,,,,,,,,,,,,,,,,,,,,,,,,,,,,,,,,,,,,,,,,,,,,,,,,,,,,,
  ,,,,,,,,,,,,,,,,,,,,,,,,,,,,,,,,,,,,,,,,,,,,,,,,,,,,,,,,,,,,,,,,,,,,,,,,,,,,
  ,,,,,,,,,,,,,,,,,,,,,,,,,,,,,,,,,,,,,,,,,,,,,,,,,,,,,,,,,,,,,,,,,,,,,,,,,,,,
  ,,,,,,,,,,,,,,,,,,,,,,,,,,,,,,,,,,,,,,,,,,,, [ 15479172988417 ] ];
