BRENTFACTORS[748]:=[ ,,,,,,,,,, [ 5860776407399 ],,,,,, [ 2429065324963 ],, 
  [ 217351072661 ],,,, [ 9989309007227164665665422879 ], [ 3462772561 ], 
  [ 115539208201 ], [ 1622828332919 ], [ 1710474450494762690624791 ],, 
  [ 31694439533, 50104474710956527005692179 ],,,, [ 45792192935569609 ], 
  [ 41607182237 ], [ 75575540664961, 47223749467717901821 ],, 
  [ 66752950939217, 180335963759007386718797, 1736148770540843681307119 ], 
  [ 1654765947629 ],,, [ 13411836239821929551, 235538403516418104263827 ], 
  [ 111488900209 ], 
  [ 335465987074659700249, 2051835012149262635445777356776080398908022719 ],, 
  [ 15896807438268781, 36983235034582949071 ],, 
  [ 4773478579, 11440565069241129401, 458803934696993498933, 
      1329403660808914138321823501 ],,,, 
  [ 15110248747201, 55119547599733, 50837918892933385716386822311 ], 
  [ 16293968018381 ], 
  [ 1400294452121, 27245829950450972460163, 2701984954088469474421339846909262\
752741481 ], [ 46528390009 ], [ 3149401090470031, 394890959947727648021 ],, 
  [ 199982020438521511, 6990656818557071163107098549 ],, [ 10525590954121 ], 
  [ 1280767021, 6872441049533401 ], 
  [ 6876932113, 433445494607, 480872207951, 4070457020291910557, 
      304317877762031737159 ],, [ 41244139575839550751427504721969487495189 ],
  [ 2563106458768769, 1461332304396308801 ], 
  [ 11884459555996025904991411, 1333227606956059496067778208810891 ], 
  [ 3862502491, 59440623720945127 ],, [ 67786759657454506831664687313229 ], 
  [ 61392981662533 ],, [ 84728129173, 1035150248358517 ], [ 5101708424331313 ]
   ,, [ 2612331909293, 27639801085406554109280615101044046771 ],,,, 
  [ 5877656383, 333518838083419 ],, [ 27552515681 ],, 
  [ 136922132716531495713356407810432670160227 ],, 
  [ 3697953197260393, 39565200749312746789 ], [ 7414658702081 ], 
  [ 26967316322117 ], [ 1004763381822931711 ], 
  [ 22433892889, 360991998955259533555914649117605440796079193 ], 
  [ 27920927314996210580339 ], [ 6686702860051 ], 
  [ 4981292317, 6946839094875719481353240239 ], 
  [ 110401869349, 217407062401493313447517 ], 
  [ 1703905146403, 12869945175908623939 ], 
  [ 241323333158931179690971, 14416676799231534518389711836720609157 ],, 
  [ 245486854947933217 ], [ 3047766872881, 6759674759633 ], 
  [ 15962847565924691107765606934270873518051578131 ], 
  [ 1126986219811, 3255021121207141875007, 76001097404529174234140983 ], 
  [ 795469572389863940152359856454701 ],,, [ 63988653082357 ], 
  [ 24285077746697 ], 
  [ 162580867747256444645949511, 1444210817811997057190565955340101 ], 
  [ 756033236227 ], [ 40627028807 ],,, 
  [ 1875771151, 53293184891, 1569814703283060191, 1230865728000811557530261 ],
  [ 1641870921964489 ], 
  [ 696594911338829942712471518842170456030217078355854922793955649 ], 
  [ 80741696612210869 ], 
  [ 4551829507, 513252902959, 374862295505297247869423347 ], 
  [ 1120035565268621, 2038047499805344621151 ], 
  [ 407466285292433, 53153277995297782065311881 ],, [ 4102814974904810499347 ]
   ,, [ 27193472281610176495593471381717361081 ], [ 171346485463450331 ],, 
  [ 87939449524950811573 ],,, 
  [ 1431143114437, 5694094018301903567869948015469383 ],, 
  [ 14177580596826113, 6320063780634205653569153 ], 
  [ 4763496099654133033, 40043853827782730035251949 ], 
  [ 90184893259631, 238707116069272815249598756681076722737792434414478041 ],,
  ,, [ 1241080129, 10066418803993, 10477770637193 ], [ 137637736847101 ], 
  [ 2503040017 ],, [ 3331036963 ],, [ 2159353981, 93145871981 ], 
  [ 2095663543 ], [ 181864019261 ],, 
  [ 162932431382028612169821395905136736241 ], [ 15247144691 ], 
  [ 8820124983869 ], [ 17308029019 ], 
  [ 2821159721, 9297321521, 4168294748681704970761 ],, 
  [ 20252074601701, 139066240733931982049538764878351 ],, 
  [ 13351591537, 29745147543364073, 407544590038914001 ],, 
  [ 69066708712592709427, 1565746064599685265198983929 ],, 
  [ 950970357151508149, 58523170181673898189528349845459757509 ],, 
  [ 153093628213, 20599040022499051, 2306500394894079359, 
      4827834412103386686170159 ], [ 881752031341 ], 
  [ 35447767406667841, 1267160579116893717681601601 ],, 
  [ 44043307438519, 1242050637242557, 1008457193937317010751, 
      1140805570989444758371, 11827459728067630960519136151219127 ],, 
  [ 54092230642273 ], [ 114541301348837812960171 ], [ 127007391195582701 ],, 
  [ 1360191359515129, 1912148466860257237477234297153, 
      186226974096579170527580469465217 ],, [ 733984988521 ],, 
  [ 259392452800181 ],, [ 73683034254516339035942947 ],, 
  [ 1134237775302514033537 ], 
  [ 120133709749, 93618386964253, 7273247261906961703 ], 
  [ 4351957683127, 252117002617057, 320851660790120818597 ],, 
  [ 3715868341, 12250420048441, 2448164000703161261701 ],,,,,, 
  [ 25826655651776971, 30143399800938079273819 ],,, [ 3915854713891 ], 
  [ 48728447557627602474401 ],,,, [ 71826648459539, 7258814075399599 ], 
  [ 2151615181, 2921388924834629731 ], [ 18337320569 ],, 
  [ 35309012113, 3091866465982933 ],, [ 26492360099854601 ],,,, 
  [ 15791052748770733594609, 638042640505460960904743662321 ],, 
  [ 1158911711 ],,,, 
  [ 36704899981, 687850216831, 2591469783654361638631, 9940283047191580999231,
      58410123168065347396621 ],, [ 7908902082589 ],,,, 
  [ 46385532577, 74143979229383212249 ],, [ 24809189597 ],, 
  [ 505457111491655261059661, 46783584674258882016951382021 ],,,, 
  [ 29521834049, 1531700653057, 16018967989385761, 220406243672269634113 ], 
  [ 15824084175461701 ],,, [ 86312909708351269 ],, 
  [ 36986028709711, 44074187626999091, 767111405847127286740631, 
      1287799331664729355920941 ], [ 1057369273626558666313 ], [ 3925689401 ],
  , [ 4629012542857 ],,,, [ 7827927001684885532467251677 ],, 
  [ 216539083447303535173753681 ],,,, 
  [ 1040271797, 36656048753, 15503562220921 ],, 
  [ 4455369433807, 311774640205163360462682187 ],,,, 
  [ 29754855187164132001, 57894943936942833001, 
      19386205703335152374471355202501 ],, 
  [ 15912253729, 156153407257, 8114539122566101, 76029686621366798719981 ],,,
  , [ 4473756673, 1601630715649, 3728929120235009 ],, [ 4648483783 ],, 
  [ 4204674241, 558561172062603659821 ],,,,,,,,,,,,,,,,,,,, 
  [ 117690985230024361 ],,,,,,,, [ 295372134433 ],,,,,, [ 69524900383 ],,,,,,,
  ,,,,, [ 3407290723 ],,,,,, [ 1347477457 ],,,,,,,, 
  [ 17524070401, 129242023681 ],,,, [ 253368772093, 737737837093 ],,,,,,,,,,,,
  ,,,,,, [ 1152665967315871 ],,,,,, [ 3280791907993 ],, 
  [ 97936538701, 914270465501 ],,,,,,,,,,,,,,,, [ 255927325243 ],,,,,, 
  [ 1803068749, 58668471051135976801 ],,,,,,,,,, [ 4188939799596604981 ],,,,,,
  ,,,,,,,,,,,,,,,,,,,,,,,,,,,,,,,, [ 10859732289889981 ],,,,,,,,,,,,,,,,,,,,,,
  ,,,,,,,, [ 13691772901 ],,,,,,,,,,,,,,,,,,,,,,,,,,,,,,,,,,,,,,,,,,,,,,,,,,,,
  ,,,,,,,, [ 138801506671 ] ];
