BRENTFACTORS[934]:=[ ,,,,,,,,,, [ 14190343376837 ],, [ 79163132188739 ],,,, 
  [ 8985066887489366131 ],,,, [ 752605344961 ],, [ 6804630105039987941503 ], 
  [ 1319366473 ],,, [ 2685615481, 49680561844513 ],, 
  [ 29050421926597, 1266736100676321311289851893 ],, 
  [ 142776405803734399301031223 ],, [ 127874443218776088141355357 ], 
  [ 1447066961245303 ], [ 31484984371, 150961701055649772473921 ],, 
  [ 9684023543 ], [ 55090951429931, 577845353337223 ],,, 
  [ 1273939127, 2791770858799441 ],,, [ 4367423924029, 18297881250661 ], 
  [ 1408736306431, 222900892742086201, 2638496310871331431 ], 
  [ 6803606600860163, 7727316463631735137991 ], [ 10419435647282369 ], 
  [ 29458147291108832977 ],, [ 135019156268009518342801 ], 
  [ 13660170889, 12511901012707, 222764003347614768656671 ], 
  [ 8337060399064853 ], [ 151851205918760233635997300748749 ], 
  [ 17075085931, 144261187810543 ], 
  [ 61098203355153064677755907588338880491237269651 ], 
  [ 142539984355449616769 ], 
  [ 544292634562849338769, 1775430443388887838603639592466401 ],, 
  [ 14091226366211, 429773286488471, 29372507262963089426352133369 ], 
  [ 1925256814141 ], [ 2251052989 ], [ 38974730099 ], 
  [ 26764457394166921524817 ], [ 482736466521841409, 6083555796177291457 ], 
  [ 167173604261, 5831666796934668435121355466241648623421403326031 ], 
  [ 123216298789 ], [ 681312455720167410343, 244265881401637536083110015283 ],
  , [ 1975725615469, 22197668263535295673997059 ], 
  [ 30745303158236499420796054929811 ], [ 48352754566857128147 ], 
  [ 3164722176097, 27358643562724693360586137753 ], 
  [ 40366389676860337952503, 53641800783902057958305672893, 
      5870954871387758271235091143505453269 ], 
  [ 82860295429, 608078698531951211291 ], [ 1581769951, 15426960036216000751 ]
    , [ 855574990966964125707101304411289981 ], [ 208476009281 ], 
  [ 3971511493, 31097282893 ], [ 111581999863 ], 
  [ 20998263799192871404701121 ], [ 32437106371513, 536404697319097 ], 
  [ 136177417921736280323891, 53619949942880583090615901157 ], 
  [ 566854929801007, 387563030719709985563 ], [ 4333360367372921565661 ], 
  [ 17908815930371 ], [ 2353911467279, 923751854100525916459135665610817 ], 
  [ 28403790277, 10711778544677943222541 ], 
  [ 187277647677649, 4112408058747942977 ],, [ 12459116490073881171736976731 ]
   ,, 
  [ 2926672169, 27680811450637, 2304906817306995292196825426392097071570320045\
48697 ], [ 420262174617997, 6687959333854554361 ], 
  [ 11672402719, 461356285606143046686751 ], [ 357652144331, 86027494930331 ],
  [ 20584348360681165537 ],, [ 101845641913, 46872636890496914869 ], 
  [ 3057952908151248717210054062797 ], 
  [ 105447619335144802501, 40600744958354346951913052256746324803835701 ], 
  [ 106710729356522331589 ], [ 17547397287584551 ], [ 2160252516814087 ], 
  [ 1155057172785178763875633 ], 
  [ 47765406794491, 8026653291022712649985669410591641396973113191 ], 
  [ 95307602393808582087454794359871186733 ], [ 1450016279 ], 
  [ 28965105589539961 ], [ 33489899893, 64128763739 ],, 
  [ 220574946569680897, 901119810180309823631265181 ], 
  [ 1034832401, 225917895778159774189485499169 ],, 
  [ 2552727266980328464579392019421282437328726861107 ], 
  [ 116045130321288163901, 67261875538966731610436130151 ], [ 6052421750237 ],
  [ 9789124646024487495893542681, 6913876202519143723648289234443 ],, 
  [ 379051521544109 ], [ 2358666234601, 11035573508881, 6733663678734241 ],, 
  [ 32486330492161952203328149 ], [ 46739804727169 ], 
  [ 8063315017, 262166428499196178327914629809541 ], 
  [ 660267566946752970251 ], [ 96467635425926821359034304492122023787 ],, 
  [ 38855430383873 ], [ 528635131126423, 77457926122253569 ], 
  [ 38524366141, 68807022674760455671 ],, 
  [ 95266741021, 5396577362353, 265806051882770653 ],, [ 2013601478873 ], 
  [ 85142821681, 38285702719444891, 67207246151343931 ], 
  [ 182861210787817, 356737904801140908727313 ],, 
  [ 1116720875905271783233, 317282277678208247503809763419817 ],, 
  [ 1904986892185895855269928381, 21226531566409700345095016746501 ],, 
  [ 16917771797 ],, 
  [ 51687286092091506727966903084484432211609645384021691446433 ], 
  [ 7678102587530591 ],, [ 13983033409633 ], 
  [ 984040453442413, 1971161685844182462913 ],, 
  [ 1835523751, 6109460251, 17848362055201 ],,, 
  [ 7458922267597, 13566508176853 ],,,,, [ 75937793311 ], [ 250871861551 ], 
  [ 12611626081, 2397120532217922587521, 20330561489636024560848297281 ],, 
  [ 10966925503 ],, [ 89484611009 ], [ 541500807871 ], 
  [ 13419092438172654193039 ],, 
  [ 15704977719942999550343782067195833, 4727630867849402533374107506314526445\
790934446361 ],, [ 3697725371291343378303831581 ],, [ 10605281437 ],, 
  [ 24860827681, 26506073371, 84945132336499, 2540538398503627, 
      4484291795727380227867, 43169203547672007306542803225606737127300627 ], 
  [ 174910481201, 25820516681059801, 47219348601920251 ],, 
  [ 1568290447, 301826694872959 ], [ 116261684111449 ],, 
  [ 22047403681, 96315459322961521, 1911037585745694864875684582984941 ],, 
  [ 687781921664839, 5038449606273204767157388774640471 ],,,,,, 
  [ 10535298161, 21151859321, 1490985527207321 ],, [ 114526768541955892301 ],
  , [ 39011274500650279957249 ],, [ 698563441897, 87164856216546420803 ], 
  [ 5222255206741 ],,, [ 2523508514011 ],, [ 11951441418401 ],, 
  [ 22485334088428983756913 ],, [ 5046238306141 ],, [ 2603546049331 ],,,, 
  [ 192590678911 ],, [ 156099210997 ],, [ 4526358477547 ],,,, 
  [ 8941051678451 ],, [ 1382168602200541 ],, [ 16954442150019740205361 ],, 
  [ 55252238273, 532137636353, 885749642177 ],,,,,, 
  [ 8167593481, 43919573641 ], [ 131633208415633, 35320569976126257439 ], 
  [ 321783514193 ],, [ 80359718625577 ],, [ 1472957507321, 5974384819853389 ],
  , [ 3797395249180387 ],, [ 128980773121 ],,,, [ 52055492653 ],, 
  [ 13530977300683, 3582116746918483168657 ],,,, 
  [ 43945616501, 67546953851339320208251 ],, 
  [ 952810854582567961, 1188317304170908003708813 ],,,,,, 
  [ 256377160651, 12599948294653 ],, [ 33807531599141, 4082019143633784341 ],,
  ,, [ 35119665477182353, 673985713622387488370154481 ],,,,,, 
  [ 2315547541, 4004348892564856951, 2251828258044382681078231 ],,,,,, 
  [ 1036819418111809 ],,,, [ 14772216232201 ],, [ 2717241146083 ],,,,,,,,,,,,,
  ,,,,, [ 37693962301, 312320182501 ],,,,,,,, [ 3739103677 ],, 
  [ 1917350235601, 4239722845821311 ],, [ 669842348137 ],,,,,, 
  [ 139232278343359 ],,,,,,,,,,,,,,,,,,,,,,,, 
  [ 3701781761761, 25142902063291 ],,,,,,,, [ 1783946851 ],,,,,,,,,,,,,,,, 
  [ 1062072031633, 1352630518069 ],,,,,, [ 1132605979856692321 ],,,,,,,,,,,, 
  [ 3754205762689 ],,,,,,,,,,,, [ 5829711510349 ],,,,,,,,,,,,,,,,,,,,,,,, 
  [ 24722709510362641 ],,,,,,,,,,,,,,,,,,,,,,,,,,,,,,,,,,,,,,,,,, 
  [ 103549080097 ],,,,,,,,,,,,,,,,,, [ 3526637281 ],,,,,,,,,,,,,,,,,,,,,,,,,,,
  ,,, [ 297312943051 ] ];
