BRENTFACTORS[930]:=[ ,,,,,,,,,,,,,,,,,, [ 152153062550045533609 ],, 
  [ 9924127327958341 ],,,, [ 57946422399484001, 493707394709645251 ],,,, 
  [ 37059560138480899461873757 ],, [ 17381677268874116929399 ],, 
  [ 168651591956893, 71076347825297299 ],,, [ 2362651563548413 ],, 
  [ 1607781952862219 ], [ 3195399013 ], [ 22042508020201 ], 
  [ 60210503753, 4826141464098515935997759275370582761 ], [ 7517068747987 ],, 
  [ 59493523034089 ], [ 5015479874396007441202381 ], 
  [ 4490389177, 14034049605769 ], 
  [ 1924718174629, 81644506936167877402502221544866080132278488964122947632861\
27 ], [ 37770423793 ],, [ 2796319724101, 8597539739401 ], 
  [ 140733690611257297, 369640030442862282139 ], 
  [ 5593924597, 1250742193013 ], 
  [ 323066843641296109219, 6669799338781114087829237754344997690134333, 
      2248972372548600624046422305605035790029094943 ], [ 2408656089061 ], 
  [ 1049746171, 54818278901, 3593158516320311639029278830130893281 ], 
  [ 87192114689, 15847338140453513 ], 
  [ 29306099379433, 6928063987167458709611227447 ], 
  [ 20791636087661, 1852364380443601 ], [ 55166591646145129598353 ], 
  [ 1257566788316860741 ], 
  [ 1849492972487, 2271911232719, 25125946940148148222656986459710129 ],, 
  [ 6478388281, 726509648003658452983980757, 3241267839690248765965795417 ], 
  [ 7546697089, 209221633735276441579143395695187473601 ],, [ 202021912423 ], 
  [ 43383236030066418844877749 ], [ 5202932156777881 ], 
  [ 7118047300753, 42082190575531091803086833467278259 ],, 
  [ 13449029856278168689 ],, [ 125189676191761 ], [ 99218484791 ], 
  [ 234939502051, 1077187025971453870236709694706155320177351 ],, 
  [ 9383536141211, 221978943438407 ], [ 62832585225931, 1808987314473613 ], 
  [ 5921281917930791, 14731760390217001 ], 
  [ 1206175330961, 1137362198124542561 ], [ 8146497339073416416941 ],,, 
  [ 362720683148377, 1039898022789482836214593 ], 
  [ 40439458561, 92576923581551, 317179730536037401 ], 
  [ 217528111368764251918916738687 ],,, 
  [ 22567567742803213931, 1015873046352001808483 ], 
  [ 108735928452808806124938068101 ], [ 13817386493 ], 
  [ 47210691778926237765984276922978301, 
      1690171085724991842606901617333813421 ], 
  [ 1297258819267, 57407542348141747 ], [ 156316613909406037 ],, 
  [ 168312925633, 1227616643049353633863873 ],, 
  [ 6525162597297263099975958528401, 208982165783369510530819200886600713403 ]
   ,, [ 83888284573675098253901, 8996465112083500837546619249565901 ],, 
  [ 2188156123 ], [ 30486814261388486095115447 ], 
  [ 127447198676711144484705431887514069053011674790161 ], 
  [ 336412704491011, 30303414972047756517908363006157521911931448800281 ], 
  [ 4465001540835721 ], [ 9284680399 ], 
  [ 24426324037, 2880923323357, 427845942407161, 4383664321403437417628839009 
     ], [ 14565945553, 464816901161 ], [ 758053157087491 ], 
  [ 133638201755161 ], 
  [ 165666400949950579895850593, 52255873558220996666160151365050788623640673 
     ],, [ 869951240734232681283558919214037552224107 ],,, 
  [ 7326913093111, 911870220600968841010637281 ], [ 16024518001 ], 
  [ 4590670866278897 ], [ 10946519512352034841, 49421415911629912585803601 ], 
  [ 671639251470999043 ], [ 2925677243, 132155444798260258511 ],,, 
  [ 1106890501, 12220556251, 1821335267251, 1149318598363887251 ], 
  [ 439743796434420890595499, 437054387034937156290782803 ],,,, 
  [ 4060953788191, 53065600994381 ],, 
  [ 26984000238889, 24844034759130709, 55248503982990023986369, 
      11335909766682895052868008977 ], [ 92799315197 ], [ 1298711009186189 ], 
  [ 79964351604234681465241, 82791113570101189784591022511 ],,, 
  [ 3365486731161076972373170292408738064666038968107931995099289 ],, 
  [ 869649502826746321 ],, [ 72786852992016020521986192137087 ],, 
  [ 22730769577916047805878198154902730503969 ], [ 3831793790428691 ],,,,, 
  [ 3345524978509951 ],, [ 1315533097, 13930613624980817, 54724578334898009 ],
  [ 259471789391431 ], [ 254692908913319647 ],, [ 10135852680295213 ],, 
  [ 125463536062829831 ], [ 3641419511773 ], [ 112346993714695510721 ],,,, 
  [ 32180418800221, 1822031229319361 ], [ 383535013951 ],,,,,,, 
  [ 14613293377 ],, 
  [ 40983837679, 23370048970633, 339899191200978498997, 1550778225500531332477
     ], [ 111642543084451, 20112780139068484001 ], 
  [ 205079097694236983775889 ], [ 2012668356081961 ], [ 24199370027916851029 ]
   ,, [ 749430086221, 2958565554819066525549871044792035518142492443893301 ],,
  ,, [ 43303275577, 58463912153, 24470000677263824299712593 ],, 
  [ 1139689421340637, 460459284067773607 ],,,, [ 10513608955552375623440911 ],
  , [ 419090578561, 7124146418743297 ],, [ 38681382193, 1551819168527 ],,,,,, 
  [ 186317525203704130001, 9542180397752958805601, 
      4454341706140395947446036010330401 ],, [ 5668482389, 15440050589 ],, 
  [ 14045624200897 ],,,,,, 
  [ 28077739838943835111, 62190490692509617440898622150551, 
      6560253621890449022687729830641781 ],,,,,, 
  [ 228943902601, 97848471478527361 ],,,,,, 
  [ 273843436160953, 28961805201003223 ],, [ 233044395153697 ],, 
  [ 668927095079 ],, [ 2633512500352216979881714717 ],, [ 90544504627961 ], 
  [ 88792780413877 ], [ 10287106507169 ],,,,,, [ 7598344346592137372627 ],, 
  [ 1265006881, 1159242876230259590446081 ],, [ 73068696163 ],,,, 
  [ 3425602399 ],,,, [ 13382120102350474001 ],, [ 1263843253, 216275040829 ],
  , [ 698179973971 ],, [ 5541855616769 ],,,, 
  [ 12139658229661, 232903122031429981 ],,,, 
  [ 1048077361, 221405039773902073 ],, [ 155388077014493 ],,,, 
  [ 11081286284643281251, 22007141089685420411480851 ],, [ 71907821009 ],,,, 
  [ 5741933383513, 30497171047249, 49707394418195089 ],,,,,, [ 632516908321 ],
  ,,,,, [ 883848866689 ],,,,,, [ 32034705060812119 ],,,,,, 
  [ 44116680121175532601 ],,,,,, [ 279950582917 ],, [ 4907099398986709 ],, 
  [ 1842894821, 8579208461, 22343628305711 ],, 
  [ 15890164403257, 47512218032761 ],,,,,,,,,,,, [ 343798876859956381 ],,,,,, 
  [ 100585686751227151, 1684274026721308111 ],,,,,,,,,,,,,,,,,, 
  [ 601804334113597 ],, [ 58309408151, 10843376679101 ],,,,,,,,,, 
  [ 255984298201 ],,,,,,,,,,,,,,,,,,,,,,,, [ 3862239361 ],,,,,,,,,,,, 
  [ 793485131986547353 ],,,,,,,,,,,,,,,,,,,,,,,, [ 18425835566969041 ],,,,,,,,
  ,,,,,,,,,,,,,,,,,,,,,,,,,,,,,,,,,,,,,,,,,,,,,,,,,,,,,,,,,,,,,,,,,,,,,,,,,,,,
  ,,,,,, [ 1068367245111121 ] ];
