BRENTFACTORS[2609]:=[ ,,,,,,,,,,,,,,,, [ 26413367501 ],, 
  [ 72334920564451848697 ],,,,,,,,,, 
  [ 2277849251315993, 257345640810824276845259589649807, 
      3357708504984740168946954955071165190335049267 ],, 
  [ 1384414870503466702249828595209, 
      7250404231650264644794734963439227296561902485030147069060671921791649 ]
   ,,,,,, [ 8912440343, 423566096227008529290963561500611 ],,,, 
  [ 3902511750551232189621036504383, 34967567104153657189317934187257087, 
      22249229002406464657346805865826846354496397147302630086364821 ],, 
  [ 36118955313109, 16904822909582910451, 2896430070592904748809, 
      4182214535738161716869, 7981408646186194048752337, 
      15731110844843368029819353 ],,,,,,,,,, [ 9892390217 ],,,,,, 
  [ 1579246735881383 ],,,,,,,,,,,, [ 5381940581, 1399924525233183404801 ],, 
  [ 491399547774559, 2649045218917457795307443 ],,,,,,,,,, 
  [ 1394485224740633 ],,,,,,,,,,,,,,,,,, [ 17206334866910531 ],, 
  [ 4863002231083, 156806052961499023 ],,,,,,,,,,,,,,,,,,,,,,,,,,,,,,,,,,,,,,,
  ,,,,,,,,,,,,,,,,,,,,,,,,,,,,,,, [ 442774183513 ],,,,,,,,,,,,,,,,,,,,,,,,,,,,
  ,,,,,,,,,, [ 92017225361062439 ] ];
