BRENTFACTORS[6779]:=[ ,,,,,, [ 1069399031, 90764932000331 ],,,, 
  [ 19044537084827, 443325869258564161 ],, 
  [ 1702565567, 455935679567541276404809 ],,,, 
  [ 66210258497, 333718654334977, 900343937990309194217338394824415969 ],, 
  [ 83104375066763, 923727942481021, 275907659528055982487 ],,,,,,,,,,,, 
  [ 5696527418009, 42441733694041955437 ],,,,,,,,,, [ 3491775765517601 ],, 
  [ 18528203158261367, 6675020667913640417 ],,,,,,,,,, 
  [ 9042809595829416414569, 12943566964262131800397 ],,,,,,,,,,,,,,,,,,,,,,,,,
  ,,,,,,,,,,,,,,,,,,,,,,,,, [ 31365353362116469 ],,,,,,,,,,,,,,,,,,,,,,,,,,,,,
  ,,,,,,,,,,,,,,,,,,,,,,,,, [ 76889608602068047 ],,,,,,,,,, [ 1498059473 ] ];
