BRENTFACTORS[432]:=[ ,,,,,,,,,, [ 71959058051 ],,,,,,,,,,,,, [ 2868776881 ],, 
  [ 89635626685489 ],, [ 932345842849 ], [ 16084367209, 799388959139 ],, 
  [ 3384862865701 ], [ 211428720929 ], [ 866792175334801 ],, 
  [ 335438217178632175610521 ],,, [ 21729776437, 318052878019291 ], 
  [ 2994409676701 ], [ 61270317121961 ], 
  [ 71736528301570347947345798722833182771700337 ], [ 6734597170981 ], 
  [ 43933611443 ], [ 4420169161, 13824305309, 50822378377 ], [ 5100043321 ], 
  [ 178700687485527661 ], [ 6803717469341619961, 41467083436794124679 ],, 
  [ 39941105989, 15423719578681 ],,,,, [ 53629633819, 9771222207763 ], 
  [ 2087416663861, 10329410194794067333370758386901 ], 
  [ 13677122247352185492576393689 ], 
  [ 42206666197, 12043102873935194498100841, 64223158195709991899339629 ], 
  [ 14963035549321, 1698345710983060297 ],, [ 1567418698792801 ], 
  [ 42510585241 ], [ 2388246697, 186476275364997493, 107473160921778498089323 
     ], [ 315350336449 ],, 
  [ 29131220790491, 37052938555950721, 3198214876937282834892131 ], 
  [ 1434228973, 129464328922171 ], [ 12423177253, 40924263167, 5479068872987 ]
    , [ 1044835056930607191785358498749046097 ], 
  [ 1366421404286158772341236035041, 254423626011726820788282120319957 ],, 
  [ 186675000277, 94804579718423 ],, [ 1677826453 ], 
  [ 117561238875367702256951041 ], 
  [ 4258498715837431201, 5957482497016594100847601 ], 
  [ 8029286761, 33920408237 ], [ 2730674101 ], [ 8499962790720649 ], 
  [ 1621731040524227, 75538597720338190247 ],, 
  [ 867601691118406369, 5720755641924032024440841217181, 
      105436548536645114254547861751793 ], 
  [ 589263727580689970377943369944804544399791 ], [ 99214950191142529 ],,, 
  [ 39160397715919, 13861675048164539447764373214649260331 ],, 
  [ 4026544880079706356221509969 ], [ 2095438508279, 36744244049690674704899 ]
    , [ 2250324249963211, 18770510673865891 ], 
  [ 2239890231671, 732438454324889480533, 12171188703991714193161 ], 
  [ 324476722553480867147105243549 ], 
  [ 38020402477, 1177359212418558817, 6139535483322426061 ], 
  [ 374675828257067259312324675630231391415560049017 ], 
  [ 1187384325346247181191, 2097958597483510016711 ], 
  [ 1873781020270749534061460737 ], [ 5970360455243, 341007367499999 ], 
  [ 11381113969, 235965145551661, 100381165621856825427961 ], 
  [ 44706694033, 996656313499100544579301, 543468792035624116284605069552917 ]
   ,,, [ 309269744857873, 21110601177510258577 ], 
  [ 171816423337936796019829 ], 
  [ 577305404452771593357574883181913241, 412801046771762641391387286666047283\
77 ], [ 4664204085419341 ], 
  [ 19323558310249, 56353066413952125787, 193665006352182239556535963 ],, 
  [ 9156123665685286815097 ], [ 1193191609, 11107130521 ], 
  [ 260357178943210177291 ], [ 37613652697, 22891496465890727617 ], 
  [ 210449479624418497 ],, [ 185486149747, 40265711261619738569803509133 ],, 
  [ 549636473909965397, 12988332288096464641, 
      95564657731850505711913857930577931168113 ],, 
  [ 7462346118975690078649, 843566623893339404823831727, 
      966840435695077851069318619 ], 
  [ 12303533761, 145777104397, 15001549486141 ], 
  [ 17534818730881, 2397839028449817451371361 ],,, [ 63743721721 ], 
  [ 20548015044629 ], [ 99697107457476251, 1722464938779006899069998501 ], 
  [ 69001162409341, 1127497542699637258458086213101 ], [ 1399872538547267 ],, 
  [ 352550877702313 ], [ 2283470612439962077979867441207580301 ],, 
  [ 230862642750733503186874171914123477167650701817 ],, [ 51323976367 ], 
  [ 119572893901 ], [ 99710093222901449, 1346272984486635882371609 ],, 
  [ 24415400772113844600912033838606748295889 ],, 
  [ 758783312752332252841, 299390872819849171049080535641, 
      215852823596245324322984710601161 ], [ 33897241719723600109 ], 
  [ 32027763732824234793751, 177958378398149469854083044469 ],,,, 
  [ 32513920849 ], [ 648482721937 ], [ 649578740572681 ],, 
  [ 70406269951, 170239460851, 524740759351, 192366031063081801, 
      560584176953040901 ],,,, 
  [ 1019994361, 3465924773851, 892329981646167380944321 ], [ 140018257381 ], 
  [ 23677611559993 ],, [ 64478990109223 ], [ 29454926887501 ], 
  [ 6738747428852206241, 133963852362868654081 ],, 
  [ 4424265199, 10646067429290611, 15087371772616568353, 17850189689046028801 
     ],,, [ 124654446502741, 3680246035319041 ],,, 
  [ 54317245102513, 249791031688156795717752067581052081 ],,, 
  [ 93377127997, 637782583273886737 ],,, 
  [ 3386609329, 61535560057, 2365733094541, 3578211668636629, 
      52560882592113523251208160351497 ],, 
  [ 279049871482500977, 24672756375658306961 ],, 
  [ 7917188131, 12663716668457221 ],, [ 1713793321 ],, 
  [ 3868375057, 141093810313 ], [ 564771911713124473 ], 
  [ 174639662799111178897 ],, 
  [ 6003596029, 6133956757483, 50349925724226793453, 
      1948415280451243467230483522306928730662953595583 ],,,, 
  [ 31373031421, 32426847991, 1756534488070057187157824941 ],, 
  [ 15206129298817, 886459093340879527229340289, 
      63461857124260947838846845160922153666704761601 ],, [ 778074800707 ],,,
  , 
  [ 6404959504425241, 5217946585699615742251668356461, 24379473135275506282537\
194273675822763 ],, [ 2347205012833201 ],, [ 51848878956843873814969 ],, 
  [ 31967300769122818609, 37210276392510946657 ],, [ 346794303750199 ],, 
  [ 149161076493062609 ],, 
  [ 43098882907081, 20629791544323781, 939300112186382090818527498683261054207\
31399121 ],,,,,, [ 2345577194035116001 ],,,,,, 
  [ 10211269177, 2949885772011379, 24149492484027972294792497377, 
      3278387628758554765052678354317, 
      1037941719227550881683312490665253958597910710669943, 
      1151847324788305304234326618521147449271565363816519 ],,, 
  [ 33013031537701 ],,, [ 7550211793 ],, [ 14618430391, 11150903214607771 ],, 
  [ 4725087161 ],, 
  [ 1417610611, 861352414025689, 176676578280893107, 1449129121373026055785435\
939, 1825756569341581592398105974459675398103983075293 ],, [ 11450480002397 ],
  , [ 46420547923, 127752529606717 ],,,,,, [ 14557890341, 20781586873 ],, 
  [ 26175365551, 663626246222713, 8272470344702853073399663, 
      22396577328573874890857660273800627 ],, [ 1079121409 ],,,, 
  [ 30719084761, 7504454612593 ],,,,,, 
  [ 8679239971, 112769906539, 5091449397163, 126762421621963, 
      4804816968532918531204893726106919007429978273558834922076430560552653 ]
   ,, [ 16421806323001, 124365994078561 ],,,,,,,,,, 
  [ 9778826171971, 1235448510561065989351, 334203278606355047566814281, 
      43314106992612968620543794059161 ],, [ 4600082497, 18976110395729 ],,,, 
  [ 32184910897, 106913605085017, 79392386454203205983689 ],,,,,, 
  [ 340750712289162650465461, 1440867471424501278246259, 
      47858880922594367972385421884583230349, 
      1302847975886892379501161347894536286952674031103, 
      41842254686135456578505958378656958270474941373871 ],,,,,, 
  [ 951666602113, 176206335680576582337601, 4078137518916579171986113, 
      3381116091377013822709645057 ],,,,,, 
  [ 136917114080832765709, 915740093635284582505385791, 
      812245189934802077338735333936703077667304026832229, 
      693171963368988812449160346279117152203093210168437601, 
      98466222585306402440487497356051837868721517782342166741 ],,,,,, 
  [ 1645585459801 ],,,,,, [ 4696175037583 ],, [ 598749138989 ],, 
  [ 2092614871741 ],, [ 55630151617, 33034936087297 ],,,,,, 
  [ 19688127026719387 ],,,,,,,,,,,, [ 2877528754468789640407651 ],,,,,,,,,,,, 
  [ 433168755337 ],,,,,,,,,,,, [ 4474864193617, 30350971037281 ],,,,,, 
  [ 44256646081, 5501872514881 ],,,,,,,,,,,,,,,,,, [ 460938820861 ],,,,,,,,,,,
  ,,,,,,,,,,,,,,,,,,, [ 3119241908449 ],,,,,,,,,,,, 
  [ 71393299321, 730612886067121 ],,,,,,,,,,,, [ 38116359171937 ],,,,,,,,,,,,,
  ,,,,, [ 1867889884051 ],,,,,,,,,,,, [ 1023320299 ] ];
