BRENTFACTORS[6871]:=[ ,,,,,,,,,, [ 860776825207927 ],,,,,,,, 
  [ 128859998269, 3082975182365513 ],,,, 
  [ 2667898090727, 572085159230321917, 401441649366556794469 ],,,,,, 
  [ 23497051298033, 7613319636399624541857620053887018085963 ],, 
  [ 206815679303904993713, 1367211971353435839167 ],,,,,, 
  [ 48702695813, 7041275797015973113 ],,,, [ 2495739216930211067 ],, 
  [ 7631634217189, 11313299112199965253, 3044353968035981344206131 ],,,, 
  [ 1618381081, 26791429644703119601, 2592964671513550231924309 ],,,,,, 
  [ 34426211995267, 249698674587201427179847831, 4075897672994197123769261311 
     ],,,,,, [ 11929345819, 86704818750327628957887511 ],, 
  [ 6269092407379806647 ],,,,,, [ 2162872963 ],,,, 
  [ 4677340841, 105732761221, 239054967553902589 ],,,,,,,, 
  [ 11256286914781684759 ],,,,,,,,,,,,,,,,,,,,,,,,,,,,,,,,,,,,,,,,,,,,,,,,,,,,
  ,,,,,,,, [ 12282907639 ],,,,,,,,,, [ 145408688823526151 ] ];
