BRENTFACTORS[2659]:=[ ,,,,,,,,,, [ 1577535103 ],, [ 1399927283 ],,,, 
  [ 1032590201, 73389357121397783 ],, [ 23374892729 ],,,, 
  [ 741402009508645343, 5901294965047329973 ],,,,,, [ 1864657373052359004563 ]
   ,,,,,,,, 
  [ 35095216469, 2030068160419148362902559055293, 1742095978833181279768906458\
3653807 ],,,, 
  [ 5974354372115969369, 1195186801201910764617263221691112410416989143 ],, 
  [ 165034033648568114521240332302537, 
      58305638504665689160499043855988798034953407709 ],,,, 
  [ 6960835549, 42776170067 ],,,,,, [ 22869973927 ],,,,,, 
  [ 125629575443, 26145574683227 ],, [ 624944920074891887 ],,,,,, 
  [ 2716847096803688591 ],,,, [ 49980925197533341858832111173557941 ],, 
  [ 2045384767369, 32292426074109369456803 ],,,,,, 
  [ 242583084482131, 1818577991539008851 ],,,, 
  [ 1623626579, 767096351882616233 ],,,,,,,,,,,,,, [ 31203154001 ],,,,,, 
  [ 4320543589273883022299 ],,,, [ 681113815792957, 41905330161594919 ],, 
  [ 5743755001, 3970735197739 ],,,,,,,,,,,,,,,,,, [ 402088058984736802837 ],,,
  ,,,,,,,,,,,,,,,,,,,,, [ 4958624301594137 ] ];
