BRENTFACTORS[341]:=[ ,,,,,,,,,, [ 29098556257 ],,,,,,,,,,, [ 36318283409 ], 
  [ 954056851982747 ],,, [ 2540093687 ],,, [ 448372424849241663740621 ],,,, 
  [ 1760018526598894266334807 ],, [ 930150074700911 ],, 
  [ 971851784900378930833726498403371829 ], [ 229161738851 ],,, 
  [ 7793528620393, 104168871981396952837091891025805241 ], [ 252641574529 ], 
  [ 57724801943663714670442783 ], [ 590730048437 ], 
  [ 8262247951, 23148215428778264449694611 ],,,, 
  [ 4822800166534805084980253 ], [ 3639398201, 830358824851 ], 
  [ 188017946401, 6707357939851, 14101779914236149634357 ], 
  [ 201282175277788692737729 ], [ 8276753247686334689 ], 
  [ 17905081833590491 ], [ 5153596111234891, 40080235395162228163211972087981 
     ], [ 2660693934141038965799281 ], 
  [ 5927787961, 12947920501, 2003574952674402061, 60410535816929738383 ], 
  [ 1284701857 ], 
  [ 2784792905629843, 46839686061387917350069, 861190256692434734388559, 
      690133948146471380842198278269297029 ], [ 23629485541 ], 
  [ 204329716159, 20638488479692381097456397011, 
      61885705607527335405826914120430441749487872347 ], 
  [ 124696499126809, 1308136619747378754301 ], 
  [ 130650250898413, 824891247237832993 ],, [ 54044526419611513572283771 ], 
  [ 19063425943 ], [ 2710634813, 465940345439, 1790059103887 ], 
  [ 30235017277, 51909337451849 ], 
  [ 382457816510576497, 295657834172664466103428372801 ], 
  [ 108689257934365711 ],,, [ 675619536367, 3419985138187 ], 
  [ 326160487735905522680394204149078520836887 ], 
  [ 7950211301329021862815351 ],, [ 103147381706121389931792564991 ], 
  [ 16218573564883 ],, [ 2163063175282036970801, 15881159736031834106801 ], 
  [ 35901452449, 1532877379389793, 4076849119109491, 771991552978949323, 
      43598602365743175410909019086828353 ], 
  [ 2214466521089233, 1937266537852737268640642563 ], [ 23756796880189 ],, 
  [ 11394411671, 4354273719401 ], [ 13983541302077 ], 
  [ 185999740873, 30475501305244373251 ], [ 167858896369583035769681 ],, 
  [ 547057227303127516288321 ], [ 3908588867 ], 
  [ 2716412266313, 481258688356337507297582361361 ],,, 
  [ 76930251799280441, 53994135039093241931 ], [ 260310397541377 ], 
  [ 12517298169329, 5036988437277476189 ], [ 18845792305127803 ], 
  [ 21295963401373, 12124223012827472222017 ],, [ 562279890631 ], 
  [ 18356766551708765860680271 ], [ 3879589349 ], [ 82064921329 ], 
  [ 1238636911, 71334606800925511 ],, [ 9973852721881 ], 
  [ 1469480467034953, 1143037142913928922115769 ], [ 12078543028459 ], 
  [ 231086909681, 3631069824912422047871, 73604024749083814499599754681 ], 
  [ 3039699983698687, 1887406451911388533224756883 ], 
  [ 31873279161454457839356161, 470226044619802889346263329 ],, 
  [ 59567399490915603787 ], [ 3802066989431 ], [ 36616607053002705721 ], 
  [ 8470100921986649103637715163309331 ], 
  [ 8652313388203603, 6179442532080245119, 903265749843348246647, 
      1779572696909666777947 ],, [ 2158071556561 ],,, 
  [ 20163998851, 1039886505829, 326831061526110924880441, 
      345007955626911313758171697 ],,,,, 
  [ 29842611409473349438337, 1147456249657284762404609 ], 
  [ 32561638532583796099 ], [ 339636373441, 1117446134799110717339149357571 ],
  , [ 15957279361, 345825807053829495144049 ],, 
  [ 13395767859598853, 23296075347457563049571341709 ], 
  [ 748090176121, 145720353717624102302581831 ], 
  [ 2028857668749772973500971155737 ],, 
  [ 10060700803, 284366908951, 36549142779686923, 
      1801211102216369639050376978221 ],, 
  [ 6539118840521, 7013330592563162547649535161 ], [ 8695865407429 ], 
  [ 310624520305141531532119, 4892939264162869905877139, 
      150586367203081936245562831, 62885967812483322045368002577386891 ], 
  [ 1493588806767136223 ], [ 232412392094185297 ],,, 
  [ 83950488133, 366102774709939, 8579476317271987 ],,,,, 
  [ 32695192808537089 ],,,, 
  [ 445341124298202980384551605886302665469634287236639401 ],, 
  [ 4332364741, 706181487589 ], [ 31961787271, 46792825819 ], 
  [ 4880068332219410401, 7339195971194127714241 ],, [ 999464587577051941 ],, 
  [ 171388642754242853 ],,,, [ 166897365097 ],, 
  [ 1559105762629290131, 149760044664700299915755223751 ],, 
  [ 3577058507021, 2889688936879312364257 ],, [ 860817525838392937 ], 
  [ 10356029251, 54318326779380428801 ],,,,, 
  [ 210818953651383492602588395567021, 
      495699393117390250973840788973364816841 ],, 
  [ 112546064752067395476119 ], [ 40368379921, 99663859297537 ],,, 
  [ 1591279600249, 268200818072144176744471447 ],, 
  [ 1654324237, 245854191334897 ], [ 2091834067303 ], 
  [ 3554951681, 29209064041, 1304994409527101, 110579120151307761821171 ],, 
  [ 2049113875777, 94043570660638827205546881409 ],,, [ 399562639285105531 ], 
  [ 1832695701162649, 289950947104442401 ],, [ 1584884258065770863877127 ],, 
  [ 38084254478216201 ],, [ 31890920917049 ],, [ 693127705553103240781 ],,,,,
  , [ 14606584651, 399162243840168746274818538929714641 ],, [ 340192944401 ],
  , [ 57117013089979 ],, [ 3812191904886142082025280753 ],, [ 5432267948017 ],
  , [ 2356401647230123282241 ],, [ 8605375470452268043 ],,, [ 21866400001 ], 
  [ 3996823905329 ],, [ 9918784321 ],, 
  [ 839182593331, 2359926002879175611929681 ], [ 78625298137 ],,, 
  [ 1331652281302723771, 1225672258762062599437, 581814624166008372519823 ],,,
  , [ 5300704823, 45132432463608985104887686275768791 ],, 
  [ 676014741897960721 ],,,,,, 
  [ 5095646953, 5766768409, 24647409955001386681 ],,,, [ 1207570688982751 ],, 
  [ 2682235465309 ],, [ 680752890425203 ], [ 5951544451 ],,, 
  [ 691792289132533 ],, [ 40734754715981, 30323227115313638221 ],,,,,,,,,, 
  [ 388695953341, 304901824225755961 ],,,,,,,,,, 
  [ 5126047361, 120872466014207753441, 1977831870715466556281 ],, 
  [ 212135301808150267, 506717643098915701, 90951097193135469799 ],,,,,, 
  [ 12768035200234538401 ],, [ 800184453190601 ],,,,,,,,,,,,,,,,,, 
  [ 243739906436489 ],,,, [ 72090845211529, 278181526178089 ],,,,,,,, 
  [ 2221584886721 ],,,, [ 81022607749, 15424181403517 ],,,,,, 
  [ 10980003259459237556851 ],,,,,,,,,,,, [ 29546132743 ],,,,,,,,,,,,,,,,,, 
  [ 266169617641, 1549780788961 ],,,,,, [ 17904267991 ],,,,,,,,,,,, 
  [ 749186010176840713 ],,,,,,,,,,,, 
  [ 4730602111, 36588531548791, 2438645656448041 ],,,,,,,,,,,,,,,,,,,,,,,,,,,,
  ,,,,,,,,,,,,,,,,,,,,,,,,,,,,,,,, [ 12237458851 ] ];
