BRENTFACTORS[615]:=[ ,,,,,,,,,, [ 61579602569 ],,,,,, [ 415156618793327 ],, 
  [ 30838334825903739731 ],,,,,, [ 10028136451, 72082809560351 ], 
  [ 6204389515949 ],, [ 1875446925451793 ], 
  [ 29400789291389295107, 3050767039733109370507 ],, 
  [ 3439783747, 49754466367241, 30754035018328469623782493 ], [ 1000474081 ], 
  [ 8791469017, 7316527624429 ], [ 108836677788839342011 ], 
  [ 252054483101, 402611303700341, 127844910711203561 ],,, [ 76047558331 ], 
  [ 3251121442367371 ], [ 2044832441 ], [ 2404917676753239282587336390914337 ]
   ,, [ 200556601517, 834983382859, 382276696619796989 ], 
  [ 8482866210842325322901 ], [ 1329900899311 ], 
  [ 26514634187, 44551375223, 17960765760078781 ],,,,, 
  [ 1439583529, 282413421402313, 138422374092186511 ],, 
  [ 3895758323, 205542159664026010711, 6906781758925014418027 ], 
  [ 4736830128328321273 ], 
  [ 1590700196627794451, 4809703251631204368439672559459487775674131 ], 
  [ 606391090043313124719693497 ], [ 19255738951292586583 ],, [ 4684624309 ], 
  [ 8542252981, 401734359421 ], 
  [ 2522181164164771159, 3706494944911805707, 141641348847523763856353, 
      691805416295320638164311434257004280002317 ], 
  [ 5753179880752419066625413605335933 ], 
  [ 690738445909, 37058071152313, 18832836825656876163537787362340999519 ], 
  [ 89902626479586633570664265095327826081786753 ], 
  [ 13969040191682409068935571 ],, [ 5565731407 ], 
  [ 6365276273, 49045495008857, 936109769169265882577 ], 
  [ 38116755021139637461, 11281499063705651856670461859295251129 ], 
  [ 11564994700288912943201 ],, [ 75310456681 ], 
  [ 73535951916841, 249876003143319919, 3185698347863683095907, 
      170909519556566696542625391860759, 1394902263381032958697974665251307 ],
  [ 88860231316541, 2133831928068037, 1920516767035548865049 ], 
  [ 9506444320322239988076622684139706132901 ], 
  [ 58723021309, 2372938963069, 875078966036193756835938216955265117 ], 
  [ 51028743365586911 ], [ 4833245587 ], [ 11047525803463 ],, 
  [ 31515862759669 ], 
  [ 61404248198486450981895649, 5167049841103689205811055808313 ], 
  [ 15008595422511623 ],, [ 41696335711, 3203293373222838477781 ], 
  [ 1897380763 ], [ 18200093145362101069, 82070584473887985907 ], 
  [ 7443136404424582570446233, 263875739245909837471518680537369 ], 
  [ 1823822904377 ], [ 3015799662241, 7684768267869685501 ], 
  [ 38849439612988288387626979 ], 
  [ 17475203350593596301771751503469, 286654469528213830851689296873424933749 
     ], [ 72771721777, 204558801510013, 421926548788287024175549 ], 
  [ 224014622207586961999, 4464369043860443795752783, 
      44172168486915502770011310058791007 ], [ 318928759292131 ], 
  [ 2921047873, 1877492321796725644800813052483681 ], 
  [ 392241204517853, 76291847071840903 ], 
  [ 6837214404536027, 976165074945695177663 ],,,, [ 1344937483507 ], 
  [ 2380414593354101 ], [ 3877419210535428417744248209 ], 
  [ 92374084590608418471402910168584931, 
      4065396242745274526725520439907014999352801 ],, [ 3322899843872461 ], 
  [ 244661849117473414170511497496271082247153 ],, 
  [ 17293135091, 2324421235125883833231919537389931 ],,, [ 6221515129 ], 
  [ 6646201711, 25848495868241862699625273561398240343 ], 
  [ 2746319371, 26833463141284527491 ], [ 4288377908446439308209842681 ], 
  [ 2417595116977 ], [ 234027136003524067, 6164107376800911532633 ],, 
  [ 6685842664185129529580421241 ], [ 8262454751 ], 
  [ 66289328275504931966226661, 721922737418190687825050261 ], [ 7337269063 ],
  , [ 1286743001, 64191210759001 ], 
  [ 10084563742304602153, 38078015158049439637, 628950160240379483689 ],, 
  [ 536161193473 ], [ 185795686457451881818471 ], [ 61107681229664252951 ],, 
  [ 190895103691856514340509627147497353 ], [ 42762290341 ], [ 8481976757 ], 
  [ 94104637411861 ], [ 4617691495821895391096561 ],, 
  [ 22758970719593533, 2866513753916739349879 ],, [ 617518252961 ], 
  [ 4079154253, 55310177441525402031267924463 ],,, 
  [ 131579610082561, 235779592801581559588906914541065645551027619409 ], 
  [ 114157154401, 110582829182411, 12608045663621411 ], [ 392202944257 ], 
  [ 2334133660699291417 ],,, 
  [ 2968115539950147626565119475659445549476926629301 ],, 
  [ 15586764883577, 33810305259474617, 5760620108261438177, 
      654556012213314042963542449 ], [ 46747605007, 900808769674150219 ], 
  [ 19856710567, 141032549813 ],,,,,,,,,,,, [ 125196240853 ],, 
  [ 2283179083271612733247072938540080041 ],, 
  [ 1102953441631541, 155208840232631304561811 ],, [ 12643739093 ],, 
  [ 50894950752259 ],, [ 8642853473, 867414619457, 622331130376366753 ],, 
  [ 3511488829273111 ],, 
  [ 10371126608037774001, 16560889502210025414170221, 373724174553087382995343\
1684221 ],,,, [ 43467436513, 6864648646169, 11031074546153769361 ],,,,,, 
  [ 1233973151023381, 1114214750174989191341 ],, 
  [ 10987500361210753, 1090430563379849329136196289 ],, 
  [ 6271170863, 2242163401472641 ], [ 3684383886476188351 ], 
  [ 19776814211113 ],,,, [ 18484206401, 8977392808001, 182388005832005201 ],,,
  , 
  [ 1430566814369079157, 72812391019587439500764356693, 2833026457579103948182\
878502657 ],, [ 54785583220661 ],, [ 1575949307387729, 2075755139284529 ],, 
  [ 18365079924842188968060469280696127931 ],,,, 
  [ 1248550649407, 149538650562659 ],, 
  [ 7357652592553, 7588769010723666897121 ],,,,,, [ 206598690283 ],,,, 
  [ 2347506537143, 11810239423013 ],, [ 11442237946429 ],, 
  [ 2552422371380151946789795441 ],,,, [ 45594684019, 532725505651 ],, 
  [ 1078885088440177, 1433178096135257 ],, [ 271422611356891 ],,,, 
  [ 576873916631 ],, [ 859162352897 ],, 
  [ 44884208009029, 3241722989125107771102589 ],,,,,, 
  [ 14261704361862043213, 13584094071582760362587946975841 ],, 
  [ 32100077413891 ],, [ 13549333249 ],, [ 314636955699607 ],, 
  [ 1209210601, 39449042802814039201 ],,,, 
  [ 1154370756737590921, 4375892323147882906249 ],,,,,, 
  [ 27533127647492821, 551049557322078091, 3600070140845919701881 ],,,,,, 
  [ 3432245898421, 18325846659193, 2765700964974038938616840308837 ],,,, 
  [ 2708853429241, 13342290889254049241 ],,,,,,,, 
  [ 433115978296321, 78627296939495041, 196886167993356908257 ],,,,,,,,,,,,,,,
  ,,, [ 90540272081989, 877746109247197785054991 ],,,, [ 13852518331 ],, 
  [ 2556369888568789537297 ],,,,,,,,,,,,,,,,,, 
  [ 11846636748179641, 139906364262650371 ],,,,,,,,,, [ 6339891941 ],, 
  [ 15440861641867309 ],,,,,,,, [ 44848235741051 ],,,, [ 27329298433 ],,,,,,,,
  ,,,, [ 37618674237139 ],,,,,, [ 22698087409 ],,,,,, [ 36245742170779 ],,,,,
  , [ 5949168769 ],,,,,,,,,,,,,,,,,,,,,,,, [ 278887609535497 ],,,,,,,,,,,, 
  [ 728649790261, 2685468320221 ],,,,,,,,,,,,,,,,,,,,,,,,,,,,,, 
  [ 27701910488251 ],,,,,,,,,,,,,,,,,,,,,,,,,,,,,,,,,,,,,,,,,,,,,,,,,,,,,,,,,,
  ,,,,,,,,,,,,,,,,,,,,,,,,,,,,,,,,,,,,,,,,,,,,,,,,,,,,,,,,,,,,,,,,,,,,,,,,,,,,
  ,,,,,,,,,,,,,,,,,,,,,,,,,,,,,,,,,,,,,,,,,,,,,,,,,,,,,,,,,,,,,,,,,,,,,,,,,,,,
  ,,,,,,,,,,,,,,,,,,,,,,,,,,,,,,,,,,,,,,,,,,,,,,,,,,,,,,,,,,,,,,,,,,,,,,,,,,,,
  ,,,,,,,,,,,,,,,,,,,,,,,,,,,,,,,,,,,,,,,,,,,,,,,,,,,,,,,,,,,,,,,,,,,,,, 
  [ 756293405323, 5502625183147, 3754519478547241, 213372369761470583431 ] ];
