BRENTFACTORS[4133]:=[ ,,,,,,,,,,,,,,,, [ 1792457357 ],,,,,, 
  [ 2882006951, 82243623072812189993 ],,,,,, 
  [ 27132033069097254970251065324464597 ],, 
  [ 696348358293739342328385310309493110385011 ],,,,,, 
  [ 1527704249, 47116255027 ],,,, 
  [ 1346258863, 4656244049, 1137075885697945329436727347 ],, 
  [ 9318239952617, 2112859983641707, 5034247872668942909, 
      38108060827953031763803733 ],,,, [ 1340550733, 1655075297 ],,,,,, 
  [ 1914776916127 ],,,,,, [ 160186497690143891 ],, [ 13096610424156307 ],,,,,,
  ,,,, [ 50766786787, 1492778663779995793 ],, [ 3670730249, 10046165859493 ],,
  ,,,, [ 29936146779910649 ],,,, [ 520195842073, 6968444988157 ],,,,,,,,,,,,,
  , [ 34909020571, 119276863249 ],,,, [ 1906879540451 ],, 
  [ 15861774868353787 ] ];
