BRENTFACTORS[3917]:=[ ,,,,,,,,,,,, [ 693987470226967541 ],,,,,, 
  [ 950215737439, 180136538928557 ],,,,,,,,,, 
  [ 51685772219960941, 34386002615855390057461 ],, 
  [ 309176391663237452666170770512710346337442003, 
      2127671871193618245320868076934273889722441594413 ],,,,,, 
  [ 4300242639760757 ],,,, 
  [ 2217746020473572472079044560627, 108008368172013557596320666276311 ],, 
  [ 137821572487905889819 ],,,, 
  [ 32863853081987, 16169213899891127, 5016191464872481794640319 ],,,,,, 
  [ 477766111397, 527015557937837 ],,,,,, [ 4001247314190492377954348591 ],, 
  [ 32160789582649555322086661983967387 ],,,,,, 
  [ 38159210049776443, 251233516521367621 ],,,, 
  [ 1989082211537, 3250457029487533495888009, 732526905797601622869383843 ],, 
  [ 124164312563 ],,,,,,,,,, [ 13299835009 ],,,,,,,,,,,,,,,,,,,, 
  [ 3027066589 ],,,,,,,,,, [ 69183024403 ],,,,,,,,,,,,,, [ 28823719087 ],,,,,,
  ,,,,,, [ 15868688336430773 ],,,,,,,,,,,,,,,,,,,,,,,,,,,,,,,,,,,,,,,,,,,,,,,,
  ,,,,,, [ 17965438265894399179 ] ];
