BRENTFACTORS[87]:=[ ,,,,,,,,,,,,,,,,,, [ 501767528668537 ],, [ 1429548667 ],, 
  [ 2760491075802897209 ],, [ 500322236201 ],,,, [ 12864551149 ],, 
  [ 588842447957 ],,,,,, [ 39570221241358321428955087 ], [ 4198077361 ],,, 
  [ 743030209799573 ],, [ 279967122414281, 184472179060895069855803 ], 
  [ 29861730452734532617 ], [ 1557970291 ],, [ 10039270877, 70753339589 ], 
  [ 40517688241 ], [ 733490214909404878927 ], [ 4673421551 ], 
  [ 201490140604080090536647 ],, [ 9867859268503 ], [ 1305956049553 ], 
  [ 10311833182596221 ], [ 909581169749897 ], [ 45306051834099697 ], 
  [ 972826633106658307 ],,, [ 167128464278505648546017711 ], [ 1824207401 ], 
  [ 5407222177908940159, 18365646061562240096209 ], [ 164571123339464497217 ],
  , [ 67284291889 ], [ 472607812109098593541933909621 ], [ 174571918529 ], 
  [ 28928011261, 2688544293727, 6876366308042094240367 ], 
  [ 1678126451, 42050808395471 ], 
  [ 64561734753412580351189, 573970294075795020791651836603134457, 
      60543850419934764616827409478282756121103 ], [ 2461888845289 ], 
  [ 2180556073006521365676397, 
      42103272740549609787034537493177774110680700691 ], 
  [ 64513933098212771 ], [ 176634623401, 545798973096798142964401 ], 
  [ 62033191830209177 ], [ 2105783681, 30520868769161, 34068639321179 ],,, 
  [ 2158357121, 163218137931281 ],, [ 28006836205624687, 203400454265636653 ],
  [ 72443037773, 14643242216142413, 9715842337186100923, 13932915930783494501 
     ], [ 1825940715555586791757 ], [ 245110666501 ], [ 2056116028003 ], 
  [ 39473911093, 7569771426014837023762907375689765044061 ], 
  [ 2125473138977, 26586812560881436777, 18148643531355648356761 ], 
  [ 6667690736063242263559, 33757834190572095941807 ], [ 6393703574161 ], 
  [ 35122470482816904187183 ], [ 3125372137288782807792662209213 ], 
  [ 310075367684506654831 ], [ 5939341892587, 11263734653455239631603379 ], 
  [ 199556918703567031, 4387258576115094312996971, 
      97659640617467312519672257642083824591 ], [ 62935158241, 85296551521 ], 
  [ 60974328449411485203853363548153943, 
      11021098474489389744709456756568514071529918354501991590893 ], 
  [ 325861315738805549503997378183191 ], 
  [ 2881804267, 152455005113524325753311 ], 
  [ 969674768142701, 27560873074784422251395290901 ], 
  [ 130524647613671960242657171, 114610618989381257155438988757661 ], 
  [ 492086864255075421418913041 ], 
  [ 38733938661115975274381513137125738620722179550916985470914891813927367958\
66439 ], [ 29501721289 ],, 
  [ 341257836479347291481, 792649454616787068856527616717 ], 
  [ 43283326063, 7421915329513066686839, 614399209207896413987880333793 ], 
  [ 112808125009, 21937982355264508868564270281 ], 
  [ 75560217001, 618407559036839551162266504767742228037 ], 
  [ 1140997860521372786933617321 ], [ 52810892714654653 ],, 
  [ 1601109431, 144337379855564516634709511746692253 ], 
  [ 27966491593468475816592985882489 ], 
  [ 54536218245170611, 1026007396289353924407771566560087121 ],, 
  [ 2909931825202196805037, 5003283717409325096701925660749001773951 ], 
  [ 35627497511, 150915918675944954594444737655523666977802763501 ], 
  [ 5248426457 ], [ 2003096881, 708021932388465258841 ], 
  [ 764837774708459, 167044832714979253 ], [ 322427147051837 ], 
  [ 12648793946560711, 3410255895035806710694719245684551027251900947417336257
     ], 
  [ 400563855701, 1041338854119585772648861, 241077299581810527962001775728493\
1941 ], [ 768897782593191397001, 3750929561117064691563551251 ], 
  [ 152792648409997, 1025624202740229269040823 ], 
  [ 8242355151452563, 556943505439361128161391927994183 ], 
  [ 583152425932839937 ], 
  [ 5307166291458911454607, 1351377996874432281994677457 ], 
  [ 1923321250743814922261 ], 
  [ 8014190915379148427, 26116082911726620389590369629049442715419 ], 
  [ 79845650075107603925695303177 ], [ 4981953238750427419999 ],, 
  [ 8390016451, 79560878538241, 153114314000042243971, 4103261096981141205991 
     ], [ 1845945137, 712466572121 ],, [ 39108567409, 7552950996705493 ],, 
  [ 3842711687217470621, 456733465483466438396179104755692741 ],, 
  [ 31163743510055678268286921, 331133270669601508703105940282764956849 ],, 
  [ 21039484897, 32970811212433 ],, [ 6562176803772432661307777459229735203 ],
  [ 1289694266751279546991 ], 
  [ 204203949997030541, 58321006193118580157662834219765066277 ],, 
  [ 780940581047238901 ],, 
  [ 9916324049, 109965493206953, 13516796394119682395920402542953 ], 
  [ 9390129585956816887, 925288431533312850148075662583 ], 
  [ 1097987353, 50449463184737, 21451120650117847441575131, 
      51615095815580963524071777103 ], [ 33972086241011, 6169984630737971 ],,
  , 
  [ 6777259427, 20914942691375319187591569191, 1154272982351785842280632717014\
8107710662343343217 ], [ 1344137399743 ], 
  [ 2843644544907306968186597814081378624743041 ],, 
  [ 2754949113800462794518596986939 ],, [ 1970550037, 2602812068044642075057 ]
    , [ 40790154901, 206908203023516759457991 ], 
  [ 23189317769681926713848197359046291, 
      19036500097554101070997380016900638645767874576238380757 ],,,, 
  [ 15196304942659111326087534536150437333602767004481542599101 ],, 
  [ 3725194453021, 438933802943464922549, 1774996652745126376679865101257, 
      8116228998470087632806022384580679733 ],, 
  [ 483370615524101563, 3970215364593723577, 389076076634661730920676679017 ],
  , 
  [ 787526070373346993170489921, 618764276992979872158737954148305882771490204\
216639409 ], [ 310050175363 ], 
  [ 588234653393, 583989780683029379, 2068912954196042890253243338254546500836\
5533 ],,,, [ 918415414194097 ], [ 985530109423, 15736111050222811 ], 
  [ 109827126762020734081, 18849504627080917080614843449, 
      9022004253482168397239404698394684181098243137243684193 ],, 
  [ 222766778473, 1603436497111148347, 65234702723152738657728499902597613 ],,
  ,,,, [ 978203897423602711886837095863603028590530390209 ],, 
  [ 9435203387, 2225118366191659, 24432087412665416490591531063706597307251, 
      661936185283693005108097376673258145776401688093420347 ], 
  [ 79578756988509871, 2533652766507320641 ], 
  [ 1887656597, 579682631174504411009 ],, [ 2194420122938555321041 ],, 
  [ 2932502201 ],, 
  [ 4680476534831, 453403911822057349, 330885953595962887649974648576348280787\
101 ],, [ 10796448088789890037156371257501708171509 ],, 
  [ 17720549522750829704177285064583879 ],, 
  [ 14474131879578171217, 2583019648783805904178145939521 ],, 
  [ 16594343379719154792096167507479179873869053021 ],, 
  [ 120422632431611274694289865382203929956861 ],, [ 1557890902506666577 ],, 
  [ 567901577601513050183680762426538351712889 ],, 
  [ 1734876853809938369, 1201728161263143039015991236181 ],, 
  [ 209851857316904184017556954617321, 414463694512435199730406742353964881 ],
  , [ 3471976781461336081, 201760402922529914961532997652191043743232810991 ],
  , 
  [ 1270547000353, 16285221393036195937, 5745653670867129534085659020175477433\
8887158920737 ],, 
  [ 24413050631197216010738406805589789, 3851431811362282858462181540445589087\
242770929343 ],, 
  [ 7584822556573, 11570058553117, 2674487513572543961096503981039472461 ],, 
  [ 96221728973261, 16926453533877113614681942450871190668067184656781 ], 
  [ 2027241588373 ],,, 
  [ 12720885873697, 49573741075506125903303392702720798144169969163877 ],, 
  [ 526066626915446994260259985727559393593176750601 ],, 
  [ 1856582309, 337725926681013595391129926059842239427483 ],,,, 
  [ 2760216427, 32659233421, 641252802731664311, 53348915635011698879 ],,,, 
  [ 10108048243, 3918722229216829, 19719655775773398421 ],, 
  [ 610909346354201, 6117563588355937582336498337 ],, 
  [ 56342714105980774848911462238997154828251 ],, 
  [ 334891764896558941, 520663444094108268828411013 ],, 
  [ 57217415257868324839, 1670211659204642217339871663163541455081 ],,,, 
  [ 42274509780619865981894863, 
      619186693672876890733729766289674182285450848772110778837 ],, 
  [ 704429412961 ],,,,,,,,,, 
  [ 12402022051, 41299172461, 216964498321, 2041551754097041, 
      8263653698443094627086859260951 ],, 
  [ 5523126833377, 29755440291949297, 303694002547006529 ],,,,,,,, 
  [ 22795345311200107801 ],, [ 954991318717 ],,,, [ 226050459779 ],,,,,,,,,,,,
  ,, 
  [ 14051732643723627335846048694901, 132961614798044219660796359662488375301 
     ],,,,,, [ 52731727435968661975789 ],, [ 1360389115933 ],,,, 
  [ 1788827094452113 ],,,,,, 
  [ 42499474351363, 87568732365007, 524048995191837504674029 ],, 
  [ 36801943361 ],,,,,,,,,, [ 129096619432572980525039671 ],,,,,, 
  [ 4103901990660598897 ],,,,,, [ 4905670573, 1798707798311293 ],,,,,,,,,,,, 
  [ 1225157493075162721 ],,,,,, [ 15095237580352403281 ],,,,,, 
  [ 1083059149, 383344677049 ],,,,,,,,,,,, [ 254145178821493 ],,,,,,,,,,,, 
  [ 350992476772825291, 176479003060419757546651921 ],,,,,,,,,,,,,,,,,,,,,,,,,
  ,,,,,,,,,,,,,,,,,,,,,,,,,,,,,,,,,,, [ 5448934045507355551 ],,,,,,,,,,,, 
  [ 1071146539, 3744222868323631 ],,,,,,,,,,,,,,,,,, [ 1019313601 ] ];
