BRENTFACTORS[827]:=[ ,,,,,,,,,,,,,,, [ 1764296257 ],,, 
  [ 1700121407, 22692301147993 ],,,, [ 7462649146572455000723 ],, 
  [ 170897914228332085589801 ],, [ 1828926852453194149 ],, [ 3454439111 ],, 
  [ 72876700363, 571043101104008873 ], [ 211116808018981180577 ],,, 
  [ 78769991782144380499411715491001 ], [ 494047997252461 ], 
  [ 22160366341, 10566718946727211302056548887115613 ], [ 22435432225668857 ],
  [ 52319562572023111 ], [ 4881076481, 4812552740081 ], 
  [ 27363179749, 20677736681083, 292763756606098313, 382157651642436679, 
      494707084780065429941 ],,, [ 131347504553, 152485816626906181 ], 
  [ 23778774609661, 22880258804978551 ], [ 420445515889664214259 ], 
  [ 15259578451249851328445221702694410367 ], [ 39266229230929 ], 
  [ 1013673162127379271581496721, 43254887788435856433725172461625569 ], 
  [ 1794491116365744701 ], [ 3655729463358260028583, 354517731287020140470341 
     ], [ 139654704325407503299482221 ], 
  [ 4845923821397, 13625975273983, 22741672267537099, 24396737048210699, 
      427613583124827637203161936207341703766817 ],, 
  [ 57086299209414255379262259510970491980035463269541 ],, 
  [ 3031151701, 99545054107, 2978072412275390281 ],, 
  [ 55238717615378963, 101385095988644233, 54745095923089396230998368589 ], 
  [ 145088586781 ], [ 52513692150367439681125889464283 ], [ 19601010089 ], 
  [ 13614930081942852097, 8080003839862339825120591447909 ], 
  [ 1389242689, 428332534845139005258614977 ], 
  [ 244256307625461431, 81834149174599851869120220986423322271, 
      32074121231678342139769199516412649984921 ], [ 53745961318265833 ], 
  [ 4779400665281127976572389572921529099 ], 
  [ 24936375282339569, 633512259897220969, 1503414042191453094793 ], 
  [ 12679931914238295903852438759007, 
      1027739171075884030981829170713581110429908667 ],,,, [ 225401908157 ], 
  [ 1276157159, 19862221453, 354823666793473 ],, 
  [ 18291424165913, 213768587346044061934534097, 
      45645523927281712188111952069 ], [ 672289881667097 ],,, [ 20002531201 ],
  [ 29236703599, 31483980901863989234437213, 
      794315534955389453741634836506912373415329259433743343 ], 
  [ 89078355085607 ], [ 3097427464610593368277 ], [ 21327955572268381 ], 
  [ 2110055788417427131, 496385707546708421725020043711803582644491, 
      13586226145216221239851199191736305302316552256729246441 ], 
  [ 13019042147, 32061646439951, 683415546165712108498495937 ], 
  [ 15043835109508764679999117 ], 
  [ 648049598242729, 121858697641121132737, 109364479118274259860844301153 ], 
  [ 344634870345728329306957183564778917 ], [ 1194012181 ],, 
  [ 2014643731644917, 1002361353455920081558513680097 ],, 
  [ 1448496755215346242702608613575051738334598649472597629508147 ], 
  [ 248007262954487665661 ], [ 8366865404036016085450700107861168864609 ], 
  [ 3271497079, 47659394170441, 1418188037277452621, 4005256495591015870097 ],
  [ 20072443987, 3437735430690830179, 
      1107067144372934426959415453533891438904839 ],, 
  [ 183537040901, 71798990056085323901 ],, 
  [ 34224614035543, 6871178585349527270327588537046813121 ], 
  [ 2587018997379339121, 2864806265099457709 ], 
  [ 662954004649, 692602188507032971943508848864118241 ], 
  [ 127993137091, 2940637820821 ], 
  [ 194875694177951, 77995553879240957169372288367325968390335713 ],, 
  [ 2837315629, 365908848026912516843405202498229 ], [ 1062497565593 ], 
  [ 7530837931, 44925564751, 5049993651608979894811, 754024335929307932887421 
     ], [ 5920347099433639 ], 
  [ 3867693850047943057971996721, 51115614656870617764920637583072852153777 ],
  [ 23286240291037437928135151 ], [ 1251373214316697722358003531 ], 
  [ 1349338379055241, 10845491662171070730031 ],,, 
  [ 82437659761659436078507027019 ], [ 6931306534545499, 19654550360987963 ], 
  [ 1399326961, 276387464175583401001 ], [ 1450539047 ], [ 10074080744793629 ]
   ,, 
  [ 1303392149, 1663186664569, 12953629617769, 41623583055817766149479169, 
      614341440938689558617701921 ],, 
  [ 287747908096913978149801, 1569047685419182194423144792267656059 ], 
  [ 12641025584359279 ], 
  [ 6547449089, 263494161216846656513, 2659102100804353178113, 
      1449183945727447013976961, 454127804737220868519810204805175809 ], 
  [ 2338021382364823 ], [ 27731369923707061, 227668668749797861 ], 
  [ 16132188509009 ],, [ 1034944289, 204710768809365743 ], 
  [ 25475706409, 388051740341 ],, 
  [ 10249716569, 41231687060402651201, 1965719341692834707186329 ], 
  [ 3844600313, 11457476593, 1455957429735147359 ], 
  [ 27601734109, 7742097132079, 19133946221079263325951773846975788090807 ],, 
  [ 3932896801, 26917879299569861 ],, [ 5303161466824928621 ], 
  [ 1098791123, 12191677499 ], 
  [ 280213424497, 153173645698609, 13225680274032872497, 
      601951518806583743045283456395000353 ], [ 14053156315321 ], 
  [ 20629084648080310840019312465571443069954597 ], [ 25118442253717 ], 
  [ 175656793597, 8037722234562312452644784419254013 ],, 
  [ 34997592901, 81580426651, 346643961683496847780264382780040327601 ],, 
  [ 3120005809, 18411288942577, 36674153471586377, 
      46749657378940752883665012326238734686841 ], [ 9583388133870871 ],,, 
  [ 121095521862157597, 842334961835366867732638326548893 ],, 
  [ 241740660599, 1896834486797, 2633232055387 ],, [ 1486664801 ],, 
  [ 4008528649 ], [ 4631178964505369 ], [ 2096742555768293 ],,,, 
  [ 140719498343089, 63743382606245711564723977, 343305792339645417357589417 ]
   ,, [ 129400547981, 12888774382421131645397669427842729064069177079181 ],, 
  [ 159102491909487958996231648313933 ],, 
  [ 23431899682280502265570037175018405165787 ],,, [ 25476086833690294261 ], 
  [ 62524744631621 ], [ 226934692463 ], 
  [ 32088185821, 481059565115581, 1009397129561641 ],,, [ 90992911393 ], 
  [ 41158954297 ],,,, 
  [ 109164304868117, 167083867009124333, 318920976942487813 ],, 
  [ 120658572647051 ], [ 28597542897112043 ], [ 880751546497 ],, 
  [ 1639072439, 119484447040313 ],, [ 40733750029819941744217 ],,,, 
  [ 212134255147201, 333013208525801, 6595990018712238834401 ],, 
  [ 4333860344790059 ],, [ 2913738536319733 ],,,,,, [ 74092550369041 ],, 
  [ 210449744262221 ],, [ 2208796274098605109 ],, 
  [ 25108973287633, 2740960564780033, 37149915509190793 ],,,,,, 
  [ 14738191057 ],, [ 869259892481 ], [ 162369502455186451 ],, 
  [ 114818959439 ], [ 20747050991269, 575838768283364017, 2438146035925842157 
     ],, [ 163676588499507231969701 ],,,, [ 450016805475199 ],,,, 
  [ 6454126841 ],,,, [ 74775583873, 806049345341355174467 ],,,,,, 
  [ 35098879273 ],, [ 292364563501, 55016740511229394608001 ],, 
  [ 30830385097 ],, [ 228521694237984496024006567 ],,,, 
  [ 48901134472737874521721039, 180014087698153492312270429 ],, 
  [ 26585801321 ],,,, [ 89440366173049, 3206537219343530398424465929 ],, 
  [ 25710619393442453 ],,,, 
  [ 14806339111, 83959408764332361361, 39755159619645597342103012321 ],, 
  [ 18594165749009 ],,,,,,,, [ 3524434481 ],, 
  [ 2865242514619, 142345097850298951, 720567525553078519669 ],,,,,, 
  [ 115267637719907619659625889, 158366127752454284177853028609 ],, 
  [ 14864741701 ],,,,,,,,,, [ 1533499533991801, 53157127956874438952401 ],,,,,
  , [ 62014591572067 ],,,, [ 1665485230621 ],,,,,,,, [ 721515213907 ],,,,,, 
  [ 2444495113 ],,,,,,,,,,,, [ 248914215967820929, 152457810049664207761 ],,,
  , [ 1303094998321, 99660066938581 ],,,,,,,, [ 59435824135321 ],,,,,,,,,,,,,,
  ,,,, [ 3063490273 ],,,,,, [ 31206470293 ],,,,,, 
  [ 2065147813, 1319748357974615227 ],,,,,,,,,,,, [ 1790464714351 ],,,,,,,,,,,
  ,,,,,,,,,,,,,,,,,,,,,,,,,,,,,,,,,,,,,,,,,,,,,,,,,,,,,,,,,,,,, 
  [ 32312272854247, 339481881973543 ],,,,,,,,,,,,,,,,,,,,,,,,,,,,,,,,,,,,,,,,,
  ,,,,,,,,,,,,,,,,,,,,,,,,,,,,,,,,,,,,,,,,,,,,,,,,,,,,,,,,,,,,,,,,,,,,,,,,,,,,
  ,,,,,,,,,,,,,,,,,,,,,,,,,,,,,,,,,,,,,,,,,,,,,,,,,,,,,,,,,,,,,,,,,,,,,,,,,,,,
  ,,,,,,,,,,,,,,,,,,,,,,,,,,,,,,,,,,,,,,,,,,,,,,,,,,,,,,,,,,,,,,,,,,,,,,,,,,,,
  ,,,,,,,,,,,,,,,,,,,,,,,,,,,,,,,,,,,,,,,,,,,,,,,,,,,,,,,,,,,,,,,,,,,,,,,,,,,,
  ,,,,,,,,,,,,,,,,,,,,,,,,,,,,,,,,,,,,,,,,,,,,,,,,,,,,,,,,,,,,,,,,,,,,,,,,,,,,
  ,,,,,,,,,,,,,,,,,,,,,,,,,,,,,,,,,,,,,,,,,,,,, 
  [ 33131410747009, 49335309778653889, 1234169101159524833, 
      2473406401947748417, 67574141821346597023841 ] ];
