BRENTFACTORS[7151]:=[ ,,,,,,,,,,,,,,,, [ 2749730043906007 ],, 
  [ 4892046319, 37299595442143, 459980070915401 ],,,, [ 83909131946156113 ],,,
  ,,, [ 1110462317, 1186908915851, 103710224285724947764542146729200609861 ],
  , [ 9052739537, 468034128794405445615468179513769448836829 ],,,,,, 
  [ 31413299305571281321, 4870035684873992550262212300812779630309829 ],,,, 
  [ 7771465787, 11350412039, 9098083348417586461, 43553065865666398558637, 
      617676353254742220045011161669869547397 ],, 
  [ 4482525283, 549702703667933689, 642268294722796396563276317 ],,,, 
  [ 1328706473175314789 ],,,,,, 
  [ 295241654251, 15405743965080056503671979, 145332825454806985141079387 ],,,
  ,,, [ 1257352401941, 1379852276865389 ],, [ 1750318467223621937530783 ],,,,,
  , [ 55909942763891, 1597279145355634592524199818286477 ],,,, 
  [ 427139441797 ],, [ 43493369779, 149268007937 ],,,,,, 
  [ 893182735031, 60262269032413981537, 2107642507593169626946057 ],,,,,,,,,, 
  [ 289977019450253 ],,,,,,,,,,,,,,,,,,,, [ 2776632546617291489 ],,,,,,,,,,,,,
  ,,,,,,,,,,,,,,,,,,,,,,,,,,,,,,,,,,, [ 233927018700623687 ] ];
