BRENTFACTORS[1669]:=[ ,,,,,,,,,,,,,,,, [ 158322592753227169 ],,,,,, 
  [ 21801666559 ],,,,,, [ 36069089049731, 7250566881404607851 ],, 
  [ 3674665229, 44821052736041, 674278367460013867, 100757414507542422435937 ]
   ,,,,,, [ 69282347117 ],,,, [ 8364085107227 ],, [ 431239167265504261 ],,,, 
  [ 531276491880143, 8103436683272201, 10048126607019484307 ],,,,,, 
  [ 964793516736926542937564549 ],,,,,,,, [ 10394595167520016373 ],,,,,,,,,, 
  [ 1234090903 ],, [ 16006278863 ],,,,,, 
  [ 5792732789923, 240478727713479883470641 ],,,, 
  [ 14845175987, 6426082277819, 34125544146403, 8567354524546681 ],,,,,,,,,,,,
  ,,,,,,,, [ 603047776706315061937, 27908612340568579508214779429 ],,,,,, 
  [ 20941016104188262951069 ],,,,,,,,,,,,,,,,,,,,,, 
  [ 9752405335909351, 207215108177935487405844907918741 ],,,,,, 
  [ 4288777877, 358764847322145423081154385389 ],,,,,,,,,,,, [ 4169890757 ],, 
  [ 1197480737 ],,,,,, [ 50898019343 ] ];
