BRENTFACTORS[262]:=[ ,,,,,,,,,,,,,,,,,, [ 37541224367 ],,,, [ 178130435513 ],
  , [ 1124300832451 ],,,, [ 60642680101 ],, [ 22120354402418372022918222041 ],
  ,, [ 4793108212777 ],,,,, [ 272783411963275747 ], [ 37598252863030801 ], 
  [ 4287783937 ],, [ 9351734433247, 39284087711372612833809766977557 ], 
  [ 112977069649275701 ], [ 2774281047267612940921 ], [ 24777959203 ], 
  [ 1383783558246198331, 25127586200022241585314683 ],, 
  [ 2050841591, 582468928903 ],, [ 2495417485417, 210678783836413 ], 
  [ 28668360657613, 20848664863510901 ], [ 2995857967, 340966856895675337 ], 
  [ 3436493896641097 ],,, [ 814972555297 ], 
  [ 4365808331869, 564874692424461749419 ], 
  [ 22685776183225194023, 16696085103615594926647 ],, 
  [ 3676648072646788980874699720797775273783867389388409414427613 ], 
  [ 7007939585049252859, 46037815467799643071 ], [ 1097794449109 ], 
  [ 888801434836107800897 ], [ 810909090428507102809197220931 ],,, 
  [ 2055005890753, 1005323664298518595139581217 ], 
  [ 850391584415040063834870948842339143381 ], [ 24041493495228856613471 ], 
  [ 375329119873 ], [ 3460768308319487950153 ],, 
  [ 2316491414661041, 28786579549473049186979923 ], 
  [ 8807276216724556443942659304369901 ], 
  [ 2258396772403215341, 437155437132535449867604469 ],, 
  [ 19607085577, 53941655496107959087 ], 
  [ 5642954833, 67444624519615431279122333 ],, 
  [ 21856646017, 2344976475065734060978536531026008948778580061 ],, 
  [ 2706527975337473770749924936427 ],,, 
  [ 378784797466499632241443, 209582165842540731491321683 ],,, 
  [ 80652409892268859 ],, [ 22379883315928565897319816149 ], 
  [ 1145651712808328497624235341024573668929244161173 ],, 
  [ 325399649775698906483, 11242662651084031091277915733 ], 
  [ 127237557610931 ],, [ 38914834033, 84102803358361 ], [ 18185296007551 ], 
  [ 1882334349492550514460946729 ],,, [ 14058648484303 ],, [ 1619318273 ], 
  [ 4466791306381397701, 43181435865715752645369544680412294669771 ], 
  [ 15464810323, 17556472348406669 ], [ 140382994859433083 ], 
  [ 6287422313379997 ], [ 12909459668533417267 ], 
  [ 3000200653561, 8279891664661, 97156443894115918511 ], 
  [ 1479358798222705690866851137 ],, [ 1095730519607, 12393478518870803 ],,, 
  [ 4355920849889571480860983489 ],, 
  [ 397225350531601384693, 2155161216729471219793, 
      53680105140696021626061941633351 ], [ 107381519903415283 ], 
  [ 21918715378376242958826298330496353321 ], 
  [ 91293043403, 905922564127534339 ], [ 4297496971 ],, 
  [ 3624667081605647101 ],, [ 29822060630881 ], 
  [ 7320028033, 13067577934897 ], [ 75379102900481 ],, 
  [ 3918373004047776271767474286186780622591 ],,,, [ 165143757803 ],, 
  [ 36788066468881527505580489 ],, 
  [ 23575094209, 3828134558649258800753619331 ],,, 
  [ 3112328251, 64467189793, 3012317316601 ],, [ 1035583979, 4060424458091 ], 
  [ 2933993229015866401 ],, [ 1367302707505787219437 ],,,, 
  [ 72352633651, 26252143176571916319151 ],, [ 20517514087680670780969 ], 
  [ 44297698321 ],,, [ 29736400513 ],,,, 
  [ 56675270881, 1836065800321, 535756730887201 ],, 
  [ 1023588318421, 16161643561862718002089, 
      14083135830886060294475380089234602481474067 ],, 
  [ 1946567183939456136769, 36857342731304328910150421 ], 
  [ 62808760411, 3437805689290554121 ], [ 1206262330680634247 ],,,, 
  [ 759731383282947040150621 ],,,, [ 229787522003885058571 ],, 
  [ 15022914721, 9922987945519097857 ], [ 2511910369, 1280912670672292429153 ]
    , [ 1887808193, 832739072489 ],, 
  [ 3361306686202957836921155317589832424353010033607666221 ],, 
  [ 1326914863 ],,,, [ 118013271692683, 10151748296901823 ],, 
  [ 362650361502733, 1405329239933049617657, 997850580323476410477389 ], 
  [ 8355319561, 23698848350647 ],,,,, [ 9430470563, 3008193350843 ], 
  [ 10303852451491, 192339450121261, 7109134416629701 ], [ 3870849473 ],, 
  [ 68069453101687997046196957, 2729848704709639088031460150019149 ],, 
  [ 1593141001 ],,,,,,,,,, [ 114487650691, 11762116982071 ],,,, 
  [ 519025900451 ],,,,,, [ 355797642438513571781 ],, [ 2260682472426823 ],, 
  [ 776376669377 ],, [ 48218276677589 ],, [ 1524606125284688747617 ],, 
  [ 222253266289781 ],,,, [ 67814147701 ],,,, [ 1035923323 ],,,, 
  [ 134566945921 ],,,,,, [ 48423088969 ],, [ 146113540879751 ],, 
  [ 69546788286897349 ],,,,,, [ 16396748919853030501 ],,,, [ 2142117503 ],,,, 
  [ 2358677861, 267017457490561 ],,,,,, [ 403490823858337 ],,,, 
  [ 2503616701, 2764871881759304654761 ],,,,,,,,,, [ 7377793567 ],, 
  [ 36513907489, 1096299607681, 153907280214120155343462913, 
      8576518024158300230094189793 ],, [ 4072162891, 1704685872218201 ],,,, 
  [ 29725159957396807, 2167630906154477857591 ],,,,,, 
  [ 244815648597301, 586462270573365601 ],,,,,,,, [ 4854552473 ],,,,,,,,,, 
  [ 2208491113981, 26260640505068077 ],,,,,,,,,,,, 
  [ 1864687771, 5256340321, 28800894211 ],,,,,,,,,,,, [ 2464129153 ],,,,,,,, 
  [ 1274986651 ],,,, [ 9093796260650653 ],,,,,,,,,,,, [ 8301661286691307 ],,,,
  ,,,,,,,,,,,,,,,,,,,, [ 6711343081 ],,,,,,,,,,,,,,,,,,,,,,,,,,,,,,,,,,,,,,,,,
  ,,,,,,,,,,,,,,,,,,,,,,,,,,,,,,,,,,,,,,,,,,,,,,,,, [ 1755448087508641 ] ];
