BRENTFACTORS[6359]:=[ ,,,,,,,,,, [ 75909163197011 ],, [ 60375147560740502647 ]
   ,,,, [ 399392506111, 212357984292859 ],, [ 54545933196283 ],,,,,,,,,, 
  [ 10214026163048278874278008203, 25261468942643881070826645472367, 
      2053278323730785059445543120057772771248368679 ],, 
  [ 883627247585297228538883329040919150847297719243, 
      1430421244399209503845288909996427028722461995264428561247926779307 ],,,
  ,,,,,,, [ 95533964783 ],, [ 2194650877899711602467 ],,,, 
  [ 4113758600654821929883 ],,,,,, [ 5170169351638586782141 ],,,,,,,,,,,,,,,,,
  ,,,,,,,,, [ 207229721787437 ],,,,,,,,,,,,,,,,,,,,,,,,,,,,,, 
  [ 1039793055689 ],,,,,,,,,,,,,,,,,,,,,,,,,,,,,,,,,,,,,,,,,,,,,,,, 
  [ 154271870364527 ],,,,,,,,,,,,,,,,,,,,,,,,,,,,,,,,,, 
  [ 24908972017036290949 ] ];
