BRENTFACTORS[938]:=[ ,,,,,,,,,, [ 1639040657, 3254168413 ],,,,,, 
  [ 372239218201 ],, [ 47603714248021388503 ],,, [ 1554083807 ], 
  [ 9590134286303 ],, [ 1480300001, 1168720237449905984351 ],, 
  [ 36264428677, 67726840636999 ], [ 58131484078249 ], 
  [ 112129567549, 414573756713282143809858491 ],, 
  [ 1265394539887, 233274545952983 ],, [ 7938725653, 1271120970307 ],, 
  [ 4026218981, 9185754660021444915901 ], [ 2696037121 ], 
  [ 18250736132612294401, 196144970542687489747, 
      1243778696667164913203629891477 ],, [ 7622223571, 10170457597 ], 
  [ 1664884774321 ], [ 508965022382610611, 1877484371223622157 ],, 
  [ 4813936531673851629319, 4932321202499400485892527, 
      112134670585297450887144746292761 ],, 
  [ 16865093300221, 142590295882711029164491 ], [ 2985309161335321 ], 
  [ 1017018337, 18469830419947 ],, 
  [ 2334339127, 328408231397, 17990547612787, 143454725242684646204632709 ],, 
  [ 798449416863799 ], [ 30923948511739465050664981958033 ], 
  [ 3527771157665110702965500315183, 
      11069073592820245437287181348136851848295562213346413 ],, 
  [ 13075184291323771 ], [ 41949522161 ],,, 
  [ 241855202857657803412443635685821213 ], [ 1377933480700921 ], 
  [ 2450372872179879867998777 ], [ 116080552513, 1043624601572754966931 ], 
  [ 1954240597, 15169639339, 39626117623, 208487457898272625436539183 ], 
  [ 64496059151198044234217947076033 ], 
  [ 11423939671, 31281564102240401, 7946301992281919341350330959866651781 ], 
  [ 404094229177 ], [ 121941549577 ], [ 3759951551537737889 ], 
  [ 9838621733856920252440081, 642049305612579490858735339 ], 
  [ 6434787437848960331 ], [ 82256621427135816247781 ],, 
  [ 2904897897823745890787542765457 ], 
  [ 3934025018723, 76276956322900358938821994231862432309 ], 
  [ 8697367801, 55274842499109183970276331499451264752601 ], 
  [ 4824249949, 2446768139371450539910366823171943303618809 ], 
  [ 3942138509, 7299414600843289, 29542821441242851316897477, 
      671735998911475518456522334711, 285602704915690950039843901547626313 ], 
  [ 12612865201, 16351083961286257 ], [ 2191138439950281168285779 ], 
  [ 1660909361 ], [ 8460444331 ], 
  [ 2517521213959, 6427860303795533851631, 15294326722414361006837044422329239
     ],, [ 154429839973753, 995038357081189 ], 
  [ 463097591261, 18779147976594937531264271 ], 
  [ 1064495011940373064999, 13774908858959008960680428379761857962879360857 ],
  [ 646740607485986820241 ], 
  [ 3247284642643009, 131088654342402573651995480539143233 ], 
  [ 4872783821, 29481158153427730184644456768021 ], 
  [ 12978568787491, 4684898666129661374041 ], 
  [ 190071071391348713682299, 29301349564249695410384246159, 
      675850752905267366029184820239 ], 
  [ 108168494489344091582307799482438390411974447893328449496957029 ],, 
  [ 9548961847189, 931212605872450561923348440077337963 ], 
  [ 37748498722122761, 1135157555612363582941196441 ], 
  [ 8885615633170789483681 ], [ 45140460097 ], 
  [ 974332074726645455316135813070301321 ], [ 279006216193 ],, 
  [ 1126969361087, 32265813924403, 454226108026079, 333426584119291953389509 ]
    , [ 485467645923787, 2258088335674981 ],, 
  [ 9175760752521469289, 3404996789350828481592735019564914096762885445969 ], 
  [ 23843430099151177956211, 170812238234055713662245171301, 
      388766708576005774471132258381 ],,, [ 12947867306677 ],,, 
  [ 250625971584679, 1179925617461900084948881 ], 
  [ 1522532681530465576574543521486011334186968960377400603368929 ],, 
  [ 33918433909 ], [ 2844803744228465531 ],, 
  [ 4631152894057, 181843796113067042952024770263 ], 
  [ 3829350397, 968951311339582998527563 ], [ 481721521429, 3350954825206171 ]
    , [ 197552344921, 259831660647074281, 376444805477160341404890361 ],, 
  [ 8378543144948334109 ],, 
  [ 250889394672036066933980449, 457871923542854401188754027129 ], 
  [ 6573063001 ], [ 1678348827665936676358814536201972207014991507 ],,, 
  [ 3492206179687, 225886793093386819 ], [ 639190540951 ],, 
  [ 9954279333777438783289, 69943279933105911085059919305474601768679413 ], 
  [ 36300616213 ], [ 143514062808481 ],,,, 
  [ 198118436898048229, 224056269039057463892796426200041 ],, 
  [ 31328720871204506832881 ],,, [ 1042702519 ], 
  [ 2951667793, 5012285650951075516020483252877654361953 ],, 
  [ 7864692398282174500788863 ], 
  [ 6861402811270104007, 590066899988815515980029 ], 
  [ 10706449316941732195950265321 ],, 
  [ 31811127451, 994706402569765707970406380504051951 ],, 
  [ 109252533233, 2299215855961 ], 
  [ 755371182763, 80788831776721, 29817572619720079, 1031056067142812499787 ],
  [ 640041695833, 98068560076641617 ], [ 58879770991541 ], 
  [ 2709144291937699513, 
      30396510919302975109183907178093534093644532163609211035981 ],, 
  [ 37721936905614230521807 ],, [ 105633603521, 9541737190081 ],, 
  [ 33838576272586645619504752117 ],,,,,, [ 174876629694247427743754886433 ],
  , [ 4903501144027812725681 ], [ 1638514477 ], [ 603198936064782001961 ],, 
  [ 48391325833, 2813822639521 ],, [ 1677993329 ], 
  [ 4343031931504884083363017 ],,, 
  [ 8141308747789681, 1173217943174895710398684525339160405251823374615357741 
     ],, [ 6225518590019, 223902431631061 ],, [ 29744280455780889377 ],, 
  [ 2570024089771778317608149771401 ],, [ 30205006010950081 ], 
  [ 104101405661107 ], [ 278557955381 ],, [ 77233752743883934952833 ],, 
  [ 151883214093154929463433 ], [ 774737400061 ], [ 27926726801 ],,,, 
  [ 2008473162073633201, 481280594131545259733401 ],, [ 7723116224977429049 ],
  , [ 228090828997, 21125324248041354193693 ],, [ 33010634258221 ],, 
  [ 662636565761 ],,,,,, [ 152652030431, 18414672011797, 300435641500979 ],,,,
  ,,,, [ 16583622889 ],, [ 34128759169 ],,,, 
  [ 69738854533, 10869952229329, 86721912169315141, 
      130656015945716470628486405269 ],, [ 111317242991 ], [ 198912187626769 ]
   ,,,,, [ 52965976309, 1642269299213 ],, [ 60308159645119 ],, 
  [ 232657062481, 604546895264921346732144001 ],, [ 45726552191 ],, 
  [ 3217645813 ],,,, [ 19276403670193 ],, [ 12553689303251, 800974625086751 ],
  ,,, [ 1796828513 ], [ 6450391032031 ], [ 713236491932626433 ],,,,,,,, 
  [ 8028692183010814798033, 14919387809338230517729 ],, [ 297010948459 ],,,,,
  , [ 545311211633 ],,,, [ 96954126769, 45594486769633, 8727970997560621 ],,,
  , [ 3227339007481 ],,,,,, [ 309890498633 ],, 
  [ 41983522582753, 3293466792785691223969, 388983688306998422684257 ],,,,,, 
  [ 2698274704693, 17317345161131601517 ],,,,,, [ 100494345254332933049101 ],,
  ,,,, [ 542804720923 ],,,,,, [ 18258865873 ],,,,,, [ 17077722223 ],, 
  [ 33882582325441 ],,,, [ 23431374793 ],,,,,, 
  [ 13092551341, 104689612042654981 ],,,,,, [ 570988973067559602529 ],,,,,,,,,
  ,,, [ 28064264466109, 69774385214139337 ],,,,,, [ 248823086502599906929 ],,,
  ,,,,,,,,, [ 18504750032919433 ],,,,,,,,,,,,,,,,,, [ 9022157569 ],,,,,,,,,,,
  , [ 11401490079036503821 ],,,,,,,,,,,,,,,,,,,,,,,,,,,,,,,,,,,,,,,,,,,,,,,,,,
  ,,,,,,,,,,,,,,,,,,,,,,,,,,,,,,,,,, [ 715558253546869921 ] ];
