BRENTFACTORS[152]:=[ ,,,,,,,,,, [ 1886058571 ],,,,,,,, 
  [ 6978987737, 96734198857 ],,,, [ 52289741980467737 ],,,, [ 3190980061981 ],
  ,,, [ 2000323578179, 44339318593667569, 1549566141393983441 ], 
  [ 141759373057 ], [ 1205349201035431 ],,,, 
  [ 10577949167, 1028310375709409519056668071 ],,, [ 397989231961 ], 
  [ 34906649619007181237 ],,, [ 16686682057 ],,, 
  [ 1229572033292041, 1759506670576147 ],,, [ 2604721113772393601 ], 
  [ 231336784254643, 7148839703570939796337 ],, 
  [ 350092103353, 2325302214359, 245933137909453 ], [ 7627027987 ], 
  [ 19907747931189361 ], [ 57907084327903286393 ], 
  [ 633010500547, 1256026037663808801961 ], [ 3727998953371026654004589 ], 
  [ 95858748353713, 16580090202164790187 ],, 
  [ 4490170389065220755935516067614752200414002327202141 ], [ 3135412913 ], 
  [ 333110498869 ], [ 8527375986320992844908289 ], 
  [ 259573502012712042393421, 18803232593912916892221197161 ],, 
  [ 3666809501, 6676864413983, 68071940716465711, 9353925351386270933 ], 
  [ 31619158758877 ], [ 1893254707, 1203473996381889591299134831249 ], 
  [ 3619245337261 ], 
  [ 4778882728258156176423722907486293, 27369200073822606075040812793124771646\
1109941 ], [ 2602716578353 ],,, [ 958155394501, 1227070593519647101 ], 
  [ 4448151181, 3073649727860108098056317 ], [ 649936424596229 ], 
  [ 46069788477259 ],, [ 490635720071521 ], [ 208935920090143 ], 
  [ 129591022530026988181, 146354874612141782406351751 ],, [ 1751539021 ], 
  [ 16849389549581, 16205107697851030246801 ], 
  [ 9734221579, 9788143231147037, 40289563899857869, 122530269118482062447 ], 
  [ 2217845798715837314797, 2616092101220242115986213, 
      219635347134608392813920709 ], 
  [ 17279497450874209, 23444162735549385424849 ], 
  [ 31280514407, 15793622541456351302017 ], [ 192888149549761 ], 
  [ 8432555619328933, 8762816169506286899624013311 ], 
  [ 4782231804301783830783793 ], 
  [ 735959472961, 10028263729657, 193828131285799, 
      114989493930184157886780091, 388109059833267575726977600754917 ], 
  [ 15679460212211 ], [ 214673358129517601 ], [ 223243540220203777 ],,, 
  [ 3931815889, 11735003714743 ], 
  [ 24121017741701, 76113243317101, 14270256849657694201 ], 
  [ 137232632941, 4023885588096761267, 1250855200308757282907 ],,, 
  [ 879711108433 ], [ 538739256055141, 609901278573147953911 ], 
  [ 7693103807, 39451462866128554531 ], 
  [ 7291958623, 31142713373, 1925786304523, 19675069277928367621 ], 
  [ 1876442761, 2911583989 ], [ 546136052664373 ],, [ 1191564751666603 ],, 
  [ 135138891523 ], [ 15423087247 ],, [ 1615105298030537 ],, 
  [ 7858388834962670327545614193, 
      91812501130601920116023624823290225676667879 ], [ 87423469477 ], 
  [ 829293889268347801 ],, [ 46244813213, 2701667231354092354358832756577 ],, 
  [ 22695770072813, 527553219006277, 795903605306736876682289, 
      20629035726071408416274249908715242313 ], [ 182580623560230751 ], 
  [ 27883889990310072139420669942463731 ],, [ 310975745858087083107329 ],, 
  [ 638276002368161 ],, [ 161481882165517, 84120275529925703779569673 ], 
  [ 1659322099 ], [ 3664449703721 ],,,, [ 12227904691 ],, 
  [ 241371754862083995858344498332491957283161752401 ], 
  [ 12153238099, 46410748123, 358748995406761 ], 
  [ 89373361694154201247770414249341419178879674579 ],, 
  [ 45293441805992755004977, 1116583142969281537915531489 ], 
  [ 1926325541120861 ], [ 504523331752445087, 83509121646784041833 ], 
  [ 1021571850038083 ], 
  [ 285210161381, 66469474696329113, 3533100856420812140954005877, 
      49962258874402751452249160300806053877383677 ],,,, 
  [ 551887496689, 2048227979857, 155428748112862106209, 
      1865520122028254822993, 6560009648177538533724529 ], 
  [ 205080581288132047 ], [ 1613686255325648868004103 ], 
  [ 22550512591, 2233123029564848401 ],,, 
  [ 91036360297849, 90619231365085583, 8353393581211096282201, 
      652129820864392228314460768049 ],, [ 422288814106561 ],, 
  [ 226346570362603, 197824523334318343 ],, [ 364692035123607550300793 ],, 
  [ 8365508083 ],,,, 
  [ 23078899515609881, 9881506464970859861141, 176155532554250208481413011 ],
  , [ 193651539133766393 ],, 
  [ 77499650275010554807, 1393407679037283465548958872749 ], 
  [ 25101022456651 ], [ 3988001157779471713, 22245810213182661677441 ],, 
  [ 147562050553 ],, [ 19495477603990380380643548813009521 ],, 
  [ 169202515427559514220990215547 ],,,, 
  [ 1459294340824735433260848534309805453, 
      30469512918934386498005156108617821805275709 ],,,,,,,,,, 
  [ 2978952257, 320902643997629, 7462581134995049198381 ],, 
  [ 64297783391856744313, 855985860105493755727, 
      5483353037574031184315131503312633228523 ],,,,,, [ 40952931533113 ],,,,,
  , [ 46194966511, 27327116729641 ],, [ 9662233901 ],,,, 
  [ 375911560417033, 2022365819409140146177 ],,,,,, [ 55574879224933 ],, 
  [ 53550473089, 620210858692097 ],,,, 
  [ 134631410247720468301, 252791841045708967205941, 
      49898475970778640978448964784009761870101 ],, [ 29462752670651 ],, 
  [ 658014762497 ],, 
  [ 2052097875829, 1614834210205938853, 627023031403494594036590839, 
      34593497236081712220201388551606067 ],,,,,, 
  [ 25921563664497841, 141109409088956641 ],,,, 
  [ 103449099437, 2123457460441 ],, [ 4049523218230205239 ],, 
  [ 3109606434257 ],, [ 781701866723846609906900251 ],, 
  [ 23210767693, 11627463791622421, 89273564337594756453769, 
      26996734952165649072789073 ],,,, 
  [ 28112500589057, 429847734156454659329 ],, [ 271674130175191 ],, 
  [ 2552110861, 6572371976561, 55942803367973861 ],,,,,,,,,, 
  [ 30240905834071 ],, [ 53249597276657 ],,,, 
  [ 1799725044823177, 1400046802364587093501, 6324670538757819030203857 ],,,, 
  [ 2343293401, 3322184321 ],,,,,, [ 11445153444583, 784373929569803 ],, 
  [ 13805223743722591496737 ],,,,,, [ 3022792362093379 ],,,,,, 
  [ 609970998967007101 ],,,,,, [ 205551321483709 ],, 
  [ 62564283937, 8066028240733 ],, [ 62073781022978822908621 ],, 
  [ 519878353314217, 32849793813635137 ],,,,,, [ 75264556526435547075391 ],,,,
  ,, [ 361994631121 ],,,,,,,,,,,, [ 71800254961 ],,,,,, 
  [ 3543746651047, 1911139301826577 ],,,,,, [ 8810353273237 ],,,,,, 
  [ 13530628003 ],,,,,,,,,,,, [ 3937634791 ],,,,,, [ 22713957803689 ],,,,,, 
  [ 5335818915169 ],,,,,, [ 11421132673 ],,,,,, [ 1546318813261 ],,,,,,,,,,,,,
  ,,,,, [ 10781609104897 ],,,,,,,,,,,,,,,,,,,,,,,,,,,,,,,,,,,,,,,,,,,,,,,,,,,,
  ,, [ 835684804951921 ] ];
