BRENTFACTORS[9239]:=[ ,,,,,,,,,,,,,,,, [ 2519077668187411781554061 ],,,,,, 
  [ 43718322870881, 1505635133940504798331, 2148223204179199255214497 ],,,,,, 
  [ 75304993177276243, 607985301360329322347, 
      1850386312256487246140959117251512908578976011495109196954313817 ],,,,,,
  ,,,,,, [ 3509506360250042538355267, 13396608492189106847638942357949 ],,,,,
  , [ 12647236419721823, 313836191796067698553 ],,,,,, [ 1975362465998036887 ]
   ,,,,,,,,,,,,,, [ 2411064011 ],,,,,, [ 10067482167553 ],,,,,, 
  [ 26894388106711 ],,,, [ 1128060803 ],,,,,, [ 3421540651933 ],,,,,,,, 
  [ 1487333399, 2713564913, 490173308179 ],,,, [ 4444566802221787 ],,,,,,,,,,,
  ,,,,,,,,,,,,,,,,,,,,,,,,, [ 1582331917 ] ];
