BRENTFACTORS[6053]:=[ ,,,,,,,,,, [ 32236713606301601 ],, [ 530420299815823 ],,
  ,, [ 2138185541, 203726302313 ],, [ 502350311332200140518759373 ],,,,,,,,,,,
  , [ 143128868674808803, 147954853320298809630419486472731 ],,,,,, 
  [ 540227179888091, 61519772322874916459, 
      935751474711021096824038879650413647 ],,,, 
  [ 2540129014693, 552499731120097703433458066903 ],, [ 2770474687529 ],,,, 
  [ 393216825587, 1072166135367845986469 ],,,,,,,,,,,, 
  [ 28720359133, 227487972533 ],, [ 1145738917933, 934392877621381 ],,,,,, 
  [ 402902335090216780340600030787591282593 ],,,, [ 2977917643 ],, 
  [ 41600733601726843 ],,,,,, [ 898750430282743, 173385690075897584321 ],,,,,,
  ,,,,,,,,,,,,,,,,,,,,,,,, [ 142077527555552989, 287530085394540271 ],,,, 
  [ 112798716766894523 ],,,,,,,,,,,,,,,,,,,,,,,,,,,,,,,,,,,,,,,,,,,,,,,,,, 
  [ 2984172969691 ] ];
