BRENTFACTORS[6361]:=[ ,,,,,,,,,, [ 1181926307, 5059117933 ],, 
  [ 11830457193473179 ],,,,,, [ 305584999229 ],,,, 
  [ 184133032194029, 36238726890237876148913 ],,,,,,,, 
  [ 15297568513, 352737852537943553, 12666091617807969841 ],,,,,, 
  [ 1440211654582553483 ],,,, [ 28465628974649, 1448344423958148664409557 ],,,
  ,,, [ 4843641987817909, 105804894725124520125677 ],,,,,, 
  [ 9132695743273, 23271659071070216469227 ],,,,,, 
  [ 163868315896274537, 120818805182959830731 ],, [ 5426782378868909 ],,,,,, 
  [ 2161288949, 10690267702416007, 173495373445797659 ],,,, [ 12338753299399 ]
   ,,,,,,,, [ 4213413066349 ],,,,,,,,,, [ 15224676973147283 ],,,,,,,,,,,,,,,,,
  , [ 2098998835935489791 ],, [ 75077941482970326253 ],,,,,,,,,,,,,,,,,,,,,,,,
  ,,,,,,,,,,,,,,,,,,,,,,,,,,,,,,,,,,,,,,,,,,,,,,,,,,,,,,,,,, [ 67315186231 ] 
 ];
