BRENTFACTORS[848]:=[ ,,,,,,,,,,,, [ 11320293791 ],,,, [ 1166689302263 ],, 
  [ 130224263953129 ],,, [ 37959913333 ], [ 37871059907 ],, 
  [ 112946948017601 ],, [ 920858926493139499 ],, 
  [ 273270134098673, 12289539427132539605021 ],, 
  [ 1175926371626658502808270902463792783 ], [ 18164199233 ], 
  [ 317580930869203 ],, [ 49091992625078501243312500979902901 ],, 
  [ 1578767198524191073 ],, [ 124624470465261355608041543977 ], 
  [ 226371448321 ], [ 77502699013, 12294393926467799339 ],,,, 
  [ 115638074641 ], [ 20986361998963 ], 
  [ 15574446052163350296761, 2114253950143065375234041918175310089963765583248\
7 ],, 
  [ 31283166730911361882099548977358629, 553898726597133526823520114748845739 
     ], [ 482516749076851, 1622773366889393651 ], 
  [ 2597932222956081254155933, 580054157606737149037136719 ], 
  [ 2968216500341, 15310184482565129 ], 
  [ 4815567196319046261943, 406636869081450541951430551, 
      5472216451769933261357122349 ], [ 30365716972753 ], [ 5361755394491 ], 
  [ 121524118413097, 8703785984196219673 ], 
  [ 56741762296633, 1369484656197561165169, 14853594725902684024711 ], 
  [ 7785724890553 ], [ 10338503921, 3412998136944005354433977 ], 
  [ 4998764581, 5821778341 ],, [ 2389912699, 40910451319 ], 
  [ 73805570847985283891011, 1143971738412648786259669 ], 
  [ 13606044154489956289 ], 
  [ 411012843931, 391720605126218551, 924932179895684443081 ],, 
  [ 4495695360251, 2370938785870413791, 208575543582847490869219831 ], 
  [ 22147898102413 ],, [ 253786871623306504519525373641 ], 
  [ 4509351867421133 ], [ 5494189340242818289 ], 
  [ 18587704717, 366442743965040727, 8556007983106644792553079709277, 
      74828557885039259654919587973617 ], 
  [ 21761850374969328912668518354364653 ], 
  [ 5121304465563448833818173827172248020448478415491857151 ], 
  [ 537614546016223764659209, 2084110062948563784481738169 ], 
  [ 23162331809, 1258847339419363 ], 
  [ 6097980487, 11947954962061, 2519642597183011 ], [ 126537902401 ], 
  [ 4643764001, 20978824166820886321 ], 
  [ 2142793797358069, 6740243736816582670249376390269 ],, 
  [ 458232163457394064956341 ],, [ 266267292131 ], 
  [ 379163366789, 503148631884196097, 4987443403596522156546005450537 ], 
  [ 4124594287554001, 26356672325199283, 1371509376816725677 ],,, 
  [ 2442581101 ], [ 6013424509 ], 
  [ 61066547866283749, 1627978928286150823302165556216192463053590377 ], 
  [ 52983597045439625406220402055377069 ], 
  [ 22591592273, 187427180398489, 237705278447934971, 12345295339572216979, 
      18611001140959937395762463 ], 
  [ 118646379114041, 5780183851446810209281 ], 
  [ 29276669377, 4298581464097, 1900008942530977 ],, [ 2746860540271219 ], 
  [ 845514254166939219310543657 ], [ 78660043801 ], [ 394171619472913 ], 
  [ 37112544816837187 ],, [ 3002986138094231017 ], [ 17329114808221018531 ],,
  , [ 40419789603430545151561 ], [ 14146808849351 ], [ 108280451731 ], 
  [ 34855426351, 8208297071318653 ],,, 
  [ 2166894744542133799, 30362826978242642677711 ], 
  [ 4461263816818341514166821 ],, [ 441053855785043749, 3043581566110548373 ],
  [ 105957316363, 245494965600561590947321 ], [ 2665043281334713889 ], 
  [ 3212991753555309539550361 ], [ 31213011579707 ],, 
  [ 16019689003, 70034219701 ], [ 71255245508151465667798709 ], 
  [ 1140907996001 ], [ 942798826336831759 ],, [ 2073717754156033 ],,,, 
  [ 5295032691224299981 ],,, [ 4521181526821, 10287520122847681008314101 ], 
  [ 20308211909447260062041 ],, 
  [ 1161539044801, 6539221784307013, 13360562472604783, 626488418338461625153,
      314074953464030975290375934299 ],, [ 490958220761, 40012418808041 ],,,, 
  [ 8705476692004289020477740017116080769 ], [ 138594391841, 72748629975761 ],
  [ 4708499563, 15756413776712703971491, 1561367942228808357404471, 
      689035688285973842439673737396521 ],, 
  [ 1919020660621, 330688928887937153 ],, 
  [ 183049465559485397496484361423581679955457707610570051 ],,,, 
  [ 402923263954970098187 ], [ 19373458061 ],,, 
  [ 1618799587, 4649720618143921, 17826805912514237 ],, 
  [ 142561202413300295207932001 ],, 
  [ 1580609359387767187, 16981396387266799598518561397941 ],,, 
  [ 1637677471, 52039909553132491 ], 
  [ 3695836451, 2217965439941, 112514696092294375981753 ],, 
  [ 2033774085259217822137 ],, [ 172731692248441, 4387809588689930101 ],,,, 
  [ 328832196375038805459136447 ],, [ 483090427735181021414033 ], 
  [ 1296665241349 ], [ 93165162977 ],, 
  [ 93104505570961, 8616475837607116663193382096078951361, 
      629263539741340755416604688771678824061 ],, 
  [ 205879922899194831671847373 ],,,, 
  [ 19796477737, 140255231828708573844563377 ],, 
  [ 16410167689, 724309018253201, 31414406040373298933 ], [ 5093914393 ],,,,, 
  [ 1098903452850079 ], [ 14035548121021051, 10859620575223149678001 ], 
  [ 17407389383833, 335590247427357413 ],, [ 20767077476166904741 ],, 
  [ 104182200912152726201 ],,,, [ 2810692927837, 2428593703892763157476769 ],,
  ,, [ 337241331233 ],, [ 12844686836456610241, 217015077715730086218091 ],,,,
  ,, [ 20403621138755538339867073 ],, 
  [ 41385211561, 66765516031, 330975734017, 680112398487556159 ],, 
  [ 8436844689734561, 256264472855089310587361 ],,,, [ 102600503713 ],,,,,, 
  [ 11411364901, 313702840393616854663752161 ],,,, 
  [ 1380806143013027953, 12444299628455119699 ],, 
  [ 1588798021, 3535646904736690829 ],,,, 
  [ 2694240961, 781191828061560481, 1890289554427652173681 ],, 
  [ 2903996129, 266041664785711, 2855848819402217, 139139838973955909 ],, 
  [ 200699806849, 5914426966190818550521 ],,,, 
  [ 828890927993, 453794312841577 ],, [ 6139712548243751 ],, 
  [ 21163830091993, 6038597905791970933, 424088946087893043288157 ],,,, 
  [ 2323265537, 184391461632769 ],, [ 297702251128627 ],, [ 41746247401 ],,,,,
  , [ 22265414291 ],,,,,, [ 2325689761 ],,,,,,,,,,,,,, [ 7749337141261 ],, 
  [ 8096284072086897889, 22572603189126175057057, 996511952008731739854817, 
      22164457865204329312662531361 ],,,,,, [ 2648172283965876257857 ],,,,,,,,
  ,,,,,,,, [ 553625882021 ],, [ 573207639889, 11177571487993 ],,,,,, 
  [ 3591851355194100421 ],, [ 831549802241 ],,,, [ 175217926955077 ],,,,,,,,,,
  ,,,,,, [ 520072484998181, 21718695246381901 ],, [ 35732589315679 ],,,,,,,, 
  [ 1767897251 ],,,,,,,,,, [ 40616607601, 139429938601 ],,,,,,,,,,,, 
  [ 200508293181211021 ],,,,,,,,,,,,,,,,,, [ 142923676125751325221 ],,,,,,,,,,
  ,,,,,,,, [ 40724843953 ] ];
