BRENTFACTORS[779]:=[ ,,,,,,,,,, [ 2013375101 ],, [ 1763991181577 ],, 
  [ 221786486371 ],, [ 4743049661027641 ],, [ 2716463735368997909 ],,,, 
  [ 106558087913 ],, [ 210344820670218409976551 ], [ 341095242619 ], 
  [ 40919891581, 1409872858303177 ],, [ 48171873263, 5096720021251 ], 
  [ 2023827991 ],,, [ 27971499570603733, 20523095790301339687 ],, 
  [ 1229203467926162833603742531 ],, 
  [ 247653194101754966453, 74910266177233269508214051 ], [ 12786547531151 ], 
  [ 26506536709808377 ], [ 1939504561 ], [ 1452355175551717 ], 
  [ 2357386517263 ], 
  [ 10679222985646122301200087045687226747, 8561439601239477931851443711152421\
312483 ], [ 1946457217 ], [ 486828968377154717641786111 ], 
  [ 1597045711, 356248862587, 1868157221461 ], [ 19710508666729 ], 
  [ 515618320884193 ], 
  [ 1602723851, 168897507983, 157147626830625440367737, 5022195533520817326172\
6506379 ],, 
  [ 4762418863, 157256659309, 1358326199143, 12524297163997, 34235679526723972\
9 ], [ 59211159281 ], 
  [ 9664090154012677794997453841, 87688337490757671727584738026399452468818854\
7122747 ], [ 1657902563471971 ], 
  [ 69394367461, 2794343992991, 4175770177196531, 82843447201631715611 ], 
  [ 69440440218582573390321344393 ], [ 94569338084990983 ], [ 21369097181 ], 
  [ 34114464276163 ], [ 22098521871271921 ],, 
  [ 106932885830577097, 20679629754941620175809 ], 
  [ 47968928061139, 1879245285124153460473 ],, 
  [ 108432251700668221, 1083281658642074191 ], 
  [ 25512410689393, 1480051724021743014979 ], [ 4050527077, 7297617403227581 ]
    , [ 80636817318210896800404448693 ],,,, 
  [ 40425663267855199899370622544337 ], [ 25955568878170262971 ], 
  [ 395138394443999 ], 
  [ 78456504151, 1541893404508677326833070630401, 1892734817453164519654249138\
06051 ], [ 321969578774329 ], [ 2240003990687, 3545351235119 ], 
  [ 11769989187919, 1737478115947207880854843 ], [ 1910395571957828664341 ],, 
  [ 2232038269 ], [ 200367368400222086235375492627056092152106779721 ], 
  [ 3097538089, 160344165923186064871, 9090868116428059507129 ], 
  [ 1335630105618159851342641 ],, 
  [ 607773830653039, 44575094659946947392496162986394223 ],, [ 1759686809 ], 
  [ 2409935199689, 7251956384357 ], 
  [ 27225481411, 167964867181, 5143411388161 ], 
  [ 2847358333, 7869598131830336889887596333547 ], 
  [ 467485866261677608851277 ], [ 9770525846101 ],, [ 261396387728460894881 ],
  [ 221263412511831999553, 24573621615818879506183534184478721 ], 
  [ 17963616241, 8656301532643 ], 
  [ 2703008926042541072153, 21048080576662995869257040449028536203149 ], 
  [ 4803042047959, 24802263356040431487593929 ], 
  [ 1378865401, 60463450487858202101, 67692245818821911201 ],,,, 
  [ 1927562492348194858923965690522703069895736266393 ], 
  [ 326048195881471561, 4982585172114601619162209465621 ], 
  [ 535462528220317825183157, 6052924456496413320483507263131, 
      2925840552531414538610258171109779 ], [ 1041133981683161 ], 
  [ 912082668337 ],, [ 2230943561429441 ],, 
  [ 847016803361, 12882453347999642889329 ],, [ 178330835630177341 ],, 
  [ 32872670814281657, 1568368564827929138463901 ], 
  [ 3686130159620001035671 ], [ 16701066715075623321303086888633 ], 
  [ 29080900681694149, 1886696934600628873339 ], [ 12952034401 ], 
  [ 2562832999 ], [ 6095073763, 102257116859, 6778666802203 ], 
  [ 20358519169, 585717953651970575959 ], [ 140079186162275193237908209 ], 
  [ 5155006751 ], [ 30709859519898469 ], [ 1007375327131, 3311531820069673 ], 
  [ 35705840606593 ], [ 52760617800318497643757 ], 
  [ 494079795403181494391, 4311075407648674968811 ],, 
  [ 242965438376233, 495469556707857654081193 ],, 
  [ 60591790386637057, 479386252655133966127336069 ], 
  [ 357375210151788091, 949905334740845403091 ], 
  [ 1431740837489, 103088128984001982761 ],,,, 
  [ 4582147677661, 25619351361521, 4054310975053501, 72051581387194827458461, 
      121786737846458674654045509178541 ],, 
  [ 15114437387690021, 632635344759269702941502097883 ], [ 18210082458569 ], 
  [ 157759921021226113 ],, [ 6545174599, 2546502871285689624657871 ], 
  [ 5180550213049, 9194545597961262944371, 11722985640066954067717183 ], 
  [ 1324040680769, 1672181109850387613, 43879230223272762061145953429 ],, 
  [ 44188549651, 289127106966339012601, 3514242375134502043422774130882801 ],,
  ,, [ 1869013665764732876304342043 ],, 
  [ 731546633069928864725667865077112537 ],, [ 17818193093 ], 
  [ 1004384274253 ],,,,, [ 2404599161 ], 
  [ 184581465819397624891, 88436289969222655543381 ], 
  [ 890072255789851, 34557809487223177 ],,,, 
  [ 110682145481, 21334618441189021, 11896047708730801692331 ], 
  [ 4212255770316389143 ],,,,, [ 53833898285834630441633 ],,,, 
  [ 883726423060861, 17030174579538393891466081, 
      12931206891778089909989539921 ],, 
  [ 107101241339, 187534724661000938794301, 4720280999545727611953766004197 ],
  [ 2323755451627, 27154424764485631, 298557461185414927 ], 
  [ 375212223050955810809 ],,,,, [ 3626671861, 6530706001 ], 
  [ 34475721541, 1386311144831365754671 ],, [ 25925701441, 588059646337 ],,,, 
  [ 143951220197 ],, [ 21635793328197719345374261 ],, 
  [ 44205146951594281628401 ],,,, [ 18470116957, 12499073927392228789 ],,,,,, 
  [ 2307780009781, 4003672761649753918804015351 ],, [ 712686572593 ],,,, 
  [ 6072577186969 ],,,, [ 66541588741, 3437509250927958065201 ],,,, 
  [ 37660563361 ], [ 1505536651 ],,, [ 2030173103089, 1168555054072189657 ],,,
  , [ 407739905088310481 ],, [ 94070535849377770281628537 ],,,, 
  [ 11951869483, 613264169981, 60691263918041 ],, 
  [ 4483431361, 207700223134913658192269761 ],,,, [ 56730476533 ],, 
  [ 1519594793324953, 15550533239251746244087 ],,,, 
  [ 47538276251, 9110591020602251, 248396022721244085643181752463162501 ],, 
  [ 9937690309, 10552305961, 32096377657 ],, [ 785277295331 ],,,,,, 
  [ 2162557072001, 1985091553019767911941 ],,,, [ 346577728554458563801 ],, 
  [ 32402425049 ],,,, [ 4771187011 ],,,,,,,,,, [ 183290470935878578033441 ],, 
  [ 4034197557802215299029 ],,,,,, 
  [ 25206229433210689, 6136670371169231809036132897 ],, [ 132358705991 ],,,,,,
  ,,,, [ 4691703495668701 ],,,,,, [ 3324746718506683 ],, [ 709455427297 ],,,,,
  ,,,,, [ 15712600140907 ],,,,,, [ 112428816113657737 ],,,,,,,,,,,,,,,, 
  [ 2540270561 ],, [ 46900612207, 76913819137 ],,,,,, 
  [ 53135214157, 328204686769, 13977759296864521 ],, 
  [ 1771053551, 2599005151 ],,,,,,,,,,,,,,,, [ 157083049927 ],,,,,, 
  [ 1289199853, 18152812261357, 214553465687797 ],,,,,, [ 44836982809062319 ],
  ,,,,,,,,,,, [ 98078999461, 9453019676433061 ],,,,,,,,,,,,,,,,,,,,,,,,,,,,,,,
  ,,,,,,,,,,,,,,,,,,,,,,,,,,,,,,,,,,,,,,,,, [ 11540782177, 4742125436203 ] ];
