BRENTFACTORS[219]:=[ ,,,,,,,,,,,,,,,,,,,,,, [ 2338504160090811444100937 ],,,,,
  , [ 385387078169, 4387217562961, 2908143290675115539 ],, 
  [ 138336983092713029 ],,, [ 17892485857 ],,, 
  [ 60261341920376448473935220669219 ], [ 2102287626287267 ], 
  [ 268783113195982477 ],,, [ 6208022563 ], 
  [ 531078089496452258971520818423337 ], [ 64021486234553 ],, 
  [ 3093362737, 23087200361 ],, [ 18745714657 ], [ 4079543885239758349 ], 
  [ 1373493151 ], [ 35510103965413966321 ], [ 68861842349, 5513355430627409 ],
  [ 73214494358503, 1395768503942111271139452352642781 ], [ 16996190079367 ], 
  [ 154004645741, 49040398885501, 2413166801042927603081 ], 
  [ 2441646313, 19412420329, 101755576123937 ], 
  [ 20718105672030259, 13608451766923346463664399 ],, [ 5285908623221 ], 
  [ 4972590204061 ], 
  [ 955524768364513, 272300492334074999, 23889102495354646938568919 ], 
  [ 7866208151082049979404301 ], [ 15246383797 ],,, [ 6615232691273056423 ], 
  [ 26680676753, 6228708179227115685610319 ], 
  [ 2415941537, 3780661991077, 192748902622673129 ],, [ 33745355981 ], 
  [ 532421250454022366251, 5281891767955470540154555943 ],,, [ 8781219889213 ]
   ,, [ 1624019377 ], [ 70447597881208284670482581341 ],, 
  [ 802736746609904933 ], [ 19194028611761, 35484481463457535530943054801 ], 
  [ 17713847404284748363, 19367303606923525594849, 7191659551059504699599539 ]
    , [ 13739955179, 85914825659881 ],,, [ 57296984791, 1764578585557981 ], 
  [ 174295027311118966424130363986130343042247 ],, 
  [ 915122662834535475455005717039336396177 ], [ 230040166331 ], 
  [ 5674403611 ], [ 10764119932313203, 4430520047254657676603557 ], 
  [ 12145935749211233, 6431130982386779914121 ],, 
  [ 55487806333820082225101363171689979970121392511 ],, 
  [ 54598775137, 347567464416400062428353 ], [ 3215908901, 1246675263101 ], 
  [ 198175063028797, 720890828300730897881072785080599 ], 
  [ 626533178397262093 ], [ 137362089782808787220738201 ], [ 1085903099639 ], 
  [ 411290195127466534630747 ], [ 2866102484131 ], 
  [ 7287954337, 48501419299742279876617, 168939967286160096912157843169 ], 
  [ 46454292151, 179098767028507400583572837886772554064477749121 ], 
  [ 2473938241, 28034996156603, 184786446880092059603, 
      12606716513785059303817130621 ],,, [ 477101384063 ],, 
  [ 2049717343, 1434642669157651, 2432143791309316213011431525269 ], 
  [ 177982574449, 26626779513713, 66989424994198611712799377 ], 
  [ 25494404827 ], [ 24434914857849841489, 12588591047211014387113 ], 
  [ 2697499673041, 24011389964561 ],, [ 3008964878281399695841 ], 
  [ 4236271037, 81481421479, 378142591109921447, 430933550296468301723641691, 
      806627166511222223217359977 ], [ 238582244867 ], 
  [ 6571845610081, 28417843055669521150681 ],,, [ 887723039743767535687 ], 
  [ 819190486417383810443261, 6760189045720512146852133349 ], 
  [ 186002797751, 18784904268001, 273467688961751 ], 
  [ 31212792451, 1645151719051 ], [ 5250734737, 292719107729 ],, 
  [ 10841906653 ], [ 21668512225181072401817157977664881 ],, 
  [ 701330453542603684082436781 ],, [ 87117861263, 5526568217610363208755181 ]
    , [ 38213645711981317865352046238401 ],,, 
  [ 6725372172814485142425511, 46228286172680627783636072157253 ],, 
  [ 190211258497615648994681, 349499505335501135532631141 ],, 
  [ 2631711703, 7659586927, 14095525489, 467331482833656164864744257248719 ],
  , [ 6179675192820334942129 ], [ 59133505021 ], [ 930555572677 ], 
  [ 154348212955700821, 3468391111364444959 ], [ 18690137829917 ],, 
  [ 1707810511051, 3126574454970395212109946001 ],,,, [ 15634930513973 ], 
  [ 356483850551 ], [ 18564796860949 ],, [ 2450700713 ],, 
  [ 7612904280481, 1250430804109132801 ],, 
  [ 1824553351, 1557604693652494019794105407751 ],,, 
  [ 172763050921787840911 ], [ 737068827524310997 ],, 
  [ 735940589126037851954550148164097913336274937 ],,,, 
  [ 376328459430637349261 ],, 
  [ 130272545185163870933641, 817954952360623058187541998361 ],,, 
  [ 20131208322398227 ], [ 18183786869 ],, 
  [ 4523415166441, 390427026098260763179560780703719901 ],, 
  [ 685469376718048660448257 ],,,,,, [ 32457176841961 ], 
  [ 16272646247467, 202245988059669457 ], [ 108810310489560951940015643851 ],
  , [ 10897327489, 14329368357313, 99032712770852002473456639652487702209 ],, 
  [ 114400229607053249609 ], 
  [ 43216425331, 520837891081, 11950160332111, 507739359181861 ], 
  [ 14448407737, 4307562568458950129490182312245249 ],, [ 1668317113 ],, 
  [ 3989320766201, 33361129452601, 3022463295967201 ],, [ 933021648434311 ],, 
  [ 16287773250961, 7263739281200089 ],,,, [ 1781895365679521 ],,,,,,,,,, 
  [ 88589221104751 ], [ 3822800053 ], [ 295820378261 ],, [ 15459292811086669 ]
   ,, [ 496971036000097 ],, [ 3946632115232783 ],,,, 
  [ 85832506301, 219587809841 ],, [ 1675439737 ],, 
  [ 3193678333, 63371184427332757 ],,,, [ 67048308679729733388122371 ],, 
  [ 328113950991601, 124881783563375308801 ],,,, 
  [ 143612389793, 15873911281069, 498932406650410349 ],,,,,, 
  [ 100529757001, 18386155263926205001 ],, 
  [ 1656675343009, 2436152071833016489 ],, [ 5705461793 ],, 
  [ 13430551996037377 ],, [ 11069527669 ],, 
  [ 1061770666841, 2428014833141, 14337376854166469221 ],,,, [ 3859464883033 ]
   ,, [ 110590001411 ],,,, [ 26981864038711 ],,,,,, 
  [ 9599377461673, 29588839581206339430352981 ],,,, [ 93980399434288409561 ],,
  ,,,,,, [ 25539113867780810989729, 252076992610101679246753 ],, 
  [ 1220668024651 ],,,,,,,,,, [ 386573230800056701 ],,,,,, [ 5442109257457 ],
  , [ 717362944822197829 ],,,,,,,,,, [ 2983503667 ],, 
  [ 2439817921, 123565365400909441 ],,,,,,,,,,,,,,,, 
  [ 25927613713, 437955149857, 10503926207713 ],,,, [ 2867683554301 ],, 
  [ 36760828231953073, 613923294063318571 ],,,,,, [ 5880893457589 ],,,,,, 
  [ 523908717313 ],,,,,,,,,,,,,,,,,,,,,,,,,,,,,,,,,,,, [ 231631361730991 ],,,,
  ,, [ 55780391701 ],,,,,,,,,,,,,,,,,,,,,,,, [ 4486111141 ],,,,,,,,,,,,,,,,,,,
  ,,,,,,,,,,,,,,,,,,,,,,,,,,,,,,,,,,,,,,,,, [ 796660028641 ],,,,,,,,,,,,,,,,,,
  ,,,,,,,,,,,, [ 207602974443721 ] ];
