BRENTFACTORS[4889]:=[ ,,,,,,,,,,,, [ 2720369263, 4561295597 ],,,, 
  [ 406864546772969 ],, [ 7810506424593557 ],,,, 
  [ 418887060149, 324699820462097 ],,,,,, 
  [ 261764365872914130301, 9035247650492807900293 ],, 
  [ 1192632359722637, 12335792493920509, 13792920144831856567421354113 ],,,,,
  , [ 4698204415368947493746640703 ],,,, 
  [ 371826413393, 11076146112299, 139972164620048831881553145343 ],, 
  [ 57638780767, 12122710198669805796323052064347281695525702539990369211399 ]
   ,,,, 
  [ 309156640592822810559253037, 277947860074299408501360618720904708948097383\
7747 ],,,,,,,,,,,, [ 14392058131531, 2155658625357922221293 ],, 
  [ 415528239402938610881 ],,,,,,,,,, [ 224645005787 ],, 
  [ 1024738961, 27774109543, 332670574042273, 88193464306346951 ],,,,,, 
  [ 2963769805553 ],,,, [ 16537968619496201749, 13712681290922232004417 ],,,,,
  ,,,,,,,,,,,,,,,,,,,,,,,,,,,,,,,,,,,,,,,,,,,,,,,,, [ 64148573669 ],,,,,,,,,,,
  , [ 39049349629 ],,,,,,,,,,,,,,,,,,,,,,,,,,,,,,,,,,,,,,,,,,,, 
  [ 1016577707 ] ];
