BRENTFACTORS[7393]:=[ ,,,,,,,,,,,, [ 2575409149 ],,,,,,,,,, 
  [ 1034672467363796669559142157 ],,,,,, [ 2970372448986095339 ],, 
  [ 1937485307, 371491618291 ],,,,,,,,,, 
  [ 5021547412563527, 141475963901148603030339467, 
      2253098000705997602641567096395981635592623 ],, 
  [ 661907068045876514724372619 ],,,, 
  [ 49882524212132539069973079791587547459211105653 ],,,,,, 
  [ 123305332014870977 ],,,,,, [ 38867422736039 ],,,,,,,, 
  [ 535754163467, 596048846213 ],,,, [ 123975456300769807 ],, [ 4042700581 ],,
  ,,,,,,,,,,,,,, [ 39477088611533, 50325618546032504441471 ],,,,,,,, 
  [ 4917714343, 32330629621 ],,,,,, [ 5367227413 ],,,,,, [ 12514137888757 ],,,
  ,,,,,,,,,,,,,,,,,,,,,,,,,,,,,,,,,,,,,,, [ 585914000671 ] ];
