BRENTFACTORS[970]:=[ ,,,,,,,,,,,,,,,, [ 50595773219 ],, [ 112448464769647 ],, 
  [ 7375717021, 4163752358431 ],, [ 1421545559119780699421 ],, 
  [ 35545018485451, 6960012249736305601 ],,,,,, 
  [ 210161848447, 310968401966078973383 ],, 
  [ 252511136329, 75180794072745980918443 ],, 
  [ 238415868659291, 8066240697930101 ], [ 21226472569 ], 
  [ 92270199143, 2806046237353 ],, [ 2406623496517423 ],, 
  [ 45861725042553011493197, 231895196438465672175562841 ], [ 926610857467 ],,
  , [ 21418046702704677669211 ], 
  [ 51713625869, 10111743029579, 22823537626694297 ], 
  [ 1877062783, 378968429409569, 5939066162740663, 
      88514253290479106908905805523656570703 ], [ 20631986004911234257 ], 
  [ 3390389166067, 2828146948274060284873, 
      617059290351736426162501386914893928131 ],, 
  [ 183584402065820659669, 4833063787321901564539 ],, [ 101526198283687 ], 
  [ 151090062157, 8909738792659 ], 
  [ 1390988831, 5664722633745769530971, 78877634873522049500431 ], 
  [ 5687502521, 7720816078147369 ], 
  [ 774079061054107, 94761257885029303, 1411225043413035211 ], 
  [ 1419537450701313845761589 ],, [ 3603182101741 ], 
  [ 25761108288273504124105628683087 ], [ 31342356393425271813651640484939 ],
  , [ 2626941313, 16309230224049832129 ], 
  [ 152316097228350498927240511, 109851656610908646514604412968389229908086987\
44862631 ],,, [ 50328479737, 85760587063841, 8483348937037376729 ],,, 
  [ 1147681754393, 777319112878963, 580373391356320932989, 
      698483476238100813901, 1317647600244858121583 ], 
  [ 5351306473, 123054505273760128166561761 ], 
  [ 24671498729, 97231137945961, 106582685343950908717 ], 
  [ 1205574306500513508113690143 ], [ 4496783532337541551 ], 
  [ 4761988669233201737, 13277807758888722192815017 ],, [ 349259289913 ],, 
  [ 9700398794852401, 456113052658080762520613625361 ], [ 8011945076419 ], 
  [ 52306235922817, 7391953835565694465141873 ],, [ 4541366593, 6250525849 ], 
  [ 120638347801, 14223151423446191 ], 
  [ 59527361063, 121684149266765141483380830339751 ], 
  [ 78380629861, 157178437822694316601 ],, 
  [ 206957725174867, 33162980153335897, 16576977800868543231284747 ], 
  [ 42513438155955641297479711 ], [ 280560768853, 680152511103157 ], 
  [ 2932425007446697981, 67793374525331483481443954024373465616628674070041 ],
  [ 328339700247391669, 654750042966737859367, 434570540075869745158201 ],, 
  [ 21550851271, 53518406902951, 8126114155737083011942496521 ], 
  [ 35054978243713, 384105775676641, 11952956694149499836474497 ], 
  [ 68063633542354559 ], [ 2112010349 ], [ 283771416853 ], 
  [ 449183558101, 8585899600484362548901, 1297078481507846065786592720130901 ]
    , [ 6085222327, 278946888538629384728813 ], [ 17467553201141528747594179 ]
   ,, [ 19728993131277187889 ], 
  [ 12765455736496832881, 54949804971986643811, 164725185357360613845861984242\
29798413104316601 ], 
  [ 5033163431831891610279469, 150222281693888063023822599133 ], 
  [ 374672040763201 ], [ 299572189763289709993561 ], 
  [ 88694537369, 1327356803587 ],, [ 4735187007984699616035841 ], 
  [ 12329272369, 31196215793, 1544032193749921 ],, 
  [ 17157479760679, 21024444311384884171, 10885729451911829465653 ], 
  [ 145045235797333261573845251 ], [ 8650131086501784642030613 ],, 
  [ 511414510977697 ],, [ 3333995761, 171623747787221624652548750396116394161 
     ],,, [ 4271682513499, 3622466351319423525007 ], 
  [ 1486290326813, 18422527503372389 ],, [ 3648381847442847285359737933 ],,,, 
  [ 46798526353393843405923012325949270043985842631 ],,, 
  [ 6322272041, 162771168015552139 ],, [ 603614326591 ], 
  [ 152981408569481, 536066451949876769928066481 ],,,, 
  [ 6892185226199089190992755101682208514051907702616801 ], 
  [ 270926923798471 ],,, 
  [ 73080506797090848401670168397223830764571336187905713923617 ], 
  [ 399416156462790871 ],,, [ 65279171980096457052121 ],, 
  [ 354827748151, 10596201084501916559368051, 824499749458768730095781551 ],,,
  , 
  [ 462562849982003, 21199530446730675846066107, 1637068717808793366373105523 
     ], [ 81873795271 ],,, [ 8198789377, 118727744604273172602737 ], 
  [ 76126026997 ], [ 1006914518633738554180801 ],, [ 46773463447 ],,,,,, 
  [ 6304128350017, 49281102793777, 
      8040915875881968002803990230395441128456998841 ],,,, [ 1066375577 ],, 
  [ 896600771843053 ], [ 6517795901, 566815656751 ],, [ 18431868097 ], 
  [ 1528478912041 ],, [ 1013418306620584609427069915622616155038245681 ],,,, 
  [ 1112709047623961 ],, [ 39022948767404208289, 70761703778769057739 ],, 
  [ 261726427801 ], [ 56526929699059 ], 
  [ 21118883874458911, 494518432527857835924987991, 
      105031595872193501384032558691 ],,,, [ 58316551456660253542729 ],, 
  [ 15921353813, 8592867437211653 ],,,, 
  [ 10820767318800601, 36595672586465388483994601, 
      2646792186454912090007097401 ],, [ 456366213635171129429 ],,,,,,,, 
  [ 634755926074972766748115768351, 
      79820918768939388766333235155689254456254732891 ],,,,,, 
  [ 2482665213293224633 ],,,, [ 415230407461, 50427225313041113023715141 ],,,,
  , [ 13504198051, 60667159951, 79996162951 ], [ 159548851621 ],, 
  [ 27705451009, 950099812549, 589847665135957, 3644311400838630877 ],, 
  [ 193332859501, 1688160047076942198061 ], [ 19434980797 ],,, 
  [ 126355641283, 59745009111285936721609 ],, [ 80735575693, 15341091996073 ],
  , [ 516630084449473, 3883961686273375687 ],, [ 1106623681 ],,,, 
  [ 182092479850013 ],,,,,, 
  [ 7494285751, 44918104998751, 1037386450307536597212001 ],, 
  [ 44054797173157 ],, 
  [ 41814568690991, 530139840131459, 1055634523905704741111 ],,,, 
  [ 395320995339619, 419296170467018001574327 ],, [ 7252453948278394124881 ],,
  ,, [ 696558175306753 ],,,,,,,,,,,, 
  [ 340082122157797, 53561262387923115650281 ],,, [ 1206461577914911 ], 
  [ 18173832041, 128344093921, 91364512564081 ],, 
  [ 84483931339, 16124910375035692777316248057 ],,,,,, 
  [ 10731265692684769, 374230067092933537 ],, [ 876028408351 ],,,,,,,,,,,,,,,
  , [ 4241743848534889 ],,,, [ 3887948081 ],,,,,,,, 
  [ 4938425839, 24436766287 ],, [ 1175104961 ],,,,,,,,,,,,,,,,,,,, 
  [ 8660366922121, 274007351755681 ],, [ 1070867323, 3180704109589 ],,,,,, 
  [ 63487957681 ],, [ 52752326201, 464403340473730351 ],,,, [ 3283754269 ],,,,
  ,, [ 140805453961 ],,,,,, [ 1232270761 ],,,,,, 
  [ 169973676031377553, 364141735542699768889 ],,,,,,,,,,,,,,,,,,,,,,,, 
  [ 4955336860717 ],,,,,,,,,,,,,,,,,,,,,,,,,,,,,,,,,,,,,,,,,,,,,,,,,,,,,,,,,,,
  ,,,,,,,,,,,,,,,,,,,,,,,,, [ 6270721441 ],,,,,,,,,,,,,,,,,,,,,,,,,,,,,,,,,,,,
  ,,,,,,,,,,,,,,,,,,,,,,,,,,,,,,,,,,,,,,,,,,,,,,,,,,,,,,,,,,,,,,,,,,,,,,,,,,,,
  ,,,,,,,,,,,,,,,,,,,,,,,,,,,,,,,,,,,,,,,,,,,,,,,,,,,,,,,,,,,,,,,,,,,,,,,,,,,,
  ,,,,,,,,,,,,,,,,,,,,,,,,,,,,,,,,,,,,,,,,,,,,,,,,,,,,,,,,,,,,,,,,,,,,,,,,,,,,
  ,,,,,,,,,,,,,,,,,,,,,,,,,,,,,,,,,,,,,,,,,,,,,,,,,,,,,,,,,,,,,,,,,,,,,,,,,,,,
  ,,,,,,,,,,,,,,,,,,,,,,,,,,,,,,,,,,,,,,,,,,,,,,,,,,,,,,,,,,,,,,,,,,,,,,,,,,,,
  ,,,,,,,,,,,,,,,,,,,,,,,,,,,,,,,,,,,,,,,,,,,,,,,,,,,,,,,,,,,,,,,,,,,,,,,,,,,,
  ,,,,,,,,,,,,,,,,,,,,,,,,,,,,,,,,,,,,,,,,,,,,,,,,,,,,,,,,,,,,,,,,,,,,,,,,,,,,
  ,,,,,,,,,,,,,,,,,,,,,,,,,,,,,,,,,,,,,,,,,,,,,,,,,,,,,,,,,,,,,,,,,,,, 
  [ 2763608833, 376207864237 ] ];
