BRENTFACTORS[951]:=[ ,,,,,,,,,, [ 1578798233 ],,,,,, [ 2189141399004671273 ],,
  ,, [ 10081887481 ],, [ 2624836419349054185588587 ],, [ 5779222584207901 ],, 
  [ 372221661853 ],,,, [ 34642928073421 ],, [ 508483063781692946563 ], 
  [ 11362997070370241 ], [ 87288311586414225063558819500261 ], 
  [ 146490633469 ], 
  [ 2961584750479, 342039996552990199651043, 28057282637478022988002869510161 
     ], [ 28386084401922133 ], [ 1308502651, 2659508749 ], 
  [ 1562876479519921 ], [ 140237287650871087, 18804531010816685136526120847 ],
  [ 242964348388147, 888543415098571 ], 
  [ 2618520691, 1332043848909247, 19695078466412482541, 
      7874950678983352492157771 ],, 
  [ 4918934879142372181, 4417521456515594756041 ],, 
  [ 13215901606739181716969712420767225287224779688355573121958804558119 ], 
  [ 2298078298561 ], [ 14941891637 ], [ 1259503201938644664101 ], 
  [ 11579271337, 1889830099984021017368966970071059 ], [ 71613382517 ], 
  [ 32191763637252297702137290964764463 ],, 
  [ 1906071400549031, 13049422812508066711, 944075269376852834024580151 ], 
  [ 115890207161 ], 
  [ 276453726091, 76639247471121025417, 13592983977921533178254927749 ], 
  [ 26618902771001, 300321602197604927211791 ], 
  [ 91673550744229511484989205254138971 ],, 
  [ 9083110655619311665439, 50835253113925041659443331 ], 
  [ 257972749426090912121786656673844823 ], [ 7071550848678065523859 ],, 
  [ 60693881866021, 88007917643231 ],, [ 12099319621, 8234985297173 ], 
  [ 112803820175424090094301 ], 
  [ 723623252374369, 4531926811444088834624116969, 
      1266848194641880347582924198298152463 ], 
  [ 50773324001, 12949206138751, 598368007867744517411 ], 
  [ 11817852589, 443563552089032279835647 ], [ 33106740913, 7192445153977 ], 
  [ 161118136652920224068710358623715287 ], [ 46510043564414106320670292699 ],
  [ 341032536360983251 ], 
  [ 1760313854468706307819877, 17502678183904857703712792996809 ],,,,, 
  [ 24209030710351 ], [ 177116947633 ],, [ 394331522098723730128757413993 ], 
  [ 1921014281 ], [ 77847875752406406569742780292777 ], 
  [ 455434990651, 463920059840389, 2373841609722328651811229229 ], 
  [ 83416916446117511401, 731674885808953598236326254753 ], 
  [ 3748278967, 9574337157467 ], [ 42610421701, 4800215338921 ], 
  [ 85943341303, 9524421334247, 1122123573662463373 ], 
  [ 6820185668363421362597, 14638320352320467321830365637731880375335453592709
     ],,, [ 11049955311573482441 ],, [ 47061852456929951569 ], 
  [ 14572675853, 5665431138675507051619219175563, 
      206199633333638316307462753386073033 ], [ 23820142912750445826912337 ], 
  [ 52896825301, 356502685394313262027339392376165914588401 ],,,,, 
  [ 4199011292491, 11332247640178081, 26013504891346679281, 
      59302292806098886350790768281089528005561 ], 
  [ 128279601097, 51651402489526788863316836657 ],, 
  [ 267673300375075629519856897 ],, [ 821874436743361 ], 
  [ 2318012113, 39281405497, 199938595933, 30414489226847973950689933 ], 
  [ 1051811153, 1359190673, 20564700668913084881 ],, 
  [ 1488108691, 6847685083, 65019534665065831 ], [ 509719124916498548452021 ],
  [ 3984209516613207709 ],, [ 113812544228302187, 2721486886124617327 ],, 
  [ 101975180401 ],, [ 41974870919 ], [ 31173503202319 ], 
  [ 4405076844179859723288421 ],,,,,, 
  [ 19416487484601871, 269582776342787311 ],, [ 611392909971365413 ],, 
  [ 2393441111891, 827934695792718991 ], [ 1155029221, 422286559737835898881 ]
    , [ 53312967641, 1662038133420051879497 ],, 
  [ 3977574423937, 4639938717679, 49304125757041545679, 
      23763226851655674654312704569 ],, 
  [ 27941012133301, 69796155440201, 35142106420244321, 
      21308166915444746428833667801 ], 
  [ 11315890423, 15368243113, 6696729226871311, 3598043391769745059 ], 
  [ 2354313250930863677786977 ], [ 1029488071327 ],,,, 
  [ 951210930011581, 1142183781130697551, 437005419693137852339413 ], 
  [ 81001934021, 13408571492713801, 33233794924637969, 760249419668503621, 
      93531726725474803896582867217969 ],, 
  [ 455630782659841801, 69843522026705971441898113676690020406404821451 ],,,, 
  [ 1785241546358887 ], [ 611637454261 ], [ 82087751929 ],, 
  [ 3810438917, 145503080851, 168634921109403931182125044903 ],,,, 
  [ 15442426117 ],,, [ 66080350381 ], [ 21892454663 ],, 
  [ 809533855371361, 3521619580194073, 2741788439832922620076838822374998601 ]
   ,, [ 6298146541912370734764221 ],, [ 3733329902768751222901501 ],,, 
  [ 365634661351 ],, [ 14207894611594213 ],,, 
  [ 13835851318890087661, 58409088372162021922543482340321, 
      900134533566119784965496597670242530391481 ],,, [ 63844194907 ], 
  [ 108175416374401, 21141810685311369775457 ],, [ 4634566462013893 ],,,, 
  [ 706617633329857256881, 5625935352219695861171 ],, 
  [ 353235674881, 41312310533807169410693569 ],,, 
  [ 98366020142911, 380116416458082721 ],,,,, [ 398645974565927401 ],,,,,, 
  [ 10527393307, 835424714781472099 ],, 
  [ 11451696049, 24197144606016103615297 ],, 
  [ 6673651769927101, 238449433684104672331, 13926606472485785697781, 
      25286704034701772847661 ],, [ 10459592665001 ],,,, 
  [ 1230981000841, 573869777284009, 386170197142503279243457 ],,,, 
  [ 1822672721, 2870105041, 91710374874361 ],, 
  [ 194625771409, 469498650402674083 ],,,,,, 
  [ 1044013141, 6929792557, 270385223899320469, 2815881742759266301, 
      56808002180047021120929589 ],, [ 4280826241, 33939212117752296361 ],,,, 
  [ 256998235339, 592948090529610259141387 ],,,, [ 3313940743499 ],,,,,, 
  [ 13002989849 ],, [ 1386807228684481 ],,,, [ 2530724170676983751 ],, 
  [ 390354120468901 ],, [ 3839797249, 73149463811 ], 
  [ 111077142181, 553809475808961481 ],,, [ 88141854511 ],,,,,, 
  [ 13066191259653313 ],,,,,, [ 1119425820541041472437331 ],,,,,, 
  [ 2297500453 ],,,, [ 13592557784401 ],,,,,,,, 
  [ 704996889851527489, 3796157212127645473 ],, [ 804306305221 ],,,, 
  [ 42484659384698605999, 6719048323847810983999 ],,,,,,,,,,,,,,,, 
  [ 214549578961 ],, [ 3126339841 ],,,,,, [ 793726244408197717 ],,,,,, 
  [ 1184808695041 ],,,,,, [ 27433469911, 34573104276900421 ],,,,,,,,,, 
  [ 2562280121 ],,,,,,,, [ 1680232583749 ],, [ 354309785582201 ],,,, 
  [ 1524479053, 23707244773, 2258034648301 ],,,,,, [ 1996544590561 ],,,,,,,,,,
  ,,,,,,,,,,,,,,,,,,,,,,,,,, [ 125656513093 ],,,,,,,,,,,,,,,,,,,,,,,, 
  [ 84416737107194521 ] ];
