BRENTFACTORS[933]:=[ ,,,,,,,,,,,,,,,, [ 2263673176420499 ],, 
  [ 198456871539853603 ], [ 85303588661 ],,, [ 925231786769973367 ],,, 
  [ 9601945169987 ], [ 1576973557 ],, 
  [ 116901784302375403, 272194555958435885513224901 ],, 
  [ 1479140209282951, 96075259122576771599 ], [ 32430813367553 ],,, 
  [ 237955833323770771180331754521 ], [ 2990594701 ],,, 
  [ 3588342577, 25171793224228951, 27841828087177058715463 ], 
  [ 286057347841, 4825693885841 ],, [ 12994220191 ], 
  [ 2148486989750333, 346123419268961409675726409, 
      5067919929162456426658147889 ], [ 68102888776826277588589 ], 
  [ 351413188001636041 ],, 
  [ 93102171933808814553984962287271429347874520348956915299 ], 
  [ 367791602463937 ], [ 2344149473821 ],, 
  [ 16092409479067, 233655596241559871388729571529901721 ],, [ 9600500137 ],, 
  [ 1253472881, 620456644501 ], [ 207681336241, 273548275841, 49824316944697 ]
    , [ 2895409963, 126845552109080239650223 ],, 
  [ 8162538202081, 175985136819962620027 ],,, 
  [ 19568424439, 894199798271699, 80162357377661477, 721728572829868717 ], 
  [ 444364810945399 ], [ 7789146948352890191071361089 ], 
  [ 2740142861, 6124825981, 7641182965759201, 180713656215826051982518113221, 
      33028522569610384257834317243469541 ], [ 6126831406743816943228212049 ],
  [ 646068008869106485840603 ],,, [ 18737860691759161 ], [ 141388803876191 ],
  , [ 9969633688370572216619, 1292997029948489983510076381017 ], 
  [ 12333317038781 ], 
  [ 102861181051, 2429660500395216830251, 21596716161033125610837178501 ],, 
  [ 246700841311 ], [ 3581866492526075053 ],, [ 404463873761 ], 
  [ 79188312529, 1006876201483502231252972818687237 ], 
  [ 18355779623, 627899665212719, 306522327226608957922068103645219258710047 ]
   ,, [ 332274079639993, 2820703807176529 ], [ 81031119310769163912001 ], 
  [ 64693239755194344838173069425881806044047723151854007908721 ], 
  [ 505758537631640826160805833079947 ], 
  [ 26528381177, 177582252593366613697 ],, [ 389626838011 ],,,, 
  [ 400776918474461 ],, [ 54108820162191603331896740998209793 ],, 
  [ 26349192773, 255288215002620929083530318811349281267 ],,,, 
  [ 2200555957, 63384677560339865348441863, 101627820793722609186061711 ],, 
  [ 4569018190673, 5869555552347761 ], 
  [ 245256911305211191, 2760518988307840791933259244583352252248921140544121 ]
   ,, [ 23756202703 ], 
  [ 2576989794961, 3059361340703261353, 51195457667749146385700954449 ],, 
  [ 1133490161, 15826965746207111, 75583182018928083853981 ],, 
  [ 260235970372561 ],,, [ 13742022254351 ], [ 62508037085244749 ],, 
  [ 3293190847, 516425854555357, 37324353733742357 ], 
  [ 7836655747621, 25134357029280319213 ],,, 
  [ 2339685548652480263505316014977 ], 
  [ 3361685203, 32507643499159, 1082987744390694480883 ],, [ 317701445251 ], 
  [ 284603191489, 1734584311983223 ], [ 19540632497 ],,, [ 18442780981 ],, 
  [ 7722468464497049779053770233 ], [ 24875356434419 ], 
  [ 3262014591383, 1981982173102146841 ],, 
  [ 4162277417, 968597754569, 107321838546520672404689510204201 ],, 
  [ 9168277997194576898108143 ],, [ 19807335101 ], [ 87442275826909 ], 
  [ 337257899092789, 5040841400974656455368582506091, 
      224897871749851587339105617236295722189 ], [ 2436501822928031 ], 
  [ 14399155989877607042345372331645553 ],, 
  [ 47134830472537153123, 3261147049979889772686280399721 ],, 
  [ 2223807003651706172726687057 ],, 
  [ 12620085755551, 3651135774617101, 6419872732375442010654601 ],, 
  [ 88660070462689321, 39476473376458144387057 ], [ 3162795807979 ], 
  [ 3005441237107 ],, 
  [ 1573775607139633, 56699418422627877781, 2178135149413109915541067237831249\
09878481 ],, 
  [ 4310996468767, 6238786912013, 152204517998765458489, 342493879921139797103\
2961311 ],, 
  [ 8765546401, 34295443571465441, 141671927582282972801, 17996075641255580586\
401 ],, [ 25702147639122152537406662713, 51110616258731093905700428588489 ],,
  , [ 14802823957351, 15562240465825985841691 ],,, 
  [ 747333354468289, 4806820906641479728264505800969619866849 ],, 
  [ 127716380259833201751736734001 ],, 
  [ 23904950718641, 15464000775091333, 11682325308459153980386338293 ],,, 
  [ 1291351601, 76026740381201, 90952576787101 ], 
  [ 11553337489, 40177393873, 4982289228401, 11483363868593 ],,,, 
  [ 173332136025706680021661847382961, 
      26857255639918225201798947995636546158402313495854321 ],, 
  [ 40645940237825833 ],, [ 2400537233, 301971271990436944397569 ],,,,,, 
  [ 63447546641, 304806116181361 ],, [ 4695663361 ],,, 
  [ 717945474719461, 1139979524110051 ], [ 8258175997 ],, 
  [ 859724504998285807 ],, [ 1813874712697318001 ],,,,,, [ 11632034612641 ],, 
  [ 109287200257, 1337870252161, 788336308811947169, 4892664520659033096577 ],
  ,,,,,,, [ 3014638601720833 ],,,, 
  [ 22491942881, 21990685272760496381, 2746975560383010860641 ],, 
  [ 768503173545246808459051 ],, 
  [ 2394007169, 223588583216993, 2294060588559937, 25566159170993729 ],,,,,, 
  [ 339988721383921, 9327698147373574811, 13742177109925898461 ],, 
  [ 9384893193953 ],, [ 3638866690090243 ],,,,,, 
  [ 9164392731841, 95924588909618641 ],, 
  [ 32097599995451, 227805087546186547 ],, [ 43132919630321 ],, 
  [ 79292887753 ],, [ 1204397737273 ],,,, [ 1593852339241 ],,,,,,,,,,,, 
  [ 21149994452680763343306337 ],, [ 754894547886571 ],,,, 
  [ 5610177451, 31091858895439711 ],,,,,, 
  [ 3677036221, 133400998148078702257 ],,,,,,,,,,,,,, [ 424671991621 ],,,, 
  [ 679640121637 ],,,,, [ 84440765599893587 ], 
  [ 65811194116637847230946046048201 ],,,,,,,, [ 684964167117077 ],,,, 
  [ 2685797713 ],,,,,,,,,,,, [ 689198628035557 ],,,,,,,,,,,,,,,,,,,,,,,, 
  [ 277884388933 ],, [ 185004251951 ],,,,,,,,,, [ 16838833724281 ],,,,,,,,,,,,
  ,,,,,,,,,,,,,,,,,, [ 3165114729661, 68670911599681 ],,,,,, 
  [ 87569887794841 ],,,,,,,,,,,,,,,,,,,,,,,, 
  [ 527272932061, 5937951995423164921 ],,,,,,,,,,,,,,,,,,,,,,,,,,,,,, 
  [ 612604908901 ],,,,,,,,,,,,,,,,,,,,,,,,,,,,,,,,,,,,,,,,,,,,,,,,,,,,,,,,,,,,
  ,,,,,,,,,,,,,,,,,,,,,,,,,,,,,,,,,,,,,,,,,,,,,,,,,,,,,,,,,,,,,,,,,,,,,,,,,,,,
  ,,,,,,,,,,,, [ 40169389667161, 1798619508685127831 ] ];
