BRENTFACTORS[698]:=[ ,,,,,,,,,,,,,,,, [ 3901428429083 ],,,,,, 
  [ 729629288400869956525778917 ],,,, [ 2082835464427 ], [ 8783421697 ], 
  [ 4390659068259278964444382033759 ], [ 1530903571 ], 
  [ 164640203921, 1062294033423417528540989911 ], [ 678791067527631169 ],,,,, 
  [ 17291778617, 8861603942473, 32415911612621, 44208530492909453225594648893 
     ],, [ 4310013726566809, 327082568815581697 ], [ 9496651384675986841 ], 
  [ 96382413564372473 ], [ 11807345551 ], 
  [ 5052823015816336597699, 1620501771967371926975940704053 ], 
  [ 4212135989115473 ], [ 40913474258484432539148338731 ], 
  [ 516955227797, 6334315245733 ], 
  [ 6678784881719, 10728314176054199, 52738872643494723023882559677394839 ],, 
  [ 880488793830143284082437, 735151294791105748525335934709 ],, 
  [ 81162161874341422065649, 192223787510956236061766287 ],, [ 1334700167 ], 
  [ 118184486671, 444055914384067 ],, [ 151322381449 ], 
  [ 88899512561023, 12511776998253876006905719414618142108413 ], 
  [ 1836263465129 ],, [ 127890587701, 1125339428821 ], [ 8026435993331671 ], 
  [ 3385168009 ],, [ 160213016490843673359361, 10637535138293128706343212929 ]
    , [ 67914714332704886004318157494520988741340788646296445281 ], 
  [ 25242531271, 72746360693821 ], [ 413273543355443 ], 
  [ 17942629589335289, 15811255510108689013 ], 
  [ 19231396963, 50846704763749, 832038025695035077364539063 ], 
  [ 34434881516888303501 ],, [ 813315585530018101537 ],, 
  [ 5418801867907, 569968952654447 ], [ 62854219910395882720386311301957151 ],
  [ 4732808800462929149 ], [ 36800120526709, 42935393771887 ], 
  [ 9068041636603 ],, [ 338512992649121 ], [ 559960080981607 ], 
  [ 58422516697487 ],,, [ 2512077145476067291 ], 
  [ 3168509353, 28913422913, 8493406420152695695267087157 ], 
  [ 1032689275987, 861280385762131 ],,, [ 552744470216843011 ],, 
  [ 31071971983853677 ], [ 6090618733 ], 
  [ 4519617703814791, 409179050642843009, 84970796141563164924341097105677 ],
  , [ 650479537988102828690733033697 ],, 
  [ 184438009183062727, 40397701018939188632050479406451257409243 ], 
  [ 1634408924737562227, 5265620074374759397 ], 
  [ 679669355672805401, 4756539520851199430515016915201 ],, 
  [ 763575235543, 9944184223246891, 145341004578382263294451 ], 
  [ 2285413525697 ], 
  [ 2278940977, 25788193393, 96123079951613832396151860371616090174227799889 ]
    , [ 184157487617461 ], [ 65022832821617831903330984579 ],, 
  [ 1013186637164917 ],, 
  [ 91915142771, 44345478769678571, 32121186700576516245893528983261 ],,,, 
  [ 14434321129, 6190081467589, 43091686164271, 1318822977501632047, 
      3524482905105508849 ],, [ 337554701353, 4942581877009943016499457 ], 
  [ 148384090999, 4063516814961397, 3599774839158597919, 
      233381827990674538726123 ],,, 
  [ 92540486685721, 3971761005013545158545321 ], [ 10952890477 ],, 
  [ 5277980923 ], [ 101169451422958933868068009, 1704373281336613557387180469 
     ], [ 5856433183501 ],, [ 1140400819 ], 
  [ 1633739777, 860637798401, 6559199804417537 ], [ 417303438763 ], 
  [ 501117751214720251, 2866831956559988390601031, 
      2423292730543598503365767040058106229313481 ],, 
  [ 8178239253488363033954762786861931023792557 ],, 
  [ 1358560124993515978561 ], [ 581302435928671, 73574117619561271116721 ], 
  [ 128435516088750629513 ],, 
  [ 20847535976651317, 413663160047531999071627, 61076241661466248497337940216\
28277 ],, [ 190021371961, 36029107078548997001 ], 
  [ 31162973729281, 49004982830803, 122328920777963353, 111738267915374592241 
     ], [ 1665430387, 4876935810840259 ],, 
  [ 50685620526001, 4087084127533729489, 2201465449958779417398481 ],,,, 
  [ 211540945758120479833, 1787108557040619644447017 ],, 
  [ 4353795644694995905857850967307411498301 ],, 
  [ 10642389137, 128897434817510440726681, 15350636822495003973245921 ],, 
  [ 6862413097 ], [ 88760678411081 ], 
  [ 1229413248649, 1823595822440341, 15640598611010933689279126208508893214469
     ],, [ 1607899795227862351 ], [ 50383421582852959 ], [ 39825275997359201 ]
   ,, [ 29986199040799 ],,,,,, 
  [ 607820662177, 1384646918581800553, 220723041016913885027825608891742424432\
7969 ],, [ 120331451392762374475238720678531 ], 
  [ 19500893197417, 58989842121871 ],,, [ 3759151932775649359 ],, 
  [ 1514763889, 23946100817, 16728211228599854369 ],, [ 3532010934550332341 ],
  , [ 135807347364656305861 ],, 
  [ 272613738694753, 27690780685075605516842710379 ],, [ 10668997673 ],, 
  [ 17871275533092559, 162208067154957469755367 ],, 
  [ 3474971160389, 39297436857355009 ], [ 4203063056809 ], 
  [ 5546614331, 3650499872301974491 ],, 
  [ 71221718209, 142548136897, 4227606864123457 ],, 
  [ 1594078366813, 34958461169775301 ],,,, [ 3100190589627913 ],, 
  [ 406561014880201, 14161213036476601 ],,,, [ 3474686713, 57558621732622453 ]
   ,,,,,, [ 168798777349309359171571 ],,,,,, 
  [ 67128581414134735184075761, 309063859135206242004233502769 ],,,, 
  [ 258520000201 ],,,, [ 271011532147849697 ], [ 3342646672201 ],,, 
  [ 180558022201 ],,,,,, [ 19706646961, 827628856471, 947778562793323 ],,,, 
  [ 790353480911 ],,,,,,,, [ 16020268429672333 ],, [ 5369927591340798289 ],,,,
  ,,,,,,,, [ 156141573121 ],,,, [ 3612569929, 277446347677623618913 ],, 
  [ 3664020561209 ],,,, [ 2986955731, 20147311441 ],, [ 13560953041 ],,,,,,,,,
  , [ 2248370209 ],,,,,,,,,,,, 
  [ 5423606161, 204630815579149, 3456317243147522204179 ],,,,,,,,,,,,,,,,,,,,,
  ,,, [ 374719515091 ],,,,,, [ 62246417329 ],,,,,, [ 6359059162989201108331 ],
  ,,,,,,,,,,, [ 2461528720801, 4160175809527 ],,,,,,,, 
  [ 1647536101, 2398874702701 ],,,, [ 689874342259 ],,,,,,,,,,,, 
  [ 2205421573 ],,,,,, [ 1191638017 ],,,,,,,,,,,,,,,,,, 
  [ 1051208560351, 2072760016861, 2319112021201 ],,,,,, [ 293341025737 ],,,,,,
  ,,,,,,,,,,,,,,,,,,,,,,,,,,,,,,,,,,,,,,,,,,,,,,,,,,,,,,,,,,,, 
  [ 2571428824190227 ] ];
