BRENTFACTORS[4583]:=[ ,,,,,, [ 1839049451 ],,,,,, [ 3104073955082153 ],,,, 
  [ 3658413113461, 6711427292173 ],, 
  [ 1310091115481816263896024929, 66867716445519684326446030280563 ],,,, 
  [ 70435804717 ],,,,,,,, 
  [ 660611353575618321016783978943779, 502580440525056166492615550292708481698\
1245441909873954230879 ],,,,,, 
  [ 21418405637, 59431346867, 267581941688828011681, 
      802201953960951204686361505259399417, 
      2133840959053812306480932349353105763630203 ],,,, [ 24051079291 ],, 
  [ 12598828940497, 692358411769651813297078402529 ],,,,,,,,,, 
  [ 25591048523527, 1653048786969542946044981599 ],,,,,, 
  [ 1619493385607, 4244362145835903263, 5869195986428507799571 ],, 
  [ 2644194233948604119 ],,,,,, 
  [ 1502321489151200625961, 13664264759739202382232521 ],,,, 
  [ 5670951903691079, 38412283889730900283 ],,,,,,,,,,,, [ 5741469258473719 ],
  ,,,,,,,,,,,,,,,,, [ 140141056817 ],,,,,, [ 2105525671 ],, [ 2781222419 ] ];
