BRENTFACTORS[9851]:=[ ,,,,,, [ 10164752627 ],,,,,,,,,, [ 192005728337 ],,,,,, 
  [ 3678723182466509, 1485789935245268417 ],,,,,, [ 4993371185611712462873 ],,
  ,,,,,,,,,,,, [ 4911986743981 ],,,, [ 91681600181176399977431 ],,,,,, 
  [ 2949261533 ],,,,,, [ 15471699329, 231874597186681316322229 ],, 
  [ 509680304132729, 24548016811391947 ],,,,,,,,,, 
  [ 30668691763721357, 3097484297121756539 ],, 
  [ 15080657714752387, 42289420840288706453219 ],,,,,, 
  [ 21010030662539, 7656972920709953, 500199078878086169, 
      29130865584728763021721 ],,,,,,,,,, [ 264494107639657683721 ],,,,,,,,,,,
  ,,,,,,,,,,,,,,,,,,,,,,,,,,,,,,,,,,,,,,,,,,,,,,,,,,, [ 10119738070921 ] ];
