BRENTFACTORS[2719]:=[ ,,,,,,,,,,,, [ 8334302029 ],,,, 
  [ 732874178266721042791237 ],,,,,, [ 3919605721, 4323845993489941 ],,,,,, 
  [ 917626437319, 511352865853735808206035653, 
      440789160216146078159586214219939511151056884901 ],, [ 20075155761569 ],
  ,,,,,,,,, [ 2854167102353111, 202746491709673654835479 ],,,,,, 
  [ 48998501322358787 ],,,,,, [ 5325739317136739 ],,,,,,,, 
  [ 859373130857644616989079 ],,,,,, 
  [ 22836423524489521, 794080030829873073599 ],,,, 
  [ 73024464062567, 100496200072157, 165965151071095441300103903828374333 ],,,
  ,,,,, [ 7090859249, 8433042012119 ],,,,,,,,,, [ 9859722429121 ],,,,,,,,,,,,,
  , [ 324586357598360369 ],,,, 
  [ 5307856176250419761, 13157731352765053501, 54013667816327785190747491631 ]
   ,,,,,,,,,,,,,,,,,,,, [ 556471063079 ],,,,,,,,,,,,,,,,,,,,,,,,,,,,,,,,,,,,,,
  ,,,,,,,,,,,,,,,,,,,,,,,,,,,,,,,, [ 128010943572632874217 ],,,,,,,,,,,,,, 
  [ 243376945501163 ] ];
