BRENTFACTORS[891]:=[ ,,,,,,,,,, [ 6794501341 ],,,, [ 76693929181 ],, 
  [ 3705064933, 56731497452423 ],, [ 8692145175761 ],,,, 
  [ 79565824805343389124707 ], [ 419618125273 ], [ 1632402601 ],, 
  [ 590769716465233145149579 ], [ 1026840246797 ], [ 89812543367 ],, 
  [ 850160847898408049, 14321431598164536016743375403 ], [ 14499139937 ], 
  [ 2208152761 ], [ 13825841261, 201074042383 ], [ 996846187494853081 ], 
  [ 311324070457 ], [ 3409583688871, 110932783229043815687452798310391423133 ]
   ,, [ 6391301444581, 1735782529972999 ], [ 457945099841 ], 
  [ 3575018617, 2244322969424992910537604923 ],, 
  [ 82900607974677320235812940889, 
      332269229521682988020653579326869332878042187 ], [ 3573463879990489 ], 
  [ 1258943959268600442076387392080671 ], [ 107831710061 ], 
  [ 430492768483, 20713284811117905311, 
      10075228441208247614794665297223770343 ],, 
  [ 271018850421674815573012883847135892129003678020383 ], [ 56646558881251 ],
  [ 1090589305828373894929 ],, [ 501814943144873911735281742387 ],,, 
  [ 12533205593329, 162154285821193, 23940710761298504321 ], 
  [ 13754780832955810339 ], [ 194311626881939113529565683 ], 
  [ 9388042180745027407042512211 ], [ 3687148441, 120566023193101 ], 
  [ 110627793017009, 3119676330920687, 109947205913283146497 ], 
  [ 13451664702957479, 11205779495271016309 ], [ 94275856335151 ], 
  [ 3405765889 ], 
  [ 143652205321, 13045411450157829774165306463563637642846938139681 ], 
  [ 1403196750451, 3002867587116277 ], 
  [ 216610624374283, 549259729963121, 44669689639901302231, 
      902240928377541692803 ], 
  [ 3285890357, 33961091081, 84077770984098969437 ], 
  [ 31153482751, 14347825497110971 ], [ 456300019211, 1651156778906047845041 ]
    , [ 7346453959063, 521018295812921 ], [ 713137001136481 ], 
  [ 2105858938595093403969084072481 ], 
  [ 243750721063, 263155129006034729975166617720203 ], [ 6286316530048801 ], 
  [ 93178648176555797391192673 ], [ 411387222709 ], 
  [ 403020844747, 487033446061033 ], [ 8041464997273 ], 
  [ 32575361630462935934131633861841 ], 
  [ 4136332069, 8521977319414279561, 650040291446443368205294857416851 ], 
  [ 12921870371, 299694105407334350136913045383413 ],, 
  [ 2459046364658773527501993005017 ], 
  [ 2674415161811, 148135509966424728587275661 ], 
  [ 10630878553453501396514447998275843972156459481 ], 
  [ 1180350229, 2445794287, 5185378351, 123900103796701, 615182237401741 ], 
  [ 665887093169, 31257915215273859757747970655058129 ],, [ 192852673880221 ],
  [ 12546375087132120599 ],,, [ 2427785360440463 ], 
  [ 183235051561081832216118905641 ], [ 432129438971547169 ], 
  [ 1818481690786693 ],, [ 35795649768261705291817 ], 
  [ 414747275274045848974074605401 ], [ 2919353693 ], 
  [ 15124539965263, 693615692351152622660254669331717218483 ],, 
  [ 50030133670801969037226953 ], 
  [ 9441757240651, 10970069216348108903951885671, 
      9331133827159595917040522883644351673745039286011 ],, [ 20528433427 ],, 
  [ 480079399755554783 ], 
  [ 1902991751, 9751857953508551, 932301495178781712411131 ],, 
  [ 818568990289, 84719277061498810992241, 4998732775957144729767819761 ], 
  [ 164587452814979 ],, [ 32632426938022511 ], [ 14421447065884141333 ], 
  [ 485053503994824988074099067 ], 
  [ 12124013493833077, 253087878495041454133, 183687435400400630695687, 
      468499258611765414542437 ],, 
  [ 38809078921, 156508399053001, 428589409996700538361 ],,, 
  [ 968444667979, 44017390215937387 ], 
  [ 7397354718437, 2458043392546686274433, 2707533666713417742822221 ], 
  [ 804945022086498001 ], [ 23389461143370677577265852464465643 ], 
  [ 802228866353639, 12592874746190999621 ], [ 262524990332108734707713 ], 
  [ 80349374380669 ], 
  [ 9096332701, 1702982518901, 5805021063189495488173350571 ],, 
  [ 1311153889, 449205068730788075257729, 19259986706324888360516593 ],, 
  [ 116586133681375741, 328364700570473281467281, 
      11580512411853856963482002123 ], [ 101660625181 ],,, 
  [ 20153279366002075129 ],, 
  [ 431140063901, 1691314089168560847369223840816960605470638587908501 ],, 
  [ 81917810951851928243 ],, 
  [ 30383334296933473, 1023784310246434239407117704956286321299962369863291056\
01 ], [ 4344191847886271 ], [ 3820641405793 ],, [ 15804470377 ],, 
  [ 279838252202701, 174753998250011613924901, 23574769082892094291620001 ],, 
  [ 15071574985681 ], [ 41786669971, 2617467859034047, 9685527143424697 ], 
  [ 943271548052247301889, 
      58145816733902930946042476509667498658620835127235857533702347 ], 
  [ 91916950831 ], [ 3268540237, 60059003870628055209367415165376119257 ],,, 
  [ 19349562227599 ], [ 5939013033281 ],, [ 4628579994091 ],, 
  [ 32053207961, 116847049054357 ], 
  [ 7768874257981, 12876751465637401, 341880783898271641 ], [ 1967378549 ],, 
  [ 23751982297, 76941311497, 759632616793, 130323094615536313 ],, 
  [ 1368528548793044374034731 ],,,, [ 6286918331176726327607956513 ], 
  [ 80223240618384151 ],,,,, 
  [ 480702800521, 969060574216155378005416436608112581 ],, 
  [ 27930117307, 6483182785171, 17716450864841 ],,,, 
  [ 87813339889268262523, 502338922813107623611021 ],, 
  [ 39388597973, 259851650533249, 1430947992930342311843489 ], 
  [ 127600778467 ], [ 78785678285701721, 5812849474911702347806003961 ],,,, 
  [ 12666652605764686114134701 ],, [ 4388885509, 207807145841 ],, 
  [ 32892031261, 677924571061, 
      1406063368390837001336444309968151905005786141438438449529579509029 ],,,
  , [ 8256182254357 ],, [ 1531996549, 464064239757197173 ],,,,,, 
  [ 6104977781965039005680846041, 
      11653018111139877929516011075914558028984171 ],,,,,, [ 43342678369 ],,,
  , [ 2516699379041 ],,,, [ 7873805814337 ], [ 1494580951 ],,, 
  [ 2364142717, 531051224830220785435290554353 ],, 
  [ 3728621081, 3305157697571 ], [ 13554023869 ],,, [ 251955204931 ],, 
  [ 64056620739341, 6151672180898953 ],, 
  [ 1570466386406335573, 1106110785833602116814933 ],, 
  [ 336896122561, 10941209929688300188561 ],, 
  [ 2839417978123, 554254670082521, 5673264245686027, 5242353891921182279 ],, 
  [ 7852679156113469 ],, [ 114249349574112718153 ],,, 
  [ 23586857303129722778773 ], [ 6594973001 ],, [ 29520451549 ],, 
  [ 127399094503817, 9169613263926788033 ], [ 48986635771 ],,, [ 8156975473 ],
  , [ 12783736139573621 ],,,,,,,,,,,,,,,, [ 5558353789, 13221628753 ],,,, 
  [ 861222358442152271041 ],, 
  [ 3907170349, 8907687127, 15610243951, 808873638293624758609058430019, 
      102105578857855669971323362043509 ],,,, [ 468258422878819 ],, 
  [ 1814068685748976034479874209 ],,,,,, 
  [ 761347611434882473, 922077796022703778921 ],,,,,, [ 1495367430058501 ],,,,
  ,, [ 4856714551693 ],, [ 15768252193 ],, [ 238400832641 ],,,,,,,, 
  [ 9816564283 ],,,,,, [ 99185615857, 8918594491011301 ],,,,,, 
  [ 49157429311, 84013318362874561 ],,,,,, [ 6266907697 ],,,, [ 1098160561 ],,
  ,,,,,,,, [ 1173617201 ],,,, [ 187612660097449 ],,,,,,,,,,,, 
  [ 1658131196797 ],,,,,,,,,,,, [ 92828965573 ],,,,,,,,,,,,,,,,,,,,,,,,,,,,,,,
  ,,,,,,,,,,,,,,,,,,,,,,,,,,,,,,,,,,,,,,,,, [ 2778972437701 ],,,,,,,,,,,, 
  [ 29054035627, 14174987889217, 1438540989719527, 313986388536184519 ],,,,,,,
  ,,,,,,,,,,,,,,,,,,,,,,,,,,,,, [ 122987476393 ],,,,,,,,,,,,,,,,,,,,,,,,,,,,,,
  ,,,,,,,,,,,,,,,,,,,,,,,,,,,,,,,,,,,,,,,,,,,,,,,,,,,,,,,,,,,,,,,,,,,,,,,,,,,,
  ,,,,,,,,,,,,,,,,,,,,,,,,,,,,,,,,,,,,,,,,,,,,,,,,,,,,,,,,,,,,,,,,,,,,,,,,,,,,
  ,,,,,,,,,,,,,,,,,,,,,,,,,,,,,,,,,,,,,,,,,,,,,,,,,,,,,,,,,,,,,,,,,,,,,,,,,,,,
  ,,,,,,,,,,,,,,,,,,,,,,,,,,,,,,,,,,,,,,,,,,,,,,,,,,,,,,,,,,,,,,,,,,,,,,,,,,,,
  ,,,,,,,,,,,,,,,,,,,,,,,,,,,,,,,,,,,,,,,,,,,,,,,,,,,,,,,,,,,,,,,,,,,,,,,,,,,,
  ,,,,,,,,,,,,,,,,,,,,,,,,,,,,,,,,,,,,,,,,,,,,,,,,,,,,,,,,,,,,,,,,,,,,,,,,,,,,
  ,,,,,,,,,,,, [ 721424108031372202471969 ] ];
