BRENTFACTORS[3469]:=[ ,,,,,,,,,,,,,,,, [ 231051940711 ],,,,,, 
  [ 51149328309657242192220169 ],,,,,,,, 
  [ 3012110909, 6245696149075763007509137 ],,,,,, 
  [ 3356508898493, 168697101699772175290706031326613296554619954425743823 ],,,
  , [ 653009293247725119781436527, 1413467746998023558325067953036471020489 ],
  ,,,,,,,,,,, 
  [ 36025131911, 68141376413539841, 9337537440624508459, 838503851426160462126\
989, 4010347697443408297453702145655440088636710704529 ],,,,,,,, 
  [ 202776667449101032206443627041 ],,,,,, 
  [ 39404739481, 143105164393, 1161428777291 ],,,, 
  [ 125951536937755618350617, 21416841557806690938480615247 ],, 
  [ 789667257445150364834399, 1616809000028940532644465919 ],,,,,, 
  [ 662831668088243, 2704046531403971383243 ],,,,,,,,,,,,,,,,,, 
  [ 1816366129 ],,,, [ 3750134106661, 709415614508699234993 ] ];
