BRENTFACTORS[520]:=[ ,,,,,,,,,,,,,,,, [ 17230168271 ],, 
  [ 21059893759486608025453 ],,,,,, [ 78646971001, 1623549303604601 ],, 
  [ 1254761938099 ], [ 8675676913 ], [ 1776026179 ],, 
  [ 1727211156390577265142080347 ], [ 1015572289, 70941561793 ], 
  [ 155910739391542543 ], [ 13595002409 ], [ 25470997252378426211 ], 
  [ 458308117801 ], 
  [ 47449073565898887671, 65926070646830094631771998826058413 ], 
  [ 3569639925109, 27812444039041 ], [ 222207582018832723 ], [ 16221534481 ], 
  [ 19191848303628410453, 634059929460170785207598796044034347 ], 
  [ 2896952851918441 ], 
  [ 1542216157, 40767831257193025109, 138773341142512679051, 
      543809222414620508399113 ],, [ 15914830809948093631 ], 
  [ 1650963811073, 86575107689600773 ], [ 3662697798164300444510141027 ], 
  [ 2602513819057 ],, [ 50235275551 ], 
  [ 23098670857100445169, 4607740558064628936089858527 ],,,, 
  [ 50959931441, 344970675000083519757701, 15406616728585898514975761 ],, 
  [ 448687804160991667, 192210761741851784549958296743 ],, 
  [ 82487689926576627934421 ],, 
  [ 11537361149, 2643192347093989, 907405129924895977 ], 
  [ 403676774688675457, 66316357858631599639 ], 
  [ 117355858207959043, 23650482182043878109293356658516950963 ], 
  [ 2855645633, 6190911625761943681, 2040304444651082835649 ], 
  [ 1328816777816995089448728972433148325841 ], [ 14948893254424807903369 ], 
  [ 133428779173, 333830213870114567 ], 
  [ 125356797699821, 7187506966012667456871483598589 ], 
  [ 13022745223, 226716813343, 1248061606558343995645373752794073 ], 
  [ 441702053731, 35543995881311, 78706232459891 ], 
  [ 190655349169, 39067242088282158107807 ], 
  [ 11152665816988341313, 12896708383608832233937 ], 
  [ 2061103126013736043681567 ],, 
  [ 31748284301551, 1228857206115297001, 316180616604353198505601 ], 
  [ 7244776787153296493 ], [ 1198748783 ],, 
  [ 5980837469497757, 26381215766826685322756777 ], [ 1796811317227921 ], 
  [ 191075881780909, 481529452025469313, 2596572350165274902137 ],, 
  [ 3375747878881825534303 ],,, [ 9898990927792422089 ],, 
  [ 616956358541155501250357440215388541848495156533049 ],, 
  [ 2405014553334691 ], [ 253006669770037 ], 
  [ 75936748888712209, 1373760414667788233 ], 
  [ 69349761726309922657, 44789895569837530526402199229 ], 
  [ 132477703828975318938315122924467 ],, 
  [ 93906631273633, 174112871441339110908275603041 ],, 
  [ 584034417768526019, 28461799421049399428283152824509607 ], 
  [ 634218607058138293422529, 5816768836968473426263189, 
      2165921260619206104772868037987181 ],, [ 380785195513631 ], 
  [ 69465904864787279030053 ], [ 656381234021 ],, 
  [ 86407303994971, 155576949281506417838873293796775104515918889363011 ], 
  [ 1300829039527, 72927260098471613 ],, 
  [ 2699371657, 4333155157, 38962181737, 16450006192201 ], [ 30264820613173 ],
  [ 44575371933703634201541450596913104356471531 ],, [ 416300197299477032081 ]
   ,, [ 525698409790936056868251421154707 ],,, [ 2716334526439 ], 
  [ 2317802993215772929, 45710405306776171211, 1359933710794422071699 ],, 
  [ 1403574648241, 82221922239280130827844615521 ], 
  [ 38638694293, 58520334247 ],,,, [ 200061132015708001 ], 
  [ 422653683582271, 8394072342205154633780201314453 ],,, 
  [ 44137391901930673, 19387683585994523881377271 ], 
  [ 13554270935521671348878219467211, 205577120626141718353134024729716531 ],
  , [ 238152058228058965251889 ], [ 65794373023 ], 
  [ 2465315205596916299544497, 201048815106130547034346393 ],,,, 
  [ 2635273807 ],, [ 48850627973121626194011311503312961 ], 
  [ 2989589516449, 7964890252939381, 8834698344974364484933 ],,, 
  [ 28428129217, 599331552134418543889, 8369208126392877879450337, 
      769419577536825683092522753 ], [ 107206494431 ], [ 835496260044899347 ],
  [ 160505197374698863 ], [ 2405032117, 1145968874287500904873 ],,,,, 
  [ 11803734577, 114541533523 ],,, [ 5229455401 ],,,, [ 3217119718081 ],, 
  [ 64217945503, 553144850645042275240468051 ],, [ 15790248765061 ], 
  [ 49316859290935501, 108556182605333761 ], [ 917218489188016683487 ],, 
  [ 399670000780540689918357364278986157617758775113 ],, 
  [ 6462085430036433310801 ],, [ 178774220890632462076313 ],, 
  [ 878271940280407, 2474549345937589257866648923 ], [ 131271986751918251 ], 
  [ 80376609984611953 ],,,,,, [ 8436212581745131, 30108222353450333 ],,,, 
  [ 3469861807, 4405210229030535714331, 7445326787472688662553, 
      4045129983916465008334581012594075615307992361 ],, 
  [ 2287510428457, 683962329109003970021 ],, [ 3093939445318921 ],, 
  [ 3311676755090497, 4826126831725575830773633, 
      11659603574156087099556581761 ],, [ 2693147189 ],,,,,,,, 
  [ 10456273080573907 ],,,, [ 301796781521, 11795756881411 ],, [ 8489218193 ],
  , 
  [ 180315397081, 254034010538491, 219819559517070583062611431, 28110345651517\
84219244306521 ],,,,,, [ 613407001483072496774017 ],, [ 662123582303 ],, 
  [ 129797499701, 46084279367241358541 ],, [ 7742746441063 ],, 
  [ 2267856210593 ],,,,,, [ 22182861751 ],, [ 1327893761, 379987628285233 ],,,
  , [ 3760103749, 314308973189 ],, [ 19879143182852834147 ],, 
  [ 4778349288725029222787521 ],,,,,,,, [ 6351794295953 ],, 
  [ 12305413951751, 34748692429914159251 ],, 
  [ 158715849875804949566732187421 ],, [ 3521213939, 25132356666450565717 ], 
  [ 323352816811 ],,, [ 10064260597 ],, [ 18247423308661 ],,,, 
  [ 10283263321, 5546922819209113, 1809225842668937617 ],,,, 
  [ 3475992697, 14971221557, 1261164235333, 1357822297213, 31450415141977717 ]
   ,, [ 17973282462307637629106955601 ],,,,,,,,,, [ 401630203687745320121 ],, 
  [ 902466078943873, 10790563049707453 ],,,,,, [ 3837235681 ],,,,,, 
  [ 99420373327633, 135290571179034086929, 664533610760278512462637 ],,,,,, 
  [ 481313287973101, 3331304704275001 ],,,,,, [ 144573982736679162181 ],,,,,,,
  ,,,,,,,,,,, [ 10941133321 ],,,,,, [ 3256653511 ],,,,,,,,,,,,,,,,,, 
  [ 9047468290453 ],,,,,, [ 310206621794212639 ],,,,,,,,,,,,,,,,,, 
  [ 13297811089 ],,,,,,,,,,,, [ 404201383297, 177280405878913 ],,,,,, 
  [ 92241753772289247361 ],,,,,,,,,,,,,,,,,, [ 8868412642937413369 ],,,,,,,,,,
  ,, [ 74177491030861, 3102361825620121, 11896242986237666281 ],,,,,,,,,,,,,,,
  ,,,,,,,,,,,,,,,,,,,,,,,,,,,,,,,,,,,,,,,,,,,,,,,,,,,,,,,,,,,,,,,,,,,,,,,,,,, 
  [ 22560674285971 ] ];
