BRENTFACTORS[749]:=[ ,,,,,,,,,, [ 4843786333 ],,,,,,,, [ 7297269200609 ],,, 
  [ 1900120993 ], [ 57307838815379 ],, [ 21191848501, 464164127551 ],, 
  [ 3954228463, 105195743902783 ],, [ 8138182458663881165821 ],, 
  [ 726195585799, 24831858827397574453769 ],, [ 688158893589742718782962577 ],
  [ 9759300391469689 ],,, 
  [ 810092011835263543, 2493960015573074105416322050469 ], [ 506853960751 ], 
  [ 5755311572557, 1775491249534545583 ], [ 158199340601 ],, [ 18342041299 ], 
  [ 187885321812782137, 35082471745081177323995532596849 ],, 
  [ 8338218761072197472491 ], 
  [ 2583115741, 9561682772867941, 56208540839564417 ], 
  [ 117902451398863300177567186172349007875262368153963901970819 ], 
  [ 2687901793 ], [ 7548934440559, 234133188514079 ], [ 100180335547042301 ], 
  [ 113313430431054614287, 249209191062185171569 ],, 
  [ 1741433880900220873, 1201296110867102309639, 
      158224038040796055808164916659679 ],,, 
  [ 2447953882877777, 32756748585406889 ],, 
  [ 15272482478031477196903417631711203 ],, [ 2225990236741, 13585942467481 ],
  [ 17007648023, 629590661227640845793, 32234514505100282835805057631, 
      351838426890062054185480529766828699285565517 ], 
  [ 769629737551802450178012163 ], 
  [ 1394609559531429631854241, 183692174420983912710595629103 ], 
  [ 19276748125249 ], [ 2064701656030837270201, 14232607093323621376955621 ], 
  [ 8805920707, 224776364209 ], [ 151318527434299, 1463437202156635637 ], 
  [ 359923247596043940673, 200310102250405045071233 ], 
  [ 99607275180591132419468879107664203 ],,, 
  [ 6268398769, 122118313753, 14715925898977, 48137426826481 ],, 
  [ 8322278877274473145547 ], [ 9546827687161351, 14804408835899705551 ],, 
  [ 4495566517025080421 ],, [ 46226717123 ], [ 3777014214415311281 ],, 
  [ 1744950756612010081744517490299, 1322734972856541920785406328331567 ], 
  [ 4570781754633530804227481 ], [ 1617633359213173 ], [ 7646401951 ],, 
  [ 109700019168107869, 4869210990852776596491523 ], 
  [ 55951697297, 3606265262953, 662197940564395359552913 ],, 
  [ 1966794037129191155401 ],,,, [ 63076746869 ], [ 24621289808966626604471 ],
  [ 76886549303252449, 7052194612382898103962913 ],, 
  [ 327474850270419209, 746538887214301189 ],,, 
  [ 1682726690369489, 18188203443471389 ], 
  [ 1927970851, 44683884972607, 611545582028279047 ], 
  [ 175487160818083, 612491975231792558341 ],, 
  [ 5819528741563190328573335456821703185544668671335168903925301 ], 
  [ 64627406167, 67751063669 ], [ 5321330207, 31593619109599 ], 
  [ 72419855468328937 ], [ 1150244083 ], 
  [ 316083917911232308405639691731, 95486089757004066032030670483381011 ], 
  [ 4919551303, 140785656235183, 240157346977998391, 841125041012752950943 ],
  , [ 15758901231865676749 ], [ 3569412284209 ], [ 14798515657778291 ], 
  [ 8732838209, 142771472675917, 80048262540424134671917584460697, 
      3362328021047279993159920347207656763721 ],, 
  [ 3119169494476757767, 128728768604212014781, 377708474770091742082727 ],, 
  [ 676978162994122305359802481 ], [ 440322671141 ], [ 369790100940851197 ],, 
  [ 6177628212219517, 19432096212775604316525841 ],, 
  [ 173433223338179829077417113 ],, 
  [ 135804454703736449, 20185680799559255809, 2978844490231204295317889 ], 
  [ 7723918797623839747, 245833162351014102559 ], 
  [ 5743939564229140419585687781, 19731797153643368343533071214881 ],, 
  [ 12827485969, 136960834561 ],, [ 9925200314041 ], [ 6062225834081709001 ], 
  [ 1594516264529 ],, [ 60551856661 ],, [ 566428299930781 ],,, 
  [ 42917280979 ], 
  [ 11364943344638207183024065777, 3834033882165116573011069350927783839651130\
1393 ], [ 3070660915351 ], [ 15464193423834175530196157821321 ], 
  [ 36184319011, 75928570588807610990359 ], 
  [ 8590225769, 26688502175735523330993469 ],, 
  [ 83619613351, 250749519195151, 3558848826754051 ],, 
  [ 15199571862670841, 67667268686206970041 ],, [ 16302562277 ],, 
  [ 1856975369653, 1785982600457594277649 ],, [ 1080556471 ],, 
  [ 2292175088327521, 571947415970622509627944665281 ],, 
  [ 56128319230915695223, 87248458970723436875264545417 ],,, 
  [ 38195289312821779051 ],,, [ 984956242201, 223546112558458033 ],, 
  [ 5060543579383801 ],, [ 6466179197952329 ],,,,, [ 1140066913 ],,, 
  [ 457798339904288246650491461101, 116255888239737335620335967337581521721 ],
  , [ 148629393277 ], [ 5969268412811377 ],,, [ 936416953873 ],,,, 
  [ 221919101681, 624618787951, 42603264540206163701 ],,,,, 
  [ 639223821601, 823660028028631 ],,, [ 83833456950570761249773519 ],, 
  [ 71828047601 ],, [ 129185456527, 27748320146839 ],,,,,,,, 
  [ 75884120594030740068815787700771, 1880803767477794118940411726072574581 ],
  ,,,,, [ 136922698513 ],,,,,, [ 7678467658189 ],, 
  [ 18610705121, 21633604396321, 280998524699351201, 283603646726379467489 ],
  , [ 19231933741379, 1366049660085679 ],, 
  [ 1105038937, 641814980743477, 244862669339408098901773 ],, 
  [ 1313899151, 2077360921, 15738256921 ],, [ 291177140161 ],, 
  [ 158901854510595035737 ],,,,,,,,,,,,,, [ 1898704121 ],, 
  [ 2148493023751, 1015951827090001 ],,,, [ 7768442681 ],, 
  [ 16971566903143169, 3688876773137393089537 ],,,, 
  [ 26045042921, 504589033001, 485730935895046196681 ],,,, 
  [ 9348942832148090226942217 ],, [ 21070070141, 28605415042471 ],,,,,,,,,,,,,
  ,,,,,,, [ 5938846639441 ],, [ 709273015777 ],, [ 5530046251, 530809282151 ],
  ,,,,,,,,,,,,,,,,,,,,, 
  [ 24965769193, 224642422993, 433960957249, 213602255067183217 ],,,,,,,,,,,, 
  [ 9019914885444781 ],,,,,, [ 71600479501 ],,,,,,,,,,,,,,,,,, 
  [ 19804185521581, 64482179330917 ],,,,,,,,,,,, [ 226716988681 ],,,,,,,,,,,,,
  ,,,,, [ 934330640749554007 ],,,,,, [ 173805898753, 1438939037402497 ],,,,,, 
  [ 468607685521 ],,,,,, [ 22268601829 ],,,,,,,,,,,,,,,,,,,,,,,, 
  [ 500276403481, 954764456521 ],,,,,,,,,,,,,,,,,,,,,,,,,,,,,, 
  [ 2381786939237851 ],,,,,,,,,,,, [ 48500810821 ],,,,,,,,,,,,,,,,,, 
  [ 25879958385601 ],,,,,,,,,,,,,,,,,,,,,,,,,,,,,, [ 11358908191 ] ];
