BRENTFACTORS[327]:=[ ,,,,,,,,,,,, [ 25430230345417 ],,,,,, 
  [ 33440869753394893 ],,, [ 3351513089 ],,, [ 4146592201 ],,,, 
  [ 1085865158378986728515459 ],, [ 43618207236253079 ], [ 154868938241 ], 
  [ 1246676905057 ],, [ 2104977778121 ],,,,,,, [ 376712576983, 747767435521 ],
  [ 883818443066833, 1159640320314034961558161 ],, [ 3041160352059691 ],, 
  [ 11795415735327165862930427363334035526789388474718903701 ],, 
  [ 2674828073, 14093254893985373, 131619430497389178494311468850243 ], 
  [ 103368878401, 1386131510293051 ], 
  [ 311119069748976294702499178286805640311 ], 
  [ 12476246381, 41190085576215577 ], 
  [ 21987664915273136310195330243521848463433737 ], 
  [ 5385566242879648023817 ], [ 177625037725465891334510221 ], 
  [ 19921256035283569 ], [ 52962747637592422124079908141178163 ], 
  [ 12945198335143145526982903 ], [ 1741293236723099 ],, 
  [ 6327361153, 639827941163, 7415769016581059 ], [ 3242507497 ], 
  [ 167466660481, 261617379913, 7812303734672893, 210683143573417838638729 ], 
  [ 134488679233, 278107260431349991361 ], 
  [ 7295384144494811, 683554790242143582441121, 
      9023332113857589201279425141855261 ], [ 2562658717273951297 ], 
  [ 3540979304327 ], [ 167156553413, 10824986785453 ], 
  [ 1202522638442939023710307, 18201236355815482683617821354313347 ], 
  [ 43199012601930384150118275851 ], [ 13338225312422742985947263 ], 
  [ 2751185053081 ],, [ 6831118859 ], [ 17599049786442601 ], 
  [ 105916652237141 ], [ 262597840121, 70114434587092507353153413 ], 
  [ 135470979751454841811899661 ],, [ 801356202095871761 ], 
  [ 32652674641, 24571816188324785767751041 ], [ 8813761615853212934093 ], 
  [ 56158491737543411 ],, [ 282415145291291 ], 
  [ 155725902508727, 80004052042354343, 1326902869327638026763235468324261 ], 
  [ 1955512538530304813290550083 ],,,, [ 596832193777 ], 
  [ 1289233388801, 89545272177614018237, 368789796091410075337 ], 
  [ 1191649549, 1370341969045415797 ], 
  [ 30518952929, 22314772065203, 2800026855232750751 ], 
  [ 5351226543998870761 ], [ 26135240161, 4074407124673 ], [ 11601873763 ], 
  [ 10812345293, 978146118327219171079, 20839942697577619086871 ],, 
  [ 129898229354435697401 ], [ 501825549720419879, 358366780203996306013 ], 
  [ 76203369485632867, 2406633645921871066071122289991 ],, 
  [ 5119691900078153424983149649, 42376849138885984210302383932420933692233 ],
  [ 1887155761, 132948752371 ], 
  [ 37751784461, 2828745902630387444819545507651217, 
      42709871034537212528282945168096273 ], [ 1046165544210115993 ], 
  [ 28949995621, 3718464755221, 18582050590057 ], [ 1215159530803986241 ], 
  [ 137205892531521314017712328345330105204361 ], [ 4021036717 ], 
  [ 5765923625235649, 1141797826035154603096776358508412087112787873 ], 
  [ 3511619641, 20828190511 ],, [ 5839320540481 ],, 
  [ 1797859896165425899, 1806427220023124947 ], 
  [ 279942192021109, 14822894319176688727, 182512461580755157430647, 
      299594193521951794545346873 ],, 
  [ 2068906179166441, 122405358459192489128761 ], [ 32435040689921 ], 
  [ 1337505887 ], [ 2232574723 ], 
  [ 34809917377733, 124219368835613, 42072163284964254853, 
      295864982886103796230116841 ], [ 4009411001, 173110920251 ],, 
  [ 9295495507 ], [ 105632073473, 1577884458881 ],, [ 159880526860627691 ],, 
  [ 17966714580828543497926077275748013489 ],, [ 44950125533 ], 
  [ 62817174578611 ], 
  [ 219428127097, 3033898993289, 4391087009417, 6392775948982243409 ],, 
  [ 41190394561, 4711464907867, 42492422264196673 ],,, [ 2994951831049 ],,, 
  [ 1876417096181140081 ],, [ 19734478108297 ], 
  [ 685904312017, 686268205834051 ],,, 
  [ 209195156528242622616686869624630757401 ],, 
  [ 65362233664512778105369, 247154156966464021406897 ], [ 1068773239 ], 
  [ 236824446629 ],, 
  [ 15511562963077008505081, 247460589331623909010843462117 ],,,, 
  [ 280474272782504839681 ],,,, 
  [ 47522722158135921617, 3400137847567120979369 ],, 
  [ 2482953301, 119460809971593587971 ],,,, [ 2103953784271 ],,,, 
  [ 719499470299 ], [ 26283706001764051 ],,, [ 42705838180044915982367 ],,,, 
  [ 74093960167920154768750991 ], [ 6437317281379 ],,,,,, [ 4897806103 ],,, 
  [ 544911321533360922241, 481884024512633963101915178986649322693121 ],,,, 
  [ 6121697320033 ],, [ 180406487363582298802123879150897 ],, 
  [ 3744708071263009801 ],,,, [ 17135928193 ],,,, [ 3875079591137 ],,,,,,,,,, 
  [ 132122291209 ],,,, [ 865307928081399537617929 ],,, [ 2795114701 ], 
  [ 34799761597 ],,,, [ 39848615731, 1005766743042138151 ], [ 3577455883 ],,, 
  [ 13998752402077 ],,,, [ 36726808399 ],, [ 4589923675921 ],,,, 
  [ 2052587657269, 3826487795519631802501 ],,,,,,,, 
  [ 9561856753, 24925183352959800881881, 14663868220425989261011352538313 ],, 
  [ 28720853659 ],, [ 4856787676673 ],, [ 4597724347, 18502389289571041 ],,,,,
  , [ 2314247233 ],,,,,,,,,,,, 
  [ 278941019678938753, 342067986015471089917, 13681731948656313277513 ],,,, 
  [ 6286386121, 5989782379321721 ],,,,,, [ 5813370345641 ],, 
  [ 60205340781217 ],, [ 3509957164141 ],,,,,,,,,, [ 591596063559425101 ],,,,,
  , [ 6891514129 ],,,,,, [ 516668214193808977 ],,,,,, 
  [ 2088575029, 6633087589 ],, [ 33781966081 ],,,,,,,,,,,,,,,,,,,, 
  [ 515140363167881681 ],, [ 238236188469679 ],,,,,, 
  [ 46854153551353, 40637394553013353 ],,,,,, [ 1253082829 ],,,,,,,,,,,,,,,,,
  , [ 707945656390933 ],,,,,, [ 854383286027881 ],,,,,,,,,,,, [ 299941489381 ]
   ,,,,,, [ 898871252204377 ],,,,,,,,,,,,,,,,,,,,,,,,,,,,,,,,,,,,,,,,,,,,,,,,,
  ,,,,, [ 18148765951 ] ];
