BRENTFACTORS[7577]:=[ ,,,,,, [ 4023439267 ],,,, [ 2118858061 ],,,,,,,, 
  [ 2969458924969919, 6324565976272039, 346713355921714403, 
      667549930822877591 ],,,, 
  [ 1655129427267678575904546044693893, 32069540342404118694404508031329282114\
49 ],,,,,,,, [ 111773190887888386379, 511504834624585333171875702007351 ],,,,,
  , [ 24555765422024264643626402284247 ],,,, 
  [ 521675059861933, 85224618035266774187 ],, [ 282247667893277 ],,,, 
  [ 378029725756267238081 ],,,,,,,,,,,, [ 7396879186649 ],, [ 48170646573799 ]
   ,,,,,,,,,,,, [ 2892797433572743073479 ],,,,,,,,,,,,,,,,,,,,,,,, 
  [ 2135587891 ],,,,,, [ 2025770038725877 ],,,,,,,,,,,,,,,,,,,,,,,,,,,,,,,,,,,
  ,,,,,,,,,,,,,,,,,,,,,,,,,,,,,,,,,,,,,,,,, [ 18060844993747099 ] ];
