BRENTFACTORS[4447]:=[ ,,,,,,,,,, [ 2786791052761 ],, [ 1261984589191 ],,,, 
  [ 5347730534588963 ],, [ 2267164969 ],,,,,,,,,, 
  [ 323288406229686578400117990861175533619 ],, 
  [ 87879995477119, 37688085422515973843, 6548356112415078025491704429 ],,,,,
  , 
  [ 2081188771948216143735493284617, 28030268189201257044511898788048897590887\
59, 164539715086000206878809714021275921476934086548747332689 ],,,, 
  [ 734921238372191429911394296534683091877 ],, [ 44102779638954042440761 ],,,
  ,,,,,,, [ 2956702733, 635734514203, 1158451225032058802683 ],,,,,, 
  [ 72581390625643559245817963 ],, 
  [ 1820020523, 3780047147, 9869869230881210921206521163 ],,,,,, 
  [ 1307184607 ],,,, [ 52739346701, 68115324991607849, 266114682468243131 ],,,
  ,,,,, [ 6561558766754362531 ],,,, [ 45608619124492219 ],,,,,, 
  [ 453354156998909, 2086306535824972025101 ],,,,,,,,,,,, [ 1191861611 ],,,,,,
  ,,,,,,,,,,,,,,,,,,,, [ 207650199567314587 ],,,,,,,,,,,,,,,,,,,,,,,,,,,,,,,,,
  ,,,,,,,,,,,,,,,,,,,,,,,,,,,,,,, [ 565595183267 ],,,,,,,, [ 413882335271 ] ];
