BRENTFACTORS[883]:=[ ,,,,,,,,,, [ 4362071891 ],, [ 2739655361 ],,,, 
  [ 2486455994543 ],, [ 588883761904498124891 ],,, [ 2443696597 ], 
  [ 2185182943, 372790953814595461 ],, [ 8823035401, 130453122301 ], 
  [ 1034458829 ], [ 261060074032843 ],, 
  [ 3097883115823, 887829536529866354595167 ],, 
  [ 1195883735865410003972130974149580233 ], [ 1288335809, 2305256417 ], 
  [ 33138670082669854923700261 ],, [ 1882662079598956181 ],, 
  [ 59845304258948043585561641789 ], [ 4244626806949 ], [ 7608626099881 ],, 
  [ 84004547483, 264102790911569, 756113645572517, 53024025209445290852894563 
     ], [ 16329969792823 ], [ 148756428949 ], [ 107040035577773 ], 
  [ 2110972632352921, 288845920991107755991 ], [ 1229982710349020372753 ], 
  [ 3823265197, 144788522447604995041 ], [ 66387466657, 21733255790331937 ], 
  [ 7471762453, 342330926071, 106782638782711319 ], [ 47638546561068569251 ], 
  [ 270079836191102437 ],, 
  [ 1352641379918320825843, 290641086926379089374043, 
      15532810312697322003431197 ], [ 9222574138543 ], 
  [ 136128283484994022964337498976618222261 ], 
  [ 180926612328953, 1808201552490320233 ], 
  [ 92749438041097, 1209279386632363533592844978641 ], 
  [ 172264334808331093, 903220500498170231081 ], 
  [ 3937868743, 66259811065739, 4914454346574314813611451536885099841 ], 
  [ 952146564841 ], 
  [ 77009055557558508811452927644083352445671, 2877085548846040128117815035079\
366784930753087437 ], [ 17392272553597 ], [ 5391547119079421557292924743 ], 
  [ 71367480596543809 ], [ 14029119984007831 ], [ 1161489415229234521 ], 
  [ 1153568721413427161, 109384857406074471491423 ], [ 60489585913 ],, 
  [ 2395481827891161184561 ], [ 11589131725543 ],, 
  [ 206987086695503, 1269232451301504955586525287, 
      52605662656823753904148411614466193683 ], 
  [ 2593074109, 13504981279, 46639908431197 ], 
  [ 18356212801, 382460095667863415414551 ], 
  [ 145621583621524937199336301429594712453 ], 
  [ 241421879103897583963957471 ], [ 5814480907 ], [ 8253597523 ], 
  [ 33374311601, 114855191019705755803170772912031681 ], 
  [ 478257842822289661, 310744782127583558793613 ], 
  [ 6178206102266293, 6545093847207809047213943621303, 
      131214218405715579955521729040589 ], 
  [ 2173711237, 6275564006867, 2767031106908802731251953641651, 
      69984591826536395476604044945076471 ],, 
  [ 139495310702580567491, 13037790756587349399977749895591 ], 
  [ 1585801387, 10080763712017908713051350029562146295029787 ], 
  [ 2798057113 ], [ 2493162546148167926667449, 12693722463687501291516796897 ]
    , [ 565483983561811, 10363271209502354743 ], [ 32964858631 ], 
  [ 300694210791075193, 113700152595332757601079100533 ], 
  [ 177977102333, 3645930853778548373 ], [ 660422209419112220329801 ], 
  [ 3310543889, 117527736863 ], [ 1582660317361, 476484213443736470591 ], 
  [ 8338086642913, 44187185285787404657862667009 ], 
  [ 12382280167244569308414204401761 ], 
  [ 13389840227639, 78266370184824731267, 
      172492231847153383143580305251739657365747 ],, 
  [ 211458473589381347434658215908721001 ], 
  [ 50896401973, 753274897071991910969 ],,, [ 3889191184124728457 ], 
  [ 66407493391, 54185024418700416361, 132558050142041624919303586585261 ], 
  [ 1990852756911929 ], [ 69008920387973, 2091353145863090591 ], 
  [ 133471670509, 718568814063454489 ], [ 31657735201652182051439 ], 
  [ 41195374107166773673543955762872023731 ], 
  [ 6027709147, 216186983393979761493119844133 ], 
  [ 755967008309974501610913912085688080605073263082513 ],, 
  [ 38811897569344243, 158063987003932873025868977564694316570054483 ], 
  [ 2317060481, 320258009045643741936971 ], 
  [ 916284269263428557129893681, 6954591751421164589843990478754923270493, 
      496619947043405695613279376381026687064653 ], 
  [ 61062441571, 411093726320512694892828097, 
      58070174886189655637941527575581 ], 
  [ 1028109035378465124461861119598527373, 
      402777985029319801774692214948913512037 ], [ 1195487283513041 ], 
  [ 353395772055901198243480801 ],,,, 
  [ 24205757291396807763101, 373047559708610321014096112789, 
      1124151380527896005587320761069990655961, 
      46964549701722424566353773503855162401757913 ], 
  [ 355314440216458001, 6081277869793317251 ], [ 21231186481, 71049395771173 ]
   ,,, [ 954339564529399425702823 ], [ 32949965567167785886597833357191 ],, 
  [ 5117824010173167478710876164868084097 ],, 
  [ 234756492499593948436356030885710089 ], [ 157131137252703241 ], 
  [ 8667692025494855166417500436879006001, 
      947910035021696615957122090929848683193 ],, 
  [ 4711805347, 516058287552163, 613188061570767376619929 ],, 
  [ 197013979040901147975221, 474926986259414659178321 ],, 
  [ 874735922457791890869661837265646043434979 ], [ 1308782153382133 ], 
  [ 9275762264540203009 ],, 
  [ 5006539477505778387088822658504957, 17405892084585119268905055201002154870\
46782479 ],,,, [ 33340087962540138169998091354642850260951 ],, 
  [ 3485377937, 4257606395129, 305099907596885180068193, 
      567670489116851803633011684529 ], [ 1309224671060272777 ], 
  [ 3186504845833, 3703978416015696039069390373679, 
      101517987964585332242555432498080871 ], [ 503109705541 ], 
  [ 9262232929, 3466334187109, 2028201394557275341 ], [ 602941548656621 ], 
  [ 30089206364192900397107473, 213693279599340387731194974709 ],,,, 
  [ 904500731542995271 ],, [ 6420939096368621518201 ], [ 21964155181 ], 
  [ 1570610874971, 27823400335903, 822430218978163, 12767683398319729788149 ],
  [ 44260483613 ], 
  [ 167734921537, 440138813112380302711057, 9802022559862775571832273 ],,, 
  [ 4469404225454263 ], [ 1978870493, 9453419154479068597 ],, 
  [ 138427930569045540583 ],, [ 738067245697, 278114621626989341577770775697 ]
   ,, [ 5942061123114889, 1810551900667508111 ],, 
  [ 365956641073793902324636207219275700343101, 
      2188154766196476500727445583310710102877481 ],, 
  [ 1244917129, 6038051356574884028383 ],, 
  [ 2029086497, 504999340841, 4079529850841 ],, 
  [ 4428419088361494408529563511 ],, [ 165492486881278045436483749 ], 
  [ 1665704629, 127696700881 ], 
  [ 103964951414851, 8534254662405271, 58910529702073051 ],, 
  [ 1651675393, 2506307462269837551790849, 428731188851842072689099073 ],, 
  [ 809615816529382139491 ], [ 1026566526961, 81836387715449251 ], 
  [ 75798029954893 ], [ 3367569221 ], [ 183046130035759 ],, [ 1209117601 ],, 
  [ 9240241340414911, 71947047995714584241 ],, [ 95350977205283271181 ],,,, 
  [ 96957658426083313 ],, [ 2151853174886341933016887665760788425982871 ],, 
  [ 2924516635326144181 ],, [ 102106203061 ],, [ 49994770025593 ],,,, 
  [ 113884762576048201 ],, [ 2591112739, 616689817543, 2567575978312453 ],,, 
  [ 8798121001 ], [ 16110535745497 ],, 
  [ 57794367636697, 600502625924738022481 ],,,, 
  [ 341782123457, 61614240585451033 ],, [ 243151686181 ],, [ 133250229377 ],, 
  [ 227530036505549, 138910000567681897 ],, 
  [ 3045729601, 3279109334946101180236081 ],, [ 96786565777529 ],, 
  [ 2705899489 ],, [ 35861532534303967, 306875848793368621741999 ],,,, 
  [ 2600038751 ],,,,,, [ 1273946075393 ],,,,,,,, [ 6058690956121 ],,,,,,,,,,,,
  ,,,, [ 8145198321808156271041 ],, [ 965034452790277 ],,,,,,,, 
  [ 1469440736381 ],,,, [ 2395514647 ],,,,,, [ 83539537307440654575001 ],,,,,
  , [ 12975561271, 162177743251 ],,,,,,,,,,,, [ 2764245793849 ],,,,,,,,,,,,,,,
  ,,, [ 1416106561297, 1535095078362721 ],,,,,,,,,,,, [ 38993251889113 ],,,,,,
  ,,,,,, [ 11865544801921 ],,,,,, [ 6694808893183 ],,,,,, 
  [ 5947734995856850321 ],,,,,, [ 18242479207, 94501210357 ],,,,,,,,,,,, 
  [ 10086033361 ],,,,,,,,,,,,,,,,,, [ 3936434075473 ] ];
