BRENTFACTORS[593]:=[ ,,,,,,,,,,,,,,,, [ 15242756862269 ],,,,,,,, 
  [ 4571936119857551 ],, [ 63446559352912805617 ], [ 3561164697161 ],,, 
  [ 3399959039 ], [ 11860072966433 ],, [ 60664864583 ],,, [ 52141270049747 ], 
  [ 1282779023072797, 187341812040205129 ], [ 449889953893123280832166873 ],, 
  [ 321644044277371469149001963 ], [ 5654489558131 ], 
  [ 10417184731, 101246180649241 ], [ 8891450833, 43152219211711237 ], 
  [ 13250128951, 4213179230041, 3562446272675221 ], [ 274928536997 ], 
  [ 72958932402173919056443, 6929246688767572308412876231 ], 
  [ 426668727158497 ], [ 28798120079575043 ],, 
  [ 2472604339, 315654099071833, 89088211324871089, 124031790782182221073 ],, 
  [ 10432678183271, 3630319908313027, 29072296791163891407472501, 
      3206389183549991813904515960057 ], [ 181335640386079 ], 
  [ 8041034005690369493041, 784142407341236410310831811451 ],, 
  [ 7017619069 ], [ 3614127263, 159643087190219 ], [ 1144865737 ], 
  [ 210736512781 ], 
  [ 7749555901, 1055714275201610744771319921397, 28681289960974729319628879891\
21292199977 ], [ 197377851509, 45626354521367, 23570431632823307173 ],,, 
  [ 295244968922021, 196788246198168680466500847365392331 ], 
  [ 5503933145578891 ], [ 971195340892594668800449939 ],, 
  [ 5780158856077, 263710627806557952462751 ], [ 70006448981495041 ], 
  [ 10145973557 ], [ 722635085449 ],, 
  [ 73419675943, 6040437817058581338715689311888893 ], 
  [ 30095654878361085451, 632235492717604225994696509213051051 ], 
  [ 160538686793 ], [ 2464096020079 ], [ 962543295793, 317021369780439636001 ]
    , [ 627871945693, 24184598277391 ], [ 13676370522938340053550641 ], 
  [ 1232887835470141 ], [ 3936015765639157366739 ],,,, 
  [ 1357058501, 826439100671903 ],,,,, 
  [ 20373722461, 39874350088451209858801, 13851118680494897659427188711 ], 
  [ 7604264141, 55280335321, 2503246497291696983878876968732577 ],, 
  [ 61544185063, 12519772902856586123101079710849 ], [ 2530013230419491 ], 
  [ 112304502155306977, 34151872750049466241 ],, [ 4571385170508805022753 ], 
  [ 38720823373, 1950740933908141, 1595640908012093408526391 ], 
  [ 1967512501 ], [ 5616560309, 16538478421885773739 ], 
  [ 543617578201, 13428988213215995731, 173965246084768477919953 ], 
  [ 124755270588407425776342635938224371, 
      13240539810836912690781724580223488977351 ], 
  [ 1183208185370174883250708747319045680759640351414741201 ], 
  [ 90193280858164261, 2417050112106054391, 1689758684770505644051 ], 
  [ 2393386691342302399629084957164723176791170252206579507 ], 
  [ 611987316239588423946131319397, 475425723473074686735880655222532356921 ],
  [ 42559390643041, 2196910122979058158401949315933 ],, 
  [ 3577856781399761521 ], [ 4536142445915162239 ], 
  [ 401622953264849, 531619932136609, 4511693527270273, 2495463210607785601, 
      57563253049919625754817 ], [ 370314362251 ], 
  [ 2436640333, 2149029785676013518399427, 146517309074277660307694137 ], 
  [ 6854902751 ],,, [ 3108747273133, 39150807205766513 ],, 
  [ 607729182912961, 380588396647738612321 ], [ 356269025069 ], 
  [ 31576100848646923 ], [ 5652787012124612626352299 ], 
  [ 292423536603019032445441, 38526563587503197541848153, 
      8411562673847300595099862486933 ], [ 37195070297501 ], 
  [ 819047111273164747 ], [ 318643656337, 1846719704827, 642136533370536667 ],
  [ 4669565177729 ], [ 1544684443, 5527824151 ], 
  [ 485903048458368955545041, 593857454935838176004611, 
      972836556660358850717562554000754341 ],, 
  [ 91224381836730600683976112985686263477157 ],, [ 410452333727959437751 ], 
  [ 989493950489694127637671 ], [ 956982715640126112718612492034297489 ], 
  [ 12143302669669, 513728938276744870927151 ],,, 
  [ 474109534127916821, 161921540688007368272851165636419561702111689101 ], 
  [ 18636337312579496173 ], [ 7668653627, 306071995335601771 ], 
  [ 4045155233977001 ], 
  [ 2639297693678306833, 3331615875712702354405419820993 ], [ 94707759491 ], 
  [ 352887056419, 2855612781335605309, 1113674906461864797383 ], 
  [ 57270494989 ], [ 546554393613404821 ], 
  [ 1230072147143537, 15707448026293608298171 ], 
  [ 23079954952501, 64773054114173401 ],, 
  [ 52608645580573027217, 4978497513043102633298904868939396253009 ], 
  [ 2583752880691, 13849565215929497911 ], [ 2649594487 ], 
  [ 12395098591, 18918080771 ],, [ 6460029703 ], 
  [ 18133731194622551620377760123 ], [ 145131999209000605492381 ], 
  [ 619933680488321, 209926129172277418249179841 ],, 
  [ 28248141301759499646689430987206424961 ],, 
  [ 48466445085521, 344053117578825543221, 
      20423020630080858144662437773809389 ],, 
  [ 2813592931, 1537603221324813299, 69442607828078434826370983, 
      4032968416862022499384796528408831917 ],, 
  [ 525984641449, 494629979408272188433, 11843665966056022356816097 ],, 
  [ 2037494646931, 4796121824106287342939295701 ],, 
  [ 28849520708844329287481 ],, 
  [ 19574766156194716921, 127493460084247480209551346899749 ], 
  [ 792232717151 ], [ 8899842712366729273316686084886641 ], [ 1311448408789 ],
  [ 1393556640599 ],, [ 18998737921, 157464927408789361 ],, [ 138631200163 ],
  , 
  [ 19344828409, 21404872721, 1921724734345096921, 892271164385046958740435329
     ],,,, [ 4208763795197470578689561 ],, 
  [ 3258507043871, 36362424635131306301 ], [ 132574953083 ], 
  [ 121819230689429695858787943155521 ],, [ 20712487018001 ], 
  [ 22008355591, 67595977411 ], [ 2318156493409 ],,,, [ 6731350601 ],, 
  [ 1146118841271571297548703 ],, [ 1536351232511584273513 ],,,, 
  [ 489800784929 ],, [ 75835954810861909288630051327803635589631 ],, 
  [ 79057514290061 ],, [ 1161080113 ],,,, [ 563797244167071521 ],,,, 
  [ 33962300149, 3555794857567 ],, [ 4348600033, 3544857518497 ], 
  [ 12387208051, 18643576051, 354019285974236851 ], [ 27475107350413 ],, 
  [ 2376097897, 38562942551866380589 ],, [ 4445447613461, 6575506431311 ], 
  [ 12887737356187 ], [ 8628040129409 ],, [ 101603473723149343009729003 ],,,,,
  ,,,,,,, [ 15190072792957, 233692766420664806172949 ],, [ 1022706617 ],,,, 
  [ 116584728877 ],, [ 77102909608453, 407673366425690047 ],,,,,, 
  [ 167536992248341 ],,,, [ 268021733233 ],, [ 35030161643 ],,,,,, 
  [ 395646588241 ],,,, [ 4289397076316833447129 ],,,,,, [ 2009038905354697 ],,
  ,,,, [ 6431106585889 ],,,,,,,,,,,, 
  [ 5362926901, 794818378801, 15704504285779101219901 ],,,,,,,, 
  [ 11172828123073 ],, [ 20247858647142584291 ],,,,,,,, 
  [ 1014326516577383473 ],,,,,,,,,,,, 
  [ 225239948671, 4083438023112361, 1817528676873745596751 ],,,,,, 
  [ 30838352186451937 ],,,,,, [ 6376162843, 88947695503, 139961393913043 ],,,,
  ,, [ 21514846031980669 ],, [ 3061916425878451 ],,,, [ 2755408207 ],,,,,, 
  [ 136643484576276026281 ],,,,,,,,,,,,,,,,,, [ 38086053486391 ],,,,,,,,,,,, 
  [ 29011753946644680121 ],,,,,,,,,,,,,,,,,,,,,,,,,,,,,, 
  [ 6877681434541, 606444996109681 ],,,,,,,,,,,,,,,,,,,,,,,,,,,,,,,,,,,,,,,,,,
  ,,,,,,,,,,,,,,,,,, [ 2041276980436321 ] ];
