BRENTFACTORS[8147]:=[ ,,,,,, [ 1981291019, 73178826239 ],,,,,, 
  [ 61402099345198223, 167587404631780995551 ],,,, 
  [ 6325499044939973, 135224873974285978132423, 440418335946856896958379 ],, 
  [ 7969477441547, 87595988751053911 ],,,, 
  [ 335710031177, 3601080149083, 985767276517393, 40069630015068163, 
      55207185756671421722993 ],,,,,, [ 3875208811 ],,,,,,,, 
  [ 65489788811771, 722922153230749 ],,,, [ 83098615829 ],,,,,,,,,,,, 
  [ 2676257473, 3126777590736719 ],,,,,,,,,,,,,,,,,,,,,,,,,,,,,, 
  [ 1104683164927 ],,,,,,,,,,,,,,,,,, [ 70111412000041 ],,,,,, 
  [ 497864660893 ],,,,,,,,,,,,,,,,,,,,,,,,,,,,,, [ 4945484363 ],, 
  [ 2187249344951747 ],,,,,,,,,,,, [ 24738375326879 ],,,,,,,,,,,, 
  [ 22616097433 ],,,, [ 112551080197293217 ] ];
