BRENTFACTORS[6271]:=[ ,,,,,,,,,,,, [ 10133750927, 10659307907 ],,,,,, 
  [ 12446855166803, 147766249009975637581454921 ],,,, 
  [ 64985000033, 562211963064993477874803040901 ],,,,,, 
  [ 366961900387, 44673833906965807022577956381, 
      10472130090297438977868658225337670360037989906338538098210717 ],, 
  [ 526744409359053528566802535243178342017635358571229553, 
      1579695381135209427497209021355606488423572107068708647618577 ],,,,,,,,,
  , [ 212050844715121, 322451352736801861800969997779595837 ],, 
  [ 256766223127027, 89373696538658373983003 ],,,, 
  [ 11818495801301756339, 9790725951476546229322682087 ],,,,,,,,,,,, 
  [ 16412742713401716180181, 2368522478065793714018074443965423 ],, 
  [ 1816618433505855902137, 2608941129238448540983, 
      2814279194944291503646984256625151 ],,,,,, 
  [ 21273255124841, 11872780442022113, 6735389726062274446158097 ],,,,,,,,,,,
  , [ 2717153651, 149631047311, 233603525983 ],,,, 
  [ 474532807421, 18305060014687772848037 ],,,,,, 
  [ 1847480513, 880567791029287087 ],,,,,,,,,,,, [ 164413724712319 ],, 
  [ 142110148541, 34541301800374245479 ],,,, [ 2412279263 ],, 
  [ 67751733368112868764023 ],,,, [ 1582626473 ],,,,,,,,,,,,,, 
  [ 3898723420979 ],,,,,,,,,,,,,,,,,,,,,,,,,,,,,,,,,,,,,,,,,,,,,,,,,,,,,, 
  [ 5910232412389 ] ];
