BRENTFACTORS[822]:=[ ,,,,,,,,,,,,,,,, [ 2689743263689382835667 ],, 
  [ 1203036906862129 ],,,, [ 2344317498017669843243807809 ], [ 7670394673 ],, 
  [ 22130577587 ], [ 496236670733593 ], [ 3164847764933 ], 
  [ 1742985667, 80058329683, 850463127388927318048693 ],, [ 171000219292697 ],
  [ 6285102497 ],,, [ 4981598712816251, 124882301587087661 ], [ 4924039429 ], 
  [ 580270223305041085389900816876880087691 ], [ 3713330741 ],, 
  [ 22202906041 ], [ 1679710469, 9887753572325267 ],, 
  [ 324060089520302657902889718016963697 ], [ 3548021258049870253081 ], 
  [ 25409818801, 14470266352729537531 ],, 
  [ 139196440613, 1134718702686937038826405618456807003 ],, 
  [ 232219974523301360737 ], [ 2044460051, 3741598031455301 ], 
  [ 7268144764116151 ],, [ 2785199503, 62507917124689097476412494378088142791 
     ],, [ 634842931740341207213508446291 ], [ 100980538177, 56564971330169 ],
  [ 22729744269725693959473744480989947 ], 
  [ 413590399945098778178065688650743577 ], 
  [ 13219069748663860471967, 23060180797590456112267, 
      5276324525674286020686800563, 11253897645416358620415243627616732091 ],
  , [ 631980676927, 457454888233363, 507450893136113, 811279128451959479161 ],
  [ 125701353042582169858513 ], [ 21724297057, 66884427643733849521 ], 
  [ 16265741970113, 343119383183527348609 ], [ 583193366511492067248191 ], 
  [ 1647699886867, 3754800321808565437 ], [ 546015710114489 ], 
  [ 4910850715229, 25235483785869917753 ], 
  [ 1095188097098794281285699444498397 ], [ 6731382147270193981 ], 
  [ 8988686479 ], [ 4149740449, 2917543861222225849 ], 
  [ 58701784027123818563449, 81070697070477704992009 ], [ 36922182859 ], 
  [ 5309663851, 19543570850728501 ], 
  [ 199039357862621, 18101553424225582715069 ],, 
  [ 185452352602453, 1197247837927550420139103 ], 
  [ 10461862750730411159, 314766436256805278545451 ], 
  [ 38355905921, 226471148412961 ], 
  [ 1295934405503681087694591449167, 1624391605458790364842960499623, 
      2517843234871621495581536183059 ], 
  [ 52432955192840156207964162097, 155126161619449415650096595071061 ], 
  [ 1469783921 ], [ 505496386636280341, 57746159191098264769 ], 
  [ 13137494941 ], 
  [ 436282520677, 9369678664389557238927588180731, 503992571405387145609967913\
63152527029 ], [ 106504013743 ],, [ 32516739181 ],,, 
  [ 27059393281, 3254845920148673, 102798914480367697, 773356592884572068417 ]
    , [ 316047158211073 ], [ 39138928573487, 6566841210523985561 ], 
  [ 112332699707381 ], [ 18969584791573729, 705642951732072970416486746710849 
     ], [ 14774016263, 17540171102177 ], 
  [ 939229763543, 18641946709628875376479, 84689888843472075154722305723233 ],
  [ 968569599691, 57473382650183508463447051756894033 ], 
  [ 933394460501, 2295029604690513701 ],, 
  [ 53049482919397, 1290079902921531509224399 ], 
  [ 3852680599, 77836397557717 ], 
  [ 8124447241, 104414724107201, 340574059377164506108085134144700698009 ], 
  [ 167268188040708350821 ], [ 450604599399581362401092675953 ],, 
  [ 4400893837, 450424001027291143393, 15411947032755533233483679881 ],,, 
  [ 3031083130087, 1024999110959569128319 ], 
  [ 56008956730254243857, 167033627601642369400427316768035581032113 ],,, 
  [ 14005687268444771 ],,,,, [ 873396031775521 ],, 
  [ 4591019010342177463, 507446232435312357154598133427 ],, 
  [ 10552035632274401, 202787234188071021133 ],, 
  [ 23939925133453715550438258591979, 564338847444488086219346315396988811 ], 
  [ 22420264787 ],, [ 17431236281836125019 ], 
  [ 8354894401181381859274577263269661, 
      929719174948229803590315334098961670051 ],, 
  [ 268914029475860620941937, 195641977455486482639678310593881 ],, 
  [ 13416144285373418987 ], [ 46531158962203845889741 ], 
  [ 17277391843125833, 96664587209816377, 320385025331638745089 ],, 
  [ 8296044230879109383134870311197718401443 ],, 
  [ 3777573917446499801, 5541626001541806017381, 906053079902357600758861 ],, 
  [ 5959246488388757, 141919981210618527167178509 ], [ 972509018053 ], 
  [ 50694031156178742481, 113924197411170316424978569227580511243089 ], 
  [ 553340592859111 ], [ 77929612061392613 ], 
  [ 3886543291, 4749263440708326079 ],,, 
  [ 238019284294962105301, 2628147604422521617715800396721827643551 ],, 
  [ 2532704741093713, 850090174193986849, 1103636189766783812602614936977, 
      2841277777289571185255384188609, 53247399810974375971911429552334009 ],
  , [ 169517973210405275635873 ], [ 415768622157068801 ], 
  [ 1421499769, 3268365141757, 165766895688151549683030531907053697587469 ],,
  , [ 912548109716317, 1487566958410453 ],,, 
  [ 4187171719, 588821333583343843 ],, 
  [ 19346280358651526333, 19836457784389889257 ], 
  [ 31026400043761, 1715725415596004011 ], [ 1647111761 ],,,, 
  [ 263241528091, 351350768162417531 ], [ 10455945481, 773973703369 ],,,,, 
  [ 66780215393 ],, [ 227012614980074263 ],, 
  [ 13989043700641, 296443931979409349606120045732067740586003148757729341 ],
  , [ 1647059475942427, 6066926260599751 ],,,, [ 300107813292881177869 ],, 
  [ 35317507665009242437 ],, [ 52296216347364811 ],, [ 4144200961 ],, 
  [ 26596338892873378072937609 ],, [ 10941140751241 ],, [ 4754908423 ],, 
  [ 19200205760201 ],, [ 58433923297, 19979440875089 ],,,,,,,, 
  [ 552904148567355185918521 ],,,,,, [ 26991903716659248899301851833 ],, 
  [ 1523397670127, 15320263264039 ],, 
  [ 7481390267341, 81642835670825599348201 ],, 
  [ 2527745947, 2688743011, 2839730560423 ],,, [ 1105250851 ],,, 
  [ 231449900192745625820301739189 ],, [ 29608976870404325267911 ],,,, 
  [ 62486329328797612681, 779791836935701919054233, 
      219520065462901398431733043 ],,,, 
  [ 3258859554077, 17468566425437, 416668517281953554201081 ],, 
  [ 3947045281, 32504633761, 231760076641, 2054139917607081369361, 
      503942629667121502703281 ],, [ 7829775611114777 ],, [ 107263874737 ],, 
  [ 801638696585024010132421, 2821540271601400576827785683 ],, 
  [ 39058521615209 ],,,, [ 1333834878097, 99928461196109963089 ],, 
  [ 151354086929 ], [ 1516225411 ],,,,,,,,, [ 52087318963417 ],,,,,,,,,,,,,,,
  , [ 3893853291161 ],, [ 3183166369 ],,,,,, 
  [ 277766563709953, 7552283358970369 ],,,,,, [ 1482497941, 25519015096933 ],,
  ,,,,,,,,,, [ 59664750877 ],,,,,,,,,,,,,,,,,,,,,,,, [ 20832130771 ],,,,,, 
  [ 199270633633 ],,,,,,,,,,,,,,,,,,,,,,,, [ 13520632093899315481 ],,,,,, 
  [ 1231920133 ],,,,,, [ 5241446893, 40418690303137 ],,,,,, 
  [ 1109283070719601, 6138962448378544009 ],,,,,, [ 1378308177802753 ],,,,,, 
  [ 4512228550155301 ],,,,,, [ 138238268653, 242708164381, 6710361720049549 ],
  ,,,,,,,,,,,,,,,,,,,,,,,,,,,,,,,,,,,,,,,,,,,,,,,,,,,,, [ 331607967355801 ],,,
  ,,,,,,,,, [ 119904483931, 1236214475006281 ],,,,,,,,,,,,,,,,,,,,,,,,,,,,,,,,
  ,,,,,,,,,,,,,,,, [ 264988400491 ] ];
