BRENTFACTORS[3673]:=[ ,,,,,,,,,,,, [ 198052157057, 348851010727103 ],,,, 
  [ 1700202278422411 ],, [ 6518492641 ],,,, 
  [ 2862262187, 637662734023304649007 ],,,,,,,, 
  [ 6163233193509218431152741073617058281458489814137, 
      27435276485756060125589856508901253747036626797052263 ],,,,,, 
  [ 41845886454436353480343307, 382641256640655151947623984036853866377841, 
      61393479340271091868190354910445476979028210874800378071441 ],,,,,, 
  [ 13038038257, 145694802702110243713, 308027512919931220753199 ],,,, 
  [ 130420695553 ],,,,,, 
  [ 1046615593, 16963940551, 43032157607, 5710827790009, 
      1756189951053359598270841 ],,,,,, 
  [ 67167943363, 1398767365669, 30831339920254799103887, 
      258356716844996102991839470279 ],, [ 78235875164826487 ],,,,,, 
  [ 329000103934687, 2324041324127810376743 ],,,, [ 17732296738990627867 ],, 
  [ 62849167793 ],,,,,,,,,,,,,,,,,,,,,,,,,,,, [ 696653775737 ],, 
  [ 5686803676036215877 ],,,,,, [ 3135967279 ],,,, [ 1776209033, 66495370027 ]
   ,,,,,,,,,,,,,,,,,,,,,,,,,,,,,,,,,,,,,,,,,,,,,,,,,, [ 280910903346224231 ] 
 ];
