BRENTFACTORS[6569]:=[ ,,,,,,,,,, [ 7297250489780549, 20506874900616686929799 ]
   ,,,,,,,, 
  [ 3743048886836346737227431053, 138620458835854512934194196224254967602807 ]
   ,,,, 
  [ 892264728199059925838371, 1572232163468378377499915963, 105420924088849775\
217149647459 ],,,,,, 
  [ 16558578760077413, 58298509116225869, 608224064954261241169 ],, 
  [ 21739647258089231, 83945731318261907, 42380392352224313502387433086901, 
      3280162101521433652318568002496486515806161 ],,,,,, 
  [ 413010942566801599, 2938336565563381887844374864241 ],,,, [ 5903837887 ],,
  ,,,,,,,,,,,,,,,,,, [ 248885573032250869227907 ],,,,,,,,,, [ 437713249709 ],,
  ,,,,,,,,,,,,,,,,,,,,,,,,,,,, [ 1753622481568613 ],,,,,,,,,,,,,,,,,,,,,,,,,,,
  ,,,,,,,,,,,,,,,,,,,,,,,,,,,,,,,,,,, [ 12166172388202451 ] ];
