BRENTFACTORS[3709]:=[ ,,,,,,,,,, [ 1027730256367 ],, [ 737387610780809 ],,,, 
  [ 6245252697072721, 183178567544474974481 ],,,,,, 
  [ 46008719986673659988267321173 ],,,,,, [ 5169352312976229386414293 ],, 
  [ 1296548994163, 10201004894068597389789138337694687 ],,,,,, 
  [ 81008879225389121, 1314277209772551448092032191 ],,,, 
  [ 9459053423007531579716617 ],, [ 48303139691 ],,,, [ 2259858889 ],,,,,, 
  [ 1235235971861697527, 3887046890610486199637923 ],,,,,,,,,,,,,,,,,,,, 
  [ 1233273389, 1876609541 ],,,,,,,,,, [ 6133579606846533335303111 ],,,,,,,,,,
  ,,,,,,,,,,,,,,,, [ 2882280699910422887 ],,,,,,,,,,,,,,,,,,,,,,,,,,,,,,,,,,,,
  ,,,,,,,,,,,,,,,,,,,,,,,,,,,,,,,,,, [ 7792351463507257 ],,,,,,,,,,,, 
  [ 24657884171 ],,,,,, [ 10241858611 ] ];
