BRENTFACTORS[7879]:=[ ,,,,,,,,,, [ 727044849103 ],, [ 189961544330397090863 ],
  ,,, [ 5320734733, 40160275619 ],, 
  [ 12591620491342427198582454074151001, 1087560202639824114859732224932736481
     ],,,, 
  [ 8715277276984177, 4652360555361584755546507487783, 55696080322959488279462\
084571388199 ],,,,,, [ 84047894309, 23296817808461732206245877 ],, 
  [ 70164115423, 1051446902951623604976286384877 ],,,,,, [ 2530482889873 ],,,,
  ,, [ 32951216920860253, 6301893643815429823 ],,,,,,,,,, [ 13340277869 ],,,,,
  , [ 743382068131 ],,,,,,,, 
  [ 1236101345373047, 1810777776166187019515007033247 ],,,, [ 16111250989 ],, 
  [ 2345923476035533, 603778489312417833347 ],,,,,, 
  [ 2019716624036653281924143 ],,,,,,,,,, 
  [ 1189843849, 338241413566687, 19233479600878219682398427 ],,,,,,,, 
  [ 27913799348101 ],,,,,,,,,,,, [ 808301977356877 ],,,,,,,,,,,,,,,,,,,,,,,,,,
  ,,,,,,,,,,,,,,,,,,,,,, [ 1783685605799 ] ];
