BRENTFACTORS[801]:=[ ,,,,,,,,,,,,,,,, [ 12699775486238391413 ],,,,,,,, 
  [ 163498568875092851, 399829872882775151 ],, [ 2464598473273 ],, 
  [ 19025423147, 527554143859 ],, [ 215789731074911637469561 ], 
  [ 4592599771496674369 ],,, [ 1278624691 ], [ 2183229486937 ], 
  [ 19589263943, 175688476697 ], [ 90877650827939 ], 
  [ 36748637525055991189727271219463 ],,,, 
  [ 1034984799634539241489219747455403862444053 ], 
  [ 31038129837498653, 166916424184152699629 ], [ 63925680471469122961 ],, 
  [ 1419811382815139 ],, 
  [ 1709589001421359250028191966983, 11355339324265364858889423275719062452885\
333 ], [ 88563300101 ], [ 232364425361348593367307398602850443 ], 
  [ 2228860948393 ],, [ 9435872737 ], [ 38184749874697238270041 ], 
  [ 788890111409, 7590729734113 ],, [ 228089278139, 4280429561817858807451 ], 
  [ 738387512086661, 36907383515144514109 ],, 
  [ 108463677422307973, 3280384326113382040037489737 ], 
  [ 9633209874218931795863 ], [ 237726920089, 43352867955414406677247 ],, 
  [ 485982557201497599960068389822634461 ],, [ 707364126331781 ], 
  [ 557087913261902123619601 ], [ 37454151373 ], 
  [ 2156392351, 4494102667019701 ], [ 183289701817 ],, [ 1390796120601257 ], 
  [ 4341214430007000789473, 17868636206051168090140308044172313382639 ], 
  [ 729017541280285951, 1316336079577734824271406880532121801 ], 
  [ 2963634568864907443624913628655635173 ], 
  [ 38092929639892667, 47072564746562279 ],,,, 
  [ 10263990169, 191393242752961 ],, 
  [ 14798598860231, 919685218195907494615337 ], 
  [ 177469898829894217, 11439271917141272930292757 ], [ 4489602251 ], 
  [ 24904939495744303, 8144695083607606359264359245001942778513310123 ], 
  [ 176903900791, 57492921231801536707823851 ], 
  [ 10286946799651063672878531436393841 ], 
  [ 3777647257379, 15209604378047, 109419974366868721, 
      51727521720583200161850793 ], [ 2470091761, 6714156478501 ], 
  [ 4840712423, 112670532521, 10890070045867741, 3711106151105858233 ], 
  [ 24445896268480168356428664961 ],, 
  [ 17678103889644972001311601873643981173681 ], 
  [ 4221499352980813369981631 ], 
  [ 7002858228838744153309661370723046330583041 ], [ 793478498347559 ], 
  [ 3425674794036949343439829598637931428492566611 ], 
  [ 1929555238726369, 15228160045302985111 ], [ 809681026512601 ], 
  [ 798308401783 ], [ 9808539224813198250780319 ], [ 463132836931 ],, 
  [ 19236615301, 4662511457422918923391 ], [ 12115075243575647443 ],,, 
  [ 516473059496809 ], [ 392513529871, 11685887545231244441251 ], 
  [ 1767152749240366304914915033, 9062279702891786780902983823 ], 
  [ 37693815005901878321, 2501911172579025721163777 ], 
  [ 2337675523, 1832724521177359, 32197744189416125040697 ], 
  [ 9461167465753, 211928124411623927551, 1047913370066981514599949919051 ], 
  [ 673949305667641, 3417747639942661471, 7461477851154060451, 
      105424517935343805691 ], [ 5109348785501822284098181829 ], 
  [ 1332753553, 185108333828802454747, 147632936169517961984707591686241 ],, 
  [ 119730088613171 ],,,,, 
  [ 40903436419989217127033, 2620801609978988668487953, 
      7528507886276268363295391201 ],, 
  [ 73889150077, 4615320968846878879, 1118091589677101891629 ],,, 
  [ 6626426375539, 856997338302222691452919 ], [ 79540549053941 ],, 
  [ 81945217014013 ],, [ 4468970887, 56275747736928331 ], 
  [ 377942277241, 345045141169371091 ],,, 
  [ 12470731150643841708504653389, 95875079979014398775253906717975784501 ],, 
  [ 6328016521, 21144036341, 238662636995026721, 
      1511024273059080244402360049662336981 ], [ 330207200923 ], 
  [ 39047961288109 ],, [ 116632793579817721816333106473197252333881377 ],, 
  [ 38098067383 ], [ 1332403366561, 147425629227996463 ], 
  [ 1891143113, 12754441829 ],, [ 31647036063978583594673120440051 ],,,,,, 
  [ 3693181537839769 ],,,, 
  [ 2450158527841, 114761497147841, 7222302712158051745921 ],, 
  [ 29914941731167, 118708047828757 ],, [ 1266998722411924189 ], 
  [ 272186689578871, 6647817775181221 ],,, 
  [ 45241786224937, 5924631709352833 ],,,, 
  [ 10845287720329, 541703948414257, 3111242747364809, 2923119145938306097 ],
  , [ 86425445593687266583011872910457 ],, [ 23526158605197435932866529 ], 
  [ 93485967859381 ], [ 34776902874496436663297 ],, 
  [ 2269011219121, 487350977082950590171201 ],, [ 375545247169 ],, 
  [ 1265685769 ],,,, [ 3148070153, 83463382081 ],, 
  [ 1719360541, 2184225941, 13125117776835191, 186966178694981111 ],,,, 
  [ 39858152030618959 ], [ 344092460791 ], [ 2351641321 ],, 
  [ 1189485405000836176663, 262464258846834760374893750077 ],, 
  [ 3543124801, 3950803201 ],,,,,,,, [ 4429398826529, 90762992942806913 ],, 
  [ 3540890845137250585710172125443768422916252431 ],,,,,, 
  [ 7199587162336033, 264752712692110441 ],,,,,, [ 1766159851 ],,, 
  [ 88907744191528351 ], [ 44634805867 ],, [ 3749077417 ],, 
  [ 34193968367560808401271 ],, [ 14692577989513 ],,,, 
  [ 352078466425117, 424672597410379217 ],, [ 6185750618847983 ],, 
  [ 375157529041, 16878904552963899841 ],, 
  [ 1806774164207, 48229823341676329, 345237767300710747 ],, [ 4447627853 ],,,
  , [ 134104100530801 ],, 
  [ 218901714128443501, 464900121704664692521712934001 ],,,, 
  [ 76483707789367133 ], [ 1309870513051 ],,, [ 1219533751 ],,,,,, 
  [ 120044276855449 ],, [ 3183490129, 43282863390439 ],,,, 
  [ 194751452001331, 16779207151240741, 5982155018076270751741 ],,,,,,,,,,,,,,
  ,,,, [ 6805354675681 ],,,,,, [ 11258324189420222881 ],,,,,,,,,,,, 
  [ 6479161993 ],,,,,, [ 54081167357954054449 ],,,,,,,,,,,, [ 1055982097 ],,,,
  ,, [ 14058785879491 ],,,,,,,,,, [ 36386661281, 31482532107461 ],, 
  [ 6878057918912484697 ],,,,,, [ 4270459123496509 ],, 
  [ 620833579451, 574742667229501 ],,,, [ 825768133423 ],,,,,,,,,,,, 
  [ 623362600099 ],,,,,,,,,,,,,,,,,, [ 408610937089 ],,,,,,,,,,,, 
  [ 68307590341 ],,,,,,,,,,,,,,,,,,,,,,,,,,,,,,,,,,,,,,,,,,,,,,,,,,,,,, 
  [ 251521364251 ],,,,,,,,,,,,,,,,,,,,,,,,,,,,,, [ 5298751827841 ] ];
