BRENTFACTORS[7591]:=[ ,,,,,,,,,,,,,,,, [ 10644516822151360474363 ],, 
  [ 6704873859962347304813740925957 ],,,, 
  [ 284721616199821, 1564946858706808562137 ],,,,,, 
  [ 10087103342973686999509901293115461 ],, 
  [ 2545126582666869431415693762952185136902338474106761730179 ],,,,,, 
  [ 653990119088801368201, 176899772623392094154147, 
      190386145338312379588275089 ],,,, [ 452074709903881 ],,,,,,,,,,,,,,,,,, 
  [ 56392248261093053 ],, [ 37065188271493445549 ],,,,,,,,,, 
  [ 47845420835843 ],, [ 98200615343569 ],,,,,,,,,,,,,,,,,,,,,,,, 
  [ 1337309513 ],,,, [ 2543891851928139965538119 ],,,,,,,,,,,,,,,,,,,,,,,,,,,,
  ,,,,,,,,,,,,,,,,,,,,,,,,,,,,,,,,,,,,,, [ 7636165947199 ] ];
