BRENTFACTORS[717]:=[ ,,,,,,,,,,,,,,,, [ 1307219489 ],, [ 1786355995540411 ],, 
  [ 15222803685391 ],,, [ 5514130681 ], [ 2196758880851 ],, 
  [ 82039878750554749 ], [ 15091702857057793 ],,, 
  [ 186681494616299409205763011631625769 ], [ 1512717882017 ],,, 
  [ 52000054311245152965870991 ],, [ 2528255680714884939857830128881 ], 
  [ 15319335277 ], [ 79541583815493896248604302579 ],, 
  [ 1620734367792779281208112436643549870093 ],, 
  [ 90119506806730007, 3839548277157252067 ], [ 1421255009329 ], 
  [ 18045868411, 20142439682391811 ],, [ 1044361057 ], [ 662044769949313 ], 
  [ 485347199266401661625143, 4740263378803011494779928747237465273 ], 
  [ 18872727101 ], [ 17470289191 ], [ 10205553145426601 ], 
  [ 354725962386884471 ], [ 195240726214921 ], 
  [ 27074441351, 25277292349711992701 ], [ 899879521477553 ], 
  [ 147774545882281035733719169 ], [ 79743183080201 ], [ 125962122571 ],,, 
  [ 72698372354217065025431249 ], 
  [ 96095149524991, 4883828227197256463841693355424866817599819 ], 
  [ 22853919510471233, 3665875668083756993 ], 
  [ 63059826775357717624050797911 ],, [ 41797286969 ], 
  [ 223084895676449, 310464218020409 ],, 
  [ 379719712056685211, 1274193149090061341 ],, [ 5523701041, 4050744117913 ],
  [ 27144249092510786133701 ], [ 3798431192983181618623254333152687 ], 
  [ 17503754701 ], [ 12244531153, 143241588972183368137 ],,, 
  [ 519659196449, 10833925914649163 ], [ 4188273744243601 ], 
  [ 48336175611343, 20185048728662710679400971809, 
      507332434951270865449676458119429386774781295753 ], 
  [ 365460770898673, 12790680344807206654698806231 ],, 
  [ 12171349482127213813 ], [ 305840890089105941 ], 
  [ 51760678531, 42507347735768353, 5656777250179954244035446005269 ], 
  [ 6420944521, 1725413686184197, 59267213490346153 ], 
  [ 626877510601, 1916589762121, 64842850750231577, 
      48661086109076627574977436537889 ], [ 2752389224007730465607 ],, 
  [ 13536297139, 1777805820883 ], [ 137465702944500714040706653 ],, 
  [ 3937562053, 157557113833689419102137343, 
      1326855309141493000022510919791833 ], [ 2368373841395068978841 ], 
  [ 1490025839040254390881 ],, [ 4652309634911 ], [ 81319486893481 ], 
  [ 497826159825101101, 494763302590322172599663406864229847904734912801 ], 
  [ 251414401908041 ], 
  [ 63778367559382459, 54693055891795684995127, 298597876888895493020029 ], 
  [ 61533910616791 ], 
  [ 58523587989162817, 765870760964116918070615419977497179337 ], 
  [ 22933008704433661, 7918518412298302296919201, 77472712528955393304777571, 
      886822032968388096572863711 ], [ 3633670567 ], [ 123985330871 ], 
  [ 1466998737173763222874234609 ], [ 13509264673 ], 
  [ 9841115681, 16545241702152791 ], [ 100653171974542444003 ],, 
  [ 1494663431 ], [ 2173981427081027904019, 17673879251303370051757 ],, 
  [ 54079475617, 14730113841161 ], [ 1064941910563753 ],, 
  [ 1936965619, 188007111100971233, 5635159771927251686082075037 ], 
  [ 1866774608946806761 ],,, [ 2708143488499711, 241346243313538273 ], 
  [ 74977806769 ],, [ 1099055747161 ],, [ 1491426049 ], 
  [ 24702411500664989071, 1747969203350665402515721 ], 
  [ 6079921130147988465892477739467829527756031825511887603371 ],,,, 
  [ 3480238255789 ], [ 1209271951 ],,,,, 
  [ 276147834761, 355664295388729647929946397050788582396484033310136247337172\
21 ], [ 4364533392577 ], [ 220304323724173525094911 ], [ 3158318780189 ], 
  [ 89124390721, 329275898929, 433206441937, 46254726553677841, 
      34160749589937036961, 2016325476110124713842303537 ], [ 3553819501741 ],
  [ 9071333321, 122496834559156891334401282486873 ], 
  [ 21509123791, 44687118405133 ], [ 5416010849352628101979361 ],, 
  [ 68824293905109430642933920489840988841582251 ],, 
  [ 1336126513, 762832563929, 11321453919251521 ],, 
  [ 22585614367439319740748821 ],, 
  [ 67639034744581, 4287641156444101, 138749234029373293, 
      641265151097666224869270118381 ],,, [ 12655618824936793 ], 
  [ 9457867361 ],,,, [ 13150621961593, 131796946618093 ],, 
  [ 295181203023193, 3175022561704727311, 101211964556931562661 ],, 
  [ 91882206905916001665841694161 ],, 
  [ 2434557581030537351, 171610222036848148485715451 ],, 
  [ 72103958335600898801 ],, [ 32611957020400976792870512211915750461 ],,,, 
  [ 1268002635760459 ],,,,,, [ 23359551955299089, 398471811342959833 ],, 
  [ 2486888338447 ],,,, [ 2953375771 ],, [ 114884238889327706548417 ],, 
  [ 62356317878490241183 ],,,, 
  [ 20926196300791, 33491967162283177048655663059 ],, 
  [ 1225321261201, 30497299125046001 ],, 
  [ 99719054371, 1533997272818335733, 2443298372065441469039, 
      7150377310963111639109, 404291516268423011069437153 ],,,, 
  [ 26191295676739 ],, [ 51646089831649 ],, [ 36676815063396481 ],, 
  [ 925423796233 ],, [ 233292728947 ],, 
  [ 13730334207119052365449, 499731889562299105043113 ],,,,,,,,,, 
  [ 13972730467, 6773219336227153 ],,,,,,,, [ 71960025853 ],, [ 691174108837 ]
   ,,,, [ 27150960725761 ],,,,,,,, [ 4194708209 ],, [ 4913690324251 ], 
  [ 14244369245081 ],,, [ 104997324931 ],, [ 626940481793 ],, 
  [ 81003885901, 46921103262868843 ],,,,,,,, [ 302745537389 ],,,, 
  [ 10712892596177259811 ],, [ 5324040961 ],,,,,,,, [ 12542630521 ],, 
  [ 4820096735589049 ],,,, [ 17511082733 ],, [ 180112831489, 2034594279649 ],
  , [ 15034479571 ],,,, 
  [ 1815153649, 734312536567, 650173432359689613319683859 ],,,,,, 
  [ 3260732401 ],,,,,, [ 123783956299 ],,,,,,,,,,,,,, 
  [ 6591718301761, 11098041098561 ],,,,,,,,,, 
  [ 482731753351, 180658080568351, 49637087230931311, 26787716232318925291 ],,
  ,,,,,,,,,, [ 148662415351 ],,,,,,,,,,,, [ 1384760893699, 8684580252259 ],,,,
  ,,,,,,,, [ 738115687249 ],,,,,,,,,,,,,,,,,, [ 2457858817 ],,,,,,,,,,,,,,,,,,
  ,,,,,,,,,,,,,,,,,,,,,,,,,,,,,,,,,,,,,,,,,,,,,,,,,,,,,,,,,,,,,,,,,,,,,,,,,,,,
  ,, [ 7154656801 ] ];
