BRENTFACTORS[4253]:=
[ ,,,,,,,,,,,,,,,, [ 303895515601, 3661564881510920841133596164580662806876159\
27 ],,,,,, 
  [ 619032736897462056781766807, 32600678559335112772831580287642110917 ],,,,,
  , [ 290012019635612607436109 ],, 
  [ 4660878830423247877789, 889859805934049968224838515304397, 
      7810723638712734654479241621618569705038367023 ],,,,,, 
  [ 1215366125741699 ],,,, [ 9633246431 ],,,,,,,,,,,, 
  [ 26484028072808172168198599767453 ],,,,,, [ 1196723550990454762308829 ],,,,
  ,,,,,,,,,, [ 1417956587321 ],,,,,,,,,, [ 66564990288327567089117263 ],,,,,,,
  ,,,,,,,,,,,,, [ 38022202248685094976022373 ],,,,,,,,,,,,,,,,,,,,,,,,,,,,,,,,
  ,,,,,,,,,,,,,,,,,,,,,, [ 27284699987 ] ];
