BRENTFACTORS[206]:=[ ,,,,,,,,,,,,,,,, [ 1792360958158513 ],, 
  [ 4305203480193283 ],,, [ 9227057797 ], [ 93659741641 ],, 
  [ 8534958701, 583377853460951 ],, [ 14151785173234399 ], [ 11454415610597 ],
  [ 43195087545167517202823 ],, [ 4492759993625171193427 ], [ 19319500959713 ]
   ,, [ 24563771581 ], [ 1637478251017211 ],, 
  [ 125042242056461, 735099973685075357 ],, [ 435959549488399 ], 
  [ 42546214441 ], [ 10730232211274063, 468734082613643243 ],, 
  [ 7330183671721135934989811727851 ],,, [ 62832822283477 ], 
  [ 3294243067, 69787180840233449 ],, 
  [ 1581553114501374953, 15537851498522646631313249 ],, [ 45854793601 ], 
  [ 512928358316557 ], [ 41069237267232630224779403977639061164960827139 ], 
  [ 37819714068121591 ], 
  [ 1940450051, 13857459881, 797454305561, 20775164888281 ], 
  [ 26182089137, 387088263521 ], 
  [ 19543700879023, 6575604459357083553639024230713 ],, 
  [ 535234488947353829, 56211589684001717434844056636457 ], [ 2077864956961 ],
  [ 78875496121, 162117688087447733, 1837843887510117391, 
      1765915502599701842073313952047973519 ], [ 10532600606592340501 ],,, 
  [ 6440507009821, 147449386995556361, 34633056804560295511 ], 
  [ 27782348671472626111189 ], 
  [ 14106828448066061239871, 952631178004735075283160472126921, 
      1035083981370511928278899537253788088194113 ], 
  [ 418654191216233441127773 ], [ 51071998349641658565993597016785696675037 ],
  [ 7086427075421432551 ], [ 12417891907, 80123870118883 ],, [ 74333238713 ],
  , [ 575480525701 ], [ 9398910127226084367477961939453 ],,, 
  [ 10704597743075249015803391 ], [ 3477491591478746550643063292142481 ], 
  [ 27606196279, 1315158773379605929, 33041493228163195603 ], 
  [ 3319803763993 ],, [ 40688367805738392315409 ], [ 14617250474282625988801 ]
   ,, [ 13432371765991, 3189583686136638606121 ], 
  [ 3582729762050776015361, 89723297638321951905187362257 ],, 
  [ 729578476801 ], [ 1234153103, 11071585253 ], 
  [ 10271736613, 444717016949, 412662394020533, 67584584028298661, 
      112859913550860565589 ],, 
  [ 376278297799346888666318661138921167948702441 ],, 
  [ 30583111188132536522552257 ],, [ 43836854931521 ], 
  [ 3302863741, 1509266161466317, 6618676716726488767 ], 
  [ 17038764901, 101601632528401 ], [ 6071531171 ], [ 15791095317515108743 ], 
  [ 4324384562173276427531 ], [ 25680935593, 84010509100336919126228566417 ], 
  [ 21940329067437213430976581, 1453544381176409440927833614002184678911 ], 
  [ 16728531044922051643832026175273206765632795685499 ],, 
  [ 444037240647373764446639893 ],, 
  [ 151972250305829195571113401, 448498915828800648272529421 ], 
  [ 293810779062499, 5652437556589735472329 ], [ 308506370646925602704561 ],, 
  [ 18084127231, 12847208621011 ],, [ 97068667516180412891746637 ],, 
  [ 1289114129, 39587508481 ], [ 24067832949427 ], [ 155332409341321 ], 
  [ 19817788182433583, 4612302255036180629 ], 
  [ 3462969088649509, 2560764420853053821018400211 ], 
  [ 1364189311, 8398313410153981, 642737922538403652307 ], 
  [ 120434686152905295421, 17865799047450599987320349, 
      36076978724536490687077787281 ], [ 16394865001121501 ], 
  [ 258245280721, 1516207325182994063724713029 ],, 
  [ 57301164673, 20054098288245761 ], [ 302228583696817039 ], 
  [ 1158259058499604971288101581 ],, [ 1310101042273 ],, [ 57302915533 ], 
  [ 113655561751 ], [ 1331319233 ],, 
  [ 402124148353, 40311615892672245061414856340474464794793257 ],, 
  [ 15919838761, 25219901868907187517527007004753826741408092961 ],, 
  [ 34825773777168980466999787881482845597 ],, 
  [ 301352470273, 8137064864495263297417876257409 ], 
  [ 493688368029691, 51535914433007101 ],, [ 442681720956704587 ], 
  [ 24689298722841170513 ],, [ 3161501045306406645001 ],, 
  [ 51911473890122457432128664403675033 ], [ 11473754691079 ], 
  [ 2149400947, 303701203101913, 40424431822843195714152257077 ], 
  [ 12577249535761 ], [ 542440283193810974092700002322603131122407701 ],, 
  [ 20146654002750147409 ], [ 419417233689361 ],,, [ 39519257671 ],,, 
  [ 486023349571 ], [ 55967522932537901 ],, [ 261609210913 ],,,,,,,, 
  [ 1901860692825143615137 ], [ 491433339327649, 5439743590854493 ],,,,, 
  [ 152661206699 ], [ 202073425711 ], [ 1870041280531511137 ],, 
  [ 9451927490899779577, 18711453212143185073546111 ],, 
  [ 15742415572649, 1249088409417105241573 ],,,,,,,, 
  [ 390877574226428437, 58826818073654827673 ],, 
  [ 12490167537232434523, 4115025665499617930213850853, 
      53571588951989398141905897425260339 ],, [ 41918135375753935187371201 ],,
  ,, 
  [ 372084555104358541, 51473346463902771481981, 18528593591335405383554653, 
      131713419076985388536487434153701 ],, [ 16735978073 ],,,, 
  [ 876460171731625041647240127511624470724428061 ],, [ 27991725493 ],, 
  [ 12067085501, 1282505149867, 15670315216055390141 ],, [ 72309895561 ],, 
  [ 1583679392027147 ],, [ 864255217541 ],,,, 
  [ 1776287852641, 33864213127826226039329 ], [ 4648104001 ],,,,, 
  [ 19391759710096271 ], [ 37257364280614633 ], [ 138398999670754777 ],, 
  [ 106123809650008411, 509012602979316365827 ],,,, [ 97919454211264183 ],, 
  [ 406774754030531521, 3098297069889607441, 6081563229200403121, 
      34393075015420164941510739206453041 ],,,, [ 2268464547633509 ],, 
  [ 749140420807717 ],, [ 874085061673 ],, 
  [ 6528745798501, 13305893972261707585078084001 ],, [ 229886859332493217 ],, 
  [ 20065112017 ],,,,,,,,,,,,,,,, 
  [ 509891261836824541, 207115672882654730521 ],,,,,, [ 63980604604889977 ],,,
  ,,, [ 15499564968117227143 ],,,, [ 6896815066571, 28089678860101 ],,,,,,,, 
  [ 18490502135047534122301 ],,,,,, [ 5979553104907268433301 ],,,,,,,, 
  [ 2206132853 ],, [ 4807505111, 6495167741 ],,,,,,,,,,,,,,,,,,,, 
  [ 8338698391 ],,,,,,,,,,,, [ 47263509195337 ],,,,,, 
  [ 148510578106573, 57564404712472753 ],, [ 131818940216251 ],,,, 
  [ 1947092041, 88650003267577, 2621033128120081 ],,,,,, [ 5369545394372521 ],
  ,,,,,,,,,,,,,,,,, [ 3290968759259287 ],,,,,,,,,,,, 
  [ 1059996729756427043752081 ],,,,,,,,,,,,,,,,,, [ 9841219123249 ],,,,,,,,,,,
  , [ 54369654983070001 ],,,,,,,,,,,,,,,,,,,,,,,,,,,,,,,,,,,,,,,,,, 
  [ 5064244879, 22222359217168383967 ] ];
