BRENTFACTORS[331]:=[ ,,,,,,,,,,,,,,,, [ 7580566663, 136219001651 ],, 
  [ 282349518620419 ],,,, [ 15592774385477 ],, [ 8188397090351 ],, 
  [ 1911049772941 ],, [ 11026777081201395442849 ],, 
  [ 29458195409, 2236471251785237 ], [ 6271510529 ],, [ 125734672822009 ], 
  [ 1955648161776541 ],, [ 299330642802956117, 8493994839939752559920519971 ],
  [ 32209892194253 ], [ 191084755739671, 87576339440074057 ],,,, 
  [ 8360328172538087146885001752781474857075583 ], [ 1889574906659441 ],,, 
  [ 1836805442167250057361676914293, 4598781345456699037010794377031721957 ],
  , [ 37638522452623 ], [ 11085651751, 26556449291651 ], 
  [ 3744908071, 48218068321, 4826868724926019324638781 ],, 
  [ 4090279654037, 284201748863509286498357 ],, 
  [ 1236277686271, 60136877496632137858668116581543871 ],, 
  [ 673666689003484339327, 743852677897425790171 ], [ 7979595757229381 ], 
  [ 82593791421896143910638082501, 
      579076586454227273501855189738081169271292153432899 ],, 
  [ 2668836397351, 8982962372641, 145448651313772823475097 ],, 
  [ 6853145028022523408173468836679 ], 
  [ 26705372033, 226515295026304671802528341454337 ], 
  [ 1464366108011, 1705285578526437571, 21824863344088004461, 
      476861367078948899711 ], [ 10081113769 ], 
  [ 172781115260209, 1460021033000115823, 1857247077858878921, 
      174364259332609650621147254610052671979351553399 ], 
  [ 3220318093, 5594804041, 597502107864400480277 ],, [ 256051224183034421 ], 
  [ 481297606063, 512660578564266595305293812152677969, 
      394843817026813140645902198135715989929329648768918496061 ],, 
  [ 203344317743217389, 232053867879987483044083101587003356679863 ], 
  [ 122028160061, 405896217546707597 ], [ 20088070341706753132880251 ], 
  [ 1481507385937, 3980920132792859874300526340621 ], 
  [ 494875528233573659660489 ], [ 2287926531347887 ], 
  [ 75594875812537, 1788665120579432016381826643 ],, [ 1968919654230202969 ],
  , 
  [ 5580595766016201913, 313023477793752781879, 122539310445019743478437055460\
22379251172212072383838609763792567641647710229 ], [ 73637584071409 ],, 
  [ 5849106004630283331427517499892401167 ], 
  [ 19073333641, 47322206391949, 2917914047946896637525328363, 
      121805246392215107433235473941270188990909 ], 
  [ 14147048414353074737441 ], 
  [ 73681832111519, 2005439800899599, 5411997333846943004720017, 
      197542613925551241762244171, 8970467466199946113480672770916651, 
      217922059411341363980874559877723222439571 ], 
  [ 46549813411, 89534737240175893591 ],, 
  [ 1239944430017, 4456225272701, 4255281142080984121, 
      168767393985192015951241169 ], 
  [ 3036052558549, 37257775476660234063433373731 ], [ 17762536487342323 ], 
  [ 63569906831, 22784387004949679419589199125651, 
      46908469684224783304994242877204187879251 ], 
  [ 13564776598273, 133393180945582285729 ], 
  [ 373915724081035447213145765828311862447783639 ], 
  [ 200401845369931708997458416103 ], 
  [ 3123828858648936960703916547307693573519, 
      15937101732144667696671900885493570197083793577 ], 
  [ 3258881039883983201, 473746064346708425744192844634001 ], 
  [ 1743791611369430766313, 2560838744559361873669, 4282350153576060700647607 
     ], [ 143284473889, 2834570030281528651813 ], [ 2002478542881419792549 ], 
  [ 1224663604644284146577, 3560331739709903531881, 
      163136727085206271217072315321010377 ], 
  [ 17539466071, 15580990021171, 2786663026179332371 ],, 
  [ 10370289624983, 93179061535601, 6388132202376036147666837856226154509 ],, 
  [ 304533672616199149 ], [ 411802943964228301 ],, [ 1546682897728162776401 ],
  [ 3319986557 ],,, [ 278050312261829, 124778316747400895586529 ], 
  [ 9159430411, 4016599303159, 37901355229178516637901 ], 
  [ 17506773610787, 32899763222377, 
      242099258433860925861061285618422436838829967802987 ],, 
  [ 1335150721, 2974446504362023615111621399716001 ], 
  [ 96906948116116279153 ], [ 1195715433229, 747061892349104995674116516293 ],
  [ 15014708059261430053 ], 
  [ 5966043289417, 347658639153328838844204221721749341, 
      4930496845854227506356739284495897121 ], [ 2118900217389751 ], 
  [ 39257361240190434987157 ], [ 224996134463 ], 
  [ 1024640129, 20973135548033, 201159479362906886304877376538153501697 ],, 
  [ 20775242801, 790476530269876379012101765891, 
      341405552226951723318603387035471 ],, [ 1411777697603063737 ],, 
  [ 63392161634597 ],,, 
  [ 146952496513699, 123737602744399112204080253, 1601056257684600626463520288\
60513 ], [ 676496509011727, 795920008686023424110208141179446561 ], 
  [ 2749643513, 919271544348191957062590704468318759 ],, 
  [ 153275325487, 4201172933239, 21711489669577177 ], 
  [ 14848300433, 1747130485609975626203, 
      182527047823649175613722063162265665809 ],, 
  [ 107745697420379857, 2647811042004144905541244542191372641 ], 
  [ 54023127341 ], [ 298405127818081 ],, [ 4229984153 ], 
  [ 12274828706056241655985142697889, 78421279011945439175966358187571 ], 
  [ 109851686701 ], [ 20112810879947, 2204509363082628799 ], 
  [ 19386322441, 34890277297 ],, 
  [ 554334938573776404353, 4159198887939795261563 ],, 
  [ 351406470159158936341, 10905887534586054913529329 ], 
  [ 70905727163703973930108679189 ], 
  [ 143414321009, 564086974709, 105138701320354541508667, 
      5072755403099914131361225759, 
      2538505985206600645321608381489541926933666323 ],, 
  [ 69036888644124326297406032088763775398081, 
      13471148146580014835801374596167729708891493761 ],, 
  [ 130621277937439, 42352837807477732716123843275006453415549972691 ], 
  [ 181201291797253731426383 ], [ 125696581973 ], [ 16602784441 ], 
  [ 963737589096020029, 2503047043581723719, 374457473655635194883269, 
      12302454858611937363318027308665950391223588175200339011 ], 
  [ 19672716760366446406096779862211 ], 
  [ 11113304833, 47266094119975249, 5602153262975947273, 20317072835697866929 
     ],, [ 31976204458141, 2874917045351369893241 ],, [ 48243058646749 ], 
  [ 3152071073 ], [ 16625979967, 41892715951833365361214769881 ], 
  [ 2164869385833001 ], [ 70687415041, 45397290538568974282741159697 ], 
  [ 1134705937 ], [ 8880557773 ], [ 3972766097 ], 
  [ 9842643361, 170759111581, 2613478554961423918901183632619707288561 ], 
  [ 8509867456703411903913633942753685453 ], 
  [ 3121961152129, 72619311642861083457667034090403091601, 
      10135079028105090547944935063651868505233339811 ], [ 15217337179243 ], 
  [ 1894738529, 10463743097, 9427765438313 ],, 
  [ 57841197496389506502533996553269929 ],, [ 4249273803275241276973901 ], 
  [ 15324389893, 7697009870945767 ], 
  [ 109983878444943773112144905891, 945709863711993411321893332842539133466174\
698821 ], [ 53192158445033 ], [ 122127469441, 8554097253313 ],, 
  [ 7761268929589888399957, 644514527056355893710181, 
      968324894913765410817979046529797, 2373585995630961598934436113223634643
        , 217954221807984085750779252058831765560469689839200005481 ],,, 
  [ 14392089337141851596249 ], 
  [ 197336745368581303, 4147030068116686969109608531 ], 
  [ 45700281349379, 798763896242118787360691, 3847876464075139254653048059177 
     ], [ 43806300401, 85338442801 ],, [ 208428341758449259 ],, 
  [ 832160783067769, 3150119887197603396049 ],, [ 2035676551 ],, 
  [ 156580059169, 3573795263645218338481 ],, 
  [ 3956005831, 373577751751, 23011010089621, 
      36482113975824278096710463637073418330431 ], [ 2272139153 ], 
  [ 55475616433, 138640014173, 22171317122643877 ],,,, [ 1611524881591510393 ]
   ,,,, [ 2416893821 ],, [ 372383377080787 ],,,, 
  [ 11836459139, 38641648875071129 ], [ 29036961119107, 750052446656297 ], 
  [ 331824474265336028737 ],, [ 156354546251, 5441107740447341 ], 
  [ 158203098439 ],, [ 549013385122001581433 ], [ 71963344327024926441901 ],,,
  , [ 146506025306519159 ], [ 1917341989859, 414481937139501859115038609 ], 
  [ 36033279640081, 109573410540464516377941323041 ], [ 30849553487 ], 
  [ 12432955217 ],,,, [ 1871921011 ],, [ 194338528281433 ],,, 
  [ 1489938511, 39851392489 ],,, [ 4908194665939 ], [ 2758045321 ], 
  [ 15751388929, 43197116304176641 ], [ 3562551991, 105873612336999249375179 ]
    , [ 3734130057711181 ],,,,, [ 1091482926139472107 ], 
  [ 1657886961911202273241, 38080894371233026932829834537 ],, 
  [ 1902723126361, 371957923492373 ],,, [ 25717230673 ], [ 273016683829441 ],,
  ,,,, [ 153139237724497 ], [ 63365917516633846465117963094330563778737631 ],,
  , [ 45302224513923100545532201 ], [ 341895312739, 72048099209171 ],, 
  [ 1830611537 ],,,,, [ 134109556959457 ],,,,, 
  [ 59614922701, 133654018239778699525144351 ], [ 87986318488279 ],,,,,,,,,,,
  , [ 145929465837343 ],, [ 89184996676469 ],, [ 10858185241 ],,,,,,,, 
  [ 3736641603493 ],, [ 30585167681 ],,,, [ 976256202673, 32512486060611433 ],
  ,,,,,,,,,,, [ 2373030664369 ],,,,,, [ 956304429101317 ],,,,,, 
  [ 208286060029, 332960713333, 421438139996295928453 ],,,,,, 
  [ 4189371937, 545949666204169 ],,,,,, [ 4328525521, 147951728473094446321 ],
  ,,,,, [ 1031617117 ],,,,,, [ 8053310449 ],,,,,,,,,,,, 
  [ 98107330993921, 7519350775055803009 ],,,,,, [ 1919389838724541 ],,,,,,,,,,
  ,,,,,,,,,,,,,,,,,,,, [ 15978523681, 52218643681, 17651133926161 ],,,,,,,,,,,
  ,,,,,,,,,,,,,,,,,,, [ 19236322801, 1247199424201 ],,,,,,,,,,,,,,,,,,,,,,,,,,
  ,,,,,,,,,,,,,,,,,,,,,,,,,,,,,,,,,, [ 9585104731 ] ];
