BRENTFACTORS[1213]:=[ ,,,,,,,,,,,,,,,, [ 1871671237 ],, [ 667275509236837 ],,,
  ,,,,,,, [ 1370189187125977, 51023938628849273524969291283 ],, 
  [ 471971588398828717943, 1019515227652367457559 ],,,,,, 
  [ 4211779832173, 321813929203177, 136949666773173651998461173349 ],,,, 
  [ 6503957661701 ],,,,,, 
  [ 1280658163, 65726375146249513219145569, 29327817001877684126187604349 ],,,
  ,,, [ 64797352787, 1404898414357, 160001496476800603 ],,,,,, 
  [ 50077076353883, 2502724317316891, 508233492762023616019767316739, 
      11578667293811090202158247848924297468281041930568043 ],, 
  [ 45536110195686626209 ],,,,,, [ 152554473481, 333670317693344873837042039 ]
   ,,,, [ 13979219195059 ],,,,,,,, 
  [ 42019135253, 298290800172979, 1712228087345977 ],,,, 
  [ 2984526313306489457075596429387 ],,,,,, [ 3248248976361877 ],,,,,,,, 
  [ 2730783460230056581783410859336765637 ],,,,,,,,,, 
  [ 205897509317, 9250607786382337783 ],, [ 4974478127, 142026553259603251 ],,
  ,,,,,,,,,,,,,,,,,,,, [ 106631807635909611719, 9015853647290722666349800177 ]
   ,,,,,,,, [ 10661859529874763647720363 ],,,,,,,,,, 
  [ 475429510558231557081829037 ],, 
  [ 2541267035427415601, 103478347413576742891 ] ];
