BRENTFACTORS[902]:=[ ,,,,,,,,,, [ 144097255243261 ],,,,, [ 11672727137 ],,,,,,
  , [ 6085361806749635143 ],, [ 1504986701 ], [ 1922682628097323 ],, 
  [ 8647163981, 19540829701 ], 
  [ 77381305108773327970001, 324307138202907184012927 ],, 
  [ 1415525469257771063, 111653888742661503209036363707 ],, [ 6475912411 ],,,,
  , [ 402437412026893, 3207515344443887 ], [ 61366186363 ],, 
  [ 62179789980713 ],, 
  [ 1922592502687398089173, 3181928847221703750723825761, 
      23809782335942019728773451837657 ], [ 69739852337 ], [ 4267296738721 ],
  , 
  [ 146976076750564933, 17841197768788290971653006437228737830214833414486993 
     ],,,,, [ 2807289421 ],, [ 1004883193 ], 
  [ 130422481049412923958071, 11535717844706463935691104820114191441 ], 
  [ 135693159862961 ], [ 23769879247796581 ], 
  [ 1083471930023813623, 39083115656075573085621760679 ],,, 
  [ 9221618881, 5169192512655470854591245577859 ], 
  [ 783625959798887, 10544085945967574641 ], 
  [ 5553920233, 21537733141, 1424815503934864152550374161101 ], 
  [ 34186444500577473669377695655041 ], 
  [ 76641789412517311227511570156279209141841 ], 
  [ 10829927192852414253483889 ], [ 580705151934972637 ],, [ 2943459411589 ], 
  [ 99093758661744001 ], 
  [ 5873958755114364935016396581, 5966340326905944750554905991 ],,, 
  [ 2432919708419, 95700529002412648220348560483 ], 
  [ 22185312601, 975711015161916601, 4010850361817448045151, 
      6441434018470397289151 ], [ 4659807232017843990822665938361777 ],, 
  [ 1497970423 ], [ 1856942299360715867405614206967 ], 
  [ 60708969988226402245681 ], [ 35250124428072392023 ], 
  [ 1426447483, 14634095444791 ], [ 98462476927389875423431198903 ],, 
  [ 2745224150861, 6103402962062971108631 ], 
  [ 62250774652377039976837855239253, 5392961405851536119098796913554317 ], 
  [ 209919746532079 ], [ 105306693123752422231385809 ],, 
  [ 484249021571630133451, 1433724568339508567011 ], 
  [ 1852815511, 28121710163, 5448016457799007 ], 
  [ 10006895332852545675013, 1048215846722584407639496911869 ], 
  [ 548436317659, 627035576659057 ],,, [ 182253773559457 ], [ 3928726981 ], 
  [ 881242744103 ], [ 6299276657366683 ], 
  [ 64504455401, 869568580219153545892468405994579525526001 ],, 
  [ 106884764035720072039498807 ],,, 
  [ 1665046321, 416978578381, 375077836660609978793679297391 ], 
  [ 154045681822914092765089, 2515053050760672738910214887711 ],, 
  [ 200451468607564573081, 1324918609520913398449 ],, 
  [ 7128292856213387035299323600741 ], 
  [ 329707369691347, 851695770585763, 370824813899452639, 
      783488303699859420038896843 ], 
  [ 5224010513, 343596154176689, 190038704491371780355828105163187761 ],, 
  [ 44234755987578680316494072061124686853 ], 
  [ 587765637631153721, 20126806518361912471 ], 
  [ 41645025511026569, 294111073177992221721002149 ], [ 4855575866421853 ], 
  [ 1475429668091 ],, 
  [ 11752080601, 1051878448087321, 25768560860123372135641 ],, 
  [ 124760650738695556815922794061 ], [ 1408296217835102301710479 ], 
  [ 225021556062225970382089 ], [ 102470331616368922501 ],,, [ 6096744193 ], 
  [ 6425904058995742207915507669 ], 
  [ 6574123271, 437360929591, 353516164981299042411503039074582910325158619597\
8339881 ],, [ 645448589434113697, 1120354553048528029 ],, 
  [ 494476845100485639675599, 8873068150915372657097941 ],, 
  [ 3670115177, 44573329657, 12454049616112770261102291105481 ],, 
  [ 601707383721436417, 3070446293755307861147222381779 ],, 
  [ 1289440741, 11317218557028145408081, 10319245637412284269998281, 
      59417173630608937102919268232981 ], [ 16044598571323507828171 ], 
  [ 1411592938495948330388663 ], [ 186662055322013129 ], 
  [ 118855570062529, 3849890263500544785611137, 
      86546081764418734322303323750644144241 ],, 
  [ 102045598504169, 157678169826492629, 840764766008523755471 ], 
  [ 11046635304181 ], [ 47295495495543901 ],, 
  [ 6723646437751, 12004604704814075251 ],,, 
  [ 176383891944487, 6253489017413083 ], [ 852680405809, 786160691674051 ], 
  [ 469510787440061, 7757713636107821 ], 
  [ 120837431691913, 47226229804415218277137, 
      352960875196056462701038086270166542441373321 ],,, [ 12010671427 ], 
  [ 150283118498561, 3340997513278642558612001, 56184075692269486438682762561 
     ],,,, [ 33800358551334541, 342303779496136687689469 ],,,,,, 
  [ 142773871713248605009051 ], [ 11302013809 ], [ 34682349869 ],, 
  [ 11410485523, 4705344210793, 996818195843905867, 23858829607638904566139, 
      5801646736242289262990769473549623 ],,, [ 613242951855733741 ],,, 
  [ 15002279641, 1691761130821, 15600889273141, 402377078082251018722861 ],, 
  [ 29916871320538931 ], [ 24581130542029 ],,,,, [ 18162361883509 ], 
  [ 34848778884697 ], [ 198341584172861 ],, [ 4439263724008379992129 ],,,, 
  [ 21690142237 ],, 
  [ 5435780526199, 36244375585903, 981761388979876664967730168954093 ],,,, 
  [ 899044666139 ],, 
  [ 2886813041997031389005509, 6646678446312785148052874653 ],,,,,, 
  [ 177775532005051, 
      6373374730524775851499497042540735043798551597199527335371 ],,,, 
  [ 1442833355727636071 ],, [ 125791077872632177 ],, [ 4841349238541 ],, 
  [ 496827974310416276824686721 ],, 
  [ 153823817317, 259259188849, 427065957583633, 268424107000012062147313 ],, 
  [ 351321126241, 38918460095873, 226630907007564151206689, 
      30552379512667405696566401270497 ],,,,,, 
  [ 22437970783531, 1570698575607666454456721 ], [ 24600759877 ], 
  [ 181451065194937 ],, [ 196795891897493652037, 5439545295484574878111 ],,,, 
  [ 2596652730421, 4561948191473 ],, [ 1790347700881, 55615012183124639761 ],
  , [ 16271415869963 ],,,, [ 323104653793 ],,,, 
  [ 274470277631392501, 85677920312845877445421493788751 ],, 
  [ 140944870837, 127678403584751739036409 ],, [ 2076277789 ],,,, 
  [ 3325370673187 ],,,,,, [ 1193748483711697 ],, 
  [ 18471483689, 122512962503, 12234367107397 ],,,, 
  [ 746358628861, 29228621194580131 ],, [ 1652946721, 398147995799041 ],,,, 
  [ 2600525821, 3058075945000273, 260566503680058183490933753 ],,,, 
  [ 18369566876934001 ], [ 332132503367897517083 ], [ 108372217633663 ],,,,,,,
  , [ 23304925455641 ],,,, [ 6224713753290061 ],,,,,, [ 38229588601 ],,,,,,,, 
  [ 150476136219587333 ],,,, [ 2438096906233 ],,,,,,,,,,,, [ 578388986209 ],,,
  ,,, [ 1386480187036162681 ],,,,,,,,,,,,,,,,,, [ 5821188411637 ],, 
  [ 7246997801 ],,,,,,,,,,,,,,,, [ 344815728435967 ],,,,,, [ 5072636880313 ],,
  ,,,, [ 263393014249 ],,,,,,,,,,,,,,,,,,,,,,,,,,,,,,,,,,,,,,,,,,,,,,,,,,,,,,,
  ,,,,,,,,,,,,,,,,, [ 29360862001 ],,,,,,,,,,,,,,,,,,,,,,,,,,,,,, 
  [ 13090275841, 73929863521, 322916721371521 ],,,,,,,,,,,,,,,,,,,,,,,,,,,,,,,
  ,,,,,,,,,,,,,,,,,,,,,,,,,,,,,,,,,,,,,,,,,,,,,,,,,,, 
  [ 26931440707, 330912461083147 ] ];
