BRENTFACTORS[5419]:=[ ,,,,,,,,,,,, [ 12136610669 ],,,,,,,,,, 
  [ 33124683162614171799155896909 ],,,,,,,, [ 184390479319 ],,,,,,,,,,,,,,,, 
  [ 8111421334838878683070124071, 
      73198530296645252022168183924003726340993730765763332594897 ],,,,,, 
  [ 32684959997020338327612823, 9103058097313859953270536430717495241, 
      85983752792583605176436063411041555122601981 ],,,,,, 
  [ 4295313345356071, 31020271763532727031221765666768654256399262407 ],, 
  [ 814452758837559082468589 ],,,,,,,,,, 
  [ 97948819790787382877, 1779896265728657850172103, 
      12444134799297742533010560155599103 ],, 
  [ 1169043349731027630071131, 201489597628324183597362620575315297 ],,,,,,,,,
  , [ 1031059126761076723, 511316056281304833882833785179941 ],,,,,, 
  [ 38184187091, 6200112545975964311644747790261, 
      476891080122371807647835442641003 ],,,,,,,,,,,, 
  [ 41577451133, 29786475218217577, 63980977608279006217, 
      142519308576803332661 ],, [ 228255401151016064803419061661 ],,,, 
  [ 156777379407786283797599447, 191368010842973986674024989 ],,,,,, 
  [ 21761086289249623530621332921 ],,,,,,,,,,,,,, 
  [ 8899533389089865431574789, 5260759027744351119313059001442711 ],,,, 
  [ 78783137719345148190335149854762893623 ],,,,,, 
  [ 2418180149128382017625915845115789 ],, 
  [ 10201271857781, 10763055799860380313389, 14892581043246416875304539, 
      70772234320843291669844737211 ],,,,,,,,,, 
  [ 4678850321, 68212175267, 179307732738233938802080290461 ],, 
  [ 339919781683 ],,,,,,,,,,,, [ 4831918308267620959156513 ],,,, 
  [ 167677679321, 563707486683305816057 ],,,,,, 
  [ 1094844341, 20184606615751759, 2296298997189969539, 
      881659230109772807401721323 ],,,,,, 
  [ 160556715693150865771, 12847761618037749246521 ],, 
  [ 1047432521, 643753898077877 ],,,,,,,,,, [ 17457685950139651 ],, 
  [ 24308425657, 808579847870747, 740968048596458041 ],,,, 
  [ 1659739973, 7568900359, 19542861769 ] ];
