BRENTFACTORS[3371]:=[ ,,,,,,,,,, [ 179622006521 ],,,,,, [ 2279129243931779 ],,
  ,,,, [ 46093871143, 1171372968594969377116793 ],,,,,, 
  [ 188595840176083, 263636726922911223273958457 ],, 
  [ 281569441684317199346083297138430218701923 ],,,,,, 
  [ 7199545693, 9980533477, 199120636130664962137267993 ],,,,,, 
  [ 3390952309 ],,,,,,,,,, [ 1092970453, 5582306991637 ],,,,,,,, 
  [ 6623761129 ],,,,,, [ 5164705609935182886187453237 ],,,,,, 
  [ 1004331152540059997, 1197168277397236481 ],,,,,, 
  [ 2816483988379656506136427 ],,,, [ 9038651071999 ],,,,,,,,,,,,,, 
  [ 106587087539, 1488126343812313, 495927483304951921, 868812218994587207, 
      18173779703130474727, 480990522120730326307, 9605138913045392519983 ],,,
  ,,, [ 420695072106351919859363 ],,,,,,,,,,,,,,,,,,,,,,,,,,,,,,,,,,,, 
  [ 194131930689536153257 ],,,,,,,,,,,,,,,,,,,,,,,,,,,,,,,,,,,,,,,,,,,,,,,,,,,
  , [ 8667455027173 ],, [ 280488408103 ] ];
