BRENTFACTORS[5113]:=[ ,,,,,,,,,,,, [ 4164418987 ],,,,,, 
  [ 6608192363, 11138652843881 ],,,,,,,,,, 
  [ 708302706944498589530729489971182038125190792959 ],, 
  [ 4571328157244009662240288031466280292137 ],,,,,, 
  [ 6863997955557820801441 ],,,, 
  [ 2133791291, 2705963347, 8941633964130353, 10440508944994742355016393 ],, 
  [ 15980110104307 ],,,, 
  [ 3994919975065823, 1656212379258056739233, 36838965099902424304139562626630\
045152965683191443399424994617 ],,,,,, [ 2187774425721593, 5713633883604919 ],
  ,,,,, [ 38111226759122076796979 ],, [ 1398636671, 221495783099183 ],,,,,, 
  [ 623603874037, 558590601398803 ],,,, [ 616581882336207751 ],,,,,,,,,,,, 
  [ 1899164999, 19746867494404332647 ],,,,,, [ 1842811058450459873 ],,,,,,,,,,
  ,, [ 698745806204759, 185127630862422530251 ],, [ 3084101191 ] ];
