BRENTFACTORS[2699]:=[ ,,,,,,,,,, [ 139325357293 ],,,,,,,, [ 109546253321 ],,,
  , 
  [ 22345747708601, 28707090910340077440883781681, 478013677898606624339360364\
0324421 ],,,,,, [ 4756926549653, 214210229120018497, 5362914989485289909 ],, 
  [ 791902153839887504123128911823, 
      35926446594125784518116020368774526126600938757675014426161431257 ],,,,,
  ,,,,, [ 21854217716483, 99818225333628960004410337 ],, 
  [ 1552462799, 902164311414220807254160105081 ],,,, 
  [ 5445132265061, 113456458064217612217315427, 1394633736144197572679622667, 
      25954276768580415247448472268518274777361, 
      9583110555338103539809898814102729957793912787 ],,,,,, 
  [ 3733991596190470161873812719, 271180555870530176232115081073 ],,,,,,,, 
  [ 891900833262499037779 ],,,,,, 
  [ 209716516315138366063, 238415505229852501651353437801889884657 ],,,,,,,,,,
  ,, [ 48331846081 ],,,, [ 1704273900109652525299 ],,,,,, 
  [ 866954461275948062498693 ],,,,,,,,,,,, 
  [ 185886872081, 317582994283, 21838893912479387 ],, 
  [ 878494477331351, 7585429570607557 ],,,, [ 61340620169 ],,,,,, 
  [ 8889244284287 ],,,,,,,,,,,,,, [ 4643818247, 4822126671451 ],,,,,,,,,,,,,,,
  ,,,,,,, [ 2604117403 ],,,,,,,,,,,,,,,,,,,,,,,,,,,,,,,,,,,,,,,,,,,,,,,,,,,,,,
  ,,,,,,,, [ 16454861587 ] ];
