BRENTFACTORS[960]:=[ ,,,,,,,,,,,, [ 7335626143 ],,,, 
  [ 62564321333, 1152147740399 ],, [ 509347779949 ],,, [ 5076852686687 ], 
  [ 63803068769952373308547 ], [ 4581092233 ], 
  [ 41883090901, 66312349451, 596351843701 ],,, [ 12568482002917 ], 
  [ 80748488382895609, 842345566719628972799 ], [ 12294032701 ], 
  [ 680739672074325079099109622251 ],, [ 64056419870608551676279952029 ], 
  [ 221284410953, 34675530586339 ], [ 22513739291 ],, 
  [ 297640159903, 5634535300430983 ], [ 14401407766847 ], [ 1875913729 ],, 
  [ 5139938540268791719133 ],,, [ 207399989614219475810479117 ], 
  [ 297529011361, 4893471634501 ], [ 661095746660591360663 ], 
  [ 3393830210369500085737946203 ], [ 2608436347533900769 ], 
  [ 2610663122957, 5513994369004686189952216079 ],, 
  [ 4912659049, 3672119060815623589823426023 ], [ 39185226724697 ],,, 
  [ 184719328201, 6924701402168881, 6923406540683740801 ], 
  [ 147589405783740955049 ], [ 192437101501, 209142247892296333636080067 ], 
  [ 43951825852119257725033939371688013123 ], [ 1642342619116751 ], 
  [ 17744205601, 5279759514221041 ], 
  [ 12280377017, 13102381463437193, 22405334534654085355326129434869 ], 
  [ 5287205311, 3526506266347130124557, 153888222981220905648623 ], 
  [ 401189028661, 9728494122187, 271813237394683885489, 
      67119679647668405353807 ], [ 1727155331137 ], 
  [ 156448730405820036072642925184515820835258431 ], [ 1167453045331 ],, 
  [ 1474345830945073831154080288465868413 ], 
  [ 10530753229, 9538185644262386661937871581, 23569062780914411735081957623 ]
   ,, [ 2632998784321, 16956958768026614041051521961 ], 
  [ 4697799758153158146766057 ], [ 796898832647796543002273918597 ],, 
  [ 1778250156517092620125021000121931901 ], [ 3324701929, 36451959497 ], 
  [ 11351388953521 ], [ 6488097757051, 97691266660747579 ], 
  [ 10608224578942636731161163270283 ], 
  [ 904847935271362574321, 160277647179748827839921 ], 
  [ 8045178601023760554421327189 ], 
  [ 4613550421, 21501193895244410320501877429777 ], 
  [ 53939141111, 23715372774734993351 ], [ 6805179871673653 ], 
  [ 1180795224541 ], [ 1003906037, 3164145713 ], [ 1439183421527822989 ],, 
  [ 4976256289 ], [ 2022375435211, 17194766214061, 122057755689173221 ], 
  [ 131488002873406156825353238680949 ], [ 523310739371840437 ], 
  [ 72383605807, 816485644214675023 ], 
  [ 3153455507, 967873057501713256967601861271, 
      33207458575750143920136939209195581 ], [ 9621906661, 942970608191 ], 
  [ 71290401757249, 110348143015733186622529 ], [ 6494573231720984219 ], 
  [ 15703872017, 4455566755711, 487566527597101 ], 
  [ 1305180024506655869855212518007 ], [ 219460641869746892543338901 ], 
  [ 127144956557 ], 
  [ 16303064629309, 23510964373951, 700197762118069, 13919357175328867411 ],, 
  [ 1721438078897080973857212346240286976512923589620534297 ],, 
  [ 371267594509850333, 5158290583073451606820863499 ], [ 1856808174583 ], 
  [ 18341242589809 ],, [ 3236200392748853641, 5891159785768501201 ], 
  [ 3116638948183, 359036358834369709, 398537118674173543 ], 
  [ 1270534488192481 ], [ 126945612953, 253682979470647963 ], 
  [ 2168040015409, 32725701550296299480090098841869 ], 
  [ 216887563651213096021 ], [ 96360949027179666716084911369 ], 
  [ 1603562222590973360587 ], 
  [ 49037579840063, 4168837434441413753, 1980810082568950112803553 ],, 
  [ 19069086070081 ], [ 104819808020441537 ],, [ 14868712321 ], 
  [ 913124099809937077 ], [ 2543679251 ], [ 819873722543352285367665181909 ], 
  [ 206132499335143, 138289922666912662097 ], [ 9950359278387093815681 ], 
  [ 13452970018334149, 7410022924509177344402587 ], [ 256116541591 ],, 
  [ 14130730202689, 29763598262641, 34672159042782220081, 
      5454549349853273525375521 ], [ 2793220799153 ], 
  [ 1630011511, 40866373651425347659, 2121895231836680812176571 ], 
  [ 20282195881, 1752254322232676097441601, 
      1646946553680062706511823634828361 ],,, 
  [ 148657125128943908046539774486997077951911 ],,,,,, 
  [ 7690259763217, 109581529213729, 111799156216177, 
      76150472012162725801968620661415516885701642673 ],,,, [ 4458115793 ],, 
  [ 210508853551, 7423388446951, 40166374079551, 43852339263893019048771151 ],
  , [ 1111651861621914113, 5903675012422754673881, 1561641659294020468290961, 
      8320484568213278471398419233 ],, [ 115046176168163463420737 ],, 
  [ 1137906973001761, 1006894112358519373, 64699758753690817026037, 
      45890864891478092921423913610360117 ],,,, 
  [ 156158064961, 62211535276801 ],, [ 183462003649 ],,, [ 212069719971121 ],,
  , [ 28601118863353 ],, [ 14936148151, 100272283731421 ], 
  [ 338852725424263 ], [ 62951617551637 ],, [ 121776866456489611 ],,,,,, 
  [ 1245953294573589233641, 
      63305207653575052283698452138576639382106398445382960481 ],,,, 
  [ 76901677373497, 4330779242264397729636646129 ],, 
  [ 145898533549, 30378100317120349, 26560574060472732028171 ],, 
  [ 52914079937, 1679889663409 ], [ 1521396323032321 ], 
  [ 9663881530691843461 ],, [ 34245092631466177 ],,,,,, 
  [ 14480288461, 11514761034481 ],, [ 8985870370813001 ],,,, 
  [ 1959079375330717, 7196366948528881, 35705439648200842573, 
      147635453778124311877 ],, [ 1553933191 ],, 
  [ 1990727857, 13629460266742510987057 ],, 
  [ 212795315461, 13048917928621, 15312064977611733867487496616993091996966924\
4761 ],, [ 158654896917124249 ],,,, 
  [ 4719874219643809, 945438178590581833, 2371441869341368633, 
      5344700690495000389021921 ],,,,,, [ 7472657641 ],, 
  [ 10346046593, 23881890711517441 ], [ 144216517561274701 ],,,,, 
  [ 2278071295611916591 ],, [ 1028825119811090377 ],, 
  [ 13168138699, 857990001961, 135063017099011, 12570959930330881, 
      18618289367461786081 ],,,, [ 25142846933 ],, [ 6068391851178169441 ],, 
  [ 26547957811, 1781286373549 ],,,, [ 167914195622311 ],, [ 2982094522129 ],
  , [ 15573953251, 99479859567664025496669195523501 ],, 
  [ 1650795430960609221961 ],,,,,,,, 
  [ 485046056918021, 558424828085281, 11742210972019429923841 ],,,, 
  [ 8954803067198124313, 451363137659168561737540081 ],, [ 224075127801799 ],,
  ,, [ 57292218541, 94094062434689047265611, 37317016700392000337310369061, 
      623251810915819066251418022551, 15904075411921875885920718940951, 
      3367371427795432751877318466401407191 ],,,,,, 
  [ 36267541470960739051009 ],,,, [ 837798689281 ],,,,,,,,,, 
  [ 241809138521971, 9860065703405431 ],,,, [ 1435450591 ],,,,,, 
  [ 55104675252244725001 ],,,,,, [ 32590691604721, 77717190982466179 ],, 
  [ 8231102881 ],,,, [ 1023318577009 ],,,,,,,, [ 4095821099706241 ],,,, 
  [ 1414425241, 92018090056881232117 ],,,,,, 
  [ 3673125002171150131, 1318713988589343640161121 ],,,,,, 
  [ 1426756129, 4603375057, 308648288172337 ],,,,,,,,,,,,,,,,,,,,,,,, 
  [ 94350297992499361, 60724858946538428956948321 ],,,,,,,,,,,,,,,,,, 
  [ 18691975261 ],,,,,,,,,,,, [ 308953402987321 ],,,,,,,,,,,,,,,,,,,,,,,,,,,,,
  ,,,,,,,,,,,,,,,,,,,,,,,,,,,,,,, [ 1224135001, 657325611821572651 ] ];
