BRENTFACTORS[674]:=[ ,,,,,,,,,,,,,,,,,, [ 552732686252321 ],, [ 867027760453 ]
   ,,,, [ 2431071925151, 31340563183051 ], [ 1143440819 ], [ 15233522959 ], 
  [ 17196112781 ], [ 995584188229415762058556560989 ],, 
  [ 12744628427, 7952148654091216113160463387178313 ],, 
  [ 18366380207977508059 ], [ 1121049654470003574619 ], 
  [ 2177922041, 291847058883560435132714201 ],, [ 24820501247 ],, 
  [ 89295191857 ], [ 1326498601 ], 
  [ 9031579050220042866031831231271, 411557454741534185844043170845715641117 ]
   ,, [ 108850574671127 ], [ 129557132849, 266975878489 ], 
  [ 9056934931926232707121 ],, [ 31346778097091, 62546088492127 ],, 
  [ 46370137171, 29465262040610746224590394641486096809497649303099367 ], 
  [ 172626757351 ], [ 3353818479457939, 33829836804529708701787796899 ], 
  [ 40387473813444924485217809 ], 
  [ 6409724813, 152704343850973, 26616327384258943463329, 
      12526403588191136946433508750683 ], [ 99421810579357489 ],, 
  [ 750387217399050953, 406997157252734064403073 ], 
  [ 20363144017164913, 2016355512484184922821553963422754307 ], 
  [ 61262084927003, 3826683225754567362050964121 ], 
  [ 5065737621299940897628527073 ], [ 590668573081 ],, 
  [ 3838426511, 28007916767 ], 
  [ 5927073748293979, 84549089714977509820324871112242911 ],, 
  [ 19292572663468005830838804031524730679701 ],, [ 432892121351004357971 ], 
  [ 3418348013369, 19761859670613115803638767341173 ], 
  [ 15197169409, 7854692884303, 92624854819527381732716120299 ], 
  [ 1565877366761 ], 
  [ 18081557641916334904727957, 6344364193611131847001180728858257 ], 
  [ 23442006907369, 3417913533098895468481 ], 
  [ 1481940589, 6269390492347442077927 ], 
  [ 541336369328326651003, 3066975006635259947049761 ], 
  [ 17989172014883549429701, 70147497123268282592982547235207851734151 ],, 
  [ 20981758922567267760990289017553 ], [ 4437212250747511 ], 
  [ 13433153832869899 ], [ 1089962532857531523345041 ],, [ 35186549861857 ],, 
  [ 629953864009, 1018709869348159173760881853 ],,, 
  [ 9096855652543946937506749 ], 
  [ 8677515786820180972849, 36602718679022811505791262553 ], 
  [ 722922915000493 ], [ 2866412251 ], 
  [ 1752323813965999, 813425719227664406264857 ], 
  [ 15466213013, 576922812805054045404495699404405749 ], 
  [ 424390716237517, 681120922375681, 2019677025398188789, 
      100335809577273925683643, 36260775531558417911694541, 
      34052363021938374937485765469 ],,, [ 6176778222049, 68552204696449 ], 
  [ 558550866899612929 ], 
  [ 618391779013, 12755618368487, 204519166265646714973, 
      4320640995075554344398169 ], 
  [ 42360938682686119, 290730512600307979802544066555133441 ], 
  [ 16539761356140301, 707650927392116904733501, 
      10683392288242952824165701118601 ], 
  [ 2230703777, 75104336469983, 11622923139227711651 ], 
  [ 54882527294268466275517, 42030870561139570792866920257 ], 
  [ 2351354041, 297850411806821 ], 
  [ 2373905873, 4571525770969, 13791722115832649, 
      19993958334318534519867083630401459325809 ], 
  [ 378912136093247571750811, 25280184910525559604079851090271246753551302941 
     ],,, [ 768714935690582173 ], [ 3181119471791 ], 
  [ 2894865414023580754207155812564491 ],, 
  [ 9282517694205218387311054918326637749470688850888193 ], [ 2301054709 ], 
  [ 8802932067101241022598648556922012289492802481 ], 
  [ 2216333087681, 20938223718541 ], 
  [ 7076853304603287089, 35934187853828539662473 ],, 
  [ 2525405415236229974011, 2515848033313845653270479843 ],, 
  [ 1959056881, 1165451465435648336334841 ],,, [ 73167775707661078471908817 ],
  [ 233372152800003776773 ], [ 1842616248406751 ], 
  [ 3037784980300236783065737 ], [ 178874767219 ],,, 
  [ 277442529107970957760382980786609907257819541478244834943711 ],, 
  [ 75655288633, 50446843762976180161122142606625459543293 ],, 
  [ 1131155187571052668369 ], [ 135508020966400496851 ], 
  [ 676820321663271660686177 ],,,, [ 775086949896090214125049036241 ],, 
  [ 4091079885708697907 ], [ 1420012196737993 ], 
  [ 1701722465434065189187431629925993073, 
      189969365072186157004084377238542006961 ],, [ 62332337174902577 ],,,, 
  [ 56551259701, 112684751701, 501073805359228268745751, 
      1303808498150400703239151 ],,, [ 1332599360221 ], 
  [ 13291913948176657919044030651 ],, 
  [ 23591980481946397, 3413688740788742599227409, 
      28827477826159033763840699630933254877259709 ],, [ 1871996481997964171 ]
   ,, [ 720428430592473174349278401 ],, 
  [ 3933414733321, 192983510923255580797 ],, 
  [ 106286616173, 18885162100138934236401769 ],, [ 104994274410847 ],, 
  [ 11671602974641, 22452254525450934577, 
      18183300353041947775860779806696039415401657 ],,, [ 26903255923 ], 
  [ 838282386298321 ],, [ 121008483015909337332645991241311 ],, 
  [ 63940405409, 6312402329805232876473281 ], 
  [ 2457747200509, 903821848348440182071 ], 
  [ 126135983539, 163773098572165542953, 1394895856795777449251473 ],, 
  [ 48270379080723913441 ],, [ 219067694400039031 ],,,,,,,,,, 
  [ 1099692168961, 2161623311233, 1075527810271751189377, 
      2671644578201772927122277711553 ],, [ 1043686030198881780603467 ],,,,,,,
  , [ 75775863071, 249280308249231377, 101483769499354437463 ],,,, 
  [ 8275498978226533 ],, [ 1015933777 ],, 
  [ 517215186317820173088929521, 10975870898066910089267729615051752110087361 
     ],, [ 168576880369 ],,,,,,,, [ 5933123681 ],, 
  [ 115661417846198632105273945249 ],, [ 28363622239936481 ],, 
  [ 85302619749557863 ],, [ 137263493792053 ],, [ 441265959195634904311 ], 
  [ 50658075220369 ],,,,, [ 22144566536273, 600230583110189 ],, 
  [ 116865950867 ],,,,,, [ 107127598297 ],, 
  [ 19251347953, 116771755519, 522556539149056055950717, 
      10069855716803331768424657 ],,,, [ 506966334331725251 ],,,,, 
  [ 771233103721 ],,,,, [ 634048213241 ],,,, 
  [ 547050760188544393, 22798332750256854121, 254686425357536271218857 ],, 
  [ 3865426586938479361 ],,,,,,,,,, [ 1317241603160392982953 ],,,, 
  [ 1642429601, 136008531288579316361, 1019054186430589949921 ],,,,,,,, 
  [ 328585907471622863147713, 264905995742266401866526410881 ],,,,,, 
  [ 5026703639833, 23979054714292021, 8732061462553804528987 ],,,,,, 
  [ 32360484601 ],,,,,,,, 
  [ 3209998177, 1734290175576421, 19157064395615917, 32241796141927373 ],, 
  [ 4531629477995923841 ],, [ 71252886892513 ],,,,,,,,,,,,,,,,,,,,,,,,,,,,,,,,
  ,,,, [ 1898202055832582550553 ],, [ 826549086507311984951 ],,,, 
  [ 1128140653 ],,,,,,,,,,,, [ 298729030177 ],,,,,, [ 2807434153 ],,,,,, 
  [ 1251732265183, 1041659550670159, 43027372637105599 ],,,,,, [ 5808225793 ],
  ,,,,,,,,,,,,,,,,,,,,,,, [ 1022998172686537 ],,,,,,,,,,,,,,,,,,,,,,,,,,,,,,,,
  ,,,,,,,,,, [ 5625207001, 257258605501 ],,,,,,,,,,,,,,,,,,,,,,,,,,,,,,,,,,,,,
  ,,,,,,,,,,,,,,,,,,,,,,, [ 827044801730821 ],,,,,,,,,,,,,,,,,,,,,,,,,,,,,,,,,
  ,,,,,,,,,,,,,,,,,,,,,,,,,,,,,,,,,,,,,,,,,,,,,,,,,,,,,,,,,,,,,,,,,,,,,,,,, 
  [ 21095944459129, 268556531923681, 12763186539440569 ] ];
