BRENTFACTORS[794]:=[ ,,,,,,,,,,,, [ 11728164086497 ],,,,,, 
  [ 9738694955232542471 ],, [ 37917006793 ], [ 898115161813 ], 
  [ 2825333325245648129040013 ],, [ 20426430974743404451 ], 
  [ 24278007742304837 ],,, [ 47379892732411646779283 ],, 
  [ 12097659576672013, 1314718906787104266468320189177 ],, 
  [ 5227934779, 3584759475613191613 ],,,, 
  [ 384012522498287, 4658721188101697, 2444146401480071311403, 
      3507269470438986180367 ], [ 975005607452985690013571 ],, 
  [ 83944180758250936441 ], [ 38244879131 ],, [ 7414031972953289026521457 ],,
  , [ 18879603269 ], 
  [ 20160207637, 5900338487909, 255032842594834662947731963439568479 ], 
  [ 296288199841 ], 
  [ 1372964713, 767420488045893192571334134717986245451298321 ],, 
  [ 59692193094211, 23044796766286902802369 ], [ 226193705974730726753 ], 
  [ 6810818899945546886460286650211585280906173866175217571939016380563 ], 
  [ 27781622516136781 ], [ 476997481427663794671811 ],, 
  [ 6538823752717, 1554677510584634892970275053993972272513 ],, 
  [ 690621493951 ], [ 14236204441 ], [ 16839394163 ], 
  [ 137626691853219113, 7293867100345586935017089 ], 
  [ 32465208889, 161412250357 ], [ 956511132068086037432542995443447489 ],, 
  [ 148412233067671, 76762671270764623 ], [ 44389137765278420291 ],, 
  [ 215533785094651, 9291873329094103712600383346728741 ],, 
  [ 12506729237, 38749997537981136179, 3158555923170494610587 ], 
  [ 410624037813388249, 115450117535035007666209 ], 
  [ 88370292634580626751, 217359884967832139048180398879 ],, 
  [ 2265203851, 4936762451739802540042921201 ], 
  [ 75530650986082141821769083833 ], [ 316840763501882658602257 ],, 
  [ 3392480569, 1949553042552769, 3102608691839359 ], 
  [ 2418262397286345867298063563619279453201 ], 
  [ 143553827601164723850647118451, 761117114402196723287539511971164427 ], 
  [ 37739692372309482477599529989702544774934901906031323 ], 
  [ 59505297270746623, 8185530850765684907624411 ],, 
  [ 963251119861, 56742894178115178934181 ], 
  [ 55424269510565133197, 124872936052321610655651179086589753393031100771 ], 
  [ 120711470654288580458347 ], [ 1808325127841, 200531295038463401 ], 
  [ 235802833216817 ], [ 1234779275365717742668753321951 ], 
  [ 164601409883, 1395776003441, 388057346962525247972693, 
      420463834676551522029083, 38631199755276100682173019699618021, 
      1384499555610025302078862555063696765021669 ],, 
  [ 18371449115359, 4482180853601534263535983 ], 
  [ 5344845414119, 1385260033858397, 495249580394628887, 
      766427269348599878897673935484041777 ], [ 374053637769391 ],, 
  [ 4961905940531 ], [ 418143021059, 7842656373160711244589287941564912729 ],
  , [ 3618896168501, 106209295896566701, 1648136029189609160917935721410301 ],
  ,,, 
  [ 3208767198477898771180660441, 49036713939806253954062249623392360625009553\
21 ], [ 9570558523986959250406551541, 1454992190869804990223965428723601 ], 
  [ 2132955427 ],, [ 1896392089, 64678775509 ], [ 49782589685696111 ], 
  [ 94575049031, 13746804087391, 1386185267287133179937342921173032374512801 ]
    , [ 129994441483403881 ], 
  [ 3407139457, 1831433121985032719300337058770467006637233734836399672497 ],
  , [ 7789952083, 9313507680446958523 ], 
  [ 105134910045990389199641, 374545308475252930194536741 ], 
  [ 672681871633, 3163756966375393, 37327917916889813, 
      3208164690925733836514676369846449 ], 
  [ 7878177217, 234832945452222269872981 ], [ 44378172026099 ], 
  [ 1367768330495081887 ],, 
  [ 28002830376863, 615242537252443, 41527747195912429 ], 
  [ 36073026247, 2637998523541287726486798907 ], 
  [ 16894874517217, 154080542395897464707243557 ], 
  [ 2623455128323911790491673 ], [ 28815098251, 5238073380251 ],, 
  [ 12193179577, 5678934502663, 1004268945534120551 ], 
  [ 9219218379006079916929 ],, [ 23983511371 ],, [ 35296116931320775861 ],, 
  [ 2421712351099123, 486051221757306987811544407 ], 
  [ 145052621781211, 701533124996941 ], [ 12155737892938048524207249793 ],, 
  [ 15074717746364328421 ],, [ 76566776831765849143556976099205181 ],, 
  [ 15519937997 ],,,,,, [ 38761394498729403100928257 ],, 
  [ 1718143501, 693862742461501, 34556896099354801, 167326977744359180737051 ]
   ,,, [ 2139659713, 995631857893 ], [ 138989904394727 ],, 
  [ 222911121459232529648358741319685752085029609124435316739513 ],, 
  [ 1485435999837860846609 ], [ 2349611689 ], 
  [ 7198795490264176173121, 75278347368643546663645225816321 ],, 
  [ 4384485933452389, 50825935847150389368699966216037 ],, 
  [ 46333551494437507609204561 ], [ 9031783531 ], 
  [ 21652254157, 946822449869, 18583306668811, 47943691490921, 
      1258025946311335915313 ],, 
  [ 2621297471681193233859237739287834945610240796132873853583230289 ],,,,,, 
  [ 1647714761962154959, 67794653673210669259, 
      28059037090098973069896726151813 ],,, [ 8704916641 ], [ 59407277857 ],, 
  [ 6664788344840193901 ],,,, [ 3349646953, 2976662071658033569 ],, 
  [ 75638053992834534919, 4778554555876073419541539591 ],,, 
  [ 19039913677, 187874057071 ], [ 43028483307611 ],,,,, 
  [ 817485235699786104751 ],,, [ 13746225339367766868925963 ],, 
  [ 379717943401 ],, [ 37494824383704265696289 ],, [ 562263443419789 ],, 
  [ 322029777689, 322927736633 ],,,,,, [ 3374932183373 ],, 
  [ 12557062073348263 ],, 
  [ 4805798689, 173318207113, 47503167440093641, 3688141451015278801, 
      214898374009173812978757673 ],, [ 934614128297, 9214638290787989 ],, 
  [ 581127572521 ],,,, [ 14129705239447393, 12870093224725594369 ], 
  [ 3395783701 ],,, [ 8200291865256491604361, 39164684478824831132581 ],, 
  [ 300895937205884206531 ],, [ 3350092395761 ],,,,,,,, 
  [ 65810591513646591363810481, 91967182527719583857666161 ],, 
  [ 60588890231, 473598230887, 434983949735017, 1869836971327847112317 ],, 
  [ 120943589440589 ],, [ 1008374911, 3846242168881753, 52549306855961919877 ]
   ,,,, [ 19951051811501 ],, [ 5228140273754564377, 1859932664669141568577 ],,
  ,,,, [ 462644015522735791, 24475979446705870958377 ],, [ 44933253821 ],,,,,
  , [ 950276763864877 ],,,, 
  [ 95812455175651, 832725171183331, 1167420349384724791 ],,,,,,,,,,,, 
  [ 17642518022345328199 ],,,, [ 1937277301961 ],, [ 1148134822907813883073 ],
  ,,,,,,,,,,,,,,,,, [ 25417554013, 2142436333357 ],,,,,,,,,,,,,,,,,, 
  [ 20960891641, 1840576841656489 ],,,,,, [ 20073388710541 ],,,,,,,,,, 
  [ 1855333421, 31487614201 ],,,,,,,, [ 269422942119769 ],, [ 2350675342051 ],
  ,,,,,,,,,,,,,,,,,,,,, [ 617151941713 ],,,,,, [ 88760880433 ],,,,,, 
  [ 529561176577 ],,,,,, [ 2881662031 ],,,,,,,,,,,,,,, [ 6895599960511 ],,,,,,
  ,,,,,,,,,,,,,,,,,,,,,,,,,,,,,,,,,,,,,,,,,,,,,,,,,,,,,,,,,,,,,,,,,,,,,,,,,,,,
  ,,,,,,,,,,,,,,,,,,,,,,,,,,,,,,,,,,,,,,,,,,,,,,,,,,,,,,,,,,,,,,,,,,,,,,,,,,,,
  ,,,,,,,,,,,,,,,,,,,,,,,,,,,,,,,,,,,,,,,,,,,,,,,,,,,,,,,,,,,,,,,,,,,,,,,,,,,,
  ,,,,,,,,,,,,,,,,,,,,,,,,,,,,,,,,,,,,,,,,,,,,,,,,,,,,,,,,,,,,,,,,,,,,,,,,,,,,
  ,,,,,,,,,,,,,,,,,,,,,,,,,,,,,,,,,,,,,,,,,,,,,,,,,,,,,,,,,,,,,,,,,,,,,,,,,,,,
  ,,,,,,,,,,,,,,,,,,, [ 1851523598178958509541 ] ];
