BRENTFACTORS[4337]:=[ ,,,,,,,,,, [ 482981680897 ],,,,,, 
  [ 50781739723837542533 ],, [ 43498481794351, 37755720666783971 ],,,, 
  [ 21586286279, 60535028941, 115764949549 ],,,,,, 
  [ 512159238459641, 27637837642861089418991, 2337576647228736354164649584899 
     ],, [ 21564434707, 226553273263007520163 ],,,,,, 
  [ 91490474232527, 2015372870359477459, 2284709926044467709413769821, 
      5676969306429400263442888067817159698243638659540411604037 ],,,, 
  [ 307224715013, 4341151199453, 56289442859338749211 ],, [ 60346335107 ],,,, 
  [ 2502396937, 2331799840241887 ],,,,,, 
  [ 5387955777199, 170293470248431, 172641157593449824547 ],,,,,,,, 
  [ 12913113302005369 ],,,,,, [ 176054422033409587 ],,,, [ 83763915377 ],, 
  [ 2739534982903637, 36083025819334147487 ],,,,,,,,,,,,,,,,,,,,,,,,,,,,,,,,,,
  ,,,,,, [ 3128051594246691173 ],,,,,,,,,,,,,,,,,,,,,,,, [ 10125134257391 ],,,
  ,,,,,,,,,,,,,,,,,,,,,,,,,,,,,,,,,,,,,,,,,,,,,,,,,,,,,,,,,,, [ 5972238751 ] 
 ];
