BRENTFACTORS[537]:=[ ,,,,,,,,,, [ 1587354011, 2958309311 ],,,,,,,, 
  [ 8823333510713 ],,,, [ 5213163073 ],,, [ 397996083298867 ], 
  [ 111685581704814397067773 ],, [ 9782269326335923 ],, [ 24540604659409 ], 
  [ 4850197180689697 ],, [ 1156866859468852607 ], [ 1112826228698282884031 ],
  , [ 92963149105683569331044088040711 ], [ 11558627700119 ],, 
  [ 430418752522807801 ], [ 408604008226808913370551727211 ], 
  [ 1593235215303103 ], [ 393091042193, 10487782036991278898649332547991 ],,, 
  [ 26217598608251414068179887 ], [ 98675119982598328870248959683897065823 ],
  , [ 7252049137487239, 299574293370965404039359792437177 ],, 
  [ 711741252919041061279471, 756052611079776329934440911 ],, 
  [ 84208623456201401 ], [ 21117185753329 ], 
  [ 6714424622736161, 1313139894565970205581221 ],,,, 
  [ 30554289857699, 45435484349668081, 18562419390896940569 ],, 
  [ 209955403160716189, 2215751352485512353299143931 ], 
  [ 14628475878555185205720296231 ], 
  [ 1250983189, 538513897069888963445264215723453 ], [ 31401475073 ], 
  [ 3964545772728351348071, 670178909014855257716791 ], 
  [ 686697967464488719543 ], [ 6625333727, 52874094799 ], 
  [ 2627516940428380757, 9621983843324571014793997 ], 
  [ 459833997171719666323 ],, [ 3084012529387051 ], [ 804709152001 ], 
  [ 2114990671252808093, 51824435911125560729 ],, 
  [ 556138101451, 6525862875151, 1901018518232044607491556501701 ], 
  [ 76773327817 ],,, 
  [ 4892921723, 3407717541754060603, 45716000722709538878906413 ], 
  [ 753679185479120801, 58963825979003402715408961 ], 
  [ 15383521862397746954806645745388559, 
      270082134733180809082699162942443001837 ], [ 7251677299 ], 
  [ 1262442451, 8454371867, 387016551661, 2174284446933552689 ], 
  [ 244573855261, 3819734187164704100293 ], 
  [ 22013980871081, 2165938826052971 ], 
  [ 4124406744217, 18922065145392713832135901, 52007476700072376112028286841 ]
    , [ 2005233247, 2848224097, 844613870987899, 83806718257340581 ],,, 
  [ 3217796944048171, 5352055639452246601 ],, 
  [ 67929031832537, 77912723831868593170398033341141 ], [ 17114390473 ], 
  [ 133873612773936205446839642083, 475479645683162115445427776604504701 ],, 
  [ 6566853836029932342055990418771016769 ], [ 95069938868130265502251 ], 
  [ 6753665003, 79101463421, 9470652861671 ], [ 20389178701006377271383727 ], 
  [ 104078976601 ],, [ 280049328080910309372116557 ], [ 101715936811919 ], 
  [ 478406025137 ], [ 1037222140483963981 ], 
  [ 375531189947615487988365809737967143, 
      70854653803051358845420855353136683743 ],, 
  [ 20877440149, 127103924935576613120431789 ],,, [ 8812477302886291 ], 
  [ 7874480921402387377, 4959351574681724082414060411682201015343821971908513 
     ], [ 47370799054301 ], 
  [ 3567120079, 1219303956601778223318614267151162062000029 ], 
  [ 1385323811, 10004439031, 7928910228821, 1835727578797661 ],, 
  [ 27307529731, 2341790013584617831, 19061164575687627667 ], 
  [ 81157465894270694188107709109 ],, [ 18111932206242906721 ], 
  [ 56174231627119 ], [ 121672899457, 695987020983157339 ], 
  [ 57632926676253283 ], 
  [ 9985189033, 11366902681, 29274968568540365701, 13425886544597111004881, 
      379799169111763300093748693 ],, 
  [ 99528633197431785167758325153546760738613 ], [ 25778276978269 ], 
  [ 403162477593857, 5049307370634314487820033 ],, 
  [ 1558920905063604075762008873812941786047257563746482950853594601 ],, 
  [ 10947870781, 324569644531177 ],,, 
  [ 78575475871, 5914942439066687615072851, 3817484248606229928969206101, 
      11772943543879380610170675391 ],,, [ 599515883282539 ],, 
  [ 69561287685619332541 ], [ 118149296372824129261, 83215656599813562980611 ]
    , [ 1010119051562893 ],,,, [ 5869326429139 ], [ 4276680703 ],,, 
  [ 173553216301 ],,, [ 416116268011 ], [ 186001480574769716473 ], 
  [ 756261490451 ], [ 196700328716622935945681690881 ],, 
  [ 12102664753, 372383214183103, 250386335575269363887177 ],, 
  [ 62711253353485500071521, 18231394394627616035195354932481, 
      125209671207805817738069185373281 ],,,, 
  [ 379581154686479572993, 127962312618221227192901 ],,,, 
  [ 9597915863362498907618363268633564102241 ],,,,,,,,, 
  [ 4993002475604875451521 ], [ 186949141773806609 ],, 
  [ 6245509648351685221, 262160803057947117470660789461, 
      1750889261917589086249901532777566701 ],,,, [ 37199129648633 ],, 
  [ 665047154371270819 ],, [ 22717347353 ],,,, [ 8958655468272287222209 ],, 
  [ 28480606396793, 126373007127979, 669961615111689173209 ], 
  [ 8821978205097936841 ],,, [ 168840333091 ],, 
  [ 8765932528436801, 10887369656698001 ],, [ 857434197231437971 ],,,, 
  [ 489611939538713 ],, [ 1160923951409, 2520672493249 ],, 
  [ 2720798669198681710801, 5964668715081461295695178846937027831 ],, 
  [ 4788875633 ],,,,,, [ 2864562428687, 3784697003741 ],, [ 1368132041 ],, 
  [ 13947760716451, 28943971387447, 1259431811825345657538843619 ],,,,,, 
  [ 11806516933 ],, [ 1639011320966413887876641 ], 
  [ 24271312297, 35521683031759 ],,, 
  [ 6530329182196639, 1762673618718017207938009 ],,,, [ 231960039433374911 ],
  , [ 138212886554720963860561, 6104849662874376655044703201 ],, 
  [ 52250874853, 379939071689 ],,,,,, [ 71987098633 ],, [ 1778890874251 ], 
  [ 2626114720770787, 5431209614648827 ], 
  [ 724992926800717, 232408954056480275593 ],,,,,, 
  [ 64259674688611, 154533650323813, 6582686852177345144386130299 ],,,,,, 
  [ 1248964201, 1738177664159627088263029561 ],, [ 7592452631 ],,,, 
  [ 15545336314141, 71416434848851 ],, [ 178924318369 ],,,, 
  [ 1040508006697, 862559394712878387673 ],,,,,, [ 213882559253685030934501 ],
  ,,,,,,,,,,, [ 921550114247281 ],,,,,, 
  [ 210228311828701, 68460538329150301, 238374454675118101, 
      13524191181210671701, 326478122322309860401 ],,,,,, [ 2037760179859 ],, 
  [ 5323681133, 35482901364373 ],, [ 768411274261 ],,,,,,,,,, 
  [ 51104521611245761 ],,,,,,,,,, [ 655554590364301 ],,,,,, 
  [ 3950947729, 33259345805996017 ],,,,,,,,,,,,,, [ 298701176692849001 ],,,, 
  [ 72432283122643, 6084297126033951949 ],,,,,, [ 96878340197836331281921 ],,,
  ,,,,,,,,,,,,,,,,,,,,, [ 630159261313 ],,,,,,,,,,,,,,,,,,,,,,,, 
  [ 740607804457, 1108226374513 ],,,,,,,,,,,,,,,,,,,,,,,,,,,,,,,,,,,,,,,,,,,,,
  ,,,,,,,,, [ 6550362127 ],,,,,,,,,,,,,,,,,, [ 523232030401 ],,,,,,,,,,,,,,,,,
  ,,,,, [ 92712913157 ] ];
