BRENTFACTORS[548]:=
[ ,,,,,,,,,,,,,,,,,,,,,,,, [ 1854808301, 66713439251, 1545424092851 ],, 
  [ 475271554861 ], [ 1318066093 ], 
  [ 4041429097, 745006414933987, 7285844707462309 ], [ 8897274361 ], 
  [ 19748478143 ],,, [ 25133656903 ], [ 4616236563727772138821 ], 
  [ 85310739973 ], [ 6321124549, 13374495714329, 4109883200662889399 ],, 
  [ 19444632664393 ], [ 179654933876441 ], 
  [ 3728896748288455582019272903999803211 ],, [ 1511364573449 ],,, 
  [ 2845262611, 19611272750111540801521 ], 
  [ 33867838252918536872959, 1307296298037299560851142807296927908716588078819
     ], [ 2594314278294930721 ], 
  [ 275450262256541807, 70573844269202220464244258551114243 ], 
  [ 424611329306434011601 ], [ 166289992103142174072469 ],, 
  [ 15161353691177 ], [ 77895399102292826005969 ],,, [ 282754880467 ], 
  [ 2537754041 ], [ 13006026395533, 29268065326561 ],,, 
  [ 5245944368597503, 82586684189589562469 ], 
  [ 36723143843623164192267030200473501994138353 ], 
  [ 1048724238017, 3591863031897473, 238496572954027841 ], 
  [ 349932700901972371, 471926699928293968583893764952181 ],, 
  [ 1076445975191963 ], 
  [ 4072957811279911806433, 95620461829971050826750226657 ], 
  [ 27274096441027687, 9053428603641216373, 49434349732902227313079 ], 
  [ 7364703319950772635510371 ], [ 1562753621326645999 ],, 
  [ 2070699751, 99659072865818788136578634875162889 ], 
  [ 19067443293402339103, 40154552910506348081 ],, 
  [ 5271395797, 10092104728669 ],, [ 4690895181919207 ], 
  [ 11783692710015290497 ], [ 1894923023761 ], 
  [ 227951526635983, 21693766395534933072036493, 
      7840388441383277184859605718267 ],, [ 5218493335441 ], [ 33971814241 ],
  , [ 133219438306167256621744748365069381512821859971 ], 
  [ 942878435346947246177707 ], 
  [ 2716024274657, 316577115781873, 171639886476695218121 ], 
  [ 18341126053, 342805216805273 ], [ 325789170447400165275841 ],, 
  [ 3764394471781, 7296302137695986663122075397773 ], 
  [ 150087268302002259871 ], [ 43559112460092518350655128290405836663021 ],, 
  [ 8542436562378154571575624976870497 ], 
  [ 412200597015749, 5494657577506827749 ], 
  [ 6241103933, 56871128231, 5271392928276381089, 
      730220138942380442674030120997 ], [ 269521422913117 ],, 
  [ 1305976529456646571, 1361134197357491352600331057 ], 
  [ 628643855611, 10440168912157 ], [ 15220319955157, 69423082694614807 ], 
  [ 2500057619593, 155550412498092457, 938609439535317332552537, 
      10109817476837466192359163101835473 ],, 
  [ 1342178677121791, 49668391950998387066371943 ], [ 55664448854363 ], 
  [ 23559067720009 ],, [ 53516680031, 1266316437708782645996365714421011531 ],
  [ 6458480789377, 19549342896859, 699293174850138855211 ], 
  [ 15353784380268103785390308332797102097 ], [ 470257798201971389 ], 
  [ 2905613735915677, 113572678527588949, 99905512660830487136335111 ],,, 
  [ 18337140293307183601111 ], 
  [ 46940506673, 1901988939571500011, 2403561715569579281978221 ], 
  [ 25693986612197, 2162762276208283891 ],, [ 6996235991036874583 ], 
  [ 33272337517, 1223141973838363, 34315773198552048354157, 
      11849961246658012589461292119517 ],, 
  [ 1037189074824180601, 3614817805943186835781309 ], 
  [ 601319965179566249501, 15625284783332536864751 ], 
  [ 2575599006209296683673, 296001147804749108540668552022993737 ], 
  [ 15478989871 ], [ 2851530497 ], 
  [ 189293239977183889, 82021816926890074249 ], 
  [ 1809139704608041017151412606611414588991 ],, 
  [ 25317711277, 137744277646537, 2383392840205477, 652367376585938617297 ],, 
  [ 77570249741714309 ],, [ 129592830471774313918777 ],, 
  [ 81549851481019, 2316196715100097 ],,, [ 152618184507135198797833 ], 
  [ 49609998271, 31285011022403, 530620890331217547629 ],, 
  [ 473153522833, 734626795459236193, 4642370374844649039394897 ], 
  [ 31766661844124905381 ],,, [ 148256664435158015945059429 ],,,, 
  [ 20313616716329 ], [ 74863861147, 287656105699, 412539793395237973 ], 
  [ 88819954618750659151 ],, [ 181775112687013 ],,,, 
  [ 4940841808709163768996161 ],, [ 779927261155849, 56600922471997106537767 ]
   ,,, [ 93150213421, 32617130719801 ], 
  [ 30753755426729, 8341674819452956217 ],, 
  [ 2126671858956750650084958664281166993, 
      20259539308368761673125783287787290624057 ],,, [ 1374014413 ], 
  [ 20143141709 ],, [ 6449143965464047 ],,,,,, 
  [ 829906283203938361, 243839873501156392168125585257287381 ],, 
  [ 1184965953991 ],, [ 36083457220870580137 ],, 
  [ 1114535830341033198619, 2422331640182377159417, 
      5067636791633819346497368245001 ],,,, 
  [ 2144234041395000285691, 360686540394140986596964541 ],, 
  [ 8919690817, 96415284158445121 ],, [ 3043612013681, 67552726277928757 ], 
  [ 110364027541, 7111351778701 ], 
  [ 4829229151506677, 2880651541946010197, 551251419353879023837 ],,,, 
  [ 128741057113001, 3700516300402001, 2509487206800346601 ],,,,,,,, 
  [ 18490708289, 8752180498049, 276638070791738657 ],,,,,, [ 601389633685327 ]
   ,, [ 52610567041, 1203992030881, 9460191394513, 50128539457706929, 
      7000531151752978633, 63613811599592812541857 ],,,, 
  [ 405911375948558878421 ],,,, 
  [ 3156579553, 240348400558337, 240153932002568272417 ],,,, 
  [ 16218102559965725488141 ],, 
  [ 6778928546251, 61933995942211, 49479837709173633581 ],,,,,,,, 
  [ 844224389054109127 ],, 
  [ 316327122125909538873121, 630069372327222816171361 ],,,,,, 
  [ 34723281547, 114284815123201 ],, [ 28279533957529 ],, 
  [ 3009433138501, 378489725148751, 26239540272805501, 
      25672619310881991469751 ],, [ 58753448713, 128940994981 ],,,,,, 
  [ 65536152886895947, 1085369496236840615824273 ],, [ 1180662609913694441 ],,
  ,, [ 239059361865193, 186850701700794558769 ],,,,,,,,,,,, 
  [ 258040530432800511301 ],,,, [ 3310559036401, 8397819700000148881 ],,,,,,,
  , [ 46568114497, 7205022119811561595777 ],, [ 2137263461 ],,,,,,,,,, 
  [ 2032395941668719001, 268806356527806775801 ],,,,,, [ 328025062063 ],,,,,, 
  [ 110704034377, 156473451889 ],,,,,, [ 3210209047, 6586617931 ],,,,,, 
  [ 20363127049747477 ],,,,,,,,,,,,,,,,,, [ 2317704931, 9242344866466195543 ],
  ,,,,, [ 334178728993 ],,,,,, 
  [ 116375890009, 518329794275447173, 4425881019728905069 ],,,,,,,,,,,,,,,,,,,
  ,,,,,,,,,,, [ 2417304961 ],,,,,, [ 10896710761, 3963974962841011 ],,,,,, 
  [ 531969360121 ],,,,,,,,,,,,,,,,,,,,,,,, [ 387017101416254821 ],,,,,,,,,,,,,
  ,,,,,,,, [ 172975472454675595069 ],,,,,,,,, [ 153708277777651 ],,,,,,,,,,,,,
  ,,,,,,,,,,,,,,,,,,,,,,,,,,,,,,,,,,,,,,,,,,,,,,, 
  [ 1469563471, 19568861161, 9124847424961 ],,,,,,,,,,,,,,,,,,,,,,,,,,,,,,,,,,
  ,,,,,,,,,,,,,,,,,,,,,,,,,,,,,,,,,,,,,,,,,,,,,,,,,,,,,,,,,,,,,,,,,,,,,,,,,,,,
  ,,,,,,,,,,,,,,,,,,,,,,,,,,,,,,,,,,,,,,,,,,,,,,,,,,,,,,,,,,,,,,,,,,,,,,,,,,,,
  ,,,,,,,,,,,,,,,,,,,,,,,,,,,,,,,,,,,,,,,,,,,,,,,,,,,,,,,,,,,,,,,,,,,,,,,,,,,,
  ,,,,,,,,,,,,,,,,,,,,,,,,,,,,,,,,,,,,,,,,,,,,,,,,,,,,,,,,,,,,,,,,,,,,,,,,,,,,
  ,,,,,,,,,,,,,,,,,,,,,,,,,,,,,,,,,, [ 7113399679 ] ];
