BRENTFACTORS[6317]:=[ ,,,,,,,,,,,, [ 12343938179, 89077899225947243 ],,,,,, 
  [ 8826411016789, 9240579550469621, 3146162731785956303540348135701309018463 
     ],,,, 
  [ 633468676637459152717, 10589799738740676188899141, 60910919399413718902973\
355748822059331 ],,,,,,,, [ 3180793049897 ],,,,,, 
  [ 74916658351, 815443888220407024793, 2178241069199304967165873, 
      68415259039579754170912755927789292941039061444219121875999 ],,,, 
  [ 5301512165981 ],, [ 112602914431938828831169 ],,,,,,,,,,,,,,,,,,,,,,,,,,,,
  ,, [ 49951249789931041 ],,,,,,,,,, [ 4597123823, 398445422993464501 ],,,,,,,
  ,,,,,,,,,,,,,,,,,,, [ 630910950959 ],,,,,,,,,,,,,,,,,,,,,, [ 97452853997 ],,
  ,,,,,, [ 1597095823 ],,,,,,,,,,,,,,,,,, [ 95569203641674307 ],,,,,, 
  [ 10012850315743721 ] ];
