BRENTFACTORS[8839]:=[ ,,,,,,,,,, [ 189261432681487 ],,,,,,,, 
  [ 1082513142533009047438652029, 8014162384698735787231768668669820572443 ],,
  ,, 
  [ 158658659141408561595401651597020516913, 887884439462889471916517346639754\
60109133260951 ],,,,,, [ 77130587707463683209701 ],, 
  [ 6933443261, 16566865001, 32695418884217017, 265091266453012760207, 
      939008258967571485957732277147731568439323651 ],,,,,, 
  [ 111868622067535499 ],,,, [ 45284931649, 34158997958037418841 ],, 
  [ 282440832205607, 44989305790207262419008277 ],,,,,,,,,, 
  [ 73032442331, 185202926203 ],,,,,, [ 6050607413, 3358031402166601 ],, 
  [ 577046407493 ],,,,,,,,,,,, [ 20255765083 ],,,,,,,,,,,,,,,, 
  [ 253908208937, 1155239471777, 1801623661433, 10817709089630347 ],,,,,,,, 
  [ 1828231673953 ],,,,,,,,,,,,,,,,,,,,,,,,,,,,,,,,,,,,,,,,,,,,,,,,,,,,,,,,,,,
  , [ 19039802836127419 ],,,,,,,,,,,,,,,,,,,,,,,, [ 61127745241671657151441 ] 
 ];
