BRENTFACTORS[5273]:=
[ ,,,,,,,,,,,,,,,, [ 2536550124421885996769, 42203477538792558313923781681 ],
  , [ 95964243541, 280429380281228690712450069428708125667287015163 ],,,, 
  [ 4520923368926501, 62877511755813523, 
      574821479748464642730694601993096788661686626463 ],,,,,,,,,,,,,, 
  [ 6098761396153511 ],,,,,, [ 336622005764101, 79660104612967027 ],,,, 
  [ 6365113446076843044467 ],,,,,,,,,,,,,,,,,,,, [ 5290505993 ],,,,,, 
  [ 12563617259 ],,,,,,,,,,,,,,,,,,,,,,,,,,,,,,,,,,,,,,,, 
  [ 39027747151694113 ],,,,,,,,,,,,,,,,,,,,,,,,,,,,,,,,,,,,,,,,,,,,,,,,,,,,,,,
  ,,,,, [ 109022981012371 ],,,,,,,,,,,,,,,,,,,,,,,,,, [ 470036141506233059 ] 
 ];
