BRENTFACTORS[2999]:=[ ,,,,,,,,,,,, [ 302273394281 ],,,, [ 53782014690002713 ],
  , [ 3078841666270744563503, 125122054144401193616519681938548226956167 ],,,,
  ,,,,,, 
  [ 1479079392541013, 674065332822201988875343, 103721096326748408161226711 ],
  , 
  [ 328492058195417440125814395376208091211, 620746008646672473763496364318948\
026527587050182846928800782226891 ],,,,,,,,,, 
  [ 410058975798839, 1259779737052510021 ],, 
  [ 295379305139, 3609937736857, 4541911191952133002363960016362531 ],,,,,,,,,
  , [ 192725875942972747 ],,,,,, 
  [ 45362952630860747, 107175520515933072425913931, 
      297519308359715188514785143487 ],, [ 87807989992758562129 ],,,,,,,,,, 
  [ 7567167603393320203130609672687249 ],,,,,,,, [ 15707284686780191137 ],,,, 
  [ 3341592119, 18736575581827325569 ],,,,,,,,,,,,,,,,,,,, [ 50543853307613 ],
  ,,,,,,,,,,,,,,,,,,,,,,, [ 76090714392817 ],,,,,,,,,,,,,,,,,,,,,, 
  [ 46391241487 ],, [ 13794763327269263 ],,,,,,,,,,,,,,,,,,,,,, 
  [ 172712986081 ] ];
