BRENTFACTORS[263]:=[ ,,,,,,,,,,,,,,,, [ 84004624433, 13016527353881 ],,,,,, 
  [ 272509811686691 ],, [ 376819905751, 31202512205401 ],,, [ 2719077929 ], 
  [ 46818679613 ],, [ 57845061941, 236710809243580736963 ],,,, 
  [ 67556253957084621961 ],, 
  [ 2395461919, 8452882796375891338375577786350642189 ], [ 37861084237 ], 
  [ 179613190927 ],, [ 181627957627 ],, [ 150244794430249657 ], 
  [ 24397138789, 1632858021290559977 ], [ 3645769657861 ], 
  [ 74656084899757086186547 ],, [ 8360166961 ], [ 30513209550349 ], 
  [ 315861134201, 3014863452551 ],, [ 997206377016733011857 ], 
  [ 41385194479, 204835601192743, 1206621162465279468049 ], [ 19905682501 ], 
  [ 400070632721, 111979041968641, 50691307788789550226191 ], 
  [ 75316236689, 3546407352041 ], 
  [ 697442733606437389, 240466871688421674842587 ], [ 2181845641169 ], 
  [ 613703966718460449656449 ], [ 61775445241 ], 
  [ 1398384475092735309651730223142619728351684118919842141 ], 
  [ 357861253802248419757 ],,,,,,, [ 223293258511072963 ], 
  [ 5361757194834881 ], 
  [ 47930284573114960932907, 426916318029600055082473, 42905253767051157411677\
955413, 258886930781656751864633236409 ], [ 54960639020121631643569 ], 
  [ 15647261797, 1146335340080462473, 
      317516267727503985067242309720819836524410336088111 ], 
  [ 6716018371, 174392134945909 ], [ 13821580908140582251 ],, 
  [ 10813094719813, 6926903736711111869226281, 
      1176163365366324697484326573533374444011579102054909 ], 
  [ 121340499697, 42445963418192413 ], 
  [ 16003168027853, 6843144524761681, 3445873256524256656711 ], 
  [ 470491783924303519494426732883110161 ], [ 756494969455238942814517 ], 
  [ 29145620755851495994056677 ],,,, 
  [ 5393607418555372052132897085598826523617 ],,,,, 
  [ 35340986591, 29879933850131 ], [ 1303254099639313578883601 ], 
  [ 5119103161, 7536592887177978265598636899, 
      112577707737669249870877378118149143361 ], 
  [ 1832338421930507643761927789423 ],,, [ 232050064092061 ], 
  [ 311806408607, 24034403117201, 3492851978989011304999425877 ], 
  [ 7503402483734033399491274923 ], [ 97278003793037801 ], 
  [ 3431333197, 1076475711361 ], 
  [ 23654218785271309, 534270854895397011254679937 ], 
  [ 943709612266626151, 6456090833427542221, 4279150943689588678513 ], 
  [ 36194852227515142155073 ], 
  [ 273337868838603314168371641668437634994652951 ], 
  [ 3930657707941, 1615093707416201418057601 ], [ 4700335055955083 ], 
  [ 249365942673926908069 ],, 
  [ 2286641941, 90521035733612310011174290542684715031 ],, 
  [ 124223192129, 375769238058754811409075953 ],,, 
  [ 3512154511, 193914710075243714285921 ],, 
  [ 12304248544424966841473352190539967 ], 
  [ 4109343983, 7779118141, 10593764117, 985334808298021864165203620897, 
      17735792093680214574700549637171 ], [ 6647465165062037 ], 
  [ 754096135859528572669193420761 ], [ 7824881841642446989 ], 
  [ 136187593351510206628528440780466499, 
      523325572247136927902092452365934421 ], [ 465392000545141 ], 
  [ 373970984938694185050181, 93235799382699285573281380817 ], 
  [ 584230957840001 ], [ 147220228824784669 ],, [ 566532287312229490177 ], 
  [ 15347394801578923 ], [ 4771155442790426393471, 2493235008592203809725091 ]
    , [ 503312836321 ], [ 265529839741 ],,,, 
  [ 1105134913, 3478679069097689734951001 ], 
  [ 383355596833228427119, 1011799094290439501437 ], [ 656121017113 ],, 
  [ 4841155239121181, 400051223791099945554697391765469713581 ], 
  [ 129989996931979, 2195180523041827, 2005062318768962716264369 ], 
  [ 1321741397, 10404048191, 99307088832310445087, 333867998631621398767 ],, 
  [ 617063738240737 ],, [ 2346239749549437761 ], 
  [ 27275202319, 6286142056552177 ], 
  [ 106318190168921, 2627114657812616982311051147020612489, 
      39510706166935004001855026369465329478184373 ],,,, 
  [ 1130837434681, 116275704634840538556929, 4229664513422786577664297, 
      86693599656583147059468643524383213551097 ], [ 18279890119 ], 
  [ 52185659989, 105908126017, 
      12459671341595009638201435198360313380940775664961176939 ],, 
  [ 279743646781, 4687849643413, 959712375000842595341555378636293 ],, 
  [ 17705132922984947143057 ], [ 1573609327, 1613931727 ], 
  [ 55295147366807710941840337888961, 2878709862145283993338970698645921 ],, 
  [ 27999945805681 ],, [ 14203673285970253 ],, 
  [ 8120596331, 10328253972073671713620166837912257 ],, 
  [ 11108545674073, 20128436697034009, 13189873912632637708579057 ],, 
  [ 5539114506920922382867924335077234621 ],, [ 31647896113 ],, 
  [ 41510468511220622075623, 116277569075039611918663 ], [ 7189801750601 ],, 
  [ 12815699390899687 ], [ 1092140064798470321 ],, 
  [ 263346527453049307000769868047367001, 
      932150210000866751133692601370069681 ],, 
  [ 13090826448883, 1035551239055916493, 2044986091167867512393, 
      9886354864478704849147, 3526230437374466591341937 ],, 
  [ 333504342401, 532225135993, 388640041066873, 1523083458344271800048201, 
      187556780485481595645705577009, 
      683582852741743616296018684367281170093461097881 ],,,, 
  [ 72566435051637041 ],, [ 226354717784956652531 ],, 
  [ 340184619613633, 9689392052883452236370497 ],, 
  [ 2460095617105514163601377307867 ], [ 47459035651 ], 
  [ 101375632541, 1121636721517901, 12669932813187098037744373 ],,,, 
  [ 24044491001, 107675972183401 ],,,,,, [ 329331833527, 4424546564899 ],, 
  [ 2300500327232017, 77039235033359041 ],, 
  [ 1718174011, 10757767073836961694181 ],,,,,, [ 1209497833 ],,,, 
  [ 10378364701 ],,,,,,,,,, [ 70084752879714675155701 ], 
  [ 96018999847, 163591118977573981 ], [ 7334642881 ],, [ 769029700435543 ],, 
  [ 7330753069 ],,,,,,,,,,,, [ 1523142949369, 39257141169973462878473 ],, 
  [ 1032748075501, 1225279754605001, 4347561995195368682533636501 ],,,, 
  [ 105705990011 ], [ 41170357411, 103532785621, 9695213579551 ], 
  [ 4660839429121 ],, [ 59939436539779, 1649852189002887241 ],,,,,, 
  [ 15939268882278457, 16101430771348708633 ],,,,,, 
  [ 16696605986911, 1515447727640101, 331957067209017838847034751 ],,,,,,,,,, 
  [ 6069112001, 766544255681, 1290795534396782064281, 14617976452680427267561 
     ],,,,,, [ 23444493929586536937131 ],, [ 168436013761, 876443568674977 ],,
  ,,,,,,,,,,,,,,,,,, [ 213669337421 ],, [ 5012784941 ],,,,,,,,,,,,,, 
  [ 14066782908291721 ],,,,,, [ 265150544397236851 ],,,,,, [ 56225429233 ],,,,
  ,, [ 3519628784776297 ],,,,,,,,,,,, [ 4376296562119, 3168680133851761 ],,,,,
  , [ 130625643241, 116525655915121 ],,,,,,,,,,,, [ 16430896064797 ],,,,,,,,,,
  ,, [ 56531068801, 156204764929 ],,,,,, [ 2918344293245952481 ],,,,,, 
  [ 390713979349 ],,,,,,,,,,,, [ 2566403298097 ],,,,,,,,,,,, 
  [ 106171184108221 ],,,,,,,,,,,,,,,,,,,,,,,,,,,,,, [ 545883498451 ] ];
