BRENTFACTORS[3593]:=[ ,,,,,,,,,, [ 19706892041, 56323318522506252779 ],,,,,, 
  [ 10587375251919527, 37511174079382649025087190045103 ],, 
  [ 183616083449, 54255038910908508597659116021745284598555481135687107 ],,,, 
  [ 2257395307, 555312630597802711, 
      2181889304622369027855848307612142598731559 ],,,,,, [ 7344086523173 ],, 
  [ 3724050738496179073, 
      11623338145185705335710373905061217150039151988977730823928263717157 ],,
  ,,,, [ 71548610142337439, 1482590409956909978449 ],,,, 
  [ 32513101631750179628443978649 ],, [ 44635267211 ],,,,,,,,,,,,,,,,,, 
  [ 2148896411, 6299909794141, 9913007614429 ],,,,,, [ 34642959395239897519 ],
  ,,,,, [ 424888679219, 2575798539793, 14061368993527, 118056712713082081, 
      575206237402599441503 ],,,,,, [ 20207696771 ],,,,,,,,,,,,,,,,,, 
  [ 65230151597779123 ],,,,,,,,,, [ 268840147545024509 ],,,,,,,,,,,,,,,,,,,,,,
  ,,,,,,,,,,,,,,,,,,,,,, [ 13615137491875771337 ],,,,,,,,,,,, 
  [ 621982225387673 ] ];
