BRENTFACTORS[3877]:=[ ,,,,,,,,,,,, [ 857717208318754369 ],,,, 
  [ 11156792981, 170905107967219079 ],, [ 11206162626808754779 ],,,, 
  [ 294380055689, 225129070942434301614487531920703, 
      133561009379735634581465883594668221 ],,,,,, 
  [ 717894571439, 54561823264139 ],, 
  [ 47537742919, 16593990586375231, 402048790047822203429857849, 
      1424681898417391095214531898363711483463781018456083427 ],,,,,, 
  [ 27806409017, 79222314592237, 464996238930548377777, 
      10882043496104326155027896410759, 
      53130160122532963923267624647267133407045788971073 ],,,, 
  [ 1345795089763, 2259993631029830893579, 
      72743722606568394543285065372305712813, 
      2084258654944532203923949515816688880661688726624489 ],, 
  [ 3562616479, 294925117940119, 5417599375696065329791, 
      236896409563570798872557, 
      3167135826547310583448243961862995278577048875474481952479058271303573 ]
   ,,,, [ 17411155547, 23177417951337871993, 6279507197312940683787168293 ],,,
  ,,, [ 4855006913, 1075348520098515814379 ],,,,,,,, 
  [ 94185529416767, 1457817180912960145903 ],,,,,, 
  [ 50098087745972088307142953 ],,,, [ 17106340319782787 ],,,,,,,, 
  [ 459751659289938548431 ],,,,,,,,,, [ 80808777527161 ],,,,,,,,,,,,,,,,,,,, 
  [ 308607101818440158975039 ],,,,,,,,,,,,,,,,,,,,,,,,,,,,,,,,,,,,,,,,,,,,,,,,
  ,,,,,,,,,,,,,,,,,,,,,,,,,,,,,,,,,, [ 2421682558601783 ],,,,,, 
  [ 1361431541 ],, [ 3495849513260556773 ] ];
