BRENTFACTORS[414]:=[ ,,,,,,,,,,,,,,,, [ 13643174221 ],, [ 537319134817 ],,,,,,
  ,, [ 3669832711, 848263268269 ],, 
  [ 17418258230098223, 29310091955105328911 ],, [ 645469802243753 ], 
  [ 89926426241 ], [ 403378990179974150893 ],,,, [ 1153566299203 ],,, 
  [ 9310204441 ], [ 8978705539, 1318450779691 ],,, [ 137675683817719356541 ], 
  [ 24351115601752921 ],,,, [ 1149143276368346583088994977357557875481895223 ]
    , [ 34654530442109199701 ], [ 17119782817, 1793756164968120801921556861 ],
  [ 4877807340948049 ],, [ 85398720877 ], 
  [ 30326956263061659349343586754484671063928501179951 ], 
  [ 1310550193, 47608366984582339993 ], 
  [ 2673640784650557493, 3164983659813687661, 2230106579461858489607966467 ], 
  [ 506909832495855143 ], [ 5866150773229 ], [ 428634064809721 ], 
  [ 10819464919076633, 6831429365830036369762237 ],, 
  [ 46806147248743761859, 1759326708873118095132178255312213 ], 
  [ 219228564865388033, 615636947314516289 ], 
  [ 28025775064195091, 22658874584263816034757401821 ],, 
  [ 2251152737878372799, 79543559357472061609999 ], [ 96224706961 ], 
  [ 5579812027843561, 12301427589590944617455281 ], [ 449927212712951 ],, 
  [ 63302322167857 ],, [ 677536500599108837, 5564363908873379804033993 ], 
  [ 17062165599901, 603921763475170394701 ], [ 28737522699225313371733 ], 
  [ 15560779028719 ], [ 3127889294499912463 ], 
  [ 19569548833, 9664149360083, 12701599868879445389219 ], 
  [ 742427522162414598979222430936881 ], 
  [ 4267516715922601, 7696518716768048244757 ], [ 28026143734502941 ], 
  [ 211575459527 ], [ 104474780023573 ], 
  [ 2891953403362119391, 16484971801547797823005547351 ], 
  [ 1283265196553, 2644534218971, 120911475418322360284873245272983 ],,, 
  [ 341421479423 ], [ 9305512960335298539841 ],, 
  [ 9999058926092953, 45132147593532387756075950623273 ], [ 384638266249 ], 
  [ 20490515907306485383000235897211140724729557321 ], 
  [ 130372328881, 10079319174848427314054161 ], 
  [ 35909781409, 6167613938000161, 16066766459112289 ], 
  [ 108901073448628024943513 ], 
  [ 418929652957957, 280234187132596046407, 3610825312101383497228213, 
      11424928860847874020875913 ],, 
  [ 23944701558485401, 517073768666107501, 522032202471402001, 
      2224816012544751001 ], [ 106347164221 ], 
  [ 7161484838647, 10386274208329138941824377099 ],, 
  [ 1021750621744841, 349328876818380785350049918668575409905015227912393 ],, 
  [ 566763812834865222569, 1769365264564481723402128417439 ], 
  [ 35640060535301 ], [ 22183836290493172382393821 ], [ 1575259717 ], 
  [ 1196049351970520322156681691 ], [ 49966880813890413066930006427 ], 
  [ 11209437891874518228913 ], [ 12828376735073780582671 ], 
  [ 10808722471, 54884676933297133661365244275970811787 ], 
  [ 37892559571, 6577254024797881 ],, 
  [ 1355710123, 492637421719, 2594777234122440143670255539347 ], 
  [ 3344970191, 18977255869796572223 ], [ 4068730682621921 ], 
  [ 129462349572961, 232419374903937322201 ], [ 106101892667, 25824853945001 ]
    , [ 30558702044316493541419 ], [ 10368217351, 683710572223444823383 ], 
  [ 274740515492761 ], [ 5625002855907997482001 ], 
  [ 49474581401508308777082863669423621671 ], [ 954492878562071100671 ], 
  [ 992002600382593 ], [ 6662264083, 502967925526165340299 ], 
  [ 115960395426935517319974684278591 ],, 
  [ 3178005997, 24717202362532021175246689, 91084166933407357389593497 ],, 
  [ 2696764659144401, 526649787858812953 ],,,, 
  [ 11027449332769, 4789181741951157028793281262432499134017 ],, 
  [ 87285637455475437301 ],, [ 3197242591288517 ], [ 4958287363192307 ], 
  [ 69854510198449, 9486173898148177, 286334921202156057478549250017 ],, 
  [ 2032026381680802800192959 ], [ 1851342860530431897721 ], 
  [ 12756294424549001 ],,,, [ 99566432873097473, 2740510792241645432961533201 
     ],, [ 490468908996683 ],, [ 34317652513, 10799668798309 ],, 
  [ 30214174663424051 ],, [ 76977333281 ],, [ 372355340183693211278905849 ],, 
  [ 568801190653, 11870825814646273 ],, [ 1094540639700203 ],, 
  [ 43999819420647173676613547126533560963966303782592961 ],, 
  [ 45067016006011 ], [ 2439379402363 ], 
  [ 19304091432230868797, 79865898107916255146424497 ],, 
  [ 35875544461, 6702593448697 ], [ 325376166851 ], 
  [ 52858717825418370670817 ],, [ 6693017339, 93970608349 ],, [ 7117502401 ],,
  , [ 6437601817 ],,,,, [ 2021792710649 ], [ 1512667549 ], 
  [ 96534389865271, 467212947618961 ],, [ 27635111809, 478343926849 ],, 
  [ 10909549021187 ], [ 27843523501 ], [ 1734549041 ],,,, 
  [ 5606394144567338476801 ],,,,,,,, 
  [ 96828496556373713, 14665965716288851121 ],, [ 991409813669941 ],,,,,, 
  [ 1582759367899517424313 ],,,,,, [ 9520976161 ],, [ 2185734721370247041 ],,,
  , [ 26474429480017, 44194244943639121 ],, [ 572763237755704361 ],, 
  [ 31655636953 ],,,,,,,,,,,,,, [ 2115458797 ],, [ 26427239849 ],, 
  [ 5375056904170915471018840489751 ],, 
  [ 412998383701, 443565491713755517, 150893276689264098348829 ],,,, 
  [ 137110137089 ],, [ 12873984313, 42390783808545163665403 ],,,,,, 
  [ 3036874790862855097 ],,,,,, [ 12963356101, 1170595520258154031 ],, 
  [ 8067560801 ],,,, 
  [ 168200643630666419411593, 382765377099160271213558458969, 
      426187899977412874136384170617993759844297 ],,,, [ 1682183422622525201 ]
   ,,,,,,,, [ 703788374283032737, 5188130159066693285231233 ],, 
  [ 492701474301479941 ],,,,,,,,,,,,,,,, [ 3723715380016412119783 ],,,,,, 
  [ 471877770313 ],,,,,, [ 3454673156989 ],, 
  [ 2489890241, 60148906561, 69999112321 ],,,, [ 312521125177 ],,,,,, 
  [ 6700752929980891 ],,,,,, [ 20417916644497 ],,,,,,,,,,,, [ 37602686557 ],,,
  ,,, [ 1332025537 ],,,,,, [ 11119880881 ],,,,,,,,,,,,,,,,,, [ 6757014223 ],,,
  ,,,,,,,,, [ 1655062989061, 16039306270651, 32855399230681 ],,,,,, 
  [ 450446698549, 1089310910293 ],,,,,,,,,,,, 
  [ 5054613673, 21259087150385593 ],,,,,,,,,,,,,,,,,,,,,,,,,,,,,,,,,,,,,,,,,,,
  ,,,,,,,,, [ 182217688759724881 ] ];
