BRENTFACTORS[880]:=[ ,,,,,,,,,,,,,,, [ 384210160273 ], 
  [ 182570500027, 11973538140253 ],, [ 9253076191, 96120002135011 ],,, 
  [ 24256800474589 ], [ 66406681651335667 ],, [ 559708938309975921851 ],, 
  [ 11172397517227, 147646259276293 ], [ 30655177961766961 ], 
  [ 87552909419, 3963300032437391, 32133962604134966233 ],, 
  [ 60426291683291 ], [ 69260967259009 ], [ 639394980145740787 ], 
  [ 180605687955529 ], [ 1220725440407737391 ],, 
  [ 51962333437375825268421251 ],, [ 52162000343830066951 ], [ 30267997801 ], 
  [ 4659141696679, 586612121718113, 562645782876297733044599 ],, 
  [ 1745111587576565405545695199, 71578895752801724560290337807 ], 
  [ 4636211724709151401 ],, [ 138885564137177820987028903 ],,, 
  [ 1572202180183816986743, 6398918393782894130281788336674523809005313 ], 
  [ 23400135432551 ], [ 14471617999979414279269233469980583 ], 
  [ 54316665209, 141529631516030694465049 ], 
  [ 1182140303, 8625838171571345147, 8306624342662389791339 ], 
  [ 96408587523713073714789283 ], 
  [ 10684442688877814645234651751180635736543344148115392921341 ], 
  [ 109062500026788534689 ], [ 182320044438844538383 ], 
  [ 348725851585597909524839, 495209848325284945353804217 ],, 
  [ 13029811531201 ], [ 830906261089909 ], [ 12779851573868602531991 ],, 
  [ 985190482817, 318483548905729 ], 
  [ 108928674791, 2156175468466631, 152485872067437291074986202057932474662504\
98684247581 ],,, [ 3333922654288071875501, 779561952924499193388338808533 ], 
  [ 2548927674612459017287, 2528296015265541071862013 ],, 
  [ 2847667973873, 9238978226039817251 ], 
  [ 11072923921, 69584526250048053179713 ],, 
  [ 523388329537, 463876045833133935689689 ], 
  [ 34214405837205867410682560551, 366265120183175306186340719813401 ],, 
  [ 170584640618556994369, 25207809873247428801529 ],, 
  [ 5949763973, 6444017966429041767169602787 ], 
  [ 978450838685217084680965398184525795243601 ], 
  [ 780626734515181, 7633384322138420231804116347919 ], 
  [ 134685494072291188923579507072491113107011092909639 ], 
  [ 19076044639839046859 ],, [ 20944881281802805121 ], 
  [ 20538042141431, 424548098707315581874307727860461223 ], 
  [ 710050652849218776430270229449 ], [ 309137901980567854484929 ], 
  [ 115048552598387 ], [ 2940597594562729951 ], 
  [ 619313707261242622383282740941 ], 
  [ 11927874682258062833, 172726906064767064149, 
      24480904634346728609223446572842166459693 ],, 
  [ 26201124173811554002125504934646703293729 ], [ 1451052611 ], 
  [ 3034432908582723387816961 ], 
  [ 810795035126981, 49055569053105413, 56432798973120372521 ], 
  [ 45793517016117599, 2007363121359101843, 87188208598358399204427755183 ], 
  [ 150763276621 ], [ 477696335801, 9730158318302604701, 10810211698335551101 
     ],, [ 148041442473943, 897185333853121914217096351995139 ],, 
  [ 41981802427657, 79674941856304431001, 213300794779724869361 ], 
  [ 272055597796143631, 13461400795173072574613539225497054571, 
      857983914170147757664537334728651508950681 ], 
  [ 3223790509, 194690003992327 ],, [ 23045883889838619436941997 ], 
  [ 13645725043 ], 
  [ 13948799041, 2114969123253066851, 137317469679435545611, 12641189628087078\
0543173761 ],, [ 82396283265409 ], [ 2527738133, 11173002917 ], 
  [ 1985416591, 647063444479, 1101000303808640876868837137108391061 ], 
  [ 1167634331 ],, [ 215000285030389 ], [ 23808739529133191027797 ], 
  [ 526394286270133, 76958283660171817, 639467394279016591 ], 
  [ 129985467817228657417757399801892001 ], [ 1045411398263 ],, 
  [ 466421821727269 ],,, 
  [ 279094080988165717, 219896932232794580292262644263168935309 ],, 
  [ 5073221389120513 ], [ 537249113129646458406814063 ], 
  [ 22743797949059214102791, 
      6245884266662252365474408974234533863216960122865634212691 ],, 
  [ 158006895458281, 309270998695330002013 ],,, 
  [ 42514017751, 13623540805801 ],,, 
  [ 135144350842260137580304224876121, 44660505691681390794325723556783659 ],
  , [ 21464979901, 77825105373869119965228625215036421 ], 
  [ 608074111739514757 ], 
  [ 346588485677088352057, 15660721632209303273606527, 
      13275215106035837093472147431 ],, 
  [ 1090720855564162020795247489, 27487915781002663970975711161249, 
      279026694506317820477962520869510033 ], 
  [ 4693682771, 226144292772641531 ], 
  [ 262496864613143, 56532788415866781481 ],, 
  [ 35824962881, 56835511921708138089356460737 ],, 
  [ 90911270842432881237301, 3062400337027257107229171885601 ],, 
  [ 26088011561 ],, [ 447759870251 ],, 
  [ 225181452537467795063095167469, 176412509337176634453776807342408653 ],, 
  [ 415144925172623, 5118745823303311 ],, [ 1629332424638245163521 ],,,, 
  [ 50580251881, 2433976595004584783318261 ],, [ 105903850001 ],, 
  [ 108961289170948855306953763057, 13425004608354927792056405987281 ],, 
  [ 3008141129401, 123722225708160491, 1276718409703797091, 
      57341881958253493136551 ], [ 14003934193, 118882957227733 ],,,,,, 
  [ 1208755760431 ],,,,, [ 4786304458981317573531413 ],, 
  [ 836984688721, 1077996986885201 ],, 
  [ 409843492483, 551733669777306691, 6889904054005862315233030261 ],, 
  [ 620835722013581, 3075475226238433 ], [ 11006792386419061 ], 
  [ 321230295399302233139441 ],, [ 815294612191556607999626113 ],, 
  [ 13196782886456914669 ],,,,,, [ 9095962642201 ],, 
  [ 20643745799335425281, 112888879562995810215577357 ],, 
  [ 76238070121, 84653445711790079485032677006821 ],,,,,, 
  [ 8800730330178571, 892146316048912723296623980014189572816656111 ],, 
  [ 18820363915669 ],,,, [ 209825966803249 ],, [ 1036445395691731 ],,,, 
  [ 66663909583 ],, 
  [ 5865216653392592833, 73941919052372644832609, 2388401045352100698234113 ],
  , [ 233757925957, 2098880156389 ],, [ 2113969008887961643477 ],, 
  [ 159657961597322480141 ], [ 57692042563 ],, 
  [ 14071795833424331, 670333229407162019, 58214323367186557996171 ],,, 
  [ 184567743089, 2139895956626466281 ],, [ 997312939001 ],, 
  [ 5116928161, 7147134659631601 ],, [ 1382786791 ],, 
  [ 15475907401, 3491607179317 ],, [ 176681392087 ],, [ 3043883057 ],, 
  [ 111486299056751, 207787537565110263751 ],, [ 102995887345696801 ],,, 
  [ 1515645745021 ],,, [ 367037789221 ],, 
  [ 4142284757893014271501, 184826855230889644399381 ],,,, 
  [ 6816957053281, 7074393529449577, 69307435979219593 ],, [ 166907426449 ],,,
  , [ 27558483782419621 ],,,,,, [ 959155297980738628883809 ],,,, 
  [ 2218483992733121, 804056508911516667241 ],, [ 924588806503 ],,,,,, 
  [ 38351210755393 ],,,,,, [ 1961450655781, 274528621473556328299 ],,,,,, 
  [ 1744080049056196801, 6238608679027292776501 ],,,,,,,,,,,,,,,,,,,, 
  [ 18579621823681 ],,,, [ 8823338846173 ],,,,,, [ 1478110591, 738536887441 ],
  ,,,,, [ 3240654661430929, 3247739319602737 ],,,,,, [ 288928357579 ],,,,,,,,,
  ,,,,,,,,,,,,,,,,,,,,,,,,,,,,,,,,, [ 1564189441, 1508737270273 ],,,,,,,,,,,, 
  [ 37296523837, 79863466717 ],,,,,,,,,,,,,,,,,,,,,,,, [ 22491619883041 ],,,,,
  ,,,,,,,,,,,,,,,,,,,,,,,,, [ 2340540540451 ],,,,,,,,,,,,,,,, 
  [ 59359880460317 ] ];
