BRENTFACTORS[470]:=[ ,,,,,,,,,,,, [ 67246727939 ],,,,,,,,,,, 
  [ 38426146849, 61966365649 ], [ 9747008842450301 ], [ 97392697035089 ], 
  [ 1124290639, 17002107469 ], [ 53242173041 ], [ 7936966559 ],,,,,, 
  [ 324473976311311 ],, [ 11808635360111, 279474389838389 ],, 
  [ 102695476334569, 876550193359763566672159 ],, 
  [ 667602303774870168647, 2346556809971165254875817697 ], 
  [ 172231082311471 ], [ 102217264757, 408078677917 ],, [ 16088687191 ], 
  [ 12116810597, 403533919829, 9548520752003 ], 
  [ 148296016331, 29592709430659933 ],,, [ 11077687301, 567405464868325301 ], 
  [ 6213418333 ], [ 40839061537 ], 
  [ 1359342660190211, 5591775638979379789, 238525799446343070803 ], 
  [ 824062054141 ], 
  [ 3227545273811, 359926276809991, 34220972673710540411, 88304558068907683228\
1 ],, [ 69212304151, 118705378387, 4828079439561413358003013 ], 
  [ 191363611809411438748513 ],, [ 29442220201 ],, 
  [ 1197437467899631873, 156819354571781073798057349 ], 
  [ 1744910865811, 57646625110831 ], [ 17432745857, 61506539323432771767233 ],
  [ 162919430441, 5371204697849375321, 87157557561683185745024611, 
      6146030544598355648933080711 ], [ 59783155263797923 ], [ 6751423171 ],, 
  [ 1826045257, 81565391082897637, 2372872427755388389627543 ], 
  [ 194634635662321, 3516512682356171 ], 
  [ 1136103364073, 522429854329646684382987571186309 ], 
  [ 7933954785757057, 37261254216828457 ],, [ 2881619386259 ], 
  [ 4780863944251, 49566047636135482862421001 ], 
  [ 1394379601, 21009175358729 ], [ 27540983317 ], [ 1713354251775427 ],, 
  [ 8182381424149354762272389058881 ], 
  [ 1449673363, 81861128497, 928032298556768167249027 ], 
  [ 1587393475313, 2311003709741, 3870405691599844130595397 ],, 
  [ 6192571729 ],, [ 476892364129 ], [ 19985316273845641 ],, 
  [ 226649744617, 39435084096773, 676103534025961 ],, [ 403835412070729549 ], 
  [ 1374722818668293, 70798259902148057 ], [ 305577204841021 ], 
  [ 30073375847955167218765987 ], [ 1455695597101667774829240965021 ],, 
  [ 3060913132531 ], [ 84439857328232099470289103324495432545141 ], 
  [ 2913297073633, 39978952955307224625150847 ], 
  [ 22782876001, 270159915851801, 2206315269983289360488479992101 ], 
  [ 4390787228713553 ],, [ 6389021110504027 ], 
  [ 18427215693727188156586820856050880334700054208846217 ], 
  [ 23839971078631, 129250352612813218162623612663594661 ], 
  [ 511973544156391, 197183519261278407307 ], 
  [ 417188317253, 1613673341014391609 ], 
  [ 1829477796223537, 48349320807443293265689, 25020475858327705182753440077 ]
    , [ 375728682389 ], [ 174859465346481166373407451 ], 
  [ 1029608925359157697, 50699130375744648671577547 ], 
  [ 555455289284569886173309249441 ],, [ 2131875876332890653909487 ], 
  [ 222654107971, 458895689879041, 13192103655869521 ], 
  [ 10543733581, 8072524612837, 259974659407361 ], [ 81399789763418647 ], 
  [ 17554589414083, 168691630902421201 ], 
  [ 14797334857537, 1552171558316322077, 2381391524499541046641, 
      91528965695139425609759 ], 
  [ 799690304514721, 325476177895016760307089001 ],, 
  [ 1507576832438968981, 662399717423371833417509663 ], [ 2401259256787 ], 
  [ 14121331468796977, 1023908156174616997, 278267496966353515593342133, 
      1284776870131902321807985575895236533 ], [ 3968466213001 ], 
  [ 317097916639214156694043868899 ],, [ 1340510434561 ],, 
  [ 486875320741541057951, 27065902549703491447871, 95587319026089994083241 ],
  , [ 23907736381, 7459828618309, 206706012894285357578343835717 ], 
  [ 12823677791, 769592437433 ], 
  [ 2481076504982293, 1027364706592452735193, 195709806700800712274790491 ], 
  [ 222702447871 ], [ 1289588857, 363301549574675608974431297 ],, 
  [ 179135319313, 6154159366956831729547 ],, 
  [ 96202607974011543282979018626874724413649363642261 ], 
  [ 12393628717, 485807781379 ], [ 751623443516101288981567 ],, 
  [ 1172414233603297340662379866981560424024614042769 ], 
  [ 1830968071, 5649333691, 394340627501341 ],, 
  [ 565513743467119409361945673 ],,,,, 
  [ 73088662853020537, 1028430007045864103521, 7432984501250553669297409 ],, 
  [ 13324184413, 26733678325471988598883, 1417337488772106535047877 ],, 
  [ 2999047639537, 17115672986754297521005099409881, 
      95678374224473910289336052190821291461 ],,,,,,,, [ 49357877196449 ], 
  [ 18548099131, 643625509245438886981 ], [ 468025178477 ],, 
  [ 167001822961, 8966094220273, 28067800908921481, 8723099468107000369, 
      121424617172394461857 ],, [ 26785273271, 94320722632012432171966315081 ]
   ,,,, [ 65146270967839 ], [ 34026754612029901 ],,, [ 94889055953 ],, 
  [ 847718553961, 22282743944069461, 3946864761877235581 ],, 
  [ 93135355935537371, 2494698336800218823 ],,,, 
  [ 53783611590601, 54531505396473336118715689 ],,, [ 27431563573 ], 
  [ 365209311301, 488306494961 ],, [ 20668891976641, 117114839666689 ],, 
  [ 9898798009 ],,,, [ 20117412613, 8210667614689 ],,,,,, 
  [ 1275145847149, 248355238219363667868324649 ],,,, 
  [ 52819733201, 65239545542507321441 ],,,, [ 9188356873, 5220054358468661 ],,
  ,,,,,,,,,, [ 1188654209, 2813624129, 1266291796001, 556174182963923947361 ],
  ,,, 
  [ 9209429484743745895514953, 79780998307237410708052141, 1614292357554451647\
05723257, 7117295004165504417311305114693815169 ],, 
  [ 2429856851, 8168119951 ], [ 37004130115368109 ],,,, [ 458907116401 ],,, 
  [ 1655097221 ],, [ 1544547841 ],,,,,, 
  [ 90443206753, 341839812319, 567054888382111, 6937956195242893, 
      18627996537984349 ],, [ 22682934361 ],,,, [ 167495286982263157 ],,,, 
  [ 3909202433 ],, [ 1689395353, 1260865781377 ],, [ 8608962701 ],,,,,, 
  [ 21377892917011 ],,,, 
  [ 109038867000403837501, 2463954859922001097754701, 881598352820170148742015\
1 ],, [ 7353248453153 ],,,, [ 6037155333333241283737 ],,,, 
  [ 390360488957165161 ],, 
  [ 2546338024877329, 4328132997461401, 14934719565809677 ],,,, 
  [ 33624228725803 ],,,, [ 4900696951 ],,,,,,,,,,,,,,,, [ 22001149952101 ],, 
  [ 42753078988621 ],,,, [ 81917756233 ],,,,,, 
  [ 425072799289, 78360485915251 ],,,,,,,,,,,, [ 204898016770479451 ],,,,,,,,,
  ,,, [ 1545236713 ],,,,,,,,,,,,,,,,,, [ 4969824121 ],,,,,,,,,,,,,,,,,,,,,,,, 
  [ 1294587649 ],,,,,, [ 81704567881 ],,,,,,,,,,,,,,,,,,,,,,,,,,,,,,,,,,,,,,,,
  ,,,,,,,,,,,,,,,,,,,, [ 1191502563301 ],,,,,,,,,,,, [ 6796378051 ],,,,,,,, 
  [ 1405779876534881 ],,,,,,,,,,,,,,,,,,,,,,,,,,,,,,,,,,,,,,,, 
  [ 52112293668325591 ] ];
