BRENTFACTORS[7559]:=[ ,,,,,,,,,,,,,,,, [ 211836904203148777351 ],, 
  [ 587081030363 ],,,, [ 4651328603367671 ], [ 45816795001 ],,,,,,, 
  [ 55306346781093205987270870354744670053488639397 ],,,,, [ 20298842353 ], 
  [ 80086963974788773, 
      16663148501636182049547270917466809674309419801295228211 ],, 
  [ 1993249987, 12632143291, 4462004173142322691 ],, 
  [ 3136309795261, 73436143498724656102843164362494085016059 ],, 
  [ 5001010769, 187240823681, 1348394470492064382636869, 
      2863798240778937625459086457307 ],,,, 
  [ 520628696241936871493, 104430270672472725988276621753710862542877313788972\
5877 ],,,,, [ 810912023741, 19226965570471013161 ],,,,,,, 
  [ 6931102976761, 7520501705585261 ],,,,,,,, 
  [ 1181289463, 17621921519, 74881596786476942808217849 ],,,, 
  [ 73452885336618081103 ], [ 400863768049, 707403511604100374929 ], 
  [ 20263239216505152279717819821789060587 ],,,,, 
  [ 2034941505630541, 33551564036068051825130448622363 ], [ 3931644193 ],,,, 
  [ 7840234024867, 3112275232964857 ],,,,,, [ 10920395053, 5808162501871 ],,,,
  ,,,,,,,,,,, 
  [ 293677585263089, 362223393994391177, 5745802249521363652897, 3479864696747\
82966771433 ],,,,,,,,, [ 1739380073 ],,,, [ 2759853331 ],,,,,,,,,,,,,,,,,,,,,,
  ,,,,,,,,,,,,,,,,, [ 30142979502483277 ],,,,,,,,,,,,,,,,,,,,,,,,,,,,,,,,,,, 
  [ 12541237131601723159 ],,,,,,,,,,,,,,,,,,,,,,,,,,,,,,,,,,,,,,,,,,,,,,,,,,,,
  ,,,,,,,,,,,,,,,,,,,,,,,,,,,,,,,,,,,,,,,,,,,,,,,,,,,,,,,,,,,,,,,,,,,,, 
  [ 338038983049 ],,,,,,,,,,,,,,,,,,,,,,,,,,,,,,,,,,,,,,,,,,,,,,,,,,,,,,,,,,,,
  ,,,,,,,,,,,,,,,,,,,,,,,,,,,,,,,,,,,,,,,,,,,,,,,,,,,,,,,,,,,,,,,,,,,,,,,,,,,,
  ,,,,,,,,,,,,,,,,,,,, [ 18749858401, 14046215449969 ],,,,,,,,,,,,,,,,,,,,,,,,
  ,,,,,,,,,,,,,,,,,,,,,,,,,,,,,,,,,,,,,,,,,,,,,,,,,,,,,,,,,,,,,,,,,,,,,,,,,,,,
  ,,,,,,,,,,,,,,,,,,,,,,,,,,,,,,,,,,,,,,,,,,,,,,,,,,,,,,,,,,,,,,,,,,,,,,,,,,,,
  ,,,,,,,,,,,,,,,,,,,,,,,,,,,,,,,,,,,,,,,,,,,,,,,,,,,,,,,,,,,,,,,,,,,,,,,,,,,,
  ,,,,,,,,,,,,,,,,,,,,,,,,,,,,,,,,,,,,,,,,,,,,,,,,,,,,,,,,,,,,,,,,,,,,,,,,,,,,
  ,,,,,,,,,,,,,,,,,,,,,,,,,,,,,,,,,,,,,,,,,,,,,,,,,,,,,,,,,,,,,,,,,,,,,,,,,,,,
  ,,,,,,,,,,,,,,,,,,,,,,,,,,,,,,,,,,,,,,,,,,,,,,,,,,,,,,,,,,,,,,,, 
  [ 586429887167281 ] ];
