BRENTFACTORS[397]:=[ ,,,,,,,,,,,,,,,, [ 55718734439 ],, 
  [ 146667246166323749467 ],,, [ 1495868221 ],,,,, 
  [ 3168435799, 226338458977 ], [ 47859898558753 ], [ 1099541407503442878349 ]
   ,, [ 7466158843523, 136466165844243967 ], [ 408501522241 ],,, 
  [ 4980181781, 6407604701 ], [ 278089222501 ], [ 12742232200073 ], 
  [ 361624293223 ], [ 32178321780051829357 ], [ 2412679081 ], 
  [ 1124182500692323601, 10586005582993952029 ],, 
  [ 2257770232727, 5767896054540007, 11533624915868855957 ], 
  [ 5157022905101 ], [ 205319213641 ],,, [ 9672692833 ], 
  [ 12993246407, 839165754683379401954257, 158132166045190666745984349002999 ]
    , [ 576186799436818942301 ],, [ 46097875669, 639718931893586146369 ], 
  [ 340254691097 ], [ 6706878414126193 ], [ 2878004581, 153946013101 ], 
  [ 9729512857, 30484498414553, 6114085322486736953 ], 
  [ 1410744295669, 29954140429049224513, 235740474271069519095245932753 ], 
  [ 386293231540006924736119597 ], 
  [ 63100826853157, 739983139184066757673, 6366573688276090336855931, 
      142700955339783046016299464315442804451 ], [ 55244258288521 ], 
  [ 13226173627881964003318230572774183161 ], 
  [ 27476262394024229572663, 7047203083989360202714081 ], 
  [ 3709849591099, 6876663330223, 11068169196547 ], 
  [ 1236371840897, 10465156112449 ], 
  [ 8154719319305948516424961, 6377449652226614128368177161636015344732741361 
     ], [ 719131156591, 34405575796773656179 ], 
  [ 31302569214046397694642833567893537961 ], [ 15081214058569189 ], 
  [ 5315102303552933443, 313886675371331896396183076641 ], 
  [ 721713137645011 ], [ 2032062743 ],, 
  [ 10696416600730837, 525510284663806618592186191493, 
      28559627759484401789911256310846149232497 ], 
  [ 748876861870013, 6284598137302364979129450705245057 ], 
  [ 108614722120364976854058751 ], 
  [ 1065853489, 3653760421, 113543217814813249, 4939760757184510393 ],, 
  [ 2803711249 ], [ 18438328873, 542748105025693997551593147249927591517 ], 
  [ 13480788328813863690345121 ], [ 341413576187350375458694718047 ], 
  [ 10783367955234871783, 37576147116037893483901919 ],,, 
  [ 241428552579898588635759286614281596915721 ], [ 8777498222973728317879 ], 
  [ 1702411303, 177565365793, 1405926727363, 27331823865001, 
      1405518466662671234660953 ], 
  [ 1263065944335449, 3076790143306663664181137 ], 
  [ 181149929681246326847, 3623993519444894825577675810483540599 ], 
  [ 944885976825338861491 ], [ 4455209960147044552819 ],, 
  [ 567325238713, 2489243973019, 
      696153061774291010209297684849058982914948563734691 ], 
  [ 37837567718101, 2198838130611000001 ], 
  [ 99391531722405713712686621, 333194148421600933637619194677033657091, 
      1367628144981274867827727121674768258705905871 ], [ 45032993953 ], 
  [ 880061207611771217, 134020486533002534256047, 24521361329490851090391953, 
      16035936916641532982091422434558863901 ], 
  [ 146793551134357, 726246641922992519701, 4999619935953210773143 ], 
  [ 7393699847536726942131323257 ], [ 127296568221673586729701 ], 
  [ 16543763237, 39462487297 ], [ 1244232777448283628493 ], 
  [ 11223637255632711064749456113851, 16560332505569941536662879364181 ], 
  [ 1187766009977, 5686498259361133460354513653678769 ], 
  [ 2243576238319851617017068559224868830139169996610908874661 ], 
  [ 47967207144571128973615915039, 
      796700800731722389286581364430462158336294822571271 ], 
  [ 656211584525142223 ], [ 134089677107317 ], 
  [ 117229855777, 2968473905387 ], [ 2420676281 ], [ 2768782497198892979323 ],
  [ 10665795934628017, 43391561305994670497 ], 
  [ 1064061257353, 10595121828589, 6743963506461569, 41407979115739443467417 ]
    , [ 639351262897956295182680352501264331 ], [ 29516084921, 80853218591 ], 
  [ 89737386389591922768458101, 
      6978134281384476707565205110954430419600306773285329 ],, 
  [ 25821034213651504806969099481, 72579738020133626657554534056358849 ],, 
  [ 897578204728233669139074960540601 ],, 
  [ 72058967829259, 25983830204400366994341965903, 
      388148129011397467579301001257, 469779054005039987913386967122113 ], 
  [ 272072535297379 ], 
  [ 55455255798340466933141, 6408866165836987991851593059602017340310591951174\
54717 ], [ 6083420976374930750416653751 ], [ 266695080373 ], 
  [ 468480158413470964125389 ],, [ 26226718677035866057 ], 
  [ 1318190381, 4221874564009806166942704843056551649121483058681 ], 
  [ 240745184501 ], 
  [ 8688238342287397861907180341, 56678163884491729840360453239613 ], 
  [ 12354745703590991 ], 
  [ 42314116661, 83188015793, 89721998369, 21136071768869786764296732500082983\
98257129313849049954279 ],, 
  [ 36395822513, 2515568205772793, 1085198279158058375344310498050207551285187\
572793 ], [ 13453214400347 ],,, [ 1641196194873061 ], [ 13329777014959 ], 
  [ 11934318859 ], [ 7101164929 ], [ 39219974931404511967583804559650929 ],, 
  [ 20972400220609767323, 280391302947452165457113, 
      37863540373897975321926811, 
      25677245491734691580064710984502145508359589627 ], [ 7687599075330637 ],
  [ 73101859781, 85331761539120825049177 ],, 
  [ 54963885332038351, 1254115607971764982506207236701 ], 
  [ 106345601074072103 ], [ 1651451564493493287337 ], [ 17327825587 ], 
  [ 2449239810534466558920733577 ],, [ 19197354879133546545994423081 ],, 
  [ 381855526517941817862778238272872211828170097 ],, 
  [ 29566931201, 20004297382159577096685694818314353071399521 ],, 
  [ 1565033936087840401, 17827549801126582791903399545713201 ], 
  [ 10243187317067 ],, [ 3661629841, 43482314371 ], [ 4517752583 ],, 
  [ 22468763353, 465537725857, 2009517050600848182192314342726299681 ],, 
  [ 227914357747616801 ], [ 61722142038919 ], [ 5313756821 ],,,, 
  [ 41850157740365921 ], [ 1391468027960779 ],,,,,,, 
  [ 10661681281, 7025429750546954214763952007184295083417 ],, 
  [ 1261145258539828847457991255051512615952441 ],, 
  [ 3172069907241252469469, 963050822024195554619401117125989 ],, 
  [ 2876579419201, 37401408539232461417801, 104233811442011559872061580638961 
     ],, [ 1098893569310255720250166375592298190251160694977 ],, 
  [ 7369194293431, 28565126908547 ],, [ 3978093144405058135548226451429 ], 
  [ 3033765898060539041 ], [ 219572293103451487 ],, 
  [ 122811511601, 146601296801, 4008500727835759296601 ],, 
  [ 59160135209052113 ],,,,,,,, 
  [ 21931262730076711181685566521, 7621601697415753924344759663933448534921 ],
  , [ 22689353245709 ],,,,,, [ 1108832847934781 ],,,, 
  [ 29315847573551453119, 11107877587580188110649 ],, 
  [ 2258215447489, 33858602617113569 ], [ 3842566201 ], [ 1287434087 ],, 
  [ 5214402018122509, 271560184820963653 ],,, [ 2806211190553 ], 
  [ 193474101577 ],, [ 8613329167, 58106071297, 39633490598299628707 ],,,, 
  [ 10545499309039422757, 559275441660686924482961 ],, [ 147683660603761 ],, 
  [ 24416416487 ],, [ 10241711633 ],, [ 650036644084792208015719 ],, 
  [ 113096608081 ],, [ 364627545998803061251 ],, 
  [ 9550869553, 48408370517046642481 ],, [ 3406040941, 81809100711673 ],, 
  [ 11762261635841 ], [ 111846245312729 ], 
  [ 1200195103, 62594811154123, 6106757221185924614093191 ],, 
  [ 1422928249173601 ],,,, 
  [ 736603666921, 7696206063455915809, 213677606548764430714569313 ],, 
  [ 18096823487 ],,, [ 5434633363 ],,,,,,, [ 431887975381 ],,,,,, 
  [ 4449514372768973611 ],,,, [ 74670982387, 77961565525273 ],,,,,,,, 
  [ 2762197703791 ],,,,,, [ 18948772501, 42195390949501, 535368725274458401 ],
  ,,,,,,,,,,,,,,,,, [ 4310349776311, 12265837474963 ],, [ 10512990401 ],,,, 
  [ 3015193949672221 ],,,,,,,,,,,, [ 457000873657777 ],,,, 
  [ 1090748437770601121 ],,,,,,,,,,,,,, [ 4751037541, 3729146452249 ],,,,,, 
  [ 181248760428121 ],,,,,, [ 12213347899, 24120261199 ],,,,,, 
  [ 25191611593 ],,,,,,,,,,,,,,,,,,,,,,,,,,,,,,,,,,,, [ 34208236537 ],,,,,,,,,
  ,,, [ 77364789181 ],,,,,,,,,,,,,,,,,,,,,,,,,,,,,, [ 17277123343151251 ],,,,,
  ,,,,,,,,,,,,,,,,,,,,,,,,, [ 151864339452961 ] ];
