BRENTFACTORS[5179]:=[ ,,,,,,,,,,,, [ 35626999159329007769 ],,,, 
  [ 42091943867 ],, [ 42041961391 ],,,, 
  [ 259000221999790102096839317, 237043578849436220953666814475033724632774543\
0349 ],,,,,, [ 11526691035373, 53707947486569 ],,,,,,,, 
  [ 36539396120969820121329335369, 8359437963536721702551336090172713 ],,,, 
  [ 267405911237, 7291637906604826519631 ],,,,,, [ 58718657463071105273 ],,,,,
  , [ 1299779076150124183 ],,,,,,,,,,,,,, 
  [ 2416550641, 9411712307, 23079368479139980871, 2493060679536798626237053, 
      6656473259815233694823803 ],,,, [ 19706243922321654415813 ],, 
  [ 70981842762851 ],,,,,,,,,,,,,,,,,,,,,,,,,,,,,,,,,,,,,,,,,,,,,,,,,,,,,, 
  [ 769048382538084557 ],,,,,,,,,,,,,,,,,,,,,,,,,,,,,,,,,,,, 
  [ 570281386858693 ],,,, [ 4429757833 ],,,,,,,,,,,,,,,,,,,,,,,,,,,,,, 
  [ 1670305171439 ] ];
