BRENTFACTORS[286]:=[ ,,,,,,,,,,,,,,,,,, [ 2754066476969310521 ],,, 
  [ 6422404957 ], [ 14571069500957141 ],,, [ 6560476469 ],,,,,,, 
  [ 156364519411 ],, [ 2315103320934601 ],, 
  [ 3831732694109, 18924168545159, 77398880755080839243059 ], 
  [ 2548075522740726211 ],, [ 10373952491122921 ], 
  [ 2000029693, 13291677341668853402792071741 ],, 
  [ 10564908546156018061657228191086818672710288721 ],, [ 3290588449412491 ], 
  [ 11412164207869 ],,,, [ 10827532621651 ],, [ 4921281834689474896995653 ],,,
  , [ 71851701170257 ], [ 10879913533, 293496288215203, 5027100749904471877 ],
  , [ 38412786739 ], [ 429786007091472901 ],, 
  [ 9801215860497827, 26902971600302297531 ],, [ 6421064653826209601 ], 
  [ 625981181671, 1503617080681, 70472722652021, 16409085816371431 ], 
  [ 103815229505434193773753 ],, 
  [ 66886739575049956028617, 218921622373693834872037 ], 
  [ 55505156583787103748617341, 7092215455584120640144748780635323949 ], 
  [ 1207576744284849541 ], [ 596287651254912621540401 ], 
  [ 254894594524482577564729 ], 
  [ 1578587354718916483, 18885839380735212863, 1249048438204093999519 ], 
  [ 138229119399337, 520068224516528143 ], 
  [ 5123803501, 96903764558268469306951 ], 
  [ 768651109358125121, 34807020393708702248477 ],, [ 78827445768258522037 ],,
  , [ 7130630023442186595196724428309381 ], 
  [ 1253214147126957054571507, 31736841025882506985682628965465681 ],,, 
  [ 17021812022480072201, 1173919313376421411885752461 ], 
  [ 80950208451493, 188047159280789 ],, 
  [ 404908080030850959113, 424846888518551935969215409 ],, 
  [ 4505872106685871 ],, [ 86143568546750689000670635631929 ],, 
  [ 10803749753, 97678788043 ],, [ 6863032214666858138977 ], 
  [ 61539115067034427 ], [ 881018554628308363, 5216360398963683929933 ], 
  [ 5712201248825809 ], 
  [ 58883236195839101, 141608866050835501, 103316103711557321169243601 ], 
  [ 579578591497 ], [ 13078840963, 407132550023553448357 ], [ 1093533697 ], 
  [ 22443203953, 28165856161, 58565028876017845626968960812069241 ], 
  [ 415877909581, 1871597570641, 2146711554989496601, 21349526860334156475601 
     ], [ 1941780187, 2276719927351679485573 ],,, [ 1542491047 ], 
  [ 4943271086900861525504988035648731991 ], [ 15791148601 ], 
  [ 77137531088689, 5616388642570750105997255211122937322289 ], 
  [ 7362631391 ],,, 
  [ 19787044289, 6696647159260942945777, 63470503517542442527268044360673377 ]
    , [ 5028188257, 6644238436748251 ], 
  [ 504678031343, 336076174003472962699 ], 
  [ 1942913283429203, 11469833380402517, 37856701463760538171, 
      3175836763332618245057 ],, [ 31153696003 ], 
  [ 3446689711, 3880586371, 18542528973593123 ], 
  [ 3513438746197, 187007878293759710689 ], [ 998134783813, 4835781006701 ], 
  [ 581054192501, 1100456540991751, 16532848883057501 ], 
  [ 14440605699120754297875878245130189389 ], [ 2745103902467 ], 
  [ 1355036801, 41076759516826753 ],, 
  [ 13366195379787244411, 10463994423264155464193171150244816301 ],, 
  [ 7649839167169, 58018242146077357, 492092623189673514733297 ],, 
  [ 521466378493, 5050013462957 ],, [ 3444955435121, 17453682103282409 ],,,, 
  [ 35184234384181, 1259782358347800710572130491896203468715092141 ], 
  [ 6765789561055051 ],,, [ 21292011361 ],, [ 5766396443442968294816155199 ], 
  [ 8224020071280284461 ], [ 15148300760924182669, 340001848385071119391769 ],
  , [ 196469358535651, 1238747891598714576901 ],,,, [ 21023560720923977063 ],,
  ,, [ 56056790014258667 ],,,, 
  [ 46975214683, 39031303647436813, 11972130203571061039858201726063, 
      1578607978096260577872170437593367 ],, [ 1215631990997, 13005416412269 ]
    , [ 3542258914921, 50279830441501, 9411078319315014211 ], 
  [ 29041194863, 79664583378702684787 ],, 
  [ 156798875591345736205801, 13090927673610742750920195473506993 ],,,,,,,, 
  [ 444082027489 ],, [ 12292469669208735244009 ],, 
  [ 65635072476118121161, 72097770856215617641, 6160821783604685200621 ],,, 
  [ 398781479998207 ], [ 19200106978020161 ],, 
  [ 3847159709043979949911, 196745167789871992520347, 
      6743527543455716651769351720901 ],,, [ 11271324859935463 ],,, 
  [ 10424777588161 ],, [ 126803774771, 9318400087365693739 ], 
  [ 1465020343110871 ], [ 27492331193548024784821, 69672245257591208070133 ],
  , [ 7452037405297 ],, [ 743944480187801 ],, 
  [ 38396884171, 2302423023731283152599 ],,,, [ 123273399979 ],, 
  [ 214880938489968661457 ],, 
  [ 183031400585461, 15426260401696779606141781915081 ],, [ 283373942098189 ],
  , [ 51891538804661 ],, [ 5576157721 ],,,, [ 85088963521 ],, 
  [ 17902534538028757, 159035609399018123767 ],, [ 1183737857 ],,,,,, 
  [ 87606792311, 6595798377731, 12385576567792811, 6470698361265038501 ],, 
  [ 1989333228618937 ],,,, [ 1832560029557 ],, [ 4777218407501 ],, 
  [ 30789293026710731521 ],, [ 17686591007779 ], 
  [ 18466293169, 165116337614443 ],,, [ 2087385523, 59747348732335813954507 ],
  ,,, [ 22906840062166001 ],,,,,, [ 232043005196801 ],, 
  [ 3849560397845015911 ],, [ 1350576180313474512841 ],,,, 
  [ 1911570921473221053433081 ],, [ 75262856621 ],,,, 
  [ 2022370741, 182977752867596546277588481 ],,,,,,,,,, 
  [ 4957610561, 7194294889321 ],, 
  [ 61369438885548204373, 1217041369676561301157 ],,,, [ 84287197775140361 ],,
  ,, [ 34818026562691 ],,,, [ 1202470419832921161721 ],,,,,, 
  [ 204199036965601 ],,,,,,,,,, [ 20978090911 ],,,,,,,, [ 660335420071099 ],,,
  ,,,,,,,,, [ 1490228851, 144817153141, 11748467693161, 50043681508495951 ],,,
  ,,,,,,,,, [ 8014289800879 ],,,,,,,,,,,,,,,,,,,,,,,,,,,,,,,,,,,, 
  [ 379942829550015150511 ],,,,,,,,,,,, [ 14387493121 ],,,,,, 
  [ 240959180711701 ],,,,,,,,,,,, [ 57250140169 ],,,,,,,,,,,,,,,,,,,,,,,,,,,,,
  ,,,,,,,,,,,,,,,,,,,,,,,,, [ 11122666132117 ],,,,,,,,,,,,,,,,,,,,,,,, 
  [ 23521645459243 ] ];
