BRENTFACTORS[3833]:=[ ,,,,,,,,,, [ 238796654141, 18576442920582493 ],,,,,, 
  [ 1306070972081, 179147703685689744630178024810519 ],,,,,,,,,,,, 
  [ 63826168196938067, 539476286914956246945757014761, 
      10749224028734655999931089700590575956122736689054917 ],,,,,,,, 
  [ 5220261300388973, 382506878273822240615346749, 
      228190090689883654388267048162463655182097, 
      2232968207814726078912996779828220488549462509 ],,,, 
  [ 30673194351419, 1071130347560902537, 24843385022169586619232469, 
      598989076369380290588986461157, 
      314772518778727794255022999235462095026620188057517 ],, 
  [ 1100507461120370311 ],,,, [ 771512888184653, 6090468377405418372931 ],,,,,
  , [ 23601805755198479, 102991392377258960537 ],,,,,, 
  [ 4612537637, 2714741557759127843, 6975968440358066927 ],, 
  [ 51294497541470591 ],,,,,,,,,, [ 176654948870111 ],, [ 558848555738883037 ]
   ,,,,,,,,,, [ 359236189381 ],,,,,,,,,,,,,, [ 1937229293 ],,,, 
  [ 83357509073 ],,,,,,,,,,,,,,,,,,,,,,,,,,,,,,,,,,,,,,,,,,,,,,,,,, 
  [ 119079288226849607 ] ];
