BRENTFACTORS[4993]:=[ ,,,,,,,,,,,,,,,, [ 4269334077396053 ],, [ 915468244763 ]
   ,,,, [ 54673824818728433, 63355268026418256521 ],,,,,, [ 936268417767857 ],
  , [ 5974734223, 8219792489879941 ],,,,,, [ 5949909451660343324975946803 ],,,
  , [ 3145386997 ],, [ 143995687217 ],,,, [ 4370495047511 ],,,,,,,,,,,, 
  [ 11497464521 ],,,,,,,,,,,, 
  [ 14738561220017, 908256630337700801, 277094489924094952127 ],, 
  [ 16799824487, 5380879023881 ],,,,,, [ 6060065353 ],,,, 
  [ 2274510515343631892179958146711, 647136411932119147137250322343593 ],,,,,,
  ,,,,,,,,,,,,,, [ 224101772441221291697 ],,,,,, 
  [ 21386993328731, 452579899332310843 ],,,,,,,,,,,,,,,,,,,,,, 
  [ 14567565491 ],,,,,,,,,,,,,,,,,,,,,,,,,,,,,,,, [ 154893456127 ],,,,,,,,,,,,
  ,,,,,,,,,,,,,,,,,,,,,, [ 95213183189477 ] ];
