BRENTFACTORS[153]:=[ ,,,,,,,,,,,,,,,,,, [ 4526362097 ],, [ 25347741301 ],,,, 
  [ 509551138759151 ],,, [ 5807495933 ],,, [ 199059882674442404723 ], 
  [ 2073364481 ], [ 1688571391981 ], [ 25015188869871173 ], [ 31722086219741 ]
   ,,,, [ 4700099351283253867 ], [ 10385127514441 ], [ 17371925934191 ],, 
  [ 20723061209 ], [ 1254298842058681 ],,,,, 
  [ 400681677483399574901109041443886249503 ], [ 109336387489451 ], 
  [ 712485513589, 624889856432275393 ], [ 4066679714501 ], 
  [ 7718351099, 47761125431, 14314724371941686887890663715464720079 ],, 
  [ 896425694011 ], [ 15953914905894608221321 ], 
  [ 8550442891, 341307541098826557130218001 ], [ 80582402562511511279003 ], 
  [ 719464901538758773 ],, 
  [ 3356839705628317553287245493891309437357233787290671699451 ], 
  [ 11069517531577, 74220756992085283 ], [ 165475710041719985839 ], 
  [ 20305044623041 ], 
  [ 27159404611, 9101417677301, 1613052292417271443641755021 ], 
  [ 30464955893923 ], [ 2197815825482730817277739197 ], 
  [ 40071241440001191653897145292169 ], 
  [ 2326349762981941, 5799124403656427863 ], [ 901934686801 ], 
  [ 363262417642087, 280693391471983314208903, 1648167863304443709065989, 
      798148964619446106091004839823077 ], [ 598829621016961 ], 
  [ 16258680743, 16214516737044313, 139119953477254889, 119932894329746626283,
      800130284547753491611430171773 ], [ 9367252261, 7383830742066595967 ], 
  [ 4302068401, 16644810751, 2141995626213301 ], [ 1580943198540473 ],, 
  [ 2937853621, 19158186673216891 ], [ 3705551249 ], 
  [ 9887808961, 111917049288791158256561 ],,, [ 572821224419975559226322659 ],
  , 
  [ 1268264328511, 4581816691991268530721297296411687817971487996078982782871 
     ], [ 4270573516397, 32369623992442897361 ], 
  [ 77850145099, 947350700893, 2418620139631, 9555764435607832872896563 ], 
  [ 4627942688767685348161 ], [ 8692383649, 693210638576213 ],,, 
  [ 20941323033845741 ],, [ 12658516610339036506257157 ],, 
  [ 368330317023020533259554849 ], 
  [ 188060437108149517213, 512880076489154891565421 ], 
  [ 529786198665888425467250307677, 601914061431197374766855588711 ], 
  [ 6749874592957, 23074483681657, 138385158550181977359223, 
      33422947887587519619911976721634359 ],, [ 71103041423861141 ], 
  [ 1071392089 ],, 
  [ 1223732951333777, 92756326204163441, 692302501334755722405134914177 ], 
  [ 1932956538871, 37524982804471, 4742100798164311, 987011936317020811 ], 
  [ 446406176161553, 81352439493767557 ],, 
  [ 65731505016316175461, 26393278871984233936139353 ], [ 4148212335101 ], 
  [ 6946128421, 2934620743036621, 3571872720885978327061 ], [ 724439067769 ], 
  [ 2337322311004364068613723458747974673777729 ], [ 176805675030461 ], 
  [ 549127732808501714060913111001 ], 
  [ 4002895521163481, 1142149031804051415519211 ], 
  [ 3751950334886155001, 10408641057432228901688231834993 ], 
  [ 5604689152615298772547 ], 
  [ 51598485296415676515184894166749, 9766710774948415710681046910067563629127
     ], [ 109901500816969 ], [ 1297939441, 17848719735585721 ],, 
  [ 58244562692462873 ], [ 296289503762356032847 ], 
  [ 276286706401, 50911863552246973870787861 ], [ 17944620882751 ], 
  [ 35718260074687, 9554448293683341262453 ],,, [ 56046285829 ], 
  [ 5414685176100721 ],,, [ 1220424824375440181 ], 
  [ 364197266299, 200386674045664727, 82605684629359539480172667, 
      319301190081639769117809878257 ], [ 128553778367144379541 ],,, 
  [ 8627355799 ],, [ 9197539541, 28758195901 ], [ 5944488178837703113 ], 
  [ 330732974831894700797, 617480667670173946677766909, 
      931351326611367990287478135843841852892846883973 ], 
  [ 22185170522374003, 46440027860614103 ],,, 
  [ 12489645039717111723992621, 22020250907054924701649422595135039 ],, 
  [ 4275609826096633 ],, 
  [ 2845739851, 131090405012200651, 708341949076245166801 ],, 
  [ 19623377046356777 ], [ 289408267207 ], [ 11759449914983 ],, 
  [ 2031978154099921 ],,,,,, 
  [ 124113596707, 72455795121821758650520224712278669971511571 ],, 
  [ 49985798120129, 67332645150293 ], [ 12882790672621 ],,, 
  [ 1461663337, 30879786444853187020828321 ],,, [ 318127475148211 ],,,, 
  [ 3123785351, 22824158351, 389220813101 ],, 
  [ 24794546504863039, 404839127962782693979 ], 
  [ 2246005603, 66148784353, 118824073373 ],, [ 856302815172421 ],, 
  [ 34675483032367087 ],, [ 8360934444274961 ],, 
  [ 27642091471, 5002608538141797670238688967 ],, 
  [ 219719230657, 266179784178438594241 ], [ 71352237097 ], 
  [ 1859003928028691 ],, 
  [ 5161455610961473, 452377646083536800833, 745126719544786181812774830337 ],
  , [ 167390009401, 22918733342591, 20414451625353689, 27396732997683548887 ],
  , [ 38191253857, 3230925711991286597 ],,,, [ 6524960356739614201 ],,,, 
  [ 24795643544449517137609 ],,,,,, 
  [ 48446183521, 18870457538802880126072800511081 ],,,,,, 
  [ 400562877844607113 ],,,, [ 2018999407261 ],,,, [ 26258893491937 ], 
  [ 382663574404646851 ], [ 2117346541, 2526599908382513 ],, 
  [ 27187243261, 75025171561 ],, [ 16657042751 ], [ 2118494609001079 ], 
  [ 3475701605617 ],, [ 127604940563647 ],,,, [ 42636205837 ],,,, 
  [ 3626540844257, 61781374940158259 ],, [ 18040896157 ],, [ 6022794617947 ],,
  ,, [ 45029817127501, 7269462153033954808918648241150251 ],,,,, 
  [ 1772429011, 1810382191, 3122121571, 45021924331, 7198904374741 ],,, 
  [ 312344455909, 14663577148088210649997, 1018120874515238207773357 ],,,,,, 
  [ 89770485144132937 ],,,,,, [ 2681910506521 ],,,,,, 
  [ 1768174203145417, 11297871112222069 ],,,, [ 21966585561942841 ],, 
  [ 3395216551, 15999344731, 63426021823, 50506542265162783 ],,,,,, 
  [ 15019314076513, 356116545659208673 ],,,,,, 
  [ 3195769881697, 458035084338521739869359 ],,,,,, [ 2017667841537151801 ],,,
  ,,, [ 11689042696587973 ],, 
  [ 90853107801457, 7568740350955477, 20273058345146069 ],, [ 25650799961 ],, 
  [ 293643324001, 17986704859969, 41120386830172954201 ],,,,,, [ 2138636497 ],
  ,,,,,,,,,,, [ 40289007331, 843057871921 ],,,,,, 
  [ 76721450221649221200154060315009 ],,,,,, [ 5195161261 ],,,,,, 
  [ 5150587921 ],,,,,,,,,,,, [ 98307789121 ],,,,,,,,,,,, [ 116141093281 ],,,,,
  ,,,,,,,,,,,,,,,,,,, [ 2217528721 ],,,,,,,,,,,,,,,,,,,,,,,, 
  [ 6977579138461, 15004644510570556381 ],,,,,,,,,,,,,,,,,,,,,,,,,,,,,, 
  [ 6383624851 ],,,,,,,,,,,,,,,,,,,,,,,,,,,,,,,,,,,,,,,,,,,,,,,,,,,,,,,,,,,, 
  [ 17484973621, 66847216092301 ] ];
