BRENTFACTORS[580]:=[ ,,,,,,,,,,,,,,,,,, [ 251671412420043067 ],,, 
  [ 200093688653 ],, [ 64546660897 ],, [ 768566083819 ],, [ 1174945801 ], 
  [ 8270284381 ],, [ 28657009862125014089 ], [ 13693145153 ], 
  [ 1049635548173361469 ], [ 185453831654303343823 ], 
  [ 779869315891, 227992554519839341 ],, 
  [ 90388671862459982809388702065475728465253693 ], [ 357847537700806183 ],,, 
  [ 47618056411, 7489620251938564073, 990808016865988305951170278514263 ],, 
  [ 19037219861468920464330268881263 ],, 
  [ 4056204973114635931, 121054284256068549901 ], [ 2472836024486579 ], 
  [ 10072839439483655665393, 876235114544036305974297644058809619737732316563 
     ],, [ 3896415258400164403, 76894961876148053352735815682150469543 ], 
  [ 13131758557582965842369351 ],,, 
  [ 4351205449, 5017946204215237, 1864581759678232575799972615951549783 ],, 
  [ 186004473435453934979781456879559811 ], [ 1039179779177 ], 
  [ 7916102317, 2286433237399 ], [ 59946413881 ], [ 19110229101913 ],,,, 
  [ 260227309013421691159 ], [ 52313702977 ],, [ 574202521820533 ], 
  [ 231440627544342855829, 19672705476579341086403 ],, [ 229374158179 ],, 
  [ 12231081543218788665667867 ], [ 897537641951538463756740468832513 ],, 
  [ 320697679449680252025975096601 ], [ 19352963021837409301 ], 
  [ 2400407941 ], [ 14248648723 ],, [ 153240743119 ], 
  [ 63413168801, 2516207784481, 46656085103973361, 692342449046792561 ], 
  [ 669979133263456836455458795257632201401 ], 
  [ 24361820814983208980075704877843587 ],, [ 25597336969 ],, 
  [ 1081905457, 1781570992855472736854662866797616062699859623911 ], 
  [ 149940754715684134351 ], 
  [ 328294799016521833, 173152281636858500105349153040845221928964697 ],, 
  [ 16304121656133975614838871 ], [ 419551607489474673012340250893 ], 
  [ 689540910278798749, 74354534393609617971010561853, 
      95399526238466903847244358967353 ],, 
  [ 99290203769013698802461681587, 287992957372389129557005704256507 ], 
  [ 4877553841, 977659265986235517257821 ], [ 19004566177, 551189613889 ], 
  [ 203520703261 ], [ 87477084254378527792245914765335726153 ],, 
  [ 110011842085186901, 5699052934410115414442670601, 
      24264699140893587185509325501 ],, 
  [ 318252826638674817913843, 9268963301519943387327331 ], [ 246795932237 ], 
  [ 961981097377, 2529846604126205093370645967309015743242993549755404931441 ]
    , [ 4096800949921 ],,,,, [ 910476652972151, 8846683447959873958748899231 ]
    , [ 937607813948110210261 ], 
  [ 1894418598000433, 31450076887053889, 4641004297215239423287308620247206352\
825752689 ], [ 676247761745626800557 ], 
  [ 3458164807, 4447164390871, 17447617320703, 34160479331328143221 ], 
  [ 152847748641481 ], [ 4168283672970352093, 1773754338418730274168481 ], 
  [ 17553251992436317, 2946007377011769248601396559 ],,, [ 9139549188687361 ],
  [ 9162803893 ], [ 1054645113103311943 ],, 
  [ 5646003589, 309982430545221029809 ], [ 363475320001, 1048954358454251 ], 
  [ 732486798018991 ],,, [ 9943858963 ], [ 45063466111, 32304852118111 ],, 
  [ 17370873697, 79519609093, 4096161983101, 3084042597363859297 ],,, 
  [ 40157888671, 6170361812568432001 ], 
  [ 15334047281116085017, 115390734588819548125372153, 
      144665550520627244823757227001, 12987783228806318842939443812416423793 ]
   ,, 
  [ 981801083629, 11054890958703577, 16913579489435719074079, 1713766749300748\
4703349417 ],,,,,, [ 261194733073 ], [ 127484249401, 704923195590105781 ], 
  [ 37478515507, 879451839457 ], [ 2725196627776771 ], [ 37799504524198973 ],
  , [ 139110204215546251, 18084785628680711280715801 ],, 
  [ 151303779434836014198241, 6451155578401379904462233 ], 
  [ 9861680791, 36866807889392576611, 84108506226503596241527 ], 
  [ 1281097778738009, 5514213521367502183, 8865667954486567330209956161, 
      437758457642088129774035599410799411 ], [ 632091779401, 2666234302031 ],
  [ 13074863878597 ],, [ 43136158913, 137746387064314075601 ], 
  [ 11162567281849 ], [ 1075425761, 3713552607350344750454906081 ],, 
  [ 24277321854420319 ],,,, [ 2366473962007, 13563431678887777 ],, 
  [ 1462752726262892403060077569216095655649212869247177 ],, 
  [ 2481950305739314473122231 ],, 
  [ 11704250683997, 297382946683944656891628113 ],, [ 4546930243 ], 
  [ 3571024644251, 50163771496756407701 ], [ 1249704614401 ],, 
  [ 10760485660853, 605417299660122541, 97727137433788885069 ],, 
  [ 124519496442421229133454494080680032910673174521 ],, 
  [ 922481325221, 62359441139619308959, 380912718577211297387 ], 
  [ 1191047378827 ],,, [ 2231924292255578478079, 373311018130512865146763 ],, 
  [ 631864356752137, 2298338822112347087922353 ],,,, 
  [ 112800610369, 1218799574001601 ],,, [ 54432049552787394151 ], 
  [ 13153575438298895209, 552588392877762705764917 ],, 
  [ 2468056735302841, 128689666888366903188049093, 
      8485802262069947881999737157 ],, [ 4388668452780353801 ],, 
  [ 1010912739223 ],, [ 11008642741, 3324812479969 ],,,,,, 
  [ 55501537411322001469258910362941412750131471644085001 ],,,,,, 
  [ 500274781424784073, 915458133255239377, 38310400905352440483313, 
      452768483333966316614660161 ],, [ 1138735427, 27994130832331 ],,,,,, 
  [ 20270585380927393 ], [ 20605809411835201 ], [ 24936937539676289 ],, 
  [ 152462150932626844453, 171831396788240922471601 ],, 
  [ 1430076283331, 987502506040097941 ],,,, 
  [ 3469617938593, 19605713385117769638301 ],,,, [ 241499507971 ],, 
  [ 69088389841, 3384925274580148582807804801 ],,,, 
  [ 386201241901, 31139452542161 ],, 
  [ 2160427168762453, 49436211047152062996167131 ],, [ 640367089777 ],, 
  [ 22765129005603265860800921033833001 ],, [ 21032596769524953932593 ],,,, 
  [ 13777998337 ],, [ 20684321077229104327413361423 ],, 
  [ 18261040876564398901 ],,,, [ 1995552241 ],, [ 1270458029 ],,,, 
  [ 87798717353881 ],,,,,, [ 2140923258266629, 5036803510135814653 ],,,, 
  [ 5310628121 ],, [ 14437054861 ],,,, [ 5654760288773311 ],, 
  [ 63582592609, 1116724553242555693537, 14466235607844019593132961 ],, 
  [ 917976752621 ],,,,,,,,,,,,,,,,,,,, [ 1643049601 ],, 
  [ 5566862809, 2984115973177 ],,,,,,,,,,,, [ 746673309649 ],,,,,,,,,,,,,,,, 
  [ 418268768741 ],,,,,, [ 1111869287647 ],, [ 1735140428219591077 ],,,,,,,,,,
  ,,,,,,,,,,,,,, [ 6935133459733 ],,,,,, [ 3794662621 ],,,,,, 
  [ 636315796413697 ],,,,,, [ 9380733844171, 34319205678031 ],,,,,, 
  [ 1532379655854983233 ],,,,,,,,,,,, 
  [ 56657523628953433, 12743518153954366371841 ],,,,,,,,,,,, [ 1500199126861 ]
   ,,,,,,,,,,,,,,,,,,,,,,,,,,,,,,,,,,,,,,,,,,,,,,,,,,,,,,,,,,,, 
  [ 16619469907681 ],,,,,,,,,,,,,,,,,,,,,,,,,,,,,,,,,,,,,,, 
  [ 38271185599, 1040105052562282893133 ],,,,,,,,,,,,,,,,,,,,,,,,,,,,,,,,,,,,,
  ,,,,,,,,,,,,,,,,,,,,,,,,,,,,,,,,,,,,,,,,,,,,,,,,,,,,,,,,,,,,,,,,,,,,,,,,,,,,
  ,,,,,,,,,,,,,,,,,,,,,,,,,,,,,,,,,,,,,,,,,,,,,,,,,,,,,,,,,,,,,,,,,,,,,,,,,,,,
  ,,,,,,,,,,,,,,,,,,,,,,,,,,,,,,,,,,,,,,,,,,,,,,,,,,,,,,,,,,,,,,,,,,,,,,,,,,,,
  ,,,,,,,,,,,,,,,,,,,,,,,,,,,,,,,,,,,,,,,,,,,,,,,,,,,,,,,,,,,,,,,,,,,,,,,,,,,,
  ,,,,,,,,,,,,,,,,,,,,,,,,,,,,,,,,,,,,,,,,,,,,,,,,,,,,,,,,,,,,,,,,,,,,,,,,,,,,
  ,,,,,,,,,,,,,,,,,,,,,,,,,,,,,,,,,,,,,,,,,,,,,,,,,,,,,,,,,,,,,,,,,,,,,,,,,,,,
  ,,,,,,,,,,,,,,,,,,,,,,,,,, [ 2791806877, 60272641903, 35463655034405893 ] ];
