BRENTFACTORS[328]:=[ ,,,,,,,,,,,,,,,, [ 991380698629 ],,,,,,,,,, 
  [ 1296344016505488079 ], [ 27117798401 ], [ 1846530395383447 ],,,,,, 
  [ 101255730661 ],, [ 11277697163 ], [ 592988647201 ], [ 239521770538441 ], 
  [ 70123470133420841 ], 
  [ 22001653612557540629321, 2798035949904754054609530273209742017 ],, 
  [ 9172182511, 33970767035111376207994462776612378628581721 ],, 
  [ 323602964821 ], [ 224587735819, 1441754856251 ], 
  [ 234605269279, 2598451410731887, 171840679601557002264491 ], 
  [ 6372019845193729 ], [ 516645380001827777, 6693677831141671973 ], 
  [ 2354874823999985880101 ], [ 2352991387, 53989635811, 192029726659 ], 
  [ 207562449098106206159329 ], [ 228335975669 ],, 
  [ 16884021803881, 3584756461041566249671 ], [ 19506151057 ], 
  [ 13432774357 ],,,, [ 18350711131, 2026448386717, 183385344979015331 ], 
  [ 89219690645168316269, 733557146719063937771297 ], 
  [ 58207286113160991555565102626271 ], [ 74791100618753 ], 
  [ 4425679571, 6962767951231, 153895302787221270991 ], 
  [ 62426288959, 15564240999067597 ],, [ 182435555761 ],, [ 231726183011 ], 
  [ 60072002892847746164083, 198736199768224466692309481 ], 
  [ 71641658979200593 ],, [ 1360952425795276349543, 2302477370782782396997 ], 
  [ 2916792751 ], [ 328971662887909, 1536156824299739501 ], 
  [ 56608886951, 294002655313623257, 1574120733563698013 ], [ 9256479421411 ],
  ,, 
  [ 1924450983073, 31704639630737257, 484442656338164833, 709575303868011073, 
      39093938473853485389943 ], 
  [ 13265473987, 8803257854203598161, 61454844900698070812388770593537 ], 
  [ 916229357655481, 49949394235203156719 ], 
  [ 35082770857, 279549688657, 12895282987693 ], 
  [ 20641966969572182621, 493832396037390419357471, 
      110913435105261073588964281, 
      6978104092132056977560192423177536372716311 ], 
  [ 1077472157, 51581179417, 5611946381428523 ], [ 320681674273 ], 
  [ 2052990913601, 5990468614865681, 685208374810187694786619729 ], 
  [ 7386744571, 202768426771, 21313145294783, 108000411613145047 ], 
  [ 1401194521, 725229491896507231 ], [ 353944104267272558707360884101 ], 
  [ 210065859101401, 2385740250526148220806561 ], 
  [ 47017989137731849, 1329637000107238051 ],, [ 5868426571981 ], 
  [ 4158981217, 64532157684961 ], [ 432641457184550357 ], 
  [ 6660593717, 10292245605680641787423 ], 
  [ 4429517401, 1002218739770359, 143129279629409833 ], 
  [ 3628714008609110679938325173925601 ],, [ 381793179712450501 ], 
  [ 781867604401021625665749133 ], 
  [ 860664440720969, 25080849414828793, 440301526987988342977 ], 
  [ 2425699291, 93824606611, 6822782229792481, 1108826820565780761839109241 ],
  [ 14180975423, 86112593226438241509409354887265217 ],, 
  [ 5726285462910199804171898852678901062280517 ], [ 20279339911 ], 
  [ 149153570758672180031 ], [ 4100779064719, 13939322086569515773353247957 ],
  [ 1552858606763384316593, 23993061759208104394392401 ],, 
  [ 17499489791127171703 ], [ 110941736772911441 ], 
  [ 32727328357, 154087747563684020480236495553 ], 
  [ 86342425292449, 328220413744808853452995669 ], 
  [ 5493582631, 261094114349, 163397928209548728539 ], 
  [ 4372912459121097056873 ], [ 19479384875635862521, 45700354709759100361 ],,
  , [ 247760972579902039 ], [ 482928242879214493 ],, 
  [ 85479945013, 6388121044563553 ],, [ 4998461120897 ],, 
  [ 86023119939879994569593081759797458053008230341 ],,,, 
  [ 1613117868721671669231241, 14148317720452012597819783 ], 
  [ 70949285011388166211 ], [ 84255993641 ],, 
  [ 123602073877, 272895899071, 2668406735841277, 
      12888303409874919482338762801 ],,, 
  [ 233859418648377270313, 123978709449203163749362627 ],,, 
  [ 2122569937, 561997378853094241 ],,,, [ 221433023101, 11715149872818137 ],
  , [ 111466268970019853538601 ],,,,,, [ 24266282481722522194622362586881 ],,,
  , [ 818992223681, 282008046129956817072001, 1859821658737360266659041 ],, 
  [ 2020939550353, 15308302515083911, 
      19857586025244689111468678578502598539903398447 ],, 
  [ 20431590072053, 44791595230876580729, 3040999573684852326740749, 
      6617969164355997439366544590554482352968690666939729651785537 ], 
  [ 294021825901 ],,, 
  [ 1724646426721, 15160857011497, 9456879876876165024295074158963913434491656\
97 ],,, [ 1252697779, 46458410311 ],,, 
  [ 434566381497026269, 136193259717588602112307 ], 
  [ 1215292751, 718642219232701 ], [ 114285316861750519937 ],,,, 
  [ 34875110161 ],, [ 6088996208569 ], [ 234609520921 ], 
  [ 383096372134364897, 1388886811853456606120609 ],, 
  [ 37010471876867579989, 749698817702820696414972809677, 
      8481750645545290819501286839567674506327917639 ],,, 
  [ 4371808141, 1385141861881 ],,,,, [ 172570604758679, 219673153916661919 ],,
  ,,,,,,,, [ 541878329349157, 383776207254429042591232391269 ],,,, 
  [ 677877907358081 ],, [ 3343208625595651 ],,,, [ 298826365819 ],, 
  [ 354728555335081, 394846777641097 ],, 
  [ 2899161795979, 51494286550673430825667 ],, 
  [ 5063957141, 252836499521, 998185197901, 14559780817867121, 
      35340940907335007541848021 ],, [ 96328264896408673 ],,,,,, 
  [ 111591013915114565701 ],,,, 
  [ 56648726391281, 897769052859521, 321235084735673929 ],, 
  [ 156211354027, 4453012108819, 253883137550797 ],, [ 161058490223405077 ],, 
  [ 2351786655331 ],,,,,, [ 44676802601 ],,,,,, 
  [ 268603501501, 37752255578182001, 356437755185185305078750420654248501 ],, 
  [ 176896782278497, 13174707156789520455877 ],,, [ 3328273102411 ],,, 
  [ 483975946339, 11405661710767, 335423559164497351 ],,,,,,,,,,,, 
  [ 121177533601, 155016293304302294073201631 ],,,,,, [ 139814691721 ],,,,,, 
  [ 38737814213117560843 ],,,, [ 93289798447561 ],, 
  [ 90330308664395617, 351316083714022326683521, 
      14708358470943872360500293438337 ],, [ 4582837811, 34085351551 ],,,, 
  [ 44078161269798364549 ],,,,,, [ 468874532049346201, 74378955482466044401 ],
  ,,,,, [ 14744523991969, 1077042625659829262683 ],, 
  [ 2083279661, 98120348789, 4677814336889 ],,,, 
  [ 6014570551081, 5960659593526249 ],,,,,,,, [ 15793929210881 ],,,,,,,, 
  [ 22655328002973680737 ],, [ 36767221500241 ],,,,,,,,,,,, 
  [ 4909066932771217 ],,,,,,,, [ 15457825951 ],,,,,,,,,,,,,,,,,,,,,, 
  [ 9026331133 ],,,,,,,,,,,,,,,,,, [ 438162775708622641 ],,,,,, 
  [ 18687872262313 ],,,,,,,,,,,, [ 726620073636241 ],,,,,,,,,,,,,,,,,,,,,,,,,,
  ,,,,,,,,,,,,,,,,,,,,,,,,,,,, [ 30896403847, 10369946482897 ],,,,,,,,,,,,,,,,
  ,,,,,,,,,,,,,,,,,,,,,,,,,,,,,,,, [ 1317218821, 40956424141 ] ];
