BRENTFACTORS[3907]:=[ ,,,,,,,,,, [ 51307331263 ],, [ 184429445778748985803 ],,
  ,, [ 2136507913, 2702133217784723 ],,,,,, 
  [ 203334394127537, 586052087790984349361 ],,,,,, [ 2109421199 ],, 
  [ 4342357215139, 41469893642539, 1134998137725920737, 
      288124513900507406103181423, 237901806091884930851758488569 ],,,,,,,,,, 
  [ 11855434049, 3101963146805202397 ],,,,,,,,,,,, 
  [ 131600408130510792879422095693, 52725809859325617233721377876981 ],,,,,, 
  [ 50663908410703195921, 537605911246425404751112466171 ],, 
  [ 24575253604511 ],,,,,, [ 29611851400138499755943 ],,,, [ 1009530257 ],, 
  [ 210946611509647385023726567 ],,,,,, [ 3061043084797223 ],,,, 
  [ 1241732623 ],,,,,,,,,,,,,,,,,,,, [ 1244973095909 ] ];
