BRENTFACTORS[9283]:=[ ,,,,,,,,,,,,,,,, [ 30437554801 ],, 
  [ 8071261181, 16993132943 ],,,, [ 748226762419 ],,,,,, 
  [ 21417672181688549130031 ],, 
  [ 3424622078327, 20925319589231, 177812891781362213, 
      3932367741380460475974904694319834745437510860508862650976378651043 ],,,
  ,,, [ 21993020299, 2025019551986856709066228678072673057 ],,,, 
  [ 898187982573529 ],, [ 4020054958429 ],,,, 
  [ 26002134677, 15221010083579, 971402904504423211 ],,,,,, 
  [ 67057896893437, 51608516233122885772875757 ],,,,,, 
  [ 45272224451336649871734217787 ],, [ 7014895571545249363 ],,,,,,,,,, 
  [ 20339618355069296081 ],, [ 1286989039759, 157645133995793 ],,,,,, 
  [ 1587362327 ],,,, [ 27904013689, 11758828028551, 97216267828241 ],,,,,,,,,,
  ,,,,,,,,,, [ 23588258049406937 ],,,,,,,,,, [ 36295860484108142628743 ],,,,,,
  ,,,,,,,,,,,,,,,,,,,, [ 234315429398048893 ] ];
