BRENTFACTORS[3329]:=[ ,,,,,,,,,, [ 12130458666679 ],, [ 5544425519153 ],,,, 
  [ 1018129440263203 ],, [ 43650604637, 242941879681 ],,,,,,,,,, 
  [ 1337309887, 759686790323 ],, 
  [ 1423296924559, 9026551862590903, 340355257196755359713304206909, 
      1068549083975137002628131346414530868782111905507 ],,,,,,,,,, 
  [ 5324483287, 16553516383, 8460052155717670763657, 
      89648689864499187945931343963216743, 
      776036482844783554325627117571772729460760008821 ],, 
  [ 83190276637565179 ],,,, [ 12736629923 ],,,,,, 
  [ 3233346197, 66604093786000371571 ],,,,,, [ 24346361578670587 ],, 
  [ 568361547133 ],,,,,, [ 1608670393747912841 ],,,, 
  [ 102704120677877, 1266867077167303, 2073130354008849760652612130017 ],, 
  [ 2653782359802930699050891, 65346848116816584390607962599 ],,,,,,,,,, 
  [ 26795515439660801 ],,,,,,,,,,,,,, 
  [ 2386254021929671, 241547969012854314641 ],,,,,,,,,,,,,,,,,,,,,,,,,,,,,, 
  [ 101753218807397007281 ],,,,,,,,,,,,,,,,,,,,,,,,,,,,,,,,,,,,,,,, 
  [ 10956388039 ] ];
