BRENTFACTORS[834]:=[ ,,,,,,,,,,,, [ 2895942557 ],,,, [ 346263486631 ],,,,, 
  [ 2995495657837 ],,, [ 2321430301, 94852112429743947151 ], 
  [ 2056314065989 ], [ 606917305117 ],,,, [ 520612110563641 ],, 
  [ 6988250743 ],, [ 45098897341, 2156298294252901 ], [ 7489727181978841 ], 
  [ 176657833218571663879 ], [ 53941348963121 ], 
  [ 1918098937, 4272375390739, 4925615065856941 ],, 
  [ 26275141350242954199883, 145235708767918258181509255826879 ], 
  [ 2006970421 ], 
  [ 3011068157966280520643, 512867728155859786438087, 425040276303866185235889\
24197 ], [ 21501325913 ], [ 42659165251 ], [ 968285164738692547753 ], 
  [ 2231949489117023636595174972210244412326685886073 ], 
  [ 529583140609, 4177749486961 ], 
  [ 10894568919068211591730451027, 641111592218362533489111364324712611 ], 
  [ 35570508401, 1231161428758951 ], [ 7881482906245952278215631 ], 
  [ 144230973433, 144255388395144879997 ], 
  [ 3507933791, 130085670384315526555002281 ],, 
  [ 14243476536969289560417678893642383010492395152421 ], 
  [ 111393287684729, 4231972957681734382321 ],, [ 695800098990751 ],,,,,, 
  [ 73933574977 ],,, [ 1103556513706889437267 ], 
  [ 123582580216313, 720386593834081 ], [ 229293222310637209 ],, 
  [ 15262365364709956790814841, 67035524885875709386304911 ],,, 
  [ 139602719076555948330974057472574327 ], 
  [ 2089002151, 86391094051, 3745662788379741001, 10707832920079965601, 
      380111242670453308051 ], [ 12823043983505940818430786001 ],, 
  [ 5211755780591042750497 ], [ 30962419757, 1344737851007 ], 
  [ 88978905433819601, 1577990344801123061962470920019761 ], 
  [ 402544019581777 ], [ 25636267949 ], [ 1508407418549 ], 
  [ 73009742841169, 10364820351877238161153 ], [ 3396009931, 12545160031 ], 
  [ 14500444818679, 47618624503029383, 6497480100986837821 ], 
  [ 1425167707, 6147881030067116773 ], 
  [ 430656309976680394993, 36366275978299430351470890961 ],, 
  [ 16995291301, 38772882960493141, 197520538946374621 ], [ 43686287737 ], 
  [ 133679006795473081, 236516178567039831683338087107451129444038781 ], 
  [ 42101383837, 19751361435295511059 ], 
  [ 12926438443203772683387541272798034238256040439176373788823 ], 
  [ 14813181971652225919166846441 ], 
  [ 23375617575539137, 744522213721172415553 ], [ 264786270774111773 ],, 
  [ 240628525028299 ], [ 11665746746995598131684385065029551761201 ], 
  [ 3596682923, 4374898491230499329 ], 
  [ 195503135417014423, 10827353246530161830554381 ],, 
  [ 3270852209, 324617989205071691106438833201674245403601 ], 
  [ 57510619754701, 672001534853966731, 370485871509879317269757417851 ], 
  [ 1204367443 ],, [ 2748963313, 890350919504168971712579497 ],, 
  [ 60629318531, 61794091537459732704551 ], [ 14341470397, 890038743439 ], 
  [ 12325712623735237636977735499089540899342527537 ], 
  [ 7643185757, 82140384878989 ], [ 2796184846729, 11490180613066957579 ], 
  [ 98219509121 ], [ 600337991170013237 ], 
  [ 110821841677, 109088298426096162265868803, 38016539973230038633640169073 ]
    , [ 16219064837, 16253871769 ], [ 2300934943450784982853 ], 
  [ 85366659241, 444161418427201, 836047782732911761, 2343104216544226106641 ]
   ,, [ 1658383333, 16811529607, 3255110494487186271862931 ], 
  [ 1257642185077 ], 
  [ 711235312795177, 426428694664540049017, 16744777643362305770581 ], 
  [ 1040405289414695105467751 ], [ 14259729058237066034537577343 ], 
  [ 14991795773 ], [ 388122097537 ], [ 456240172081 ], 
  [ 1724606150040755281, 280823254564489471771, 
      947601832633839534194054418551 ],, 
  [ 9359986992963652513918975801, 11539899385459968701598864940849 ], 
  [ 1150236137, 80780059491083, 444505603757909 ], [ 23667028509810571 ], 
  [ 5212983691 ], [ 91351241753 ],, 
  [ 3381897139, 1166481392809, 61631087001933798898344014092012302066743332416\
73 ],, [ 661097341596164007634773980461 ],, 
  [ 20246796535751771, 657420568598693453, 33470817287066456827 ], 
  [ 22915738561 ], [ 457189476199333927294969763236026719530993174791889 ], 
  [ 13964786162900071 ], [ 1628106072773061019, 57781552667627399362987 ],, 
  [ 24612243312253 ],, [ 9485381085678449222310684061951 ],, 
  [ 1113165182173609, 18558788801937266257 ], [ 1613162233, 315378514803223 ],
  [ 276077614637441, 3554763960349809058699 ],, [ 161091221511793 ],,,, 
  [ 16515515244469878303841 ],, 
  [ 54058369725385515708103, 316137367653610832052171492711547, 
      6400007567539478583862328220932015977 ],, 
  [ 71954493810151577, 11544927656954060713 ], [ 27216540451, 1634588392471 ],
  [ 5661790724226958469 ],, [ 47252177078353613538445679590446996889 ],, 
  [ 642988117188074981 ], [ 55076591026099 ], [ 759622121630633161 ],,,, 
  [ 2192986577, 34075686481, 1080548186287780732809233 ], 
  [ 401487541155337127137 ], [ 1918945199 ],, 
  [ 679325195472983270563510261, 30379304185921884380175523081, 
      22048224723625666650513127479277381 ],, 
  [ 3429825249943, 4307592506490843308311669643 ], [ 3021587226115551103819 ],
  [ 16255782725855009 ],, [ 30163739804833, 48053018897957471011 ],, 
  [ 26503904111004874759837 ], [ 9565352371 ], 
  [ 75971087559781, 1604549286341028311, 58189929538445777021, 
      20505235609529506516561, 10042164249455725527096001 ],, 
  [ 172767385183659149716830394561 ],, [ 16446640807, 143563870810878437 ], 
  [ 848488657945891 ], 
  [ 694042904297, 14759532254881178351861, 506320030582615442802841 ],, 
  [ 2800987445921347 ],, [ 1016627921893801601 ],, [ 793010893001 ],, 
  [ 3601625495491537 ],,,, [ 2341364689 ],, [ 1180602991 ],, [ 1468911749 ],,,
  ,,,,, [ 72735278280496977641 ],, [ 20750047479481, 6510710892980678887 ],, 
  [ 347167706051489 ],, [ 7817029477 ],, [ 25530307069 ],, 
  [ 17084593661, 625125265679281, 2605182021470141, 3564152179323055834601 ], 
  [ 11906468113, 18546724865593 ], [ 43077038166890017 ],,,, 
  [ 1374671623361, 48443377982335961 ],,,,,, [ 1204906698966389 ],,,, 
  [ 6661551097, 132027885308647807 ],,,, 
  [ 36034752349989050778251, 1169425077207204275840251 ],,,, 
  [ 5346892979041 ], [ 64802127524461, 699442955114851 ],,, [ 10673285851 ],, 
  [ 1304125861741, 104085700869893664444121 ],,,, 
  [ 10605509083666673358924184081 ],,,,,,,, [ 137424366716209 ],,,,,,,,,, 
  [ 8206760899, 44809101436651 ],,,,,, 
  [ 11174611385953, 23157596243521, 13270167178934052722689 ],, 
  [ 125452913371 ],,,, [ 1291555582517087735093569 ],,,,,, 
  [ 11927422294207201 ],,,,,, [ 5970624873247 ],,,,,, [ 8874088081 ],,,,,, 
  [ 22920192487 ],,,,,, [ 5351212837 ],,,,,, [ 112238137111, 499918949641 ],,,
  ,,, [ 7131500594967474097 ],,,, [ 50405991101 ],, [ 5592828873601 ],,,,,,,,,
  ,,, [ 1233863461, 932584279156597 ],,,,,, [ 496815760801 ],,,,,,,,,,,,,,,,,
  , [ 874438135960480057 ],,,,,, [ 5199532445953, 4076341803568513 ],,,,,,,,,,
  ,, [ 1641006973 ],,,,,,,,,,,, [ 1677373681 ],,,,,,,,,,,,,,,,,,,,,,,,,,,,,,,,
  ,,,,,,,,,, [ 898245454054951 ],,,,,,,,,,,, [ 881297592383209 ] ];
