BRENTFACTORS[9161]:=[ ,,,,,,,,,, [ 1243273857958331 ],,,,,,,, 
  [ 13667305607, 254703512090372294780505262657, 
      59333704861938286791332110505021 ],,,, [ 56943179071088680093 ],,,,,, 
  [ 220305244009, 5433572525023677431, 10766708124748042739, 
      32137834633786901249221, 237591138908297306929913 ],, 
  [ 9930088120937, 11863459712526962478564172411 ],,,,,, [ 26493856168123 ],,,
  , [ 2956546358473, 12834202815607 ],,,,,,,,,,,, [ 5888151707731723 ],,,,,, 
  [ 34679064257346372226619 ],, [ 39146449637 ],,,,,, [ 538010539351 ],,,, 
  [ 48469265933981 ],, [ 44157633948759932353 ],,,,,, 
  [ 2870310147258509491, 5967340451780167794845291581 ],,,, 
  [ 17498250901, 2228312235047 ],,,,,, [ 27563505947, 70933183732451197 ],,,,,
  ,,,,,,,,, [ 2216045554553 ],,,,,,,,,,,,,,,,,,,,,,,, 
  [ 1523106073171603449679 ],,,,,,,,,,,,,,,,,,,,,,,, [ 57290576593 ] ];
