BRENTFACTORS[241]:=[ ,,,,,,,,,,,,,,,,,, [ 1843580389201 ],,,, [ 1445430677 ],,
  , [ 12865211269 ], [ 3023489431, 923272426243 ],,,,,,, [ 3976638408841039 ],
  [ 3164079871 ],, 
  [ 7819061332621751, 995977377634984226715679001629, 579414700500487257704753\
1768714885757 ],, [ 32221329022787996209 ],, 
  [ 62775433823, 655376903981330417521564715087776332451 ],, 
  [ 1388976713, 2153279017117, 2401104126894773141 ],, 
  [ 1688532841, 870650046877691667241 ], [ 147652674041, 279049705747 ],,, 
  [ 10944054157, 4572734846785939, 94167498514247957 ], [ 743528728997851 ], 
  [ 950765268220928191423349689 ],, 
  [ 1367931382282189, 13653027781762513, 19243215250510088543444862676489 ], 
  [ 473378379553, 488706254551 ], [ 410069725561, 234596215940788241 ], 
  [ 1134329601844385690710992593 ], [ 65404721349655608236322378498683596687 ]
    , [ 41016116237969, 3582927393630929 ], 
  [ 3897402436309, 5333862814075991341, 20377002903109503450082230281 ], 
  [ 188535512253001 ], [ 17419852131689837617497653045041754251902279507839 ],
  [ 46051657231, 44490843919805615221 ], 
  [ 699486080146057, 3572206695335251, 6811611594860773 ],,, 
  [ 54244377154111 ], [ 216566018466266906401 ], [ 762172382317 ], 
  [ 1259185389300205581191069117917 ],, 
  [ 5311499209, 7554605187275087518010399753807833613, 
      15812623305568612019516027030274427600106385619 ],, 
  [ 2145597905911211, 62166360201260291, 4578034127673408112421195934599, 
      9790680675032970052327814286453764460797 ],, 
  [ 72534733060440896701, 165231938880016497272414101 ], [ 44984645861 ], 
  [ 512358208107131, 32522807868107042309405958588983, 
      447634501588584117686817331130977686752737094279 ], 
  [ 4309035823, 37783718889221293 ], [ 6717357221593 ], [ 1624099863761 ], 
  [ 6345320102863741, 223622021282369664817, 4620397317161471799254187989797 ]
    , [ 15829249888557518339 ], [ 29268685579993 ], 
  [ 185057007789137952470897497 ],, [ 124190924845311979183 ], 
  [ 11238581732713, 48152576082681069757, 188882855369352237315782893369 ], 
  [ 288020941649849 ], [ 84264326258461439 ], [ 1316808492301 ], 
  [ 14874264078122275009, 175693261681460829307, 309567641837310115171823, 
      908804119051838620871443 ], 
  [ 926564759458901, 2119959745856269, 24836240438187544727572441 ], 
  [ 29007063376956900223, 12407938608603299702345248771814587 ], 
  [ 73976706661709, 251863436503496822268945133127797 ], 
  [ 38424420192910494761, 1163005553829192083191 ],, 
  [ 22262439588426127312176939919585003986195622459798868964251, 
      296718988305708628532234459882263254001581931236312842841776780497 ], 
  [ 54790170163, 18139723391131085087 ], 
  [ 273711831507973, 40792020511466790127, 56552644887182843257, 
      10092783515489554684206474517229858309941 ], [ 3473310436597501 ], 
  [ 42179872634153237688101 ], [ 357777090061, 4025967706279461377233 ], 
  [ 3664100296340158950664729 ], 
  [ 336071894276785172273, 5413323701903697067431428224076512761041 ], 
  [ 149615957239532071, 3965880655133288613751, 20333506588205011148361263011 
     ], [ 746066724451 ], [ 4151540188067298314877598687 ], 
  [ 983525385145809177229487661541 ], [ 23251559759, 104526590951 ],,, 
  [ 2070659308360899026215739617, 2438707612102070938553439920167306714801 ], 
  [ 34941711183680009, 3063534399171378941 ], 
  [ 90070210762735039, 674499242049500528229922153699 ],, [ 44513088089 ], 
  [ 107873904529, 63380740942338769, 1416831017051689267707427321 ], 
  [ 101631861768441778273, 469245952280294031808189031, 
      2018719877340656167565745119 ],, 
  [ 1444543561, 10997586751112588939111881 ], 
  [ 254781458207, 8123734811950033 ], 
  [ 12565979129151323837807, 980492211246249122010161224935845991316187293 ],
  , [ 384459378232402748799088227161, 989758656537844008757027487457343613 ], 
  [ 15861537751 ], [ 6943622378848455889 ], [ 3827925057877 ], 
  [ 3381271014529 ], [ 4397530582957 ],, [ 51623489898857 ],, [ 1172412823 ], 
  [ 1601990101 ], 
  [ 8255591324507071, 6503774777211448274967141645061, 27725927283441144123305\
22487256221 ], [ 214909995990757076369, 400209985935086133595732193 ],,, 
  [ 2108156879863, 32168508179879 ], 
  [ 6906734428301, 4620417970871438405090469244085709663341 ], 
  [ 30242056189, 28808462043684970057 ], 
  [ 929498788228450547, 4971080241766557628430082128861, 
      3852558074897092943466899779969528837 ], [ 15096904991741 ], 
  [ 24308497729 ], [ 69073934491, 452888731003381 ], 
  [ 1864604837, 52235057738659 ],,,,,, 
  [ 15919857212670497113, 2594089997977257197300013674581727093046193 ], 
  [ 25424450037487 ], [ 262020351530477, 6952322151311295137707181239 ],, 
  [ 1438072307428381, 371979501470755341165124513, 
      5097709768603568610425793577 ], [ 30251343526297, 70271775965099 ], 
  [ 29733897928411, 283302994489610580283401398573497 ],, 
  [ 1097100001, 113776713706081, 4716107918015225972511361, 
      984494954131450174613775036961 ],, 
  [ 74482885068900458870419313661530136564947305269031 ], 
  [ 38280356357, 46061878231 ], [ 484535418679058706785913626666424917 ], 
  [ 46631099131 ], 
  [ 1166846085311, 507751201986963291200379949477750547, 124207016865309991192\
7550933678059038619477 ], [ 7850316494401 ], [ 11134330480413337 ],, 
  [ 551629132575840371810404902401827240141426231 ],, 
  [ 3458990860236204192593 ], [ 1583700765078133573 ], 
  [ 19397920897, 119899389272217212741519593 ],,,, 
  [ 1018345977071, 3530261080583, 76725872423644429 ], [ 2106788101471 ], 
  [ 17539388140279321 ], [ 275083246758659 ],,,,, 
  [ 1101902689, 24964520764493253908114752963 ],, 
  [ 65050014797, 70578812683895544188441, 
      657845995034187720955702250140164670513 ],, 
  [ 17043579166675316790350821 ],, 
  [ 1597385089, 40870025589567970914835313289441463723201, 
      50184263868471641794767776290365571868737 ],, 
  [ 1147496310277281258988666707193 ],, 
  [ 44029598369, 20866055770390790592231818650621 ],,,, 
  [ 30895810232564617999601, 13501364244474809844718036573788469601 ],, 
  [ 101308632578707 ],, [ 543589938100266776022589 ],,,, 
  [ 33836816732977865777 ],, 
  [ 1883767201, 1498163651461, 120386109883235016453029596610807765671 ], 
  [ 9060424823 ],,,,,,, [ 35106291413, 866098669386967 ],, 
  [ 7637589822904361, 23172118573874337541, 794290879949923959721361 ],, 
  [ 14080224793, 707440980427 ],,,, [ 5619201003179 ], [ 1030683310286536519 ]
   ,,, [ 2954279621 ], [ 4913340929113 ], [ 3370895943869491153 ],, 
  [ 7062303596276449 ],,,, [ 3133757357670945596753 ],, 
  [ 4968456536372543993934996241 ],,,,,, [ 6223905833443554955179841 ],, 
  [ 97751724859258537, 931485302665615153 ],, [ 259593762921270251 ],, 
  [ 97302293707218517, 23360546111709105631333 ],, [ 15731387308817 ], 
  [ 7318695005131 ],,,,,,,,, [ 14872302191856898763833 ],, 
  [ 4731839449955591 ],,,, [ 2397245023441 ],,,,,, 
  [ 8209331857, 868303797511153 ], [ 2051813611613 ],,, 
  [ 434281008757121, 44372784802732233401 ],, 
  [ 33769482325087, 46506332803489963 ],,,,,, [ 6357983617 ],,,,,, 
  [ 441306958290493, 2722433493227702144027348989 ],,,,,, 
  [ 1077054927186044701, 98443752248994322801 ],,,,,, [ 142003363069 ],, 
  [ 18288911844589 ],,,,,,,,,, [ 8383591729 ],,,,,,,,,,,, [ 7153259521 ],,,,,,
  ,,,,,,,,,,,, [ 247146016993 ],,,,,, [ 16095714686984509 ],,,,,,,,,,,, 
  [ 16129906444930819 ],,,,,, [ 4421384484997213 ],,,,,,,,,,,,,,,,,,,,,,,, 
  [ 13348237321 ],,,,,,,,,,,,,,,,,,,,,,,, [ 364839533101 ],,,,,,,,,,,,,,,,,,,,
  ,,,,,,,,,,,,,,,,,,,,,,,,,,,,,,,,,,,,,,,, [ 26467248321436814401 ] ];
