BRENTFACTORS[601]:=[ ,,,,,,,,,,,,,,,, [ 2585910053 ],, 
  [ 26320390838039948522729 ],, [ 3652394593, 7399072717 ], [ 6139372559 ], 
  [ 32140680394883 ],, [ 26408645025601 ], [ 4235725079 ], 
  [ 7668618784286572377901 ], [ 44192075033 ], 
  [ 226417703581, 2533838506354297, 2550670860947437249603 ],, 
  [ 15818323819312649 ],, [ 2094157363 ],, 
  [ 1465852361, 5198316553047901943000741 ],, [ 92060140153 ],, 
  [ 2093505727, 33126993589, 1607153563265563 ],, [ 109484499323 ],, 
  [ 296056781251691035033987, 1598973395292089226219672563 ],,, 
  [ 313600092862265692103 ], [ 155212784021, 57953260223609, 7454512154585711 
     ], [ 50059665169, 4528462463137 ], 
  [ 1096318308043173566491865636430796489125914723017 ], [ 35415642901 ], 
  [ 760867206433, 777550902080274571 ],, 
  [ 435086424832399327518329212230299543207383 ], [ 6213719089 ], 
  [ 111115029330843011, 75830438433837823111895641 ], 
  [ 1201887961, 107681984553338614777 ], [ 15884982963648911717852017 ], 
  [ 759407195457204445689624255509 ], [ 13014720325547, 3315574820235164533 ],
  , [ 16263804751735139120651153 ], [ 46103408638238794919 ],,, 
  [ 2888105022952058828807727703610621504910021203938297274401 ], 
  [ 340515878002097557 ], 
  [ 20365378608604159923003735787, 507846702360368852578904832335526334049, 
      14350545688680181358503894953537107807906472259471 ], 
  [ 369610787069, 40091817508557341705496226133 ], 
  [ 497223302911540046858646772451989459472991931279783038033589 ],, 
  [ 205101802907184040289, 398332105218905385971123, 
      82502952402198529148334077474824343, 
      472532854366404578886186777772028285731 ], [ 44563790603206009 ], 
  [ 1421619043993326817048381445988750715507240483 ], [ 1067560674623 ],, 
  [ 455793862541, 4811884181667800357 ], 
  [ 64866422752843352293183688519121701732345941, 
      131029186125701915493524162043829007789486541241 ], [ 4265202323773 ],, 
  [ 8775377740112455601 ], 
  [ 83532844936015662486917521, 83215189146090957208925035554606380004655327 ]
    , [ 13484978010624410120647, 36994257742674192662303416585423 ], 
  [ 436686401244672037 ], [ 63399093428083661341677809989 ], 
  [ 847545857087911, 20699672742787076951064607295488091 ], 
  [ 11667156723654944448313397516632770976909767012587 ], [ 35965649491 ],, 
  [ 1079090225313377 ], [ 48958051951 ], 
  [ 1687205485057, 218270329841142005179846251250365001 ],, 
  [ 98143713835933, 299778262496913897793, 561763510547644792111, 
      2043174781585664167769239 ], 
  [ 17079763717, 951556550599269859, 6572916633778637330708137361111 ], 
  [ 23641053202051111, 2819306376061130296543271 ], 
  [ 223503144001, 1395759518650397377, 32066287035498831462337 ], 
  [ 1906477444863038903 ], [ 2833972500507379964171460253 ], [ 290161572823 ],
  [ 258148988401, 22233830530753974294301, 1414558541312200967921701, 
      392406459021334178125437001, 448473812762861973273420601 ], 
  [ 1445874595859, 1311606891206154525425143 ], [ 33669610540777 ], 
  [ 1549337665826371288173077, 1295903178820224391241670871866331846867 ], 
  [ 96299107142369 ], 
  [ 176260518451291, 1451161158641907301, 16604880723808634105790406975773271 
     ],, 
  [ 1801610147, 190459320983481706514391184297, 491105957833892992833526437046\
780837 ], [ 73192353710645495897554537 ], [ 415669609723, 185272791754615177 ]
   ,, [ 18948814231849024902421789 ], 
  [ 402699556001, 305568341990244317755237153, 
      234345842684721592986423996782665818426289 ], [ 860542170269 ],, 
  [ 4729823625505481 ], 
  [ 14761724727749, 2022926456035744114903848346787744741329980884011357728341
     ], [ 2946535824277064810467, 30175295118029078096688571 ], 
  [ 439515576059191553 ],, [ 446100899161, 137929260576361 ], 
  [ 13818084532121 ], [ 2521702664951 ],, 
  [ 6216916577, 3077357796294983807923966382835148090263113 ], 
  [ 68403853467751 ], [ 11218511424583 ],, [ 2530729131158224769 ],, 
  [ 30571316101, 20152101112838702801 ],, 
  [ 27961296661, 1846128500701, 380689075306001089 ], 
  [ 43963669950146660740223 ], 
  [ 16624455401, 44827076549, 26968138962972268934358934410329361902701 ], 
  [ 299926663381, 402321632941, 678928443841, 10427767961588111773711 ],,, 
  [ 1049365939, 77834483173, 8024247985969, 146123718465801334780109713 ], 
  [ 1605838431705301 ],,, [ 76536758690644833626347182204736829 ],, 
  [ 1197973411218991255728557506418623600350407050172805797013924481 ], 
  [ 3205144245151, 10315649480161, 57038139039712751 ], 
  [ 1713929620426005734304135866929 ],, 
  [ 20185442846635484675984040122525939072296729, 
      120144288672981989265585770558397114757942928297 ], [ 3546418452713209 ]
   ,, [ 31063238009 ],, [ 2981384713189 ], 
  [ 158037163747, 5485024965421, 204998091492041, 1720672298618813, 
      11220711619860687930833, 1305424633694526168715139706387341567 ], 
  [ 10061197561, 13285294901 ], 
  [ 230218701337, 1098343270370523065851155264219721, 
      7200430546224133545973490138650645443181 ],, 
  [ 6027402961, 53189959159963, 174269937279401737 ], [ 2679493441 ], 
  [ 887094163765640321, 85685058204348623978148161 ],,,, 
  [ 816036361226221391757512975787259767428329 ], [ 117912073346403672601 ], 
  [ 10140326299, 25331107811, 109680526910849, 4705059029447297, 
      598209073520512480175497 ], [ 37358573102519 ], 
  [ 168750760043696348003824996057, 2523742172229709100383510382304042890497 ]
   ,, [ 9993920221 ], [ 992738787949, 7681233232538083, 8705945964169567 ],, 
  [ 109629837041 ], [ 7043076831919 ],, [ 28529820881 ], [ 18159959267257 ], 
  [ 19292803277171, 111467626181812733143 ],, 
  [ 16058331361, 37478655885661201, 1144962162386506801, 
      46865192518715072458054141, 134078818218184410663813121 ],,, 
  [ 652892026537, 1150672673329 ], [ 843591432833, 74707339799104561 ],,,, 
  [ 12862558463587169034221, 2712822461907854064035401 ],,,, [ 226407316801 ],
  , [ 194923815833916648131 ], [ 9427730131 ], 
  [ 641339576221126609, 1315859879543165237 ],, 
  [ 9017848621, 952528025494252153 ],, [ 74352948242914001 ],, 
  [ 1417859413, 16860538012616768257217, 611244840580860252110767 ],, 
  [ 50812228603309, 59327877337501 ],,,, [ 642260927657636432081 ],, 
  [ 9538852681, 52313816311, 559614723146508096065497931279363671 ],,,,,,,, 
  [ 1561503917, 25908176364127 ],, 
  [ 5325063737621, 37364485351481248852669801 ],, 
  [ 2625093508327, 196697658676141963 ], [ 93020233810697786129 ],,,,,,, 
  [ 1037889843405612463121, 323488663382169331463124811 ], 
  [ 1169739187, 38744215762099 ],,,,,,, [ 7396946467, 18521972771 ],,,, 
  [ 122921862118969 ],,,, [ 7932624979 ],, [ 544237014569 ],, 
  [ 21657104149501 ],, [ 9747142495273 ],,, [ 1779654181 ],,, 
  [ 2783204436253, 21552887014458736001227 ],, [ 8802093823236873436421 ],,,, 
  [ 211572754537, 34821231434617, 338066704028620462599407881, 
      77267421512643194292098973577 ],, [ 66791226377 ],,,, 
  [ 3230330491, 4051263331 ],, [ 24045483359201 ],,,,,,,, 
  [ 76053783120910203199081 ],, [ 6677717349985267 ],,,,,, 
  [ 4033332577, 80274338497, 525858876697031003233, 34624209755884999453057 ],
  ,,,,,,,,,,,,,,,,, [ 15730034653 ],,,, [ 2899695284051 ],,,,,,,,,,,,,,,,,,,, 
  [ 60879563703366779251 ],,,,,,,,,,,,,,,,,,,,,,,, [ 11611247127691843 ],,,,,
  , [ 256997330641 ],,,,,,,,,,,, 
  [ 8131472857, 183463830481, 823635935884111381 ],,,,,,,,,,,, 
  [ 640573991041 ],,,,,,,,,,,, [ 10704931381 ],,,,,,,,,,,,,,,,,,,,,,,,,,,,,,,,
  ,,,,,,,,,,,,,,,,,,,,,, [ 7981484117851, 668895085711351 ],,,,,,,,,,,,,,,,,,,
  ,,,,,,,,,,, [ 6002713298401 ] ];
