BRENTFACTORS[2029]:=[ ,,,,,,,,,,,,,,,,,, [ 39609994455397 ],,,, 
  [ 559769443774922041 ],,,,,, [ 1171656667 ],, 
  [ 42592275035071, 521346275241921158965829219737287391, 
      790808645359964035555299247488031789297937 ],,,,,, 
  [ 34763115661595407085819, 82036629060171323327371, 
      1324367673658439402072321 ],,,, 
  [ 7421933474592553039987122997515134899784037566722051 ],,,,,, 
  [ 1685100871 ],,,,,, [ 16679060488289 ],,,,,,,, [ 14847195494334854449 ],,,,
  ,, [ 15046840741789, 1090681967531029, 3512459083053211 ],,,,,, 
  [ 255185550715055539, 120994678006598766479 ],,,,,, [ 12759605543692999 ],,,
  ,,,,,,,,,,,,,,,,,,, [ 48946129769308843743121 ],,,,,,,, [ 1807856213599 ],,,
  ,,,,,,,,,,,,,,, [ 3056077201 ],,,,,,,,,, 
  [ 1246680909626497, 11180407815433827533, 15368916615924185969, 
      98043880319499394690738169 ],, [ 164148074878680241177937 ],,,,,,,,,,,,,
  ,,,,,,,,,,,,,,,,,,,,, [ 2405824461941 ] ];
