BRENTFACTORS[2843]:=[ ,,,,,,,,,,,, [ 1261979825220231287 ],,,, 
  [ 154623384571 ],, [ 319524258979, 227697103295801 ],,,, 
  [ 44532998232348355206382783, 804109345410969277007724666920403564821769133 
     ],,,,,,,, [ 470074928163278322851 ],,,,,,,,,, 
  [ 1467993499747, 86963721303497, 34606848239549629, 337288788043461498859, 
      482572958356761174378127696874832718010940033423501327313 ],,,,,, 
  [ 2140884029, 127988333930760629143 ],,,,,, [ 11730463183, 18511252231 ],,,,
  ,,,, [ 88441754794527737 ],,,,,, [ 2111928337759, 4663962195083 ],,,, 
  [ 117749510847251, 118779037536499321 ],, [ 10837384541643237204017084963 ],
  ,,,,, [ 302120954500376416580846934391 ],,,, 
  [ 2064454144667, 2384027045861 ],,,,,, [ 12330612270420318861906250192469 ],
  ,,,,,,, [ 1223212681 ],,,,,, [ 1424024215501201, 880774814075039508319 ],,,,
  ,,,,,,,,,,,,,,,,,,,, [ 2898166579069 ],,,,,,,,,,,, [ 8644058887 ] ];
