BRENTFACTORS[3461]:=[ ,,,,,,,,,,,,,,,, [ 26302478444508784253083 ],, 
  [ 2152386121, 151351602698789, 47991533011408687 ],,,,,,,,,,,, 
  [ 75147402437, 23166884817024548063551, 3673322105727816202640509, 
      1457312090739486945027596994543884023269947 ],,,,,, 
  [ 19037906684096527964801 ],,,, 
  [ 599298357184789, 2769159073858363251925261 ],, 
  [ 2349287569091, 30555634671967 ],,,, 
  [ 34791311415079181, 4021773161947076353, 1793563688303238566753, 
      1798572964249169067163, 652084858477259082286321022629949, 
      56587284802689597951403227676366119964094491 ],,,,,,,,,,,, 
  [ 3536981689398329 ],, [ 1905919935473072341, 10812092144652832503509857 ],,
  ,,,, 
  [ 2440875914176027737818111, 1173533897097267078406481291, 14330479830612911\
503906146719 ],,,,,,,,,,,, [ 305977783817, 10187809096939, 3996628931618777 ],
  ,,, [ 5642167621811881 ],,,,,,,,,,,,,, [ 26283993389 ],,,,,,,,,,,,,,,, 
  [ 106036483528817 ],,,,,,,,,,,,,,,,,,,,,,,,,,,,,,,,,,,,,,,,,,,,,,,,,,,,,,,,,
  ,,,,,,,,,,,,,,,,,,,,,,,,,,,,,,,,,,,,,,,,, [ 2634406741 ] ];
