BRENTFACTORS[5417]:=[ ,,,,,, [ 274143580649 ],,,,,, 
  [ 16472479573375853, 328672668338067899 ],,,, 
  [ 100224451026717445171, 1236274734644337935883933771143 ],,,,,,,,,,,, 
  [ 1313615351543347793, 
      100566818680972093924136934264256828494543752199659486767322817318091 ],
  , [ 1498788554543726858249 ],,,,,, [ 1766863545600889 ],,,, 
  [ 355912228008263, 785330625732061 ],,,,,,,,,,,,,,,,,, 
  [ 13860364607, 307940907191, 81117372032560757 ],,,,,,,,,,,, 
  [ 2819197020353824986761783 ],, [ 4071114079 ],,,,,,,,,,,,,,,,,,,,,,,,,,,,,,
  ,,,,,,,,,,,,,,,,,,,,,,,, [ 122047999237 ],,,,,,,,,,,,,,,,,,,,,,,,,,,,,,,,,,,
  ,,,,,,,,,,,,,,,,,,, [ 38575326681337153 ],,,,,,,,,,,,,,,,,, 
  [ 1268933650991 ] ];
