BRENTFACTORS[7309]:=[ ,,,,,,,,,, [ 11063151221, 26869219071619 ],, 
  [ 85251188534708171 ],,,,,, [ 181049989319516665529689 ],,,, 
  [ 1433333057479 ],,,,,, [ 3186008212030711, 209050333263524477 ],, 
  [ 941324766722113 ],,,,,, [ 158838716601241 ],,,, [ 25910373859 ],, 
  [ 2031207572622088603 ],,,,,,,,,, 
  [ 12905734822649, 103393036425167, 1555643322343927, 115130390375147237, 
      18734436929786072809 ],,,,,, [ 8923410043, 434307526696717651 ],,,,,,,,,
  ,,, [ 735238771771961, 5069728778519528678535577 ],, [ 29200569547 ],,,,,,,,
  ,,,,,,,,,,,,,,,,,,,,,,,,,,,, [ 1289437519 ],,,,,,,,,,,,,,,,,,,,,,,,,,,,,,,,,
  ,,,,,,,,,,,,,,,,,,,,, [ 605856705045974651 ],,,, [ 186923878752731 ],,,,,,,,
  ,,,, [ 26419076767561 ] ];
