BRENTFACTORS[2621]:=[ ,,,,,,,,,,,,,,,, [ 6270336781 ],, [ 2904757625093 ],,,, 
  [ 11681428632835723681 ],,,,,,,, [ 4634151871 ],,,,,, [ 15961833523 ],,,, 
  [ 178424133331, 45719923444411 ],, [ 2850567926309, 135534870635273 ],,,, 
  [ 26755235375299, 63604897433479, 25923450249436483 ],,,,,, 
  [ 11468561862953167894868140076107 ],,,,,, 
  [ 381562663021, 5406412568353, 5787521473819 ],,,,,,,, [ 51741154831135117 ]
   ,,,, [ 41817825661, 756967215712736971271140247 ],,,,,,,, 
  [ 3902432817989, 10382014162253, 11628642254539 ],,,, [ 201016396237 ],,,,,
  , [ 2718825991770763003097 ],,,,,,,, [ 440392982521757197758848011439 ],,,,,
  ,,,,,,,,,,,,,,,,,,,,,,,,, [ 325668989658433 ],,,,,,,,,,,,,,,,,,,,,,,,,,,,,,,
  ,,,,,,,,,,,,,,,,,,,,,,,,,,,,,,,,,,, [ 75825653262977767 ] ];
