BRENTFACTORS[9209]:=[ ,,,,,,,,,, [ 52561778370091, 22384123285938913753 ],, 
  [ 1798914079, 393392966205032281910204505971 ],,,, 
  [ 146496823781969806395571831, 18264951404545176292907715817629491191 ],, 
  [ 321387407342964198302592773683, 625924260292170310472128466752656007 ],,,,
  ,,,,,, 
  [ 30399935805666675938907023, 58088654273325381651558091, 136114743635844470\
5973966751971462847817842742174083137 ],, [ 36694928171880875769853 ],,,,,, 
  [ 1649851340288869 ],,,, [ 12934868027, 22295603971708643 ],,,,,,,,,,,,,,,,,
  , [ 13178808094915499887 ],, [ 505694475571, 684345142021 ],,,,,, 
  [ 215127668426261 ],,,,,,,,,,,, [ 4144529079284299 ],,,, 
  [ 5190387239, 168307935683 ],,,,,,,,,,,,,, [ 1145650511, 854570810339 ],,,, 
  [ 1970777221464222511 ],,,,,,,,,,,,,,,,,,,,,,,,,,,,,,,,,,,,,,,,,,,,,,,, 
  [ 26970793961 ],,,,,,,, [ 1661645611 ],,,,,,,,,, [ 83950411693 ] ];
