BRENTFACTORS[797]:=[ ,,,,,,,,,,,, [ 99727307161 ],, 
  [ 3055890091, 65608896601 ],,,,,,,, [ 112589793737674812118945909 ], 
  [ 52566816793 ], [ 3314897691601, 11578025695501, 36832468388351 ],,, 
  [ 10313663771013149 ], [ 3575697623, 432561308279, 5835623599336326533509 ],
  , [ 1269284901663258343, 11615030153406730153 ], [ 598476128194817 ], 
  [ 316158692140587449737 ],, [ 359248175441 ],, [ 9530511732884591 ], 
  [ 457275342967 ], [ 266383033262971, 354445220148163951 ], 
  [ 10401072361, 23538510937801 ], 
  [ 2580106535157069067293019, 239471067103717169346565467719 ],, 
  [ 10409358141041573315843 ],, [ 15667498531 ], 
  [ 154756616529351017, 8076029244241702269191 ], 
  [ 3392162867, 2593512388258860876346106861299, 
      208866924837396380515377047928179 ], [ 127534017513989873329 ], 
  [ 38300304533, 23194827131870334223442894929506801611893 ], [ 81752259451 ],
  , [ 878181834297353, 85780828621643117 ], 
  [ 59305963532678620614002344918040620548451392854607651987401 ],, 
  [ 38058892961 ], [ 25339654983329, 1297464171270895934881 ], 
  [ 518724916662393151, 15796812022265104186596928038237853 ], 
  [ 44871026950621713231713 ], [ 6655136753 ], [ 569726146981, 759127955941 ],
  , [ 137036595498709 ], [ 3863713519, 500495868638137, 40467974943504151 ],, 
  [ 214755434590819351956819044008281453541 ], [ 130713756889 ], 
  [ 3485467301, 2097945433433821, 139651002135746235283763, 
      912143291121655138100355822805184183, 
      3811684271780620317318382187346870361 ],, 
  [ 109609185840666570261128377 ], [ 1118018861 ], 
  [ 121761260488455191008791907176389 ], [ 122774033522994677058457 ], 
  [ 4607769053, 11010137918740982801880373174638239 ], 
  [ 11569835917, 19428205547571717067, 89612840515236793460937181 ], 
  [ 7308882193465423595623826142893386810607496434812017451 ],, 
  [ 71155735267, 1733294347605178663221841, 3432335352983592022121771 ],, 
  [ 3543912898029056206909177981 ], 
  [ 738834268364161, 269248332901264971986990367731201 ],,, 
  [ 29626293800778789194257, 5043996752254888613153227422696962762540059 ],, 
  [ 134117273194169163570965561 ],, 
  [ 1010336546773, 163125829812101311, 21363466599993404598343, 
      971205877186831240367185560689678697188723972977 ], 
  [ 217208315617778394361, 27059696828621892155906896852226078675177 ], 
  [ 3380810249, 576375741297589, 34371736818417283403 ], 
  [ 236638780097263471 ], [ 1202480764771672387, 317405899173912468569143313 ]
    , 
  [ 343558190629, 17323218840689, 34176146705421498029261582079365574749819103\
97 ],, [ 260680803489004512263167359533550217300791701878809229 ],,,,, 
  [ 1968852546498623560195275770309263 ], [ 219334917701, 4015806179201 ], 
  [ 1259749367, 1467238903138457, 91311534117585399424548741809 ],, 
  [ 273968457493080713473308347017904845847202541 ], 
  [ 1290025792495554164233, 690241451493813342171090183025457, 
      13159529107843948955806845239289449 ], 
  [ 4902575581, 436747228127224605928985781132395131891 ], 
  [ 30428228187941, 16101487729223683806317, 
      158606116901109178915741974114659992793503 ], [ 11966165537461 ], 
  [ 8059884001803433, 15610787031022993, 190432419541641397 ], 
  [ 15492269522438960263, 160215594304068948737 ], 
  [ 7355817391374628107792851 ], [ 20628774538483 ], 
  [ 1008022473274097, 14071206481943847601 ], [ 765617853130838681 ], 
  [ 70119795887419, 23676943291149349, 29435024621655111570006925903 ], 
  [ 6901112971 ], 
  [ 28312420673, 66446383517, 639693088644277, 228893568639000026689 ], 
  [ 143058671731, 50950418702509, 65509202034433, 16621288572633499, 
      1351817404117655203, 108838821483134197183, 69890077189956163607767 ], 
  [ 1039181846332350262857613, 184741406123771924660137591246369 ],, 
  [ 1207551683982481, 1999992419945464194721 ], 
  [ 31725073022120995370448079 ], 
  [ 44685056018458921855333, 19912363003204168353913366119396661271554363 ],, 
  [ 234692246436542813, 52205331490445935748182853 ], 
  [ 1579886773001, 54509661035412251 ], 
  [ 1915363570880125648193682887098040571131683 ], 
  [ 70203406574505068568463519 ], 
  [ 1268905500417991297, 188140337347459256298113, 
      13242736685037490364470041789132116737 ], [ 119993197039 ], 
  [ 4578205829690944601851078098685634259544891 ],, 
  [ 54504393109, 14608825614109287286328989 ], [ 6717385249 ],, 
  [ 96410312580601, 779318865931443825579650551 ], 
  [ 3436449571870403539705748415776977, 
      7168381919202081224600810513091747631049, 
      47175994763192553453765460041958684753103019470338601 ], 
  [ 23953353157177 ], 
  [ 734738985676527860136811593588479440295669449422227707 ],, 
  [ 7854723661, 9934024240319906735893402107521, 
      2646182094013522647319851788171118492242464241 ], [ 31300955874444457 ],
  [ 40245345884063, 282660317617409, 6138497233515101933999 ], 
  [ 6891932477, 451908332604827099 ], 
  [ 576638010290276843617, 3014934095057134046769073, 
      1012998434717789657538083140753 ],, 
  [ 14994702973884331, 13079907084917224031030914879, 
      189125405987390895415998921529, 761962801509002875254334396373, 
      355114342598877375827123610165901 ], [ 962372022739, 1984201265131 ], 
  [ 3225832273, 311280764724599357 ],, [ 1842030519162875523673836451 ],, 
  [ 268598540321 ], [ 5465478627605295787573 ], 
  [ 391443674917168089118516818170344029852361990291 ],, 
  [ 4617809518905899522198374149745539385947564975885796199197 ],,, 
  [ 661729345657 ],,, [ 265546184835776227361785243840991119037461 ],, 
  [ 436533936341527012783494001, 6302395834065056677091663271811347137 ], 
  [ 99493958454757681 ],,, 
  [ 11364240733519130249162472251163745021286927666187992382253374999889 ],, 
  [ 14287006989791, 126194330391134996915605514557051 ],,,,,, 
  [ 6822582357713, 13626180285877153946513 ],, 
  [ 94381596821, 34191909675110323, 34018078686161923747 ],, 
  [ 8709666360509289238201 ],,,,,, 
  [ 1095509545302649, 4681885520129050797679 ],,,,,, [ 48931408129 ],, 
  [ 184315185157, 405061410127433, 54756116399458297849 ],, 
  [ 541962480613, 7785604303468358702189, 20747026202842565936213 ],,,,,, 
  [ 3540779620769, 113310206724216844081 ],, 
  [ 5974212217, 582837073921, 274418850696099261326804569, 
      11886329698025913772177841652673 ],, [ 3133488661, 700628190527 ],, 
  [ 534981282354811740449, 2425685851959601712209 ],, 
  [ 1641750388741, 57986880232480983471031, 64070309113603543493920591 ],,,,,
  , [ 2708050221115201 ],,,,,, 
  [ 1360836691, 3468518899, 51766024196669120617 ], [ 58877791757 ], 
  [ 11224836832867971713, 12061673643841880353 ], [ 7055657109901 ],,,,, 
  [ 1841819531, 955628839541 ], [ 13995241580167 ], 
  [ 538766000307793, 276300755452332073 ],, [ 137971388624010553 ],, 
  [ 4966886060260697, 18897352178803793 ],, [ 180223030513 ],,,,,,,, 
  [ 62911820113253011, 14782402083348105629536653121 ],,,,,, 
  [ 3598295401, 25362067214319343206301 ],,,,,, [ 1477223845819 ],, 
  [ 3905117360594479419001 ],,,,,,,,,,,,,,,, 
  [ 3520005496429, 449767657561006236268867956109 ],,,, [ 26422771521721 ],, 
  [ 62557229865721, 44137801769539166701297 ],,,,,, 
  [ 640750605507937, 69783475548498485253409, 1513654730026113802285111969 ],,
  ,,,, [ 7891139341, 451101603919 ],,,,,,,,,,,,,, [ 2234601515917 ],,,, 
  [ 2255637073, 8246287921, 4311194102023537 ],,,,,, 
  [ 49464899239663, 1030647175886524897 ],, [ 9315620084338123841 ],,,,,,,,,, 
  [ 57625045071199981 ],,,,,, [ 55126018254721 ],,,,,,,,,,,, 
  [ 413400010272349 ],, [ 65645577537751 ],,,,,,,,,,,,,,,,,,,,,, 
  [ 253786360801 ],,,,,, [ 33355693684909 ],,,, [ 537481213807949 ],, 
  [ 137304963841, 13805847123073 ],,,,,,,,,,,, 
  [ 1181126584441, 1251657759761641 ],,,,,,,,,,,, [ 2832117721 ],,,,,,,,,,,, 
  [ 32860872921661 ],,,,,,,,,,,,,,,,,,,,,,,,,,,,,, [ 5212636709851 ],,,,,,,,,,
  ,, [ 6229771225987 ],,,,,,,,,,,,,,,,,, [ 235585669329121 ] ];
