BRENTFACTORS[279]:=[ ,,,,,,,,,,,,,,,,,,,, [ 428607600667 ],, [ 5385859769 ],,,
  ,,, [ 547866411497, 1266710585354108497 ],,,, [ 2779383619 ],, 
  [ 1090206181, 54573596351 ],, [ 89384870988001 ],, 
  [ 2841402721, 700184417145643 ], [ 697984377159281 ], 
  [ 18069610529, 18939841187 ], [ 21969062362087 ], 
  [ 335744773657, 7466751608940159671077 ], [ 18096607849 ], [ 151127712991 ],
  [ 2776905596207 ],,, [ 91465587713937022085222331654669163 ],, 
  [ 185443686202930696201 ], [ 456091823301349, 13879506429206393 ],, 
  [ 1731000241, 6852223862461 ], 
  [ 13173640052387961080298144195353409421716737401 ], [ 31842017033 ], 
  [ 5535519091 ],, 
  [ 25492179943501, 2371212545610107, 28898401826121573805379357 ],, 
  [ 642840444707, 128616250318180604941422639881787955209282945621061303 ], 
  [ 33227051768464884150631 ], [ 25117675382864387806606079667649 ], 
  [ 8757987282113, 319856747577238115393 ], 
  [ 23111620351, 873942761527128661147001, 781730664420632922783457151 ], 
  [ 11165026236534061 ], [ 9759626557, 216324627797, 5086639725858781 ], 
  [ 3250288141 ], [ 1857091709580685471 ], [ 953100848438411 ], 
  [ 5246136583577, 28071709741057 ],, 
  [ 2435348329, 292242450959, 123698928379531882523 ], 
  [ 21101014261171663270498262518663 ], 
  [ 793995422856901, 339912947483656747520491674682342951 ], 
  [ 126824436964109 ], 
  [ 2450889226171, 7012536577784719213, 285968652166134778303, 
      759123693727448101340353669473094919 ], [ 8385953846820887423302404787 ]
    , 
  [ 17268724987819, 20745235405397, 22112528020376867, 81990371759203342597 ],
  [ 36160823681, 69715257381319366001 ], [ 6563209505870716188990193 ], 
  [ 16993651390223718433776765228311 ], 
  [ 68248825312247, 8810554757355618607 ], 
  [ 20314629217, 4717314540851295013 ],,,, 
  [ 111334369700833202774294675605172076433 ], [ 30557470536032779 ], 
  [ 56004853342011841 ], [ 21733872707, 2796294792501802562301787 ],, 
  [ 65140045791351373, 2670049883506793761, 923019681406014288049 ], 
  [ 86999191895009, 50933367764018461, 6479197951319306196498985004702911787 ]
    , [ 1124169951071 ], [ 1884269442529 ],, 
  [ 9775764043103410996967, 1698168731431584028021980877 ], [ 110223705637 ], 
  [ 154671785576160385301 ],, [ 32465928621856579 ],, 
  [ 274540843982404651206169390734089 ], 
  [ 29747819221, 15524387200561, 6408300264758911, 2657847318823558471, 
      4090412795224883595290761 ], [ 15968527408580729207610199 ], 
  [ 84135456547 ], [ 361433077561 ], 
  [ 7717935751, 433526722639, 23241632237689 ], [ 1184760772689002233561 ], 
  [ 8733837761881 ],,, [ 900691185906779330256192499 ], 
  [ 3540881293183184868255955407957380937361 ], [ 1310367402013 ],, 
  [ 340559788909, 714235935841803520763, 28210534244781688757173141 ], 
  [ 2555897947, 944549263898941 ], [ 8971963153497961, 232346802751239407761 ]
    , [ 28023981549071756491 ], [ 2427632981491767297229 ], [ 5926830277 ], 
  [ 446822510361650958593, 113643208231429868901817, 
      3081398042559096052573117900433816494501428953 ], [ 1946782501 ], 
  [ 32608688491, 54444959308024085782242930565023373 ],, [ 916214813953 ],, 
  [ 1190010157568601214310141 ],, [ 42660554859528804824555557 ],, 
  [ 6204917692238746703, 97316099970017325295993, 
      1774582464884808549333155860629806525855131 ], 
  [ 62338492857781627111, 153554257486333310041, 76833996320623350267181, 
      258453653970537365732191, 1230046167112791844646035379358820621 ], 
  [ 2409496633, 77457117817, 3840807606700999242601 ],,,, 
  [ 111646965137244790095161908649783879348829438614844314081 ], 
  [ 739650048252765379 ], [ 6657844955827181 ],, 
  [ 54939781994032296114970155265179704305297 ], [ 2472411241, 16257490481 ], 
  [ 22967864879, 2183275137509, 2625666999515689 ], [ 8135068889423199193 ],,
  , [ 2333956951, 71499544951, 31676061126545356201 ],, 
  [ 1224471328765340673334949088073 ], [ 1661672413, 639925696857605563 ], 
  [ 17359634006696211824077602119 ],,,, [ 24158598125083 ], 
  [ 6161099587, 456062564863 ],,, 
  [ 3828244133670861097, 391687854961805129608534221800599 ],, 
  [ 12788486466689622243649, 420751964200628481860473 ],, [ 4072229466959 ],, 
  [ 223384263187415635179871939804577450408521 ],, [ 48993312521 ], 
  [ 30270264779025442207 ], [ 3880565617, 35807435834389, 6820179467938544473 
     ],, [ 105893218933 ],, [ 5588354113, 22943515802794639946081 ],, 
  [ 62796972619, 42572681704963 ],, 
  [ 62957135701, 458226228954336259321, 10378223189904617843237785745930111581
     ],,, [ 8751122997286244329 ], [ 665582476697 ],, 
  [ 239810492893564686943, 8943833011772373384907, 8763452800913730671103613 ]
   ,, [ 1230439697, 264609706282836457 ],, 
  [ 50707048796671, 945084284023125511 ],, 
  [ 18349805903041, 706619715873644929, 3947701261413339841 ],, 
  [ 1028132898893, 76188110330219 ],, 
  [ 60776403438853235701, 66589089138779119873409 ],, 
  [ 2207472499, 1664094085831, 526942725460867 ],, 
  [ 41856212008816001, 489993239186614605741001 ],, 
  [ 5431133399, 23405092069455293, 181331715622269283969 ],, 
  [ 495739361754001687278337 ],, [ 8249797979 ],,,,,, [ 70434153901 ],,,,,, 
  [ 326195629187123 ],, [ 2989027801 ],, 
  [ 19418438061808033, 560037527253995498857159 ],,,,,, [ 933288295673916997 ]
   ,,,,,,,,,, [ 7971418967, 23671725938355769 ],,,,,, [ 8603740121 ],,,, 
  [ 34587698759862977 ],,,,,,, [ 261270778441 ], [ 131765438209 ],,,,,,,,,,,,,
  ,,, [ 15362183695073 ],,,, [ 37768385377 ],,, [ 28289963881 ], 
  [ 21725602552361 ],, [ 48807702424915739467 ],,,,,, 
  [ 1360037953, 354258376751825569, 194476846703633049993955489 ],,,,,, 
  [ 2572887407197759, 123332444750023867, 174313336729609057, 
      1399981559419751636808041563 ],,,,,,,,,,,,,,,, [ 13269892120031551 ],,,,
  ,,,, [ 264582175243 ],, [ 910766032961 ],,,,,,,,,, [ 22052598711399961 ],,,,
  ,, [ 668609786209 ],,,, [ 14826084881 ],,,,,,,, [ 148807834369297 ],,,,,, 
  [ 674879162217193, 2783722126710211, 11104435425005887 ],,,,,, 
  [ 13357821241, 84188301481, 137126757241, 937622180881, 10061785485162361 ],
  ,,,,,,,,,,, 
  [ 595232426497, 13716387561529, 495840888879697, 7416524057979073 ],,,,,,,,,
  ,,,,,,,,, [ 589645389841, 1123154971713451 ],,,,,, 
  [ 2043802729, 6989439781564813, 56409744476254357 ],,,,,,,,,,,,,,,,,,,,,,,, 
  [ 61704929704741 ],,,,,,,,,,,,,,,,,,,,,,,,,,,,,, [ 134591136751 ],,,,,,,,,,,
  ,,,,,,,,,,,,,,,,,,, [ 4625589601 ] ];
