BRENTFACTORS[716]:=[ ,,,,,,,,,,,, [ 15798203149 ],,,,,, 
  [ 22939365457, 632423893103 ],, [ 10947494629 ], [ 125822150191 ], 
  [ 67658588849, 3735763524467958398923 ],, [ 17179335520001 ],, 
  [ 42183338496319 ], [ 144312241009273 ], 
  [ 35507515104680320367819111881277 ],, [ 2993882313421 ],, 
  [ 30660240139, 278039262799510432573 ], [ 5154532044373 ], [ 60856218641 ],
  , [ 18821556937, 3889321288084095911 ], [ 29225460439601 ], 
  [ 79680466277542881616259687258473 ], [ 11382377437947641 ], 
  [ 4162685928773, 20179864004904881 ],, 
  [ 56621611381, 5356737600142597, 72712868324276853164548738183900891790837 ]
    , [ 618256692663458928486881 ],, [ 72301485551 ],, [ 197862262993 ], 
  [ 1227884296218040072243133307216160233355015439 ], 
  [ 72558413798889926351 ], [ 30446010755402815887309113501125987 ], 
  [ 1166427972529 ], 
  [ 859030225736274427665581713609024698521, 219685511653772159529125140931534\
963973815590667 ],, 
  [ 1233916861, 8807802686321321, 16558266237182904851, 2073864296539763721746\
776519651 ],, [ 64891231974750600924816607 ], [ 289512823027 ], 
  [ 14859980482915817, 54232693159409956016159337851, 
      16944172659575251583667376374829 ], [ 12615856264741 ], 
  [ 101928961259, 75292333700970497287756997969 ], 
  [ 93745755933566354873622236759 ], [ 98124137109937 ], 
  [ 383691548556557377 ], 
  [ 9685565842743982231, 1229180465013810371024427953360942514641217061 ], 
  [ 16288830031, 189542756503 ], [ 18727972249480859149 ], 
  [ 164981612990382382718233 ], 
  [ 91928402749, 149455612807, 708175766868734317284680502307 ],, 
  [ 20127714637221253, 98838074998009135213125571721354899 ], 
  [ 10037004015889, 1637871990241848154201 ], 
  [ 7912969321, 1493116205553039209 ], [ 1349274413 ], 
  [ 2931847709875351, 65863901022070749487545301 ], 
  [ 3506523866810583862132454965979809 ], 
  [ 935658177384777662444477042585777 ], [ 7105998753399893268403 ],, 
  [ 31607286241, 80475561521, 1118504774843761, 54023052151075841 ], 
  [ 20649688021, 289814222323, 64587807569514387016982063685457 ],,,, 
  [ 34730909778568490341 ], [ 16098153128388243891675231738809 ], 
  [ 841834740136337803, 281126042690601547951 ], 
  [ 11170296484956859273, 114522154202851269742402035110766284204767153 ],,, 
  [ 5253567924440076151, 7997169964043416339 ], 
  [ 23390195576013435408843954862142713 ], [ 20554364478216240513403 ],, 
  [ 2655886777310449584387671 ],,, 
  [ 4256378239, 986192041681107474633516614402744986317777251 ],, 
  [ 24743619602101, 655472448843701, 9535920571802011601, 
      909553844676642742355981833294901 ],, 
  [ 41741947561, 141528601143244054711 ],, 
  [ 6302656777, 30583134401, 327863223689, 1234123085417, 10085734466497 ], 
  [ 3885751171, 287154036427355766061, 
      158543351585517232041420121438937541183797053568161 ], [ 21883154207 ], 
  [ 250621633814009 ], [ 310060967774144867940193197542801285159501389 ],, 
  [ 281142985428808200391, 75025257835420540140461, 
      19033051146617283341110530481 ], [ 42099083426242090935232058804209 ], 
  [ 28203929820609652390289 ],, 
  [ 81943887530581, 18562648197250444888486435914232807 ], 
  [ 3537024353319736084361 ], [ 4971236609 ], [ 578807855203596668799091021 ],
  [ 325366161520346531935666079 ], 
  [ 174198391571, 648787937082797, 168389846393227777823 ], 
  [ 651157139052212574241, 1859671517904191049974236441 ],,,,,, 
  [ 3709970713, 190128504519311528574559, 19594838010044501641603329661 ], 
  [ 24736626597194983146799 ], 
  [ 8467503255041, 31750523447809, 6403083859635230849, 16431921245417693441, 
      3044700035621731999825153, 41869428560523617143859075969 ],,,, 
  [ 35277713197 ],, [ 534417102757, 26401474334849 ], 
  [ 301218107656138309734751 ], [ 8987125102405319081761 ],, 
  [ 1891896649, 6723438568507 ],,, [ 136053346225972184936413 ], 
  [ 26657234650355741, 38011695040479731 ],, 
  [ 10200106690908242602707498897630433 ],, [ 2572160257 ],, 
  [ 315648281170277197 ],,,, [ 393841643641, 905201587201 ],, 
  [ 39941590776781, 1234069062650742011 ], [ 33735985295891 ],,,, 
  [ 133333734097 ],,, [ 3372736483, 3730046962177297 ],,,, 
  [ 350237475461, 13253908881277 ],, 
  [ 2750310543453055260897175153, 752545171767056882016825197830981369 ],, 
  [ 1153807727301311 ], [ 8235973549, 477127943587063 ], 
  [ 22265628761, 208836280575677609, 4014604086272141036138069 ],,, 
  [ 1873205223640451 ],,,,,,, [ 19951406958998859971112487 ], 
  [ 650239415291239 ],,, [ 12576683137 ],, [ 202090330509709129 ],, 
  [ 37338884171, 114029786491, 1334917079351 ],, [ 358284126913 ],,,, 
  [ 7427246149, 22863372953 ],, 
  [ 9141606145287710665561, 10054376702791620572143 ],,,, 
  [ 20177879134564933559051381911 ],,,, [ 2220525211474008547 ],,,, 
  [ 215704331177581, 10421373891102530371, 
      2060667337842837717922440983680585345870951 ],,,,,, 
  [ 292267842409, 2105721351793, 1657666895023535345592897475849681 ],,,, 
  [ 228506494261 ],, [ 1088186780639413065049 ],, [ 189790003873 ], 
  [ 292851227512801 ],,, [ 8857967657852653 ],, 
  [ 282637704284581, 9359663954720301791 ],,,, 
  [ 14311842949, 359768844587815094308501 ],, [ 21607208213 ],, 
  [ 1320795043, 232621027799088978081943 ],, [ 1348898064243236401 ],,,,,,,,,
  , [ 7613805177168166339978646667751, 247216984122409833907297149035251 ],, 
  [ 98851186226017 ],,,, [ 21302645249 ],, 
  [ 3474805829854543, 654957493775272869091297 ],, [ 7743458581 ],,,,,, 
  [ 311662450037, 55278799758526009 ],,,, 
  [ 2893524796683721, 90859572501177741437945971 ],,,,,, 
  [ 1046405082996888909733 ],,,, [ 1767981881 ],,,,,,,, 
  [ 1009177033137792455506205953 ],,,,,,,,,,,, [ 344871100280157222301 ],,,,,,
  ,,,, [ 41663346211, 33583009803281 ],,,,,,,,,, [ 209924585921 ],,,,,,,,,,,,,
  ,,,,,,,,,,,,,,,,,,,,, [ 61440495593698339 ],,,,,, [ 63292973913721 ],,,,,,,,
  ,,,, [ 21143676109 ],,,,,,,,,,,, [ 621717155329 ],,,,,,,,,,,, 
  [ 712339046101 ],,,,,,,,,,,,,,,,,,,,,,,, [ 114022877049061 ],,,,,,,,,,,,,,,,
  ,,,,,,,,,,,,,, [ 25194344401 ],,,,,,,,,,,, [ 59375028637 ],,,,,,,,,,,,,,,,,,
  ,,,,,,,,,,,,,,,,,,,,,,,,,,,,,, [ 41745541021 ] ];
