BRENTFACTORS[3221]:=
[ ,,,,,,,,,,,,,,,,,, [ 9269332682900903447, 9497087708733775013 ],,,, 
  [ 72297931569876148483 ],, [ 171656688935708701 ],,,, 
  [ 120258019403603295865837, 222989635034413816507920403 ],, 
  [ 230464097482937, 3861272110346588699, 166074301140446807594495965831 ],,,,
  ,, [ 1047059227 ],,,, 
  [ 19348196267, 142469884267, 1132827484651, 40942620714840739, 
      842432727841597332752489 ],,,,,, 
  [ 77779075804819, 3758848649912141, 2372276150033756231, 
      237680902598571541046130608537, 8678760663039298872536527697432861 ],,,,
  ,, [ 11603546203 ],,,,,, [ 360972781661 ],, [ 8452017017 ],,,,,,,,,, 
  [ 12578393518391, 55908720153081839347 ],,,,,,,, [ 649511816785891 ],,,, 
  [ 105873523274413 ],,,,,,,,,,,,,, 
  [ 141586783127, 440815397400031, 33640432985651979863 ],,,, 
  [ 26830431663251 ],, [ 44557419972643 ],,,,,,,,,, [ 689564089806620095883 ] 
 ];
