BRENTFACTORS[2087]:=[ ,,,,,,,,,,,,,,,, [ 2386620311, 7697732981871511 ],, 
  [ 163266468957787905396301 ],,,, [ 905868875422839376277500228663 ],,,,,, 
  [ 994925780583195067, 12457547569157536003363305770069 ],, 
  [ 11960615864326357241738317900383746358743 ],,,,,, 
  [ 143768177008939519, 470668641777211647395626783 ],,,, 
  [ 9292023193, 80601465545301049, 
      137059852029519226832346001440231634669329949247 ],, [ 17494657157291 ],
  ,,,,,,,,, [ 12576796121 ],,,,,,,, 
  [ 465743303231543402917626753902918599347433 ],,,,,, 
  [ 1599174347684405076141209 ],,,, 
  [ 128271275281, 6067657903225466992271378651 ],,,,,,,,,,,,,,,,,, 
  [ 36633055309849, 1864795274301493 ],,,,,,,,,,,, 
  [ 253491664057, 15622659006343, 2309583280738455049 ],, 
  [ 22271627339651144336513, 338219849951018213552301247 ],,,,,, 
  [ 67543233148975246692191 ],,,,,,,,,,,,,,,,,, 
  [ 68339478504627692737, 35303798129643802581402133 ],,,, [ 1245919784027 ],,
  ,,,, [ 393330843254365654983343, 751188079588619568203821589287139 ],,,,,,,,
  ,,,,,,,,,,,,,,,,,, [ 49923324433 ],,,,,,,,,, [ 198166843603969 ],,,,,,,, 
  [ 169282349325967 ],,,,,,,,,,,,,,,, [ 2971652017 ] ];
