BRENTFACTORS[133]:=[ ,,,,,,,,,,,,,,,, [ 3561204093751 ],,,,,, 
  [ 196741332515686681831 ],, [ 16225825826533427651 ],, [ 6552446401 ],, 
  [ 1109180089018711943369 ],, [ 26042872337, 325545155567077 ],,,, 
  [ 379038240491, 1500959779411 ], [ 304611257053 ],, 
  [ 2697511853, 847861296517 ], [ 6010364995226827 ], [ 1493045761 ], 
  [ 3895582667409487818449752890367483 ],, [ 463682327384363122095154648517 ],
  [ 15467739242035717517 ], [ 955073799526383628561 ], [ 18807474692449 ], 
  [ 89234018017 ],, 
  [ 6196528241, 13401819187, 27244847831321, 5594944702492463711 ],,,, 
  [ 63456367911827212314118728866209922247371 ],,,, 
  [ 58815883499048137115047 ], [ 1134038911, 69914104355489 ], 
  [ 300614898313 ], [ 22165462741 ], 
  [ 3309438857, 24768794417772891003745426111369885696016822694774565793 ],, 
  [ 277807408824079 ], [ 454508953909964542674433 ], 
  [ 3064281555093851, 398786317058140216141 ],, 
  [ 124312182587287, 664507418510557715497, 246985330380654620428489299490397 
     ],, [ 3001691005007692321 ],, [ 1129287661, 1251507664619671 ],, 
  [ 3805787233340703778117 ],,, [ 603230025149 ], 
  [ 18252840124666093450689109, 2407651989555507427215259150529 ],,, 
  [ 3503057431545231511444648481 ], [ 296423566363, 2386447129483617267181 ], 
  [ 236314638763376321 ], [ 6816401645194189 ], [ 12316580786366137 ], 
  [ 11435664551 ],, [ 1350457501 ], [ 333736639175147423320310471641 ], 
  [ 5018882483 ], [ 73987658558529841 ],, [ 146324130929 ], 
  [ 12491592227071, 15561563923621, 4446713188572019 ], 
  [ 2059756784288867, 635106405003432428167, 10471871426021996551937 ], 
  [ 515782819231, 193476260010611 ], [ 931216641095958700460234022824353 ],, 
  [ 127107132531611, 133734159399679241193234403 ], 
  [ 4568464014908318328879307 ],, [ 7213034802767 ], [ 95682473329 ],, 
  [ 176716365697, 919300314817, 26267388617050356673, 39368703202840114793 ], 
  [ 504185969701 ], [ 23474712349397, 20429161565118248842515869256937 ],, 
  [ 1804205773, 82465216512520937530689185077 ],, [ 11791753753700251 ], 
  [ 14040587298960372727 ], [ 19673157416477107607569 ], 
  [ 4034795221201, 1483755952445933 ], [ 114478574212783096527142244884591 ], 
  [ 38204855641 ], 
  [ 7582606453, 8242950338477, 1520009527180442788297151479683523410263501 ], 
  [ 23286059851861, 13074146730954271 ],, 
  [ 16648301587, 21678498771497, 1043969854701217907 ], 
  [ 77982951520321, 829050163581868343161 ],, [ 315783193764593 ], 
  [ 128413403982742321, 235169730845700307137695970690343 ],,, 
  [ 597161552527, 1266041078191, 1780050704077184113 ], [ 19205421361751 ], 
  [ 27345576833 ],, [ 52147739156706680068661 ],, [ 45069295129 ], 
  [ 12868373867623 ], [ 41047744840392253 ], [ 22988926029175021 ], 
  [ 45453870524847913, 608661374945925545737, 
      1354487293397636570267034258880681 ],, [ 5292968441223351919 ],, 
  [ 180987334900807920746220399848224808473721 ], 
  [ 2535053947, 12209568602627930855611 ], 
  [ 12512167294271, 39132029463956779199, 
      676728450205300055266057756665951929 ],,,, 
  [ 11578413481825262476046755393 ], [ 5731533823, 2334948287155755450691 ],,,
  ,, [ 1040113328472377, 12692917889771680533819077972761 ], 
  [ 975643939729, 191570918782602367 ],,, [ 167816497008283868518177 ],,,, 
  [ 5241187081601, 164064616171037877761, 112821530588366041893761, 
      1869241782021063982668445601 ],, [ 3017227182555587887 ],,, 
  [ 22254726451 ], [ 11762991073, 598478345011, 935123024347 ],, 
  [ 1052942905393, 2268087920125273, 24224865076304968991497 ],, 
  [ 454902612757171 ], [ 572600887960609 ], 
  [ 85791291129793, 1032698130406750897 ],,, 
  [ 4868131708651, 102604816531351 ], [ 13286943473, 41996705699873 ],, 
  [ 2748003161, 48255112921 ],, [ 4213345006728940269998724279841 ],, 
  [ 1361149050014027 ],,,,,, [ 329774491757 ],,,, [ 550624455954256395841 ],,,
  ,,, [ 2856987783343, 260519476324339 ],,,, [ 10388280059 ],,,,,, 
  [ 30072393521, 761827069672516849 ],, [ 24147602400746806044797969761 ],,,,,
  ,,,,, [ 1154840863661, 1738036212881 ],,,, [ 2106780257 ],,,,,, 
  [ 11853843731, 994195810218301 ], [ 18986690749951 ], [ 1286051310913 ],, 
  [ 1950370851547, 42767721911568421, 84130652124569506940579930517541 ],,,, 
  [ 1779089649580993751, 91219688266284930708413 ],, [ 2074987955387094001 ],,
  ,, [ 298718919353553473 ],,,,,, [ 5665243501, 103321799331651001 ],, 
  [ 32900997576357451714917567097 ],, [ 69332890037, 520838232643 ], 
  [ 22491504891994531 ],,, 
  [ 429585575636989, 5451387117103573, 46187461902370309, 3437943530510140573 
     ],, [ 1462793327581, 254594096904941 ],,,, 
  [ 314502900018646681, 1012163954517661525537 ],,,,,, 
  [ 4800961261, 47494869481 ],,,,,, [ 639552101761 ],,,, [ 193419787657321 ],,
  ,,,, [ 7228710347, 1059439430686781 ],, [ 11190044036327092204897 ],,,,,, 
  [ 107270571114770290087099 ], [ 2293592711071 ],,,, 
  [ 71564960507, 207914130217, 375772669819 ], [ 2836188988455442058334901 ],,
  ,,,,,,,,,, [ 432488538176449 ],,,,,,,,,,,,,,,,,, [ 3730085636908951 ],,,,,, 
  [ 5289226321 ],,,, [ 2005915299881 ],,,,,,,, 
  [ 1800252773593, 365801195707670077, 5475201645026421001 ],,,,,, 
  [ 2251658950771, 94275815634751 ],,,,,, 
  [ 166428196821361, 6859291895545681 ],,,,,, [ 60161515717 ],,,,,, 
  [ 266718322721629, 4893452016197347278337 ],,,,,,,,,,,, [ 2011751809 ],,,,,,
  ,,,,,, [ 5097971716993 ],,,,,,,,,,,, [ 76621581191329 ],,,,,,,,,,,,,,,,,,,,,
  ,,,,,,,,,,,,,,,,,,,,, [ 3426266251 ],,,,,,,,,,,, [ 257521416769 ],,,,,,,,,,,
  ,,,,,,, [ 27736003681 ],,,,,,,,,,,,,,,,,,,,,,,,,,,,,,,,,,,,,,,,,,,,,,,,,,,,,
  ,,,,,,,,,,,,,,,,,,,,,,,,,,,,,,,,,,,,,,,,,,,,,,,,,,,,,,,,,,,,,,,,, 
  [ 28499585063, 977430678277 ],,,,,,,,,,,,,,,,,,,,,,,,,,,,,,,,,,,,,,,,,,,,,,,
  ,,,,,,,,,,,,,,,,,,,,,,,,,,,,,,,,,,,,,,,,,,,,,,,,,,,,,,,,,,,,,,,,,,,,,,,,,,,,
  ,,,,,,,,,,,,,,,,,,,,,,,,,,,,,,,,,,,,,,,,,,,,,,,,,,,,,,,,,,,,,,,,,,,,,,,,,,,,
  ,,,,,,,,,,,,,,,,,,,,,,,,,,,,,,,,,,,,,,,,,,,,,,,,,,,,,,,,,,,,,,,,,,,,,,,,,,,,
  ,,,,,,,,,,,,,,,,,,,,,,,,,,,,,,,,,,,,,,,,,,,,,,,,,,,,,,,,,,,,,,,,,,,,,,,,,,,,
  ,,,,,,,,,,,,,,,,,,,,,,,,,,,,,,,,,,,,,,,,, 
  [ 129421186570171, 26653042785680191 ] ];
