BRENTFACTORS[472]:=[ ,,,,,,,,,,,,,,,,,,,, [ 897599512111 ],, 
  [ 35022791013611 ],,,, [ 191652817879 ],,,, 
  [ 835400890669, 170384475668289729894532694299 ], 
  [ 1841720394026810792801 ], [ 72582726217, 1103260461435922927831 ], 
  [ 1057174751 ],,, [ 669929651274397023966687549600043746793 ],, 
  [ 526648597801 ],,,, [ 83241342248930123891195981944358977 ], 
  [ 1105890061, 4223868661, 30131857537 ], [ 15298608361760371 ], 
  [ 1489248703636511, 52088783465388279851 ], 
  [ 1865045413823437067, 16098898621071383906422996097386856513629 ], 
  [ 3337451857, 35057552574097 ], [ 6509929243389074021 ],, 
  [ 25210963118412892916739191428385137 ], [ 854177547809, 5768978061417533 ],
  [ 279112524383729 ], [ 660810363247 ], 
  [ 10301327081, 1543266657286881864937711 ], 
  [ 15363855849127369916071002623753 ], [ 17527500207875356733406236419 ], 
  [ 1777304795927005855292295491647 ], 
  [ 25215482305417, 2718033451866444564539513 ],, 
  [ 16100690141, 859303639267, 3877560774881, 2191295080873216017023 ], 
  [ 3881653933621 ], 
  [ 3565694161, 17049744181, 20620853638939, 17978347658138418937 ], 
  [ 1336325057, 9820064257, 1244822579719109285639798015055169 ], 
  [ 17329123974910069027222002011384431, 
      85183364026708189346978615672100666996027201571 ], [ 74662961869 ], 
  [ 10750604261 ], [ 83603449326667868667988414720204798312717 ],,,, 
  [ 1819889027941316832217 ], [ 1237610903 ], 
  [ 980760697661233, 1312109117574109 ],, [ 1572945999834005613317469077 ], 
  [ 1703216131, 5540389853923, 10559323463459, 161975010067837121, 
      1086110868090893194626459851516114886359 ],, 
  [ 3569739359193583021, 177211982970111269411969 ], 
  [ 145468961761, 313605100780001, 538831954619921 ],, 
  [ 339541745065855071827482229 ], [ 34382026241 ],, [ 16622949011 ], 
  [ 402765775993224179196196772324726791 ], [ 86031760123 ],, 
  [ 1375062487419833 ], [ 79302030559757610841, 10449419122960132117141 ],, 
  [ 208236176677, 637410712061, 115257482163658074290886650862665808973 ],,, 
  [ 138899457641299973336417771 ], [ 38813114672257, 935303643560449 ],, 
  [ 2225767769, 239002638452024959359082987111540828438715569 ], 
  [ 1177096111489003075441484901643, 4297748593027197445563315597049 ], 
  [ 442802502499665701, 24152349436212633086409732701 ], 
  [ 1145014051589, 1636413975167, 221231773901411069 ], [ 35180005006639 ],, 
  [ 21024164996055769824497438440539975300273368247789721 ], 
  [ 3178240966686569867581 ], [ 29705614098781856921474252851 ], 
  [ 565327528523 ], [ 25590468889, 119074798390969 ], [ 5505800371 ], 
  [ 1201591424796530967574568785259728386438509321 ],,, [ 14113815713 ], 
  [ 111742229866849, 10070335511717779, 8899508100563710924303 ], 
  [ 53531905681 ],, [ 1380444859 ],, [ 224786711679992227921 ], 
  [ 15111645874989798256525162801 ],, 
  [ 11432411503, 29667689995549453239521221 ], [ 4122539587 ], 
  [ 10877458144229, 55658843833302049, 338230404954574238137 ],, 
  [ 4824000466976690910037, 24358190416020344130031 ],, 
  [ 21711648946177, 1795985443811201, 672187763833052417, 
      245376904342590046827366490673156846147795329 ], 
  [ 3143104351, 174260053804831 ], [ 4024332671392951940178773131126553371 ],
  , [ 22402843189, 63552566221 ],, [ 5553593500682592199699 ], 
  [ 4950368323961924445056800766641 ],,, [ 1104309194991269348724043 ],, 
  [ 22081627261, 43773283468878559572901810749221, 
      7524647655656596009778334808654994201 ], 
  [ 1576288633, 65755106657407, 198161283884527, 2954315790278084336005018177 
     ], [ 3779853189061, 4905583309068599 ],, 
  [ 12225797784269339912130801181942838890717316497 ],, 
  [ 55519185330113, 17323856135996615609 ],, 
  [ 578075657569787369, 75972468097846150972417 ],,,, 
  [ 5002442973630114364921, 70614891463249741274826060449 ], 
  [ 13944871351, 14535448597 ], [ 4147394791, 47794413865661 ], 
  [ 121028529504551, 181222998779021 ],,, 
  [ 216314996902883, 26001292818769355723 ],,,, [ 3814098031 ],, 
  [ 2535923801, 7974988017917, 43256794308257, 118433548163546939497 ], 
  [ 155414528407711 ],,, [ 43854982425469646773822558160041 ],, 
  [ 13075201712294471 ],,,, [ 818105914099, 405963499645843 ],, 
  [ 16836034506735695168230389121 ],, [ 3769507392851 ],, 
  [ 149180373541, 6386829073366456801, 80200352912780862901, 
      200345762265008796180903061 ],,,,,, [ 20005545271 ],, 
  [ 94964468641205003739577801 ],, [ 300886463351, 3694664161053821917571 ],, 
  [ 988709110441856833, 1964956451915440369153 ],, [ 23891148078526853 ],, 
  [ 237082489057, 3561958393561, 293936147803406921 ],,,, 
  [ 10615330853439001, 10851488980884401 ],, 
  [ 24734712297430519, 2460450208597220835869 ],,,,,,,, [ 265996180334641 ],,,
  ,,,,, [ 1037555741 ],, [ 601471959001 ],, [ 719285984899 ],,,, 
  [ 1650130252024277999 ],, [ 6483943117 ],, 
  [ 4242262314341, 15835331013577168449371, 15528187596137036668479421 ],,,, 
  [ 573688477575579367 ],,,,,, 
  [ 8355676561, 46756460161, 37431147531158926932721 ],, [ 2747680222211 ],,,,
  ,,,, [ 857955594774333919751 ],, [ 85706580457, 218238490009 ],,,,,, 
  [ 9426544711, 562048065505933 ],, [ 8695162232149719534521 ],,,, 
  [ 3560297401, 36761897145073 ],,,,,, [ 12505711627975152985037911 ],,,,,, 
  [ 100534258837, 106758052213, 2976130220209, 3626285377492117 ],,,, 
  [ 6246975728281, 28057743829081, 1065257803294441 ],, 
  [ 101478066066962221997413, 127440633690837017984491 ],,,, 
  [ 1342518744686604343 ],,,,,,,, [ 47324035284157212515971 ],,,,,,,,,,,,,,,, 
  [ 153068628701 ],,,,,,,,,,,,,, [ 1950287157526212433 ],,,,,,,,,,,,,,,, 
  [ 1067087043728942161 ],,,,,,,, [ 5085836953 ],, [ 8691299401, 45413785201 ]
   ,,,, [ 681668046619663 ],,,,,,,,,,,,,,,,,, [ 1506056357713 ],,,,,, 
  [ 12680031547, 82386940966219 ],,,,,,,,,,,, 
  [ 1207338211, 4407906067501, 7738374329011 ],,,,,,,,,,,,,,,,,, 
  [ 121947942121, 8883470157769 ],,,,,,,,,,,, [ 16161391681 ],,,,,,,,,,,,,,,,,
  ,,,,,,,,,,,,,,,,,,,,,,,,, [ 16815755419 ],,,,,,,,,, [ 1453801688944049 ],,,,
  ,,,, [ 15075280303201 ],,,,,,,,,,,,,,,,,,,,,,,,,,,,,, [ 1715584818511 ] ];
