BRENTFACTORS[272]:=[ ,,,,,,,,,,,,,,,, [ 28623468617 ],, 
  [ 44093824865749059487 ],,,,,,, [ 6241610051 ],,, [ 39247091189 ],, 
  [ 11430202886401685536658317 ],, [ 15599027146891, 24477942258067 ],,, 
  [ 21817113553 ], [ 5237308117, 1635432747314086339 ], 
  [ 230366490636476063 ], [ 44234547780697 ],,,, 
  [ 233746561149053103370505649627515261324900513 ], [ 5503058573 ],, 
  [ 4726607316989 ], [ 6241797307 ],, [ 2539688500932523676107 ],, 
  [ 3444139549, 3487172839, 60488472840877 ],,, [ 1197037603 ],, 
  [ 48155637601 ],, [ 895559281780447267, 370568875822876966451 ], 
  [ 910915101647999309691853451 ],, 
  [ 293185647381879152169849579155073537194018057 ], [ 6481608760733 ], 
  [ 414654654457891 ],, 
  [ 1440703421, 126445560243504191, 428880412444553820257911 ], 
  [ 111001990843789 ], [ 1261536172031 ],, 
  [ 110300041771, 1398855725275931953, 46482705535410377143882745863 ], 
  [ 15376231320590981, 18222249721358971 ], 
  [ 2223012885157, 54311989859267778865852440289 ], [ 32939351928001 ], 
  [ 17861541743, 5441752449584186353304030149394262227 ], 
  [ 3033203118412258341853 ], 
  [ 646333515617075715170101, 16849807536109512885582361951 ], 
  [ 375238845140020613, 47734647151283868989, 294859488976976132533 ],, 
  [ 1473244111 ],, [ 5925413027752386401 ], 
  [ 12954010888897640459407, 65485328792432438688242510600539624063 ], 
  [ 3886073825057, 88326461379863025659, 6940543510829588467771 ], 
  [ 978541300234008551, 37078409105438033230999 ], 
  [ 11494898221717, 200451863004767137 ], 
  [ 769045614819417335431, 151193532913409342709732238511176965991, 
      4144099453840960326532782360737335953211 ], 
  [ 200859285369599, 2484272585553795371 ], [ 2501644305148309 ], 
  [ 3928590684207080177515463743717872839473 ], [ 5907126146923 ], 
  [ 61048925505205647435631 ],, [ 14531885290440373 ], [ 1540970999707 ], 
  [ 174167250449955903694040160184151942682327599 ],, 
  [ 129869877952375190452113261697 ],, 
  [ 13218490395005274248825831, 4779232351676324757274989377614993 ], 
  [ 1093742497, 1398681356975018472511, 154468024708128677804495161, 
      9029938786101125236276126723 ], 
  [ 650048714220001, 910628500525937252451701, 25896399617464805462068501 ], 
  [ 25073016554932840391 ], [ 10513818084309066680643260689 ],, 
  [ 6888631153, 270022894816918309898984949655561 ], 
  [ 93995194021, 922967989651518931 ], [ 7632314368888535586922537 ],, 
  [ 7011466089094065480835252609380524401 ],, [ 5954637151 ], 
  [ 1165721413857397, 24380216539751089, 1649742848269766040467108329 ], 
  [ 8288745533390323476721, 278876306214963884700704771330702797434127297 ],, 
  [ 5525893368518760057352277278728319639 ],,, 
  [ 18229531512583, 1218226724695271883853, 30508249999706229218599, 
      1911001598780296739714584003 ],, [ 7584921247, 93010914343873549389059 ]
    , [ 224345583089065777081, 1316319368711169536041 ],, 
  [ 14670187586671, 250520345381761632215627 ], 
  [ 363024829824896627287, 4915281626148124118059 ], [ 1149970831670081 ],, 
  [ 1034164531, 37522813987, 4381307273347116397038937 ],,, 
  [ 610290204303705427 ],,, [ 50919306163156770599267173386926501098034357473 
     ],,, [ 195726462617431, 314575379103365101 ],,, 
  [ 1101874663, 12355490097928519, 275830704367923651991453 ],, 
  [ 2772191463711836461, 7506101536565557566453297241 ],,,, 
  [ 716609352241, 709441747564559385727986830650776122430477267048337 ], 
  [ 568687491847421 ], [ 164273499869 ], 
  [ 56150179499989, 6628170878512126903 ], [ 23744424401 ],, 
  [ 3037504569544051, 8151803978606075701, 6181788083060758670699851 ],, 
  [ 226930012809377 ], [ 13868472673333 ], 
  [ 2093044681916755233437, 37472993574017951389903 ], 
  [ 261304999121, 40929867262181, 29987957609963651 ], [ 3710350266949 ],, 
  [ 680938843396511611, 8780618695383160677269 ], 
  [ 73503483541, 150885625801, 24878478745769527 ],,, 
  [ 24708573073, 80325759727, 143131156591647606822797131 ],, 
  [ 1176231401872900656295169 ], [ 5308031191 ], [ 40464392567 ],, 
  [ 10932880393, 42117820471273 ],, [ 382767937485813343232065721 ],, 
  [ 245883419909907617896067297 ],,,, 
  [ 4413544609, 12276178289, 10623273978525121, 611454680972076020993 ],, 
  [ 1099489981, 968583260933 ],, 
  [ 1192053061, 10050744519786961, 14233724338044796650001, 
      12465065960297265519896761 ],, 
  [ 2329065314153033, 5025230621367004946717 ], [ 2291947267 ], 
  [ 17456896787127865394513 ],, 
  [ 125734366546699, 11338193842554453526716607, 
      134029717498016559381739984933 ],, [ 431187171769 ],, [ 15817937951 ],, 
  [ 68932015244353 ],,, [ 62947230786961 ], 
  [ 1487482056733, 11866563482453, 19459319833409, 1949767145312175298267789 ]
   ,, [ 1426157767, 40911746918891113 ],,,,,, 
  [ 124250410153, 4875379929137857 ],,,, [ 130204758529 ],, 
  [ 4815086575820728738171861711 ],,,,,,,,,, [ 62495144581, 181485822101 ],,,
  , [ 5053398053537 ], [ 591501392896501 ],,, 
  [ 6046576292645358133, 49484252887367555012269 ],, [ 10092728487841 ],,,, 
  [ 5371660666711 ],, [ 4951868807257, 365787762187433 ],,,, 
  [ 1112893652181345319590241 ],, [ 23512200911 ],, [ 76120414650001 ],, 
  [ 164083917079, 230688147658864087429, 494062816995207117775321 ],,,, 
  [ 23294853251, 11143825351211130001 ],, [ 159946927610757589 ],, 
  [ 71067859897 ],,,, [ 88009969488128088871, 6555452398034243740221313 ],, 
  [ 33509890940761, 226649672554241, 29638362289026879527101 ],,,,,,,,,, 
  [ 91537424322484291201 ],,,,,,,,,,,,,,,,,, 
  [ 23650060245697, 20628713170813001498150994643105441 ],,,,,,,,,,,, 
  [ 6522321149775901, 7184110810749626101 ],,,,,,,,,, [ 215061898550711 ],,,,,
  ,,, [ 8439486907, 1660845438800593 ],,,,,,,,,,,,,,,,,, [ 55313879377 ],,,,,
  , [ 803044176365287 ],,,,,, [ 21238801921 ],,,,,,,,,,,,,,,,,,,,,,,,,,,,,, 
  [ 2103148896283 ],,,,,,,,,,,,,,,,,,,,,,,,,,,,,, [ 89809955224994166289 ],,,,
  ,,,,,,,,,,,,,,,,,,,,,,,,,,,,,,,,,,,,,, [ 1195799851, 3113166601 ],,,,,,,,,,,
  ,,,,,,,,,,,,,,,,,,, [ 2882916961 ],,,,,,,,,,,,,,,,,,,,,,,,,,,,,, 
  [ 286556760777241, 478305823287661 ] ];
