BRENTFACTORS[8431]:=[ ,,,,,, [ 3185155639 ],,,, [ 13457521378596263 ],, 
  [ 146047873973 ],,,, [ 1589504897 ],, 
  [ 3931208111, 5499170419, 22196694407, 9143876455603 ],,,,,,,,,,,, 
  [ 17754177005557 ],,,,,,,,,,,,,,,, [ 33385396123932848897044905984789641 ],,
  ,,,,,,,,,, [ 38429442730759, 460083199515451274339 ],,,,,,,, 
  [ 35667164144099 ],,,,,, [ 10291222330127718372532845065771 ],,,,,,,,,, 
  [ 155854392482546183 ],,,,,, [ 888164599837166879 ],,,,,,,, [ 22539392003 ],
  ,,, [ 7263486913 ],,,,,, [ 2878123694603 ],,,,,,,,,,,,,,,,,,,,,,,,,,,,,,,,,,
  ,,,,,,,, [ 303298340854507 ],,,,,,,,,,,,,,,,,,,,,,,,,,,,,,,, 
  [ 860950422047 ] ];
