BRENTFACTORS[604]:=[ ,,,,,,,,,,,, [ 6051124067 ],, [ 12982432861 ],,,, 
  [ 180201594323, 730214699363 ],, [ 106631521207 ],, [ 2236179279675534499 ],
  [ 1147635913 ],,, [ 149147162623 ], [ 2057652941 ], [ 190931818061359237 ], 
  [ 6818339131 ], [ 4056594898327 ],,, [ 1037396203, 58805083984679 ], 
  [ 983789487474445618156599197951 ],, 
  [ 3145741111, 11801964260111, 591834370222409659667393 ], 
  [ 64669785253, 148804021819 ],,, 
  [ 1531825329227153606330924130746708416429 ],,, [ 36995667671770589 ], 
  [ 2543806981, 10061073811 ], [ 347666100109 ], 
  [ 5351003973593668944949137433, 10292422594459101505861598983 ],, 
  [ 1104131407, 255417327470284382224848280863231706493516680646213 ], 
  [ 2569056857401 ], [ 82465748359, 62526819358269347797669 ], 
  [ 1645143892811138460310039371617 ], 
  [ 73635017563, 1967116368844047018905917 ],, 
  [ 1473487754861, 2485763801903154470394841 ], [ 25965962762981921 ], 
  [ 929783164584762484657943476459 ], 
  [ 6521069774815279955701, 2695847217883968165906821 ], 
  [ 15308839414268789, 49647783008389630082270276069 ], [ 1442697166790401 ], 
  [ 75402204469416059, 151158120488568710437 ], [ 3709312751 ], 
  [ 835736209201175736007 ],, [ 1135745478640987631 ], [ 6363241540032367 ], 
  [ 120829323468781, 5731590716117842897 ], [ 12438625994551481 ], 
  [ 393748452840546905287, 3216534826181047010921082698581176165847 ], 
  [ 334528464650425711 ],, [ 22573754598852029355862033 ], 
  [ 155337961597727302415039477, 478660770057916056258199159 ], 
  [ 85368757023756043722943337 ], 
  [ 1572862328274151, 27489214044933601, 161979207007286551 ], 
  [ 10685241435269, 204759477022045984796486467611047793953 ],, 
  [ 13695257790944815333 ], [ 4058453655928933 ], 
  [ 387087719201, 1568897698437714641 ], 
  [ 170293176158334304741957, 236701976809740977371378426327 ],,, 
  [ 13242000690978751609 ], [ 117659555194349759282120696428241 ], 
  [ 2758413514850941178572601496910019339363968484435331481 ], 
  [ 534729471643 ], 
  [ 4286264943851208139273, 49563593739011472768415141319290282385009 ], 
  [ 1327424677, 401791542396946009517467 ],,, 
  [ 36119632212583521397, 14154058959128897289046561, 
      212691215066111718218227528627391057 ], [ 48739698541 ], 
  [ 172738077751693 ],, [ 1251395681123713 ], [ 178385654916967 ], 
  [ 12882151874203619470219, 141445607193280273150308925283216943169 ],,,, 
  [ 1963371223774064881051782840274299949 ],, [ 261597923123969001211028713 ],
  [ 2103212914741, 49128019660231, 426476367218315306710231, 
      979098741292130558391510541 ], 
  [ 8851744077649989225821, 5060122831695640414091919354131 ],, 
  [ 479142181460629 ],, [ 66851253969189789435052528681 ],, 
  [ 1238040198598001, 144163288659998770325412299638165301249 ],, 
  [ 313389897319 ], [ 18320872614701, 597015564316651, 5853366868683241 ], 
  [ 215727355049, 5399285053423327775381, 166546561469925564754312153849 ], 
  [ 3068514073, 23095152757 ],, [ 126516274836248389 ], [ 143528121019441 ],,
  , [ 58756878109, 59728004835834324260071 ], [ 5553058397 ], [ 1876011001 ],,
  , [ 2422885249 ],,,, 
  [ 5821855385412388575793, 720505309505282489148114252317345710313533 ], 
  [ 5756722259 ],,, [ 162716337869712587473 ],, [ 31265451368539 ],, 
  [ 323932115921, 437963451853016962462721063360421092496800219675901701 ], 
  [ 2739692041 ], [ 13129155139 ], [ 20290627495997 ], 
  [ 18240295182791363452726996561921, 41006386272183128752064022441937 ],, 
  [ 3092116169534095739617, 5579525166025821104717327 ], [ 5625140806121047 ],
  ,,,, [ 7782042068624406997761649993 ],, [ 1227322097 ],, 
  [ 4662071472852613, 700604665016385155439121333 ],, 
  [ 23980490776660293034986137 ], [ 43983594103, 5435143251193 ],,,,,, 
  [ 17005970825893831 ],,, [ 13021732081, 29723786497568689 ],, 
  [ 76424470881589786211 ], [ 25309117828369, 323686338079771 ], 
  [ 19015845281, 1822901600281327010069 ],, [ 221641083202744265457887881 ], 
  [ 3174173488501 ],,,,, [ 456403327686181 ],, [ 4351452430041871519 ],,,, 
  [ 17772279541 ],, [ 1158829369, 1640810609 ],, [ 2000709691 ],,,,,, 
  [ 3110205614237, 2556955219729093, 38070547560831353, 
      1681140766694262775021 ],,,, 
  [ 1630838473601, 15428983230990138945783179801 ],,,,,, 
  [ 16935886859, 85001168785229 ],,,, [ 14685608514903421346624508939511 ],,,,
  ,,,,,,,,,, [ 45706988729249, 3396759774248587937, 4406295373188995684370113 
     ],,,,,, [ 141700074817681, 1803292303565041 ],, [ 20045433872560153 ],, 
  [ 1158176252649547, 15596980280527699, 1187093374710940778797 ],, 
  [ 11826938039012469984029 ],,,, [ 269206331281, 4362105744481 ],,,, 
  [ 13580853896809 ],,,, [ 98076117462722513 ],, [ 67392222532001 ], 
  [ 51203438263, 735083377737311, 13592697252502729 ], [ 3501757377721 ],,,,,,
  ,, [ 957968895001, 58471675132001 ],,,, [ 8936995683529 ],, [ 95746009199 ],
  ,,, [ 189882591391 ],,,,,, [ 44494385804501809556221 ],,,, 
  [ 133411580681, 965848354855571517395601286691326681 ],, [ 469382783531371 ]
   ,,,, [ 635472738464279 ],, [ 477889502401 ],, [ 274352255336820601 ],,,, 
  [ 13916775102973 ],,,,,, [ 42436396051501, 16676406350120401 ],,,,,, 
  [ 32689885447, 14106326432220901 ],,,, [ 692633445781 ],,,,,,,,,,,,,,,,,,,, 
  [ 8191391706844005991 ],,,,,, [ 7673665805569, 192435805813192033 ],,,,,, 
  [ 2309850559 ],,,,,,,, [ 983832511901, 582061937990051 ],,,,,,,,,,,,,,,,,,,,
  ,,,,,,,, [ 101190943305271 ],,,,,, [ 2966321050753 ],,,,,, 
  [ 2103866701, 10829374093981, 66775758223981 ],,,,,, [ 12413472193 ],,,,,,,,
  ,,,,,,,,,,,,,,,,,,,,,,,,,,,,,,,,,,,,,,,,,,,,,, [ 337546758181951 ],,,,,,,,,,
  ,, [ 110338060603, 1757308797553 ],,,,,,,,,,,,,,,,,, [ 574030921921 ],,,,,,,
  ,,,,,,,,,,,,,,, [ 6204047542387 ] ];
