BRENTFACTORS[1523]:=
[ ,,,,,,,,,,,,,,,, [ 237532053265282974762079, 250151832998096434609889 ],,,,,
  ,,,,,,,,, [ 145351501265293 ],,,,,,,,,, 
  [ 406027354318363394978323, 127239116092306307966744808704979717319 ],, 
  [ 11728983609929 ],,,, [ 12617955428224834427, 10293764437131053495909111 ],
  ,,,,, [ 4694245163381, 1407709537675391 ],,,,,,,, 
  [ 17228361969369203, 80769315019208456044163, 
      506708877522658345216078810859057 ],,,,,,,,,, [ 368778028887985076887 ],
  ,,,,,,,,,,, [ 1297305439 ],,,,,,,,,,,,,, 
  [ 111970063477847, 18414621365179048966057 ],,,, [ 3266206054034927 ],,,,,, 
  [ 110219610276631209617833 ],, [ 12408168466004783 ],,,,,,,,,,,,,,,,,,,,,,,,
  ,,,,,, [ 9260705440860247081, 35843184221929614012159405479 ],,,,,,,,,,,,,,,
  ,,,, [ 9400958291003 ],,,,,,,,,,,,,,,,,,,,, [ 328275789034859 ],,,,,,,,,,,,,
  ,,,,,,,,,,,,,,,,,,, [ 936638766347 ] ];
