BRENTFACTORS[910]:=[ ,,,,,,,,,,,,,,,,,, [ 1650361315202748970781 ],,,,,, 
  [ 3707575793245949934988410401 ], [ 30933253159927 ],, [ 637183383509 ],,, 
  [ 30596459482353916835224415555412716587 ],, 
  [ 683995927099, 911597060469233005297 ],, 
  [ 1408854996495871, 2758718221282409471 ],, [ 3342375761 ], 
  [ 113312518350760307 ],, [ 9960626301157841 ], 
  [ 107049671174841727, 7469265193098879592111519478222078891 ],, 
  [ 22470441239857217, 471509929690155522360009620280335826115159 ], 
  [ 2824043839848381833 ], [ 1648869781771, 16973182076941, 1487573459694541 ]
    , [ 4965009479017932582710761717 ], [ 2472637007 ], 
  [ 371051093738265341473 ],, [ 105605712101 ],, [ 14040795029 ], 
  [ 255864557234913135116819 ], [ 874762681498307659 ], 
  [ 442381965191, 30250027318977945488131, 613581154198229891690018971 ],, 
  [ 44040881747748043, 855243338861315751754067701 ],,, 
  [ 104923428804541, 305952459240781 ], [ 1605168641 ], 
  [ 19416344260163297440991 ], 
  [ 2577423419551, 1418947407135944407724674796954045966107 ], 
  [ 226703574593, 655177841537, 1479798106730891957953 ], 
  [ 984116235505526192791233903565012652321 ],,, [ 39760849433 ], 
  [ 90223608321739 ], [ 1602415082171, 538744849925200661 ], [ 545441869919 ],
  [ 205794678704761 ],, [ 11016139837589, 230345829505638386565807013315511 ],
  [ 5221842527710216941360390189831489481951 ],,, [ 78252781231 ], 
  [ 1700161213 ], [ 1709973756721, 13389476153201, 100208717151841 ],, 
  [ 738507149010892362328545129705111797 ], [ 1536725413, 7263484381 ], 
  [ 125390704993 ], [ 29948090450651 ], 
  [ 18097491909897090148527061259990250636737975394229 ], 
  [ 94663432171024787344489 ], [ 15741754946243393 ], 
  [ 4264090927, 29543723761600768334296853 ], [ 305696727402434731344118681 ],
  , 
  [ 29849339281, 77813273401, 116200041079106374452824380562676780908148821549
     ],, [ 93106380162109346542243, 8615213362929648579930804767842061133241 ]
   ,, [ 1160046337, 280651022401, 13558212402529 ], [ 111288707333879 ], 
  [ 5646685957142674851769988123, 
      14675567355416225522988840121131671240707901 ], 
  [ 258583838411689931426961511 ], [ 8359887401, 16734574513229285258801 ],, 
  [ 1909876153, 3797584375639 ], [ 2799572549, 12548059146263 ], 
  [ 3167407293688249, 35663033654835566803723674681125118655532455640152153 ],
  [ 940626513034500181, 
      70464554007292135533814640505814703032941588902175531241 ], 
  [ 132173894268645386375549 ],, [ 170110755563030206295993237881 ],, 
  [ 826909571552534003621231 ], [ 792275237251, 168567734938147 ], 
  [ 690863701841624593845098851632019880594356801 ],, 
  [ 87852406531, 16428475709017 ], [ 11169183871 ],, 
  [ 1775465407, 8781185327617, 44894869815564681748291 ], 
  [ 185468211785345649863 ],, [ 5399139481 ], [ 528876273513017 ], 
  [ 2970030221 ], [ 3348934929858733 ], [ 1536606389 ], [ 53513143501 ], 
  [ 558120271442919363378291973421732678669197099 ], [ 5410159380296887 ], 
  [ 6421251709970948175436931969 ], [ 19618157594677 ], 
  [ 231535548542611, 70454477846467382931772463761 ],, 
  [ 2165976655595467573, 1109734143066016474583067481 ],, [ 5129805287218597 ]
   ,, [ 4748904088441 ],, [ 1120238636323294693 ],, 
  [ 247639330448030641, 4687975470615484641887578698001 ], [ 14510761913743 ],
  [ 14307974078287, 168587060612020931 ],, 
  [ 5579335378369, 215360919502564857379084817893480897 ], [ 3296794531 ], 
  [ 17328129501439, 6898396001833021220827 ], 
  [ 2388392791, 595382433493, 532507475717911429 ], [ 21507694037 ],, 
  [ 204393968113652910103116548101 ],, [ 1674225383969 ], 
  [ 15487420717, 35512303987, 1711944005113 ], [ 8288000638360071091 ], 
  [ 379153528381 ], 
  [ 1354220797801, 321585574384420618117, 747678717702401002289274829, 
      8359184400203125305687063649 ],, [ 8377927698759435079470019 ],,,,,, 
  [ 19425280613, 3451177700917, 30695519090055591461 ],, [ 45016095469 ],, 
  [ 10724641055664364869732993948036097 ],, [ 481904640160685831 ], 
  [ 9383171118463 ], [ 5733962012316609497, 24081014663702713037 ],, 
  [ 1056468524191 ],, [ 256439429137 ],,,, [ 100982487256786200790035333541 ],
  , [ 3599633258160019070719 ], [ 57195092607781 ], 
  [ 168121427698153, 57640596904304141896393 ],, 
  [ 447581441259365779, 1155364204798515020233831 ],,,,,, [ 7106440129 ],, 
  [ 10675701079, 167012982623, 12081924621006264887 ], 
  [ 7415223803131, 17687843187059371 ], [ 7356522097, 22390466235677 ],, 
  [ 2129254218254593, 61995911350137713487988893700147 ],, 
  [ 41242586381201, 61429526664001 ],, [ 1329523399, 9611273871037 ],, 
  [ 5759127061, 56559345640669 ],, [ 13785662141, 373062092593 ],, 
  [ 85068699041, 203833945121, 161111733111473, 59530966823960321, 
      812285265155933922289 ],, 
  [ 24075106601274023872842663794173555716601026321058238054611 ],,,, 
  [ 66881795552239 ],,,,,, [ 36580544228127541343021 ],, 
  [ 132290244001, 38481512194750242378283782781 ],,,, [ 30182023419678111029 ]
   ,, [ 21031220689 ],, [ 4862477805655711, 444810628694980334791 ],,,, 
  [ 79085139255902053 ],, [ 1914155085389 ],, 
  [ 1525359066029, 27609706764403 ],, [ 1006674305653501180215361 ],, 
  [ 64370358329597, 5946595021822291, 29818901924042947, 2922685905395496637 ]
   ,, [ 3172289629 ],, [ 417149334001 ],, [ 4131383393, 19882918791713 ],, 
  [ 13556871751, 89078094751 ],,,, [ 8355392231 ],,,,,,,,,, 
  [ 1731424487517913 ],,,,,,,, [ 583325640593 ],,,, 
  [ 16013157337, 131386778935713781, 6734277126888946525633 ],,,, 
  [ 6780721881641 ],, [ 1559996929, 4175761531, 140822401123783 ],,,,,,,,,,,, 
  [ 1340052712089757 ],,,,,, [ 18376721657401, 6382461546129601 ],,,,,,,,,,,, 
  [ 3889778569, 1066557703306369 ],,,,,, [ 2296677091 ],, 
  [ 134753995360260481 ],,,, [ 525226896757 ],,,,,, [ 148101897901 ],,,,,, 
  [ 1061708559732241 ],,,,,, [ 264986351407, 367011267242779 ],,,,,, 
  [ 15232337929 ],, [ 119482589101, 454713164251966201 ],,,,,,,,,,,,,,,, 
  [ 3953999500016701 ],,,,,, [ 622579904197 ],,,,,, 
  [ 5328420679, 12067405057 ],,,,,, [ 1980141697 ],,,,,, 
  [ 70274305921, 1014272141221 ],,,,,,,,,,,,,,,,,,,,,,,,,,,,,, 
  [ 1698636724261 ],,,,,,,,,,,,,,,,,,,,,,,,,,,,,, [ 273451873816975951 ] ];
