BRENTFACTORS[6367]:=[ ,,,,,,,,,, [ 329252000639 ],, 
  [ 3552126023180099, 18581042518583762933 ],,,, [ 79903125130988732849 ],,,,,
  , [ 1182990511, 30085341347240246888939 ],,,,,, [ 73100405228210189 ],, 
  [ 1286884897, 69410043692584348624068271961726004941069 ],,,,,, 
  [ 47105354146220713460934778721 ],,,,,, [ 115842473413712698814092876459 ],,
  ,,,,,,,, 
  [ 1428114413135074317623, 236176683351488565100799, 154692362077559693963107\
32590261 ],,,,,, 
  [ 9068155170125101436107238009, 1490298820462803776241099156103 ],, 
  [ 43493893503354502487122282489 ],,,,,, 
  [ 1228477697, 6102619559, 2324856121166111707 ],,,,,,,,,,,,,,,,,,,,,,,,,,,,,
  ,,,,,,,,,,,,,,,,,,,,,,,,,,,,,,,,,,,,,,,,,,,,,,,,,,,,, [ 9704396379259 ],,,,,
  ,,,,,,,,,,,,, [ 213151760200594181 ] ];
