BRENTFACTORS[185]:=[ ,,,,,,,,,,,,,,,, [ 85957680643297 ],, [ 325416755009 ],,,
  , [ 52257072629, 1316682923107265327 ],, [ 11113060228655608501 ],,,,,, 
  [ 518062860758561 ],,,,,, [ 3749987994270519031 ],, 
  [ 5488996111, 65965461979 ],,,, [ 325660388893382103985453 ], 
  [ 658397430478759018213 ],,,,, [ 22771249296984847, 57065487366938754313 ],
  , [ 1871987560441 ], [ 1311908319229 ], [ 4851449942081 ], 
  [ 10588353427, 52062433245883 ],,, [ 109353760597, 1504842632419831 ],, 
  [ 25026943216808737030189315649 ],, 
  [ 95401696007681443, 18699462180014459047, 
      4632471798119494647522255206905367 ], 
  [ 36706837711853, 1563605845253432639 ], [ 3146207083741 ], 
  [ 5206806014873857 ], [ 7655822071, 413289775204458701641 ],, 
  [ 1674434982971 ], [ 13062822284720599609 ], [ 69865849083683705300317 ], 
  [ 1686427792596574231891 ], [ 2093119405001, 6471643676220139 ],, 
  [ 19846160623, 1953454719164784299, 3055178859797535537853811, 
      88131775215690841827264176099, 83700938114270458928998099114841 ], 
  [ 1159559503, 2424391161194062421186928821 ], [ 2391719859014251 ],, 
  [ 4156471954371661, 379536423815031642278813 ],, [ 16975456068525114961 ], 
  [ 1919955878801, 31706142060401, 40713992416081 ], 
  [ 124598036971, 1666389147769 ], [ 134014859216851 ], 
  [ 2168694053, 6284418926024171 ], [ 4651557050594645017 ], 
  [ 12618011520431 ], [ 110357087303971 ], 
  [ 1002900529955820500161813, 2849399616774562738492248453961 ], 
  [ 157674453441913 ],,,, [ 118809846272074004669 ], 
  [ 164598408344779, 1215625682555464296217071829 ], 
  [ 484261158368276263100933 ], [ 290604891304619668148101 ],,, 
  [ 19214093962837963154321769366978053 ], [ 155114869339 ], 
  [ 1401472617522101, 10637586415434301, 134270992184874226088101 ], 
  [ 455676341749, 826959331151 ], [ 134035463696585085600754383779521 ],, 
  [ 22220376928153, 1029926894545645032004323989183636161 ], 
  [ 17307179172608574974952571, 4234210865246232790522536151 ], 
  [ 611919124963772789, 22336195716472979287 ], [ 10115537111 ], 
  [ 4191595169919155343544177333 ], [ 14138461675567 ], [ 1018931417769431 ], 
  [ 43431839562476928075199 ], 
  [ 1816561155621857, 15388874920490271623967089234457535537 ], 
  [ 45115379843074708693 ],, [ 146244460631, 7692633189341 ], 
  [ 63390074519053, 27290012153400967489, 25011961828847226304304447330117 ],
  , [ 61465305495091146614609737 ],, [ 143960726521 ],, [ 1296319663 ],, 
  [ 615009193904205296029 ], 
  [ 1300242004078001, 6325679060393501, 37337638483530001 ], 
  [ 1151339869, 8878529120581, 12823878152112553 ], 
  [ 2005603813, 2329658791, 1093819887541 ], 
  [ 1633455160193, 1961310547457, 9274782309634358017, 11344867767398912641, 
      14095312204382335835137 ], [ 244561532329 ], 
  [ 2894618351, 32590527470751251, 516755774264432951, 
      103767661043776530591311 ],, [ 6141225817 ], 
  [ 128843449687, 60245890813249597 ],, [ 395356715512831 ],,, 
  [ 779374346791721841413305198027352475064783447 ],, 
  [ 22720397429740081, 6444104490043016935201841 ], [ 62624295253207 ], 
  [ 8696412947625896825273698477125172349 ], [ 94036758260993875150253 ], 
  [ 81432204170769217 ], [ 3543143961497412940105621 ], [ 719667663686617 ], 
  [ 283436165954803 ], [ 6682853172361759609 ],, [ 1160060101 ],, 
  [ 4832763697 ],, [ 1705296127636155176123 ],, 
  [ 2563046606124678757998729038315527239493 ],, 
  [ 5976021736343198999, 169671369033500867287 ], [ 57276263449 ],,, 
  [ 69879195804570499742417259361828622074450071538709527 ],, 
  [ 28265226274941041 ], [ 224042762656557241 ], [ 544873029815341 ],, 
  [ 6255541489, 22488941890693657, 1743533216790174465944737 ],, 
  [ 39099401771 ], [ 1033741206937 ], 
  [ 154022707061, 3500433592861333, 83586049265769358909 ],, 
  [ 9780526081, 4029836932292661257528539, 7625768734848594929067607 ],, 
  [ 16400188993, 68582486369 ],, [ 320985798005433629 ],, 
  [ 16401340261, 3422905810921 ],, [ 31619830243, 113579767177289606201009 ],
  , [ 7292905444855777 ], [ 53908526401 ], [ 15925584679 ],,,,,, 
  [ 401853152641, 18146997139049198593 ],, [ 568135104973003 ], 
  [ 370461650521 ], [ 36952714177, 62870337101605494355553513 ],, 
  [ 969165582067, 185899848863851, 7073354725272991, 
      2566308692388523032917979314941 ],, [ 896590207566401 ],, 
  [ 59209663493 ],,,,,, [ 1777195498801841 ],,,, [ 121322887453 ],, 
  [ 1057317330233, 277527233179127 ],, 
  [ 1757296749139489, 769745556160165009, 418301066663334920804329 ],,,,,, 
  [ 3318598469010493441 ],,, [ 10778026951, 251321713496551 ],,, 
  [ 167496026392955917, 163861326329167174657 ],, [ 3500348186854927869061 ], 
  [ 10679885371 ],,, [ 59277188881 ],,,,,, 
  [ 1203621121, 8549539441, 989311736877142604233351388666641 ],,,,,, 
  [ 99178787047 ],,,, [ 2113723751, 25900695001 ],, 
  [ 15099698603764340576641 ],,,,,, [ 636757699801 ],, [ 65758115903741 ],,,, 
  [ 4673168199481 ],,,,,, [ 88076108971, 706152935071 ],, [ 92953488663169 ],,
  ,,,,,, [ 95048048376121 ],,,,,,,, 
  [ 122786429473, 9361361296168577461537921, 87658349169661247546929526977 ],,
  ,,,, [ 66628524691 ],,,,,,,,,,,,,, [ 1630003115357 ],, [ 163682835571861 ],
  , [ 166410155665729 ],,,,,,,,,,,, [ 2285824688929 ],,,,,,,,,,,, 
  [ 242670201313, 198870219252433, 368790619486129 ],,,, [ 847854566681 ],,,,,
  ,,,,,,,,, [ 12296379391, 2177622944377, 4683549025213 ],,,,,, 
  [ 548830495184761 ],,,,,,,,,,,,,,,,,,,,,,,,,,,,,, 
  [ 15045144271, 55873668775986176701 ],,,,,, [ 2704179853 ],,,,,,,,,,,, 
  [ 1129349123758856505889 ],,,,,,,,,,,,,,,,,,,,,,,,,,,,,,,,,,,,,,,,,, 
  [ 121213108589851 ],,,,,,,,,,,, [ 18170727961 ] ];
