BRENTFACTORS[310]:=[ ,,,,,,,,,, [ 12427151881 ],,,,,,,,,,,, 
  [ 4685931455611127, 48230049084197641 ],,,,,,,, [ 2624372377819 ], 
  [ 90193790881 ], [ 799160405345719693 ], [ 8085079862633 ],,, 
  [ 1424633824690506813119978406828661 ], [ 40654146054629, 3032641234750429 ]
   ,, [ 368892346676281 ],,,, [ 492068307053555602393 ], [ 30032593915501 ],, 
  [ 561578867696298251, 88948261463193141690027782522836557331190257 ],, 
  [ 5279301161, 1772635564589 ], [ 432167861701 ], 
  [ 1687572166321, 104580004355082417685421309017 ], [ 533292053039216641 ], 
  [ 1097873940935269 ], [ 6416459765590786003 ], 
  [ 11305477585791939347257029032617506704441 ],, 
  [ 2078428320637, 1921977554269249, 2442645061475813079779574319 ], 
  [ 1183473793220503876044057977 ], [ 44435293867, 278670260671864483439 ],, 
  [ 18133135203941 ], [ 19001291839, 4339972939667, 28910506154904517905239 ],
  [ 9109671763831795974246176696071338039133 ], 
  [ 495413675759489, 202275795257920449987407162113 ], 
  [ 8316966061, 86690336780077215641, 4488024029462467069715859721 ], 
  [ 20700515551 ], [ 6585120863 ], [ 3384262421 ], 
  [ 1907753688213627980153064947899593369560880397 ], 
  [ 1870104671, 16099457841923138971 ], 
  [ 6022877871166397, 15059136485224576709642476618104583 ], [ 352204429249 ],
  [ 511422193799226507103 ], 
  [ 34351403810179, 1021670159363341, 1856236725208108753 ], [ 7361312551 ], 
  [ 1833130057267865333086481492753 ], 
  [ 190881955862775365189, 33329279190121476398453 ], 
  [ 395407936873, 12217630109413 ], 
  [ 2278211797, 187164918265189, 120578569132608611 ],,, 
  [ 29948518194726409580462079060286891328717 ],,, 
  [ 13393267334783081, 309541676097608711 ], 
  [ 330405715379, 53043909753329491443479, 87888267798814225133861 ], 
  [ 57252803478205171, 95380860830952947407, 
      9088155433247296566824968616948379808046929100611 ], 
  [ 10622447089, 6957659476912060647381344489715304793 ],, 
  [ 3070236448747859401 ], [ 61432582121 ], 
  [ 51067874127833, 197689686786877632904138264130813 ], 
  [ 252061131296140443663889 ], 
  [ 1372337867, 111809785832305688629, 173463869386041118287225313 ], 
  [ 508228015861, 8508308967091 ], [ 106132241953, 1112212384923305839036033 ]
   ,, [ 5986607047, 6937774779003409027079 ], 
  [ 5237069707, 9290349487, 176928892196231737, 1004900600101472810011 ], 
  [ 1093413990601 ],, [ 31857424638044053933 ], [ 1625425903 ], 
  [ 220459928555249236189842089173481701987375709057 ], 
  [ 10048812061, 5720117496395286986177179544220759083716741, 
      233069312038531948828396661504013238418191416290925426241 ], 
  [ 6354491092657, 5116413651471838285693443455587 ], [ 177309667901 ], 
  [ 765439033357 ],, 
  [ 407979916350556441, 15366525586580055295191449647713601 ], 
  [ 96022854188671548100293559 ], [ 2255576685208972905473 ], 
  [ 567094619303, 12872256781339 ], [ 158624411713 ],, [ 13807210649 ], 
  [ 28016690599, 16611698999163997, 14391773056810210310731 ], 
  [ 30322471093 ],, [ 186108447703854873872948521 ], [ 2366166834043 ], 
  [ 452206481398809217, 571869346987472944727981, 
      112602580928024840081011514827157840268720371659 ], [ 13502406824029 ], 
  [ 189523279590662456918464309 ], [ 8289085686932251 ], 
  [ 113794503568579, 1363663095142812157 ],, [ 820271931119617 ], 
  [ 1587024216993220371481, 3595886767745818612807483 ], 
  [ 25864494241, 365614023682824308535299137834001563441 ],,, 
  [ 2903036221, 367142061791 ], 
  [ 3039358521136988527, 1136042130934423561903 ], [ 13728792930211 ], 
  [ 1226838437597753369 ],, [ 10894796253638570605873643768075009661403189 ],
  , [ 2301923681, 1822591797951145045301 ], 
  [ 3340334736511867, 155282258806306534717, 246065069668333221098257, 
      122265437195935506426579559 ], [ 2349436577 ],, 
  [ 213918482161, 626843595746686904862753525553113409 ], 
  [ 9788855171, 99598120829294071 ], [ 3278454963174024466471 ], 
  [ 429109495251721898671, 1392137638107760380313 ],,, 
  [ 100790953390657615686844211401 ],, [ 25516757892010249769 ], 
  [ 32928224448759643657 ],,, 
  [ 3291172914277, 5465124641341, 5408773869525039760032609000757 ],, 
  [ 29310799528519, 842495010760995018240661 ], [ 8142812317788163 ], 
  [ 315788511335898015078401 ],, [ 1835984233, 1926703000477 ],, 
  [ 451415294249, 808157551309, 47952704105662067416229377 ],, 
  [ 21340418703370381, 1749185671873033288149071 ],, 
  [ 1400320616280077521, 181883789148876202459391973619513 ],, 
  [ 5924327360196215099711 ],, [ 30085073207557, 402428766494705413 ],,,, 
  [ 32124216884497, 1430920382142593, 53949813906540641 ], [ 16001830849 ], 
  [ 5456735783 ],, 
  [ 68958752761, 9345089784241, 5847890029290901, 1918647640838896319050303455\
07355341 ],, [ 35172608927 ],, [ 50188496513 ],, [ 876883302278098519 ],, 
  [ 2435203669, 12821848349, 55752596057, 1630027046030161 ],,,, 
  [ 19609139521, 264686125123789195832833 ],,,, [ 133474479107006129 ],,,, 
  [ 491336861425554940143401, 308264668000857177237324467201 ],, 
  [ 44013575497019 ],, [ 78505963009 ],,,,,, 
  [ 302450056226201676186731677599439148211458239609079041 ],, 
  [ 3472985417221 ],, [ 1591391099 ],, 
  [ 166325985817489, 273147724043569, 47234630557918259353 ],,,, 
  [ 4262025461, 492380344267648497761, 839682246064463815421 ],, 
  [ 2670656449 ],, [ 20439953042187617, 24640919157087933643777 ],, 
  [ 2968918157 ],, [ 109907972509 ],,,, [ 17571133409, 3421069245233 ],,,, 
  [ 14902520016425441 ],, [ 1184964935133547 ],,,, [ 3356456578534570504489 ],
  , [ 4653185855741 ],, [ 70307255621767, 111642590268050486452609699 ],,,,,, 
  [ 588995656957, 12405759798149929 ],, [ 23570258508869 ], 
  [ 364269345994471, 44022916628098711 ],,, [ 28071877494019 ],, 
  [ 9148478274517661, 1809566658013996302721 ],,,, 
  [ 895068657913, 457564353964214641, 88932833386446791664509101153 ],, 
  [ 58008408053, 2177516730187, 597465565304161 ],,,, 
  [ 39437371213490071, 3343313561972656606213681, 23894999073277188848781211 ]
   ,, [ 5983528897 ],,,, [ 7459579787173, 69910764551372697457 ],,,,,, 
  [ 5040765511 ],,,,,, [ 1801258668289, 117808077625633 ],,,,,, 
  [ 228514263532968162702532651 ],,,,,, [ 3943367401, 4391292601 ],,,,,, 
  [ 3223592803, 81040532156587 ],,,,,,,,,,,,,, [ 170123349825281 ],,,, 
  [ 12409819635570013 ],,,,,, [ 207936222729119030851 ],,,,,,,,,,,, 
  [ 473705143921 ],,,,,, [ 94855628113, 15067204587065048581 ],,,,,, 
  [ 332867382338053 ],,,,,, [ 5150468917099081 ],,,,,,,,,,,, [ 1541899072561 ]
   ,,,,,,,,,,,,,,,,,, [ 6467067361, 68889571921, 255902264671 ],,,,,,,,,,,,,,,
  ,,, [ 115385902249153 ],,,,,,,,,,,, [ 292175132341 ],,,,,,,,,,,,,,,,,,,,,,,,
  ,,,,,, [ 86029663660201 ],,,,,,,,,,,, [ 1909926019 ],,,,,,,,,,,,,,,,,, 
  [ 109101802081 ] ];
