BRENTFACTORS[950]:=[ ,,,,,,,,,,,,,,,, [ 32826863933 ],, [ 17763793408003 ],,,,
  , [ 1954485961 ],, [ 687451282519 ], [ 636073136749 ],, 
  [ 127872211517, 393344714613196739 ],, [ 774628490750291230579259959 ], 
  [ 2722336793356097 ], [ 9109450339944967 ], [ 1572974743 ],,, 
  [ 209919961484203, 236862184038975336180174054888181 ], [ 30047752369039 ], 
  [ 32994407283984221919076984921 ], [ 792250617001 ], 
  [ 7724207219, 2698135276487807346948371680303 ], [ 30608665921 ], 
  [ 148925409833, 241767269443633 ],, [ 16821261982313435840841171442621 ], 
  [ 33850602670383692581699 ], 
  [ 2459173763, 993670612436461, 495154009241286847269027229529 ], 
  [ 1071174437811591457 ], 
  [ 47647062569, 12361202544967122663727, 456445173961101946225506966681471593\
3 ], [ 64355970401, 107161602396222435601 ], 
  [ 5187061406299, 62127188388778927637221 ], 
  [ 1090229428913, 39140946092301901565321033 ], 
  [ 2907833360520876695221, 396565792620530052058103919473440187 ], 
  [ 284056973227, 1489725953306443 ], [ 307987829471839237518909931601 ], 
  [ 31771324078523568673 ], [ 2514752862098124809188027513 ], 
  [ 268489109567153 ], 
  [ 7125083671, 1213652100457, 152567492348027, 414350622357469822052417, 
      504523932867483722461863293 ],, 
  [ 24886689627769, 91424663074837128257785093 ], [ 2179469039591 ], 
  [ 7017265391520565941103 ], [ 150241988192641, 3731409516405447937 ], 
  [ 21234995792275201, 1075868147086373336671 ],, 
  [ 11272000312211, 5637315189245101 ], 
  [ 19587393972280384301, 5475971895663085222768478749 ], 
  [ 3904176079, 1404143182523441382061323014585320846521287025391 ], 
  [ 6327331304388049893001 ],,, [ 23068847677, 161922069566847010387 ], 
  [ 64948643327461, 4880957755951339, 9477011652636357012702405582917717 ], 
  [ 16229914706816440393711351 ], 
  [ 4091174468051453, 180152903560355729, 3987659948678768776056597373 ], 
  [ 36046527287, 115584138209, 183291200401, 20368654160389738127 ], 
  [ 1327938613, 16517583741361 ], [ 207814954951, 43341443684813 ], 
  [ 51777587201, 1367948652401, 8762457565166860350161 ],, [ 417091953353 ],, 
  [ 91337705203391031169, 217796378546114082961 ], [ 113720115734881 ],, 
  [ 10286688822522038712823 ], 
  [ 169858746783248953, 246574460899595327920027786646419433410490704177 ], 
  [ 701203078252918784339 ], [ 392282168136175724116328466962131 ], 
  [ 1399734701, 98505243929 ], [ 119040566007507853 ], 
  [ 462227390570713, 10135904708823285787 ], 
  [ 87018787227059614202452212435449805535189632623 ], 
  [ 14563480362316311184921, 1016209973461260539715698291 ], 
  [ 746324059241153089, 3546011669722737666817 ], [ 704695275169 ],, 
  [ 214506021846997 ], [ 70089743679617540552438372937658601 ],, 
  [ 23501817162951612411197363017312293001 ],, [ 4248373067035035518113 ], 
  [ 488111462250914076970885412161 ], [ 587127854662676647 ], 
  [ 13229727267289109 ], [ 42856810854266394647257451934781 ],, 
  [ 96620797941361, 5102222268307016029519356374373753784886656551001 ], 
  [ 392788466818571598031 ], [ 2682378161 ], [ 20577027177547 ], 
  [ 4657502415217 ], [ 11494813961, 123662558081, 94801726180870403731901 ], 
  [ 102995915030797 ], [ 1908597024204859, 3368881180922034961 ],, 
  [ 17975650317857, 6485004434044819838883979043749115461 ], 
  [ 209836099708546520281 ],, [ 4936892993 ], 
  [ 343633057609, 36411360740471784667 ], [ 64466667166671673 ], 
  [ 6638950788684001 ], [ 110413381303 ], [ 18540199141 ],, 
  [ 35414039638741, 18187547877951229 ], 
  [ 465195653651, 347828780139534461, 3346107960690798546598841596585240006724\
237107982071 ],, 
  [ 165894531912649, 14402931751275673, 336046697703654501661021 ], 
  [ 515307815051 ],, 
  [ 2167477975951690681, 73600807821048679051, 377456150309666611321 ], 
  [ 86320704378281 ],, [ 3936204974968297, 6823715845927369 ],, 
  [ 248292028676207016073707836184408521 ], [ 4437726664880095261 ], 
  [ 62299646334403369 ], [ 90433794023, 129942104161013 ], 
  [ 836877109116872376245317130497 ],,, [ 3931464559160293 ], 
  [ 61747785894733, 43846952185641231581 ],, 
  [ 180231348780368251, 1539540673197116710914601, 
      264780498669213525765943801 ],, [ 32493696114042313729 ],, 
  [ 13025747197, 345736941299219438696113 ], [ 3305654621, 1925506532903221 ],
  [ 51033273409 ],, 
  [ 50448336265633, 903006160522455967, 63607271095903142942809 ],, 
  [ 66400383700396961 ],, [ 4036516680709, 18988064130097 ],,,,,,,,,,,,,, 
  [ 6067151585521766511285889 ], [ 2708442673, 186942210868311433 ], 
  [ 20054518459477 ],, 
  [ 9538168737534669208261, 9423786403773401420418081452299341210230052047461 
     ],, [ 504799171423, 43724362730426105729 ],, [ 19622991151059092673113 ],
  , [ 5820840799, 19113592129842261965293 ],, [ 293447307781, 2619469535297 ],
  [ 3165735259, 5767182667, 1413120187333 ],,,,,,, 
  [ 53318799829, 20604434660657, 82659988833532489, 1309110533296792392433, 
      262236793265052615612401 ],, [ 15919219548876069897278347 ],, 
  [ 306440924340456149769601 ],,,, 
  [ 1519087572433, 4880183755367566231337237557, 
      451215019886259178620924428353 ],,,,,, 
  [ 135860270911, 295263009559735964470550437228785464431 ],, [ 6882805781 ],
  , [ 1461049049, 18744147437 ],,,,,, [ 2766353320501 ],, 
  [ 2174827960304656963 ],, [ 232475265569 ], 
  [ 7828730967411001, 13840627242603357901 ],,, 
  [ 355727477311189, 985830271856329, 1544250646635937, 
      3265006987127160202700169477709, 
      355903703675104933028901423244465546204284689643975607942097353 ],,,,,,,
  ,,, [ 1142702084833 ],, [ 513800685255156778832822641 ],, [ 10043336623 ],,,
  , [ 458118749149, 44770347215299, 4624380153443971933942093 ],, 
  [ 2001556169 ],,,, [ 239243057826967996201 ],, [ 72940285921 ],, 
  [ 8267411300353 ],,,, [ 2562601919315011081 ],,,, [ 1352721679849 ],, 
  [ 3087337247, 3397582103833 ],,,, [ 1456588457409871 ],, [ 2609382497 ],,,, 
  [ 424716007189, 187903819115815799161681 ],,,,,,,,,,,,,, 
  [ 1656314411, 4338544323431, 316317930006084001 ],,,,,,,,,,,,,,,, 
  [ 4315640425399 ],, [ 40466549509 ],,,, 
  [ 10786492995930601, 520401861916828009 ],,,,,, [ 7395610669669 ],,,,,,,,,,,
  , [ 3896726792397781, 24425369497711381 ],,,,,,,,,, 
  [ 20495311861, 45580221161 ],,,,,,,, [ 39296405341 ],,,,,,,,,,,,,,,,,, 
  [ 170126724457 ],,,,,, [ 18138781836073 ],,,,,,,,,,,, [ 1862932993 ],,,,,, 
  [ 9700249181152921 ],,,,,,,,,,,,,,,,,, [ 5574610081, 14118612337 ],,,,,,,,,,
  ,,,,,,,,,,,,,,,,,,,,,,,,,,,,,,,,,,,,,,,,,,,, [ 31129085527 ],,,,,,,,,,,,,,,,
  ,,,,,,,,,,,,,,,,,,,,,,,,,,,,,,,, [ 3427426441 ] ];
