BRENTFACTORS[9461]:=[ ,,,,,,,,,,,,,,,, [ 221491609741 ],, 
  [ 14085685531, 287097663766906621 ],,,,,,,,,,,, 
  [ 25681706854229, 12777471611518408175105039879803, 
      1140623953791481172817588281054119937553754390579074613423 ],,,,,, 
  [ 14405499784753277747, 981454323510552903409753, 
      594956878379496203296034531 ],,,, 
  [ 3079903601, 359704153528603243745247582191 ],, 
  [ 3600391721, 94811761754102411 ],,,,,,,,,, 
  [ 20977495674011, 95905995725269 ],,,,,, [ 1149225497341 ],,,,,,,,,,,, 
  [ 8293723846321 ],, [ 33283777973 ],,,,,,,,,,,,,,,,,,,,,,,, [ 20421814879 ],
  ,,,,,,,,,,,,,,,,,,,,,,,,,,,,,,,,,,,,,,,,,,,,,,,,,,, [ 9577452037105787 ],, 
  [ 461201195353 ],,,,,, [ 231314340600851 ],,,,,,,,,, [ 4497993205351 ] ];
