BRENTFACTORS[5309]:=[ ,,,,,,,,,, [ 27952312433 ],,,,,, 
  [ 883427990278526206802699 ],, [ 5484996772308160451952809 ],,,, 
  [ 1691300284267267 ],,,,,,,, [ 1079302151393 ],,,,,, 
  [ 160225649915085985854999679 ],,,, [ 705882678168887 ],, 
  [ 4953792211, 9830955583 ],,,, 
  [ 1524392697405108529166719658871281681349150316111 ],,,,,, [ 2401531337 ],,
  ,,,, [ 34049917624213, 14622751716183055079 ],, [ 100676660309861 ],,,,,, 
  [ 36545035356534659729 ],,,, [ 89242993399434051236411413081574089 ],, 
  [ 466605550351052252846622281 ],,,,,, 
  [ 10766961193, 4968002500982646331, 467614175364665645384729 ],,,,,,,,,, 
  [ 440932969129829987 ],,,,,,,, 
  [ 3924329945236916236603, 39443456722986165566363 ],,,,,, 
  [ 10648909462801244321 ],,,, [ 4338246330752894221 ],,,,,, 
  [ 48606629771985559 ],,,,,,,,,,,,,,,,,,,,,,,,,, [ 7067346859 ],,,,,,,,,,,,,,
  ,,,,,,,,,,,,,,,,,,,, [ 275014737568541 ],,,,,,,,,,,,,,,,,,,,,,,, 
  [ 135233411153 ] ];
