BRENTFACTORS[4759]:=[ ,,,,,,,,,,,, [ 91830555863411 ],,,,,, [ 8625805667659 ],
  ,,, [ 5964148029098064287 ],,,,,, 
  [ 9824917500302259659, 18749617810814093098711067795999230237, 
      543526819116874734527771841159872869921229 ],,,,,,,, 
  [ 14821198288752259, 555716975185697263919027659 ],,,, 
  [ 1302331078180727501383, 1316307480101518042859017217 ],,,,,,,,,,,,,,,,,, 
  [ 1642899847553, 13565417107845611, 12302417933359474066556447 ],, 
  [ 14807309093, 9277569933130653157728391534533863 ],,,,,,,,,, 
  [ 1804041983 ],, [ 118276044334493 ],,,,,,,,,, 
  [ 1787531514194201, 189393727456045563941623191001577 ],,,,,, 
  [ 9140754257, 1718566816298234593 ],,,,,,,, 
  [ 1606154654189, 271076894049400039 ],,,,,,,,,, [ 2238506192142462677387 ],,
  ,,,,,,,,,,,,,,,,,,,,,,,,,,,,,,,,,,,,,,,,,,,,,,,, [ 5426659695767 ],,,,,,,,,
  , [ 58696536177957970829 ],,,,,,,,,,,,,,,,,,,,,,,, [ 487578605489 ] ];
