BRENTFACTORS[1327]:=[ ,,,,,,,,,,,, [ 9291383947 ],,,, [ 538958077297303 ],,,,,
  , [ 3760769814574631797 ],,,,,, [ 5991723467 ],, 
  [ 772693809594659, 13178201841379719977539889110051 ],,,,,,,,,, 
  [ 4909661365611241, 90148199392173891596643783663647 ],, 
  [ 251867852647, 852629138083876915712830576462274323 ],,,, 
  [ 5813364499703918925693014849 ],,,,,,,,,,,, 
  [ 395112763973, 1284056260822843715863, 1885380483352098523965221, 
      999206383824758220595247299 ],,,,,,,, [ 2489750687 ],,,,,, 
  [ 1005935607575092080264082379, 6136210089705844314993565358673747311 ],,,,,
  , [ 1079336086166231 ],,,,,,,,,, [ 36746034642018135829 ],,,,,,,,,,,,,,,,,, 
  [ 4551585047 ],, [ 457920087917 ],,,,,,,,,,,,,,,,,, [ 3585420163113253579 ],
  ,,,,,,,,, [ 528894842650521821427430439, 529291778028554482897212143 ],,,,,,
  ,,,,,,,,,,,,,,,,,,,,,,,,,,,,,,,,,,,,,,,,,,,,,,,, [ 1242168883 ],,,,,, 
  [ 5177819951 ],,,,,,,,,,,,,, [ 12817518863114659 ] ];
