BRENTFACTORS[1571]:=[ ,,,,,, [ 1082357389 ],,,, [ 1097195652037 ],, 
  [ 5756459839041459367 ],,,, [ 6095129812669 ],,,,,, [ 45313872511 ],,,,,, 
  [ 173666765420313570181397 ],, [ 1841974743018089213857 ],,,,,, 
  [ 276878324521, 309768642064710766910142241 ],,,,,, 
  [ 980698329961641802763135424847 ],,,,,,,,,, 
  [ 2777976450749953108897635395148793 ],,,,,, 
  [ 315310672003, 384306208403982510853228395811 ],,,,,,,, 
  [ 25555255826537384969837, 44723121238488005924399, 
      339470872420625714498771 ],,,, 
  [ 23359456414271, 2465324952957552263286893 ],,,,,,,, [ 2082780017 ],,,, 
  [ 975403722229649, 1370649723611599 ],,,,,, [ 229654670142781053607 ],,,,,,,
  , [ 4178234411903 ],,,, 
  [ 89440977029, 5920224134103277, 709328260990088983, 759004823452022837 ],,,
  ,,, [ 54854526323688185375280709417 ],, [ 107376873358827719 ],,,,,,,,,,,,,,
  ,,,,,,,,,,,,,,,, [ 15788388929701763, 1494214032720711294105427 ],,,,,,,,,,,
  ,,,,,,,,,,,,,,,,, [ 28168262764386359 ],,,,,,,,,,,,,,,,,,,,,,,,,,,,,, 
  [ 6709224173501 ],, [ 28407075677 ],,,,,,,,,,,, [ 3058005277 ],,,,,,,,,,,,,,
  ,, [ 339369633836134081 ] ];
