BRENTFACTORS[868]:=[ ,,,,,,,,,,,, [ 690086815289 ],, 
  [ 552005339881, 583060868821 ],, [ 1745462489 ],, [ 466658059886537 ],, 
  [ 626217890383 ], [ 11439389083 ],,,, [ 1152238049 ], [ 345581912741743 ],, 
  [ 10721181756695381398859981 ],, [ 319037084816492419904671 ], 
  [ 209651462431937 ], [ 1341810163, 390780315427984351 ], 
  [ 5420419152310307 ],, [ 109929775586437 ], 
  [ 249099037557163563404461613, 29564364338523334568079781484747 ], 
  [ 143069841073410009559 ], [ 1244581183, 161335736719 ], 
  [ 20361291370911121 ], [ 1028708655847938713, 2839563714772006049790323 ], 
  [ 5082485240122249 ], 
  [ 63204256319, 20803892426207919257, 1565918405261703287295068389 ], 
  [ 1038008196662326957 ],,, 
  [ 8875142210826187064963, 173295067333528814019131777625979 ], 
  [ 57467978911537 ], 
  [ 363818270537, 517781671709, 453293818032049, 19503910797233980493686563049\
7024501474113 ], [ 20798451451, 41559176651 ], 
  [ 7003686897469939, 389026405448591617808224731087499 ],, 
  [ 3861957679, 680856489581, 23937511910511465733, 
      39886319159953348059158476845379298753 ], [ 15355004167, 22735846207 ], 
  [ 7268173787639710176331, 623920573534920772829951, 
      1181938984223318033508401 ], [ 43325865441041, 532041276702534649 ], 
  [ 3737959414330150503799714067353 ], 
  [ 22449921650994329, 292300955366902753 ], 
  [ 3137075961473, 4087383091681, 7971824753120054791217549149709 ],,,, 
  [ 8428467545355439, 5113669837227247545481 ], 
  [ 3849886273, 265539510603057368421708513122369 ], 
  [ 111027224382993876921691642402489911906211780129597076865341 ], 
  [ 872885213126569238965718053 ], 
  [ 182918550631386765191, 7705515323086586969033579 ],, [ 3439547329 ],, 
  [ 5335900870123, 2344086171371573, 9538083683344281031, 
      40462384005206464425409, 304798952125735143207894107963 ], 
  [ 202112550133993, 15459006188931064273 ], 
  [ 3449552927809, 17742631518319171 ],, 
  [ 2437191901, 19978899748234367684335327076101 ],, 
  [ 17145646739453, 276217332428269 ], [ 554485881582989638812481849 ], 
  [ 53319906186539112599 ], [ 277115533139818922884220956241 ],, 
  [ 1321450189451426141, 2460884944069971257 ],, [ 231608943319909 ],, 
  [ 52529283407, 924588106810632862441 ], 
  [ 13336545903108137394036326080590104443 ], [ 1529396441 ], 
  [ 23798346029892277 ], [ 1482733171, 1652920808401 ], [ 41481987461007913 ],
  , [ 707987341088827, 75541753190944567 ],, 
  [ 10885047160241, 26763168792644817253381, 1784240472300574372374098189911 ]
    , [ 333285879841 ], [ 3438345809 ], 
  [ 11095426231, 83005571931787, 219361293941161, 10606596864963975671251 ], 
  [ 148012834069, 1653513532507, 5109142440799 ], 
  [ 15712090171773518221989080538001, 641385807719208478035543069437086860401 
     ],, [ 365502183252439, 2970714067246609, 438602934816897667 ], 
  [ 15748388941 ], 
  [ 152287969839617, 4236687675247827281, 109330429356976180880191362777631417\
3381273 ], [ 11529765031, 894208945141, 640704200353666930736123960205031 ], 
  [ 22126313458603095895487, 63192901076294743988808391 ],, 
  [ 89160632927396940674152237231388910430228357 ], [ 42542679727 ],, 
  [ 36073196917 ], 
  [ 20083910113, 103322427486605377, 21007153611929960953831867361, 
      1835508399097984727129582698529 ], [ 3960502649 ], 
  [ 322991533062234301654423 ], [ 638855316301 ], 
  [ 12821569051910973963798842249, 107897711215445966030885739247433 ], 
  [ 7003877866039883751231051252901 ],, 
  [ 4113142476349271, 31519745471758237 ], 
  [ 152801516380466464925604239316080936037241 ], [ 16035179183 ], 
  [ 14602796101, 108327198236557 ], [ 7969573024507, 15298344524578308649 ], 
  [ 2517888697 ], [ 13714265251, 7867711935751 ], 
  [ 1951343101, 2752958319161374927, 37341695366877732013 ],, 
  [ 13222177921, 10191507213697, 4519714907463169, 17299257475121044627747969 
     ], [ 434261617364167 ], [ 1104475451, 2407639226938522331 ],,, 
  [ 988116966509 ], 
  [ 306733610193659011856263, 74082329694003202306952849659, 
      562105452532647292956769604051, 137477649510824441674540067134249, 
      1491793005662207849302584203078011 ], [ 3107958121 ], 
  [ 36833597552173529 ],, [ 2262325771243, 181955653817063066127173939581 ],, 
  [ 4738371220241 ], [ 9671849599, 816164427919, 416367205857414037399 ],,, 
  [ 133558709551946241124266119036090902257839428032585565009 ], 
  [ 309576107703512071 ],, [ 505960151695019477398279 ], [ 270363738517 ],, 
  [ 1024812359883187344623863359739957026683851 ],, [ 1101457817 ], 
  [ 145442365489 ], 
  [ 5060887987, 245024091993913, 295803794257511, 60618268707847763683 ], 
  [ 16599724805359991 ], 
  [ 43795223257612357148865559116628196219064977621095949231272693 ],,, 
  [ 13108020421 ], [ 12472754081 ],,,,,,,, 
  [ 15839442218808863889058609, 6273053249223471295729933520056808176069738612\
42249 ],, [ 1018719391 ],,,, 
  [ 309799145059598768870754481, 675995028565362298178813923, 
      41225172405646306146083799768679 ],, [ 12880822558376000442462161 ], 
  [ 1402201357444669 ],,, [ 20114494962153989401 ],, [ 1833385598685733 ],, 
  [ 8338562727697 ],, 
  [ 11462010936867241, 7759059218439270996732931, 4237043688075355494364433629\
219 ],, [ 2659262821, 64862840145563174653 ], 
  [ 743178755971, 8806769866930267 ], [ 33024765927543911 ],, 
  [ 1092415365043039736833, 2025880245433010396491821121 ],, [ 2058362699 ], 
  [ 1850875261 ], [ 58497212537, 48943940065693 ],,,,,, [ 211101868362693521 ]
   ,, [ 169599502017474144709 ],,,,,, [ 16279612651, 3935507446876111 ],,,, 
  [ 27651867049 ],,,, [ 99660221622176539 ],,,, [ 3041379837091537 ],,, 
  [ 4889443051 ],,,,,,, [ 1922276390273 ],, 
  [ 2104269947029550738022387722947 ],, [ 6245507465455103149 ],, 
  [ 5384578879 ],,,, [ 348851004795899 ],, [ 28593918361, 72392912173 ],, 
  [ 119425897763582547223, 34240682153650013004121 ],, [ 1372809953 ],, 
  [ 1029305022299162824751 ],, [ 78837353533, 41856020845322797 ],,,,,,,,,,,,,
  ,,,,, 
  [ 1404277139341, 270049426373341, 33163534137924181, 46077889778790815885759\
6851 ],, [ 98912129249 ],,,, [ 77973542461 ],,,,,,,,,,,, 
  [ 30287401528596898073657761, 67259883514913257910857057 ],, 
  [ 58330754861 ],,,,,,,,,, [ 287803035713467801 ],,,,,, 
  [ 1121063743, 35959841571781, 54063986879775576601 ],,,,,,,,,,,, 
  [ 392439839947 ],, [ 207853327681 ],,,,,,,,,, [ 3823267801 ],,,,,, 
  [ 6924511777 ],,,, [ 44623375481 ],, [ 5689593397, 1165644174601 ],,,,,,,,,,
  ,,,,,,,, [ 3136001761, 26090308910881 ],,,,,,,,,,,,,,,,,,,,,,,, 
  [ 217595705473 ],,,,,, [ 16330654861, 16640618473985719981 ],,,,,,,,,,,,,,,,
  ,,,,,,,,,,,,,,,,,,,,,,,,,,,,,,,,,,,,,,,,,,,,,,,,,,,,,,,, [ 5330599249669 ],,
  ,,,,,,,,,,,,,,,, [ 3484344961 ] ];
