BRENTFACTORS[595]:=[ ,,,,,,,,,,,, [ 290958161321777 ],,,, 
  [ 1063527062518555049 ],,,,,, [ 960790275337 ],, [ 4994709800651 ],, 
  [ 9587093425453, 21587638528387 ],,,, [ 102338788751 ], [ 1955595617 ], 
  [ 47209353973 ],, [ 29085025507810411577437190941 ], [ 1188242101 ], 
  [ 9252737779, 49328039029, 7792863155787949, 1684345213311702113 ],,, 
  [ 10379333201 ],,,, [ 166594299491352151277 ], 
  [ 214602528622499037650848411 ], [ 1241446483, 11971613851 ],,,, 
  [ 3890971001 ], [ 39665952107107, 229656503655135855187 ], [ 83562711389 ], 
  [ 130083121984641697607 ],, 
  [ 9097288421906759911, 11098491066642417228729753382481 ],, 
  [ 3190065649, 28774731084641401 ],, [ 309617004139096823392963 ], 
  [ 1579518214127812201 ], [ 83166786179865503399 ], [ 6098160494957 ],, 
  [ 31442576444353, 281027855136018113, 42180072982528705300481 ], 
  [ 497309786366181672321813961, 2453164198243796555930869991 ], 
  [ 57369255439 ], [ 11916414311, 15515826233, 1739677573163899 ], 
  [ 24483437879359652201, 495209721166253364181314617 ], 
  [ 101016363057853, 950180826168088177543, 22661264978451180151058258467 ],, 
  [ 5732028416453943061 ], [ 785399482326889, 1087573648560769 ], 
  [ 35539532819035573615876152073 ],, 
  [ 2552794289822180583723797936146244251 ], [ 98004594869 ], [ 1165405781 ],
  , [ 5451016709624158647376353433 ], 
  [ 8793410401, 675885688481, 2657383925761, 17352914607121 ], 
  [ 25950661871504197230486667, 170268257779749810534586900087477, 
      15594142812253458503197391162752989619 ],, 
  [ 95243327843, 265034265029 ], [ 3201088774477123272793 ], 
  [ 39323010421, 386773636929568561 ], 
  [ 4029740959, 649168712057, 8446946952229, 40182034382586559 ],, 
  [ 604559269047188810612753, 971297718024918332955457 ], [ 19829335637 ],, 
  [ 222018245723 ], [ 47868823545333927568245585582717118829716165489 ], 
  [ 2741638327, 14824848916419259, 122671658302413257875039 ], 
  [ 13943160578725741835781965699549567 ],,, 
  [ 79267608894191, 149693441392872901 ], 
  [ 5824807577, 148903094502966223291537, 14323395065651709390734753 ],, 
  [ 14653020101, 42323049779401, 16201354602320401, 
      13286110679187148914461044078201 ], [ 5805993283, 377286669449309839 ], 
  [ 908929600531, 10973351677665795331, 13031632311305597521182169 ], 
  [ 7404558349, 287421853909031 ], 
  [ 151650787637356697, 120009158884748073493265717057 ], 
  [ 255776704260964114986031, 14640918901821975772949179534761926551 ], 
  [ 105890351269, 1074756706502596941023, 12342968105465949653671129435876747 
     ], [ 172466261327 ],, [ 315366200447 ], 
  [ 64283965337351, 114285172029458064494353891, 7717756950651530968524000971 
     ], [ 4328470811613803318539, 1142398983559565415696127 ], 
  [ 502871582316209, 89216402488965361, 
      10875544065692958022740727260928938232433 ],, 
  [ 530529438343, 10719070083068398260365799403 ],, 
  [ 827479272929, 121116800975029, 141307326335265073 ], 
  [ 1222578163, 5621644396541994921111259 ], [ 3764738671 ], 
  [ 10760646913843 ], [ 83421706214627374921 ], 
  [ 297864347947, 115757401402061 ],, [ 15637084517137, 495958171864381 ], 
  [ 7014953914392469675028289577 ],, [ 516852538903, 563008021715539 ], 
  [ 3315249403 ], [ 10631579047553, 4066756148893441 ], 
  [ 1371714277, 873716668205087149 ], [ 604400767251842660214730608313962071 ]
   ,, [ 206494196726023246620404089, 3654481880501752114050863803837 ],,, 
  [ 658053597615292671301, 9892233265008161396986051969819801 ], 
  [ 194330297816946812907721 ],, 
  [ 51150792271, 1989731396908267, 72900287040975607, 670884021017197850371, 
      202940063122708968891271 ],, 
  [ 116015358550257222474143458790240191971998281 ], [ 5186152474021 ], 
  [ 1815111435659, 23396571605760037, 1888795690896835181, 
      11388448327962370283 ],, 
  [ 55079918209, 63912650734081, 4696011132089842162898420873617 ],,, 
  [ 25824403106662687339 ], [ 1380149581 ],, [ 78362437706009826371117851 ],, 
  [ 12848019337 ],, [ 77080684840972583, 1021301631306085726075296203 ], 
  [ 3272653261 ],,, [ 10170334549, 886316685351405947, 42966040773998552261 ],
  ,,, [ 11806478322772447, 481308928682322922357748996143 ],, 
  [ 525140128621, 4488091665177217, 481998897842251957, 
      37027765078731415331389 ], [ 7887312841, 40782241084531 ], 
  [ 396055899516467299 ],, 
  [ 29057311194016340608708109289083682873239607820217617 ],, [ 4267218281 ],
  , [ 8486019609493, 33959744650834780457 ],, 
  [ 406775500821152715455636706073 ], [ 839001305101 ],, [ 10740267253 ], 
  [ 103619479981, 3115160931403 ],, [ 115087414856660519502781 ],, 
  [ 27973588652660561, 3748854270750036213785702047, 
      17776048759201271685763540379 ], [ 34993223322397387 ],,, 
  [ 26927092029581257, 45706863851988967 ],,, [ 5684648252599 ], 
  [ 19843024656063866176030321321 ],, 
  [ 2542961089, 158177256698113, 32946270132669400546986099603914689 ],, 
  [ 15154294481 ], [ 23765385758797112431 ],,, [ 215340010198318963 ],, 
  [ 6718587270014201 ],, 
  [ 1023098287, 595576720540232833, 90479670624989910283, 
      20503986901244199125293 ],, [ 2388228613 ],, 
  [ 18608584817, 41354593510817 ],,,,,, [ 11941400699978413 ],,,,,, 
  [ 188002121773 ],, [ 124547608557425461 ],,,, [ 61863614177 ],,,, 
  [ 17271608479497311745409057 ],,,,,, [ 34341493324950631 ],,,, 
  [ 56431126341472541 ],, 
  [ 18806124775441, 108542184395250241, 2564755116548466001 ],, 
  [ 11077359916019 ],,,, [ 9728300503 ],,,, [ 459406162001 ],, 
  [ 52974019663206013, 1179657889848447825401445889 ],, [ 3352628551 ],,,, 
  [ 10122572209 ],, [ 1596570760493021 ],,,,,,,,,, 
  [ 1200432691, 1331947640802692696401 ],,,,,, [ 37182216853 ],,,, 
  [ 339550786077721, 235525897276641161, 137087114369166205441 ],, 
  [ 27900491292571 ],,,, [ 47040568147 ],,,, 
  [ 9678057478261, 2382763494614131 ],,,, [ 42922919555444293 ],,,,,, 
  [ 239930365996671601 ],,,,,, [ 1776408824243680545187 ],, 
  [ 1742133171326549 ],,,, [ 1363271345281 ],,,,,,,,,,,, 
  [ 1702029349, 963958434124833361 ],,,,,, 
  [ 21144096271, 30591272911, 10128340984177681, 1100251322821513613521 ],,,,,
  ,,,,, [ 938653406255101 ],,,,,,,,,,,,,,,,,,,, [ 1878037921, 6151074481 ],,,,
  ,,,,,,,,,,,,,,,,,,,, [ 1943199361 ],,,,,,,,,,,, [ 418388274307477 ],,,,,,,,,
  ,,, [ 60740670809281 ],,,,,,,,,,,,,,,,,,,,,,,,,,,,,,,,,,,,,,,,,, 
  [ 2873571439866301, 13295958182109451 ],,,,,,,,,,,,,,,,,,,,,,,,,,,,,, 
  [ 224407328161, 126455661249121 ] ];
