BRENTFACTORS[1607]:=[ ,,,,,,,,,,,, [ 393737813873 ],,,,,, 
  [ 183506682068999121841627 ],,,, [ 61864027223, 7314131743689070591 ],,,,,, 
  [ 76767720251179, 3249951318930257 ],,,,,,,, 
  [ 1074170227132587329484034742971147527224903620924275973241 ],,,, 
  [ 414936680933 ],, 
  [ 2109949301165030251, 448566182094982539088743423734068316035861 ],,,, 
  [ 220745472461, 6710848757575033524227, 144617809452185067824339533039091 ],
  ,,,,, [ 360633060806916943, 1081218120540974236443481 ],,,,,, 
  [ 1826090239, 130588082553745073, 60988200207934663865125219 ],, 
  [ 423342948131, 6474318725381519 ],,,,,, 
  [ 11486002494586357125163, 31299728594095606380709 ],,,,,, 
  [ 2363418185950778074621 ],,,,,,,,,, [ 3105313363, 4306814059, 47487817541 ]
   ,,,,,,,,,,,,,, [ 5487386419, 59585698590949 ],,,, [ 3500863819 ],,,,,,,,,,,
  , [ 1441611739, 9162137407 ],,,,,,,,,,,,,, [ 2960655497 ],,,, 
  [ 2028288456716527763, 431499002004089735302833181595017 ],,,,,, 
  [ 12539357099, 97756431610627 ],, 
  [ 227505092995698761, 1266620167922459687 ] ];
