BRENTFACTORS[96]:=[ ,,,,,,,,,,,,,,,,,,,,,, [ 2386005820595543 ],, 
  [ 123551716151 ],,,, [ 14169743477, 12627544484587 ],, 
  [ 100605444393211, 95355785680634543 ],,, [ 729642768115441 ],,,, 
  [ 323031429688091 ], [ 11300427841, 8786874017377 ], [ 17195816201 ], 
  [ 17942973173 ],,, [ 2466470689 ],, [ 29256686711022875479 ], 
  [ 32196291937, 632407643034619, 1688891241307348901 ],, 
  [ 8033174563, 76969691420021 ], [ 2851358401 ], [ 206261677723 ],, 
  [ 19724192953, 115107159618439536399789501719 ],,, [ 283340213848110329 ], 
  [ 12972278671121477641, 362735699736914845321 ], 
  [ 8279657761, 10420085861783809 ], 
  [ 153381393291373084193967489431184299758081 ], [ 25821209941 ], 
  [ 54176176066083787, 76180121965063054107912421938335226844724866829111 ],, 
  [ 215303232356227, 24341738363219971, 1921396480295893273 ],, 
  [ 189392556601, 305991941219779512621030001441 ],,, [ 551130624892633 ], 
  [ 361950238991996957723726207654827 ],, 
  [ 13344280181326306472697457, 16001866111300325156620312720684759347799513 ]
    , [ 650701292544151201 ], [ 8157436393, 368986860239469551 ],, 
  [ 710011659038251, 2520542481392851 ], [ 109258529329, 3240087191353 ], 
  [ 6389480701977828658827455494166415143 ], [ 196009012020511 ], 
  [ 1970515487, 195280730961194975807 ], [ 390803967361 ], 
  [ 12917537209, 36407667700247997457, 3424604162961410820073 ],, 
  [ 27420332307671, 18638267886365223564666458508071, 
      120213581108555903600913933083087984089 ], [ 4909367401, 38557058569 ], 
  [ 75723707809207771, 200634974163846537623970894941 ], 
  [ 529509501237034846363831 ], [ 132973005911329681 ], [ 2276817929 ], 
  [ 17670380599109619959781696029, 
      237897146335253476429606983886643112704599182649 ],, 
  [ 1263864822403, 49400349874846090746028722546051934739525468629010074270448\
595389 ],, 
  [ 20693963570947, 236914327467607809296659, 134470956963020142262546561 ], 
  [ 37789949820245017 ], 
  [ 15168631528390973547472243196475772569953830947597551 ],, 
  [ 1878044549, 26345025554963903, 340295371147631424044582055937 ],, 
  [ 27096236038065118224343595707, 
      12480829875314457467082186961951193356902451 ],, 
  [ 1353956527624821383 ], [ 2465165455603759, 34823127332435041 ], 
  [ 39609217947769, 137685935525023133542802561367672842737343, 
      5167928505237576157462953827826471149869287241 ], [ 12404763956650937 ],
  , [ 15430424857451, 23167802598191869429543145554673041 ], 
  [ 1341841847, 7896231402121 ], [ 31588148017 ], [ 89415770985621533335483 ],
  [ 333842655631 ], [ 649611958410832265679028692081505762595959593817 ],, 
  [ 66353550161288698980979, 99994376993655928374030740058841556807 ], 
  [ 27480219271, 415608476119 ], [ 52920551331451 ], 
  [ 3442515529, 68898885329161 ], 
  [ 3864107353430377, 597580230475577467, 787027480035181511000902601844933943\
9561 ], [ 3551346850619, 12936350749337580776597 ], 
  [ 1863461791396284919267 ], [ 1612325974321, 133579769708441281 ], 
  [ 23215843652351879, 32353902645991911303191580291232111132847 ],, 
  [ 6540276709626842673900296919910115483490609393871027108201 ], 
  [ 134403538249, 7353888927993245248334340152265610381 ], 
  [ 28342501971498932020446362004126563341075689001 ], 
  [ 148418917913707725252958417 ], 
  [ 54366064014195529, 3928023645713416574669, 
      939385262942429524243448556759927194849628605990017 ], 
  [ 617257379844737 ],, 
  [ 15786205111, 10134935789161, 636646128813055091874898301 ], 
  [ 969214734234073 ], [ 1369178035657213, 3803740487593946252233 ],,, 
  [ 15112618376851, 3213323548274535726353892675866716833337359905150499001 ],
  [ 886809021929, 9419969650820339728734329 ],, 
  [ 26974667767, 652020222720453619639, 12766353289008139131157279 ],,,, 
  [ 233008548951921629501 ], [ 110495194012919 ], 
  [ 82327470999841, 6367114456995429398881 ], [ 5849605081 ], 
  [ 3558765680693, 11814600987553651785171860629356049300673244464381 ], 
  [ 109542886489 ], [ 29371647947893 ],,,,,,, [ 13359606551 ], 
  [ 65038801233589, 2792083093250257, 31564188574785215023429 ],, 
  [ 1342142377, 5310845117417990715862644544144334198732719157141 ],, 
  [ 504242102486401 ],, [ 76770043610649217718513925420228129281832583 ],, 
  [ 406905066117916956589213, 176906637350352295683324997, 
      86714824377408494279220587049910180600888762245238573 ], 
  [ 2995381050606826201, 245830301234536363174303321, 
      785729888225184935452895441810251 ], 
  [ 40920070283507, 12439991531302903, 17244405344738791, 
      10704049118359293211325747407, 5919079811432819060419373603690953 ],, 
  [ 12960777445393, 21421222152914961217 ],, 
  [ 270594152218085286703258807474124609788105424671 ], 
  [ 121547337763726153 ], 
  [ 1350478934809, 70597600331335009, 3633506282738151634210489 ],, 
  [ 685318498872756967, 4095183334575793393 ], [ 169875998951 ], 
  [ 114608950000709473, 798991581665755929266972802449, 
      195497628128849578819417513722484145089 ], [ 4078578787 ],,, 
  [ 3715358897553301 ],, [ 329603812319885860849 ],, 
  [ 2030379833, 4062546917089, 3155894116526089097, 
      401031827636739649021063902043555414263209 ],, [ 28656181513 ],,, 
  [ 2384788771 ], 
  [ 18678603767474551, 29726301838260871, 4267170954942514877369621, 
      2418476990688796014581890831 ],,,, 
  [ 1802969531333, 654941386933740636468072583167813068983 ], 
  [ 285028609321 ], 
  [ 557022745764157, 40879626427188459199310216749, 24147047854797573053696218\
62192236137072000732339933 ],, [ 286860356011148813499904171664306960991097 ],
  , [ 7351802788601 ],, 
  [ 9784972517, 2558632062694595181922686317676092456570360786959 ],, 
  [ 6446602704397, 103804998400093, 595290460592578600573, 
      56277110116494763183130560081 ],,,, 
  [ 1073577057697, 1506601253802579277845829428369972669760913 ],, 
  [ 33104787072001, 40359970150081, 1331142475246339351 ],, 
  [ 34773039241, 62116972319557, 144022658338499449, 
      229162880612390178300913160316502477, 
      795877483443175311200852871671690176965781 ],, [ 48058639043603 ],, 
  [ 128078486929, 30508694466558360873645889, 
      10955825845478891140205266821863215910083729 ],,,, 
  [ 9684397388779705988962028680801 ],, [ 1074475761547649547924928423 ],, 
  [ 79373557549865289750802999717926920737732369728587773601003640177674412038\
81193345569 ], [ 99779664956401, 147933939510451 ], 
  [ 1977228539634228486242017, 56620017501866169774891920019153217 ],, 
  [ 86252866047006733, 901592069622861950026330543383102132657045914509 ],, 
  [ 82747412803922240130075774503507614707011329840561612153021658356401648757\
711 ],, 
  [ 28285625088601009, 398805419488982853881, 97558501644888927642871481 ],, 
  [ 19081893745513, 26505636312825093882667249, 
      47143920898699434960408118550941231086289 ],, 
  [ 16806292708534717, 6084538642342457372804609844007102620438001 ],, 
  [ 88464461277117287144167183, 3960442595836997607713637059, 
      3174934673834974430360758355242001159875494443 ],,,,,, 
  [ 1232964697, 1238473654567553962415957113372800522896689297, 
      26360713318906499009176927186880217793004396765221 ],, 
  [ 1274215057, 14223520160608320402388699011943 ],, 
  [ 2350435873, 129570281129, 31078810248337153, 
      26144726467342035796584609998744004957217, 
      51572074062725253136395815711506268242929082457 ],, 
  [ 52645935033593973717251 ],, 
  [ 1813058353, 529397231280996464572400731790790738993619084700821 ],,,, 
  [ 1117277207041, 190686862190593, 3614115195894017 ],, 
  [ 35479896927559537324482218329 ],, [ 89205245221, 151398738661 ],,,, 
  [ 776236675447221937873, 1511992233674319493009, 9556467544951222824118081, 
      14307032864458241439814330392433 ],,,, [ 1232785261 ],, 
  [ 5581611819705871, 4825069799575044939000121, 
      584745082907548142388400048666081 ],,,,,, 
  [ 79579940775553, 2700952020338316497259301, 
      48951207355700139455320960554308578381, 
      880712656956759027916576944350003579049709 ],,,, 
  [ 4322463343962961, 1914752424616287138784625081 ],,,,,,,, [ 20293022017 ],
  , [ 197344462025635359131 ],,,,,,,,,, 
  [ 66749368867810663870936600390884916946420537656352383169068962817672201 ],
  ,,,,, [ 1147311242256549583 ],,,,,, [ 8538809749551488793208912970507329 ],,
  ,,,,,, [ 142547928360641 ],,,, [ 2582188799833, 92525765386393 ],,,,,, 
  [ 161816766905244327031 ],,,,,, 
  [ 1263547314699516004033, 1110951159568804328913601 ],,,,,, 
  [ 3763291615327 ],,,,,, [ 2001642061, 59003383297, 10093947871537 ],, 
  [ 52833152401 ],,,,,,,,,, 
  [ 22968865441, 54187357949663665681, 5492393949493215237923172100801, 
      1766260795725066894722996453280625733870732780897521 ],,,,,, 
  [ 56686620217, 258877701141343 ],,,,,,,,,,,, [ 70979297984911 ],,,,,,,,,,,, 
  [ 2013719992583911, 1584587843614666616830462904521 ],,,,,, [ 6547218481 ],,
  ,,,,,,,,,, [ 5812577713 ],,,,,,,,,,,, 
  [ 541196036221, 426623786237461, 5759803260146735695561, 
      5490236298190799249782078861, 12209794287458805520042893021107532121 ],,
  ,,,,,,,,,,,,,,,,,,,,,,,,,,,,,,,,,,,,,,,, 
  [ 18007279753, 234290763169, 3734694860359 ] ];
