BRENTFACTORS[266]:=[ ,,,,,,,,,,,, [ 517319460529 ],,,, [ 13456769527 ],, 
  [ 7013833091 ],,,,,,,, [ 2216842723, 2349620394229 ],, 
  [ 428722960395341, 65217395165520009596981 ],, [ 403463779890457709 ],, 
  [ 956011653467178859 ],,,, [ 20740209575498040696488345141171 ],, 
  [ 469201746469, 378360021484147 ],, 
  [ 802324346008173313889, 1922655703263800847196690097 ],, [ 2861192788913 ],
  [ 7341092441 ],, [ 61499869672742849 ], [ 96723718073876454951391315801 ], 
  [ 622456378348033 ], [ 74432311233793171, 1492625345095673111 ], 
  [ 692305141968390701 ],, [ 9289346208916229 ], 
  [ 47020898387, 518065939988519083349 ],, [ 57579081940157620261 ], 
  [ 858289938696233 ], [ 72210844975231, 92571506252796225144583 ], 
  [ 31109712655392800690934919951 ], 
  [ 103002327913, 978868585231, 33308337433429, 4675508278834275204043 ],,,, 
  [ 63623957972779815191533 ], [ 35373793860238913 ], 
  [ 5155661551, 644558894638621 ], [ 27561562029312301 ], 
  [ 1152762739, 2621821235947 ], [ 724572694759789, 4491104876029686041 ],,, 
  [ 140320518504037097, 452772806842255026402991, 108040469638074851658530119,
      1484909231656707912658075642268493172824347 ], [ 62603570089 ], 
  [ 24345103668839, 20928664797674978655628939 ], 
  [ 41426655877, 29122332635881, 335638959447959511825581 ], 
  [ 3125159767179301, 7920366993501878085601 ], 
  [ 9405809477, 338782112022797, 11329959120428701, 25669215563345732296181 ],
  [ 102636757349743 ], [ 18810129517550593 ], [ 146008684508249999 ], 
  [ 1179632401 ], [ 46256483895381883 ],, [ 3165422656213 ],, 
  [ 30827719565011 ], [ 673433686143717169250367686531054783494747 ], 
  [ 14567516641 ], [ 1453675779206584151158369845648000649 ], 
  [ 178766138167, 6986738038871476883 ],, [ 141443709136913 ], 
  [ 102922493768560733, 574442858166367908929293 ],, 
  [ 11772525503, 3075136257001 ], [ 1794667991, 3324085151 ], 
  [ 214202164353313 ], [ 7084073420363, 22330419728797 ], [ 631157631644359 ],
  [ 8334396800697729077296597, 10985735688392564044673857867, 
      1005121706488957149816218319822934515547 ],, 
  [ 4599449973247, 1701620401519716098961468727 ],,,,, 
  [ 251970158705295939533 ],, [ 37719625456746138011492168521813 ],, 
  [ 141408255802143483836179321702681 ],, 
  [ 36786163438604473488287981218364538932956241 ],, [ 1628639434837756531 ], 
  [ 1244578991 ], [ 44017457093, 5048879410594115956094069 ], 
  [ 2076068188964026285603516629559 ], [ 5381321443, 25735164688272581 ],, 
  [ 466740979116481 ], [ 1096655671, 256717812872074423 ],, 
  [ 233936102965080743827, 255179338809432255018799 ],, 
  [ 7451927416751, 4546991895464163751 ],,, [ 387959699775242156688257 ], 
  [ 66999256356027022717697239 ], [ 13633438446229042629323642310265801 ],, 
  [ 1094814881641427071093 ],, 
  [ 19478760316909, 90231912690377, 2689989662287728936358534847 ], 
  [ 386856306451, 301471952711131 ], [ 4050856153, 14546573299169 ],, 
  [ 4300405202659, 8918241487999369 ],, [ 9990454771648111054001 ],, 
  [ 865130801389157 ], [ 189488278123 ], [ 28364124662353, 31157651656881793 ]
    , [ 89994055604224007514032891 ], 
  [ 1293009581, 2927576087, 7418605583, 8926090039, 111296829092314164151 ], 
  [ 17164467937, 35758175621644981 ], [ 307333762597, 250200029591854216969 ],
  , [ 4859813495141257838401 ],, [ 835001833676081, 675088663276744601 ], 
  [ 18867487775879525509 ],, [ 2390987729772371 ], 
  [ 21935274999832531866977343099252361840592834653 ],,, [ 3935720959 ], 
  [ 36560450938797623653121 ],, [ 671967142456087 ],,,, 
  [ 48725405576933944333, 10973282810425197069871867 ],, 
  [ 409996216073641, 240359819929078249 ],,,, 
  [ 401493001909, 15396244961853039180592429 ],, [ 320587769217325669658407 ],
  , [ 19483486177 ],,,, [ 7857236591453093062323241 ],, 
  [ 226522458383102235563119 ], [ 10422599203 ],,, 
  [ 2016383779, 21316980529573 ],, [ 1075704041, 6927304057 ], 
  [ 25558129423 ], [ 364189751921, 283788505053183534537705041 ],, 
  [ 5356405387328641, 4706712246947330197216321 ],,,,,,,, 
  [ 1200474001, 173261662638808798219601 ],, 
  [ 4912374953579, 1791434002338989, 401863847995883261 ],, 
  [ 2765403407125342947081829595749 ],, [ 396484148245166497 ],, 
  [ 265187612353, 832724817468621169, 15738654480238346593 ],, 
  [ 274459821567121 ],,,, [ 56824681994809 ],, [ 617305886137 ],, 
  [ 229579820357 ],, [ 102849270701 ],, [ 458306669677, 6645293393329 ],,,, 
  [ 27239711552737 ],, [ 134538593401, 37438603179278449 ],, [ 92321320811 ], 
  [ 6191717071 ], [ 628563527369, 25296174402377 ],, 
  [ 985375995390307, 430609104331383228377001770233 ],,,,,, 
  [ 16896182161, 24162936930001 ],,,, [ 13140609509 ],, 
  [ 1000959979, 166061019112178233861 ],,,, [ 166063970670111067351392251 ],,,
  ,, [ 1187597902891 ], [ 7532247269633 ],, [ 20175878604905221179947893 ],,,,
  ,,,, [ 177490630361954449 ],,,, [ 22030885107919168828383871 ],,,,,, 
  [ 1218489054954591193 ],,,, [ 21909163921, 28282506672377868121 ],, 
  [ 64492148208769 ],,,,,,,,,,,, [ 7124042329380943 ],,,,,,,,,,,, 
  [ 1910803231 ],,,,,,,,,,,, [ 20343811819 ],,,,,, [ 584842274677 ],,,,,,,,,,,
  ,,,,,,, [ 2188763407, 20892974402719, 12574375573575691 ],,,,,,,,,,,,,,,,,,,
  ,,,,,,,,,,,,,,,,,,,,,,,,,,,,,,,,,,, [ 4107678301 ],,,,,,,,,,,,,,,,,,,,,,,, 
  [ 63461164560601501, 36237748988347721646362161 ],,,,,,,,,,,,,,,,,,,,,,,,,,,
  ,,,,,,,,,,,,,,, [ 6696398017 ],,,,,,,,,,,,,,,,,, 
  [ 38004803041, 273738516001 ] ];
