BRENTFACTORS[859]:=[ ,,,,,,,,,, [ 2645374117 ],, [ 6789119985467 ],,,, 
  [ 184778323323718543 ],, [ 1386578950992709 ],,,, 
  [ 61526519933, 79270235909, 1044465340421 ],,,,,,,, 
  [ 3374482508453317, 19426731336281943536052476583043 ], [ 3040802349089377 ]
   ,, [ 6062699087 ], [ 30813931929066161 ], [ 5234450160493 ], 
  [ 676621554629 ],, [ 909468379186467673 ], [ 7456126001 ], 
  [ 269844403867219622196315286197847808239 ], [ 112413170731 ],, 
  [ 19971379810255363713913141 ], 
  [ 34603530323041, 5141481045468052066566931 ], 
  [ 31730085943, 74508514534542986237789 ], [ 372170563799 ], 
  [ 141352996753, 239270454289 ], 
  [ 2743187189, 5295471712288990050077393, 5839365877724681793647013467 ], 
  [ 148600700169307151 ], [ 7236182445075864487, 29767207724685497682621211 ],
  [ 2411894213, 412996442561, 102073656280410117473 ], 
  [ 9474685663, 37194771739, 220881272375162771288237 ],, 
  [ 35743425618569176895641, 38806807264249686504297181 ], 
  [ 3043707954503273 ], 
  [ 13990518555037, 2974311417627074674932301, 20558597770542650132465364373 ]
    , [ 594295183151, 18423361914745021702896639902377 ], 
  [ 1020446439961177651, 665116351814829043181233 ], [ 507394604912000941 ], 
  [ 33845170908283819823228685980269 ], 
  [ 415101132303277913, 24917914727313430766003375129 ], 
  [ 662533929793, 527862044522404621, 4061600041381457114107 ], 
  [ 677773235969, 5641124636737 ], [ 24824726662413731 ], 
  [ 103063712407168920834642799 ], 
  [ 52253232331, 516197490740369, 6268387163316362953853, 
      60184198877770055778922460461399, 
      298533594025831497594278229772881789857879999 ], 
  [ 98200536129539736541815653 ], [ 264992711821531 ],, 
  [ 91782125451801357209778301 ], [ 201434562519957289 ], 
  [ 63629336909354767, 482143965297775485098133334801125051467 ], 
  [ 99366155079848008628836127, 3646018327746198523515945643987 ], 
  [ 1326080160709003695486651647111101 ],,, 
  [ 117953933958044497, 1747749029487131969611 ], 
  [ 623513347739, 15980724412087049, 
      914138285949698346804398304346338055928879, 
      25931112571998799786140754273319133770196671, 
      939937234400862280331811055999411524293487709 ],, 
  [ 56986369855759, 87345344705152350857595932313667, 
      348266478930062135661547970793721866163 ], [ 28657860716929 ], 
  [ 1752582334729, 841121315882891767 ], [ 10097908966573 ],, 
  [ 224723353695847812239320638731453017679 ], 
  [ 8786173936219, 271876751815147686751, 2489955153449392916041 ], 
  [ 615775025983217, 6834537328117774529 ], 
  [ 435411038256104310293652659, 53551716587485506411590771497499 ],, 
  [ 88446975163 ], [ 6237260158901, 1333449173274156922033374184633 ], 
  [ 841658573113, 209535179682859326466033, 
      2950929476459361008020247999445463 ], 
  [ 388734638224057, 340459243092442205707579, 
      478453981242760670892634020729463 ], [ 305799941530556471 ], 
  [ 160771057633, 13592927584321 ], 
  [ 467081044889, 7677230244566117, 18276956760858251760911, 
      1238924744348094127437949527695815358663 ], 
  [ 29777220719, 2158204283327, 258471974070857497076473509373 ], 
  [ 4459395271519, 18603418219849 ], [ 1741548349717801 ], 
  [ 3926817932269, 965868509359649852071 ], 
  [ 154731658011172339, 884007943177790897787469 ], 
  [ 9527131060634763028374281 ], 
  [ 267791723473, 69371666241533246928446275427279929 ],, 
  [ 6822708708047, 2544932540394341, 1050708547459023151433451762193784617 ],
  , 
  [ 2440311193, 4910915197, 273774671709949, 933611896929601, 3158015785214731\
3 ],, 
  [ 4610809541712537969611307040111, 8615600802941728015694842342561144601 ], 
  [ 3097347417115629000391, 222207425851486549065405787 ],,, 
  [ 10208713415179, 2225980932870636610892805061598970411061 ], 
  [ 192585325188872087471 ], [ 773405548709, 184455234160444666469 ],, 
  [ 1307154559, 8207173335828850662096622676432843 ], [ 1092733037117 ], 
  [ 966182843161, 6215254396921 ],, [ 53901783895649 ], 
  [ 86480497489638961, 375392755875181506954409, 698836729620982939461814123 ]
   ,,, [ 405675730266604183 ],, 
  [ 146464346210390897476097, 698264707794401246995673774977, 
      1098552390384269611153913282996626021973509206470359711361 ],, 
  [ 332454561669583678781 ], [ 5768608057, 8280441619 ], 
  [ 22489672921, 2986276477784902003400577616803766023416017 ],, 
  [ 258617767095357547, 253371696779363908676638517 ], 
  [ 2876185318051, 711599486710759395984215102251 ], [ 23034249947395672049 ],
  [ 22978483367617 ], [ 2684145678967, 62386004941717920247144842373 ], 
  [ 2892070246830119 ], 
  [ 254712335012381, 885800355631381, 4427699566966844830201, 
      10148913844036230348020562067493949961 ],,,, 
  [ 241137695935425489658135365775415111864701091897149805181144769 ], 
  [ 26755481491, 185780403591681251 ], 
  [ 1801320711128874507035963, 136104869712135176253065661577967 ], 
  [ 1131213217 ], [ 5896790452673445555986624213689 ], [ 8671349723 ], 
  [ 9673942651, 340338157223247451, 51626010286376660637274785614354101 ],, 
  [ 2180129009, 9245676603673, 2649749053495221551972297, 
      2178576804370898659774496950371673657, 
      72169008400375784137797097034736353470826607837075089 ], 
  [ 2682034822693 ], [ 583591587150727 ], [ 16873620851, 13909626376861 ], 
  [ 166378387729321, 6718999237615454557, 6806312988619916501337699181464193 ]
    , [ 304290749167 ], 
  [ 12206762822803531478268251, 8531663633807199377908452725071 ], 
  [ 47815176103, 80322998651674783 ], [ 1884830561, 10413023924589480778721 ],
  , [ 122322928098412002920352989282396271635677519312746620119 ],, 
  [ 2845877077, 7053236649706145206741, 2870957847343018019493118988281296533 
     ], [ 348631564749931 ], 
  [ 250293803745523, 2301499502993280721, 1271287931531147262181 ], 
  [ 3304839821 ], 
  [ 5519664748504005483889, 63973614953493210622121787149366953 ],, 
  [ 12504492501481, 1038046877664361, 410298666329151050851, 
      3987911817041171593086769588938769951, 
      2043193783746524211172366647962926975540151 ],, 
  [ 2516466864090104369, 7133584354988106853, 
      90855752068458471703999814673786233 ],,,, 
  [ 11095111931979350639053323041 ],, [ 62125691993344734299093 ],,, 
  [ 164299966583 ], [ 16928056021787, 564624599307559041656497 ], 
  [ 5697319859299, 13042390883544403 ], [ 1590914261257 ],,,,,,,, 
  [ 9841946689, 11307660673, 104561318401 ], [ 196175626247 ], 
  [ 724261494757, 246990578387351 ],, 
  [ 345517486133, 3126375518297347685770633 ],,,, 
  [ 2361568201, 18142462801, 20928595062553201 ],,,, [ 2119799497 ],,,, 
  [ 4729697345611985137 ],, [ 794796534565321, 4755428764615614121 ],, 
  [ 1880101582493 ],, [ 7196022433929431 ],, [ 494039840413424389561 ],,,,,, 
  [ 15592099849, 903758597464609 ],, [ 1289526335524534520449 ], 
  [ 115091696701 ],,,,, [ 750991162414952845814971 ], [ 1529446188286633 ], 
  [ 29542473945713 ],, 
  [ 357554083589587, 3175015036009461294781, 2532816118317560899373068429 ],, 
  [ 125865545930909 ],,,,, [ 486759060906105877 ],,,,, 
  [ 46139059639, 1136530953963437623 ],,,,,,,,,,,,,, [ 454347187933861 ],,,,,,
  ,,,, [ 38565999402427939951, 310034481078794439516751 ],,,,,, 
  [ 2120622425461 ],,,, 
  [ 5953321349081, 1682589906583061190401, 64210683485816560717081 ],, 
  [ 682160322859337496679 ],,,, [ 362758346477099 ],,,, [ 30094930381 ],,,, 
  [ 44926029163, 653572879492933, 118052618774597473 ],,,,,, 
  [ 2265419291701, 109780638272101, 21328276878774091017229040401 ],,,,,,,,,,,
  , [ 462867606595369, 55815321776352217 ],,,,,, [ 1098750421 ],,,,,, 
  [ 20737249993 ],,,,,, [ 146906944713211 ],,,,,,,,,,,,,,,,,,,, 
  [ 5350985851 ],,,, [ 915067986596520433 ],,,,,,,,,,,, [ 1491302503 ],,,,,,,,
  ,,,, [ 8971661514817 ],,,,,,,,,,,,,,,,,,,,,,,,,,,,,, [ 7874595868969 ] ];
