BRENTFACTORS[9257]:=[ ,,,,,,,,,,,, [ 2605644653 ],,,, 
  [ 283173963658357111722089 ],, [ 16877465237, 323158203919 ],,,, 
  [ 4139790037693, 29494442079161 ],,,,,,,, [ 10097206573481 ],,,,,, 
  [ 2903639677 ],,,, [ 19223581087243200257 ],,,,,, 
  [ 982602610938206053002421529875632515224613197, 
      3205178859887547690347844932548612470948206513 ],,,,,,,,,,,, 
  [ 580078149361, 1057997779579503339817729, 1657747842868257009733013 ],,,,,,
  ,, [ 4717269941887 ],,,, [ 3644614459, 14063035157837, 1010729963373205477 ]
   ,,,,,,,, [ 120820634323 ],,,, [ 1301513247169 ],,,,,,,,,,,,,, 
  [ 15406524163, 651745180561, 1116174851117 ],,,, 
  [ 18463548528837409, 282292008294474413 ],, [ 6207394778779 ],,,,,,,,,,,,,,,
  ,,,,,,,,,,,,,,,,,,,,,,,,,,,,,,,,, [ 330916069651 ],,,,,,,,,,,, 
  [ 87063309317 ],,,, [ 519248261009 ] ];
