BRENTFACTORS[4153]:=[ ,,,,,,,,,, [ 8769000789253 ],, [ 419627437399 ],,,, 
  [ 995784378731 ],, [ 223346167361, 37285880337514153 ],,,, 
  [ 2912454397, 80769707297081592787630469917 ],,,,,, [ 51808317558913 ],, 
  [ 1603185964971463 ],,,,,, [ 4939250226403280333933 ],,,, 
  [ 1313663898409, 408179885952558133215839453761 ],, [ 350957084275839037 ],,
  ,, [ 18879857137 ],,,,,, 
  [ 19663380193169, 30580962625930111, 46601590646776813 ],,,,,,,, 
  [ 1629043553 ],,,,,, [ 54455540544487, 8015641635415967589156013 ],,,, 
  [ 7203650457909052067 ],,,,,,,,,,,,,,,,,,,,,,,,,, [ 117923179222843 ],,,,,,,
  ,,,,,,,,, [ 89231485307 ],,,,,,,,,,,,,,,,,,,,,,,, [ 191962497893 ],, 
  [ 2541144160853 ],,,,,,,,,,,,,,,,,,,,,,,,,,,, [ 189485133148263307373 ],,,,,
  ,,,,,,,,, [ 2027744449 ] ];
