BRENTFACTORS[871]:=[ ,,,,,,,,,,,, [ 2986666619 ],,,, [ 637121282387633843 ],, 
  [ 244652647787691417101 ], [ 63091961761 ], [ 1144679467, 25556677441 ],,,,
  , [ 2862355523 ], [ 11556810041952853693 ],,,,, 
  [ 28993476966913, 6497789915393633 ],,, [ 1474328702677506567421920083891 ],
  , [ 32241557770621, 2877804263276443 ], [ 3370485913019, 27875945167163 ], 
  [ 10714690786879, 107116040546113, 20392186977345769 ], 
  [ 4741635811642905041 ], [ 12121607095836077914902043 ], 
  [ 158430631377607 ], [ 26867457628191586933698692190129215177590553668111 ],
  [ 178720216428769911770249 ], [ 327686093767226282622180841 ],, 
  [ 23130482147, 343246854791, 33905269915201, 48158021839422058703 ], 
  [ 56197894657 ], 
  [ 31477492103, 412109361021023, 8230161402304761069950875807271 ], 
  [ 40525199651 ], [ 48068824433102987767819 ], 
  [ 18639729603294267213518016037 ],, [ 2638639307737 ],,,,, 
  [ 11292165857940001, 202975219607131819846930259220682787 ], 
  [ 256254471481, 1254609316801 ], [ 32138392291 ], [ 832078201358108137 ], 
  [ 5083188098714195698431755159581 ], [ 1056748417, 20130976149953 ],, 
  [ 95203825743577, 99119864573599 ],, 
  [ 12716626406320507361, 4866658717584644501676454589 ], 
  [ 13486753856998892399696846744881 ], 
  [ 965124801551, 174664462682597654971 ], [ 76783627909, 173803426607 ], 
  [ 3681179075881, 6565054216821553 ],,, 
  [ 714994807037377144607321664058617567329309101 ], 
  [ 12803727449, 145160149134953, 2057519379458022979501656495533789392369 ],
  , [ 815757875011, 33141792506227939, 34965214651221271 ], 
  [ 10952186173, 1895972353918543325330076923 ], [ 701224501714563871160321 ],
  ,, [ 19951260975083 ], [ 15467159809978962121 ], 
  [ 379310071211, 126858857606443602433331, 10509637993799985064677589921 ], 
  [ 1274547855353165347, 47269577570624799996461, 
      3388500458605078172244291062763811 ],, [ 86665982007529 ],, 
  [ 6522539254208498549436571 ], 
  [ 11140896313, 110587402006901, 198219815403760909670294839 ],, 
  [ 1064631823, 375104764453 ], 
  [ 1987020674387033, 2600354353804510965806229052004184209 ], 
  [ 120153494210197991 ],,, 
  [ 78276351931, 566684161709, 14105911934437, 2317041211463792057990135143979
     ], [ 264677022325568718559 ], [ 39449333444910719801 ],, 
  [ 3657907521626311613953990373371 ],, 
  [ 1463614049, 3010204289, 955234667716952016716987323471686575867962681 ], 
  [ 92675989049701, 444952134400078152609274221451 ],,, 
  [ 506627286904110734641 ], [ 15329474857 ],,, [ 55713140881262929 ],, 
  [ 6945639436786099057549, 6143491176036480650019287423524360219357 ],, 
  [ 40055966948038607569, 84904183807785568988669821003936270348669 ], 
  [ 20926297549, 7275138057562987, 20294866911424951 ], [ 22039036384867 ], 
  [ 262959479213959863077 ], [ 309590428321 ], [ 254830198459 ], 
  [ 25891613684177660642607701419 ],,, [ 1491578363435448751 ], 
  [ 2173521547 ], [ 11760027172040857 ], [ 481913237633 ], 
  [ 314018700211, 264839267478938302482282463 ], 
  [ 392159633321, 2123118638035545776482947328871023204756806912940731841 ],,
  , [ 12148246069 ],, 
  [ 4117278036892046067451, 516248224504915408477833208554107731 ], 
  [ 1776383993 ],,,, 
  [ 237776398202670079755312941, 748595123938702502242856377705389005540863390\
909981 ], [ 37849979653 ], [ 1205875482442693900766999561609 ],, 
  [ 6465319921, 243715031450385365771713, 
      610741066711912771671711018721533024704593 ],, [ 864340827631 ],,,, 
  [ 34588252855501, 9563081221194601, 50653710509991151, 
      357239963160999445307101 ],, 
  [ 7320641177, 5608298751116964648756307249, 23100689383153614640421111993 ],
  ,,, 
  [ 9499468430850245437341389075519173, 19280399802360116517623522165614725667\
93 ],, [ 41681996117 ],,,, [ 2310228626660767 ],, [ 57308141035734541 ], 
  [ 13581773388481 ], [ 25742962111, 9596692673569 ],, [ 27594331932422473 ],
  , [ 3726460933754695841 ], [ 20758794319 ], [ 145486313521 ],, 
  [ 874348677171961, 6062311019155503223 ],, [ 25727282917006214033300564513 ]
   ,,,, [ 4056769921581541, 1069614408033809443092386593811839052168100901 ],
  , [ 217244527249147991964281 ], [ 964329568687291 ], 
  [ 1221063377, 950269460593, 367077694888046698769 ],,,,, [ 18581087071 ],,, 
  [ 5016706515649, 3734937735135169 ],,,,,, 
  [ 37633129777, 4701947908000891087 ],,,,,, 
  [ 12874049800587182103463562118241 ],,,,,, 
  [ 560000139948061, 268956757342527896542148779147156152271 ],,,,,, 
  [ 810133209793 ],, [ 1060513757 ],, [ 68267375448361, 5320388305524821 ],, 
  [ 35739116887 ],,, [ 2371714651 ],,, 
  [ 18488471588533, 46896530528569449399857989 ],, [ 875452112836331 ], 
  [ 34526563303 ], [ 1613061433 ],,,, [ 22818515501 ],, 
  [ 12917279831, 34566780706125431, 1354519307306462417 ],, 
  [ 507029562373935276777601 ],,,,,, [ 5697530850937 ],,,, 
  [ 3682008030766694571948579251 ],, [ 66641551305841, 282789097024006698049 ]
   ,,,,,, [ 1576210035257493039876161979841 ],, [ 275388583444781 ],,,,,,,,,,,
  , [ 191900995629521 ],,,, [ 4099578421, 4935845823637, 470145289645506997 ],
  ,,, [ 9562478484721, 12921517939905930601, 36094277586611523639361 ],,,,,,,
  , [ 758735230753, 150124364808193 ],, [ 10406915321653661 ],,,, 
  [ 782274983323 ],,,,,,,,,,,, [ 1305126721, 6945664501, 148787229763 ],,,,,, 
  [ 194793767334877663647842473 ],,,,,,,,,,,,,,,,,, [ 84667859302416391 ],,,,,
  , [ 4126562161, 281987360341681 ],,,,,,,,,,,,,, 
  [ 3972874261836551, 4052075677537651 ],,,,,,,,,, 
  [ 3494038335209452433279413074961 ],,,,,, [ 2202246529831303 ],,,,,, 
  [ 18857158393 ],,,,,,,,,,,,,,,,,,,,,,,, 
  [ 1351283473, 10700859709, 80401979197 ],,,,,,,,,,,,,,,,,,,,,,,, 
  [ 4806246633113855581 ] ];
