BRENTFACTORS[785]:=[ ,,,,,,,,,,,, [ 142656144715631 ],,,, 
  [ 68710162013, 457431976951 ],, [ 979545580977137 ],,, [ 5348394239 ], 
  [ 650152757509 ],,, [ 10169050876242259 ], [ 4970668141, 386212932307 ],, 
  [ 17006882332452841753695377, 4068055158510045440513124359 ],, 
  [ 39660951199890107627 ], [ 6101391553 ], [ 15561314342449446913 ],, 
  [ 7586668181, 37697775431 ],,, [ 62265757243, 239258142110321 ], 
  [ 1089790963, 20755934629, 4990084513597, 9275937442669 ], 
  [ 1021141252801 ], [ 515113672416595687 ],, [ 10985630627, 148122103183979 ]
    , [ 37607883457, 1333642054097 ], [ 195307559522212051715401 ],, 
  [ 16279367548827362305953609791757287 ], [ 27073807404645287329441 ], 
  [ 1205003689, 7665600132361351601770876865032598717749935118837955707 ], 
  [ 3448675606001, 1325260584423483451 ], [ 451327521562321 ], 
  [ 4627015993289 ], [ 1075112391521145828565198640814756173015716258309 ], 
  [ 22382251291 ], 
  [ 50446427410587121, 5476904607912368955941, 641110493502663559131461 ], 
  [ 221823347382619529 ], [ 47242920385849, 31460355647969374057990777 ], 
  [ 241664411357, 668838798440737, 22469129399916499 ],, [ 1268342087227681 ],
  [ 13729915982735468706481917119233 ], [ 12384466823507804689739770526371 ], 
  [ 5759652024216045523, 8594611568731078633 ], 
  [ 74279361571201, 354157357640641 ], 
  [ 22388595878935519331307530168368649046817043953471 ],, [ 132284808577 ], 
  [ 30019800215156664582995157471438504857 ], 
  [ 2257324343074814757433, 476875213729809850816480647319, 
      822098707255979054387636886566057839 ],, [ 4125074707529 ],, 
  [ 90024943639, 46109155116861569, 88030372600327103 ], 
  [ 108942267550993306757 ], 
  [ 4435030252951, 75587535933451058047394029772401 ], [ 13032968636821513 ], 
  [ 90849499627775928165743 ], [ 9049951873 ], [ 16649409143876077 ], 
  [ 79444654444156721216561 ], [ 3243980676637 ], 
  [ 6667456093121, 14618365009477, 352771097814002335237450321676414779 ],, 
  [ 1834661366187495301 ],, 
  [ 107190548325908340121, 867190097864779958958797, 
      582476503805525064544088087 ], [ 41249218303, 9761530575180646237177 ], 
  [ 298932411977, 7538056491057137 ], [ 311604754011878956721 ], 
  [ 221724907593751669662770311 ],, 
  [ 58818012748393, 5620179839623287007714220874823990352116307159077 ], 
  [ 7678857232205986972861 ], 
  [ 860656627543872793, 920180440347457358551279237621639096153885912850279 ],
  [ 182247059224990884523681801 ],, [ 21801202991, 2904451254257320790279 ], 
  [ 4932275025760614489641033040642972001362816247 ],, 
  [ 66317420144091203005164860702690186238730909729801 ],, 
  [ 974322637387611098576047 ],, [ 12023222029937 ],, [ 3929319619 ],, 
  [ 5319299917, 10355475352189273715211104659935313 ], 
  [ 15549792739688561269 ], [ 470743530083971 ], [ 11673782039243917 ], 
  [ 1657089836081, 1753122509688187925447157855313 ],, 
  [ 4594541847925321372747 ], 
  [ 10750644870626906610031, 2303770895675986223088071, 
      620178128451225524078550007271 ],,, [ 10526657660935271 ], 
  [ 454123273476811, 6620528799686421229 ], [ 27713427756883441 ],, 
  [ 477059571067, 254263898955211, 13051697944663487 ],, [ 2570477458949 ], 
  [ 1426344607781833501 ], 
  [ 962878990501, 100162932243067, 692880544949510420895476197 ], 
  [ 1714393829 ], [ 7640630082190849, 13540333020988673 ],, 
  [ 106477743442797633149491 ],, 
  [ 1428359484873157, 27603378191386162500786534039343333 ], 
  [ 1071823480992881 ], 
  [ 2963735791621439, 1330239471263008021, 102025793753592344067491338051, 
      521039398631579458909998692591 ], 
  [ 606043205969067001, 29976470501415431438020437091 ], 
  [ 224514416393, 1796508348017, 105864851880761, 6912803696769833 ],, 
  [ 228927602006119, 1017829406534047, 1387572344226027254381192378718883 ],, 
  [ 286857986101, 230637261635677884121 ], 
  [ 4132266979, 2818831368877, 47063680458391, 65573493301486033, 
      474985119683667943453 ], [ 2154176779, 34214507917127 ],, 
  [ 625357903989367951201, 6391514390798289803195903068891761400801 ],,, 
  [ 1126434894457573, 1471019255266807 ],,, [ 3272768251 ],, [ 200448080089 ],
  , [ 37426410373661, 72047884894171601397590917, 387074191591597954453473311 
     ], [ 1659012431, 350909504021, 8834246162461, 1074539331828751 ], 
  [ 5459318345476171043557, 12697470023470852946886155389 ],,,,,,,, 
  [ 9202654510789, 201377080458929738662116683017 ], [ 439539517231 ],,, 
  [ 56091700149119434464788813174420028138122464888305598163013841 ],, 
  [ 214909504685081580751051 ], [ 1093111003 ], [ 1151558436585884009 ],, 
  [ 1216402507, 13323626311 ],, [ 62216475032607281 ],, 
  [ 159841635518311, 22717404917836834929541 ],, 
  [ 3279223547685181, 2617363010456813206497156004509344858143181224604803321 
     ],, [ 21994673121331, 425358774890385569401695265903711 ],, 
  [ 265170604758672478442177 ],, 
  [ 243444484033, 27598422850383560210058510433 ],,,,,, 
  [ 858851014849, 81656459170177, 541143441828780133633, 
      11310114994419506806703643073, 
      9384737310121122865671330190219250719904582335681 ],, 
  [ 430534124383289304787 ], [ 4096148121781, 3420877656746161 ],,,,, 
  [ 1312456601 ],, [ 3845431379 ],, [ 6660230295023907694212157 ],,,,,, 
  [ 105856115407643722998399550174296812205244645886715544560181 ],,,, 
  [ 8348048280457 ],,,,,,,, [ 19745682997 ],, [ 27461876589827720572001 ], 
  [ 20123514917551 ], [ 53534210785751 ],,,,,, [ 5592631441, 475061249833 ],, 
  [ 15289517171782107073 ],,,,,, [ 214160366042795790522065172082321 ],,,,,, 
  [ 549507527868727225927 ],,,, [ 3056454048102001 ],, [ 266811854514661 ],,, 
  [ 11693623741 ],,,,,,,,, [ 7897906897 ],, [ 15965777935968673 ],,,, 
  [ 8510088834538523160110011, 41371215894100455550089121 ],,,,,, 
  [ 2117050549, 1191220440841, 26761190443402741, 1812984722078008418809, 
      164505636107440802286901 ],,,, [ 3450402440521, 11388980398044613841 ],,
  ,,,, [ 159493935366481, 1056333148830389 ],,,, [ 1509615881, 54005932661 ],,
  ,,,,,,,,,,,,,, [ 269691597947899 ],,,,,,,,,,,,,,,,,,,,,,,, 
  [ 3215523608750131801 ],,,,,,,,,,,,,,,,,, [ 16992079969 ],, 
  [ 16008671351, 376592377001 ],,,,,,,,,, [ 302582809773001 ],,,,,,,,,,,, 
  [ 20712726924586309 ],,,,,, [ 247753203874219 ],,,,,,,,,,,, 
  [ 1420053774751 ],,,,,, [ 3280879589329, 207640642856538321541 ],,,,,,,,,,,,
  ,,,,,,,,,,,, 
  [ 460736017981, 610982146321, 5561538105956281, 3243975822635124781 ],,,,,,,
  ,,,,,,,,,,,,,,,,,,,,,,,,,,,,,,,,,,,,,,,,,,,,,,,,,,,,,,,,,,,,,,,,,,,,,,,,,,,,
  ,,,,,,, [ 98977871776351 ] ];
