BRENTFACTORS[4391]:=[ ,,,,,, [ 2870227543 ],,,, [ 38419966724329433 ],,,,,, 
  [ 97916270790765353664173 ],, [ 281575777403, 3455783335931 ],,,, 
  [ 2768482855582481054806900873, 14397405376400686063368081162415008525461 ],
  ,,,,, [ 3978040093861 ],, 
  [ 750161551817, 25040876984403837353, 2687632330955301274460997317, 
      742782625534136348661401768629186968272999 ],,,,,, 
  [ 5776890248117, 591518792096509443158483, 9851085184060294412731770601, 
      4029358554540743990484752209612173132884247799011390016294038504007 ],,,
  , 
  [ 158058582010878099355139627, 282442487147819669936354787657656341420566132\
443 ],,,,,, [ 15723422489, 87868367969 ],,,,,,,,,,,, [ 18825299126923 ],,,,,,,
  ,,,,,,, [ 17613152135597, 143389598403899 ],,,,,,,,,,,,,,,,,,,,,,,,,,,,,,,,,
  , [ 158305458021773450261 ],,,,,,,,,,,,,,,,,,,,,,,,,,,,,,,,,,,,,,,,,,,,,,,,,
  ,,,,,,, [ 3758328491 ] ];
