BRENTFACTORS[6373]:=[ ,,,,,,,,,,,,,,,, [ 19632324473, 2853907132721 ],, 
  [ 302326650583, 366896097937 ],,,, 
  [ 1842096607848777826600312807, 293869177970974941550944010089650042413 ],,,
  ,,,,, [ 182412027204494376318528838345226531169041 ],,,,,, 
  [ 1327631602885569812999531013195352836116528633 ],,,, 
  [ 408617534449, 560929764344009, 1048374151566782237 ],, 
  [ 160204474288477063, 8393178004482813079583 ],,,, 
  [ 3831646115117, 100083701025127628953603 ],,,,,, 
  [ 68538160935933374807102537 ],,,,,, 
  [ 74683032998922791, 1258291378682985991 ],, [ 253296392071 ],,,,,, 
  [ 197683503097346083 ],,,, [ 64254616252435790628371 ],, [ 39066218203 ],,,,
  ,,,,,,,,,,,,,,,,,,,, [ 13351014830551 ],,,, [ 7254916861, 318273882763 ],,,,
  ,,,,,,,,,,,,,,,,,,,,,,,,,,,,,,,,,,,,,,,,,,,, [ 41507677087 ] ];
