BRENTFACTORS[7841]:=
[ ,,,,,,,,,,,,,,,, [ 335885544152744379640507013, 1515661303119223525395059087
     ],, [ 10966798990417 ],,,, 
  [ 5732316011161, 138569195404445383, 48641629434565600464203 ],,,,,, 
  [ 2902747065949 ],, 
  [ 73660666493, 2136498958944557, 17682732714223231593165263, 
      3266376532605345796265803535582651832531600422488314030709 ],,,,,, 
  [ 6870373273321423769 ],,,, [ 8681736799, 7207838880477121 ],,,,,, 
  [ 583058839352879, 774958527782629 ],,,,,, 
  [ 1249147189198365328295569085240578463 ],,,,,, 
  [ 56100906032609, 462792157973448691 ],, [ 56413634436114980939 ],,,,,,,,,, 
  [ 6165495019 ],, [ 335104725009162966867179 ],,,,,,,,,, [ 5026485313 ],,,,,,
  ,,,,,,,,,,,,,,,,,,,,,,,,,,,,,,,,,,,,,,,,,,,,,,,,,,,,,,,,,,,,,,,,,,,,,,,,,,,,
  ,, [ 52362605179 ],,,,,, [ 109786947109717 ],,,,,,,,,,,,,,,,,, 
  [ 22137715458839 ] ];
