BRENTFACTORS[945]:=[ ,,,,,,,,,, [ 3110669101 ],,,,,,,,,,,, 
  [ 49972970967401583965385010939 ], [ 6461071681 ], 
  [ 178882847630801, 26950790120714401 ],, [ 71549242831703192712967 ], 
  [ 2359807969 ], [ 79984348871821 ],, 
  [ 6829514338961, 22375717740105005205179993 ], [ 8249278913 ], 
  [ 20630222837984066768713957 ], [ 2840156716462829509 ], [ 95685033211531 ],
  , [ 177806903647862831589804592722117265726471961 ],, 
  [ 63922554307, 104320140392911 ], [ 1154917601 ], 
  [ 14356495079650230357615392987 ], [ 106957903631857909 ], 
  [ 11609829646228467276334688687, 13828055388316180081327984864196069 ], 
  [ 29275261893631234573049 ],, [ 1400727060862534975671225521 ], 
  [ 211806300599, 5467647803192962203880537 ], [ 26934165649 ],,, 
  [ 14138823841, 753801644707 ],, [ 35803410886080869 ], 
  [ 1386235891, 3717966313 ],,, 
  [ 83942201577727, 11986878958639465336512071425381500060954181 ], 
  [ 1939909291865943151385630133287 ], [ 210048619822347623 ], 
  [ 2598869874497483733901 ], 
  [ 931305612931, 3379709159376165385584337, 630274204240867795797707635759381
     ], [ 134004369787 ], [ 1522184448331, 2455577696509309 ],,, 
  [ 15302667799 ], [ 14024831088428465827387 ], [ 6503747869 ], 
  [ 348838537570410845034577 ], 
  [ 4802153717831, 120026553038771, 230023688208294191 ],, 
  [ 102395732020035618265383326833 ], [ 1659404027, 16827888827543475053 ],, 
  [ 24244775851, 175374079351 ], 
  [ 15127152361289, 176449401849302883642833, 77838318621143002797882557105173
     ], [ 5500433093, 6965973631, 2095736534365506289489 ],, 
  [ 55082223611660183, 1621483589728951524807001 ], 
  [ 572111085546223596152161 ],, [ 43159007253627173013536065548989 ],, 
  [ 29381775361 ],, 
  [ 34604784196761673, 290109970883321093, 71202022211978927886008304753335828\
5188869 ],, 
  [ 160999507821131068818161455969, 9778019396773461147021798025000595729 ], 
  [ 5422659880797251189, 20448369253351357056689 ], 
  [ 355673798102275674605073001 ], 
  [ 649982807667467, 45801455635037212445791 ], 
  [ 2124292886393749507001, 15682205668328447951640458710590982621 ], 
  [ 133430742641657017387, 37639820006023961563902220921 ], 
  [ 696072226056467323103, 27375620880699541464127 ], [ 75928602529601 ], 
  [ 8265533953, 15228692161 ], [ 129377614481 ], 
  [ 3685209440767, 4221561094551431, 30322536244471958411, 
      37540111814682076556126988889 ], [ 3229785622483836408631 ], 
  [ 63103904991978001 ], [ 4677617923389667351 ], 
  [ 333402628366219933, 566310266138223821041 ],, 
  [ 3736531030393399268369, 9381610036352991375306161, 
      14067654093409979125311175851353, 333085071139110214628318436070393 ], 
  [ 1084189471, 3846751021, 793060258254940201, 17946198688237654257361, 
      42588080293555522298779034641 ], [ 31262734549 ], 
  [ 625708347349, 678750266885903 ], [ 1222372297, 42383003821237 ],, 
  [ 1218122071, 354824400041, 1062068167192066881881, 
      489885390738227267469413997391 ],,,, 
  [ 113391840105993114254637922558442758764654727 ], 
  [ 883875443531, 1682781263021 ], [ 44758320481993 ], 
  [ 1489135626479708954986357 ], [ 1524220007094827927 ], 
  [ 37759823599, 697084431784861, 904499903378579097358857859 ], 
  [ 277532947608076948561 ], [ 7184170385129, 93164419103933 ], 
  [ 173930109106807, 130689463520723567 ], [ 23001239457374446515954739 ], 
  [ 134925508561, 5407409501609 ], [ 277183215876751 ], 
  [ 2283125174443, 1929339990895786686675273187 ],, [ 7531164375041 ],, 
  [ 1314741221, 10839587071, 107814755094671 ],, 
  [ 7504930753, 1727886170161273 ], 
  [ 1836521723, 10682762693, 2365011866897, 212777463509899 ], 
  [ 3795462767, 24336767124608873657203822265063 ],, [ 1352210600676329 ],, 
  [ 180314252952458670211, 58389428909717674544094734116963 ],, 
  [ 574039056684977461627745606727926621 ], 
  [ 26682057874394491, 19437015365687180387809 ], 
  [ 3942723104766683, 253095636497010557501, 20072934081115312369793, 
      987465118363384147491307330803829, 28390234207495055008132710973770193 ]
    , [ 5313878293153 ], [ 1355509446653093386380489973972984208522113 ],, 
  [ 1051430660972617909042051, 1651795132241489061519551891 ], 
  [ 1121515039 ], [ 1560605003838029 ],, 
  [ 1199583578287351, 3413491649750122351 ],, [ 4653661037321 ], 
  [ 5449150820958499 ],,,,, [ 784695971330925022297, 74004970513960415327701 ]
    , [ 63958494757, 3038733713293, 644441629016011 ], 
  [ 337847512001, 29724242275969921 ],,,,, [ 1109360935870441 ],,,,,,,,,,,, 
  [ 1434941242998163, 6704437509985333, 25290369539354585551 ], 
  [ 13870066985030760239, 116614932073232557423 ],, 
  [ 303418886401, 1517043505890566818895703809761 ],, [ 73429040231 ],,,, 
  [ 6021182376235453657, 628076633606477814937 ],, [ 368112017961332873 ],, 
  [ 9158932711, 636809449737451635735401 ],, [ 3324190176248051093953 ],, 
  [ 665071281509, 1067053442962563960937883 ],, 
  [ 30571678685586277, 51074461305001662026689 ],, [ 276473187689443471 ],,,, 
  [ 62977563583703 ],,,,,, [ 30639499295537344369 ],, [ 12394519201 ],, 
  [ 63264451489, 59499701313733 ],,,,,, [ 6970597062931 ],,,,,, 
  [ 119572415201, 261041593793, 1783962626881 ], 
  [ 102743923501, 204084413834401 ], [ 22171379249, 176788213708399 ],, 
  [ 2019398490214514928827557488241 ],,,,,, [ 10675511149447 ],, 
  [ 29233114673629 ],, [ 86107915433 ],, [ 8967162919174473961681 ],,,, 
  [ 22280868614926301 ],, 
  [ 2492466589, 150441960511, 333432083618891857, 29026093547998344620611 ],, 
  [ 4317492396929, 29732435292529 ],,,, [ 226725370478308805041 ],,,,,, 
  [ 15926410320040739360953063 ],,,,,, [ 76424985180010632631472161 ],,,,,, 
  [ 3695944141 ],,,,,, [ 8229601573, 2370799687275781, 176481760108772578237 ]
   ,,,, [ 582877125881, 350714973351121 ],,,,,,,, [ 12691034423210145889 ],,,,
  ,, [ 2498412883, 1700966539133002158361 ],,,,,, [ 26513060784754501 ],,,,,,,
  , [ 925196806073 ],,,,,,,,,,,,,,,, [ 1388852687881 ],,,,,, 
  [ 4092902686988792161 ],,,,,,,,,, [ 5482096899401 ],, [ 7951471796629 ],,,,,
  ,,, [ 4713724670134201 ],,,,,,,,,,,,,,,, [ 75921869167 ],,,,,,,,,,,,,,,,,, 
  [ 11202597347713 ],,,,,,,,,,,, [ 3555526789, 20337351409 ],,,,,,,,,,,, 
  [ 704770538569 ],,,,,,,,,,,, [ 68475453481 ],,,,,,,,,,,,,,,,,,,,,,,,,,,,,, 
  [ 149630999137201 ],,,,, [ 8937795394711 ],,,,,,, [ 12928145340727 ],,,,,,,,
  ,,,,,,,,,,,,,,,,,,,,,,,,,,,,,,,,,,,,,,,,,,,,,,,,,,,,,,,,,,,,,,,,,,,,,,,,,,,,
  ,,,,,,,,,,,,,,,,,,,,,,,,,,,,,,,,,,,,,,,,,,,,,,,,,,,,,,,,,,,,,,,,,,,,,,,,,,,,
  ,,,,,,,,,,,,,,,,,,,,,,,,,,,,,,,,,,,,,,,,,,,,,,,,,,,,,,,,,,,,,,,,,,,,,,,,,,,,
  ,,,,,,,,,,,,,,,,,,,,,,,,,,,,,,,,,,,,,,,,,,,,,,,,,,,,,,,,,,,,,,,,,,,,,,,,,,,,
  ,,,,,,,,,,,,,,,,,,,,,,,,,,,,,,,,,,,,,,,,,,,,,,,,,,,,,,,,,,,,,,,,,,,,,,,,,,,,
  ,,,,,,,,,,,,,,,,,,,,,,,,,,,,,,,,,,,,,,,,,,,,,,,,,,,,,,,,,,,, 
  [ 4931855111, 144936514451 ] ];
