BRENTFACTORS[6247]:=[ ,,,,,,,,,,,, [ 59367665579 ],,,,,, 
  [ 4681259560547, 3634856640257483 ],,,, 
  [ 8136763177, 11594396641623164096122417029509, 
      24385295757214164692569204678949324412391 ],,,,,, 
  [ 164576771186543, 3357022023021331425947, 4444886604949578837217625333, 
      78027616739286750151806164745457 ],, 
  [ 3977112342989, 264521989202912210868459497023, 
      11147214915287717808703510157223475031754300976736924119614342353 ],,,,,
  , [ 3458036182245690977, 1202470426135567043303 ],,,,,,,,,,,,,,,,,,,,,, 
  [ 6197899997383, 77054496103714271 ],,,,,,,, [ 291667986237847 ],,,,,,,,,,,
  , [ 929753323433475913 ],,,,,,,,,,,,,,,,,,,,,,,,,,,,,,,,,,,,,,,,,,,,,,,, 
  [ 2023764475451 ],,,,,,,,,, [ 30190821247 ],,,,,,,,,,,, [ 238558857841 ],,,,
  ,,,,,,,,,, [ 16066452834227 ],,,,,,,,,,,,,,,,,,,,,,,,,,,,,, 
  [ 64958255113396663357 ] ];
