BRENTFACTORS[351]:=[ ,,,,,,,,,,,,,,,,,, [ 14019690915401161 ],,,,,, 
  [ 385388997679072601 ],,, [ 6598314157 ], 
  [ 3917612106503, 121727013134197, 35547329816710141 ],, 
  [ 9771595304209642217 ],,, [ 4510816422873253 ], 
  [ 110673722519524639492361 ],, [ 66927569791454857 ],, [ 1298967853 ], 
  [ 38686913561 ], [ 35270886212071273709923098713 ], [ 891388021189 ], 
  [ 6496470703 ],,,, [ 861347937511651, 346871968642169679847 ], 
  [ 1647152914609 ], [ 10378712809109, 4233009628226249339858255302753451 ],, 
  [ 6132603192319 ], [ 31165408613, 108164716609 ], 
  [ 137974167329, 40842402503376962953 ], [ 240316745162976829 ], 
  [ 33268139741, 1577330249576718657791 ], 
  [ 138289478377, 286650305369, 12602709405833 ], 
  [ 5575750066657, 9794026463923527687259 ], [ 21618962655463 ], 
  [ 117763406195152082060173, 1107448751644757679339157 ], 
  [ 2359195872956641 ], [ 11464671886185465712249, 14754190984733539604623 ], 
  [ 94684613907556259 ], [ 2386942096812590773, 1798582200092177310076393 ],, 
  [ 30241475161, 43478415371 ], [ 3967991017, 2873921155117 ], 
  [ 91896082039, 219288640355677 ], [ 2548162885747205372566173066196169 ], 
  [ 120503850334831010681914842931258842937 ], [ 4563159623839793934721 ], 
  [ 333927409726339981963, 19149057422432493011956609939, 
      11588283317477854098351606555811 ], [ 253472324200991199217 ], 
  [ 90056947861 ],, 
  [ 61570332577326151, 5582914656696411632683934324401908751 ], 
  [ 264392191729, 22940794238383842714337171291262561 ], 
  [ 231434608437885682109897 ], [ 9189792769, 6731865331192578799 ],, 
  [ 2490889361, 1478938093601, 7746919556994561709140161 ], 
  [ 5395575960889506969216411827097660388319314543 ], 
  [ 942443821428986881, 80614410937776698088191 ],,, 
  [ 35933175571, 22874468370262711 ], [ 5408342717 ], 
  [ 1617607339623592836823, 2444431433898523310083, 
      114222667301976797950368331 ], [ 8730852329, 461222532268697 ], 
  [ 475001995411303869749, 7444407954323549802629761 ],,,, 
  [ 403932294658884333169, 3835042016467818974573251 ], 
  [ 83155518123872923, 1031231975905925034114809383518840823 ],, 
  [ 1042793377 ],, [ 11676900680787281029819418411 ], [ 545736887129017 ], 
  [ 1186806001, 2258634228601, 151097325899364985817439499501 ],, 
  [ 611867174310111376609 ],,, [ 11865460575484531, 17633321063628142479391 ],
  ,, [ 6144128101, 71005353839712533724949 ],, 
  [ 6452970481, 217015264951, 165529020316991 ], 
  [ 2541683170381, 635766748606854008618317 ], 
  [ 21939104881, 386618810132799077181576593 ],, [ 290366080549 ],, 
  [ 6788761707544425682093 ],, [ 117283839593, 34159190338507857463 ], 
  [ 37875613371653 ],,, [ 11345438191 ],, [ 17149893101101 ], 
  [ 743568448883062501 ], [ 7211718517753 ],, [ 3232481473798518567866113 ],, 
  [ 1975408954614275030581094131 ],, 
  [ 27708725617, 821625304405093, 20613817712128477, 1040787442186095678097 ],
  [ 86439986431, 3835795404643976551 ],, 
  [ 68686895161, 618538990447133461, 655380794721652197139351, 
      542994252465067327376877702421, 
      237906497972474978805882818343371761328543131 ], 
  [ 145321017449, 1067147358001 ],, 
  [ 7413464458963, 28200633979938793, 2981253870777152335794901 ],, 
  [ 21115667142641 ],, [ 374753463943 ], 
  [ 6064229029, 30266031034669, 55314561723110569309 ],,,, 
  [ 3645319825057, 32590240453818391 ], [ 6819554442881 ],, [ 899212525051 ],
  , [ 3637967701321, 900456655648063753, 43677388779676443648660217 ],, 
  [ 31607833397912695771 ], [ 3815980229493176561 ], 
  [ 104145557620286715622304066850016827591022507489 ],, 
  [ 8004751646207543591719 ], [ 204350207371 ], [ 15991550308920001 ],, 
  [ 66978810356379841 ],,,, 
  [ 107230153813, 96031245124277651, 2683520301476511047, 
      16792332684497931427 ],, 
  [ 39245038561, 348597369457, 11345125183242809617 ],, [ 335082786211 ], 
  [ 232523909623387 ], [ 308149149041 ],,,, [ 3559102860193 ], 
  [ 233613162553, 1488695981167 ], [ 41354200003003 ],,,, 
  [ 5006654403510478993, 862578034541617815167839, 
      10197851762125954548422627191 ], [ 1037927796806311 ], 
  [ 2879454047509577689 ],, [ 3041372863, 32519917686195429851819383753 ],, 
  [ 116922288933649 ],,,,,,, [ 94477954565518681 ], 
  [ 94078156617257, 2114717998868021, 212139874983714950497 ],, 
  [ 196076750958001, 1428068753884967334971689, 
      5304638085656843475629162838966061 ],,,, [ 1284640009 ],, 
  [ 419654670107842138117 ],,,, [ 249798527057, 746684620463809 ],, 
  [ 1044828114331, 7469386050674941, 20441266928820105481 ],, [ 1049541617 ],
  , [ 2449901533 ],, [ 4931080201 ],,,, [ 3116052941 ],,,,,, 
  [ 125956351063, 116051128200083 ],, [ 221199496688977, 1762296086427589 ],,
  , [ 36003490909, 80042684569 ], [ 375063514798033, 110229107779456405849 ],
  , 
  [ 21440602171, 931969047907, 4812592652840659129327, 41090261513139427284610\
3, 23180578193769209976613171454890147 ],,,,,, 
  [ 71122870343701681, 109761823361977407482055841 ],,,,,, 
  [ 1205521953553001964541 ],,,, 
  [ 1533771208001, 182616793799480436069759751 ],, [ 497638539217 ],,, 
  [ 1233701221 ], [ 41583928577 ],,,, 
  [ 9730037981, 5233890497161, 66692831670905846641 ],,,,,,,,,,,,,,,, 
  [ 3034943942880841 ],,,,,,,,,, [ 67607931917527 ],, 
  [ 115413473953, 4262554568161, 76119775631011509773061977281 ],, 
  [ 70843415021 ],,,, [ 12785672757032353262874763 ],,,,,, 
  [ 5248876692963235427101 ],,,,,,,,,, [ 24123197355644658151 ],,,,,,,, 
  [ 3160837003, 6649888801, 59394012327061 ],,,,,, [ 4031519667913 ],,,,,, 
  [ 468273639571, 45613742867310116788741 ],,,,,, 
  [ 1801807393, 435441293972497 ],,,, [ 787986822341 ],,,,,,,,,, 
  [ 89618784577351 ],,,,,,,,,,,,,,,,,,,,,,,,,,,,,,,,,,,,,,,, 
  [ 1729946820405571 ],,,,,,,,,,,,,,,,,,,,,,,,,,,,,, [ 6292878061 ],,,,,,,,,,,
  ,,,,,,,,,,,,,,,,,,, [ 1715883537033901 ],,,,,,,,,,,, [ 13515038012552077 ],,
  ,,,,,,,,,,,,,,,, [ 3936171361 ] ];
