BRENTFACTORS[2861]:=[ ,,,,,,,,,,,, [ 5316820237 ],,,, [ 670177766787989 ],, 
  [ 3759153421 ],,,, [ 35580778153402990154963663 ],,,,,, [ 495364727993981 ],
  , [ 4568340546456689 ],,,,,, [ 29042436319952418691 ],,,, 
  [ 8853198828751, 361088532249429426280124149, 
      494076519574345867933278015463, 
      426451603988892315668268624161558538996466951402696155199773195199 ],, 
  [ 1322928197, 51686369629, 10397310405192230811098713519469095073 ],,,, 
  [ 1669915715953, 18863508231837972464549 ],,,,,, 
  [ 14382864401, 3173758662211719801196649265959 ],,,,,, [ 374272377269543 ],
  , [ 158193571756442779, 322909307706276434603, 27584504724404505397364951, 
      49898824361854205561606255993951 ],,,,,,,,,,,, 
  [ 1532633440867, 1508302568002583 ],,,,,, [ 4780668569 ],,,,,,,,,, 
  [ 781316386922958968899 ],,,,,,,,,,,, [ 160278436817 ],,,,,, 
  [ 101191342577150509 ],, [ 332808660697489657 ],,,, [ 168799917238517 ],,,,,
  ,,,,,,,,, [ 1390494222436059326051 ],,,, [ 20707448694522425001544422097 ],,
  ,,,,,, [ 17595254119 ],,,,,,,,,,,,,,,,,, [ 249951444313 ] ];
