BRENTFACTORS[8623]:=[ ,,,,,,,,,, [ 2548822981, 86359648683727 ],,,,,, 
  [ 362734736714847834671, 2576293857767979838922869041187154397153871 ],,,,,
  , 
  [ 43575426619, 249775160801, 3530260952168256057161, 99985531099948286899374\
18584037421424182667 ],,,,,,,,,,,,,,,,,, [ 631907974135051 ],, 
  [ 31906414975614929 ],,,, [ 11513882499989, 10274848505090163191 ],,,,,,,,,,
  ,,,, [ 9814003574668642309 ],,,,,,,,,,,, [ 1668252265309327 ],,,,,,,,,, 
  [ 8487279209, 636285557878741 ],,,,,,,,,,,,,, [ 24073630848089832199 ],,,, 
  [ 1195888279, 169988425721 ],,,,,,,, [ 12267822689 ],,,,,,,,,,,,,,,,,,,,,,,,
  ,,,,,,,,,,,,,,,,,,,,,,,,,,,,,,,,,,,,,,,, [ 17393213093 ] ];
