BRENTFACTORS[816]:=[ ,,,,,,,,,, [ 97882263667 ],, [ 66207362818117 ],,,, 
  [ 4836658318849127 ],, [ 100307907450922489 ],, [ 63956383289863 ],, 
  [ 380501810609951353624933 ],, [ 87722456351, 149530180590101 ],,, 
  [ 235684455049 ], [ 3783140538523 ],, 
  [ 11915704351963993939, 6766113150000815943699942181 ], [ 8896037281 ],,,, 
  [ 155037390733 ], 
  [ 4583628904412911, 82428613393268707663770443, 308775844030322990821408757 
     ], [ 2407111673, 307503157301 ], [ 93761844134983987 ], [ 39518458081 ], 
  [ 7376664118268093140302427 ],, 
  [ 492165257326681, 304361820623586413369366551, 
      3141325677787257660822251969983095629 ], 
  [ 876948604595406664700193937 ], [ 115394905581950432121945931 ], 
  [ 2313970418994133, 1094997131036998853 ], 
  [ 3071063771627616326541448923217, 7668476382668685345192298960656196533049 
     ],, 
  [ 5406398537, 234875915058430363726324919, 157793295797972669542924754331835\
8461 ], [ 10869364651 ], [ 2659210115967636841 ],, 
  [ 14410981007, 32950364047, 38405218546661409127, 4318671908141714900971 ],,
  , [ 13790023969, 550959880893124736881 ], 
  [ 1458644479, 1154568891233384165316103 ], [ 269321506037 ], 
  [ 50713477967 ], [ 2278885685369701 ], [ 96749716676443 ], 
  [ 33397910218283848976909 ], [ 624454487107217836787139661 ], 
  [ 21327384765126653491457, 208738875028943882599837854395243393 ], 
  [ 384732900935707028827292609707237857178090295835041 ], 
  [ 2717100200461417 ], [ 210145293373, 14590655319327696251 ], 
  [ 85574717981, 2292928620648430613 ], 
  [ 3540651135883, 66630476273523124677971842818969259 ],, 
  [ 393740522774801899313 ], [ 395895166244968188529 ],, [ 4872431395297 ],, 
  [ 45017557651028984142029018839529 ], [ 25059977176186388899 ], 
  [ 36750685231425566136691567 ], [ 698257698793, 23737694725884019403 ], 
  [ 31044447121, 18397761390481809872900152801 ], 
  [ 9901350577, 9685776151837818451, 103761267410092998347774893, 
      2184860750538217565559910573 ], 
  [ 113093282587, 1294302130111561527941, 2131463060100958694718685596427003 ]
    , [ 435556693583159 ], [ 70333885931660653 ],, 
  [ 21180887397862039, 4242110177166161551 ], [ 2077669362963234632743 ], 
  [ 6976979545624177, 158042935723330153 ],, [ 2690571760268988781 ], 
  [ 51174116449, 280167983551, 3292076092017897066611 ], 
  [ 5544942056220877485582276253 ], 
  [ 1723785134530159, 20679757405908628624626417001035787 ], 
  [ 7329779879918200914103 ], [ 1676316991, 31945890364061 ], 
  [ 5036597143241286529 ], [ 322555299530713 ],, [ 8591575267191907 ], 
  [ 63181046911594776947284024601007755072209774719549401 ], 
  [ 2648129446701911761307713 ], 
  [ 8185593127, 21311844607, 57879043099, 373874223937, 45152077243309 ],, 
  [ 10089378179110777, 1861402658196848211674753473, 
      50652876930057217727983576468396362595121 ], 
  [ 306355222073498591491, 358601229148437920019635982970217902234846741 ], 
  [ 21116179380931194654917, 788743754228441667185117660489 ],, 
  [ 174315847225918122206390341 ],, 
  [ 76252841636731, 493726373915211284169867532089026616994721 ], 
  [ 3888383248921 ], 
  [ 5978760259068496481, 234877398237507926846817348081610925131297 ], 
  [ 28489031839 ], [ 96187584920697031 ], [ 6967508477398981 ],, 
  [ 236526856899607 ], [ 63931171941169542631 ], [ 414338224343 ], 
  [ 5500362001, 55847159281, 75903339228961, 461000410145801041 ], 
  [ 4488589381, 7902130303 ], [ 11916251887723 ],, 
  [ 91956355192567845735163273 ], [ 21722692474771751 ], 
  [ 211306964712353099983, 683269853758617477112794570037681864531 ],,,, 
  [ 15430609091, 59344557091, 
      5085901056642460134378055134677098354668650960371 ],, 
  [ 1504867799780533, 8804367946228214505165269278105374013 ], 
  [ 1473761904677693 ], [ 38145035962723, 46818377494720555994353 ], 
  [ 2422512380791, 752237070291151741 ], [ 1367257097, 3935504342432932169 ],
  , [ 1000452529, 90272659311529, 25265041959475348541419 ],, 
  [ 5918878981, 2904588246841, 718321206138010831021, 
      2815520411315934616040838538656001123497461 ], [ 704819086595329 ], 
  [ 5614863254267, 92854560481732189489 ], [ 154947101453, 80785384554733 ], 
  [ 1161516373057, 773713791993889, 6902343022347793 ],, 
  [ 101126251881802837, 1012491084067503191, 32652439844504350363 ],, 
  [ 5027665673 ],, 
  [ 700509961211249790901, 614558854000535002240352950173026551 ],, 
  [ 1714762748089, 627268566659622622548162409, 
      20774535985590165627565861238513 ], 
  [ 704002922677, 57230989398721, 287642751741721 ],,, 
  [ 70104551886474693337153, 16235904534974120565524179178100901 ],, 
  [ 2250801167 ],,,, [ 14571825663537956701 ],, [ 592245350750737 ], 
  [ 530013562624146718602211 ], 
  [ 447133486528301, 48542808451281260333579867 ],, [ 9465217273 ],, 
  [ 104367990691 ], [ 31531765933, 1484074117711, 26306106188195683 ], 
  [ 12030231089, 294122824241, 11541125668309 ],, 
  [ 6090300856531451617, 7470374025818032118516827 ],,, 
  [ 44062861441, 7311354769993, 53720221186147, 4934659236352159 ], 
  [ 11477508709, 10601910737129 ],, 
  [ 120029232061, 16153786134119275853926177327177712881 ],, 
  [ 7153449031, 4999644119072636489 ],, [ 107338131369849449 ],,,, 
  [ 30949892798286169 ],,,,,,, [ 992829202951 ], [ 57552051184006541 ],, 
  [ 59206310569067522559380749 ],,,,,, 
  [ 11760653272153, 50259038277169, 225743850646046012676564329679841 ],,,, 
  [ 2478541626289 ],, [ 62501617921, 67288089751, 194449529523285116851 ],,,, 
  [ 13814039230728197673779117 ],,,, [ 1651571030419 ],, [ 22912355621 ],,,,, 
  [ 44503620141968101, 140309763487273351 ],,, 
  [ 123678655459016255449, 2544060192230450147929 ],, 
  [ 603856694471, 8661374903456801 ],,,, [ 55004076940177 ],,,,,,,, 
  [ 21290799838214237 ],,,, [ 22121458870039 ],,,, 
  [ 24507837751, 16301479579501, 63261963913932472505251 ],, [ 1637075161 ],, 
  [ 2208283367 ],, [ 462671885571324673 ],,,, [ 47590836281 ],,,,,,,,,,,, 
  [ 771725061301216563857 ],,,, [ 7114915205808692629 ],,,,,,,,,,,, 
  [ 1954194232835695920193 ],,,,,,,,,,,,,,,,,, 
  [ 813784086109, 6214330002799, 33249716953381 ],,,, 
  [ 11645131700701, 787181270173031, 47095631210154071 ],, [ 38540693212321 ],
  ,,,,, [ 19195298611501 ],, [ 1031742401 ],,,,,,,,,, [ 212499408001 ],,,,,,,,
  ,,,,,,,,,,,,,,,, [ 302684033269, 509125590583 ],,,,,, [ 12540088469014921 ],
  ,,,,, [ 978547596193 ],,,,,, [ 386781406237 ],,,,,,,,,,,,,,,,,, 
  [ 9281258221, 10025109121 ],,,,,,,,,,,,,,,,,,,,,,,,,,,,,,,,,,,,,,,,,,,,,,,,,
  ,,,,,,,,,,, [ 921050531101 ],,,,,,,,,,,,,,,,,,,,,,,,,,,,,, [ 45072449761 ],,
  ,,,,,,,,,,,,,,,,,,,,,,,,,,,,,,,,,,,,,,,,,,,,,,,,,,,,,,,,,,,,,,,,,,,,,,,,,,,,
  ,,,,,,,,,,,,,,,,,,,,,,,,,,,,,,,,,,,,,,,,,,,,,,,,,,,,,,,,,,,,,,,,,,,,,,,,,,,,
  ,,,,,,,,,,,,,,,,,,,,,,,,,,,,,,,,,,,,,,,,,,,,,,,,,,,,,,,,,,,,,,,,,,,,,,,,,,,,
  ,,,,,,,,,,,,,,,,,,,,,,,,,,,,,,,,,,,,,,,,,,,,,,,,,,,,,,,,,,,,,,,,,,,,,,,,,,,,
  ,,,,,,,,,,,,,,,,,,,,,,,,,,,,,,,,,, [ 2315003501, 190666704345461 ] ];
