BRENTFACTORS[5119]:=[ ,,,,,,,,,, [ 331362156467 ],, [ 13706958049154371 ],,,,,
  , [ 1021870150957, 266506486763619029 ],,,, 
  [ 162387043613, 40781911415579, 21529901376885175936984489 ],,,,,, 
  [ 330880481524127, 1710458521887029, 2747240035338753989 ],,,,,,,, 
  [ 123654887907428700027419, 141040365116538884838205896285528839653 ],,,, 
  [ 192208357193 ],, [ 1899574021 ],,,,,,,,,, 
  [ 12815395337, 219380654617860284027 ],,,,,, 
  [ 1379419693909, 89552172229620828001 ],, 
  [ 327425513603618871319, 122070716773520211054947 ],,,,,, 
  [ 682041729826080073, 9367729714320813543223 ],,,, 
  [ 4197484817283523, 44095246523968967 ],,,,,,,, [ 115846085010563733736879 ]
   ,,,, [ 1185682475814716778984757519 ],,,,,, 
  [ 8178557361127, 1066936295677560713, 6210757255341737078093571593 ],,,,,,,,
  ,,,, [ 5384546588334335746971971 ],, [ 1294698904073269 ],,,, 
  [ 61119255787, 170128657195369 ],,,,,,,,,,,,,,,,,,,,,,,,,,,,,,,,,,,,,,,,,,,
  , [ 6294049893829 ],,,,,,,,,,,,,,,,,,,,,,,,,,,,,,,,,,,,,,,,,, 
  [ 7800546436651 ] ];
