BRENTFACTORS[293]:=[ ,,,,,,,,,,,,,,,, [ 26845368964417 ],, 
  [ 3550405353498719119 ],,,,,, [ 10245631444151 ],,,, 
  [ 121295498369, 75292533347323340077 ],,,, [ 460972489561 ],, 
  [ 66794029629649631 ],, [ 3546851167184977186234046951293491020491 ],, 
  [ 46680968179 ],, [ 91813998019990093 ],, [ 1950595277497 ],, 
  [ 29994352186959091 ], [ 161751012607 ], [ 1362405024557 ], 
  [ 28078113978529 ], [ 94354631808447067, 34375909661932702637361654707453 ],
  [ 1245928001 ], [ 1903571155998727, 11667672669225384028123596392299 ], 
  [ 18220129489392032327633 ], 
  [ 151019436242770477, 3916057828166503597119596163217528498531 ],, 
  [ 400027694771, 15787639355097721 ],, [ 775580288799386594896303 ], 
  [ 20213558304521, 11838022586300431 ], 
  [ 701296632991, 3791024673841665642130099759 ], [ 1518811561 ], 
  [ 18676729026652092614279, 832909289800950008891213, 
      126130965988625758685233769 ], 
  [ 5443395811247, 4547046638037461, 18293175394268359219 ], 
  [ 1751463001, 122872830193, 40184527233080287 ], 
  [ 763366288897, 3353460797836376463799188937537 ], [ 14515310300799752471 ],
  [ 3024769243 ], 
  [ 12769539150286017732831073, 6499666602730796869768206633507383868251414688\
0110424158753 ], [ 3685854661, 11868672877, 16377903776501 ], 
  [ 9389397492074724709034000005522922941 ], [ 1776744971 ], 
  [ 4890475820600754049 ], [ 3209436510128129881 ], 
  [ 187818981922988821, 603908965365789068429, 
      111287756258122611506992017322799567221 ], 
  [ 3304766709394969963, 1312332925709296414029979 ], 
  [ 70963647282018451, 3579958802696831042899721501601593684551 ], 
  [ 9659869708276967421299995913 ], [ 6857180947 ],, 
  [ 241154510708683309654613 ], [ 2371372615776497200171390195875114001 ], 
  [ 35809737610463847664878570782167, 67089202259260295942356436163207714871 ]
    , [ 2046425867 ], 
  [ 12262079564237044653332257, 3619388872937554350299680369, 
      1566027726877834750486723821761194259209, 
      692938125261438263595699121980835722405559368149 ], 
  [ 117983033626867628353 ], 
  [ 95918841091, 687441457771, 111342551558971, 658357820129995806421, 
      88723105661213485212562411 ], [ 1931104603427 ], [ 1841530922353 ], 
  [ 320916961526678571473, 78989655031448277680845998902153 ], 
  [ 311625525647792544499 ],, 
  [ 3208953571722884603152133785591391383886581, 43078235013003291208832431877\
9334091726332451927 ], 
  [ 2813372330393, 23349044666724449, 112136316227813962333 ],,, 
  [ 1572262541, 841278182711, 1758021058471, 1073404971743007721, 
      17730453785833609094416104550889011631, 
      1297363016730388630463601387338894768021 ], 
  [ 101510320494685911508398464483617 ], [ 11903500307, 1024584468367 ], 
  [ 1670564057, 253690514992867 ], 
  [ 16280159299322874733948313806970191783745221 ], 
  [ 1622046598270870328545801 ], [ 2539854071, 2755437995311 ],, 
  [ 5037505667, 10976910233, 14517912470119, 64883238066893, 
      99288190811196661213 ], [ 401468783041, 10688819185508257 ], 
  [ 47938803437071, 556156176777811, 21416128490482831340761 ],, 
  [ 75253621519, 10835553388900444849487237, 
      3923482225007818189926199214947069 ], 
  [ 11803334797, 1083348836547697, 7068228178448439852625693 ], 
  [ 2143512010562214631 ], [ 502143850561, 18693553141121 ],, 
  [ 1195550497, 22364927505479151174488429377, 
      21739141371415880534300264973015115169 ], [ 60899872639 ], 
  [ 10564788919, 35144745519206929, 6703211596427130874723 ],, 
  [ 5679245161, 7543226657, 1652569154701840997, 89317753877100411256638713 ],
  [ 44481867457733406444511 ], 
  [ 2858532131853353029016969089031679357597348547 ], [ 6562188599 ],,, 
  [ 2106467511394817862361729216253 ], [ 2541594801019 ],,, 
  [ 8723130697, 12280647581797118122972801 ],, [ 54859357057 ],, 
  [ 149640174599891, 54747428126331935021 ], [ 2513617259 ],, 
  [ 1385514290707, 4386217155237611, 292391490635614168523265311 ], 
  [ 1425998013078787787, 138769535784053538260468152348720748791 ],,,, 
  [ 208679036380684057, 10492144008699623449, 970274532537459249360423544651 ]
    , [ 33681268455151 ], [ 600484618021, 3174633764328601 ],, 
  [ 208310892331, 54498996770997174894792222288342322488905297, 
      25693035151660922918836581153434285465835240759195421 ],, 
  [ 4639127184739384053125397409, 54309589649672896247883597361 ],, 
  [ 5165911139, 8567909261, 15574256833, 866841111965528312869 ], 
  [ 280601739043669, 770442528057890773 ], 
  [ 2473517933, 213843577220456597472112894501, 
      15166935310122568910302827296796331121 ], [ 255875310427556153 ], 
  [ 8968953451938496805934267691651 ],, 
  [ 2006477521, 8688570032331333618151817475953721521905921 ],, 
  [ 52514998229, 252233709883, 929514729251845244198373607 ], 
  [ 881697196119748831 ], [ 256863278643366268241317 ], 
  [ 3147593918243, 6360502566401 ], [ 85935348774053 ], [ 2953533013153 ], 
  [ 1326191294401, 176884870016940101109847525031877891496953956321 ],, 
  [ 1410878407447482802171525530944371 ],, [ 1706038668803551739149 ], 
  [ 990223114651 ],, [ 75569558443 ], 
  [ 108129782325738163714753, 80051951629044259056709066699030290361 ],,,, 
  [ 42969570793, 746000684279259486941323013 ], [ 239515873357609 ], 
  [ 309081710701619102875731239428615431217 ],,, [ 1946506879 ], 
  [ 139051483400695795655169078478241, 
      13165293295282275555380179332311659144684649119057 ],, 
  [ 12558894341221078852089752470801, 556657091760787189396839589820742849961 
     ], [ 20491019270540608039 ], [ 1137300478436791979083561789 ], 
  [ 171994161202617139 ], [ 81535993243448594069173317457 ],,,, 
  [ 3568519974373493016307977949 ],, [ 20693456701 ],, [ 14220293550274561 ],
  , [ 105275759745661, 112085497317664167436591 ], 
  [ 8025366961, 7864087935601 ],,, 
  [ 14746591279494938772060769, 13848821974356672400141136376725299 ],, 
  [ 5419471885601, 5551899709020788006418401, 74864906875899245274170201, 
      139069427309141812744580128521228484656231313456438025991949001 ],,,, 
  [ 3280967293 ],,,, [ 10042348255889 ],, 
  [ 46908119689521650171195011, 1092072766407663519404250493698036361 ],,,, 
  [ 3017131217 ],,,, [ 3565799224472423 ],, [ 378048967423063201 ],,, 
  [ 1400402453867317 ],, [ 207821157619963051 ], [ 79898118444719 ],, 
  [ 22115580285132277 ],,,,,, [ 1236182589876547 ],,,, [ 1251068659 ],, 
  [ 32664560881, 3790169901841 ],,,,,, 
  [ 25807523275201, 290081050248175471, 753195282523117711 ],,,, 
  [ 7503083251, 965731425160501, 102668895913184590274501 ],, 
  [ 500454323461, 301620013693993 ],,,, [ 10548552961 ],, 
  [ 179257417053604501, 674863013795963206099 ],, 
  [ 47639165341, 3926005984684261756981 ],,, [ 2702472900596893 ],,,,,,, 
  [ 219392017021 ],, [ 7432673089 ],,,,,,,, 
  [ 25310193094765153681, 93037334570635537601, 152512050808443293801 ],,,,,, 
  [ 5298887538517 ],,,,,,, [ 2847485341, 3643381110124333 ], 
  [ 7867295207839159 ],,,,,, 
  [ 873901447014601, 9875531096309202984096301, 357871926148085294957470860601
        , 5291102294385220054886939634989446103843187825601 ],,,,,, 
  [ 262896729703831 ],, [ 3136440077, 28165474877, 272856597553 ],, 
  [ 2481864961 ],,,,, [ 418444389721 ],,,,,,,,, [ 31462458441199921 ],,,,,,,,,
  ,,,,,,, [ 6832921861 ],, [ 1166078071 ],,,,,,,,,,,, [ 54062102607859 ],,,,,,
  ,,,,,,,,,,,,,,,,,,,,,,,,,,,,,, [ 1629816631, 23771098261 ],,,,,,,,,,,,,,,,,
  , [ 1141617049 ],,,,,,,,,,,,,,,,,,,,,,,,,,,,,,,,,,,,,,,,,, 
  [ 1706798701, 21067582951 ],,,,,,,,,,,,,,,,,,,,,,,,,,,,,,,,,,,,,,,,,,,,,,,,,
  ,,,,,,,,,,,,,,,,,,,,,,,,,,,,,,,,,,,,,,,,,,,,,,,,,,,,,,,,,,,,,,,,,,,,,,,,,,,,
  ,,,,,,,,,,,,,,,,,,,,,,,,,,,,,,,,,,,,,,,,,,,,,,,,,,,,,,, 
  [ 259048348651, 209529163149716676235905181 ],,,,,,,,,,,,,,,,,,,,,,,,,,,,,,,
  ,,,,,,,,,,,,,,,,,,,,,,,,,,,,,,,,,,,,,,, [ 762309004801, 2254783195001 ],,,,,
  ,,,,,,,,,,,,,,,,,,,,,,,,,,,,,,,,,,,,,,,,,,,,,,,,,,,,,,,,,,,,,,,,,,,,,,,,,,,,
  ,,,,,,,,,,,,,,,,,,,,,,,,,,,,,,,,,,,,,,,,,,,,,,,,,,,,,,,,,,,,,,,,,,,,,,,,,,,,
  ,,,,,,,,,,,,,,,,,,,,,,,,,,,,,,,,,,,,,,,,,,, [ 59379682501 ],,,,,,,,,,,,,,,,,
  ,,,,,,,,,,,,,,,,,,,,,,,,,,,,,,,,,,,,,,,,,,,,,,,,,,,,,,,,,,,,,,,,,,,,,,,,,,,,
  ,,,,,,,,,,,,,,,,,,,,,,,,,,,,,,,,,,,,,,,,,,,,,,,,,,,,,,,,,,,,,,,,,,,,,,,,,,,,
  ,,,,,,,,,,,,,,,,,,,,,,,,,,,,,,,,,,,,,,,,,,,,,,,,,,,,,,,,,,,,,,,,,,,,,,,,,,,,
  ,,,,,,,,,,,,,,,,,,,,,,,,,,,,,,,,,,,,,,,,,,,,,,,,,,,,,,,,,,,,,,,,,,,,,,,,,,,,
  ,,,,,,,,,,,,,,,,,,,,,,,,,,,,,,,,,,,,,,,,,,,,,,,,,,,,,,,,,,,,,,,,,,,,,,,,,,,,
  ,,,,,,,,,,,,,,,,,,,,,,,,,,,,,,,,,,,,,,,,,,,,,,,,,,,,,,,,,,,,,,,,,,,,,,,,,,,,
  ,,,,,,,,,,,,,,,,,,,,,,,,,,,,,,,,,,,,,,,,,,,,,,,,,,,,,,,,,,,,,,,,,,,,,,,,,,,,
  ,,,,,,,,,,,,,,,,,,,,,,,,,,,,,,,,,,,,,,,,,,,,,,,,,,,,,,,,,,,,,,,,,,,,,,,,,,,,
  ,,,,,,,,,,,,,,,,,,,,,,,,,,,,,,,,,,,,,,,,,,,,,,,,,, 
  [ 153023081401, 30706840054801 ],,,,,,,,,,,,,,,,,,,,,,,,,,,,,,,,,,,,,,,,,,,,
  ,,,,,,,,,,,,,,,,,,,,,,,,,,,,,,,,,,,,,,,,,,,,,,,,,,,,,,,,,,,,,,,,,,,,,,,,,,,,
  ,,,,,,,,,,,,,,,,,,,,,,,,,,,,,,,,,,,,,,,,,,,,,,,,,,,,,,,,,,,,,,,,,,,,,,,,,,,,
  ,,,,,,,,,,,,,,,,,,,,,,,,,,,,,,,,,,,,,,,,,,,,,,,,,,,,,,,,,,,,,,,,,,,,,,,,,,,,
  ,,,,,,,,,,,,,,,,,,,,,,,,,,,,,,,,,,,,,,,,,,,,,,,,,,,,,,,,,,,,,,,,,,,,,,,,,,,,
  ,,,,,,,,,,,,,,,,,,,,,,,,,,,,,,,,,,,,,,,,,,,,,,,,,,,,,,,,,,,,,,,,,,,,,,,,,,,,
  ,,,,,,,,,,,,,,,,,,,,,,,,,,,,,,,,,,,,,,,,,,,,,,,,,,,,,,,,,,,,,,,,,,,,,,,,,,,,
  ,,,,,,,,,,,,,,,,,,,,,,,,,,,,,,,,,,,,,,,,,,,,,,,,,,,,,,,,,,,,,,,,,,,,,,,,,,,,
  ,,,,,,,,,,,,,,,,,,,,,,,,,,,,,,,,,,,,,,,,,,,,,,,,,,,,,,,,,,,,,,,,,,,,,,,,,,,,
  ,,,,,,,,,,,,,,,,,,,,,,,,,,,,,,,,,,,,,,,,,,,,,,,,,,,,,,,,,,,,,,,,,,,,,,,,,,,,
  ,,,,,,,,,,,,,,,,,,,,,,,,,,,,,,,,,,,,,,,,,,,,,,,,,,,,,,,,,,,,,,,,,,,,,,,,,,,,
  ,,,,,,,,,,,,,,,,,,,,,,,,,,,,,,,,,,,,,,,,,,,,,,,,,,,,,,,,,,,,,,,,,,,,,,,,,,,,
  ,,,,,,,,,,,,,,,,,,,,,,,,,,,,,,,,,,,,,,,,,,,,,,,,,,,,,,,,,,,,,,,,,,,,,,,,,,,,
  ,,,,,,,,,,,,,,,,,,,,,,,,,,,,,,,,,,,,,,,,,,,,,,,,,,,,,,,,,,,,,,,,,,,,,,,,,,,,
  ,,,,,,,,,,,,,,,,,,,,,,,,,,,,,,,,,,,,,,,,,,,,,,,,,,,,,,,,,,,,,,,,,,,,,,,,,,,,
  ,,,,,,,,,,,,,,,,,,,,,,,,,,,,,,,,,,,,,,,,,,,,,,,,,,,,,,,,,,,,,,,,,,,,,,,,,,,,
  ,,,,,,,,,,,,,,,,,,,,,,,,,,,,,,,,,,,,,,,,,,,,,,,,,,,,,,,,,,,,,,,,,,,,,,,,,,,,
  ,,,,,,,,,,,,,,,,,,,,,,,,,,,,,,,,,,,,,,,,,,,,,,,,,,,,,,,,,,,,,,,,,,,,,,,,,,,,
  ,,,,,,,,,,,,,,,,,,,,,,,,,,,,,,,,,,,,,,,,,,,,,,,,,,,,,,,,,,,,,,,,,,,,,,,,,,,,
  ,,,,,,,,,,,,,,,,,,,,,,,,,,,,,,,,,,,,,,,,,,,,,,,,,,,,,,,,,,,,,,,,,,,,,,,,,,,,
  ,,,,,,,,,,,,,,,,,,,,,,,,,,,,,,,,,,,,,,,,,,,,,,,,,,,,,,,,,,,,,,,,,,,,,,,,,,,,
  ,,,,,,,,,,, [ 3923784901, 58393222327877192336701 ],,,,,,,,,,,,,,,,,,,,,,,,,
  ,,,,,,,,,,,,,,,,,,,,,,,,,,,,,,,,,,,,,,,,,,,,,,,,,,,,,,,,,,,,,,,,,,,,,,,,,,,,
  ,,,,,,,,,,,,,,,,,,,,,,,,,,,,,,,,,,,,,,,,,,,,,,,,,,,,,,,,,,,,,,,,,,,,,,,,,,,,
  ,,,,,,,,,,,,,,,,,,,,,,,,,,,,,,,,,,,,,,,,,,,,,,,,,,,,,,,,,,,,,,,,,,,,,,,,,,,,
  ,,,,,,,,,,,,,,,,,,,,,,,,,,,,,,,,,,,,,,,,,,,,,,,,,,,,,,,,,,,,,,,,,,,,,,,,,,,,
  ,,,,,,,,,,,,,,,,,,,,,,,,,,,,,,,,,,,,,,,,,,,,,,,,,,,,,,,,,,,,,,,,,,,,,,,,,,,,
  ,,,,,,,,,,,,,,,,,,,,,,,,,,,,,,,,,,,,,,,,,,,,,,,,,,,,,,,,,,,,,,,,,,,,,,,,,,,,
  ,,,,,,,,,,,,,,,,,,,,,,,,,,,,,,,,,,,,,,,,,,,,,,,,,,,,,,,,,,,,,,,,,,,,,,,,,,,,
  ,,,,,,,,,,,,,,,,,,,,,,,,,,,,,,,,,,,,,,,,,,,,,,,,,,,,,,,,,,,,,,,,,,,,,,,,,,,,
  ,,,,,,,,,,,,,,,,,,,,,,,,,,,,,,,,,,,,,,,,,,,,,,,,,,,,,,,,,,,,,,,,,,,,,,,,,,,,
  ,,,,,,,,,,,,,,,,,,,,,,,,,,,,,,,,,,,,,,,,,,,,,,,,,,,,,,,,,,,,,,,,,,,,,,,,,,,,
  ,,,,,,,,,,,,,,,,,,,,,,,,,,,,,,,,,,,,,,,,,,,,,,,,,,,,,,,,,,,,,,,,,,,,,,,,,,,,
  ,,,,,,,,,,,,,,,,,,,,,,,,,,,,,,,,,,,,,,,,,,,,,,,,,,,,,,,,,,,,,,,,,,,,,,,,,,,,
  ,,,,,,,,,,,,,,,,,,,,,,,,,,,,,,,,,,,,,,,,,,,,,,,,,,,,,,,,,,,,,,,,,,,,,,,,,,,,
  ,,,,,,,,,,,,,,,,,,,,,,,,,,,,,,,,,,,,,,,,,,,,,,,,,,,,,,,,,,,,,,,,,,,,,,,,,,,,
  ,,,,,,,,,,,,,,,,,,,,,,,,,,,,,,,,,,,,,,,,,,,,,,,,,,,,,,,,,,,,,,,,,,,,,,,,,,,,
  ,,,,,,,,,,,,,,,,,,,,,,,,,,,,,,,,,,,,,,,,,,,,,,,,,,,,,,,,,,,,,,,,,,,,,,,,,,,,
  ,,,,,,,,,,,,,,,,,,,,,,,,,,,,,,,,,,,,,,,,,,,,,,,,,,,,,,,,,,,,,,,,,,,,,,,,,,,,
  ,,,,,,,,,,,,,,,,,,,,,,,,,,,,,,,,,,,,,,,,,,,,,,,,,,,,,,,,,,,,,,,,,,,,,,,,,,,,
  ,,,,,,,,,,,,,,,,,,,,,,,,,,,,,,,,,,,,,,,,,,,,,,,,,,,,,,,,,,,,,,,,,,,,,,,,,,,,
  ,,,,,,,,,,,,,,,,,,,,,,,,,,,,,,,,,,,,,,,,,,,,,,,,,,,,,,,,,,,,,,,,,,,,,,,,,,,,
  ,,,,,,,,,,,,,,,,,,,,,,,,,,,,,,,,,,,,,,,,,,,,,,,,,,,,,,,,,,,,,,,,,,,,,,,,,,,,
  ,,,,,,,,,,,,,,,,,,,,,,,,,,,,,,,,,,,,,,,,,,,,,,,,,,,,,,,,,,,,,,,,,,,,,,,,,,,,
  ,,,,,,,,,,,,,,,,,,,,,,,,,,,,,,,,,,,,,,,,,,,,,,,,,,,,,,,,,,,,,,,,,,,,,,,,,,,,
  ,,,,,,,,,,,,,,,,,,,,,,,,,,,,,,,,,,,,,,,,,,,,,,,,,,,,,,,,,,,,,,,,,,,,,,,,,,,,
  ,,,,,,,,,,,,,,,,,,,,,,,,,,,,,,,,,,,,,,,,,,,,,,,,,,,,,,,,,,,,,,,,,,,,,,,,,,,,
  ,,,,,,,,,,,,,,,,,,,,,,,,,,,,,,,,,,,,,,,,,,,,,,,,,,,,,,,,,,,,,,,,,,,,,,,,,,,,
  ,,,,,,,,,,,,,,,,,,,,,,,,,,,,,,,,,,,,,,,,,,,,,,,,,,,,,,,,,,,,,,,,,,,,,,,,,,,,
  ,,,,,,,,,,,,,,,,,,,,,,,,,,,,,,,,,,,,,,,,,,,,,,,,,,,,,,,,,,,,,,,,,,,,,,,,,,,,
  ,,,,,,,,,,,,,,,,,,,,,,,,,,,,,,,,,,,,,,,,,,,,,,,,,,,,,,,,,,,,,,,,,,,,,,,,,,,,
  ,,,,,,,,,,,,,,,,,,,,,,,,,,,,,,,,,,,,,,,,,,,,,,,,,,,,,,,,,,,,,,,,,,,,,,,,,,,,
  ,,,,,,,,,,,,,,,,,,,,,,,,,,,,,,,,,,,,,,,,,,,,,,,,,,,,,,,,,,,,,,,,,,,,,,,,,,,,
  ,,,,,,,,,,,,,,,,,,,,,,,,,,,,,,,,,,,,,,,,,,,,,,,,,,,,,,,,,,,,,,,,,,,,,,,,,,,,
  ,,,,,,,,,,,,,,,,,,,,,,,,,,,,,,,,,,,,,,,,,,,,,,,,,,,,,,,,,,,,,,,,,,,,,,,,,,,,
  ,,,,,,,,,,,,,,,,,,,,,,,,,,,,,,,,,,,,,,,,,,,,,,,,,,,,,,,,,,,,,,,,,,,,,,,,,,,,
  ,,,,,,,,,,,,,,,,,,,,,,,,,,,,,,,,,,,,,,,,,,,,,,,,,,,,,,,,,,,,,,,,,,,,,,,,,,,,
  ,,,,,,,,,,,,,,,,,,,,,,,,,,,,,,,,,,,,,,,,,,,,,,,,,,,,,,,,,,,,,,,,,,,,,,,,,,,,
  ,,,,,,,,,,,,,,,,,,,,,,,,,,,,,,,,,,,,,,,,,,,,,,,,,,,,,,,,,,,,,,,,,,,,,,,,,,,,
  ,,,,,,,,,,,,,,,,,,,,,,,,,,,,,,,,,,,,,,,,,,,,,,,,,,,,,,,,,,,,,,,,,,,,,,,,,,,,
  ,,,,,,,,,,,,,,,,,,,,,,,,,,,,,,,,,,,,,,,,,,,,,,,,,,,,,,,,,,,,,,,,,,,,,,,,,,,,
  ,,,,,,,,,,,,,,,,,,,,,,,,,,,,,,,,,,,,,,,,,,,,,,,,,,,,,,,,,,,,,,,,,,,,,,,,,,,,
  ,,,,,,,,,,,,,,,,,,,,,,,,,,,,,,,,,,,,,,,,,,,,,,,,,,,,,,,,,,,,,,,,,,,,,,,,,,,,
  ,,,,,,,,, [ 5837134975648201 ] ];
