BRENTFACTORS[7867]:=[ ,,,,,,,,,, [ 198337076081 ],,,,,,,,,,,, 
  [ 3258785683, 11583094447, 2268401749788073 ],,,,,,,, 
  [ 29103234517271059883, 2406963959373272687767111 ],,,,,, 
  [ 15779374143064880130189991942711 ],,,, 
  [ 765629165188079, 2945296544389935335429815295005601 ],,,,,,,,,,,,,,,,,,,, 
  [ 16799355959, 201048590453 ],,,,,, 
  [ 392568771867269, 10339618723422424511, 686312331230843519369 ],,,, 
  [ 212843066713, 9782896539885016237, 1349813888647190757919924938335707 ],, 
  [ 1093513349935553 ],,,,,, [ 15657863531801 ],,,, 
  [ 133334251247, 39207882591133 ],,,,,,,,,,,,,,,,,, [ 257413072045976783047 ]
   ,, [ 10103710429 ],,,,,, [ 21039164959 ],,,,,,,,,,,,,,,,,,,,,,,,,,,,,,,,,,,
  ,,,,,,,,,,,,,,,,,,,,,,,,,,,,, [ 2786457371 ] ];
