BRENTFACTORS[4217]:=[ ,,,,,,,,,,,,,,,, [ 4714446096439 ],, 
  [ 1617431220538833154845359681 ],,,, [ 93477451481841105046561409899811 ],,,
  ,,,,, [ 8137441433437, 42915686725761886749716655661 ],,,,,, 
  [ 6893186655803413248090890804475745485825040637217128433019 ],,,, 
  [ 391203719460747607 ],,,,,, 
  [ 4225190575259, 13384292816449, 437059317853177, 
      1501906225946149171580967185423, 189396089963926332129127212464633821 ],
  ,,,,,,,,,,, [ 7188674068303249 ],, [ 668189263229 ],,,,,,,,,, 
  [ 160651650751385341 ],, [ 51795764944283 ],,,,,, [ 2127097013849123 ],,,, 
  [ 2392389263558846509 ],,,,,, 
  [ 1406908247470243057, 141828537294004094295169 ],,,,,,,, 
  [ 11208524203271, 21018541917005845327, 5165086542672113625921701 ],,,, 
  [ 308980996589, 607969944199 ],,,,,,,,,,,,,,,,,,,,,,,,,,,,,,,,,,,,,,,,,,,,,,
  ,,,,,,,,,,,,,,,,,,,,,,,,,,,,,,,, [ 723990234937 ] ];
