BRENTFACTORS[446]:=[ ,,,,,,,,,,,, [ 5073598302631 ],,,, 
  [ 14064861329, 12917917178939 ],,,, [ 98017645489 ],, [ 15461897431 ],, 
  [ 161007253201 ], [ 1107491633 ], [ 44649900088289623 ], [ 118162536521 ], 
  [ 17679199183 ],, [ 924444842366664952434155773825493 ], 
  [ 210807091525227137 ],, [ 5206912579172769103 ], [ 2353841708677208891 ], 
  [ 1726260013 ], [ 64013967119143397, 2382380364042028598514341610574199 ], 
  [ 389020159181, 482652570949 ], [ 10763485078458529 ], 
  [ 160957325801, 431423840161 ], [ 91248208297 ],,,, 
  [ 4840210801, 52579811208370051 ], [ 3418557851 ], 
  [ 94252055272477686797608840375208742325999887797 ],, 
  [ 169645419031367785095608232360449352143302072823687 ],,, 
  [ 984384821369, 114032637218293 ], 
  [ 49015265143699, 122030747370914783, 35835216903066258603689741377785294032\
210443231 ],, [ 7854369161 ],,, [ 7073358739, 3103024279903, 21571831803727 ],
  [ 103308920233 ], [ 22466723386981, 143564557748041 ], 
  [ 255673357477, 6518736514832929 ], [ 4138216634080591, 4598825103759137 ], 
  [ 444461485861, 659241210929312574592765093 ], [ 14999074557317215873 ], 
  [ 64390020087608885465934375457959366811 ], [ 1973152767367 ], 
  [ 138019085317, 908050394132242333457609 ],,, [ 177156288121 ], 
  [ 12644821823 ],,, [ 11723628317550406310135354720810291 ],, 
  [ 4878521798796733, 3082841832972742213192741289 ], 
  [ 199450266442043, 4503768338428394269543 ], [ 553846213363 ], 
  [ 3221659154094551 ],,, [ 115779978803, 2998458193967842747 ], 
  [ 579105869119 ], [ 6635231821 ],, 
  [ 6491688893936908373570236463, 12959634011121070419898922146297465381 ],, 
  [ 154898999015340315209, 6155496224784925813866253761416797953401 ], 
  [ 28050433715781972829157 ],, [ 886219570237, 371790235112843 ], 
  [ 25224739769, 57349576121920615198283678692765352754062881881329 ],, 
  [ 41309615437, 88357234333 ],, 
  [ 146218055521, 5980724334049, 547197502957537, 1243310895373055515297 ], 
  [ 1449335977, 20817030043869131 ], [ 2060560741, 156168404113 ],, 
  [ 17481678301, 991231664840473201, 28218737471259343301 ], 
  [ 8993999027060027, 18819346285744060297 ], [ 21313759861 ],, 
  [ 207105899708137 ], 
  [ 110507974660073722283169762481, 114464071133074933350627523826543632064763\
1 ],,, [ 287119809433, 2373854675251795082836453 ], 
  [ 6726489191, 17828920939, 43866650189, 661875709763, 104323229485193 ], 
  [ 3088341450006011 ], [ 2643536263 ],, [ 2021907193 ], [ 1894377908209 ], 
  [ 3364235871111032327875841 ],, [ 1376816806896575939550832411 ], 
  [ 13572379943, 654427368180675983, 2134835842936099733 ], 
  [ 1985240111, 46482144096053 ], [ 3656325630361, 2093766225736304401 ],, 
  [ 30490753142970973 ],, [ 5608523246197 ], [ 2810807265503923859628185251 ],
  [ 37701335197, 57991975777 ],, [ 1382017507621812353 ],, 
  [ 38635137318217831 ],, 
  [ 32186768989, 756781910814229609, 5977328871383858473 ], 
  [ 1480977182273, 9476504579557 ], [ 11156286103164513582324143 ], 
  [ 251255754440443956331 ],,, 
  [ 138123177927703, 8373809755258340264725330823341 ],,,,,, 
  [ 4639211759591281, 2918213634981500641 ], 
  [ 640688138471, 3104654930821, 8374858550231 ], [ 21044303839604325989 ],, 
  [ 369521560697, 86317300355273766723289 ],, [ 503532306601 ],, 
  [ 2881458696428097377 ],, [ 16349118017 ],, [ 6105936741264778237 ],,,, 
  [ 196657627153921, 5321289653516613770669441 ],,,, [ 2482097689 ], 
  [ 3816850291, 592640789158771, 1083033809481691 ], 
  [ 158618481200728391796253 ],, 
  [ 1415353633, 36394923250561, 4340028630664055617, 
      9408157264922201024447558566567458161713 ],, 
  [ 514529792537861, 3481680958611184211 ],, [ 3054168836250341 ],,, 
  [ 3147815058851, 25691840000051, 120482353088651 ], 
  [ 2180227869247987741202555569 ],, [ 5443952673197 ],, 
  [ 3613715027570161, 7696129692955473139470785822343490836664563001 ],, 
  [ 3447314053, 652161727093865986999 ],, 
  [ 8839164660449, 131593703866468537, 1918592375663049529, 
      4681113860908499363537 ],,,,,, [ 5304268381, 16114417967171 ],, 
  [ 113096700097, 20096324899969, 1303251778673051894221057 ],, 
  [ 2089307057 ], [ 3987519463724551 ], [ 1380051439081432657 ],, 
  [ 26317499869, 366764061676917367, 1237316121542583919, 
      15316926547447907056011151, 167556517954556001442002891662923 ],, 
  [ 9350736601, 370098549993401 ],, [ 45890660779 ],, 
  [ 70487031391105712809763692817353 ],, [ 1297978603, 5807970359063029 ],, 
  [ 40874129437441 ],,,, [ 55955737774357 ],,,, 
  [ 734043015973235765233, 8121725860198745206081, 371696560503122368707049 ],
  ,,, [ 362981216985421, 752538334467379241, 217040868271158470356579301 ],,, 
  [ 98673884758654201 ],,, [ 3223152723674977 ],, [ 1930482571873 ],, 
  [ 144113232574261, 37488118263733433501 ],, [ 4290262321 ],, 
  [ 8395490611, 13409286229, 200426718257017253924599 ],,,, 
  [ 105057733051096603 ],, [ 182755195702442363281 ],, 
  [ 6394496009903, 140349426365548753 ],,,, [ 3602860159 ],,,, 
  [ 34124002501 ],, [ 26702534359142461 ],,, [ 2569777801, 10131403981 ],,,,, 
  [ 1436495525583844315764922541 ],,,,,, [ 6967686991480428754241 ],,,, 
  [ 668730508254132495878581561, 21570000505529871133482302299231 ],,,,,,,,,, 
  [ 44873664361 ],,,,,, [ 2202981008801 ],, 
  [ 410374162657, 38107835757894624481 ],, [ 21910986597131 ],,,, 
  [ 434844931537591 ],,,,,, [ 277263103364343301 ],,,,,,,,,,,, 
  [ 780209938873 ],,,,,, [ 71135772659579671 ],,,,,,,,,,,, 
  [ 30250532333341, 2745496568485441 ],,,,,, [ 543173630497, 132486889583329 ]
   ,,,,,,,,,,,, [ 9801446797 ],,,,,, [ 37166317693, 21325982079693416857 ],,,,
  ,, [ 17614305098281, 121575563687205211321 ],,,,,,,,,,,,,,,,,, 
  [ 50355434168539885729 ],,,,,, [ 4633292929 ],,,,,, [ 525527450761 ],,,,,, 
  [ 91530609589 ],,,,,,,,,,,,,,,,,,,,,,,,,,,,,,,,,,,,,,,,,,,,,,,,,, 
  [ 1377019649 ],,,,,,,,,,,,,,,,,,,,,,,,,,,,,,,,,, [ 1258155432481 ] ];
