BRENTFACTORS[297]:=[ ,,,,,,,,,,,,,,,,,, [ 6162834032291 ],,,, 
  [ 851274813586872007 ],,,, [ 7905827719 ],, 
  [ 30496715927, 46587022092178002761 ],,,, [ 139412327209 ], 
  [ 52378413438204413341 ], [ 15418692154966355653966222481 ],, 
  [ 4089077903297, 16787030805745010012820633361 ],, [ 34074286819 ],, 
  [ 7635953881950424295946543127991680125683 ],, [ 1557409433 ],,,, 
  [ 5908912958759, 1801508407665984449611, 50085176318406030793811 ], 
  [ 104194554831763633 ], [ 14680485247261 ], [ 580136620451, 1094614892851 ],
  ,, [ 14508160249234181 ], [ 1701282151, 18560381311 ], 
  [ 388886364930079409310192661 ], 
  [ 86318344001, 108227239457, 2995933112790353 ], [ 131430848407 ], 
  [ 75229369261443031, 99099480675054749 ],, [ 15601925761 ], 
  [ 39652893719, 9718162107664453 ], [ 665590985327 ],, 
  [ 746662692685051005949771201 ], 
  [ 296499868437631277556996102791, 878079845666155858684381099625112581 ],, 
  [ 8417172039603065677, 7184658124135797807547 ], 
  [ 5442976823489, 103362979124612695087187557 ], 
  [ 6702879038707, 6887540692805155639 ], [ 45853479071, 970967820653379221 ],
  [ 6575093167, 134882105522555457899366940713 ],, [ 1535230270597 ], 
  [ 319577019456980295483757 ], [ 33623910236468043426457801 ],, 
  [ 62014067133481, 1270479054683136634552753398247 ], 
  [ 74674426752145211161 ], [ 724407422408450151933179 ],, 
  [ 1517391307, 2154153920612347 ], [ 19456265181611, 27273651484114471 ], 
  [ 22861129213757, 95475325518183799, 2575793180356733384191 ], 
  [ 233300098163162842057 ], [ 177027021587284730111, 3196718537532647399551 ]
    , [ 250519412616502763230613 ], 
  [ 2155583167, 4137269863, 1055527540416199, 
      613151591587674689961646004448097 ], [ 241900990732426334556064841 ],, 
  [ 5142783255092188658225461 ],,, [ 38654455459 ], 
  [ 64063320053554948951995746953802783657263 ], 
  [ 4149071041, 2000796261601, 520563745055084741 ],, [ 12920321397236117 ],, 
  [ 44626322351557, 78482436375598555456685075353256311425360632140867 ], 
  [ 4575061815493317338234763601 ], [ 9036699942128720406712859 ], 
  [ 2359608084143281 ], [ 928484027631447311 ], 
  [ 33194423393, 210239991789257 ], [ 13051317938959956310986192503041 ], 
  [ 36005272522738009957, 338939563158340816181952121524001 ],, 
  [ 808702519969, 1904386651107949 ],, 
  [ 5554782819191, 855964215856861, 747742105924204329181 ], [ 1127049379 ], 
  [ 69572792801 ], [ 198209583097103 ],, [ 6891693159965311 ],, 
  [ 11444513887, 14389392889 ], 
  [ 11505356869289, 83138211377143751, 695548190809405527943682953 ], 
  [ 6796123214558113646874360971 ], [ 1800073672921 ], [ 597258380753893 ], 
  [ 7128896020193, 25280195025431987, 9528096925787962586557, 
      160941867732917223839527446695899605359 ], [ 6469730047933 ],,, 
  [ 6274548795817, 79315049373588440614289433297547 ],, 
  [ 174702079873, 177618708353, 51423500027352961, 18114563388664196816819713,
      2450272368609712209433942344569912233601 ], [ 14896448757108989251 ], 
  [ 983812783288947268411, 1527762876938489176961, 
      60173501570879121319800489611 ],, 
  [ 2465662274329, 59207206960071665858089, 3845551918962789868209109921 ],, 
  [ 1646223233, 86905327081753 ], [ 25256204191, 139365439651 ], 
  [ 4229377375399217 ],, [ 11479972724343736135297, 177946672968976621477321 ]
   ,, [ 84239228081, 11095716202628110897369044409857661062246341 ], 
  [ 86547477901 ],,, [ 428719949364095447630692321 ], 
  [ 24594664811, 4686557404024664471 ], [ 48018539000461950244967 ], 
  [ 38327327053 ], [ 1408117362931380794597 ],, [ 1689249451, 15353336101 ],, 
  [ 43686693131881, 122969367645973883729 ], [ 4455221153487157 ], 
  [ 265895800091840689 ], [ 105226709381, 2913946419911 ], 
  [ 44589875929, 595561574565211135252829329 ],,, [ 975371355476389 ],,, 
  [ 1519986547, 232356455011, 4055094947116093378331834573329 ],, 
  [ 1522997317, 8150127455204663221 ], [ 3269523051961 ], 
  [ 65260551599, 613922728873, 5945563155491 ],, 
  [ 579345005358673, 44920258422365428830576215137 ],, [ 80119127568661 ],, 
  [ 9902879212726404209 ],, 
  [ 106196651269, 30622559869562897846963989, 563042588581304607381653563 ], 
  [ 8758104601 ],, [ 29578943675719, 10414352937997453 ], 
  [ 128592213727, 329336351098939237 ],, 
  [ 1077840496932356881, 35320393425838442941 ],, [ 1456302667 ], 
  [ 3837468311869 ], [ 5547528165125744249 ],, [ 161354777134990830339831583 ]
   ,, [ 64793378367498713869, 1355722757729434817153 ], [ 1254336301 ], 
  [ 487668046018471, 97286216367809099311, 41708651161720187142449321 ],, 
  [ 603079162561, 1315042231297, 69788152647607326337 ],,,, 
  [ 158261596385282452637 ],, [ 7523682013, 501913283355793 ],, 
  [ 3573160559201 ],, [ 2648029717, 989519443894742749181 ],, 
  [ 12595709092081 ],, [ 12576271473739, 44593137105689 ],, [ 93424386017 ],, 
  [ 4959791761 ],,,,,, [ 1752460273, 15063011641, 7606041848592144579073 ],, 
  [ 1357401853, 88588609263989, 23492699028082411, 562792938249031397 ],, 
  [ 5208462786709547845654901, 4591541197827096378105436901 ],, 
  [ 38460650350723, 48243115026327938191 ],, [ 876010079818035457 ], 
  [ 12974488201 ],,, [ 1485636277837 ],, [ 114120694681967194217951 ], 
  [ 1365535711, 308567448883, 6865835267446387, 14950946392452379 ], 
  [ 9824800033 ],,,, [ 2301632071647313 ],,,, [ 7086541816404485041 ],,,,,, 
  [ 153150829501211619433, 1559222548011609388933 ],, [ 2192871553 ],, 
  [ 89717185338196751 ],, [ 284226574942680049 ],,, 
  [ 1863160051, 667904045251 ],,,,, 
  [ 6416655077941849001, 69088245485423962981 ],,,, 
  [ 215265700849, 48712091877794878953187681 ],, [ 2671341709, 1041857592091 ]
   ,,,,,, [ 345078851582753, 2162329887609377 ],,,, [ 31412872657 ],,,, 
  [ 215755470338801 ],, [ 324145543280353 ],,,,,, 
  [ 4198860248898313224852193 ],, [ 7026649541, 72365254107101 ],,,, 
  [ 13220823317549028007, 47020454883296319181 ],,, 
  [ 1636810957, 522291288817, 1859166965603971, 89003788399905787, 
      112550944378020475800536911 ],,, [ 8381045401, 33079500001 ],,,,,,,,,, 
  [ 2385978888853871 ],, [ 81768398218907713 ],,,,,,,,,,,,,,,,,, 
  [ 47825810341, 292475185899601 ],,,,,, 
  [ 9274437313, 524867362766680576939633 ],,,,,, [ 367358651416837 ],,,,,, 
  [ 4331559652221175729 ],, [ 385669903081051, 1636707444014066201 ],,,,,,,,,
  , [ 5539965839641 ],,,,,,,,,,,,,,,,,, [ 13582425378817 ],,,,,, 
  [ 201124771201 ],,,,,,,,,,,,,,,,,,,,,,,,,,,,,,,,,,,, 
  [ 157252850662789561, 980582352960803041 ],,,,,,,,,,,,,,,,,,,,,,,,,,,,,, 
  [ 2062462951 ],,,,,,,,,,,,,,,,,,,,,,,,,,,,,,,,,,,,,,,,,,,,,,,,,,,,,,,,,,,, 
  [ 73525612681 ] ];
