BRENTFACTORS[8377]:=[ ,,,,,,,,,,,, [ 7907672761, 743970040633 ],,,,,, 
  [ 193334429412911, 103979320341028965511533338836668707738508201204034289 ],
  ,,, 
  [ 20626685707, 661958687041, 15392613879655535298357221445563963958801152154\
681423462111083 ],,,,,, [ 162869821323852817357 ],,,,,,,, 
  [ 6371021591103429615899, 241334992534570985863906459 ],,,, 
  [ 86435810054987 ],,,,,, [ 14017070099, 93680100047, 213517281706297 ],,,,,,
  ,,,,,,,, [ 2481130315252273, 316419846869168113, 304686981262158079391 ],,,,
  ,,,,,, [ 4838649541057, 1932012936935626399 ],,,,,,,, 
  [ 1760215579276676498413 ],,,, [ 136623510557581 ],,,,,, [ 28076543698571 ],
  ,,,,,,, [ 15246642361 ],,,, [ 1922374776227 ],,,,,,,,,,,,,,,,,,,,,,,,,,,,,,,
  ,,,,,,,,,,,,,,,,,,,,,,,,,,,,,,,,,,, [ 193387377823783373537 ] ];
