BRENTFACTORS[8179]:=[ ,,,,,,,,,,,, [ 35724582011, 534833903969 ],,,, 
  [ 55334430106877073378325573 ],, 
  [ 759138544558845397884162311, 3313036470305749749748558038515330407 ],,,, 
  [ 51891434847712205087, 383296196267072678601671968078649, 
      6037087816280097714293755722560867 ],,,,,,,, 
  [ 555861476816240489, 9419536054848683492733820303, 
      9377115735330759039668406420257, 
      131306174872949325364216474320659387623 ],,,,,, [ 13437360704707 ],,,, 
  [ 833654888554618646671 ],, [ 598584059189 ],,,,,,,,,,,,,,,, 
  [ 5975112863836546609 ],, [ 1509884078694586473013 ],,,,,, 
  [ 1244531969, 4466315543, 16084191839218553 ],,,,,,,,,,,,,,,,,,,,,, 
  [ 416604191404939 ],,,,,,,, [ 2570611159867 ],,,,,,,,,,,, [ 1097734843831 ],
  ,,,,,,,,,,,,,,,,,,,,,,,,,,,,, [ 2670864657907 ],,,,,,,,,,,,,,,,,,,,,,,,,,,, 
  [ 2457344213 ],,,,,, [ 67106902411 ] ];
