BRENTFACTORS[8719]:=[ ,,,,,,,,,, [ 3743313850079 ],, 
  [ 132674971939823, 3583165896956179, 406063566228627893 ],,,, 
  [ 1016699563915879, 29948902195142069 ],,,,,, 
  [ 8021026179860130287, 4333996285497076398720717401, 
      299985590989215774812490993154312999129 ],,,,,, 
  [ 3657947343141464463528362599553781797437769671, 
      997762842641536664139250993679376472216450007104124284849639189 ],, 
  [ 1379438554157, 2263025026775044525273652308192886639, 
      1921564162138664433490066928684108649666951182541730099891060306403 ],,,
  ,,,,,,, [ 1229054459, 165909420967157401, 148652369715623923901 ],, 
  [ 7750291501063, 71801697935706261647, 2440237225484665473611 ],,,, 
  [ 27823242832301648646037 ],,,,,,,,,,,, [ 1250892248389828529 ],,,,,,,, 
  [ 8951951065657734289 ],,,, [ 23147014654728571 ],,,,,,,, 
  [ 65778052189, 2413037104239887737 ],,,, 
  [ 3923516407, 1116902193191, 587430017620231, 416525500408858237 ],,,,,,,,,,
  ,,,, [ 2064080849, 44431631821 ],,,,,,,,,,,, [ 2726005853 ],,,,,,,,,,,,,,,,,
  ,,,,,,,,,,,,,,,,,,,,,,, [ 5383449756874067 ],,,,,,,,,,,,,,,,,,,,,,,,,,,,,,,
  , [ 11967718262039 ] ];
