BRENTFACTORS[4793]:=
[ ,,,,,,,,,,,,,,,, [ 36400195290931, 21316002857486359546812189845397959289936\
01771 ],, 
  [ 68216529981637396246338791, 26129717679983790452166393703138092588173 ],,,
  , [ 1539725893 ],,,,,, 
  [ 11288754918479, 9715397890393646024453672872356448291, 
      684240900197968088962052841514584332897 ],, 
  [ 23956596641, 41366336853311, 8694454037437922640893, 
      30408779436400631191054346484720035891579231606198003766223551101 ],,,,,
  , [ 3379190021, 10989325964044999, 42113359716330883 ],,,,,, 
  [ 142497360843506978483, 3005021459376364591898083 ],,,, 
  [ 478958558047, 782724485878501, 373914209234720521, 1941740258074838209589 
     ],,,,,,,,,,,, [ 12125902992490897 ],, [ 1416783587607991 ],,,,,,,,,, 
  [ 19725913387 ],, [ 241394375857, 30536233434947 ],,,,,,,,,,,,,,,,,,,,,,,,,,
  ,,,,,,,, [ 12069094243423680205839757 ],,,,,,,,,,,,,,,,,,,,,,,,,,,,,,,, 
  [ 53607941220302243 ],,,,,,,,,,,,,,,,,,,,,,,,,,,,,,,,,,,,,,,,,,,,,,,,,,,,,,,
  ,,, [ 10036625981 ] ];
