BRENTFACTORS[4507]:=
[ ,,,,,,,,,,,,,,,,,, [ 1177561481, 14130858333469, 20342413927348016520844379 
     ],,,, 
  [ 156998827679, 2107017232433201777947, 287523334013488696681221826298049263\
8871 ],,,,,, [ 171586607788405726872994308769 ],, 
  [ 456037320913553, 27243031133096417, 17354610332481333085478716469, 
      133799937431045874139170429656126695063 ],,,,,,,,,, [ 4839951015587 ],,,
  ,,, [ 184683376783641848681 ],,,,,, [ 11772447133, 259388377067 ],,,,,, 
  [ 330909216092869885569341 ],,,,,,,, 
  [ 4530191914446791781372518069571728639 ],,,,,,,,,,,, 
  [ 238654724862456448093 ],,,,,,,,,,,,,,,,,,,,,,,,,,,,,,,,,, [ 134238478369 ]
   ,,,,,,,,,,,,,,,,,,,,,,,,,,,,,,,,,,,,,,,,,,,,,,,,,,,,,, [ 11312812799 ] ];
