BRENTFACTORS[8647]:=[ ,,,,,,,,,, [ 3288775403 ],, [ 2612799711887 ],,,, 
  [ 11712311773, 109783370747 ],, [ 2539453627 ],,,, 
  [ 9237044407799581399949262083 ],,,,,, [ 85028221709065301970995865049 ],, 
  [ 9851799369919331960898992434141, 125470706218897231532019230198917 ],,,,,,
  ,,,, [ 6452381507806691225632381033, 18891546945695597264476547561443841 ],
  , [ 141600459937 ],,,, [ 24303753863 ],,,,,,,,,,,, [ 6502942949 ],,,,,,,,,,,
  , [ 996691266480202382029181209783 ],, [ 260291055847 ],,,,,, 
  [ 19043710089562099, 20205626059386499370921 ],,,, [ 24445153946632049 ],,,,
  ,, 
  [ 2179281658709, 674962635172229720193149, 13098968826461032209498727570217 
     ],,,,,,,, [ 6834869291 ],,,, 
  [ 24783719794961551, 58992389798848937, 24124576654949086175771 ],, 
  [ 236536630096414341599 ],,,, [ 128289522651512924217680299 ],, 
  [ 92276658028483 ],,,, [ 1997238161323 ],,,,,,,,,,,,,,,,,,,,,,,,,,,,,,,,,,,
  , [ 176284424359 ],,,,,,,, [ 27480810571 ],,,,,,,,,,,,,,,,,,,,,, 
  [ 37968866389 ] ];
