BRENTFACTORS[2647]:=[ ,,,,,,,,,,,,,,,, [ 14271014791237, 5162017958238637 ],,,
  ,,, [ 131081659147123 ],,,,,,,, [ 1063048963, 17830563339964027424680847 ],,
  ,,,, [ 2504886311, 38428324805296663, 17275276929924891205368921160289 ],,,
  , 
  [ 556139384923, 1845623021120195869, 748892190299860982911735494567951227375\
48843 ],, [ 7180370119518542296908403 ],,,, 
  [ 203932678709, 65850777537169280970149153, 23710451121702109275655848589 ],
  ,,,,, [ 3527192507, 85160724997 ],,,,,, [ 8959649849, 14903881087 ],,,,,,,, 
  [ 12027566909 ],,,,,,,,,,,, [ 33125709887021 ],,,,,,,,,, 
  [ 4918339621535579 ] ];
