BRENTFACTORS[4483]:=[ ,,,,,,,,,,,, [ 65165259295312567 ],,,, [ 141327508111 ],
  ,,,,, [ 20447669879141, 36861197237817755277876696738294919456728924043 ],,,
  ,,, [ 148825545805874274688107391, 197864715142631808292503584178173033, 
      59562886593118876372901425504742023251487 ],, 
  [ 166284586677032673287, 666908724258785989188109828387, 
      4022245511047652319941009434505499228749778600176963 ],,,,,, 
  [ 323641777633883, 320323957004647451 ],,,, 
  [ 137392328482247, 117900216733571095933, 4650859310504643679960997, 
      58273373197434538459494798236701170813676544596681637216145820110503 ],
  , [ 6321333509, 11311418379703354276335467 ],,,, [ 13202036143 ],,,,,, 
  [ 2506417913, 755427505057, 186784116309902401, 8880152075248514869 ],,,,,,,
  ,,,,,,, [ 2945977914351037068232598906753 ],,,, [ 331519333709677651 ],, 
  [ 7655762930693 ],,,,,, [ 356935720721 ],,,,,,,,,,,,,,,,,,,,,,,,,,,,,,,,,,,,
  ,,,,,,,,,,,,,,,,,,,,,, [ 48241497641 ],, [ 1420738183, 122413943429 ],,,,,,,
  ,,,,,,,,,,,,,,,,,,,,,,,,,,,,,,,,, [ 512784280768861 ] ];
