BRENTFACTORS[3719]:=[ ,,,,,,,,,,,, [ 7201259327169883 ],,,, 
  [ 486675506759848791713 ],,,,,, [ 21687772399 ],,,,,, [ 35639011181 ],, 
  [ 297348337020448177 ],,,,,, 
  [ 105778944142118900777500898708378586145093313765798058097 ],,,, 
  [ 170299826479440109, 18097302746439924991, 35585700953311679557537, 
      1520957695257602030259821534801977 ],,,,,, 
  [ 6748791810077, 5923520181407318667217695055357121196035636638029394548497 
     ],,,,,, [ 2560449135750924746556923 ],,,,,, 
  [ 2749502512553809, 20631294539664403531 ],,,,,,,, 
  [ 374662897717, 4071847533931, 30114726371713, 4643445531587126387 ],,,, 
  [ 53937142759006368691019, 552520629263539214615466131 ],, [ 15125222737 ],,
  ,,,, [ 98208691518691711 ],,,, 
  [ 222598190033, 206520670380965687, 6711209813507914356862813 ],,,,,,,,,,,,,
  ,,,,, [ 2195074613, 2252666773018591279837 ],, 
  [ 69590310663058699, 14891859565788757526531 ],,,,,,,,,,,,,,,,,,,,,,,,,,,,,,
  ,,,,,,,,,,,,,,,,,,,,,,,,,,,,,,,,,, [ 19836110369 ] ];
