BRENTFACTORS[4397]:=[ ,,,,,,,,,,,, [ 5765227572326093 ],,,, 
  [ 63811560151945305223 ],, 
  [ 520890694111, 115288459069586516722019449, 6286120905187406000786307553 ],
  ,,, [ 1390258569941 ],,,,,, 
  [ 23750952377129, 533100923359141, 76586162501603774318610135382671363443161\
72702708547613543030311 ],, [ 230696923937 ],,,,,,,,,, 
  [ 18783695345900439556181 ],, [ 1656359227 ],,,,,,,,,, [ 17591309501 ],,,,,
  , [ 102802049890223 ],, [ 2462635271 ],,,,,, [ 691660040999 ],,,,,,,,,,,, 
  [ 157942888367419, 4011347105275384503108751 ],,,, 
  [ 23770303707938494228249327 ],,,,,, 
  [ 12726743692336469, 21284561213059237441927 ],,,,,,,,,,,,,,,,,,,,,,,,,,,,,,
  ,,,,,,,,,,,,,,,,,, [ 3626339383981 ],,,,,,,,,,,,,,,,,,,,,,,,,,,,,, 
  [ 19753193755670841787 ] ];
