BRENTFACTORS[4091]:=[ ,,,,,, [ 5399049307 ],,,,,, [ 39952053292763 ],,,, 
  [ 294793809781, 6797071929623, 17047489797656027 ],, [ 4728633038141 ],,,,,,
  ,,,, [ 1286527360828170301, 215626880714067333991 ],, [ 2105836656631 ],,,,,
  , [ 17450202237131, 2623287429491611 ],,,, 
  [ 13362860850107896038436838162682309585533 ],, 
  [ 292514684375956403, 2478489514248042618132331, 
      214529941797079732958567969 ],,,, 
  [ 81901674385277, 577134104424391127789803704199, 
      11429641559517380260585007352978094807 ],,,,,,,,,,,, [ 1698257030023 ],,
  ,,,,,, [ 4393993733, 5169182388202972651 ] ];
