BRENTFACTORS[732]:=[ ,,,,,,,,,,,,,,,, [ 1463986036393876987 ],,,,,, 
  [ 138819375847542043 ],, [ 316168146251, 75269753629451 ],,,, 
  [ 84201858731, 565472734382382509 ],,, [ 1005114401 ], 
  [ 54222112597202767603 ], [ 5793799585718801 ], 
  [ 7485798601, 168704752754780234791 ], [ 8183308152637 ], 
  [ 480981820711216790428681 ],,, [ 12666024746521 ],,, 
  [ 786381370981, 125095302426929 ], [ 70464827753 ], [ 631698170196061 ],, 
  [ 32380972859462662852768272024880108977388040768528614004761 ], 
  [ 1934477980157242657 ], 
  [ 172272274987, 12761027667942004541467346467974803812260956293 ],, 
  [ 6069300354025395783837692131 ], [ 3092877079481750081 ], 
  [ 462518636512133 ], [ 2593269649, 16038547043329 ], 
  [ 42808030492852121971 ],, [ 8008158229, 12806469152757999465811127053 ], 
  [ 3495351278869906289, 38386677945493482523641776231 ],,, 
  [ 1444718202358213 ], [ 21761391901669811407 ],, [ 16526827201 ], 
  [ 2753077600261, 5220166679222471444150801 ], 
  [ 151747900393, 724817085037 ], [ 254371734619, 869616105987593442797161 ],
  , [ 31918225461633760513700353 ], [ 4490892012349681 ],, 
  [ 18235750177, 15355349136794795386044097 ],, 
  [ 43204412484227, 62118497228539 ], 
  [ 340181222521812751, 818092707000351451, 918491212993219874035572249734251 
     ], [ 51784842974396048147977 ], [ 10668980862233, 1166293677826671857 ], 
  [ 212040122281304748549825799 ], [ 14959970005787, 5111570729519694659 ], 
  [ 22350747661684730020223919014268514321 ],,, 
  [ 30505240163, 9386171103027449 ], [ 8896489928089 ], 
  [ 238474598143271204280502481 ], [ 170330532210213626430654384440383 ], 
  [ 4362630487 ],, [ 129593542759, 471228480053771299, 285989369951936040629 ]
    , [ 14231410434157191152291461 ], [ 210669840466315443796737883 ], 
  [ 31416940108573, 254091418015417, 1866360907361369, 3000968548966389874793 
     ], [ 53411155412493321924241 ], 
  [ 3319304816326231344755446367, 7466804904603734908906481126518953743 ], 
  [ 197178544516931, 28716058441878715776721 ], 
  [ 768496985569, 25655658746240806129633, 11109041020187318068217569 ], 
  [ 12168053222389307 ], [ 819084758768472336196046747 ], 
  [ 1027640791, 5801126167 ], [ 252684304389701, 4380800257758514516141601 ], 
  [ 10432360520662249307 ], [ 93105105199, 77163960717591220764533713 ],, 
  [ 1161630802489, 12968791961671937, 16776425235933793, 
      3727678792506279251557124729 ], 
  [ 1116379443481, 17224107661951, 77755265372071688505789468266701 ], 
  [ 55444430858621573, 245039494715293540151 ],, 
  [ 3189884699779154460668587255890832081 ],,, [ 84830826728863 ], 
  [ 8689563457, 23474274653986553039076577921, 
      4979475797660121812845995647914939535761 ],, [ 42857805583 ],,, 
  [ 1649062819, 31148170093, 126085159832471893, 49192927158438401953213 ],,,
  , [ 4222355747083 ], [ 3255395987585685834121117 ],, [ 224432516254537 ], 
  [ 76478813251, 1144908858251 ], 
  [ 12799988290145827, 112402292712570379, 3205069189848050350393, 
      17585940361194973412443 ],,, [ 1570989349 ], [ 11618446166861 ],, 
  [ 6082721360629 ],, [ 682293015847332551 ], [ 2879817301 ], 
  [ 6899130344604847033732657 ],, 
  [ 81460657440907, 1519357699954789492891406431, 
      17557043243561951741706531049 ],, 
  [ 1519366241, 552229778801, 412701819951214172969624285787228732885914741 ],
  ,, [ 1119601913 ], [ 3341508481 ],, [ 92228658383698233351283293571 ],, 
  [ 2186435406637 ],, [ 95732730610469011871101 ],, [ 3350760889988497 ],, 
  [ 44952160536053, 4516591638976069794527 ], [ 1882455948485621 ], 
  [ 4742584860332818973417275911973541278436230728368418633457 ],, 
  [ 152993212947045740713 ],,,, [ 23419869877 ],, [ 918054288371461 ], 
  [ 7844753602921621 ], 
  [ 39318861427, 10593342284689, 1782756648824520874246163 ],, 
  [ 11334623609743654843897, 2303848089516554093392929169, 
      719471726979912345948309449488393 ],,, 
  [ 166100259709, 389966494126564099 ], [ 17402163030533653 ],, 
  [ 1232975311, 3551100229, 139009085912401, 27294219589298521, 
      2967446338989035078293 ],, [ 3651069137 ], [ 97014092233 ], 
  [ 230188312171, 4938089166051241 ],, [ 2565972181 ],,, [ 1637989229329 ],,, 
  [ 34393302473162869 ],,,, 
  [ 1676835691, 4305110105411, 317837338674341141, 4320216216877401294161 ],,,
  ,,, [ 175946859761 ],, 
  [ 4525316533, 9054982333, 220297198198975327, 5619300113137488471067771 ],, 
  [ 1347988386001, 14760070364356601 ],,,, 
  [ 5696179700041, 10395707871694309 ],,,, [ 16766591285393, 26516616236657 ],
  , [ 41202969571 ],, [ 765702752823353 ],, [ 24519991387 ],, 
  [ 2091688177393 ],, [ 29621681951 ],,,, [ 5474398789 ],,, [ 66061318501 ],,
  , [ 1245668881 ],, [ 3429839462826938325491, 168858347311865664846781 ], 
  [ 963942881749 ], [ 6175945703825054561 ],,,, [ 7564274355900917 ],, 
  [ 414775916101 ],,,, [ 2170718344537073 ],, [ 29581842890833 ],, 
  [ 2138565824349793, 29135316870986611 ],,,,,,,,, 
  [ 45983973031, 2419450563121 ], [ 7565666561 ],, 
  [ 3069346533735962281, 3189092216693066713 ],, [ 288814598920494319658701 ],
  ,,, [ 99558934201, 3680416487617 ],,,,,,,, [ 10966382157937 ],,,, 
  [ 1397659555021 ],,,, [ 2028082135801, 4069162202561 ],, 
  [ 19656951981592041237859 ],,,, [ 3453692243 ],, [ 318644287750505328193 ],,
  ,,,,,,,,,,,,,,,, [ 641517595035139 ],,,,,, [ 65624629124739673 ],,,,,,,,,,,
  , [ 3507637565233 ],,,,,,,,,,,,,,,, [ 3854389313041 ],, 
  [ 1821032011, 2222142151566228103 ],,,,,,,,,,,, 
  [ 793114519196371, 951196170674203 ],,,,,,,,,,,, 
  [ 49812859904287, 270446307807553 ],,,,,, [ 23531471891269 ],,,,,, 
  [ 6132719629 ],,,,,, [ 626833469228929 ],,,,,,,,,,,,,,,,,,,,,,,, 
  [ 1543008676081 ],,,,,,,,,,,, [ 9207793141 ],,,,,,,,,,,,,,,,,,,,,,,,,,,,,, 
  [ 130166930555551, 101945493061767382051 ],,,,,,,,,,,,,,,,,,,,,,,,,,,,,, 
  [ 8182819201 ],,,,,,,,,,,,,,,,,,,,,,,,,,,,,, [ 90454587871 ],,,,,,,,,,,,,,,,
  ,,,,,,,,,,,,,,,,,,,,,,,,,,,,,,,,,,,,,,,,,,,,,,,,,,,,,,,,,,,,,,,,,,,,,,,,,,,,
  ,,,,,,,,,,,,,,,,,,,,,,,,,,,,,,,,,,,,,,,,,,,,,,,,,,,,,,,,,, 
  [ 12609234861489196921 ] ];
