BRENTFACTORS[596]:=[ ,,,,,,,,,,,, [ 1773198632167 ],,,,,,,,,,,, 
  [ 1415684258013101 ],, [ 2337230490657760981 ], [ 9045414023381 ], 
  [ 596234589239, 661867092569 ],, [ 150665939353 ],, 
  [ 38929296404339844427 ], [ 198215016378350849 ], 
  [ 1800211001, 305380964371294841 ],, [ 6101152852375413032923198037127707 ],
  [ 2176747942230077 ],, [ 1359681904561 ],, [ 20858955811 ], 
  [ 139831091736367571045858873515049634239 ], [ 7771786133 ], 
  [ 627561920623591, 335054557706835693578041 ], [ 20894154409 ], 
  [ 1573747531, 7801058544609235461461123747497827549403 ], [ 19115303569 ], 
  [ 45552906103737719857401211 ], [ 27708772051, 323754198668951 ], 
  [ 8391548945401545161893 ],, [ 61352846540713237271753 ],, 
  [ 1038595338977699428033360561 ], [ 1130178443588997937 ], 
  [ 42033994843, 71383686331250151592287236802151 ], 
  [ 2163610319659, 1482955997379809, 9483236164183504138573 ], 
  [ 512735722627307 ], [ 72269335741 ], [ 182441141029076229631 ], 
  [ 47423284148407, 1270930069009670297546505067 ],, [ 2939445670719553 ], 
  [ 44795421088194771688721, 48896784842002018700254280663821 ], 
  [ 86603664577, 3999378414459187 ],, 
  [ 1744760593, 87915122589937, 12092464967526001, 3750330775732261001 ], 
  [ 1877366077, 5175076425405058351969 ], 
  [ 407014316482376891, 679937287988222741 ], [ 2598098702536283 ], 
  [ 120265953553, 1128028296176281, 174734406079298137 ],, 
  [ 188255092169, 8968551014791, 1634284157590544793349817309 ], 
  [ 7326738994516978801 ],, [ 427242561901 ],, [ 18788092152971761 ], 
  [ 15005970971681, 962565548851575457783681 ], 
  [ 24991386205609, 386948375700021444120604831066933 ], 
  [ 30980876981777756731343, 65413372067780184023991629453272695593221 ], 
  [ 734651958529 ], [ 25897274593, 1744490480969901867637 ], 
  [ 39645619653581, 13126482997081828931, 276704188232850293079123721, 
      24146345526627075478401489806581, 21339222489197941695008965788731131 ],
  [ 12179709151, 120678149629, 34880128407991 ], 
  [ 92213831535369059995513, 10282933162903223413493491 ], 
  [ 1274703657569, 19876642810262988948536265154393 ],, 
  [ 391293083431248571 ], [ 21222811429 ], 
  [ 1416453713, 9138683060761, 1938385188462381579985948922789 ],, 
  [ 31747866347, 249100281589186533820481935471920071 ], [ 536387220461 ], 
  [ 127666497313, 462312420769 ], [ 980255159269681 ], 
  [ 102975381013, 221248508898490516210741, 1212974006864918343847666755619 ],
  [ 21064578172463034811009 ], 
  [ 47212838219224065021825290144703503447027649998664101 ], 
  [ 1248235771, 15833233489, 2960500388191595848425301 ], 
  [ 45023628074902956218595754941178039 ],, [ 20899596845937250481 ], 
  [ 420786163463756871318579806101 ], 
  [ 236194108479163996697, 35919236303563147930527038982403 ], 
  [ 6295724147760713, 5897535073124281247 ], 
  [ 30619808143777, 4504498269852277, 13351568755777036974496189 ], 
  [ 30564220640164577 ], 
  [ 4780100491, 36542621064049211, 40037185135276836929427281 ], 
  [ 40570264836337030477, 194419793744861755056397, 
      305520010745751929243060767 ], 
  [ 2167049566277199123481016961151123565132710224995956420193 ],, 
  [ 662410801183 ], [ 189398361863281, 498797167297388294861 ], 
  [ 547888784818771063717549073396629 ], [ 16883420633353 ], [ 1846128881 ],, 
  [ 249019937480641, 79428295057097881 ],,, 
  [ 14217342391207, 40785169480267, 257791041636346754064252343 ], 
  [ 281943564701, 605604632377253 ],,,, [ 25982106881, 30340951285569409 ], 
  [ 6080956380851306281 ], [ 3293781813166781, 11265577825097483941 ],, 
  [ 8668806422994037 ], [ 5082922181 ], [ 64331828351702093082405763 ], 
  [ 73432080335500005061 ],,, 
  [ 61934045980590238383016987, 321459804088658973158972687749 ],, 
  [ 5799699892088162341, 1916928236197112477709054161 ], 
  [ 20473763719, 678171428295101431 ], [ 22149504067, 303836307231152939 ], 
  [ 211661128537 ], 
  [ 96786717096029761, 907340986281024785899461977729024895151348200366529 ], 
  [ 61765419451, 182809449191, 60796013129941, 167718967842757577971 ], 
  [ 10281143237363, 17227307343881, 559744821770234004217227503 ], 
  [ 187168109991241, 128481656092234663, 188102281544192737 ], 
  [ 571845034549, 229494109854146951729836981 ],,,,, 
  [ 2539349738905443948104076629090623 ], 
  [ 43997072874371, 52556857104933601372678691659 ], [ 30799066834691 ], 
  [ 9309313398797924494431541 ],, [ 421940653688960509 ],, 
  [ 13239847681, 34963272481, 4913182278292485090241, 
      1530997604724499676922401 ],, [ 68824606196620576641976227289 ],, 
  [ 7906419080073901, 2580196113274197589 ],, [ 800884040669459303 ],, 
  [ 225185106385484210617 ],, 
  [ 20771830761581, 913217683789241, 9323916080089479736130685671 ],,,,,, 
  [ 5591974911483475681, 21345368299694797777 ], 
  [ 1327472743, 5528390389, 23858283121 ], [ 2761696464208557678063169 ],, 
  [ 99480956285297059022420641, 
      284952858019568151888592979042550008419668198421 ],,, 
  [ 22497019723, 14324047774101360114660694669 ], [ 66696198929 ],, 
  [ 2107842674629, 388224553420567, 1535648170313892093247 ],,, 
  [ 1975696003, 3965477041 ], [ 104454425083281114318884111 ],,,,,, 
  [ 1049579021 ],, [ 6104644327, 393877431719823565999 ],,,, 
  [ 175843280982716089 ],, [ 18011223037 ],, [ 2615577975379 ],, 
  [ 239471373857 ],, 
  [ 15619854391, 5264710951644691, 86856525669806603954251, 
      826125986173822950977416953110431 ],,,,,, [ 95116183396409800382617 ],, 
  [ 38144010887 ],, [ 541102495121, 83758102316281361, 4080548909876752409141 
     ],,,,, [ 13546800451, 19023631201 ],,, 
  [ 9888634734732973, 12611619632461382517217 ],, [ 9191758458840731 ],, 
  [ 424471830953 ],, [ 5187256903642306284533197 ],,,,,, 
  [ 182189678161, 163398633372433059508372561 ],, [ 353366985511 ],,,, 
  [ 80668536930156536294911 ],, [ 52073928961, 7771445570932073 ],,,,,,, 
  [ 555196960294515357751 ], [ 1102403592505601 ],, [ 2372236000699 ],, 
  [ 7194507173690981 ],,,, [ 31481570921428615153, 51904516903894547123327449 
     ],,,,,,,, [ 10551308401 ],,,, [ 1688630653, 1978138825057 ],,,, 
  [ 131404481881 ],, [ 17431955167776111345825103 ],,,, 
  [ 3010796933, 21409026758549 ],, [ 9956932417, 1650630795841 ],,,,,, 
  [ 919594378720711 ],,,,,, [ 33371260242731669701 ],,,,,, 
  [ 2808776346542641 ],,,,,,,,,,,,,,,,,,,,,,,, 
  [ 6197090180161, 4301784508989001 ],,,,,, 
  [ 20811901985617, 2238704796429837457 ],,,,,, [ 13775604500677699 ],,,,,, 
  [ 293829352537729 ],,,,,, [ 1298532043357 ],,,,,, [ 8275825811881 ],,,,,,,,,
  ,,, [ 2386760557 ],,,,,,,,,,,, [ 2961180289 ],,,,,, [ 41213226601 ],,,,,, 
  [ 2094882110944356493 ],,,,,,,,,,,,,,,,,,,,,,,,,,,,,,,,,,,,,,,,,,,,,,,,,,,,,
  , [ 28136916901, 2124613520796515134501 ],,,,,,,,,,,,,,,,,,,,,,,,,,,,,,,,,,,
  ,,,,,,,,,,,,,,,,,,,,,,,,, [ 5773523341 ] ];
