BRENTFACTORS[837]:=[ ,,,,,,,,,,,,,,,,,, [ 1848910732467131376973 ],, 
  [ 14376354973 ],, [ 3828970127, 22839587789 ],, 
  [ 158147536601, 54330520958851 ],, [ 7858054442943521397397 ], 
  [ 1974936778249 ], [ 16105886891, 8573092490905199306879 ],, 
  [ 922039639568816815256485273 ], [ 2797310158589118477121 ], 
  [ 515961376402688926051 ], [ 1118948714348071 ], [ 19932255987065910396721 ]
   ,, [ 54853175011725271665089920021848665770249789 ], [ 141092207161 ],,,,, 
  [ 20679081694390389791133091, 481144400464996865565676239067877807 ], 
  [ 2056663753 ], [ 3374188561 ], [ 17307795091, 29041485119, 372356930849 ], 
  [ 168029461993, 131212177116073799286384462562823398742186247022405017083 ],
  , [ 28250037229, 56138601163, 7365811327193139076103429 ], 
  [ 547419606225527103322201 ],,, [ 24980695972592352375801315542676701911 ],
  , [ 18662332286278093881821, 8178147777353601242857293546311 ], 
  [ 180685105278499249 ], [ 48936724347675005404740631 ], 
  [ 241380460004626447622682160307 ], [ 941544504207965665435212979 ], 
  [ 13632279896341 ], 
  [ 818752830687831957691, 3920938841054427296773, 1551218397772045936474721, 
      3283217873810792313068243533, 159368283839089343068052905741 ],,, 
  [ 25653669579073, 5600354497673023553 ], 
  [ 26801094594888406651, 161549705244918088541, 
      212764682794901620011687206151347965264244771 ],, 
  [ 1514337217, 36571471487, 3405221845275114246253 ], 
  [ 422492088023752977577 ], 
  [ 3980661963211, 2720396072219507517643, 393042870266449303243119226129 ], 
  [ 9456036110921, 32092907340578810111 ], 
  [ 42013410016183, 804840576181137123161918689 ],, 
  [ 266892298131908844688644808359229 ], [ 28640949761657 ], 
  [ 21158747551, 10941879371633897130087301770349106670301 ], 
  [ 60562353464102594299829 ], [ 188968691297 ],, [ 2441112328210981151047 ], 
  [ 2928634143521 ], 
  [ 41005070641, 4641548405617, 25758878756851, 137529784282591 ], 
  [ 23582469504641, 131367529781657704817 ],, 
  [ 1999607821, 5378309749, 891700917157 ], [ 80482633327391 ], 
  [ 6033167735201, 7749580706333, 774768476663404907, 
      423240996723518624613917848633766126627 ], [ 969538852313359 ], 
  [ 544150250509996411777 ], 
  [ 40183366478780977, 4841085050737558207901, 4886744686336858473043 ], 
  [ 786906247453464252511 ],, 
  [ 3068006341, 2693994934763264513, 200868011798192396910599503205557 ], 
  [ 1875933166565869, 1154916656999314858624628983915532562061, 
      3118687917222697034502835896944859626389741927 ], 
  [ 2204404717, 14921016874586241319 ], [ 29355831494132688987759423834361 ], 
  [ 34292499457 ], [ 118284795749, 7314383317649 ], [ 135567265230251 ],, 
  [ 5094023801, 107881535299301, 52101023227546390244201 ], 
  [ 58590956913825563207 ], [ 4906495417297, 374922066421626733057 ],, 
  [ 3006280409616888577525999900466708904396831883155457790177 ], 
  [ 22029364561, 21672176340151 ], [ 47930258068791083547975823 ],,,, 
  [ 1235131076134056570726054098401 ], [ 34606264007311 ], 
  [ 23307488177, 290590933552326349972037008322708954280874576594668291377 ], 
  [ 23022859069054099 ], [ 11577931603816285820313349129 ], 
  [ 1053919940997671651 ],,, [ 426682344395833577 ], [ 341587447727 ], 
  [ 907564469704561 ],,, [ 95654716753, 1245556367191 ], 
  [ 77255529834221, 331583046946802605343951287153 ], [ 162929618251 ], 
  [ 1869192613 ],,, [ 260915830810981 ], 
  [ 3167065222751, 66480173064660099049241, 
      107590888756507856305993827488359945208749005911 ],, 
  [ 124397959908595010086549, 133620808894049834669989603081, 
      377173645417551527995849677697 ],, [ 6547821534630317 ], 
  [ 273398872051, 9686896999224574644154351 ], 
  [ 7637161687721, 264417222806377 ],, 
  [ 8955282577, 106015618594496551, 627609388033567577382854844158089 ],,,, 
  [ 840215841366257, 991975419069856512217337 ], [ 241412924611 ], 
  [ 1204586209, 1583996257, 41835246519889 ],,, [ 17271120840709 ],,, 
  [ 2253728068947151, 99411439511525370184951 ],, 
  [ 43865942827457, 44056465528144337, 244964859391094753 ], 
  [ 189110260117, 219929461269229, 1294407557289001 ], 
  [ 3867425191705015403, 845088611237049479609 ],, 
  [ 1477385521, 1783196083103666797421847383527293965758411341587644181101 ],,
  , [ 35349303259 ], [ 177043413066721 ],, [ 153356914817412452701759 ],, 
  [ 1597350310553, 1495256625475117 ],, 
  [ 1700804878321, 155130390467981251261305973 ],, 
  [ 51615941497, 960405916681, 2962836441601, 
      1349703260453403367927980857998082497 ],,,,,, [ 6344933143 ], 
  [ 18020406223051 ], [ 85451049691921 ], [ 26279215147720687 ], 
  [ 255433286658759613 ],, 
  [ 376247312585625705681188015197463523376024544645972330041 ],,,, 
  [ 1589599293158862593, 628434229564241530238273 ],, [ 1319677069 ],,, 
  [ 2539078543, 84322488727 ], 
  [ 1527594301, 559542016969121, 733117984887908056861, 
      3636453198606223673115601 ],, [ 1457800743415873 ],,, 
  [ 8430508569439321 ], [ 427744574293, 13252035561857 ],, [ 10487216521 ],, 
  [ 10088571401 ],, [ 101485352471 ],,,,,, 
  [ 188126439073, 1997517942679660129 ],,,, [ 256413133981, 466478779246429 ],
  , [ 41768740207 ],, [ 522560704025593 ],, [ 81859414212209 ],,,,,, 
  [ 134729928803681, 3648388476571421080346462092417 ], 
  [ 4631848914008990251 ], [ 3245214172182212317753 ],,,,, 
  [ 2203550119, 2412397332652693 ],,, 
  [ 8809603687, 24690382740919795810957021 ],, [ 1732528361800133269 ],, 
  [ 158523861511 ],, 
  [ 32123177521, 957946067521, 122356642010175813371041, 621082453433438723299\
201, 3368846498746128880692405841, 539177164890239833790106339447601 ],, 
  [ 14572259417 ],, [ 1681131941, 126667279337 ],,,, [ 15447487241 ],, 
  [ 496416401962751, 5675478970595940251, 239215213099520884314001, 
      23255265696000264868056751 ],, [ 2016751242191869 ],,,, [ 1128944897 ],
  , [ 33067871611, 34394915251, 120565758143319215173078698481 ],, 
  [ 105889567938181 ],,,, [ 10492536124960107506036233 ],, [ 15364029661 ],,,
  , [ 21818020141, 922826321573139110956502701, 4444041724458092308248065641 ]
   ,,,,,,,,,, [ 70992398681 ],, [ 8810126692997226752809 ],,,, [ 1454354617 ],
  ,,, [ 54908233116361 ],,,, 
  [ 28825058893, 47451868129, 292089634159, 494207956243, 2050932783028291, 
      257703594851577211, 2720858595622864159 ],,,,,, 
  [ 15971945125647001, 347945665314038947175701 ],,,,,, 
  [ 53643030134054282263 ],,,, [ 3763147115951, 1071857096872381 ],,,,,,,, 
  [ 7980140359, 51662214331411, 752253566189107, 109367107905623563 ],, 
  [ 11741759681 ],,,,,,,,,, [ 1900318637234848381 ],,,,,,,,,, 
  [ 2576478181, 61324220701 ],,,,,,,, [ 1775984253397 ],, 
  [ 28519746332474251 ],,,, [ 112276953968437 ],,,,,, 
  [ 251432613361, 724992621841 ],,,,,,,,,,,,,,,,,, 
  [ 1277003893378501, 1389935700387613 ],,,,,,,,,,,,,,,,,,,,,,,,,,,,,, 
  [ 34828283521, 777647254177 ],,,,,,,,,,,,,,,,,,,,,,,,,,,,,,,,,,,,,,,,,,,,,,,
  ,,,,,,, [ 66026574307, 846498601873, 10664893656187 ],,,,,,,,,,,,,,,,,,,,,,,
  ,,,,,,,,,,,,,,,,,,,,,,,,, [ 3322627913431 ] ];
