BRENTFACTORS[3631]:=[ ,,,,,,,,,,,, [ 13913098443006597173 ],,,,,, 
  [ 5432942993 ],,,, [ 11403504851113, 57169956746598211777907 ],,,,,, 
  [ 2968055139378379, 1452778187033895673639987709, 
      1112201094587841436727850474324456569212964788502833713919 ],, 
  [ 380901235283, 1590578903474477034388447652026591205077, 
      1561507736181151474579848477521483489331331 ],,,,,, 
  [ 1552145857, 2875527299, 98096054681290077742975385589540247 ],,,, 
  [ 1681722421, 194791069379412810743 ],, 
  [ 82911974902121, 104421320182163, 1074764996341315789855053454063 ],,,, 
  [ 335292222479, 11228723312927, 758235869542280483891, 
      10566225771816904808451803 ],,,,,,,,,,,,,,,,,,,, [ 575172509634658451 ],
  ,,,,, [ 74617714019, 24202824369320189 ],,,,,, 
  [ 1137299959, 39528019587300383, 5818720588858215067, 106281371722204689727 
     ],,,, [ 157766407471, 1299282176791 ],,,,,, [ 1160856727, 3327005833 ],,,
  ,,,,,,,,, [ 2701421170758856373 ],,,,,, 
  [ 109937451527, 343627379084838268798621289 ],,,,,, [ 32679011423103701 ],,,
  ,,,,,,,,,,,,,,, [ 6835886803 ] ];
