BRENTFACTORS[8753]:=[ ,,,,,,,,,,,, [ 1630919291, 25464880360037 ],,,, 
  [ 4031192181656551, 42773647029071679523634773 ],, 
  [ 19438757197, 4679568799717552071335345546249621245984190045234160807675439
     ],,,,,,,,,, 
  [ 63340068179, 1771312619501, 10162515579133169329372647755551, 
      3569576035714991921263849459891386160950046276573426031 ],, 
  [ 10956590367448513, 33865781306465989743727 ],,,,,, [ 15988815678351521 ],,
  ,,,, [ 3475230572172944093248449821, 736811102346738841529699722841 ],,,, 
  [ 126480152185661 ],,,,,,,,,,,,,, [ 1175920547 ],,,,,, [ 129227350141 ],,,, 
  [ 967132649453, 4550177527063673 ],,,,,,,, [ 12119672189, 36432627985693 ],,
  ,, [ 1800012227399, 9607252829969 ],,,,,,,,,,,,,, [ 5197953950761127 ],,,,,,
  ,,,,,,,,,,,,,,,,,,,,,,,,,,,,,,,,,,,,,,,,,,,,,,,,,,,,,,,,,,,,,,,, 
  [ 97557007793719531 ] ];
