BRENTFACTORS[8123]:=[ ,,,,,,,,,, [ 2088021025739771 ],,,,,, 
  [ 10663984537, 150557037067 ],,,,,, [ 4949004230848523 ],,,,,,,, 
  [ 3105841276951003, 1629044174434947754323781 ],,,,,, 
  [ 14849334691, 3083159324209 ],,,, [ 10953268592173, 227415292993126467083 ]
   ,, [ 429482308368415383872022311 ],,,, [ 2901272123053253 ],,,,,, 
  [ 1151582623, 9268295689535527 ],,,,,, [ 188856592417564243 ],, 
  [ 49665738074487047741, 97738553514155282021 ],,,,,,,,,,,, [ 189563789959 ],
  ,,,,,,,,,,,,,,,,,,,,,,, [ 10483353571, 2957739353732205148145899 ],,,, 
  [ 21615594589, 106754344913, 490540460273253847 ],,,,,,,,,,,,,,,,,,,,,,,,,,,
  ,,,,,,,,,,,,,,,,,,,,, [ 597181831049 ],,,,,,,, [ 8699422439 ] ];
