BRENTFACTORS[8663]:=
[ ,,,,,,,,,,,,,,,, [ 139925312488835856449521, 296071739599259573976331 ],, 
  [ 3908426840129957176363, 418959851087917701402100881236826571 ],,,, 
  [ 24454108853, 30943155744157, 
      4044099266413248179873322613992459977231958407912198603076107 ],,,,,, 
  [ 285917297149727 ],, [ 626279753407547 ],,,,,, 
  [ 37078689886976769821, 9027596700921292580145713021881 ],,,,,, 
  [ 113996492633, 16082005954644711631134273763 ],,,, 
  [ 2457762071881, 3752629204603, 7851766882228422791587 ],,,,,, 
  [ 183313353566467, 645606051896386709239 ],,,,,, 
  [ 11716261537, 62109435296449755061 ],, [ 695988308665717 ],,,,,,,,,,,, 
  [ 11625188681, 4013952380359, 24984358572317 ],,,,,, [ 1412186183840754943 ]
   ,,,,,,,,,, [ 2494718951, 16812307727, 6161453514709 ],,,,,,,, 
  [ 1543022651, 41946922889, 605139235541 ],,,,,,,,,,,,,,,,,,,,,,,,,,,,,,,,,, 
  [ 2306399421737 ],,,,,,,,,,,,,,,,,,,,,,,,,,,,,,,,,,,, [ 1619445427 ] ];
