BRENTFACTORS[5857]:=[ ,,,,,,,,,, [ 234902658639419 ],, [ 32601121229 ],,,, 
  [ 6878396098877, 48779582239657 ],, [ 3009847416481 ],,,, 
  [ 895629555637619252210837 ],,,,,, [ 3176120564151713917 ],, 
  [ 116209694584202925151706850540238859 ],,,,,, 
  [ 248653928713495997, 128498938972840406755903 ],,,, 
  [ 1398140117388393665254051, 285292944575347353215055399461904498198513539 ]
   ,, [ 3619490196403, 51414768255757968000184227364294917283 ],,,, 
  [ 3099044453, 16542047300451124790593061 ],,,,,,,,,,,, 
  [ 3790666457, 1250523934406636657 ],,,,,,,, [ 574095865071409486411 ],,,, 
  [ 8540800871, 5702342349095132617741 ],, [ 21116498813146493 ],,,,,,,,,,,,,,
  ,, [ 2727786989, 1147970710591, 890780824439591 ] ];
