BRENTFACTORS[7237]:=[ ,,,,,,,,,,,, [ 18272798696317273343 ],,,, 
  [ 3575227501 ],,,,,, 
  [ 8407037433236294916273772188593, 59816551883197972685460281425938082430432\
947 ],,,,,, 
  [ 99454298832556550383884804287, 211529623445263969704518413649131783, 
      159176834884858698166866660077400166760929 ],,,,,,,,,,,,,, 
  [ 52601901922311009557431 ],,,, 
  [ 554812193459892686387, 4635526283944943356189151 ],,,,,,,,,,,, 
  [ 31761882293, 157045642212467 ],, [ 120831138879691 ],,,,,,,,,,,,,,,,,,,,,,
  ,,,,,,,,,,,,,,,,,,,,,,,,,,,,,,,,,,,,,,,,,,,,,,,,,,,,,,,,,,,,,,,,,,,,,,,,,,,,
  ,,,, [ 154422208175195011 ] ];
