BRENTFACTORS[761]:=[ ,,,,,,,,,,,,,,,, [ 20645852860876484257 ],,,, 
  [ 527952450061 ], [ 1075903313 ], [ 7013861156999989 ],, 
  [ 5198146951, 3164823589451 ],,,, [ 492771952439586647903 ],, 
  [ 13918986919, 4447007861549956250017 ],, [ 36531066110939599 ],,, 
  [ 14842108261 ],,,, [ 1817208907561 ], 
  [ 395522561895551, 54963626676334483, 398943441261168593171, 
      3202765413544522127069, 400053164032538683116416297987 ], 
  [ 144157831231 ], [ 4146466867, 750600532278409, 2182257428709712709658841 ]
   ,, [ 16226862924579504265120104721 ], [ 524436297083 ], 
  [ 25730110333, 90937674151752785439081397304569702457165953141 ], 
  [ 891361467858817 ], [ 5209010003668365259 ],, 
  [ 190543302621525944475403, 10520504346798982092819721 ],, 
  [ 7220224133, 48183571582997, 29103334935414053, 
      581640372139558385343850200253 ], [ 92774890856858257 ], 
  [ 15590481233097431, 486478042897354531, 
      6193129609138891338735333126238854841 ], 
  [ 1247813449, 85432212937, 114957928373513, 1019387402085977 ], 
  [ 9134153671 ], [ 192539867218535891, 1130186744481884138419 ], 
  [ 18285134062297699, 2504461745389552191505547121959, 
      3473056718948776331322364536811358583412361 ], [ 21371399701 ], 
  [ 145093134350577933286227899, 170986237076542919481897511140091 ],, 
  [ 88915524917563, 209547269064283298610169 ], [ 19181363137 ], 
  [ 5792424121635917611, 897294046949807969411 ], 
  [ 4306896067, 34458205470525607 ],, 
  [ 2912870033, 122095211897, 636480158033, 21967507373373574637 ], 
  [ 116829002053773388382880567395403485134011687948053611 ], [ 11540424911 ],
  [ 1610390727168185680580455244749516255695631992277 ], 
  [ 678919411959834806298777529 ], 
  [ 61166072162333, 824834790508807502623513073, 
      14522564071839684771979311911663 ], 
  [ 1551199750588021, 164647241195407049, 746988603639177437 ], 
  [ 91348112229194923356859509882259309939001169793801 ],, 
  [ 5630381931441653 ], [ 31546434471062067413865433035781 ], 
  [ 977277523399 ], [ 17116259026561, 291210760644641 ], [ 4920278257 ], 
  [ 9450169072151918254710889, 258411205089680067331970244494056549163 ], 
  [ 117718486993, 178481081345653 ], [ 53416907240493081725833 ],, 
  [ 5778265102241381377, 7786401998384499631274720329, 
      12161411363721200414792792851 ], 
  [ 734025793884006887003163237932933220592514149410350041 ], 
  [ 1223525250764692290757723803777464561 ],, [ 2536066920145861 ], 
  [ 917059763936651586530243367859 ], 
  [ 139158286519109688902797909, 17797033179240314021685606029 ],, 
  [ 796717648128509461, 912319297114074851, 6863909333414700143, 
      12941431104176413113288202284877, 29767351830509353331856932294797 ], 
  [ 11899236543451, 79167171990191731, 406075723586649121, 
      356067415202911127251 ],, [ 1474932020908230737468879 ], 
  [ 63249600919, 1007816986374479756184105818229774984161383386926983 ],, 
  [ 504936193520467219969438499346402415246501 ], [ 38581716842199017 ], 
  [ 18927835327, 1039425610556788309 ],,, 
  [ 1636229630828731, 440071066518755800189435081, 
      507602303985964998120886609951 ], 
  [ 10333242241475896788833643525403127 ], [ 48184823885692010677 ], 
  [ 894282704713, 573095387982469737734270641, 
      22084828017777922315212998483581 ], [ 25315977031 ], 
  [ 9539129943289503453320161 ],, 
  [ 5860274729009, 50194105071021917913937, 5453238378912365153227284882233531\
3489 ],, [ 3133668960642900101953 ], [ 11614042851913631 ], 
  [ 6487890078834233, 697562323372707816658697, 
      404631458184302702903568522636428521 ], [ 31628963738065654351 ], 
  [ 11711516889040310110506631, 
      78368059079475184348115239019293573524723671410776559 ], 
  [ 35171857316332116617833 ], 
  [ 23141390401, 74104820542536442834446535230006290121841 ],, 
  [ 13976399136023461, 4238111767283098907806852354789, 
      15673975670772075996424004234292791202188363 ],, 
  [ 597218285009, 52579108870810479313, 107727349608752994700369 ], 
  [ 12559377751 ], [ 151730638364922209116863193 ], [ 2567536494072191 ], 
  [ 7077214721, 1260401703199983233 ],, 
  [ 26140937450681, 52018211780484631713195479042448083623194777571 ],, 
  [ 13814664609329893, 247016824746857883401092633107103177 ],, 
  [ 24513393181, 400017584265151, 457382373127954888570897 ], 
  [ 310945613617351 ], 
  [ 7134518113, 362820801087767694457, 109022794701888349157764934272834204600\
74278957518730285170913 ],, 
  [ 66571899712034281, 5714005987542078481735342879562234703256633 ], 
  [ 2178929052343 ], [ 369252601901, 1150606834607473741 ], [ 84493113541 ], 
  [ 5092175381, 176291992937, 1084928165549, 285552818230170332856017389, 
      627233837201760297277009396721 ],, [ 340479901297 ], [ 33712479121 ], 
  [ 75654630968744331666089321101393081789777 ], 
  [ 2987864027354809, 212987166482372017 ], [ 100524772676083177 ],, 
  [ 30999448364821894657413255809929951 ], [ 40602891408274834862207861 ], 
  [ 147252578377, 21760308290979593, 
      7950889159284083288855261270593823752091425500423209, 
      102344984253552145936716811397813557344788066136607976009 ], 
  [ 9321652297 ],, [ 6550268071 ], 
  [ 9146656526661521401, 46174572197934688270417777215342638603776747345757610\
1 ], [ 9015058844532409 ], 
  [ 255031540493, 3205535334530071009, 24206073854492618412581203 ],, 
  [ 134038734581190882088439338456727041 ],, 
  [ 100255787209, 209391950292682303009 ],, [ 6335759357, 785578536101 ],,,, 
  [ 765056087356106133252673 ],, 
  [ 49108351181, 111378929692277498921, 3654474764862977144431, 
      129378067756498995796587461 ], [ 220419624151 ], 
  [ 445133006805089, 11465715174335893, 47881013004733828397, 
      1349399189110015006733301466889 ],, [ 21344068197810097 ],, 
  [ 3659651908998597601, 16036523666537744689254394036028881 ], 
  [ 1122453533958139 ], [ 5550139226184252025153 ],, 
  [ 114715668814907564116745184165926468154768376381 ],,,,,,,,, 
  [ 537967594711, 1259247363697 ],,, [ 481550764374549794157554697260347777 ],
  , [ 3710173913040941861873136323 ], 
  [ 6401476695623101, 60798862742178157351 ], [ 4375523122741 ],, 
  [ 3780263640781, 189437050627256693251 ], [ 12526523905691 ], 
  [ 1087180873201, 3447026838901001 ],, [ 93456651696464774803 ],, 
  [ 19494693855163716337039609 ],,,,,, 
  [ 656087697704941655141764411595091213691 ],,,,,,,,,,,,,,, 
  [ 788180408551, 95286879522001 ], [ 130708547430787 ], [ 100207233667 ],,, 
  [ 36507577541 ], [ 5117401213, 38898655489 ],,,,,,, [ 46901354373281101 ],, 
  [ 6787131890881 ], [ 26007522665122127 ],,,,, 
  [ 36277129370850253, 1070215983739644241 ],,,,,, 
  [ 3196381449493, 61209615969434135595169 ],,,,,, 
  [ 12667910207654661712782109 ],, [ 11708436296669317141 ],,,,,,,,,, 
  [ 3157164262440951637951 ],, [ 1303826833 ],,,, [ 1049311883401 ],,,,,, 
  [ 3994271689 ],,,, [ 235985946197, 16895350945234763 ],,,, 
  [ 937098678692191 ],,,,,,,,,, [ 7124773801, 1586286572401 ],, 
  [ 594196348066391156135358197698769 ],,,,,, [ 3205563901, 27209140918961 ],,
  ,,,,,,,,,,,,,, [ 71179875901 ],,,,,,,,,,,, [ 124802096833, 6765103507681 ],,
  ,,,,,,,,,, [ 109863205021 ],, [ 5340195383951 ],,,,,,,,,,,,,,,,,,,,,,,,,,,, 
  [ 3339304921, 536087959360381 ],,,,,,,,,,,,,,,,,, [ 1903909393, 2342624329 ]
   ,,,,,,,,,,,,,,,,,,,,,,,,,,,,,,,,,,,,,,,,,,,,,,,,,,,,,,,,,,,,,,,,,, 
  [ 143622027319 ],,,,,,,,,,,,,,,,,, [ 8110607831041 ] ];
