BRENTFACTORS[239]:=[ ,,,,,,,,,,,,,,,, [ 20351620493988061 ],,,,,, 
  [ 27844566913 ],, [ 32739922725101 ],, [ 4867652760381091 ],, 
  [ 165638612527 ],, [ 22523168668621, 1474217270440771, 32521673252093687 ], 
  [ 5186321943809 ],,, [ 2935025801, 841114687561827001 ], [ 31033765513 ], 
  [ 686065607791282838045609 ],, [ 11618889793447 ],, 
  [ 2890109266721, 2402104740201909791429 ], [ 29562824341 ], 
  [ 11703030162709, 2361286000694080498812168100603 ], [ 110633608068097357 ],
  , [ 1242232163 ], [ 286056187700779, 1140900519010643, 36153842878176520363 
     ], [ 6062926706737 ], 
  [ 16975664538758843, 82973858451856979238120301121130742523 ], 
  [ 15158315801, 29383148251 ], [ 160983478392983444017 ], [ 246114999989 ], 
  [ 233311079262700154987001226966496248393 ], [ 1810656613, 252831031021 ], 
  [ 3238760062950721, 5297265078535211, 307986291059883041 ], 
  [ 5376955862209 ], [ 2892087772477508873882664553 ], [ 754451017878851 ], 
  [ 6259011697, 4477003822135720335310764908893128071948443 ],, 
  [ 15743288579, 23296960166824874009 ],, [ 42607972639, 987838704469 ], 
  [ 1815703155861718223987233153 ], [ 4011551441, 121727239843866067711 ], 
  [ 11376298231 ], [ 25923703067771, 2049148091717387115489969151503458416819 
     ], [ 20311946980544322150109 ], [ 146555180763874667534220817 ], 
  [ 17474709211 ], [ 50487187640600311, 148963624103995170746492509 ],, 
  [ 12626251599641 ], [ 6464553201479 ], [ 70441275001 ], [ 26465331649 ], 
  [ 51062682287, 162104356881680712220578608731176715600391 ], 
  [ 83837087371603974643 ], [ 796337766214625753503722061 ], 
  [ 380597891902801 ], 
  [ 99042308389, 599679383393849797189, 1713435970056088617146809 ], 
  [ 5432416387577379247, 11927084839685299655143 ],, [ 46321319374779289 ], 
  [ 4126750171, 10818267391 ], 
  [ 100902455993, 18982047440210863, 37116602491462748205421 ], 
  [ 2510819622247, 1075140604407839971, 
      54219241491702176266857489511590618362322584839321 ], 
  [ 126553287257, 1247460552944148841 ], 
  [ 885233304359, 3758322529244968915237037 ], [ 629901802807655186881 ], 
  [ 10192204453538560909 ], 
  [ 116812783559777, 134218477111267185136539449212168844670253 ], 
  [ 10177847821329367, 1433412070391706127, 1090932300111946293061741158433 ],
  [ 23117953370331407008739518681089794645933639 ],,, [ 3655431421 ], 
  [ 289365082847, 5573191844325337, 11473241104843043 ], 
  [ 1480368437996633637831086103718519263125828473 ], 
  [ 34208784116701, 5228263833969510227530201 ], 
  [ 11368787251, 306711644937268925659 ],, 
  [ 622816893469, 26322794883794102990846301901648783, 
      3004146957896155000199009825829414196741 ], 
  [ 58562233159335825850081045460983873, 
      5740962737793277514279469000651354593 ],, 
  [ 66496444397305951432585726762499159 ], 
  [ 4509155909, 4369842114739335727225571, 
      591037535719402923036790076177733149 ], [ 884261874657933967950578809 ],
  , [ 799917089478655697886962685965664034610281 ], [ 50989378562429701 ], 
  [ 10161877331873 ], 
  [ 35130503783, 2003115431858266237, 73278145322211957953981, 
      287634292667745163976593597561 ], [ 1530445616101273 ], 
  [ 1017415121, 150968029218834854015711 ], 
  [ 7051648469, 287768574701, 66070650317317, 2835052834907929 ], 
  [ 2014144438770679334814040185247357 ],, [ 74938790036141851 ], 
  [ 4305239161, 19854769801, 93261715078561 ], [ 21000227117 ], 
  [ 1217929227511, 284934378520381 ], [ 9307494551431 ],, 
  [ 7505913695474251 ], [ 243554284009, 8476882407443017 ], 
  [ 1901416061, 40667173130567 ],,, 
  [ 82361037461, 238891596438041, 6061310068575682616464346950764341 ], 
  [ 2204488961 ], [ 138322371363661 ], [ 12525337458131, 137666639953319 ],, 
  [ 1434169944610741225143897518341 ],, [ 71730261191863945511 ], 
  [ 3114814699, 60733132357, 46122942631334102259703319111852707 ],, 
  [ 2326030001, 4540541135421904048075781 ], [ 471734090287, 734651032411 ], 
  [ 115044127365146579 ],, 
  [ 995884931532758689, 4981757644046421649, 16998737856880926961, 
      395160189297306928099777 ],, [ 249566533429 ], 
  [ 4938564373, 525886773538335851628757 ], 
  [ 882272886329, 6210738510844638977, 1608275698534532109741277, 
      85079837654243363372345567090819011457 ],, [ 4356557714291767051 ], 
  [ 4945464119 ], [ 83302223033 ], [ 43367032981, 36512228203813 ], 
  [ 1305530689, 28582354425106636452761, 19931943974327525795042348108900753 ]
   ,, [ 37438621379297482630417 ],, 
  [ 18637785897763, 231452509262854943184009072726193, 
      92612814089380079619583877692310474460067557848096770927 ],,,, 
  [ 10885460851230968377, 80233751428205977211385705489991 ], 
  [ 14240563186813 ], 
  [ 130545677247911703137, 332302979829553726237441, 1398319090063120922092968\
329 ],, [ 93152218539827, 9549988692162588679, 18591722213439558971 ], 
  [ 5175943559 ], 
  [ 2472462433057, 399179664598069968333277322137, 704199306186197967664995934\
1809 ],, [ 96246866971, 190244140471900751 ],, 
  [ 28521708365375960171910413, 17602046316597915576353689169, 
      273678724934903907510621298005809408927118667219348966074013 ], 
  [ 143554836389991308937167 ], 
  [ 414974872267, 1707326977393, 3127982370620053786663, 
      22713542818079408481174277, 150191865476330515934480653 ],, 
  [ 3935022257, 7000422694849, 105816148789649, 20531212985519366616193635841 
     ], [ 2340886243, 209018910601 ], 
  [ 775495525787, 16507093390930346072930275088701 ], 
  [ 120352630007102932349989961 ], 
  [ 5693812561, 203912427478795741, 32356261801497689288281, 
      4026285109908959799065221 ], [ 31254208200469 ],, [ 3768504682666699 ], 
  [ 190886143832344921, 95144868563354039260595078589494776433 ],, 
  [ 308759968417773997, 
      1933731064849689250663097643823638659385114957696091951 ],, 
  [ 2155374974377 ], [ 3970395455041, 1502862821146623637 ], 
  [ 4834546727907024874808911 ],, [ 324010213748083560769 ],, 
  [ 471169893239810581189335229, 38233427011508016316283039999, 
      11847131604692989181858591067145033214659 ], 
  [ 1390268881, 1660606903887751 ], 
  [ 43887649149821, 7636642220950783657, 20914859045247840750596109337601, 
      1592165690972191560248545876033702093025688397357 ],,,,,,,, 
  [ 27694758458025937, 2345725132371109813 ],,,, [ 59843727290742160273 ],, 
  [ 145537635799041262899214831660176698696191 ],,,, [ 4745008192079 ],, 
  [ 2560844291977, 2501830521074449, 14380780974691989873216457 ],, 
  [ 1091064181625839 ],,,, [ 319134734048556883657 ],, [ 1844092875322112801 ]
   ,,, [ 1983556873 ],, [ 78425060249 ],,, [ 2908382857 ],, 
  [ 1375430258220147361821187 ],, [ 3182970233, 3885074717 ],,, 
  [ 1858311041 ], [ 7806656349333824401 ],,,,,,,, [ 118843886561 ],, 
  [ 69223636466472534001 ],,,, [ 2455343071 ],,,, [ 74808783876963943 ],, 
  [ 2837601001 ],,, [ 4338797791 ], [ 278702278273, 185244011886821977 ],,,,,
  , [ 43561741882231, 61572447879881629501 ],, [ 3032953409 ],,,, 
  [ 52920006781, 1743230481997, 3454709560501, 72057640633231345449421 ],,,, 
  [ 304075442694751820681 ],, [ 11527555303857517 ],,,,,, 
  [ 9806810433082471212769 ],,,,, [ 310641458163433 ],,,,,,,,,,,,,,,,, 
  [ 3810965816029441 ],,,,,,,, [ 905547916477051 ],,,,,, [ 1955050021 ],,,,,,,
  ,,,,, [ 1253119567729, 4595090600689 ],,,, [ 37642747421, 916689041941 ],, 
  [ 34716585529, 41794686751537 ],,,,,, [ 11020998529 ],, 
  [ 5725715016701, 39788377786501, 924475955712401 ],,,, [ 51810078517 ],,,,,
  , [ 1161472321 ],,,,,, [ 256545174601, 346012898468119 ],,,,,, 
  [ 59250919381, 3563055005689 ],,,,,,,,,,,, [ 8445305555329 ],,,,,,,,,,,,,,,,
  ,,,,,,,,,,,,,,,,,,,, [ 4119577981, 28489937832721 ],,,,,,,,,,,,,,,,,,,,,,,,,
  ,,,,,,,,,,,,,,,,,,,,,,,,,,,,,,,,,,, [ 1396560481 ] ];
