BRENTFACTORS[3079]:=[ ,,,,,,,,,, [ 2196279713 ],,,,,, [ 350844298664957 ],,,,,
  , [ 8909721124037191321, 396263918959214201503733955841252514509128463 ],,,,
  ,, 
  [ 87537111089, 58339024366717, 896649142765472756469779, 1034757191233896831\
0399484926010708137888929690903 ],, 
  [ 4084859710383152035366364888437, 157816281451967861069385232902709, 
      2468448297964465703235364746706463 ],,,,,, 
  [ 7261299211, 8492490516884497, 64022565310898574491, 
      110573675755255040408250075224447, 
      876709377319970566544932616209366169789805555079 ],,,, 
  [ 113972137610975641 ],, [ 142055086037 ],,,, [ 52669005138317723066300407 ]
   ,,,,,, [ 3415812818063, 34062744734323 ],,,,,,,, [ 8856820109569 ],,,,,, 
  [ 131322909478505366340737 ],,,, 
  [ 25351196722231640129055299, 1167082430205549069525745490147 ],, 
  [ 2906536580277251406427 ],,,,,, 
  [ 1039956383467, 2112203322492367733, 125023919626729966879 ],,,, 
  [ 124522501466634808907969 ],,,,,, [ 19355476396013330921 ],,,,,,,,,,,,,,,,,
  ,,,,,,,,,,,,,,,,,,,,,,,,,,,,,,,,,,,,,,,,,,,,, 
  [ 901984005511, 105783433265483 ],,,,,, [ 198698914414658154403 ],,,,,,,,,, 
  [ 31825758469 ],,,,,,,,,,,,,,,,,,,,,,,, [ 3732309911937279679 ],,,,,, 
  [ 12954339791 ] ];
