BRENTFACTORS[1009]:=[ ,,,,,,,,,,,,,,,, [ 49276157093 ],, [ 91330330501 ],,,,,,
  ,,,, [ 28995887047, 37216762343325446725313149 ],, 
  [ 2401104071, 57643774229, 17459400920798357 ],,,,,,,, 
  [ 8020746007, 218713410163 ],, 
  [ 2882613077, 163580125889, 583685047309400717017752889, 
      1235984635787783426003808201972989 ],, 
  [ 37897736613711130258763, 33026139557648773018097861063 ],, 
  [ 63731929771 ],,,, [ 38440995126813259 ],,,,,, 
  [ 19567753921, 3025485260070726033461 ],,,, [ 18545655497 ],, 
  [ 519478529509740362509 ], [ 2502424409, 99285760336824077 ], 
  [ 818843372047 ], [ 474943707713, 1083961909313 ],, 
  [ 2656523182699, 437206647189772879 ], 
  [ 3756676549349, 142190568548434896869549509 ], 
  [ 8356101937, 4568287975652360969 ],,, [ 87887767481 ],,, [ 2480297156879 ],
  [ 12829490285851, 297711477486535051 ],,,, [ 9865964101264621591 ],,, 
  [ 804997215877, 13438193032886752373 ],, [ 295257467569 ],, 
  [ 8242092845057 ], [ 5116526934222799 ], 
  [ 970213633370081, 6006797902019729 ], [ 65559392614148603 ],,, 
  [ 18443751747719413 ],, [ 33903854483 ],, 
  [ 55609319505601, 145783045558849 ], [ 934822733353217 ], [ 1320480911 ],, 
  [ 2354678101, 21105884801, 25909193201, 9098756254001 ], 
  [ 50598799211, 160527199817 ],, [ 2901197087, 23484957901 ],,,,,, 
  [ 51789100109016227 ], [ 203716042506283231, 108535642893133165601 ],,, 
  [ 15068389541, 143363535057636767 ],,, [ 42548514709369 ],, 
  [ 2046481351991 ],, [ 1201386601 ],, [ 15511176689027, 1643020108484270521 ]
   ,, [ 84499559813, 212184077868457 ],, [ 204207800103214741 ], 
  [ 3862443478464515543 ],,,, [ 1430389652189526899447 ],,, 
  [ 17473274113, 56536272556109 ],, [ 9396287057 ],, 
  [ 4109486677583828329, 5569705811071038529 ],,,,,, [ 308978073793729 ],,,,,
  , [ 94613475301, 197855156162101, 1443847534060387501, 12049442998628277301 
     ],,,, [ 3334578390259579 ],, [ 4440729697 ],, [ 2572891751 ],, 
  [ 9518510081 ],,,,,, [ 293746754659 ],, [ 582309599593 ],, 
  [ 4821643988085401 ],,,,,, [ 938601856721 ] ];
