BRENTFACTORS[7877]:=[ ,,,,,, [ 3310072921, 16414444271 ],,,,,,,,,, 
  [ 23247517121449, 202216384817077 ],, [ 777362877234481 ],,,, 
  [ 1799562413611, 16229979891493654658327083, 
      4053715262089643624875073383316145568507627 ],,,,,,,, [ 5483813821 ],,,,
  ,, [ 1360021761035303, 233096391898214125597 ],,,, 
  [ 34412230106239, 84506250630727609 ],, [ 21145655389037276135953417 ],,,, 
  [ 6987607313, 265551122631774522788389278698029 ],,,,,,,,,,,, 
  [ 10556170402663, 596062232242063 ],, [ 735397561043 ],,,,,,,,,, 
  [ 31798882229009029 ],,,,,,,,,,,, 
  [ 1368817907, 1778695495763, 466960598461802818781 ],,,,,,,,,,,,,,,,,, 
  [ 1072434161 ],,,,,,,,,,,,,,,,,,,,,,,,,,,,,,,,,,,,,,,,,,,,,,,,,, 
  [ 2531043132853 ] ];
