BRENTFACTORS[89]:=[ ,,,,,,,,,,,,,,,, [ 2738039191709 ],,,, [ 8281163311 ], 
  [ 23903412677 ],,, [ 3802641100328251 ],,,, 
  [ 17175865789597, 266834785363181152127 ],,, 
  [ 207158566177, 1787737143809 ], [ 35708105929 ], [ 1702753891507 ],,, 
  [ 53025666928225013361727 ],, [ 75692305417 ], 
  [ 202717901041, 848907593441 ], [ 994938814090704962309 ],,, 
  [ 48635399341 ], [ 5869174411 ], [ 3529029013, 1326434916407 ],,, 
  [ 184091274583648974139291062968551 ],,, [ 128301124809001 ], 
  [ 13254129233417996561269, 267694193510397744911116957 ],, 
  [ 4705276326325773774134791 ], [ 380450230677879897641 ], 
  [ 26205153553, 64156711609, 259589135279367544177 ], [ 379260174973 ], 
  [ 8244264416566532589756193529386036871899679233 ],, 
  [ 19207271860817004451506989188930652941752260465173963 ], 
  [ 2404182660490138381718130901 ], [ 35885986039 ], 
  [ 356028464377153, 4029994312437697 ], [ 926190367203271 ], 
  [ 1199756430973 ], 
  [ 2516667443363477227, 2332203907087289455109, 17345460386856072657168883886\
351357651503 ],, 
  [ 1260560173, 726041122269115670775691, 4940128494588219570410173 ],,,, 
  [ 99191025160785674716447 ], [ 8090368571 ],, [ 7746649892538061 ], 
  [ 4424615581, 14463254257139058764779, 189656304340858596084383 ],, 
  [ 1379178841, 2803732121, 316526220581, 113582228042407729129033 ],, 
  [ 3841288505945752455073 ], [ 49365625487, 761994358907, 17646047356787 ], 
  [ 93214521584922535375719131717, 
      2716591603520006512029366977991121191614424001 ], [ 33304243398973 ], 
  [ 6346824031, 4713781809641, 15793089841725335561, 
      4646410218532875270462880241 ], 
  [ 1388401291608061, 516069533104575850663 ], 
  [ 20111642095477, 34094752060951 ], 
  [ 17518611358249, 153901963067539721, 6767785980567718129 ], 
  [ 8009862103557709, 5964844210432006407836201, 
      37307598912253490893302199133, 
      2575478891298538986002866911871109574705271 ], 
  [ 28650459490921, 2675667780679681 ], 
  [ 1107564626351, 486879483690379963, 11410747962465928882548361711, 
      3228234434483868824216572673304312607661 ], 
  [ 296394996449, 2240191382006977680425600834549 ], 
  [ 510212029609, 1548833765803, 4558100617091098108644427 ], 
  [ 26525346761, 3761080990256713 ], [ 1123157296866691991 ], 
  [ 1174587457, 27036744855787652662561 ], 
  [ 48692453930969, 3176474972130679250258641529695216386383026014121788201404\
21843738479 ],, [ 54352303622101, 33201721510759773379 ], 
  [ 40801238553236513501, 404423818931490551801 ], [ 15872561128632217001 ], 
  [ 181978184522867744941000931527 ], 
  [ 66821471661550674750647241457, 2616070323817929147837095259462461 ], 
  [ 304784672050772161 ], [ 267214716195146703447437422562520456421 ], 
  [ 1472319649, 279342654341701943919635651 ], [ 10499925409 ],,,, 
  [ 30703375447, 2586367133592286477, 35015348925013036849, 
      60293206849715046643674132076338355609 ], 
  [ 57948749041, 20008052391937 ],, [ 350395182714847 ], 
  [ 332467273389147057452441, 
      29661271587111963450128105909238330092464867148836017324731 ],, 
  [ 1015769114155459, 4170303831118136359321055569741277265940389458047100209 
     ],, 
  [ 3312377884981754401, 5020955757045514848834836851751408775787459777, 
      67220902824838373015460218332372392318844044923783029351 ], 
  [ 16659448321 ], [ 19124690605827072619 ], 
  [ 44058801109, 43839113771479387610294865325026099983 ], 
  [ 4163938089847, 87538353498487, 229547383063070377096579, 
      46340806006056354017115743518899032786839 ], 
  [ 18516994992207192917403120562469, 12838317478257001583336875302821915441 ]
    , [ 3243334823251, 35633026439501 ], 
  [ 4099137663888793, 21062392661862533682541 ], 
  [ 1542584165434188558612221936635610306778187202197322724416250064619485969,
      421448259928786916481734202524031161946713224945723036866567339630190044\
62527718251 ], 
  [ 443789979316995682177, 153316525308739316934017, 2441528369106629028274520\
33 ], [ 75057639513923167748649762583954216935938439332751279616878191247067 ]
    , 
  [ 4033845661, 6506092451, 1951677122981, 24628018584466961, 6608822305122912\
421 ], [ 2277705831317082619309, 52896233112591466672652264973243611 ], 
  [ 464938727612057084353459634473 ], [ 48929327007211179761 ], 
  [ 8467879615373 ], [ 322987992487823739122457809930987508933514111 ], 
  [ 47641655271963470761, 6688827209006954496392689 ], 
  [ 1057315859, 257092658030756613932681383, 2833402788756568397426995542109 ]
    , [ 63897770023 ], 
  [ 25143584717803170355705607, 4026766487681691948747266174917 ], 
  [ 13719833802266494141, 4727651734117643338423791901 ], 
  [ 14456018837822293 ], [ 3837161497390813550891, 24481346707380610569341 ],
  , [ 1382710081969 ], [ 2205541931, 67963621122641 ], 
  [ 2588878009886986271, 57661436440314954151 ],, 
  [ 15855599753721406213361, 21417050053329628445251472791590267898709 ],, 
  [ 1190278051, 118775426002337225373451 ], [ 568842620740838891 ], 
  [ 39922123749322421696611855369 ],,, 
  [ 5203648841, 25033312201, 197548768470401 ], [ 4072635937441657 ],, 
  [ 1123045757479, 28032870649840319321659, 2650237508906623799760143, 
      2680937557902317679586902508609918431633211 ],, 
  [ 587958554006710607521, 1323905765357469895681 ],, 
  [ 1306087722019, 340218215106581902954107241981 ], [ 527540483819 ], 
  [ 295569376873, 5584229951501219017, 79765215092314128079148875778281 ], 
  [ 53610647142123658598011036254241 ], 
  [ 7785609074109714121514670609230904141110166732086679423748543 ],, 
  [ 47659221903217 ],, [ 47910847211, 10411023864671 ],, [ 137498345077 ], 
  [ 17177328311426351039 ], [ 3500564887, 7813457797029739 ],, 
  [ 7258884433681, 24046690648295862342086187716689 ], 
  [ 131947084415063250793 ], [ 169573582127857, 11188457211131513436831539501 
     ],, [ 437875640139425424288301 ], [ 1657805476319 ], [ 1774454683 ], 
  [ 790356919714513 ],,, 
  [ 171453265129, 31058347971588901, 34317506517837145724602803683537218321 ],
  , [ 9503760397 ],, 
  [ 15146818079392621, 52948932423599020031, 246946765229676311531866399393601\
1104869721 ],, [ 2840449656592064630121544321 ], 
  [ 12707241888528767727810121 ], 
  [ 24784509037559053344628397841214501776849388909610271162596634196103038766\
3683651 ], [ 771527988157291 ], [ 6420563141886313656302603832671885941097 ], 
  [ 7763745716637416549 ], [ 39603133625883303609641609839 ],, 
  [ 10950841001, 4127377644540655339056434442625400317201 ],, 
  [ 5352249199527303885150975799, 
      1139116879459076058045383476446790729671274550643817471001 ],, 
  [ 480998285111913654433, 43934613788094335505733268226308204115248281 ],, 
  [ 18436669577, 2447516756641377926119456608313829 ],, 
  [ 1054811473, 103525281441738833, 396149372722020737 ],,,, 
  [ 6084905030439003904342866143281, 
      6434928012414589178901384778468196011975685017 ],,,,,, 
  [ 1378797176639, 57321184221233 ],, [ 264808683502001 ],, 
  [ 2436952831, 238111229427661, 20910373877304037033, 
      3892155076911753607954517498851 ],, [ 179944168769 ], [ 2866241251 ],, 
  [ 23037326087 ], [ 47102156341, 4646223148335040200613 ],, 
  [ 15016223339261 ], [ 301226168454751 ],,, 
  [ 1143433981, 10097115943218634513 ],, [ 3556460057, 5623112792696657 ],, 
  [ 325971260311747, 4208317580095562716196429, 
      216021511483211388701517849367978616730373289409281020704947 ],,, 
  [ 1079832371287 ], 
  [ 1327249243, 3230165423, 3478838265584522988190239189247343016219981442337 
     ],,,, 
  [ 360309777869423010309427, 1087713854440271520607771056969668580913, 
      4244293464288995357367627300194214046334539 ],, 
  [ 23539081201, 656184060809, 1930171697836976371245802801, 
      70218357735168774856755866025161, 
      1165526089431157955004576273245911476530270241302859577 ],, 
  [ 6865633751, 7393543167854505001, 7009638328659866699251, 
      215818287250205899999655278751, 642375044792341120287037541501 ],, 
  [ 2387971153, 4529969199590090257, 147897920226133856269, 
      342956690475467654205579673204990633 ],, 
  [ 8367114941645496815121379, 42163554893320264248044706451219471112792960397\
77983973 ], [ 1456829791 ], 
  [ 969892128769, 11510648401409, 1122608050011137, 970230546279127949475841, 
      4255772825193219480920321, 5869418634442579060428289, 
      134602888760970611896391484530004852935173203457 ], [ 3703922133661 ], 
  [ 1144842360421, 21595865453850188175441523 ],,,, 
  [ 1634652444617, 11885301651962069 ],, [ 7660651153, 1935121588001449 ],, 
  [ 41322241509739 ],, [ 99376081892693, 84477432581524470470976901 ],, 
  [ 4890736801, 41729775751, 209013001291, 354734138224909473958026181 ],,,,,
  , [ 20384035201 ],,,, [ 11870233869015252157547792281 ], 
  [ 9628629826609871184281 ],,,, [ 5629604449951 ], [ 5804498701 ],, 
  [ 4876236145771489 ],,,,,, [ 2264054057495161 ],,,,,, 
  [ 1251475760401, 968755397987414084101, 1569450318483345961501, 
      89884968741324794598774901 ],,,,,,,,,, [ 14400869579833531 ],, 
  [ 5182365246233137 ],,,,,,,,,,,,,,,,,, 
  [ 6125439223591623253654051, 1720723257783956991177591991, 
      56522813492515008350023618778946541 ], [ 27570812781953059 ],,,,, 
  [ 3983792055928609 ],,,,,, [ 8463794159539 ],,,,,, [ 3735734438462617 ],,,,,
  ,,,,,,, [ 28636790015161, 12861274420112761 ],,,,,,,,,,,,, 
  [ 9572448523255507359097 ],,,,, [ 17100324613, 109699595965480123 ],,,,,, 
  [ 2058686555137 ],,,,,,,,,,,,,,,,,,,,,,,,,,,,,,,,,,,, 
  [ 55626316616554879861 ],,,,,,,,,,,,,,,,,,,,,,,,,,,,,,,,,,,,,,,,,,,,,,,,,,,,
  ,,,,,,,,,,,,,,,,,,,,,,,,,,,,,,,,,,,,,, [ 39496577585761 ] ];
