BRENTFACTORS[273]:=[ ,,,,,,,,,,,,,,,, [ 11087132255747 ],, 
  [ 1070485993, 57141702774479 ],,,, [ 19585557158477, 46002919625567 ],, 
  [ 5900502451 ],, [ 190996161193 ], [ 187137300112253 ], [ 384777563964361 ],
  , [ 20750022064874071127, 3251150769519461271595553 ], [ 76972631713 ],, 
  [ 59959523291179 ], [ 3799276520061821 ],,, [ 142050434378842229 ],, 
  [ 127789583681 ], [ 63103754771 ],, 
  [ 8094457510835398231, 417995219205978241769 ], [ 671425332846775673 ], 
  [ 63536350080074160488491 ], [ 46583527140751, 4147931906232833 ], 
  [ 715411121059 ], [ 5152068577 ], [ 14043304658762658281919266540932253 ], 
  [ 3238142419801 ], [ 368539484144240407 ],, 
  [ 39637180938522394866127688396924843949731055732967519 ],, 
  [ 57873730397509312885289404781 ],, 
  [ 587859536631091659476209074942054178663 ], [ 52773830703544618156802231 ],
  [ 3029867593 ],,, [ 33741260555143834129 ], [ 2119449800518926373 ], 
  [ 9484574105786497425017469478517633 ],, [ 5045425837 ], 
  [ 363804642944763967790562085907 ], 
  [ 7757561825197, 14262981053297, 979278832517946968797 ],, 
  [ 114681775321, 27483369764716321 ], 
  [ 370293842238316650337, 449431533734335484199322756385177, 
      29181563546199541534415361459642517743277 ],, 
  [ 11046145433892318876961, 7281923997735801082888570249 ], [ 237983404597 ],
  [ 1124203481681736151, 92898947998025390170252827663901 ],, [ 22733017693 ],
  [ 259174101732703 ],, [ 58098987841, 2155172530241 ], 
  [ 23932148269887913221158407904042413274656637640005353680457 ], 
  [ 35119593054930052803576266282621444035991 ], [ 12133919773667 ], 
  [ 505168017392497453 ], [ 1680140790061 ], 
  [ 162357779710981, 388948210349617346639509 ], [ 1225474693, 1283467501 ], 
  [ 43311375713 ], [ 4519856214251437, 379014647732970739043 ], 
  [ 138201286531525536892517011 ],, [ 5034427265909, 750758035295441857 ], 
  [ 74705609008391587553101, 8000494753793973035856508753 ], 
  [ 53893326226732372771, 349800553188786947761 ], [ 2563584203019551 ], 
  [ 415823789413537, 1266019868999630593 ], [ 4747716023 ], 
  [ 118063340944894297 ], [ 7175039507223589 ], 
  [ 27251521868378400977476913975656764633852596701 ], 
  [ 43478982577, 5648892769381, 43182382976556743 ], 
  [ 272878250260600951, 769692836872726447 ],, [ 2937542089 ], 
  [ 422583156816035461 ],,, [ 409241044495115893258442788139579370493 ],, 
  [ 8841974681, 32849198091410471, 11042875220676372342619111301 ], 
  [ 138277684692200739601, 5203888298265622627867 ], 
  [ 34296977009, 64635344006673513356170721 ], [ 135409433378587 ], 
  [ 833243058433720075944856227805547647 ],, 
  [ 239298019013, 964903453993397, 223136245923921996641 ], [ 5601966553 ], 
  [ 1816744116562082996343623 ],, 
  [ 52522412886041570401, 28596867136978877773279921 ], [ 2076871067723233 ], 
  [ 3057264136361391361, 5153374562987715083 ],, 
  [ 543982138052273, 1187313690703188335998931926061, 
      783393680991466605670286940821893 ], [ 471008556751 ], 
  [ 111727038211906236790609 ], [ 82346880773 ], [ 31395288482696833 ], 
  [ 152199350971, 12601273317121, 2454109070133674269 ], 
  [ 488711989364740925689136475791 ],, 
  [ 21412836061, 2390804255966211870172094503501 ], [ 8442254104411 ],, 
  [ 47238030229823578351, 3501520303156701797959615711 ], 
  [ 9455227982033, 100868953541079337, 295603823638738848641693297, 
      258879026594091294138972384320426609032013393 ],, 
  [ 45584074303, 41964119795166715471258991550890731 ],, [ 163270845714341 ], 
  [ 17319571925153790949, 2875602304118559838729 ], 
  [ 1228522231, 107945287731568465725282397 ],, 
  [ 6495201793, 168489716342833, 341147610880669639366604964028140130657 ], 
  [ 245947675885231 ], 
  [ 1809209098597152027048165479, 5031014636401811016189356879 ], 
  [ 56733356989 ], [ 154029931589321789, 114510047769007213193257 ],, 
  [ 4698584584909178691401281675201 ],,, [ 872646971023 ],,, 
  [ 35355347816101, 72287644602109 ],, [ 737186980233551, 871643940194754841 ]
    , [ 40298985668587 ], [ 6148499041, 6487816541761, 17224461406241 ],, 
  [ 1755595791073, 52707857597893 ],, [ 1366733564505236437 ], 
  [ 1484655481, 5896015621 ], [ 197677536811 ],, [ 30963035319721 ],, 
  [ 128551544927442401, 5584623504937054029067639741 ], 
  [ 3217235041, 868425391801404127 ], 
  [ 3400011398384513341789, 3669583884353745099926057 ],,, [ 9697693601 ],, 
  [ 2775168841, 288059803687, 113565684087728443 ],,, 
  [ 37506357026461, 213637358281193422375510612291215548423161 ],, 
  [ 34703150808335089695386591, 262815898308951560728363598209 ], 
  [ 6496683367 ], [ 33942093946026249881 ],,,, 
  [ 5033467597409, 30502768086397, 169100822753729 ], [ 3173015161 ], 
  [ 34514404901855533091 ],, 
  [ 630401800835137, 705891017919004005559119937, 3574441303151717006224850427\
3796932328573441 ],, [ 1486605317, 12338428526515146359 ], 
  [ 1404967290871, 585417909140611 ], 
  [ 3815019853, 1090515083187603893, 13422899598492892383401, 
      71625246660995339445281 ],, [ 8938607910013 ],,,, [ 239483131313 ],, 
  [ 131283243460172651556813875255101 ],,,, [ 955775804201562329233 ],, 
  [ 2250188641, 300220600164705803821278579841 ],,,, [ 46160233351 ],, 
  [ 557600568409, 4137928683699909961, 1287630371190088715473 ],,,, 
  [ 97679794081, 23577246863281, 175620369717101 ],, 
  [ 107301785917, 34242449423462167, 540169228294079087047 ],, 
  [ 1901507232819937 ],,,,,,,,,,,,,, [ 3830955927233261 ],, 
  [ 271390778705551713469441 ],,,, [ 20486407873, 75500233873 ],, 
  [ 1065287011, 15969397905163 ],, 
  [ 6684661937, 353211493961, 18162383377202881 ],, 
  [ 27880544577509251, 1461227802356996251 ],, [ 111790652877438219973 ],,,, 
  [ 185627355502788097 ],, [ 13106236082862049 ],, [ 7386032681 ],,,, 
  [ 62323728817153, 343722755216514054217 ],,,,,, [ 8743904104731063369481 ],
  , [ 60456970529 ], [ 3930324822813481 ],,, 
  [ 509295539821, 435949991461252657 ],,,, 
  [ 7350745921, 312170224208081, 1671866760965801 ],,,,,,,, [ 95573288358433 ]
   ,,,,,, [ 1212580363 ],,,,,,,,,,,, [ 403454758519 ],,,,,, [ 1790378016337 ],
  ,,,,,,,,,,,,,,,,,,,,,,,,,,, [ 1623042802525981 ],,,,,,,,,, 
  [ 16678061340851 ],,,, [ 75310095277079138083 ],,,,,, 
  [ 1446035420521, 242075219210281 ],,,,,, [ 38029466437 ],,,,,, 
  [ 894566946969541 ],,,,,,,,,,,, [ 1421172719015181029377 ],,,,,,,,,,,,,,,,,,
  ,,,,,,,,,,,,,,,,,,,,,,,,,,,,,,,,,,,,,,,,,,,,,,,,,,,,,,,,,,,,,,,,,,,,,,,,,,,,
  ,, [ 60221477761 ] ];
