BRENTFACTORS[4177]:=[ ,,,,,,,,,, [ 32017170571 ],, [ 1815267720506067959 ],,,,
  ,,,,,, [ 22305906834349 ],,,,,,,, 
  [ 906059825744489719, 51614833072366768577, 3239721386558960141663089 ],,,,,
  , [ 13365531313, 563620915955389, 9219412482509980242317085937693, 
      2149058118130236825640601121631153, 
      1009518055348082622941655383223819605993 ],,,, 
  [ 626950712696426067239, 49264570401738748916665539252403943 ],, 
  [ 216167020192297, 552110438750667073049, 44778571225606421748793, 
      3466541484230055298983353, 
      1761751451097272288434694907879055518408579272418813979124057 ],,,,,,,,,
  , [ 4139401992994679 ],,,,,, [ 98438036819, 517031224866587003 ],, 
  [ 3518859787 ],,,,,, [ 9640216509715607 ],,,,,, [ 179052081989496632014253 ]
   ,,,,,,,,,,,,,,,, [ 197978602560941 ],,,,,,,,,,,,,,,,,,,,,,,, 
  [ 970544043088763779 ],,,,,,,,,,,,,,,,,, [ 21200850721769 ],,,,,,,,,,,,,,,,,
  , [ 275588901061 ],, [ 4310779409 ] ];
