BRENTFACTORS[895]:=[ ,,,,,,,,,,,,,,,,,, [ 7402059559 ],, [ 64028860729 ],, 
  [ 496541222753833 ],,, [ 535039210109 ],,, 
  [ 3652224041, 1083805132656535493832970689041 ],, 
  [ 312456934018817550803035465784162747477 ], 
  [ 19912464001, 43401546344833889 ], [ 73498420447 ],,,, 
  [ 175406523872023, 4614536421613847 ],,, [ 41143051561, 72210494979241 ], 
  [ 170601366824869, 140279836049787613768847, 
      1143032016081926984495359692571064771 ],, 
  [ 4596723479, 4727969376162176869176733869382015361731 ],,, [ 66307161611 ],
  [ 30702301997, 54188265680728358356799332210679 ], [ 11795986506682226689 ],
  [ 282226751291235696648095821 ],, [ 443643874231714251543659347 ], 
  [ 26159618450993 ], [ 96387323928219680783221747 ],, 
  [ 2574305383873363105137856316449631 ], [ 1651025243281, 2948525352809 ],, 
  [ 28305290062040713737312614167867 ],, [ 1055016734043285421 ], 
  [ 12223533221402557 ], [ 322143458607511, 118562425764223521689273681 ], 
  [ 1322427583, 11594706733, 65792175879461851, 6247285640931080134631719 ], 
  [ 269376699173263361 ], [ 93404746577866550692841 ], 
  [ 641904300297844813417 ], [ 2298266563 ], 
  [ 1653741213397556609, 16470286072192243643342153 ],, 
  [ 20940280668954470377592641 ], [ 11603348011366319690970039876911 ], 
  [ 766084107489936975894748477833289 ],, [ 84791115522970319069063523619477 ]
    , [ 181104791701, 775876452921601 ], [ 50053967769578778253 ], 
  [ 173189558862167, 280237780559353, 6680495832499721 ], 
  [ 125591989865412487 ],, [ 70348602072749281 ], [ 364602377580751 ], 
  [ 204205549069, 67215993531991 ], [ 3183421572967301044567 ],,, 
  [ 22378198709730913955191124131166091929 ],, 
  [ 6894104369829027209, 4559896498857442576241, 
      1829626768415521455692776937120033 ],,, [ 270081126407 ], 
  [ 317581535535541373, 677663428896057953513, 
      8008138600833093191560028328829981 ],, 
  [ 689951740652005562621758947457944316312316096033482881538362304331 ], 
  [ 449458424474134614911 ], [ 1772046201702328360298347187890486472257 ], 
  [ 15264448969907 ], [ 361743086510728301, 884147939548852566291837197 ], 
  [ 5400177343046641 ], [ 1012582797653501 ], [ 8133232265131, 9857808302401 ]
    , [ 82787240747137, 404171910932551 ],, 
  [ 15668477759377, 1732769970423919334441 ], 
  [ 1796624341, 5939820181, 266355803404594179479530111, 
      100777199517541442452977155191, 418360625499169360110083922901 ],, 
  [ 381795423283 ], 
  [ 1186161841, 24157364443204815691049197, 317723678568444458119908457 ], 
  [ 16816787597094451133, 65218867860238992527 ], 
  [ 3301067551, 32889700035288087027682691, 
      595346271011616666938753162590594261 ], [ 2773000094797 ],, 
  [ 8625318929 ], 
  [ 2494702320146089, 3689340943331149, 449438399685448756005142669 ],, 
  [ 9625129431546913, 4645132687936406323105541941 ], 
  [ 1870447149350289901, 6015994246067560327, 
      10219762311052220402088328577852797 ], [ 379625788601 ], 
  [ 65104141721029654181 ], [ 19498639088112044656998899869943602590107504401 
     ], [ 18555476809 ], [ 2082363543563087 ], [ 122777100631 ], 
  [ 4713535223074133, 1577306119068421193, 6285844635160749006404939761 ], 
  [ 2677874787251, 6567987169366501 ], 
  [ 248191205760025243924068743508050031307 ],, [ 1585181953 ], 
  [ 19252458297073, 290221179243379 ], 
  [ 780404144131, 148553518896511563562268368470836559149800020495457285542847\
1 ],, [ 2746929901 ], [ 8136130829, 7284785918023699 ], 
  [ 16116785152309, 14236693846377236489, 1724752113756720907748873 ],, 
  [ 5601272881 ],, [ 22787401773598467487 ],, 
  [ 25315949617264530455457818341 ], [ 4625204915059 ], 
  [ 91275782011516475174209092679158733 ], [ 8372066082953 ], 
  [ 21561037495633, 370049749696343089, 2695281630616770653089, 
      472887380467005837448686727233514897 ], [ 1852214921, 3113485605691 ],,
  , [ 48414397779829457 ],, 
  [ 2190746842651, 3416724408658081077140126564759698471089301 ],, 
  [ 43266022886099753 ],,, [ 2604589931 ], 
  [ 1265823946665260353007822200060512588980513773 ],,, 
  [ 5609934461711026243 ], [ 10022089035203587562308456961 ],, 
  [ 4157179778179, 211136933337277031688633499356841 ],, [ 30886075393 ],,,, 
  [ 305783499907375122644887521335934676674656326562818461217 ],,, 
  [ 1018411363 ],,, 
  [ 3746051047, 1213551676951, 1708682904210511, 1883584547497813, 
      113535476092105483512637, 10437780121150092939132673659982461730387 ], 
  [ 3404597756701, 35536380992701 ], [ 143798463826513 ], 
  [ 363115955172157524517 ], [ 349523782493953 ],, 
  [ 10508392829192988003847288221511064937213181 ],,, [ 3899829407181165019 ],
  [ 15182969743473756457 ],,,,,, [ 81413324686735465592996750371 ],,,, 
  [ 10432752975637, 50276307061987 ], [ 951978558571 ],,, [ 105771318643 ],, 
  [ 160872728969401, 372117803229826601 ],, 
  [ 57603230617, 160308952351, 5621991303433, 81580266718731751 ],, 
  [ 31537497097, 130443738361, 128946305384304409 ],,,, [ 1902839537 ],, 
  [ 7862571753093812892374038252672954617571, 
      13899303519395565995274326822456450587627711 ],,,,,, 
  [ 33046235375344826473264803359833 ],, [ 157793529327887 ],,,,,, 
  [ 17843366768336514721, 968229206555284755116897 ],,,, 
  [ 124898676351610933 ],, 
  [ 380804294270651, 52863175059322561, 831262845239185092511, 
      646530180170279829634784201 ],,,, [ 15540786316400126813785729 ],,,, 
  [ 5827478439622440203 ],, [ 2763749660641, 5435051617386870533437420321 ],,,
  ,,, [ 256789190017, 5586236976679 ],,,,,,,,,, [ 6749188696577 ],,,,,,,, 
  [ 29217070081, 349733373977640049 ],, [ 16618620257, 151460819388295117 ],,,
  ,,,,,,, [ 2177247343873501, 1260311015217231315697 ],,,, 
  [ 1904050918512401, 293109557380933721 ],,,,,, [ 211843601947121 ],, 
  [ 48291729121, 28654338008387233 ],, [ 63077552652211 ],,,,,,,,,, 
  [ 415285104527101 ],,,,,, [ 3455455997467 ],, [ 448680017017 ],, 
  [ 882453020261 ],, [ 65387013971020249 ],,,,,, 
  [ 4272665089003, 129876720318331027 ],,,,,, 
  [ 11454193171441, 971308914968269, 33251712076576837 ],,,,,, 
  [ 27760130156881 ],,,,,,,,,,,,,,,,,, [ 384450079923997 ],, [ 14217290851 ],,
  ,, [ 33805931629, 181918700437 ],,,,,,,,,,,, [ 199709134153 ],,,,,, 
  [ 90376910886644610589 ],,,,,,,,,,,, [ 77224421761 ],,,,,,,,,,,,,,,,,,,,,,,
  , [ 183188152593049 ],,,,,,,,,,,, [ 218126781181 ],,,,,,,,,,,,,,,,,,,,,,,,,,
  ,,,,,,,,,,,,,,,,,,,,,,,,,,,,,,,,,, [ 1405176791145651361 ] ];
