BRENTFACTORS[5003]:=[ ,,,,,,,,,, [ 3087444559, 138377296210694958557160989 ],,
  ,,,, [ 558520012035409, 1807847683819272409299981158230153 ],, 
  [ 4792892273934027909368363452489, 804707778946916366385263662880828797 ],,,
  ,,,,,,, [ 156493269918847, 46266737152286627 ],, 
  [ 17146764703, 739223130703, 671871423468608689163701, 
      298572059905189745211406537871616912398448253325781379591963189 ],,,,,,,
  ,,,,, [ 858854128098493 ],,,, [ 2697994111, 2910471394555498274049209 ],,,,,
  ,,,,,,, [ 16006575863635404386779043 ],,,,,,,,,,,,,,,,,,,, [ 477448323773 ],
  ,,, [ 1823426834823768859 ],,,,,,,,,,,,,,,,,,,,,,,, [ 56593253314821879839 ]
   ,,,,,,,,,,,,,,,,,,,, [ 316609742447 ],,,,,,,,,,,,,,,,,,,,,,,,,,,,,,,,,,,,,,
  ,, [ 7128365542951414171 ] ];
