BRENTFACTORS[234]:=[ ,,,,,,,,,,,,,,,,,, [ 2678991511733622647 ],,,, 
  [ 18833058169, 29466078091, 227796068057 ],,,,,,,, 
  [ 7975490126117, 10139935261909, 1129824668505797597 ],, [ 1611021127 ], 
  [ 938597044247 ], [ 1203692771 ],, [ 5144689273, 2774559084839 ],, 
  [ 7002951481938662953 ],, [ 5047194301, 1432039822879 ],, 
  [ 5012926196114201, 107354008475791071023 ],, [ 6276209432298045931 ], 
  [ 25874028056801699149 ], [ 773366769547 ],, 
  [ 22561561967846787383, 6459669783416010741872028281816461 ], 
  [ 3372950921593981051 ],, [ 17337403357, 1734479053061 ], 
  [ 347968825409, 206164075224553, 89339677529463026906492443369846813 ], 
  [ 93547098613, 2615348515400227 ], [ 118511583191 ],, 
  [ 1219754629, 1392639026227 ], [ 210250871328607, 14672192554040599 ],, 
  [ 24372536161 ],, [ 253291296151717 ], [ 75839723295211 ],, 
  [ 9529985055123521, 49883083028326991 ], [ 108018131872333 ], 
  [ 4044173869, 121329380322625477619 ], [ 4512703356183514057289 ], 
  [ 1473705702495239977, 85974123072327251861713 ], [ 948367459220579371 ],,, 
  [ 3352375409376033361 ], [ 1367885854459281299 ], [ 5941348776175201 ], 
  [ 3842582062352437, 122344487236083897724429621 ], 
  [ 4584324217926741748023964641781 ], [ 17670236692847779 ], 
  [ 21726771023, 13329301458996317, 189790931401385430166777 ],, 
  [ 5696626483, 310700582151877, 4183634594726776081, 121203373791316943197 ],
  , [ 8009874497 ], [ 147993485370963481642014301 ], 
  [ 1472715892948681, 540354952585234081, 86483675171222053841, 
      17982636010437790875871 ], 
  [ 1424548713470148107837, 2400460778608252942107671 ], 
  [ 7798869313, 3082121466241, 4501978739221, 
      776205844766205937236837120554987021233 ], 
  [ 160455678769, 457046729818361, 58439094249986062910133592537 ],, 
  [ 1479533399461588989912661 ], 
  [ 385455213508653371567303, 23823414837130941867186353 ], 
  [ 21658825289, 1016577794853188993 ], 
  [ 2235846667, 3783854044781796319, 68277585147336787500994249, 
      103833386116137864607086769 ], 
  [ 9752879987387, 759712538206060043722895237468117 ], 
  [ 370981568828440364441 ],,, [ 73400316541889 ], [ 23396051721733452631 ],, 
  [ 2912176620487, 11340805756065403859 ], [ 30693165169 ],, 
  [ 138717860872645995890090129, 1156852459965659376181063071911057 ], 
  [ 56863302787876175180874708691 ], 
  [ 56891283275955321491, 116806786533539579703617, 334281712087917448965013 ]
    , [ 231619516019, 355973358313 ], 
  [ 338039370404648173, 45109514177259479241661 ], [ 6153437346231569 ], 
  [ 176857606136031151, 28281663057526366181 ], [ 58900081621425708154717 ], 
  [ 177224723828714868303586369103950826554657 ], [ 119887854673369 ], 
  [ 6604758851132482202624363460763 ], [ 2072091999961 ],, 
  [ 55255336111, 66916008199 ],,,, [ 662837877878089 ],, 
  [ 32560179025641860812477072483 ], [ 214413850793, 392645652181 ],, 
  [ 16949507779 ],, [ 606175442337654249601 ],, 
  [ 176874232377865674862601, 3285178271866141540625971 ],, 
  [ 4704696877, 690224124613, 304278431853788869357 ],, [ 32540206698281 ], 
  [ 17393518801, 1390362103992026071 ],,,,, 
  [ 3342515987760620680755783957665835602192681 ], [ 3978985711883953 ],,, 
  [ 209633923387157449230348481 ], [ 14568457691 ], 
  [ 185152691813, 894140988809, 13362828742691, 42081695543065821864433 ],, 
  [ 6541776713 ],, [ 1367439881851 ],,,, [ 1018237714649 ],, 
  [ 9645994667374013346181569642840207968886481 ],,, [ 803954185171 ], 
  [ 607041780114127856939531681 ],, 
  [ 110516952583, 3140725864393333, 3558496148958019208286536681537833867 ],, 
  [ 7428954811658797, 154527721176899731417 ], 
  [ 402603774871, 784167145325521 ], [ 13278126696973, 150718497095941 ],, 
  [ 500716389713737 ],, [ 1769313262081063001217756701 ],, [ 6623289313 ],, 
  [ 434618286457, 326294049959539 ],, 
  [ 25019725522334146561, 31293862288756872221370392561 ], [ 1013234377 ], 
  [ 74717493601, 389260424003503208281253 ],, 
  [ 94883210113923088910294024619901 ],, 
  [ 8325560153, 955326175371236432219, 464326766991509425371187, 
      8285175075361265041811033, 290363945391430754602565353, 
      2489075014696951254825931826147 ], [ 45687521832222229 ], 
  [ 244688424111007267363697 ],,,, [ 2790592289, 7255836689 ], [ 5610794617 ],
  ,, [ 1658615531793660126529 ],, [ 570764317061182529731 ],,,, 
  [ 18452327851, 62307654274184940968271013 ],, [ 450882074420774696329601 ],,
  ,, [ 46156145461, 176717124457 ],,,, [ 92576411617 ],, [ 43550399298421 ],,,
  ,,, [ 1034221969153, 161526971550784033 ],, [ 377829985768813 ],,,, 
  [ 58919926752051403, 145951862399837803 ],, [ 13207822172609 ], 
  [ 119587161151 ], 
  [ 186376201106399, 2752291381416579503, 127794847902207895271 ],, 
  [ 18929115637, 4440151707889, 876066691158721, 17091582886405916411822113 ],
  , [ 3008690491, 3828295210321 ],, [ 267628518459161 ],, [ 33487504129 ],, 
  [ 2985388102061 ],,,, [ 12738734253042014033281 ],,,,,,,,,,,,,, 
  [ 1473290475817 ], [ 11520073827541, 1424984875187131 ],,,,, 
  [ 3278775761, 11621159681, 66996923914435902075229307521 ],,,,,,,,,, 
  [ 32507858041820281 ],, [ 2435106929, 9720606257 ],,,, 
  [ 16053967869001, 1451483077502984327500273 ],,,, 
  [ 50261138761, 219150186641 ],, [ 207190495459 ],,,,,,,, [ 117102154571 ],,,
  , [ 429683204413, 95416867304341549 ],,,,,, [ 2333497407730501 ],,,,,,,, 
  [ 78933817380021895337201 ],, [ 277436091975551 ],, 
  [ 1727888566561, 167760511622497 ],,,,,,,, [ 3059232899521 ],,,, 
  [ 838142092441 ],,,,,, [ 584957436691 ],,,,,,,,,, [ 238352876141 ],, 
  [ 7574352313413439 ],,,,,, [ 24552289141 ],, [ 203901441101 ],,,,,,,,,, 
  [ 6134321161, 146090644201, 985189298986320279121 ],,,,,,,,,,,,,,,,,, 
  [ 8889681529, 18238324987, 6044831136060571 ],,,,,,,,,,,,,,,,,,,,,,,,,,,,,, 
  [ 31154215777, 916426085329 ] ];
