BRENTFACTORS[581]:=[ ,,,,,,,,,,,,,,,, [ 725724105761 ],,,, [ 3308291658379 ],
  , [ 38669115828830205073 ],,, [ 75172349071 ], [ 3110355795782197 ], 
  [ 1481094049 ],,, [ 2169207331, 1398038450059 ], 
  [ 183525075649, 11986553217505249 ], 
  [ 549040570927267, 1106080716773264431 ],,,, 
  [ 155170309809371, 123001245631609427, 158091626750057233417 ], 
  [ 215548109648055997 ], [ 1376580396060091, 62296580033900775889 ],, 
  [ 112093690369, 10059758435697844719121121 ],, 
  [ 2362608934959067112359, 1012493836230466195277529336132206753 ],, 
  [ 338883478111, 55382371432137657868861 ], [ 6454646308139 ], 
  [ 52557073483, 531334014235628578666822133, 
      60425909817275165175689704567471 ], [ 31769635297, 84712670401 ], 
  [ 1219539254432762545762485384757919518427259013 ], [ 4113333058393301 ], 
  [ 871129455318121 ], [ 6720955129201, 22241625029517055033 ], 
  [ 262394495044403670867188874668591507916537938828267095091 ],,, 
  [ 7511735506801 ], [ 83777574868273500853 ], [ 50388154879 ],, 
  [ 1200181782181 ],,, [ 2860535664631, 925919778158140267664315551981842463 ]
    , [ 2241910849, 1152678248189008193 ], 
  [ 3489723089337421, 3334796767288968671, 2680013975031604204815582151 ],, 
  [ 1314444727, 2210753141851 ], [ 12860128613309 ], 
  [ 2000112817470324048601, 64691379184891081429399515427 ], 
  [ 56009480311, 109960384381 ], 
  [ 739598118043, 982015158224990910789722520751 ],, 
  [ 3059682002230697, 770530798463964049, 45902345830224458251, 
      84557506861935822939763579519, 828209757096900430008145851493667, 
      277044219237897651257789298226653811 ], [ 7365351943 ], 
  [ 318048677705398029451 ], [ 409805534993 ], 
  [ 325070492030106975893014429 ], [ 5510159669821 ],, [ 10964240205387281 ], 
  [ 716023952386767978751361413 ], [ 62865061463, 20234329814679030499 ], 
  [ 6806265601 ], [ 4243165837, 38980768474621 ],, [ 7033699345513 ], 
  [ 829146763069, 1852720627146283, 6454254084491535913, 
      10197455021502797668309 ], [ 1232429870303067214058887833457796804713 ],
  [ 1902178477499, 57594442485607 ], [ 54309336985231400611918510291 ], 
  [ 21967054019, 2980277052210236977199 ], [ 19957397541337788344891521 ], 
  [ 19927773717669397925910053329 ], 
  [ 3730864323931663, 466496927668342682619323509412589513456123504707 ], 
  [ 160583626758059831, 4318214575946835671, 190486222814556161445781, 
      4566516922247975207210261 ], [ 193488175297 ], [ 323671131227294413 ], 
  [ 4910237081, 7510663664113, 68273929403064258833 ], 
  [ 1468798498350427316401757002213 ], 
  [ 1926799960801, 1052610999617936667747147899201 ], 
  [ 3829182196139425441, 54328706692118120057, 467050691197348830289 ],,, 
  [ 4054294481211937 ], 
  [ 8577294373831, 3034724140827203344826031960462979199927922263600761 ],, 
  [ 9298088848585938310589 ],,, 
  [ 178822620461, 6516912235220971, 108767984905915428391, 
      24853091201857807779915641 ], [ 604334724559 ], 
  [ 3946112353, 8409563681, 4075956775971301512526319057 ],, 
  [ 2044295767, 33880807032483386117894682517 ], [ 6617976936018311 ], 
  [ 983904906962501 ], [ 99196066477 ], 
  [ 107686821442355369, 143423881498779743791732249 ],, 
  [ 10587413824142042529622186790461561 ], [ 281950453510639 ], 
  [ 152520442199, 38920096684983465152039 ], [ 2540968687 ],,, 
  [ 298772285659836031, 11288278467300250459, 30164034774596145467539321 ],, 
  [ 928157964161, 128782060772609, 2556910891941309067009, 
      102816208109331240790806254977 ], 
  [ 306337236869680399, 8793581325520000831 ],,, 
  [ 1520385326621815616027221632241921 ],, 
  [ 1416977209823419, 14417803874953483430719 ], [ 75807198594541 ], 
  [ 10088885689, 17688739949833 ],,,, 
  [ 17130944315689424221, 190043765230298504491541, 
      332980908461495005713281763534941 ], [ 14528313899431 ],, 
  [ 2467230481 ], [ 1761931355212511311928829381867802754827763661601 ],,, 
  [ 1199492659 ], 
  [ 22438078976633, 704515356772990953995968741, 59892272981170564342495858733
     ],,,, 
  [ 4484508289, 6301205233672381609, 5250119894762877561481, 29592281628505746\
18078209 ], [ 71362595071, 1919609197021 ], [ 920099965462230970187 ],, 
  [ 248271924549146629 ],,,, [ 2968144481, 32582178338642808344321 ],, 
  [ 687768362257681, 87182579396670015421 ],, [ 384687218022193 ], 
  [ 6172251031, 9727344661, 1790600587381, 19321444880431 ],,, 
  [ 18218733457, 2247541215940046919791494348363297 ],,,, 
  [ 1261632501813770408197 ],, [ 1328765978423153947249 ],, [ 21171408017 ],, 
  [ 8586989649290258926231 ],, 
  [ 4172243987072521, 1427451826857645700454649809697361 ],,, 
  [ 9963972675961, 3973701846738787, 4266728857575229 ],,, 
  [ 138255371701, 435071569747, 649912444012025323038597211 ],,, 
  [ 8110048213, 5796052708573, 16887679202128519 ],,, 
  [ 580416715972190508065329729 ],, [ 110054750627 ],, 
  [ 35327892013, 35804118564467170400477 ],, [ 37615585393 ],,,, 
  [ 1996707303847 ],, [ 5575421332077990409 ],,,, [ 23650562186557489 ],, 
  [ 116057310378241, 
      13458159107182463759809441217646508026681706222618403011261 ],, 
  [ 370991946757 ],,,,,,,, [ 647817932269201 ],,,,, [ 31292927313751 ],,, 
  [ 266086366933, 282035971501, 20026821979251298953842329 ],,,,,, 
  [ 11635124330319952177 ],, [ 3922044589, 44922553296781 ],,,, 
  [ 4933096880161, 1898911998970321 ],, [ 4084589741 ],,,, 
  [ 5067389498212051 ],, [ 872014434281 ],, [ 738930031223123074415592751 ],, 
  [ 1350708806413, 2661831757954114070473 ],,, [ 3119990791 ], 
  [ 1254339692033 ],, [ 12503199679023499 ],, [ 2520760145801 ],,,,,, 
  [ 192256412489 ],,,, [ 7078945908871 ],, [ 42115399393652513 ],,,, 
  [ 2615435717334229 ],,,, [ 925838472161 ],,,,,,,, 
  [ 30426811777, 84323822113 ],,,,,,,,,,,, [ 663388583701 ],,,,,,,,,, 
  [ 1097674351 ],,,,,,,,,, [ 10385292481, 584876416001 ],,,, [ 25656327181 ],,
  ,,,,,,,,,, [ 7143591460321 ],,,,,,,,,,,,,,,,,, 
  [ 4532563776151, 13290848808873673201 ],,,,,,,,,,,,,,,,,, 
  [ 2217588349, 80889595429 ],,,,,, [ 326574725023, 342665527788109 ],,,,,,,,,
  ,,,,,,,,, [ 36344844902291277529 ],,,,,,,,,,,, [ 127942148824806529 ],,,,,,,
  ,,,,, [ 8175000121, 232508729041 ],,,,,,,,,,,,,,,,,,,,,,,,,,,,,,,,,,,,,,,,,
  , [ 238861340803933 ],,,,,,,,,,,,,,,,,,,,,,,,,,,,,,,,,,,,,,,,,,,,,,,, 
  [ 11715306391 ] ];
