BRENTFACTORS[522]:=[ ,,,,,,,,,, [ 8739216641 ],,,,,, [ 79699908120311 ],, 
  [ 146482773230567 ],,,, [ 1318610149, 644307393517675723753 ],,,, 
  [ 7662717549031650139 ],, [ 600986998111, 30093394555313 ],, 
  [ 3943629103, 154460736494923, 354943221870704122087 ], [ 794634885089 ],, 
  [ 3737748011 ], [ 2976691877461 ],, 
  [ 140834452943, 14396980141283, 21077629246883513 ], 
  [ 12677755891, 32493633751 ], [ 300003996884990501974110212311 ], 
  [ 916623999950803201 ], [ 25655574957565033163 ],, 
  [ 32062472357, 402896896783 ],, [ 3290334713678791, 2758891597266815995051 ]
    , [ 72948531947887, 1225477255462883 ],,, 
  [ 85453179873215818637, 122294103765645178306717, 739190359762345165925027 ]
    , [ 501832482607731101 ], [ 7079344882298898488366341635780066961 ],, 
  [ 112738065088003933, 337156429688580899, 173423663058608050030971984803 ],
  , [ 616166038447739958857141 ], [ 7175217448051322389805849 ],, 
  [ 2846825369 ], [ 77074737008894612586113 ],,, 
  [ 14967894537022531258999253148508397 ], 
  [ 73552120090630571634128467648431913703521 ],, 
  [ 1267221281, 29417604678262724519697233379670541 ], [ 3297537211 ], 
  [ 7274959831, 235479424157520763566724711 ], 
  [ 1785763913, 1539953582632891708293579351457 ],, 
  [ 67104907241479444720627226484461 ], 
  [ 5350501781, 62509346165171, 6830582482224854790088664783, 
      11627305419264481783726914188237 ], [ 103712254201 ],, 
  [ 46680627020335890289 ], 
  [ 107114419972316401, 200012688524072925410362910723669671686151 ], 
  [ 1912659986309557, 65090157747334874632109581541 ], [ 624913941499 ],, 
  [ 109968273973, 2786339975146879 ], 
  [ 63166535681, 838406937041, 2690530818539521 ], 
  [ 400592304811, 667695592119688723, 28823880918763767887474239 ], 
  [ 5570877218429, 1035582084691416981517391730540289 ], 
  [ 36448410425485133243887 ], [ 23163487621 ], 
  [ 25514113535190121, 623346298256139391 ],, [ 315663678256039 ], 
  [ 15261376976695147700817889 ], [ 587437215747337120009403731 ], 
  [ 1058151422611, 20743858817935381 ], [ 1526581783780220397049 ], 
  [ 640214679803093, 1008793748539670586821, 45424424783279492921429581 ], 
  [ 17733434371, 35693488046840482975093 ], 
  [ 4751961133, 11409938178144777925069855010850987278109165424522081 ], 
  [ 6014510041, 1355556823701511 ], [ 55762645441, 1093830494881 ], 
  [ 7921768453, 418180715219, 1786228469143 ],, [ 5763090310561 ], 
  [ 10190219479836053199046607677486793984544800857801 ],,,, 
  [ 7255362046861111752294297156209 ], 
  [ 552468319759595398111, 66550353075000361212072662928920723323710409294111 
     ], [ 176012387612098130971 ], [ 45431845317899, 78815103528679789 ], 
  [ 1912573516414975201, 439328077076281036515967894709682829 ], 
  [ 4798373149, 9808168147, 39822624403, 370381237873 ], 
  [ 210737105559914167706159590443354668137838171 ], 
  [ 33706814585749, 161990303073505738339, 2168653788738388331041, 
      2065812734884046820674489645269 ], 
  [ 501245846417, 4308026470053223457, 6513195433958742536561 ],, 
  [ 614519049607, 51438670814956939, 19498232830392839187193 ],, 
  [ 422925258053, 66008735121266546571748109, 496904710877494026428849093 ], 
  [ 2976626017, 22169848761405771193 ], [ 93762326778229 ], 
  [ 107104839493, 44049884027969 ],, [ 1297140130529 ], 
  [ 147860243296385460379337 ], [ 3292188875323 ], 
  [ 178521024007722979751479838197853111833 ], [ 88376969501 ],, 
  [ 327765842528473 ], [ 1443473153, 63869568576608325121 ], 
  [ 1638396751, 11175558703, 20747766859, 6562814354733456301 ], 
  [ 10333947382331, 1190386678637005084425401310557242721, 
      990587176900950502801218671212973254661 ],, 
  [ 86096211908244195901703577173949553 ], 
  [ 1222630697, 1075907288006251, 91362889181552717 ], [ 946965634883 ], 
  [ 551928708069118120339592221, 4869184502801566283435754510871, 
      7450469856182717072524176959071, 8857282928768407412198187278525591311 ]
    , [ 67172354685301344257 ],, [ 2109538243, 632239818052271407010491 ],, 
  [ 308071698851012115881, 31274520858613026879601559362891697341 ], 
  [ 563710024761102457123 ], [ 1018728023, 13772821357518875017 ],, 
  [ 47717800561 ], [ 126413097281, 814786650694831 ],, [ 21730640443 ], 
  [ 1527815693 ],, 
  [ 16349120477218651, 101152278963488005382251, 33652131662789179089501275640\
1 ],, [ 1699340089 ], [ 20720496036511 ], 
  [ 231720017761, 2924991287920242773, 4232764389656581514355742739 ],,,, 
  [ 136190163797, 1880632803469814485119113 ],,,,,, [ 7720774289 ], 
  [ 166720529808691 ],,, 
  [ 2828218681, 44052432825065036233, 928074942427123583909052601, 
      102934511438176472855828313092353177 ],,, [ 16626000053930938543 ], 
  [ 49301314164787866174953 ],, [ 3194016996940753 ],, [ 2939551649 ], 
  [ 743936833071463 ], 
  [ 1797155034146576398361083, 1065884170382091921067317911 ],, 
  [ 247891632794821 ],, [ 37784503843997, 1369406814386521 ],, 
  [ 21602039127478897777 ],, [ 460054893527350350169 ],,,, 
  [ 12669399616451761, 141705282646532851 ],, 
  [ 7207790593, 31865756738079679436737, 8359436243619379181380113702721, 
      352683915344732489863051220628439527904115905537 ],, 
  [ 2727539665046393837, 484705658946175315967 ],, 
  [ 6075981773, 164072926529, 702406862773671608561 ],, [ 7039751158366939 ],
  , [ 457338351601, 147158941039601, 19187711711584099505304401 ],,,, 
  [ 2985146893, 367409328277, 7613988158466381867319117 ],, 
  [ 18780023423884780397 ],,,, 
  [ 2057262702687151, 2183581796101976149638528540360871, 
      1026051405165846475466098383809803446811 ],, [ 995614932564853 ],,,, 
  [ 1462206169 ],,,, [ 921098302301, 845345329649701 ],, 
  [ 91201648494351693187 ],, [ 16139417082094773377 ], [ 56247839101 ], 
  [ 1900028817257 ],, 
  [ 12706594129, 175587361661578957, 27760616653033053347239611829 ],,,,,,,, 
  [ 42843801913553, 97854797354920153417 ],,,, 
  [ 1858992403921, 322796982146814698641 ],,,, [ 1192488757, 4653604948189 ],,
  ,,,, 
  [ 25100009456903501, 143850462173632001, 21341179272152604719736446773039995\
01 ],, [ 3027161341 ],, [ 6621808957 ],, [ 129907551233, 69600911230311169 ],
  , [ 4427501107 ],,,,,, [ 1859880914912954473, 5690017077605777917285297 ],, 
  [ 6318726527, 17293341403023533 ],,,,,,,,,, [ 41024659562329 ],,,,,, 
  [ 24669515153059993, 485638204908229927573 ],,,,,, 
  [ 2328166657, 170889970177, 236396292193, 1008655404481, 533700202052161, 
      849090787413548257, 5157640438719617715923880001 ],, 
  [ 2998546585331265961 ],,,, 
  [ 61720453746631, 816425808228661, 1512198495939713863 ],,,,,, 
  [ 667553791020601 ],,,,,,,, [ 3208193200640429, 110564722787163877 ],,,, 
  [ 12450439873 ],,,,,, [ 121045225753 ],, [ 5031558401, 236681407681 ],,,, 
  [ 284146261093 ],,,,,, 
  [ 7128028381, 23630881891, 203913740911, 65284499349503611 ],,,,,,,,,, 
  [ 4757706361 ],, [ 38962853767 ],,,,,, [ 13185851893, 3625694792063677441 ],
  ,,,,,,,,,,, [ 16006849331761 ],,,,,,,,,,,,,,,,,,,,,,,,,,,,,,,,,,,,,,,,,,,,,,
  ,,,,,,,,,,,,,, [ 2563577631558756795361 ],,,,,,,,,,,,,,,,,,,,,,,,,,,,,, 
  [ 7907432851, 7564899749401 ] ];
