BRENTFACTORS[207]:=[ ,,,,,,,,,,,,,,,,,,,,,, [ 17515892234884765595813 ],, 
  [ 158987588701 ], [ 5322059003, 4412365951267 ],,,,, 
  [ 163453989759909213601 ],,,, [ 1426478546711891 ],, 
  [ 267161034490655835214273551813939467 ], [ 1310848457, 20164091393 ], 
  [ 38317063123 ], [ 297493432601 ], 
  [ 11896189144483009, 3810841729754525408170699279 ],, 
  [ 159508988567, 854264790676015136687 ], [ 221707697816623657 ],, 
  [ 4445573848297960549 ], [ 11617483359408784780615313788867307 ],, 
  [ 310563338829158353, 5027617521213217711545511527834192749 ], 
  [ 97917786301 ], [ 1713311453305066558231, 525552901050890826166051 ], 
  [ 180699399557, 1877800749196697573 ], 
  [ 251384320461817, 15215692877163209, 11406000805889114749, 
      3255883988062220522604023923 ],, 
  [ 22433508029187394255756091, 59508137456287968621130317691 ], 
  [ 66724987337 ], [ 14002943282357160776456639479 ],, 
  [ 7342454213944861557659281505268535157 ], [ 10970159902561 ], 
  [ 91724469931760613034750358909 ], [ 144222069126875371099262215661 ], 
  [ 1424690981590087 ], [ 102202401278917180790186177 ],, 
  [ 6459713187214446127 ],, [ 517877038741, 56989343205061, 1225958475984289 ]
    , [ 115553821604711689 ],,, [ 814248513180424801 ], 
  [ 121574049913, 2278539661841 ], [ 15056045141299, 217897708580884859 ],, 
  [ 1465249002272089685260174971302833 ], 
  [ 203387158502967671, 318824560194785255803501, 
      314283918391109949742897844448361385813903 ], [ 145469349481 ], 
  [ 132448848143897, 1513216186637984982479, 283536099238414742125678189 ], 
  [ 30421173521 ], [ 159810842868913 ], [ 43821112667, 884645589906730735051 ]
   ,, [ 1035739557133 ], [ 9653429730731 ], 
  [ 3008547719, 687862324870707522929, 187710418699340450784331 ], 
  [ 2736723331, 3720042617557612516685762889067 ], 
  [ 1690508189181857, 6080339733010398769 ],,,, [ 12668384308587457 ], 
  [ 115348183550491 ], 
  [ 1888181761, 3554172912973, 52494008628671, 1991222414691372789193242646483
     ], [ 233813311054111, 403585564326812303804941291 ], 
  [ 128281703713, 794932736833, 852344114593 ], [ 430951911434302004714119 ], 
  [ 1167525157, 4368372612913 ], [ 618518532479645381959 ], 
  [ 564293981853101, 456785852725255170101 ],, [ 17993913589693 ],, 
  [ 23019124441, 1106428569689, 219316781705988627649, 
      260021784011057729383617857 ], [ 1009418803727487931 ], 
  [ 466172819423, 152539837552819, 522924225671820365539114872131 ],, 
  [ 32708494703742862653033769 ],, 
  [ 23802903195172917311, 1315947366251742625721 ], 
  [ 378461275005991, 9346685945425033 ], 
  [ 932582267932561, 5180481723997062408895254339713 ],, 
  [ 230999736999621253 ],, [ 212866451573, 17307689892013 ], 
  [ 182184891608773 ], [ 6942928754084909, 2579362435234119946352261 ], 
  [ 10550438851, 21932495515001, 63645673205445871, 1536180045695013391 ], 
  [ 90636904263692263681 ],,, 
  [ 172666459789, 621625015156813, 119363556300012949 ], 
  [ 4692428937277, 1732602158521615949, 1380261557217804887673918041 ], 
  [ 1376193559751 ], 
  [ 85587389119, 3522892085623, 199837178786473664437282807 ], 
  [ 469711221359 ], [ 5443330177 ],, [ 109684997944984601771321 ],, 
  [ 405553676198650601455418773 ],,, [ 1168732531, 577447584661 ],,, 
  [ 91626810740033029, 2305134776875482203711033788609 ],,, 
  [ 85983637381477711, 504990103895049141493 ], [ 2206724873, 6667154405213 ],
  , [ 297324774433 ], [ 36018138032171 ],, [ 292487064241 ], 
  [ 130716434201, 15736643755298182961, 122094332292217750081, 
      12130712065505408010749, 1735169686485621929558146333 ],, 
  [ 3402866101 ],, [ 3593261794201, 186263431632697, 1993327203300098713 ],, 
  [ 4781312537, 8962272859 ],, [ 790966566153937098110641 ],,,, 
  [ 292622141284170735100001 ],, 
  [ 45542470064651779070918459578110447719087174851572133 ],, 
  [ 95118455459809 ],,,, [ 20523757077825913177380620661446244409 ],, 
  [ 2904292277711611, 24718263522843071 ], [ 191302259272817941 ], 
  [ 1267368413 ],, [ 116169697872331, 192013609068601, 26854459219474516837 ],
  ,,, [ 2418268380761, 11589906365096517855747563 ],, [ 561837537361 ],, 
  [ 1340807590487 ],, [ 779810252801, 1998349914114119304558497 ],, 
  [ 458300555058193327, 17549467134095289781021, 77977891806649439689003 ],, 
  [ 40094912657, 644097996996227237, 41677683200356542013, 
      28529302235909117648481829 ],, [ 181535822127231885522917641 ],,,, 
  [ 42036579407 ], [ 2653377307621 ], 
  [ 144726772145056529, 324322693618422843541 ],, [ 2286098912197 ],, 
  [ 118840120001, 427789285569726737157601 ],, 
  [ 24749800652009, 15830171508971376238552691 ],, 
  [ 222690890003077, 1004526831612251293 ],,, [ 283559073248629 ], 
  [ 22802817649 ],, [ 1342786879383654750227721631 ],,,, [ 40368585120151 ],,,
  , [ 6643641779, 82149393877, 46226219297617 ],, 
  [ 22160777761, 287365567372181 ],,,, [ 886945244189391521 ],, 
  [ 20360567218493917 ],, [ 65296302603020792773 ],, 
  [ 2217519701, 5482765531, 201972343981, 5686540750387711, 
      142733547410223912718345391, 
      33414399303571740599547260541510392766069803821, 
      36678600182712344622222692119949065053470120784564566320267721 ], 
  [ 333609662055517 ], [ 249378289441 ],, 
  [ 3906283436257130371, 12744533324522518507 ],,,,,,,, [ 289529384645623 ],,,
  , 
  [ 46537098217, 882071230636124257, 285455936978486720233, 379607961732976306\
440501763 ],,,, [ 1887433616958643001, 3587170481587380001 ],, 
  [ 122464824301, 4310186433940597025128321 ],,,,,,,,,,,, [ 1346912256889 ],,,
  ,,, [ 28373990144190841, 765750603418718945454181 ],,,,,, 
  [ 53516993401, 391365722243918707729 ],,,, 
  [ 20896748428921, 2029463859299521 ],, [ 5081251687 ],,,, 
  [ 119258555074517 ],, [ 1534361470222635217539549793 ],,,,,, 
  [ 1461097149087541299248335471 ],,,,,,,,,,,, 
  [ 16408522027, 54524782891, 5830572720097 ],,,, 
  [ 1978458751, 94172141621, 1231426175075951 ],,,,,,,,,,,,,,,,,,,, 
  [ 11808533270781391 ],,,,,, [ 243780861409, 9772502926369 ],,,, 
  [ 1185268561 ],,,,,,,,,, [ 21742385289451 ],,,, 
  [ 14752269967, 873089901163 ],,,,,, [ 15272785081, 37122874884721 ],,,,,, 
  [ 1207315783, 2715254449, 449466142402231 ],,,,,, 
  [ 603410773957, 2864546995801 ],,,,,,,,,,,,,,,,,,,,,,,, [ 12182496481 ],,,,,
  ,,,,,,, [ 35417575873 ],,,,,,,,,,,, [ 965198794141 ],,,,,,,,,,,,,,,,,,,,,,,,
  ,,,,,,,,,,,,,,,,,,,,,,,,,,,,,,,,,,,, [ 3632960161 ],,,,,,,,,,,,,,,,,,,,,,,,,
  ,,,,, [ 135978046201, 5853887939971 ] ];
