BRENTFACTORS[8311]:=
[ ,,,,,, [ 2265433997 ],,,,,, [ 3136924553101, 16458444702806471 ],,,, 
  [ 32408079371, 16538215145239, 156611043766469 ],, 
  [ 11865655421, 65879758355899 ],,,, [ 1857349591 ],,,,,, 
  [ 653323745462909021, 16832598728651079809 ],, 
  [ 22886304094373, 1516405860199468167033225625963 ],,,,,, 
  [ 12206842734871, 481402940496715889, 1048898642692474858717 ],,,, 
  [ 13983420149, 12499150813037761, 1821969395262233939, 
      34771436750921038636649813 ],, 
  [ 60565581435379, 1043462794294929213703 ],,,,,,,,,, 
  [ 51616667777, 2691365534618993, 311363905591055595581 ],,,,,,,, 
  [ 29070968951402612281 ],,,,,,,,,,,,,,,,,, [ 4409728177 ],,,, 
  [ 256166201556921293849, 269930322525297611383 ],,,,,,,,,,,,,,,,,, 
  [ 584318564321, 164479749491201 ] ];
