BRENTFACTORS[275]:=[ ,,,,,,,,,,,,,,,,,, [ 8414455103 ],,,,,, [ 4366911551 ],, 
  [ 3716200093064761 ],, [ 5731191843138811727 ],, 
  [ 82083825913, 32557825979294777173 ],,, [ 2544163493 ], 
  [ 1092096539505750241 ], [ 6603505299649 ],,, [ 2357596107679072807 ],, 
  [ 457296740209583, 7732282484678464591 ],, [ 1145185346051 ], 
  [ 313295593831253771849 ], [ 2390140596061 ], [ 5481703164959123 ], 
  [ 63257853733133, 111039236672834291665346089 ],, 
  [ 15872543713915578971, 165669577358693932091 ], [ 1841027424793001 ], 
  [ 1816373691523, 1159647432663358399 ], [ 2500504502266782550787509 ], 
  [ 1135230426237791497 ], [ 70863221939959 ], [ 91087120782709921 ], 
  [ 306682844609 ], [ 131718924316820575419807722368117897 ], 
  [ 1308874510549 ], [ 1150982267 ],, 
  [ 3785365899692278517659305964627, 5619277133696731579868237662235371308187 
     ], [ 8280244151, 16577451067, 2579454462450627371 ], [ 14403164287933 ], 
  [ 63783053450872513 ], [ 57771103072168004295083396588613791 ], 
  [ 51022636260155407 ], [ 171903845307868559076655997917481 ], 
  [ 34654064671277, 89757538062721, 394221351055249 ],, [ 996320008323641 ], 
  [ 439856404021, 521208814272953 ],, [ 7645972713229 ], 
  [ 237668711383, 2835533935923072386391244332485783 ],, [ 2402396329 ], 
  [ 13577843055983053 ], [ 88493013739835833129 ], [ 23726267242180537501 ], 
  [ 65195585288679479834401 ], 
  [ 117911043466546597471717587543244019801802189084119615447050927777 ], 
  [ 3193970867938210171191630893 ],, [ 1847795420941 ], [ 63127472060311 ], 
  [ 1268751955938631580626030740659348783 ],, [ 4647744186118666927361 ], 
  [ 10039183690327381620177958454794847373293 ],, 
  [ 395346679909273, 207267821328274102943, 454428872169019219745035482539, 
      31875688444689161657591418354853, 1935076561957669398007479979017689 ], 
  [ 1104058146283296530969 ],, [ 165685621116891706153552876432481 ], 
  [ 228501793860647611831, 794755423342535885491 ], [ 470864515289715649 ], 
  [ 9431524177, 97788027613, 58939495058504539 ], 
  [ 9590775570867331, 146612612925709895701968633316410497 ], 
  [ 249620052278188551961 ], [ 52365574707632761958704891292318806489112501 ],
  [ 46840670819, 4164775475584820359 ],,,, 
  [ 46541904802498141, 3351944159454315283563002182172693623962499351 ], 
  [ 4092032982836441, 1447924057586385787, 
      75346509588396333626164467393251141 ], [ 270519389804743 ], 
  [ 1424910220093 ], [ 40075769491 ], 
  [ 30985072361, 586969198972967154230261, 12752033735395899813653621 ], 
  [ 7178993377543205977051 ], 
  [ 58553452736469763170178521579290837545402084817 ],, 
  [ 142042946738008877492580481033 ], 
  [ 17411627753951, 2611376022173725544401 ],, [ 77266036774603 ], 
  [ 611232156659, 3880584797453396257 ], [ 1424080669313 ],,, 
  [ 45956653585077623149306335426971 ],, [ 165758214833581 ],, 
  [ 297592870267767379063256191 ],,, 
  [ 582743517815373553, 3813330333153429676351196263 ], 
  [ 121429763980430465642681, 19329364242504302161031002771 ],,,, 
  [ 7303994530617119, 90937462449595061 ], [ 822466246951 ],,, 
  [ 7555058002561, 248331224678353, 986911127734300092374479942181887 ],, 
  [ 7905661096834205985475926417853001501 ], [ 4185278607015958261561 ], 
  [ 3709147069 ], [ 2765204798357 ], 
  [ 5580984902733687525305011515290845326816124417 ],, 
  [ 15172966766423, 3600329959295243333, 1283341200149329634078139487 ], 
  [ 121656492040651, 173394083038219, 229686271529997577 ],,, 
  [ 5713083525202863066017997283012709698051 ],,,, 
  [ 135299860543, 101349015475405237670581837, 742360450296516642197502743, 
      1357479223667711060480299423073 ], [ 6500182921 ], 
  [ 977549489415409, 9560359818884330140894716833794317721 ],, 
  [ 7622401648219417 ], [ 35533589026093, 84467065274601997423 ],,, 
  [ 68103136099, 20723349551082872347 ],, [ 440400150776024881283626208773 ],,
  ,, [ 59203271929619270896297, 66126059945093006504017 ],, [ 3186523188841 ],
  [ 414598140973, 762035822629247521 ],,, 
  [ 46237251161816337249061654003, 62934166395845633431925078759329831 ], 
  [ 32505240398753501 ],, [ 2830279645937749 ], 
  [ 7765516823, 23512195361870011, 68598691716294271811 ],, 
  [ 14999039661961, 2670422687943670237196881, 
      9646621338948631865224849920627541 ],,,,,,,, 
  [ 44545729977762133, 42160369822691142793, 316823610302571050010732233 ], 
  [ 44432828371 ], [ 414844840811 ],, 
  [ 2751916795087540033, 3779936183047172498597953 ],, [ 1882205461 ], 
  [ 1147649336731 ],,, [ 82317250136600029, 210992243987549180255684311 ],, 
  [ 67844241601, 889959814135128119401, 2619821151202831092401 ],,,, 
  [ 11645916717181, 12653258492274233233 ],,,, 
  [ 53392452257, 1110713902564440605667809 ],, 
  [ 170310451229521, 715983969227250571, 3567938295184625575397941 ],,,,,,,,,,
  ,, [ 15058279694537532883 ],, [ 2646663937, 3086974313249 ],, 
  [ 62102692170773, 14289129252890761 ],, 
  [ 731574183133513, 8032814934752533 ],, 
  [ 128925758251, 1586215559797973560921 ],, [ 10913145209 ],, [ 2214736291 ],
  ,,, [ 173390258570894925239 ],, [ 2029123572758881, 8725730910814820628961 ]
   ,, [ 4310183351 ],, [ 8107831250090609 ],, 
  [ 43612095411855601, 293807197412396523691999 ],,,, [ 374724481650412001 ],
  , [ 112493242009, 6788747297788608573541 ],,, 
  [ 2944028278171, 264744311238336901 ],,, 
  [ 24152309166877, 1063966001704813, 20380289952244992883 ],, 
  [ 51716655977184127541 ],,,, [ 152972495281 ],, [ 7507339547 ],,,, 
  [ 377215964821, 225451116953011, 10036370577235501 ],,,,, 
  [ 3187805501, 45065798781301, 750315956128201 ], [ 535093903368649 ],,,, 
  [ 409818779441 ],, [ 2278132117171, 72918944125537 ],,,, [ 1543964137 ],,,,,
  ,,, [ 19076267102631484083787, 782800844062849987441543 ],,,,,,,,,,,, 
  [ 111283207579 ],,,,,, [ 12212194801 ],,,, [ 100312699695833 ],,,,,,,,,,,,,,
  ,,,,,,,,,,,,,,,,,, [ 11186429966209, 22489359821077 ],, [ 61450046723101 ],,
  ,, [ 26210959264033, 230821834990950361 ],,,,,, [ 4746155849641 ],,,,,,,,,,,
  ,,,,,,,,,,,,,,,,,,,,,,,,, [ 398445431111918004239569 ],,,,,,,,,,,, 
  [ 20460923786041 ],,,,,,,,,,,, [ 59469837795481, 647902651390484392141 ],,,,
  ,,,,,,,,,,,,,,,,,,,,,,,,,,,,,,,,,,,,,, [ 82209445402393 ],,,,,,,,,,,,,,,,,,,
  ,,,,,,,,,,,,,,,,,,,,,,,,,,,,,,,,,,,,,,,,,,,,,,,,,,,,,,,,,,,,,,,,,,,,,,,,,,,,
  ,,,,,,,,,,,,,,,,,,,,,,,,,,,,,,,,,,,,,,,,,,,,,,,,,,,,,,,,,,,,,,,,,,,,,,,,,,,,
  ,,,,,,,,,,,,,,,,,,,,,,,,,,,,,,,,,,,,,,,,,,,,,,,,,,,,,,,,,,,,,,,,,,,,,,,,,,,,
  ,,,,,,,,,,,,,,,,,,,,,,,,,,,,,,,,,,,,,,,,,,,,,,,,,,,,,,,,,,,,,,,,,,,,,,,,,,,,
  ,,,,,,,,,,,,,,,,,,,,,,,,,,,,,,,,,,,,,,,,,,,,,,,,,,,,,,,,,,,,,,,,,,,,,,,,,,,,
  ,,,,,,,,,,,,,,,,,,, [ 6196481281, 333465797281 ] ];
