BRENTFACTORS[138]:=[ ,,,,,,,,,,,,,,,,,, [ 846844082687 ],,, 
  [ 3393962111, 3682095803 ], [ 21370630873 ],,, 
  [ 5861814057529, 8079440460859 ],, [ 1638114715637, 29119366389401 ],,, 
  [ 621847589647, 435658342753741 ],,, [ 33109024187, 39660698659 ],,,,, 
  [ 1599251494078369, 85371588990112933, 16546631292492571843 ],, 
  [ 9912998533, 6225355058264883553797661 ],,, [ 95126599916145997 ], 
  [ 33987456271 ], [ 2214039433, 64775440307813 ],,,, [ 120812132351 ], 
  [ 3156492545005207848073 ], [ 1984375131493, 3808744607149 ], 
  [ 8408391493535390279309906228581, 20257994203650571510038321186907 ],, 
  [ 40719333806638794341 ],, [ 29488669957063, 1213581549590352604018519 ], 
  [ 4962344765279717485235303 ], [ 24897544069116101 ],,, [ 803899421711 ], 
  [ 28451016122743169694060337 ], [ 34855056317709141313 ], 
  [ 26454942646451801, 193313542749192002445776481521 ], [ 24009224624881 ], 
  [ 20231208823283, 1175510851444019, 
      286467839086669076010405197352211826976681870943 ], [ 4223368753 ], 
  [ 117687558097, 2464309085258258117713379294887 ], [ 1542602181459659531 ], 
  [ 19711818102061653130947612830401093125346449190240687453 ], 
  [ 63486698023767961 ], [ 112190759256680921408116339 ], 
  [ 10966792379, 13361830912830615547 ], 
  [ 3720378330297901, 10790651020512015141136801 ], 
  [ 100218678853, 17978269494995633 ], [ 55830906284539, 2005676848138060021 ]
    , [ 26299116013, 796013182959229 ], 
  [ 4243228567, 91765603939753, 889553075782663277 ],, [ 821943816986701 ], 
  [ 15059714336308012871 ],, [ 1426388456137 ], [ 4361278261, 577672497211 ],
  , [ 295696447729, 54474486762491148931 ],, [ 1679260367 ], 
  [ 11139928311797821 ], [ 51094666325451920263 ],, 
  [ 1073512603121437203254323 ], [ 30962734261, 85632354487331702085803 ], 
  [ 546146901061 ],,, [ 393122412131 ], 
  [ 1158867667, 1665778951, 81621479413, 74985665806940652335683 ], 
  [ 3220070801, 19764825631601, 9434065755679501 ], [ 2492484061 ],,, 
  [ 991027231095721, 206551493665728433 ], 
  [ 158588586423846811, 714340850434178311 ], 
  [ 103663562099, 17691266722963953154779560012321023573 ],,, 
  [ 418620531382457 ], [ 2741659801, 1843772320501, 1276575279825341 ], 
  [ 240514579999 ], 
  [ 37444323281, 5292565375725098840462059353339607854480401 ], 
  [ 25141729793 ], [ 1496637943, 112611607681 ], [ 33930206409031 ], 
  [ 443158263181, 108362215456337 ], 
  [ 102817809365188321, 6498228421865702734057 ], 
  [ 145267071959, 1087527501722830234793307296909, 
      696908713595769505632705043584726593 ], 
  [ 35439524233, 17784676753997091075587917867 ], [ 91290991681 ],, 
  [ 264435700159 ], [ 16363188643, 8149427491550832621301 ], 
  [ 1838614961, 4392558517, 340661819807989, 
      1462359627579708223035610995178409 ], [ 4081018564066636881913501 ],,, 
  [ 1167019152001 ],, [ 161234082343459384464812134211356098784151 ],, 
  [ 266709356650576845721 ], [ 3563401703 ], [ 84656295601 ], 
  [ 30001681765441, 2549777093099496075505894746944491, 
      20482298952303426795459526097326480291 ],,,,, 
  [ 3113185735927932440441, 7225115342947184834941496420281 ], 
  [ 1702534361760577 ], [ 2188146871, 491279078441, 916787045070358177 ], 
  [ 531490641168887696011 ], 
  [ 61555111921, 396568451822454577, 14847273665581101841 ],, [ 23351948539 ],
  [ 14922085787874221251 ], [ 2413432597, 69070038718666303965606923749 ],, 
  [ 506987205301, 31522543625972526601 ],, [ 376522808315081 ], 
  [ 41488071651720019, 131044144252815307 ],, [ 27584222531 ], 
  [ 13701143113633 ],, 
  [ 31677088448219, 129025126753380287, 5706937415852925347 ],,,, 
  [ 51837215869, 892097821874135326698839533502345311 ],, 
  [ 3775857663269, 191038280152826866207430443753 ], 
  [ 8387151301, 56078156971 ], [ 20045638431931453697 ],, 
  [ 305227527033890085073, 2071123271798840759360281 ],, 
  [ 27140396499136981, 391217356050255484055191091 ],, [ 9673683857 ],, 
  [ 841534187368589203111589173, 3924462657135702707581679623 ],, 
  [ 37690959857, 1842721666643050986673, 33156063160396750758846289 ], 
  [ 129036530443 ], [ 2808796747, 4799073677581702423 ],,,, 
  [ 106171538546611778010290302693 ],, [ 155926586871803233 ],, 
  [ 126314263771, 2239959087313, 7395898564844234909888212162799011217161051 ]
   ,, [ 20132939924429, 90660361463053 ],,,, [ 23672318840932337281 ],, 
  [ 124297535360653 ], [ 71674018790791 ], 
  [ 128575923261244649, 2823921491530544991647120473 ],, 
  [ 28583067195815839741 ],, [ 319558136455776601 ],, 
  [ 9199168477, 27459794540467 ],, 
  [ 12236663581, 130945958413, 77255995408040767177 ],,,, [ 2024844433 ],, 
  [ 45192125869591, 363470215885981, 59198959212901207351 ],, [ 45539799077 ],
  ,,,,,,,,, [ 1264581931, 20391822069412953331 ],, 
  [ 437123572033, 4080343632961 ],, [ 33418294230719, 32176578887786513 ],, 
  [ 120627702735061 ],, [ 1809337816970846266651 ],,,, 
  [ 1188157788878517455306491 ],, [ 207075849585613 ],,,, 
  [ 6749835012961, 43285971315361, 213130514808398641 ],,,, [ 87221555579437 ]
   ,, [ 11598768243877 ],,,,,,,,,, [ 15424473089 ],, [ 122578434219991 ],,,,,
  , [ 1380873602609518892542009 ],,,,,,,, [ 121841870020513 ],,,, 
  [ 178466664877, 501207217957, 678617862761556481, 6786272491385612989, 
      59763556264262037847357635801823970739181 ],,,,,, 
  [ 128250996001003, 87009774958476676417 ],,,, [ 593869773641, 889862797253 ]
   ,,,, [ 68974967951171, 560445307823989171 ],,,,,,,,,, 
  [ 2187342541801, 6164182313461201, 10346683718000985600116101 ],,,,,, 
  [ 99832809646909, 1936630741324987 ],,,,,, [ 16041213241, 2421268810897 ],,,
  ,,,,,,,,,,,,,,, [ 1714813981 ],,,,,, [ 1020857041, 253787571073 ],,,,,, 
  [ 814596008851 ],,,,,, [ 1919630937193, 11722617380893 ],, [ 42810465601 ],,
  ,,,,,,,, [ 1544522041 ],,,,,,,,,,,,,,,,,,,,,,,,,,,,,,,,,,,,,,,,,,,,,,,,,,,,,
  ,,,,,,,,,,,,,,,,,,,,,,,,,,,,,,,,,,,,, [ 53612098231749301 ],,,,,,,,,,,, 
  [ 7495175227 ],,,,,,,,,,,,,,,,,, [ 192132340321 ] ];
