BRENTFACTORS[70]:=[ ,,,,,,,,,,,,,,,, [ 61583579977 ],, 
  [ 115638115591, 984386689250533 ],,,,,, [ 110018666999920951 ],,,,,,, 
  [ 13361796193 ], [ 13038592249, 25603703533 ],,,, 
  [ 4924238167, 11772888334855125827 ],,,, [ 19711393619, 195948093883 ],, 
  [ 148426253220181357 ],, [ 339886191781 ], [ 5117920441 ], 
  [ 361848314328139, 5331539632281330973 ],, 
  [ 1179735761, 3588133487, 5553782380817168288491 ], [ 1096738001 ], 
  [ 23682515556529 ],, [ 8065270482236460090947 ],, [ 6676111811815932751 ], 
  [ 4074593993 ], [ 77745514204321015112511330007 ], [ 8361843239 ],,, 
  [ 2815339250008221569471, 724496032477017322706958831151 ], 
  [ 23449294177247226467 ],, [ 995680680769 ], 
  [ 145793439557351, 693700908208821183608733251 ], 
  [ 35365406547061999, 128348218432454263 ],, [ 13676461791446071129 ], 
  [ 18631815377762437, 381672668591361675876692543323 ],, 
  [ 1393392467, 1109875283730973, 3363292315936303, 83156899032181547, 
      61838644425156883873472691019 ], [ 249836261401 ], 
  [ 9229605337453199025357271, 
      15572221784444053356442217055230507113747224529003 ],, 
  [ 74368400323750201 ], [ 195573458712409, 648620444518489 ], 
  [ 16849689016219708620836530239176190913909739 ], [ 306212525294989 ], 
  [ 713062586669 ], [ 17702620493829687348721 ], 
  [ 589047714789665319655161571 ], [ 597318723040201353041 ], 
  [ 15121231487701, 356282685963671, 
      50424628459311532967919544557418711599419183 ],, 
  [ 34398981159253867289335390560678138384792010181 ], 
  [ 214518544232149, 326912202505695662805317 ], [ 18567853201 ], 
  [ 184743876792817 ], 
  [ 4428390665455588747079, 4122141837576045770197860444703702384812561670267 
     ],, [ 171658357412811179 ],, [ 23768123503178599 ], [ 3297699575627 ], 
  [ 469810956551, 33352790283745241 ], [ 1047803137, 1558369249 ], 
  [ 20955906313967, 438112486007625823, 43179374901768608243159, 
      90355064734608119819760641147 ], 
  [ 409876929132501625299535617468208559 ], 
  [ 9732623473, 37857436164703, 499455641324783089, 157355994068041198678579 ]
    , [ 1178355968701 ], [ 1545328291127312666226543303641689 ], 
  [ 23162826163 ], [ 6163898740889, 67068324789904876012117 ], 
  [ 1449600673, 141594263717609, 6324937307969801 ], [ 17848359951402441091 ],
  [ 277484954753, 3267746236703935262051099660718079669 ],, 
  [ 1113360738886891029894409 ], [ 1843173459215087393087 ], 
  [ 108719015131, 274518553871, 4798388477741, 6626844200351 ],, 
  [ 1754601415446097, 32350730348623223754822948113 ], 
  [ 8617929366681199, 3864754913617633230683956079157202493 ],, 
  [ 206176374601, 2583583662811, 409557392634110177687925674517135911 ],, 
  [ 23087773035089952229, 6732597365126392320525129516115709571804711368855593
     ], [ 3514121096552089, 350979089678803981 ], 
  [ 485683088566460879406887, 6477399247300680628097600277539 ], 
  [ 28044449204465521, 776748235956253201, 692531769533945279161 ], 
  [ 2301094035838697176837 ],, [ 24935333671, 85825722434833211443474189 ], 
  [ 1101129053, 391039294057, 92127160427094708349397, 
      3288436727713312382598251701998253 ], 
  [ 3724027001, 36406571552354959001, 
      650552023195029508419391869868107001296548320585677559732001 ], 
  [ 765026313031, 28336230364342568601151 ], 
  [ 16304954748167, 745717092569355999241612963, 
      39194311086323520365406812482479220536135709 ], [ 89052119041 ], 
  [ 9833514577620896698183 ],, 
  [ 1601443561, 56696783370120297621066805386680727943905379 ], 
  [ 3500185069471333, 159477273217687170362461681 ], 
  [ 87934996448506286980986151041124929842390161 ], 
  [ 1018451856790517, 1247324391760250662188199 ], 
  [ 255870409601747757795863671, 12345330709631277313753634877931709322940021 
     ], [ 193093020238205951299570078598185784366633418521 ], 
  [ 2005428805021, 994758916631265881, 64980887779093950379, 
      62681408643427090548160727064051285549809 ], [ 29211275029 ], 
  [ 190697064037, 295398278053, 107432337520416431 ], 
  [ 16632647206421, 32525177527081, 2156825666297921877712958588701 ], 
  [ 12438964729, 18213957160459, 50822028712951 ], 
  [ 4407623235771801346622991015618473 ], [ 5782132629988859 ],, 
  [ 593612822300951 ], [ 2267928892549 ], 
  [ 60389038543, 104200551411218148011077 ], [ 2359334897 ],, 
  [ 522914988751, 610935839861615058001 ],, [ 750582954366473 ], 
  [ 1282549950679099261177847066362669 ],,,,, 
  [ 12377921609, 191451938849470967, 85439982617282575922676323582619929641 ],
  , [ 33543766132670984984798314721 ],, 
  [ 1133360587, 4627393597, 29313517469054502321883904740773841 ],, 
  [ 32672929546432925595449 ], 
  [ 1412694774502171931761, 297660701151160368722581, 
      814208013185009326805587969711296571 ], 
  [ 37853111369469271, 54536036053565447, 892830343856112863558983 ],,,, 
  [ 13769488981, 4209835343393084914430156453737156083838358872141 ], 
  [ 7153611607, 6267529455641410519 ], 
  [ 24808836757, 66889173621755598432057653, 
      5846828860126886726967002109642500041 ],, 
  [ 433916579258242870004910217, 56476537654063551106920429541 ], 
  [ 110152422451 ], [ 4094199121 ], [ 3137832991 ], 
  [ 275173656873315695408382074640695449693, 
      4209276134634963542344243119391518407533 ],, [ 4241003896801261 ],, 
  [ 577464598439, 211596572159636198627, 43241041717920866409091244107279279 ]
    , [ 4471378447 ], 
  [ 5659233612996648536712576004272117049, 27945780633939892084152375449603812\
62196008642833 ],, [ 145452589254883 ],, 
  [ 1927392245155214029877, 62465601791601315376396995524388542609, 
      2427043364985322136547214280735986828093646358469 ],, 
  [ 314027426455011554265408355555401144204444890247545201 ],, 
  [ 271340826049 ],,, [ 306938841210781144171 ], 
  [ 4902265672821019418021, 6551041947853806325480075047769, 
      1194688149456076691263182577074414522340810385302069 ],, 
  [ 353047009758465357420994525530163339 ],, 
  [ 1091818001, 1991672947001, 4872349154117388900215801 ],, 
  [ 21290380239389127320389537352958466298435458730296617255820854582824646307\
31 ],, [ 13577081281, 19603873389869976140060518096966296709945189 ],, 
  [ 169544604876891055817254372241012801 ],, 
  [ 434742594833, 60379060527249325387902794223123246007819397156103281 ],,,, 
  [ 41651620943533, 
      328806208033179542373061685401106497799637617737970203608765026960696255\
553137 ],, [ 6281911793, 249971947156783, 302287687198009 ],, 
  [ 247035727416817, 660112810722073, 1247968104205609, 
      1805740809995368091560860964283761 ],, 
  [ 315253990561913053820833, 503494802516234186792670260097860297, 
      5345192272801388780452133307710850887317882217154735833 ],, 
  [ 5398764406518789461, 795642944213059501662311210760781, 
      819309080847124726146674704643214163121 ],, 
  [ 30096051823, 7404207879833753715375217025345149382593 ],, 
  [ 68760579553, 1192726761492000822720396256772833, 
      107964466024992456944078999966146123471149197180566095073 ], 
  [ 38850328361701 ], [ 293904972389033369253157 ],, 
  [ 2278988821, 5936246853140799489622937480654149003626419371439704505749 ],
  , 
  [ 3001347511, 29746754148617507883061, 3894193766178271042991130167353432593\
24409945963948048514065111 ],, 
  [ 183285318231817, 506461216480437850359834477337, 
      91250414999402570548814201096502496369 ],, 
  [ 158436106520919130859860341877753 ],, [ 76844576686724736518749 ],, 
  [ 1056359431 ],,,,,, [ 1282078205466276761 ],, 
  [ 74997575719551429958068715472508413525859469925655869723383857901 ],, 
  [ 188921048219978933727735494773441 ],, 
  [ 13684744374663270706481336667286501, 
      67413272308606587551482738131645631789626751 ],,, 
  [ 1108280669, 294808660873, 1088609060837, 4525419147107, 15192485006973451 
     ], [ 1151329190386469119546316826856249 ], [ 1123297891351 ], 
  [ 5650386433, 759146433102593 ],, [ 165217406082889195721918555791969 ],,,, 
  [ 27471072486536557 ],, 
  [ 294284197006003777, 8318437643280172321, 215049892912741395780608970780392\
90572249 ],, [ 35337885871, 11245074360584169328714311787 ],, 
  [ 5890503366378473 ],, [ 15026417062410961, 4257520833152855312108551 ],, 
  [ 374110168433 ],, [ 4593376279 ],, [ 10057687021 ],,,,,, 
  [ 3912752539, 712991352206304583 ],,,,,, [ 619619969239150177 ],,,,,, 
  [ 652864194529, 39558573427843 ],,,,,, 
  [ 23919766365117706926130201, 38306935407124395767126401 ],,,,,, 
  [ 179764434719641, 300744728739073, 229724394978061729319419 ],,,, 
  [ 2199177376149060871 ],, [ 77715739022377, 2604992953133689 ],,,,,,,,,,,, 
  [ 63538441849 ],,,,,, 
  [ 429805765043270350136491, 1149304711426337831332771, 
      6647614020291928347628995451441375309945692901 ],,,,,, 
  [ 60534296183070682268316239521 ],,,,,,,,,,,,,,,,,, [ 32470275063861919 ],,,
  ,,,,,,,,, [ 88837024990537, 292034143458758629 ],,,,,, 
  [ 3720314174089, 1149992512439973877 ],,,,,, [ 922932810199 ],,,,,, 
  [ 2068576918273 ],,,,,, [ 1383205981, 217554026777613920698038151 ],,,,,,,,,
  ,,,,,,,,, [ 570806558856169 ],,,,,,,,,,,, 
  [ 1425425392441, 18311519467081, 85352693385479094742021, 
      8720907020464124634528551360907517738040158252150081, 
      965296050852808252170025161953345264826911893522884755547187693600921 ],
  ,,,,,,,,,,,,,,,,,,,,,,,,,,,,,,,,,,,,,,,,, [ 38436872391919 ],,,,,,,,,,,,,,,,
  ,,,,,,,,,,,,,,,,,,,,,,,,,,,, [ 84472689631727, 6270396937959683 ],,,,,,,,,,,
  ,,,,,,,,,,,,,,,,,,,,,,,,,,,,,,,,,,,,,,,,,,,,,,,,,,,,,,,,,,,,,,,,,,,,,,,,,,,,
  ,,,,,,,,,,,,,,,,,,,,,,,,,,,,,,,,,,,,,,,,,,,,,,,,,,,,,,,,,,,,,,,,,,,,,,,,,,,,
  ,,,,,,,,,,,,,,,,,,,,,,,,,,,,,,,,,,,,,,,,,,,,,,,,,,,,,,,,,,,,,,,,,,,,,,,,,,,,
  ,,,,,,,,,,,,,,,,,,,,,,,,,,,,,,,,,,,,,,,,,,,,,,,,,,,,,,,,,,,,,,,,,,,,,,,,,,,,
  ,,,,,,,,,,,,,,,,,,,,,,,,,,,,,,,,,,,,,,,,,,,,,,,,,,,,,,,,,,,,,,,,,,,,,,,,,,,,
  ,,,,,,,,,,,,,,,,,,,,,,,,,,,,,,,,,,,,,,,,,,,,,,,,,,,,,,,,,,,,,,,,,,,,,,,,,,,,
  ,,,,,,,,,,,,,,,,,,,,,,,,,,,,,,,,,,,,,,, 
  [ 18958757411823961073, 30055377182426640133 ] ];
