BRENTFACTORS[908]:=[ ,,,,,,,,,,,, [ 61358830293619 ],,,,,, 
  [ 1525015963, 647771892083 ],, [ 202387799277637 ],, [ 430041625633 ],, 
  [ 721048673801, 3122725843051 ],, [ 894013093795933, 281084703300132877 ],, 
  [ 19321087369, 1161583868989, 5041919351827, 108712850973263 ],, 
  [ 968135749825996604987663, 1052927029618987036947221 ],,,, 
  [ 9030607601, 117204774799718366808915001 ],, 
  [ 7363323529, 6039557028970103, 671290449153543929 ],, [ 115383788646829 ], 
  [ 2560758881 ], [ 1633048861, 24751803239, 472995914603 ],, 
  [ 7761328666612732366641067129 ], [ 192963980905985646281 ], 
  [ 62699121586287402591241 ], [ 3299083523 ], [ 14882178776619194893 ], 
  [ 71960197041553, 50633200865453761 ], 
  [ 1035386774759, 9152808658757, 120595502694967640657932933580641 ], 
  [ 26141151507444054551 ], [ 1398749353898584647019, 31128656631462283181059 
     ], [ 677437355374365964079011753 ], [ 1016438372825209 ], 
  [ 308979051379118623 ], [ 420486102521 ], [ 9207495629633953 ],, 
  [ 1840415923, 705826786436243, 61796205200353122826542361 ], 
  [ 271088399260086375739601 ],, [ 444502306053728883999540223 ], 
  [ 13607257632315421 ], [ 7601221027, 33522216636627181, 536356992787369363 ]
    , [ 79167694913, 1087447696280321, 760887222437210594309167169 ], 
  [ 54650435412301, 372657186997745149040788633130410651144281743011 ], 
  [ 270766156616262280260607 ],, 
  [ 5124388609, 38354883949, 3881296163857338983258769493 ], 
  [ 2754914977, 9668937571, 25460259631, 1180796185290229, 
      18234588485082522177767994823 ], 
  [ 20794866037221121861, 30879724470268736441 ],, 
  [ 157522161772644619278268827721 ],, 
  [ 14752429672838364074833342941069112826623864181151167 ], 
  [ 71501629140301, 1593283018305009267601 ], 
  [ 1684768229, 3990276109, 41426079082301 ], [ 35645249333 ],, 
  [ 7731545598380437 ], [ 1272669644574577841 ], 
  [ 1555324723724509, 1930459402574088182879451669523 ], 
  [ 10716296871397516879728574488802824250384473940691 ], [ 836249931588971 ],
  [ 32586108761137, 82783900285213 ],, 
  [ 10310767471, 4303563598689632835827280799, 
      389418184958019486180603928154917 ], 
  [ 419186784997, 103104084974711526830193697 ], 
  [ 875407034050484090332409, 175195075782698617204388678712003363860276201 ],
  [ 362628725535302878017507118823 ], [ 61710808545181 ],, 
  [ 2597781353310651390754734605683931218603673022352592832201709 ],, 
  [ 9858426572609, 3945530341311090474972257, 
      73005144087556924090026198987938105183380324613 ], 
  [ 1077058891, 219783083420081 ], 
  [ 6887823198122499853154401, 16520489135545674125412812360353 ], 
  [ 701128787800031 ], 
  [ 35565412261, 49575987847, 98636113003, 277892663224444378699 ], 
  [ 2589585255887653 ], 
  [ 694533084768701, 15148191364743493577598641478935586703211993779001 ],, 
  [ 41829176289094036478329875000361 ],, [ 3615118729, 29094771424405844249 ],
  , [ 5611064951, 3282143398813791640399254175657 ], 
  [ 269816790323, 189399339403837 ], [ 54798434369209 ], 
  [ 8554340929, 653607055515023693 ], 
  [ 14880789221, 7588765810279216495901, 446220968421411680800394073174701081 
     ],, [ 8111192657 ], [ 3667748803 ],, 
  [ 225535305471718968241, 460259460523265271971 ], 
  [ 839691060409, 407086574509638773 ], 
  [ 35331223065593702131, 1598101881517916518851149718079 ], 
  [ 3504521328186400302319997 ],, [ 2707750991362200481 ], 
  [ 13883471086888608833 ], [ 23988617953 ], 
  [ 718578156944399466782916832723 ], [ 204885584773, 1030799542170608279761 ]
    , [ 8815547058720751 ], 
  [ 16091019937567, 1227451131578701, 19806357028556650970104597 ], 
  [ 124124745401 ], 
  [ 2964815489, 104104983316301441, 563549774020231446529, 2814605166825742042\
43969, 26715404884528312315553921, 143923457368518274117223043713 ], 
  [ 13484149411, 4515240186133, 14332734513901 ], 
  [ 6067784114599351, 77203773702001605751, 76887425652091366516361, 
      154830251247248726384561 ],, 
  [ 117724507429, 12646667376447240552573416647897393534156189 ],, 
  [ 22842267387614157145079019763607 ],,,, 
  [ 2814235933, 1180070391928910652936312871 ],, 
  [ 2107958779192324647432598633525081, 
      59475903720792494884615479802193777861 ], [ 2493340789 ], 
  [ 4962016871830397, 395208202355450880109393 ],, 
  [ 5513569921, 1196471999304289 ],, [ 47675392507514912942467 ],,,, 
  [ 1807705993351, 28221038079628122266822253040184812245020189454301 ],, 
  [ 48222805093081, 1217966881778961793 ],, [ 17184277111 ], 
  [ 440496108218311, 453990777938881 ], 
  [ 6609617233780799803230100331269169191487273449484656129 ],, 
  [ 1908775379011073 ],,,, [ 466507194319, 4530091414568401694492630794459 ],
  , [ 357204147562285033 ], [ 2298439629571801 ], [ 7261197632805839 ],, 
  [ 92451882760777, 40663679666352251881, 77577152324537400119732255137 ],,,, 
  [ 75429824797 ],, [ 62932535587 ],, 
  [ 188825046433, 12547305163889, 467439194866851383441 ],,,,,, 
  [ 21244209256271, 58503680404187201, 30922291620806849360507246383 ], 
  [ 39163903567 ], [ 9617776000529, 828620173497577 ],,,, 
  [ 1320037736400077 ], [ 95688309151 ], [ 48938396292837799856891 ],, 
  [ 56847483896946069214478977 ],, 
  [ 5817084569, 8550293108111, 2488900313435719, 1130358045828839622271 ], 
  [ 52441184174341 ],,, [ 94080611068863841027, 10167207731972536766400991 ],,
  ,,,, [ 36063463439396632321 ],, [ 129840808729 ],, [ 61477830570833 ],, 
  [ 5173304668561, 302182783157221, 13084390548603997349398141 ],, 
  [ 181798265570454893053 ],,,, 
  [ 155117488969, 24015269176978969, 1214177559014747881 ],,,,,, 
  [ 19449212052271219 ],, [ 5669009473 ],, [ 15885475167576584293 ],, 
  [ 7326857885878897 ],, [ 56867954711, 95856525605821, 130359835407251 ],,,, 
  [ 97677505927, 18799623429329329471 ],, [ 837051766013 ],, 
  [ 1560865754099, 11870802685192639211297 ],, [ 83993315041, 138373087201 ],,
  ,,,,,,,, [ 5579443751501 ],, [ 152516977957 ],, [ 5972578861 ],,,,,,,,,,,,,,
  ,, 
  [ 134203241536831, 261496584807554431, 31237635542523791131, 739954952792365\
435370821, 746610643310717692095980477941, 229286767428307456112113323964471 ]
   ,,,,,, [ 1930276416317793961 ],,,, [ 3076805031721 ],,,,,, [ 2868447583 ],
  , 
  [ 24012523863073, 63148329920737, 25627594012098049, 93155658242045048913313
     ],,,,,,,,,,,, 
  [ 247356909809889402001, 7488970204527482530988701, 526307127803548541511369\
01 ],,,,,, [ 360901954207 ],, [ 17711021329 ],,,,,,,,,,,, [ 2387384641 ],,,, 
  [ 877294511397973 ],,,,,,,,,,,, [ 64218151873 ],,,,,,,,,,,,,,,,,,,,,,,, 
  [ 14680808297641 ],,,,,,,,,,,, [ 9304635121 ],,,,,,,,,,,,,,,,,, 
  [ 42675506221531 ],,,,,,,,,,,,,,,,,, [ 657221183288809 ],,,,,,,,,,,,,,,,,,,,
  ,,,,,,,,,,,,,,,,,,,,,,,,,,,,,,,,,, [ 7298818732875979 ],,,,,,,,,,,,,,,,,, 
  [ 11032197389281 ],,,,,,,,,,,,,,,,,,,,,,,,,,,,,, 
  [ 89350279931161, 15862031606690671 ] ];
