BRENTFACTORS[2339]:=
[ ,,,,,,,,,,,,,,,, [ 15031978137317501, 6274060235069692243, 
      8513427551757889367 ],,,,,, [ 1996933205459 ],,,,,, 
  [ 430492268967679565932803938930850386929, 
      50011118664744628496872233395980064441104305430963135129 ],, 
  [ 2687852149, 5603699054984176103 ],,,,,,,,,, [ 139361794784415334856519 ],
  , [ 184721570641, 49018796116531 ],,,,,,,,,,,,,,,, 
  [ 43536107811247, 15418340034097020547 ],, [ 5046604909 ],,,,,, 
  [ 10247515671563980710341310164149 ],,,, 
  [ 51406376939, 142370943193, 281785535375543 ],, 
  [ 3137588911, 4548262890593, 1452432715384133158799579, 
      2999395662701648370373097 ],,,,,, [ 10124335058538817 ],,,, 
  [ 37675845189449, 147586518227506783 ],,,,,, 
  [ 1157412621979, 2033803446503, 2157306363973 ],,,,,,,, 
  [ 597908690345389079, 61168422092486939433481 ],,,,,,,,,, 
  [ 17211448250237437841 ],, [ 7977917138478940701371879 ],,,,,,,,,,,,,,,,,, 
  [ 137441666723077652290915531 ],,,, [ 10066636068079 ],,,,,,,,,,,,,,,,,,,, 
  [ 4441871569 ],,,,,,,,,,,,,,,,,,,,,,,,,,,,,,,,,,,,,,,, 
  [ 1156916042738469997 ],,,,,, [ 2215150000193687 ] ];
