BRENTFACTORS[340]:=[ ,,,,,,,,,,,,,,,,,,,, [ 1708840057, 2857854763 ], 
  [ 2537816623 ],,, [ 719511165088165480522451 ],, [ 14261755326424135901641 ]
   ,,,, [ 9853038584097483743, 113566241201767896922321 ],, [ 10574648041 ], 
  [ 9102988342044469 ],, [ 4028217481 ],,,,, 
  [ 25154012746139647, 109554539528734185060589 ],, 
  [ 190759257066549362283600563507 ],,, [ 2843484531513869062777 ], 
  [ 7998529272230367473206904466093899 ], [ 191011355393857 ], 
  [ 1975904735332837, 2649303030443529995368991453772127 ],, 
  [ 142627898971, 133427198810419 ], [ 8029070453, 1784098505889041695237 ],,,
  , [ 105738986473 ],, [ 336887872209674913920189 ], 
  [ 57503852513, 502453294968089 ], [ 13871687881 ], 
  [ 15002453736825721670980249 ], [ 43695565471, 209466482856628162176691 ], 
  [ 3910887711940292497, 3140862418969735534616447137 ], 
  [ 170357815127743169 ], [ 743677337409546122823631 ], [ 34870439161867 ], 
  [ 1324916864191 ], [ 369274787936129, 10654144983694452622133 ], 
  [ 3564736853551, 103149623750323, 29596769105265139, 
      2151524952224156670426193321 ], [ 1352503496552111, 3147695674851421 ], 
  [ 12502838863 ],, [ 11173061697534020194856795452583 ], 
  [ 1842908206150119093894277951 ], [ 16875111456609639933110027970478706701 ]
    , [ 9574219834141 ],, [ 2212005766571185613107 ],, 
  [ 7565315201, 4000973430981985100217831041 ], 
  [ 332629343825738293, 11992159155379709606022309709 ], 
  [ 413861029417589735724949369161541 ], [ 13531897199, 81808066157545093 ], 
  [ 67345046749 ], 
  [ 999315299471, 201867010657858274284926406998383641404809923155596457851911\
361 ], [ 1032744073 ], [ 105693801348903673 ], 
  [ 294257591241226181543921, 34564759366657626713973536633 ],,, 
  [ 1564005016939 ],, [ 381570457207, 860682177139 ], 
  [ 25030044980832065026919460238399952883757854947650982357 ], 
  [ 105922662683359681 ], [ 7386339937, 12992406171918195457 ],, 
  [ 3158415493121470970333926660521251110718501026192777 ], [ 115731906841 ], 
  [ 389333452919019720101 ], [ 6291483721467908933 ], [ 4595575381609 ],, 
  [ 77236167766450577, 831481181556913681, 2854330324309594937 ], 
  [ 1464697711, 5447377560222741510892722541 ],,, 
  [ 2663752895460889365424127033259289 ],,,, 
  [ 41892247849181857, 2539388126841851629457 ], 
  [ 12657028301, 4036232639057 ], [ 7284391951, 7958285273733307 ], 
  [ 3282569621131, 58816652309440465161731 ], [ 6999769148111419935874681 ], 
  [ 1258026222255661, 15439316662042547355667, 186113529091594072800001 ],, 
  [ 2587347029 ], [ 9404117641, 11756824441 ], [ 5379858473881 ], 
  [ 1065093544267 ], [ 2403819259, 157159924081 ], 
  [ 69372950354045476526867684021 ], [ 2137746001, 14968727455001 ], 
  [ 873143943211, 42870549945348313273, 507956958535196755047368431 ], 
  [ 3908854769 ], 
  [ 3240254688870147983645904992787900365777236828673, 11857356059223229000834\
2985444869485792579959296700042753 ], 
  [ 309024128263, 6506443522753, 16604631751009526086567 ], 
  [ 58256016911, 78982670134798451539176032545567120504001 ],, 
  [ 1154523481, 69270818893 ],, [ 792094437011 ],, 
  [ 127742645897, 1796482706849, 12525841275663497, 47032817000544650713 ],, 
  [ 14597732374705607308471111 ],, [ 583560834327407161 ], 
  [ 42180332737, 27769515386677, 47487927015531109 ], 
  [ 181315747037, 717118473917, 79242330636897871, 8625332760425542619 ], 
  [ 1962253151 ], [ 670021487551039635040411123633 ], [ 1710627322518731 ], 
  [ 49534024566955219363, 126465061302211860581, 146365867829942486161, 
      3687985459578720983083, 52461699005941997763862271, 
      1355036082962644182817811233376747 ], 
  [ 83388736180051, 35385425104065767923627 ], 
  [ 20715130061, 7102224281735994696285673 ],, 
  [ 273602809651, 497968125115433210401 ],, 
  [ 10495070281, 154706512077673, 391229520753153658929761 ],, 
  [ 55269742529, 4673303771628336461 ],, [ 103660087156674418122911720329 ],,
  , [ 1777216074977581867 ], 
  [ 209838306313044001, 8279679907903890625459992276001 ],, 
  [ 16321017079, 4592536503769 ],, [ 11401389762777154569493 ],,,, 
  [ 24404265481, 3911833740193, 31705359408816073 ],, 
  [ 65376698126114487361 ], [ 20831459401 ], [ 29057627197 ],, 
  [ 45813676087, 30873124105717, 679228576027887778177, 
      3907468751011173627877843501 ],,,,,,,, 
  [ 12763132296097, 215937947501934396604784647 ], [ 1770559487561326411 ], 
  [ 1091136929 ],,,,,, 
  [ 42318489115549601, 144851227598892973621871, 942418075057783894192724891 ]
   ,, 
  [ 1938947885074185112321, 11833499028661224747073, 9133995507492229046027558\
2438081, 16627801019801834028824231123372157446197633 ],,, 
  [ 2675211631, 1023903480991 ], [ 8505659335264496609 ],, 
  [ 3177986131, 64062965539 ],, [ 56356096968971844041801 ],,,, 
  [ 2054400769, 10064371059237510877 ],,,, [ 203413796977, 3363853892005153 ],
  ,,,,, [ 819931322921 ],, [ 1220322422089, 33804941520673 ],, 
  [ 4498397689349, 6312354803641 ],,,, 
  [ 948227270443, 8185522992358345836751 ],, [ 481508940193 ],,,, 
  [ 98857106105311543333, 74102601449536217517637 ],, 
  [ 46537847101870830341 ], [ 241142541487 ],,, [ 56222017447276983650869 ],, 
  [ 628037982663181837, 152499543303130543465381 ],,,, 
  [ 381454207774922102904230660881 ],, [ 52798576513 ],, [ 16457634244213 ],, 
  [ 4028500429, 48363268280071, 2401916043030816769, 1251679739252252913847 ],
  ,,,,, [ 64045502030048541661 ],, [ 3242732935909 ],,,, 
  [ 319427796889, 372814602234092535154647906451 ],,,,,, 
  [ 103671187790115864611237689 ],, [ 4461956370887 ],,,, 
  [ 67401875957691577688011 ],, [ 2055903000337, 33006674695649 ],,,, 
  [ 158125014453749951843101 ],,,, [ 9337043255665721 ],,,,,,,,,, 
  [ 18957778211 ],,,, 
  [ 2384527867, 568755647881, 22012600777231340475273532333 ],,,,,, 
  [ 2907859136101, 318722963871601, 163894786280608560132523201 ],,,,,, 
  [ 3123748063, 2098052294908321 ],,,, 
  [ 3184440882641, 116969264245331, 22216586331930671 ],,,,,,,,,,,,,,,,,,, 
  [ 423422703901, 7601586481000373 ],,,,,,,,,,,,,,,,,,,,,,,,,,,,,,, 
  [ 2903847481, 318497187961 ],,,,,, [ 4027023337, 405911598735949 ],,,,,,,,,,
  ,,,,,,,, [ 2967588248737921 ],,,,,,,,,,,, [ 769852623277 ],,,,,,,,,,,,,,,,,,
  ,,,,,,,,,,,,,,,,,,,,,,,,,,,,, [ 2668310383 ],,,,,,,,,,,,,,,,,,, 
  [ 16920810523, 697122568544557 ],,,,,,,,,,,,,,,,,,,,,,,,,,,,,,,,,,,,,,,,,,,,
  ,,,, [ 4039631461, 56043065220781 ],,,,,,,,,,,,,,,,,,,,,,,,,,,,,,,,,,,,,,,,,
  ,,,,,,,,,,,,,,,,,,,,,,,,,,,,,,,,,,,,,,,,,,,,,,,,,,,,,,,,,,,,,,,,,,,,,,,,,,,,
  ,,,,,,,,,,,,,,,,,,,,,,,,,,,,,,,,,,,,,,,,,,,,,,,,,,,,,,,,,,,,,,,,,,,,,,,,,,,,
  ,,,,,,,,,,,,,,,,,,,,,,,,,,,,,,,,,,,,,,,,,,,,,,,,,,,,,,,,,,,,,,,,,,,,,,,,,,,,
  ,,,,,,,,,,,,,,,,,,,,,,,,,,,,,,,,,,,,,,,,,,,,,,,,,,,,,,,,,,,,,,,,,,,,,,,,,,,,
  ,,,,,,,,,,,,,,,,,,,,,,,,,,,,,,, [ 549967364761, 59637498667223 ] ];
