BRENTFACTORS[9967]:=[ ,,,,,,,,,,,,,,,, [ 19160308050481457 ],, 
  [ 40911326111, 68003567934725333 ],,,,,,,,,, [ 272079623893875186339289 ],,,
  ,,,,, [ 1930552367963, 58340960761783792157560938843247 ],,,, 
  [ 5762546766531557, 13172217027292324034075615389759 ],, 
  [ 157164763243, 684533481557, 205971405083097008203 ],,,,,,,,,,,,,,,, 
  [ 11461797258939917, 928356588248307177497118715326629 ],, 
  [ 3821695899507463 ],,,,,, [ 317931289997029 ],,,, 
  [ 3604077151, 17061351547, 16435517629949712775157 ],, 
  [ 10180967370559, 12191354523041 ],,,,,, 
  [ 237346395724242415130999, 302650332739684864577874222053 ],,,, 
  [ 8281399700333, 5546109995819909 ],,,,,, [ 13055192230351 ],,,,,,,, 
  [ 1281900203, 4508751261691 ],,,, 
  [ 17962404220139, 308654424553723, 5281620509439893 ],, 
  [ 53428772219379289192949, 177660229044476515676890841946991 ],,,, 
  [ 2351613286249, 68960046413450018206922219, 1121830636453948309666320689 ],
  , [ 4325068771, 41700151614047 ],,,, [ 7364078056500679550609768521 ] ];
