BRENTFACTORS[3583]:=[ ,,,,,,,,,,,, [ 23116134616532101, 1071689353030133683 ],
  ,,, [ 203870021027 ],, [ 251012895457, 1733141315337639253 ],,,, 
  [ 182812185752019166160101580089 ],,,,,, [ 19323419871583 ],,,,,,,, 
  [ 3883803829234328883120617 ],,,, [ 1238038155359609798078555919327973 ],, 
  [ 62337269851 ],,,, [ 92950201703, 71271000644131400233827052003381 ],,,,,, 
  [ 1519311765719541283944665983, 1913885673062073658595255794523 ],,,,,, 
  [ 10348043061949, 64328149114842184011757223 ],,,,,,,,,,,, 
  [ 2601620341, 1005090003321862880182021 ],, 
  [ 3424840248192689, 4605046479542111358158991971 ],,,,,, [ 109522824731 ],,,
  ,,,,,,,,,,,,,,,,,,,,,,,,,,, [ 9380096440300283299027 ],,,, 
  [ 1546955529132702577391849 ],,,,,,,,,,,,,,,,,,,,,,,, 
  [ 151017648184852612811 ] ];
