BRENTFACTORS[5107]:=[ ,,,,,,,,,, [ 3758640799 ],,,,,,,, 
  [ 1914951449999772515453 ],,,, [ 23353568202191, 531321565036668437 ],,,,,, 
  [ 3639795418044453973313, 4454381775761024160350315327396697461, 
      4157810164591225821905393812630262244236609957 ],, 
  [ 358956047622846817133, 40748800688792617411431906754400045521, 
      2894677963721313121015072484989928050078398149 ],,,,,, 
  [ 2195376705647, 2918773379013124937, 5439500937441649549403, 
      481660815307530304254971685433, 
      2580088617221763077592007367497520351636632711 ],,,, 
  [ 5331904437931037323318279929599, 6280800090595041746340388279451, 
      4366110392556556888802080839670343038649, 
      1748433944267000126277595094884940388026971847 ],, 
  [ 219524370942275429376703704337 ],,,, [ 202260018581624390872461299 ],,,,,
  , [ 626281468373009 ],,,,,, [ 6185620000363679725631267 ],, 
  [ 14777364334917229968442478050327 ],,,,,, 
  [ 15530907496099, 34446307682981762312650237, 1304736465274607830667552149 ]
   ,,,, [ 340617337924130278603 ],, [ 51836454278664435383609791 ],,,,,, 
  [ 5920276898595173 ],,,, 
  [ 3095774030638604428579, 408951561817346402807150951 ],,,,,, 
  [ 20524972631 ],,,,,,,, [ 4630598734338287 ],,,, [ 23285557879 ],,,,,, 
  [ 34749585711028481 ],,,,,,,,,,,,,,,,,,,,,,,,,,,,,, [ 821987917423 ],,,,,,,,
  ,,,,,,,,,,,,,,,,,,,,,, [ 92590308329 ],,,,,,,,,,,,,, [ 61523592853893503 ] 
 ];
