BRENTFACTORS[251]:=[ ,,,,,,,,,,,,,, [ 2376251641 ],,,, [ 165568099843 ],,,,,, 
  [ 10648657951, 4489819928701 ],, [ 27657629929 ],,,, [ 2297416139 ],,,,,, 
  [ 336438404388631283, 4433888363650202391471980281 ],,, [ 162772385761 ], 
  [ 545656895168939, 10600187382430969 ],, [ 469794440770050373 ], 
  [ 3127965941 ], [ 3411796022317351 ],, [ 381195334539274253 ], 
  [ 1215305473 ], 
  [ 11779464761, 5389751390760175565603, 245537206531713691498007329, 
      19907580241559208785206279971603157735283 ],, 
  [ 4169231056051, 40113396131085005083378456963 ], [ 306938408948258881 ], 
  [ 45052316207, 1400621159812612492163, 29727203614111263504221 ],, 
  [ 2279124541, 1439518239708671 ], [ 8633538761, 16099963657, 23307296657 ],
  , [ 34133098404773 ], 
  [ 226097242930565311, 71805694818167031805164415549931321449 ],, 
  [ 425516194555510322743499 ], [ 7838551396556597 ],,,,, 
  [ 3117012692099, 800238631334063309, 112947123614244062511536443619 ], 
  [ 4679112798855277 ], [ 3033352057, 17308328310283114157270005551080653 ], 
  [ 16568427591451, 30065131487371 ], 
  [ 6162150493, 47174713039, 3296519519123, 11356597405365172896763001017, 
      15058424017135755178867181129 ], [ 995249615617, 278469861166009 ], 
  [ 335404338697097 ], [ 27398111902135488856927006728529 ], 
  [ 1862290501, 20655136422001 ], [ 865271741317, 12407681519167671817 ], 
  [ 339437040709879729 ],, 
  [ 24482785721, 2865649913566043982538814616189628934553749 ],, 
  [ 8992699044337, 200940585525937, 15978721231484079262655258012869 ], 
  [ 1379752877835106811, 2079011019197724769 ],,, 
  [ 31611356341501, 3599964483376460740410769902237661 ], 
  [ 2590209189680067482195360243320607983 ], 
  [ 4513680583, 14318064847, 4481140518752430665293663 ], 
  [ 352093466305051735529 ],, [ 1607820443461 ], [ 10284801948282623581 ], 
  [ 457476957945147337 ],, [ 6275771206181 ], 
  [ 3193251505930515191, 546442028035200838741784577211, 
      23946288784806868479887433431151366641 ], [ 4671415609496929 ], 
  [ 3083372315039 ], [ 136223810633, 29036241934099 ], 
  [ 1064560311739, 18034176524005027 ], 
  [ 358623749722201, 209710490684706001, 38807972132335078156358464201 ], 
  [ 11676603705653132310459950814521468947974286176278022998961590272644424764\
6024673579231 ], [ 257261693302399, 95880686872054501 ], 
  [ 254600736006427372776137727660634479871847016720765139834756753209499 ], 
  [ 33342374521, 2441836049880172380901280348740441 ], 
  [ 6652073937930744859274763081446971 ],, 
  [ 5654914279121, 3879378768877105523, 117609876545644994051, 
      139746650713722238711927 ],, [ 5412934329821 ], 
  [ 2654542771, 17021646056251, 80939389118177439437273571491, 
      206582099292310671744021392717462868961 ],,,, 
  [ 27749496163, 6978074946282457657 ], 
  [ 69759548025536981, 115882438579216633211 ], 
  [ 20744727160233604873, 206766689201356211333157452758790053213239022909 ],
  , [ 3349655260947893974728570208403507762055964374817 ], 
  [ 184381945376791 ], [ 1100615567702041 ],,, 
  [ 1345409917, 10002194197, 20197269121, 96277971246652620637 ], 
  [ 5324006713, 42028643599160210266335881396798870551049113026409 ], 
  [ 329472353823522436001 ], [ 45712345123364366079530315579071 ], 
  [ 1483772243 ], [ 2048349533306773121, 37006812693561209373814728193 ],, 
  [ 704725105271519655311 ],,, [ 20590931789 ], 
  [ 28978414819, 120372681329, 10836979343624207353279104405788619046775085562\
9 ],, 
  [ 767255145911585427256019598516313, 884831862906738795422604093259142801 ],
  [ 4393218853616638799071 ], [ 4626500185771, 302614334800039 ], 
  [ 13276705097, 4355747683213175633, 59122032034331640940454783 ], 
  [ 4968424809219717161 ], [ 29009692219, 370860900526650481 ], 
  [ 977995513458317, 332186987351128249361236308559771, 
      2436378039990817338460347172357252801, 
      67371204534817238519664283288438596768721 ], 
  [ 396915336533, 37685551129799 ], [ 20443206941006326593281549362081 ],, 
  [ 19162556475470749805082174685740277, 
      842389397262000135190046502532732612842565617461689906010202673 ], 
  [ 4112236507, 2063665725777811 ], 
  [ 1227106912909557453910762327203141193109, 
      21631952963540897405938131134673975579745160913651359054148713 ],, 
  [ 2078377201, 32003312818051, 925920900701778269551 ], [ 41241728463132973 ]
   ,,, 
  [ 16170266729, 6351553935088363, 1189974364681029335851007685520271522519171\
4161593 ], [ 38220181171 ], [ 30437005449683509 ], [ 156855636617 ],,, 
  [ 2579106401, 615457132703945761 ],,, [ 306535638947, 21643792362839 ], 
  [ 79812027689762266466724148117, 
      1336682500451153775577238448431540550465929 ],, 
  [ 176728152428646005648481636016177684580503 ], [ 77960191499 ], 
  [ 25167478499867443267615920861568316776058657137 ],, 
  [ 46067967008309369951, 
      55601058335572617478546994871728683582140751555960351 ], 
  [ 100286742097 ],,, 
  [ 2017363483, 670969192350011719, 65003509646147183511199, 
      54077865969055147929486417967 ],, 
  [ 1905868024181617, 347098788432996165207137 ], 
  [ 8881094087017, 741694526011627 ], 
  [ 897435377644218697873254077708956964379769 ],,,, 
  [ 6434038703, 6951445177951, 939461447120134978129273, 
      3379965400081938816322099464810727 ], [ 245951920579 ], 
  [ 2232932921, 1948236905471493473, 22633382753645686898767380055729, 
      84254903316730026629688865992812739377, 
      414687722646822176515095823603547283840584962285529 ],, 
  [ 3481826905937488579, 4112330671276066423, 50760687440720672341, 
      52210162951045651099 ],,,, 
  [ 32253145771811, 2680978770949647581994640717062941 ],, 
  [ 5359636993, 844235976760129 ], [ 18550423513 ], 
  [ 58215921383847987597981379051, 1067617292536471766696933949593 ], 
  [ 17215726665541, 785808349698451 ], [ 181574091061627349 ],,,, 
  [ 37142097820936678601, 123553254943214546242822201 ],, [ 6342113007330179 ]
   ,,,, [ 1629066541 ],, [ 13837152362576924993, 730479444145427672593 ],, 
  [ 487132077710566002751 ], [ 762419152944434179 ], [ 3716733703849 ],, 
  [ 1964994653, 42170358073 ],, 
  [ 1081022922655993, 1007124758928476008308364969 ],,,, [ 74025153401 ],,,, 
  [ 920929078448492396641 ],, [ 7128157001307134677, 365935045325754148903 ],
  , [ 43835084149, 638869302889, 4629459857773 ],,, [ 30805295050892671 ],,, 
  [ 4244454397, 1088343395569, 13198953583063 ],, [ 167030551229 ],,,, 
  [ 16476724131601, 41390241898089208321 ], [ 1186009328213 ], 
  [ 134418429711721, 24270442344754977691 ],, [ 8070469458435053 ],, 
  [ 28200714301, 172953983977429 ],,,,,,,, [ 84534584297 ], [ 162234974431 ], 
  [ 2688338689 ],,,,,,,, [ 511105675081 ],, [ 6674650212175877 ],,,, 
  [ 115981322715791985657778381 ],, [ 8729557393 ],,,,,,,, 
  [ 3236079790560121 ],, [ 1261328551641406471 ],,,,,, [ 2751801970858273 ],,,
  ,, [ 2073618722149147 ], [ 137528411957161 ],,,,,, [ 6815250601 ],,,,,, 
  [ 3290037337 ],,,, [ 390534206639431 ], [ 255833747051 ], 
  [ 2647588130617, 160886041063177, 246194029868555475631081 ],,,,,, 
  [ 282197027299177 ],,,,,, [ 1461154789 ],,,,,, [ 52063934613571 ],,,,,,,,,, 
  [ 8451295001 ],, [ 26269621579, 117164672263 ],,,,,,,,,,,, [ 440369835799 ],
  ,,,,, [ 2208862441 ],,,,,,,,,,,, [ 72237545318161 ],,,,,,,,,,,,,,,,,, 
  [ 130642401951219211 ],,,,,,,,,,,,,,,,,,,,,,,,,,,,,,,,,,,,,,,,,,,,,,,,,,,,,,
  ,,,,,, [ 24063341851 ] ];
