BRENTFACTORS[421]:=[ ,,,,,,,,,,,,,,,,,,,,,, [ 12272416923731 ],,, 
  [ 2807077079 ],, [ 5353338961741 ], 
  [ 564486663099832321, 8142474384902374560920999 ],, 
  [ 60691949549961845963365653498563 ], [ 211279685857 ], 
  [ 2581380121, 6730227109 ],,,, [ 834006670026997130557 ], [ 2185476673 ], 
  [ 21173534383, 43753702513, 2953752103147 ],, [ 18682521828511 ],, 
  [ 55615030573, 285818387913659, 964125410696141, 
      9322707736510168599459861241 ],, [ 78348315691 ], [ 1212495661687 ], 
  [ 111589195947909373751 ], [ 5472489127201 ], 
  [ 1262953147, 135425865307069, 116112613783761433613719057 ], 
  [ 59992543111951 ], [ 10631622487, 22101779221, 19372943009627341071211 ], 
  [ 207111375262681501, 6770231157647433529 ],,, 
  [ 15489253663181, 284438241353419870799758391 ], [ 5935419345399769 ], 
  [ 205043376664131409, 356249779882072075453, 5754451459890713684233 ], 
  [ 5627649730889, 9175478692537 ], 
  [ 8769524964618840768473228417817739675245059818515901 ], 
  [ 332741979544141 ], [ 1734072133, 175256133195827 ], 
  [ 1178387931042810974593, 56514301926151225711040639 ], [ 155114062747309 ],
  [ 23716397564533313 ], 
  [ 43153335245759737984627778501, 7414190863930846730875406951626324689865057\
6811 ],, 
  [ 232337951103179965331, 216501876591898713350103023033118215904804802109882\
1107859883 ], [ 2109274563049508376684665959540121 ],, [ 7747789802928211 ],, 
  [ 3229148024525376806617 ], [ 4192383431, 185602865731, 3346331473703 ], 
  [ 132563157571391 ], [ 125598177470175316999666745453542383149101 ],, 
  [ 127906386501648898708420542842368573912112177 ], [ 255083473399 ], 
  [ 1485898317499, 11045575362667, 34342064571553578372833, 
      25079938910244645805681291, 
      22997374357301171257116557972775701864222299 ], 
  [ 38873895034792999862180035921813170641 ], 
  [ 450528653989, 91753825875163427651617, 562546294331804686243714185307 ], 
  [ 283854992009, 1260790753397137 ], [ 219700376671, 64199553369388922591 ], 
  [ 804885890101916533 ], 
  [ 1507902916894001, 863589456239761841, 25025480652155783101, 
      1088109513543323932301, 4172974327027287420212641741 ], 
  [ 247622173554991390023613, 14126768291247437114310684479 ],, 
  [ 4464624121 ], 
  [ 1601463281711983, 53946843200161372775809446485939289176874777787 ], 
  [ 2906214295095940722031 ],, 
  [ 2352148414687856187232300744421979452560979699644697 ], 
  [ 3463543326667, 238448722902266424064999, 
      442476277379442432262349612570113681 ], 
  [ 79940634219224537118161, 205386789467673239589714303200575577793947 ], 
  [ 1250212606928071 ], [ 5154267220677712506433 ],, 
  [ 163536846658305241141483 ],, 
  [ 9954437417754701, 138564332866728663322688101 ], 
  [ 52859291287277, 15527015834461272375419, 384360771211140230121323, 
      3103491858106402597710257788494888754189303 ], [ 17536330019119 ],, 
  [ 4981184809534049990467653113211847771252787902313 ], 
  [ 61020369271, 3531162113851, 427300026116128724361799501, 
      3638227396936092238511044203435331 ], [ 69279272364233 ],, 
  [ 1375871396301001 ],, [ 41149262763061653272618701 ], 
  [ 1697800723, 56361415501, 805605741403 ], 
  [ 477799516685753301649, 23020639420943818784301160753, 
      1390086479200374124777362070049563537 ], 
  [ 2695260859, 16556156075423461650092364631 ], 
  [ 203302936489, 559576957927269035533237 ], [ 205756272011 ], 
  [ 185629748841617461, 215301885502570496614541 ], 
  [ 6452608501, 39266157529, 27530220327161851027 ], 
  [ 2835417438962658533881824026065829, 111803852307968906647019403442739089 ]
    , [ 157979786273443186991 ], [ 219201877183801 ], 
  [ 129751369836804487201 ], 
  [ 3310228567424847682317193448579, 68217393369254098798375584380441203880001\
489040549 ],, [ 946039384507193 ], [ 3161832835627751 ], 
  [ 13935517593356076201946358334581511966171431761 ],, 
  [ 731550623262337, 15293680267965152742960769, 
      39538796802153465641244395293441, 63893124742423155176040510222209 ], 
  [ 45530952997 ], [ 114688408476553144515551638607378161427491411 ], 
  [ 90187821413, 243320347461431, 2185617754369918246839631 ], 
  [ 7051952953, 159613718052865354435455506558461 ],,,, [ 69607446017 ], 
  [ 251337192577 ], [ 6378785402573197, 203895887636275517756947 ], 
  [ 551361478855484415617 ], 
  [ 3281042693944447321, 43318233705749247882502535664974200621 ],, 
  [ 5470866377, 71262678243366892949, 2548501243612200059023546387973, 
      2091749108907707861068718755168884549041590135681734009209 ], 
  [ 71259406333502531 ],,, 
  [ 6952462310853853, 156804070648669751248296615179, 
      254366419852421877197840302069609, 
      22775443521936188915954049104703466860658068791 ],, 
  [ 210316317630193, 232815316409265641092117, 
      206556246508059152164164606535506299773 ], 
  [ 20822176642339, 319020103369276217421059 ], 
  [ 35115792451, 498907559121045753815403285451 ], 
  [ 1145894909, 11077078268731 ], 
  [ 282495659857, 538727875073, 15609782900059441, 143801315532173970117049 ],
  [ 154355736673, 7183492361206813 ], 
  [ 635532797947478401061323, 9267215667959514566806155883, 
      22575848681911902700482884033 ], [ 107095755948671041 ], 
  [ 454393437545961577136747201544584311679485345707245489809 ], 
  [ 334972621385268145847 ],,, [ 28471966539491681 ],, 
  [ 334312882297579, 1697404348194719041, 1665004530305978227981711, 
      934977447046553082951921884767 ],, 
  [ 4991380589837, 44671793333210356418632493, 195402152094544408429903129441 
     ], [ 30450900481, 19913163590101 ], 
  [ 192038987584343217247, 812541486790882921407787496669055803 ], 
  [ 9364282517, 81931868230318703 ], [ 84372932992395345452650394063761 ],, 
  [ 9800873091011, 79098738679086693871633395571 ], [ 2811785491 ], 
  [ 256253586821, 1103610495216233117196749, 64930911209946530208347419842173 
     ],, 
  [ 205846237410343, 2001575984439949, 11726181943142330057663750327980060597 
     ],, [ 1287230561, 101940910247433561835359451822012710361697 ], 
  [ 6110854761091 ], [ 12951913998578675806759 ],, 
  [ 8662182505431984476456166797230981 ],,,, 
  [ 72741361241, 1459218330806111608129, 138723061699685408388049, 
      1978627075019810598273175765082740616997257 ],, 
  [ 12375973240814136662246263821364963 ],,,,,, 
  [ 12586791937, 3946821120577, 195379908117414056405569, 
      146403284331643000256915638299451170563017153 ],, 
  [ 23392794986664791, 26392127499723468639197454581179826712353 ],, 
  [ 1413427933, 8580995833285612509277 ], [ 306305360069875232993 ], 
  [ 21386305667431, 131166266679400789 ],, [ 20184221401, 61344902401 ],, 
  [ 21260329766313826164365822717 ],,,, [ 47207887375076149 ],, 
  [ 3066350716555361, 58168760320831057 ],, 
  [ 492977093292901500571, 89756038930296475588152104737501 ], 
  [ 26110389121 ], [ 4337713769, 18812992997 ],, [ 24317136721 ],, 
  [ 913514716788201854317153 ],,,,,, [ 1943194861, 40501590348635362633 ],,,, 
  [ 35182670233 ],, [ 82231277773, 187276448041 ], [ 1923539087 ],,,,,,, 
  [ 273998490833045633 ],,,, [ 14573082961 ],,,, [ 202424560138589 ],, 
  [ 87598977074779 ],,,, 
  [ 46111673501, 18720873572796001, 6829134817277023779274751 ],,,, 
  [ 1738026497, 4915882219, 18652294421 ], [ 1981973731 ],,, 
  [ 2833465912990753 ],,,,,, [ 265304555209 ],, [ 18050104821253 ],,,, 
  [ 400146398653253786480583271 ],, [ 1387583260492417 ],,,,,,,, 
  [ 332887743736643201 ],, [ 2368847659 ],,,,,, [ 5362757940961 ],,,,,,,,,,,, 
  [ 1353881401, 698157058235496397792909799101 ],,,,,, [ 874407505753657 ],, 
  [ 86515244201, 71614362052157 ],,,,,,,,,, [ 7024725259 ],,,,,, 
  [ 44774413741 ],,,,,, [ 30345336072481, 826763193373069690981 ],,,,,, 
  [ 72977936476444557937 ],,,,,,,,,,,,,, [ 6358815401, 108639141256735601 ],,,
  ,,,,,,, [ 21431207521, 2690292542593321 ],,,,,, 
  [ 22801597969, 19793660205559 ],,,,,, [ 183987766298289949 ],,,,,,,,,,,, 
  [ 21408590209, 474670725138433 ],,,,,, [ 3315095551 ],,,,,,,,,,,,,,,,,, 
  [ 14056986793 ],,,,,,,,,,,, [ 23734806970561, 1377995115323821 ], 
  [ 34053735173, 59267136367 ],,,,,,,,,,,,,,,,,,,,,,,,,,,,,,,,,,,,,,,,, 
  [ 2417198087042666467 ],,,,,,,,,,,,,,,,,, [ 32111887631521 ] ];
