BRENTFACTORS[3559]:=[ ,,,,,,,,,, [ 6554319646799 ],,,,,,,, [ 3455939717 ],,,, 
  [ 57644826263, 
      148002681497970781302636894624381466637494885406826342573770959 ],,,,,, 
  [ 6661216836827295917469532423, 
      6134185450933462042925260072982709527074026397611847 ],,,,,,,, 
  [ 871448035073553535752767 ],,,, [ 7048074743, 2360550853051 ],, 
  [ 1986194985548009, 64025947979355059 ],,,, [ 13064896461997 ],,,,,,,,,,,, 
  [ 3754018615374896806361 ],,,,,,,, 
  [ 27275999473117, 20007076957328317, 18532642627757350654397809 ],,,, 
  [ 14600296398305747 ],, 
  [ 13514896903, 9013810207242877, 46120398224368055856440717 ],,,,,, 
  [ 249488285977703, 608977177451646403409 ],,,,,,,,,,,,,,,,,,,,,,,,,,,,,,,,,,
  ,,,,,,,,,,,,,,,,,,,,,,,,,,,,,,,,,,,, [ 385117646609 ],, 
  [ 6348250152224789 ] ];
