BRENTFACTORS[996]:=[ ,,,,,,,,,,,, [ 6880733861, 1010760182017 ],,,,,, 
  [ 2594768917754659 ],,,,,,,, [ 10870223424769, 7151632612693975927 ],, 
  [ 327509704843, 3540697176901, 1564241554228333 ], [ 1106578141 ], 
  [ 915545233697, 5134177698827 ], [ 8920679233 ], 
  [ 181637155459, 17757881386279 ],, [ 28475988661, 661056885371 ],,, 
  [ 7837704085423 ], [ 1413688303 ],, 
  [ 1470532159, 1621533209543881, 11583061369622656472629317942025320538005238\
9 ],,, [ 2334069195907901 ],,, 
  [ 51203608091, 1218863951489263801492726315471 ],, [ 2049553425085391 ],,,,
  , [ 100265693239, 589351979136815371 ], 
  [ 20680841946090701, 31596692863759211, 675356082260759690746121 ], 
  [ 2077584873141178139257 ], 
  [ 18919493735958499, 653590588147811353329463939 ], [ 1271291300664909779 ],
  [ 2353310699 ], [ 55590552356170482421 ], [ 247920041887361 ], 
  [ 149785387028129749264882325081 ], 
  [ 8317798522488756978813039890795716153 ], [ 1561937501249, 25747646731201 ]
    , [ 9635339446441770852019288094848931 ],,, 
  [ 2123595660494078278222357, 29264153391538831209272526529673 ], 
  [ 7049014214839, 9370955120612125517733114007, 
      3417545444304016989493308145932493 ], [ 1396794934965078601 ], 
  [ 227749629461, 51669497843893 ],, [ 3889846204421110338339967 ], 
  [ 1174630937581299487 ],, 
  [ 512517812214011366652587631843231660435961525213 ], [ 546300314099 ], 
  [ 130276023614599591 ], [ 840419614948179137 ], 
  [ 1371444843611441, 3154459556022161 ],, [ 21441673336736628607 ], 
  [ 2882431046601965713 ], [ 928989610720813237, 42103613316528038390641 ], 
  [ 175997200601847851 ], [ 3964282028008408292779787 ], 
  [ 1136386336171, 4688726809568489867699744968339 ], 
  [ 5677024786340464701059553484386745959869845623697 ],, [ 422224763041 ],, 
  [ 6805495950246893, 21408504212377007281, 35807649231738062653558433, 
      10928040030287528889588122406684313 ], [ 3706665028636499455921 ], 
  [ 183770343853, 17086385595348323981 ], [ 72999109136884121 ], 
  [ 5206611966771361, 117038805840960872791777, 41994742638718858427355841 ], 
  [ 38734899809 ], 
  [ 31855673261194301, 1507513953392167393729967, 5563134271535993936987833182\
1 ],, [ 325077447658501, 4872527206304540401 ], [ 54269326667 ], 
  [ 480641876419, 8364550494960861569737, 16402837001234524516965889 ], 
  [ 209624249671 ], [ 1072264129, 11185742886449 ],, [ 249556234130950531 ],, 
  [ 406930130317 ],, 
  [ 1367868371, 2832367561, 12022622294956392915437435951128503723459158221 ],
  [ 12008620390303333 ], 
  [ 9957568769, 2829627936353, 2963824553612569527312433 ],, 
  [ 2638393055447917454546437, 2845712702409265116792580495183 ], 
  [ 1581540721, 374190521531 ],, [ 1944610392583, 44716097285376142216267 ],,
  , [ 1080594569161, 17868586326479420806709408446342662787201 ],,, 
  [ 577286239192083509671273 ], [ 264749620891376012078449313 ], 
  [ 13767130773251, 53622877297805465975012747812172501 ], 
  [ 34443482977, 107356745542869462582433, 5067214868930638638192311357263 ],
  , [ 43137413350529, 1058890368211656716929 ], 
  [ 26843426821, 3066828529789, 65731972180278285493 ], 
  [ 3078454950481, 852938614453184927099234531 ],, 
  [ 3629095320037147009051526083561 ],, [ 36432754532647717991 ], 
  [ 68006365561, 23474659911239611, 40036413230467533361, 
      4088875722772961651206788361 ], 
  [ 241257616046849, 1261226831946334946339137, 
      880923501757753507116951134297 ],, 
  [ 1171194372197660206322453563, 119604517073372868602354588848093363213 ],,,
  , [ 5081534611 ], [ 1088446789 ], [ 5105803393 ],, 
  [ 107979700855996554161, 2661516540649570493963, 12978776530772071595449 ], 
  [ 19390608889 ], [ 71183970553 ],, 
  [ 3093533608148070574168124271896734140766332368923184701 ],, 
  [ 23764324481, 40920739889, 55200843793 ],, [ 168092814528563 ], 
  [ 6779920076131 ], 
  [ 23912546930191160154733, 28520496488373387741673, 253926748254322547957898\
90240443623957 ],, [ 12532133601451 ],, [ 94740121358401 ],, 
  [ 15788844811, 1200676407607, 16537573670419, 320893892940223 ],, 
  [ 35291510114912921, 133657461200862332982289 ], [ 948855681841 ], 
  [ 15352465679, 56655459867385212731, 147255895530685823982803 ],, 
  [ 60120874106244506571241, 22066546534052263024193789960982260569 ],, 
  [ 13308920731, 572011538560370427511 ],,,, 
  [ 1558042111, 6984394524345387139 ], [ 77572653551 ], 
  [ 1263561553, 5064232273, 285697301941135921 ], 
  [ 310996661987059402250431 ], [ 94736762739267643 ],, 
  [ 71373926526574770745692251784740675514936548966575147868101 ],, 
  [ 4829123551114805898374329, 175734253413888660252108257 ],,,,,,,, 
  [ 1214730636652678401551 ],, 
  [ 7698100801, 56358349210369, 51800533657356940033, 
      56897811227194362943700254081 ],, [ 152120774586089 ],,,, 
  [ 2919339652642183, 22532346495035244451 ],, [ 69898615201 ],,,,,,,,,, 
  [ 5810104913069618116991061322359631 ],, [ 114456780003773981 ],, 
  [ 6084514769 ],, [ 6584633857 ],, [ 19324548299461 ],, 
  [ 233010164201, 216686207966894196301, 27241797424621026264821, 
      157889023507028066564741 ],, 
  [ 3732028981311277, 21629723152942943952523 ],, [ 198343438683924577 ], 
  [ 250030965601, 9089772403951 ], [ 319518827347, 322007316034980319 ],, 
  [ 7948715661144529, 12038269860530539341301 ],, 
  [ 270980349361, 7941787155347711, 149052387376913621, 5059497159704832541 ],
  ,,, [ 4234935277, 267972617808190387, 891638514497119905577659781 ],,,, 
  [ 1769486823939630559 ],, [ 1741731722461390081 ],, 
  [ 1774826537837, 1994997851689151 ],, [ 103626400817 ],,,, [ 36991581049 ],,
  ,, [ 13084189273, 13125746341, 481318636754089, 1287251435649061 ],, 
  [ 4773802254511 ], [ 575020971001 ],,, [ 586609405429, 1845405698951791 ],, 
  [ 1645452901 ],,,, [ 41008264255729, 1425970218033241 ],,,,,, 
  [ 19226414341, 11364852758968531 ],,,,,, 
  [ 25583842586737, 2130909413315329 ],,,,,, 
  [ 538246370059789, 777510013555609 ],,,,,,,,,,,, 
  [ 1213185784147, 72972756612094039, 265164788414901733, 
      5208856056890095389897727 ],,,,,, [ 62942680623601 ],,,,,, 
  [ 16137892873, 95199956821 ],,,,,,,,,,,,,,,,,,,,,,,,,,,,,,,,,, 
  [ 247923636425041 ],,,,,,,, [ 179401278421, 8602469793877 ],, 
  [ 101738688145505212091501 ],,,, [ 40298384377 ],,,,,, [ 31148186817015721 ]
   ,,,,,,,,,,,,,,,,,, [ 3248670349, 24479795440452669787 ],,,,,,,,,,,, 
  [ 615728735311 ],,,,,,,,,,,,,,,,,,,,,,,,,,,,,,,,,,,,,,,,,,,,,,,,,,,,,,,,,,,,
  ,,,,,,,,,,,, [ 1961369719 ],,,,,,,,,,,,,,,,,,,,,,,,,,,,,,,,,,,,,,,,,,,,,,,, 
  [ 28779244411 ] ];
