BRENTFACTORS[3163]:=[ ,,,,,,,,,,,, [ 4602266579 ],,,, [ 27442095743 ],, 
  [ 440260680964553 ],,,, [ 25948196627 ],,,,,, 
  [ 132382129782536818391348682117191, 
      24958549301558024902368190867505032486390050958729946315453 ],, 
  [ 104727309611, 153816908039449, 121554315082475719, 3153826624668952737893 
     ],,,,,, [ 327880620140809 ],,,, [ 69006642359 ],, 
  [ 4612435470397, 254737954022263 ],,,, [ 2632969938721299014536627744393 ],,
  ,,,,,,,,,, [ 343078419899243310737023, 54229994341692028315032919 ],, 
  [ 79733952293, 185492839038049079623, 7523501279266787306154871135567 ],,,,,
  , [ 26041852870535369408604219647 ],,,, [ 17969471833903207 ],, 
  [ 3159776604856099, 244321264049949791 ],,,,,,,,,, 
  [ 50118216781957, 52468297246330387 ],,,,,, 
  [ 1093060621, 35517121182441102101, 9838194529305330362561, 
      4198156136344594150454327 ],,,,,,,, [ 134651076602719 ],,,, 
  [ 37198197244686661 ],, [ 3268304088504347 ],,,,,,,,,,,,,,,,,,,,,,,, 
  [ 8813413816736047 ],,,,,,,,,,,,,,,,,,,,,,,,,,,,,,,,,,,,,,,,,,,,,,,,,,,,,,,,
  ,,,,,,,,,, [ 783246531127 ] ];
