BRENTFACTORS[9497]:=
[ ,,,,,,,,,, [ 2613992921 ],, [ 1744116791, 6634494751, 51326871878413 ],,,, 
  [ 89783355879292432919, 24723264812796915764193954620763956286043 ],,,,,, 
  [ 429433008185088352813, 4163798037585502571982431460830705473565732657 ],,,
  ,,,,, 
  [ 40810981433, 338556269260589, 27423296793437399, 5558059898825855117, 
      5501498787556742438774064234009564906076319474585848049 ],,,,,, 
  [ 67321641150180486420933918040783501 ],,,,,, 
  [ 13953181973, 213038608191537457003921355503 ],,,,,,,,,,,,,,,,,, 
  [ 1723919903, 96735029888467, 582784855485731, 11955081349165007 ],,,,,,,,,
  , [ 4417516079857, 223318951725893, 1002126292947410621 ],, 
  [ 294539057531, 17397724238903 ],,,,,,,,,, [ 18099854821, 50139889255411 ],,
  ,,,,,,,,,,,,,,,,,,,,,, [ 32084166075246811 ],,,,,,,,,,,,,,,,,,,,,,,, 
  [ 2559242201 ],,,,,,,,,,,,,,,,,,,,,,,,,, [ 3882183710147 ],,,,,,,,,,,,,,,,,,
  ,,,,,, [ 48567731649932818693 ] ];
