BRENTFACTORS[2741]:=[ ,,,,,,,,,,,, [ 8280462503 ],,,, 
  [ 8878382583963215741161 ],, [ 1325398163, 2355716141, 27767259772438649 ],,
  ,, [ 1010930752679 ],,,,,, 
  [ 136297156840524173029, 290479290285904483076660144471 ],, 
  [ 5207264743, 6642958691, 558877973879, 1461852405740544661047521 ],,,,,, 
  [ 5497132847, 58787230007170512517308557 ],,,, 
  [ 7504292405326536608142055747251095963, 
      21728192239526794412285728952805201107 ],, 
  [ 4831824798167, 71329849644844863832567578842265989714050010622862442865832\
1 ],,,, [ 52713570691703, 134970031093617677 ],,,,,, 
  [ 44522909740303639, 58392092375821960493, 
      236196794872956052029429379692698801 ],,,,,, 
  [ 297500040941231053283, 218767643210809090008247120387535563 ],,,,,,,, 
  [ 29079982742826332315537082017 ],,,, [ 2163097416659 ],, 
  [ 3086858886552612652443441557093, 25209793799937142008642187118615549 ],,,,
  ,, [ 153043658716600147 ],,,, [ 7702510494306651619 ],,,,,,,,,,,,,, 
  [ 1679647136068667 ],,,, [ 11750556340114129 ],,,,,,,,,,,, 
  [ 47743922671, 17760645665200454983, 148946827648183940118016255001 ],,,,,,,
  ,,,,,,,,,,,,,,,,,,, [ 42930829433 ],,,,,,,,,,,,,,,,,,,,,,,,,,,,,,,,,,,,,,,,,
  ,,,,,,,,,,, [ 17422524547 ] ];
