BRENTFACTORS[8389]:=[ ,,,,,,,,,,,, [ 88513593684688098161 ],,,, 
  [ 367363953025771194046677521 ],, [ 103198574291 ],,,, [ 625193734349 ],,,,,
  , [ 42442662689652097, 589339853426292109 ],, 
  [ 2164883327, 6686676937, 102635284469, 7628161934917 ],,,,,, 
  [ 311288255627, 15382238264055999533100911537, 
      316462417900108457532390080912101321, 
      1183353116904033773502781164980327317512079877761576434084562233439 ],,,
  ,,, [ 4177604635913, 25008758125172502073229 ],,,, [ 10042150618066020491 ],
  ,,,,, [ 2155029294877 ],,,,,, 
  [ 1093320392858398007, 3596479053679988588074981 ],,,,,,,, 
  [ 513165667370143, 9753511869873190765749294276179 ],,,,,, 
  [ 19654389154801, 711352066035839, 1660601024330529613391767 ],,,,,, 
  [ 7795404519119867051087617 ],,,,,,,,,,,,,,,,,,,,,,,,,,,, 
  [ 94966213798715938447 ],,,,,, [ 1109975127169 ],,,,,,,,,,,,,,,,,,,,,,,,,,,,
  ,,,,,,,, [ 2257318711 ],,,,,,,,,,,,,,,,,, [ 15444752788211 ] ];
