BRENTFACTORS[572]:=[ ,,,,,,,,,, [ 376662087077 ],,,,,, [ 17101644029943607 ],
  , [ 4263021301128015791 ],,,, [ 1977989191, 37515763461598901 ],,, 
  [ 1117802713 ],,, [ 47876023206018189359587015373 ],, 
  [ 1070613005496159436969291 ], [ 240038029057 ], [ 1160788109362020879169 ],
  ,,, [ 545818528492372729591680085575584723827 ], 
  [ 704466387739, 1994887183739 ],, [ 513204517495721 ], 
  [ 319898300030576257968085051 ],, 
  [ 414697794315838333, 3822632051281657338729649 ], [ 1302825613 ], 
  [ 50498225101 ], [ 156462557701 ], [ 1882024000533863 ], [ 15564707973121 ],
  [ 9833197350982134418038604394703683170756604087 ], [ 2045916989351 ],, 
  [ 3844823009, 1100117435873 ], [ 193298629552991 ], [ 52296672884923549 ], 
  [ 3947893639471, 2342148064324531, 30467890231244277241 ], 
  [ 75458900864257 ], [ 91554201188764434331 ], [ 1159022991224877801821 ],, 
  [ 136387849141 ], [ 2424358492363, 2983198485215479785781 ],, 
  [ 3081276074791940795576456775726172168015434415261 ], 
  [ 3412129267649, 18716417887476488405761 ], 
  [ 803408343441922578751, 26288915183501793411476635882692010247471 ],,,,, 
  [ 121734580380729401 ], 
  [ 21397662347, 133271498965127, 273734224955533, 5882733209732324039 ], 
  [ 22599705889, 27719446616223553 ],, [ 3159068075182144844339 ], 
  [ 1194614382813903285092701 ], [ 129640746877 ],, [ 8998975167467580439 ], 
  [ 1067374531, 1339041579375929739716855731 ], 
  [ 1636116161, 4051666561, 800101059361, 18614900211968377778081 ],,, 
  [ 962745451042619 ], [ 199870974997 ], [ 10216798026231625172614531 ], 
  [ 936274618691461897457, 92888109404165172528240167231221411339 ],, 
  [ 14067715993, 102273364875233753314849757014085611227540316409 ], 
  [ 1238968461711400967, 32447521017698823921424291 ], 
  [ 25264131301, 82238967451, 3072789820004590981 ],,, 
  [ 8057895977151316609139787517 ], [ 196552397579651 ], [ 65774721361 ],,, 
  [ 3665563231683745776555756650990359 ], [ 35270787621763 ],, 
  [ 55481424233, 8848504599861271 ], 
  [ 823693663547140039, 11170046273571060600212473 ], [ 850070771400733 ], 
  [ 65034368881 ], [ 8877601242091, 38042262620950662451968878806681 ], 
  [ 16250865322262884456313 ],,,, 
  [ 5637451931981, 18447107755859477731039301, 29304278095823233167477653941 ]
    , [ 57779279622889483, 1253417007107461087 ],,, [ 4163281727395896691 ],, 
  [ 130635422478872321069 ], [ 2956473001, 981779528239381 ],, 
  [ 161146019622779801 ], 
  [ 2379966495151081, 65127681130308417889342405625983321 ],, 
  [ 7979486754022261 ], [ 7796932840672951 ], 
  [ 769941142550605121, 259171506172744501001189 ], 
  [ 954812621293501, 47629766795511751 ], 
  [ 2661514759639, 32991066772823551648989476836758079 ], 
  [ 146818149341, 768283188857, 4430818920667 ], 
  [ 1180486529, 11875891692871681, 320859744696667343080494337 ],, 
  [ 337986995912798145819842367490662331 ],, 
  [ 4376600172733874713, 86981356940379824450495430349129 ], [ 757772491757 ],
  [ 538114161551 ], [ 69012195211 ], [ 12679058990448688967113 ],, 
  [ 760060076054475764830788256047484058287238107665452893 ],, 
  [ 101805600261303634454684801, 130750401741207350957002961 ], 
  [ 3332710687, 8506538340151 ], [ 4755360932767 ], [ 120138138880189 ], 
  [ 6551329081426273, 6274411112473713869475915793, 
      1225769231279333444171124099601 ],, [ 2053163415088397867 ],, 
  [ 104266102745448593, 104467938607123105331359297 ],, 
  [ 19475997322527289880801761889013301 ],, 
  [ 398106818405605301344129, 2689262926866775312536896643809 ],, 
  [ 48349356220128349 ], [ 515683906321, 31003744615846219571 ], 
  [ 189300241080109303238389050296192545921 ],, [ 7670597076713107 ],,,, 
  [ 51195716541594338682259297 ],, [ 3480681553, 2600356553381771076877 ],, 
  [ 6853865437, 42578904939437, 737889052246125653 ],, 
  [ 2205745081, 13936473937, 14040761352329592927470949188329 ],, 
  [ 4033739431, 4946073464180313115171, 17577929817821998078081 ],,,,,, 
  [ 1433834716246241, 972340862948919758487073 ],, 
  [ 163980265141955058785218303 ],, 
  [ 13320667451079709556284314505939518464058829124241182656201 ],,,, 
  [ 1382620500953, 251363998687313 ],, [ 3503952151469158069 ],, 
  [ 61156087357, 1314850665445414189361 ], [ 1307683441, 7028829109 ],,, 
  [ 118488977281, 466991423033857, 35961881553396487070376961 ],,, 
  [ 388906670101 ], [ 2417149421, 170139290777 ],, 
  [ 3978379747, 12162689641656577 ],, [ 725775796187087938496801 ],,,, 
  [ 1615300153 ],,,, [ 26638747641377 ],,,,,,,, [ 18697139165838489841 ],, 
  [ 1335730909, 26368673743 ],, [ 12486938892041021, 19952483346082981 ],,,, 
  [ 114420145729, 687804323902377091458721 ], [ 23901669901, 2700065313901 ],,
  , [ 17606432270761 ],,, [ 4278480823, 14316943410477709 ], [ 3781926718177 ]
   ,, [ 2416095163 ],,,, [ 3656771231, 14244363071 ],, 
  [ 14314653511635160561 ],, [ 65193858518518027 ],,,, 
  [ 12516416533, 12160877383861, 36032600431259665533409, 
      561743463321001827182467 ],,,, [ 78045984306145164251 ],, 
  [ 23938204501 ],,,,,,,, [ 1046049421, 58669004941, 3969971591749790621801 ],
  ,,,,, [ 8611386834759600587473 ],,,, 
  [ 5867876765992411, 340725556635891573907261 ],,,,,, [ 18757062673 ],,,, 
  [ 190066225171652201 ],, [ 1474668523 ],,,,,, [ 10945592353 ],,,,,, 
  [ 64421939737, 1586904953391989445523 ],,,,,, 
  [ 4224915301, 45681844801, 1984577109701923201 ],,,,,, [ 634637570023 ],, 
  [ 7549628857, 348158498039751169 ],,,, [ 83106076761241 ],,,,,, 
  [ 192365764226569 ],,,,,,,,,,,,,,,,,,,,,,,, [ 81968354463889 ],,,,,,,,,,,,,,
  ,,,,,,,,,, [ 347463159878173 ],,,,,,,,,,,,,,,,,, 
  [ 81936592897, 6929861622382440961 ],,,,,, [ 5787108991 ],,,,,,,,,,,,,,,,,, 
  [ 2230462153 ],,,,,,,,,,,,,,,,,,,,,,,,,,,,,,,,,,,,,,,,,, 
  [ 19764883815401251 ],,,,,,,,,,,,,,,,,,,,,,,,,,,,,, [ 620179387730401 ] ];
