BRENTFACTORS[672]:=[ ,,,,,,,,,,,,,,,, [ 50276519085347 ],,,,,, 
  [ 649530378600008951 ],, [ 286753472324458301 ], [ 70875079081 ], 
  [ 1735588240450926949 ],,, [ 2375801521 ], [ 716328464270694391 ],, 
  [ 4049190289 ],, [ 10298651908231 ],, 
  [ 1684077769936490041, 6798116635033786371600689 ], 
  [ 9100599709, 16101854723 ],,, [ 2095842328268977373024512676693 ],,, 
  [ 2781820560545383897 ],, [ 1116813215756107 ],, [ 14749167553 ], 
  [ 2802876621553380079, 1294742061066070028987 ],, 
  [ 6153345433, 88975300129, 2634184244557655742269371 ],, 
  [ 179471047753, 13132277099707, 5206571540084561, 10233559840504486751, 
      10617699432974514269072081, 187100122311568259312895661 ], 
  [ 4367413841779 ], [ 907510694993719790381 ],,,, [ 8883510265139547097 ], 
  [ 1805917830318001 ], [ 415599174945211 ], [ 20074537096987 ],, 
  [ 5281923410467141763029147716576443713 ], 
  [ 1964795967161, 142425043692751 ],, 
  [ 2560118674580359, 5534999687816072620555125680385937 ], 
  [ 1027163869, 1227147400858039433, 45896038214924889857 ], 
  [ 430163552292841093, 3057628432394567406504300041469048225988211767303 ], 
  [ 66154622442721, 1031672731807685017751 ], 
  [ 16399738172684528089, 165215572933792259386159 ],, 
  [ 12412034165951731, 85924143587626724121471163780813, 
      2048502558537246892815282762511457 ],, 
  [ 5481547096951, 119461321768975088014259929332299411101 ], 
  [ 75516628841764979131254827257, 1418805783105622313527024035479713817 ], 
  [ 1356061200717291403259 ],, [ 2529475846811660529463 ], 
  [ 22617165272622911681, 33978452219300323121, 315052333221829687071521 ], 
  [ 4602519463141 ], 
  [ 11917597019, 17848121400099975485573, 1002659915155670285172649 ], 
  [ 1112001133, 6909921813985822847, 65613628150534289333, 
      613952128267367991041 ], [ 9837073328435053 ], 
  [ 12307142521, 550444323281, 67626932762421018491 ], 
  [ 633002676641, 25794483420555773756702958451132964737 ], 
  [ 18216478471, 5661225926369923969027 ], 
  [ 1317835682503990295801, 216969963880484783968162417 ], 
  [ 131811668399, 74765072490743, 3378945139479644664077 ], 
  [ 9147414901088071, 31921724515272211 ],, [ 482010649916908666612356437 ],, 
  [ 243274093757, 234149475688812701361823 ], [ 1872901240019531690311170301 ]
    , [ 6699564005416129, 53326156801512481, 49748487633564550508622337 ], 
  [ 4387180409 ], [ 52502715217, 2959635731238150616690995912886300217779 ],,
  , [ 270819153530327, 7431706153387441 ], [ 2848036453, 6754226720623999063 ]
   ,,, [ 174976094391001, 107496478610627719961041 ], 
  [ 4922504400515859246589 ],, [ 3365277938884934152378009881262188492853 ],, 
  [ 73026629822294932104751, 116096992537585663742783371181401 ], 
  [ 10784897991098641045087 ], [ 342132541633, 119949899840061189221310737 ],,
  ,, [ 1645038609169301, 13637340494706761044548646859164995397 ],,, 
  [ 14082979944674869901, 413048756895577009327 ], 
  [ 11221792253121772184641 ], 
  [ 535140729554839, 16943076214157501, 242590009288281284000141 ], 
  [ 55027634136779 ], [ 648442396198771 ], [ 5039070833 ], 
  [ 3883178310001, 1900689897610213369980251 ],, [ 2216792120129 ], 
  [ 64532761762143177489281, 9709903569728033333884801 ], [ 3109209683851 ], 
  [ 824529939855714488415906641 ],, 
  [ 107888415772369, 48406950628054123426458195668193379357 ],, 
  [ 7691253419249293511 ], [ 6491879972198968069981 ], 
  [ 33380841138749695920135361 ],, [ 1764089040271, 54448960979809553314537 ],
  , [ 748761838419939121, 10020214939106124264611083741 ],,,, 
  [ 5628293792820271811360423377 ],,, [ 1240767918498563281 ],,, 
  [ 26959701751 ],, [ 245677333849, 114474366387697 ],, 
  [ 281006557151901075566303 ], [ 812345589570219311 ], 
  [ 99443074124941, 8431873987327958701 ],,,,,,,, 
  [ 7465526821, 11583976849500157, 17506009793068549 ], [ 18532161287641 ], 
  [ 9791987749 ],, [ 1197710444546443806721 ],, [ 41676632321551 ],,,, 
  [ 43103818531, 175599440817809542507, 4354900912426581939380449 ], 
  [ 1353759099001, 46734258791501 ],, [ 26053293751, 55516789730791 ], 
  [ 2167434147175219156174397 ],, 
  [ 31510125721, 34977018815149922759058841, 312605823850538755517297872684471\
08001 ],, [ 8860778473 ],,,, [ 195228086821 ],, [ 193333075873537096313 ],,,, 
  [ 1452378749847160321 ],, [ 45847121587, 4354438893057667524281 ],,,, 
  [ 97877878957, 8903004862518465666800779 ],,,, 
  [ 39897049720444578992843454393523 ],, [ 358354060783720312343257 ],,,, 
  [ 5775915295697, 2973127804821617 ],,,, [ 18768895513, 914842459229 ],,,,,,,
  , [ 86163918331466027430841 ],, [ 24985801189, 34555505778565117 ],, 
  [ 2594813761, 12205207238753446569569 ], [ 340232878959301 ],,, 
  [ 8706028381 ],, [ 5428080731, 3969829447313771, 413818887003656764601 ],,,,
  ,, [ 3932393897 ],, [ 9318002737, 2919062065643965753 ],, 
  [ 184919687070721, 25942000075047841 ],,,, [ 3602745889 ],, [ 115908462799 ]
   ,,,, [ 5714005001 ],, 
  [ 45521787421737165334280214005389, 60096401494224607218207444574933, 
      13402564774358455533443233546168091915300909471172112683545356218217 ],
  , [ 146399358713 ],,,, 
  [ 111079871347, 47562945220030399, 10121405194834245644461 ],,,,,, 
  [ 5181016537498926697 ],,,,,, [ 63376244248084278130256671 ],, 
  [ 1992887169137 ], [ 1085926297, 1611719929 ],,, 
  [ 32089982764897, 21900826381714981 ],,,,,,,,,,,, 
  [ 4155165014843124920161, 170940501059767599307393 ],,,,,, 
  [ 22419352283203, 26513340597577 ],,,,,, [ 2500187383201 ],,,,,,,,,, 
  [ 25206348931 ],, [ 7035868633 ],,,,,,,,,,,, [ 9734083633 ],,,,,,,,,,,,,,,,,
  ,,,,,,, [ 38901839113, 113737179604105615777 ],,,,,,,,,,,, 
  [ 12185798660430121 ],,,,,, [ 2787179671 ],,,,,,,,,,,,,,,,,,,,,,,,,,,,,, 
  [ 455730369733 ],,,,,,,,,,,, [ 2923978921 ],,,,,,,,,,,, 
  [ 289300047961, 311714771921701 ],,,,,,,,,,,,,,,,,,,,,,,,,,,,,,,,,,,,,,,,,, 
  [ 320875618603 ],,,,,,,,,,,,,,,,,,,,,,,,,,,,,,,,,,,,,,,,,,,,,,,,,,,,,,,,,,,,
  ,,,,,,,,,,,,,,,,,,,,,,,, [ 47403235153 ] ];
