BRENTFACTORS[696]:=[ ,,,,,,,,,,,,,,, [ 125893290433 ], [ 2006543290004317 ],, 
  [ 2020107269471119 ],,, [ 6296250797 ], [ 34867277084876503 ],, 
  [ 148854902899353901 ],, [ 1180092449812789 ],, 
  [ 9764270057352557393927011243 ], [ 10444175761 ],,, 
  [ 127584703465243271541097 ], [ 19948647560161 ], [ 1561963330831 ],, 
  [ 26854785021195271883 ],, [ 127481806609, 1650597988391825617 ],,,, 
  [ 394682635845907261, 76289963287585815918001139 ],, [ 2517799035151 ], 
  [ 41041463920345116803 ], [ 142718806880413843592934075806197 ],,, 
  [ 11038221301, 222328116713501, 484915257064451 ], 
  [ 232202650160783378322952913213185160821369 ],,,, 
  [ 5091520361188177183388954403422069641194828308671 ], [ 38870884249 ], 
  [ 9325799558780375848357140875011 ], [ 1226456695859, 84441148650877537 ], 
  [ 3647806781693, 89196213159007 ], [ 9301093561 ],, [ 925792924033 ],, 
  [ 13485706753 ], [ 38337102753192882731, 9318516539627553364541891 ], 
  [ 61845423119609581 ], [ 195401923139, 1917098871814332500834681 ], 
  [ 72706429839089, 154937453636067041 ], 
  [ 200153003710496057187523, 346481434381468447208204177217925447 ], 
  [ 239685762996293741 ], 
  [ 65259404895629387, 6244161862261592887, 1186562244159186912244169 ], 
  [ 1977063185233 ], [ 594481200923759 ], 
  [ 1406238386595061582194659939364774833 ], 
  [ 4611999756202471951, 1097389401078694531351 ], 
  [ 40685043631675360152928836011641 ], [ 17151772952777, 881546621278709 ], 
  [ 1639940719, 141804150853, 44479255661960029 ],, 
  [ 233594672321, 2498228390664457739041524788101660721 ], 
  [ 8322518709825913, 58582463723754017182867 ], [ 4894455331066246096939201 ]
   ,, [ 153322692769, 625485672207333757 ],, 
  [ 101403561041380337494325569, 39233090021077696414269299091739320437 ], 
  [ 1116251048434454161, 239411001571256913217, 239513768198445912193428379, 
      148145661811018707560115989984354616071113 ], [ 6631738609 ], 
  [ 3085464461, 5982669165863211458875019 ],,,, 
  [ 29117898192571, 26258923395479034859666338600127 ], 
  [ 616190416519, 1271715393204072087275631013, 
      242513251354937128547170181046611 ], [ 6966542539480545134090521 ], 
  [ 426453691630605829706881 ],, 
  [ 10895482215753367, 3933560995165819562356237409526859 ], [ 1975097323 ], 
  [ 4130767461165629708895857401 ],, 
  [ 137351862883, 32549047814334064963, 1688982416679184957531 ], 
  [ 73753983889 ], [ 46215576328892102200031004314104271390870446080014761 ], 
  [ 3286782825727034412661, 
      10676010370866457039363283499601071324278188686282751 ], 
  [ 35252211287, 1732032741227, 19454041536537203 ],, [ 460291825261 ],, 
  [ 1275561211, 1470924841, 260266796845132707828752969711011 ],, 
  [ 3070154179698239092363650593 ],, [ 8195136772484575726924478281 ],, 
  [ 428171700365797 ], [ 5907991753 ], [ 444604934307649 ], 
  [ 1475988179, 1605674617, 387175526765361589289651, 
      17972778609227150301183599 ], 
  [ 4968324241, 1514824506374742481, 4901295902480784721 ],,,, 
  [ 47567435401 ], [ 904053135947501 ], 
  [ 7316379263672893, 202886663774265861922523713688819623 ],, 
  [ 668207038579266215297, 66183023661596384867374849 ],, 
  [ 75241560161, 554732441251, 9097600641682411, 
      582486617687792939868878348491 ],, 
  [ 29926592053953409, 18950082653397956562658952797 ], [ 15990227443 ],, 
  [ 1921705466993843581, 11312754453290514691 ], [ 130123151953 ],, 
  [ 499127199973651, 8936432733950096371, 
      103440616382736580802655273079079964481 ],, 
  [ 19046706064961, 5558997771392636167007085641 ], [ 2544640633009 ], 
  [ 6305711641, 9303713161844956930667 ], [ 36727022333, 48496741124928097 ], 
  [ 997600311868177 ],, [ 115481838267961968943084991 ], 
  [ 1865420593, 222935256979 ], [ 126274303510735990753417 ],, 
  [ 3269210401, 1231156893525887261510701 ],,,, [ 3059520367924821213885319 ],
  [ 1464168633295231 ], 
  [ 38515186918000450334992337413, 80103499862419602350772325407164977 ],,,,,,
  ,, [ 100686648721, 26097862140869, 413995137858297756699239281 ],,,,,,,,,, 
  [ 7209562829767009 ],, [ 408240956993, 1542346154926611672881 ], 
  [ 285146808370243, 302504804407891 ], 
  [ 2911767967, 443011099913, 15569068214099047 ],, 
  [ 5871149551750339853461, 19526473112746847928481, 
      18497522945650489841463276298151341 ],,,, [ 84855114769 ],, 
  [ 10182676579, 88248259484839 ],, [ 5464270573 ], [ 9116468681468149 ], 
  [ 146735303132687265781 ],, [ 1454655041857, 58068281904183409189633 ],, 
  [ 27024492559438853371, 574284177776298965040397 ], [ 7119325981 ], 
  [ 1009351194312473713 ],, 
  [ 1055814407209, 1525052184757399, 136161852248933083 ],,,,,,,, 
  [ 123112906716589 ],,,, [ 129013628533450291 ],,,,,, 
  [ 439782969758679422787337201 ],,,, [ 37695174001, 178666429261 ],, 
  [ 264073803820483, 16052959217376575544295741 ],, 
  [ 2127120946273, 3680958250369, 2088788543440827367553 ], [ 590877012601 ], 
  [ 225836958629 ],, [ 1762672535434337677, 13302298268246978521 ],,, 
  [ 1105881406993903 ], [ 230859675689 ],,,, [ 5879660907817, 21113052228269 ]
   ,,,,,, [ 10123383891168923 ],, [ 1518730055221 ],, [ 31924560949 ],,,,,, 
  [ 2160125101, 3925547634274642292617 ],,, [ 1142572891, 10043901087511 ],,, 
  [ 96108873097, 178990684237 ],, [ 5514975181, 10349275086541 ],,,, 
  [ 1451391481, 2440392794929, 803658374240569 ],, [ 517596376109 ],,,, 
  [ 1034309751908933506865840411491 ],, [ 3215196006609947030417 ],,,,,,,, 
  [ 1565391098549321 ],, [ 2451919783, 2767527979 ],,,,,, 
  [ 81060674418954347617 ],, [ 77340975511 ],,,, [ 571992962576966296801 ],,,,
  ,,,,,,,,,,,,,,,,,,,,,,,,,, [ 1549445113 ],,,,,, 
  [ 2756331830749179541, 36479387406129844441 ],,,,,,,,,,,, 
  [ 132225544117, 1845563190859 ],,,,,, [ 49489211197 ],, 
  [ 203338620101, 696857002452101 ],,,, [ 130871453927590741 ],,,,,, 
  [ 66128688001 ],,,,,, [ 1592840391283 ],,,,,, [ 10729701649 ],,,,,, 
  [ 38660360509, 1857624518863 ],,,,,, [ 12473131393 ],,,,,, 
  [ 1440756516811, 293255606810131681 ],,,,,,,,,,,,,,,,,,,,,,,,,,,,,, 
  [ 658317479064841 ],,,,,,,,,,,,,,,,,,,,,,,,,,,,,, [ 1767447901 ],,,,,,,,,,,,
  ,,,,,,,,,,,,,,,,,, [ 22564399201 ],,,,,,,,,,,,,,,,,,,,,,,,,,,,,, 
  [ 8045523361 ] ];
