BRENTFACTORS[1451]:=[ ,,,,,,,,,, [ 323775374033 ],,,,,, [ 5636844017647303 ],,
  ,,,, [ 342868544814944752995460871701 ],,,,,, 
  [ 33835945720537, 173759657075154417113129662543399 ],, 
  [ 13574532939479, 12220002081716999, 33065633396073104346259817443 ],, 
  [ 2430345771613 ],,,, [ 55782694579, 204482047763789429025497716711 ],,,, 
  [ 131386610599 ],, 
  [ 145386110707, 152303600447955520150199046157501, 1875946333358745539319661\
237107955028119907723671644762604359113 ],,,,,,,,,, [ 2031773797169953 ],,,,,,
  ,, [ 2013368197, 16629016387 ],,,,, [ 408139983753349 ], [ 28161379625497 ],
  ,,, [ 4584420872336729701 ],, [ 32630906123 ],,,,,, 
  [ 7955219399684704787517017137 ],,,,,,,,,, 
  [ 1045346119, 5741208539429186609 ],,,,,,,,,,,, 
  [ 10326787213153, 39123837472680281 ],,,,,,,, 
  [ 4129819033, 6129139822501745944033, 170458351513307157183450979 ],,,,,,,,,
  ,,,,,,,,,,,,,,,,,,, [ 17648531664189482773 ],, 
  [ 148174042478223227970074447 ],,,,,,,,,,,,,,,,,, [ 1070713967831 ],,,,,,,, 
  [ 132626348251 ],,,,,,,, [ 1070039947 ],,,,,,,,,,,,,,,,,,,,,,,, 
  [ 61537507399 ],, [ 3319676403031 ],,,,,,,,,,,,,,,,,,,,,,,,,,,,,,,,,, 
  [ 205020315229 ] ];
