BRENTFACTORS[209]:=[ ,,,,,,,,,,,, [ 47981735933, 5377086162709 ],,,, 
  [ 429567247337 ],, [ 1312771067, 55950527249 ],,,, [ 8324840434816121 ],, 
  [ 43856300884981716705001 ],,, [ 2574099641 ],,,,, [ 4941190497343 ],,, 
  [ 26989074577 ], [ 2163989549, 17658550560572197 ], [ 67135727337071 ], 
  [ 1815405931, 3699188085054463 ], [ 1444489601 ], 
  [ 28021191619, 89877230371, 314143428763606350857349592478783 ], 
  [ 8660069270581 ], [ 567435347239, 2358607518192420362009034755049989 ], 
  [ 114834725724709 ], [ 14437795254489361 ],, [ 647424599774723692610749 ], 
  [ 173998872141553 ], [ 1410123714217 ],, [ 12999462401021775103099 ], 
  [ 5535099397687393 ],, [ 48953327443972741 ], 
  [ 623265653561, 1964820805317473938997251 ], [ 2683120999427294273 ], 
  [ 7025961877085077, 23131247776361303382420942142591 ],,, [ 381501843781 ], 
  [ 543703313759, 171039887784942812093258045233523 ], 
  [ 149616654861077, 4276410221694607172777 ], [ 12907096351233878918652067 ],
  [ 64659949384944729509638213697 ], 
  [ 309886867811872781, 119748421708480535621792831 ], 
  [ 690986948889897506221 ], [ 12943815091 ], [ 1819355403361678649 ], 
  [ 29902904671, 90024603274843849 ],, [ 19691507639 ],, 
  [ 8177615053, 199456490663 ], [ 4835925277069 ], 
  [ 640153699880033951946001, 340834426492673514547880070451 ], 
  [ 20113833581, 11876127069361 ], 
  [ 128750198178228859, 25319231765473151507 ],, 
  [ 72145794671644787540848345951 ], 
  [ 11959222808169841, 1707694799055488486509921 ], 
  [ 2131625323, 61797119657346883 ], [ 269590644585180815383663861355240303 ],
  [ 35589015893, 1225092723589543151451473 ],,, 
  [ 151085544073, 177161680699 ], [ 3492454090411327 ], [ 35102516329 ], 
  [ 3405070162889041 ], [ 3201670031131801 ], [ 30278172107 ], 
  [ 159677247824765746349, 427142574869610342053, 1338284793392688833589977 ],
  [ 1221096909074655764029, 22272655406126053834106503, 
      2692527963488060934821288200999 ], 
  [ 197348526259, 19473734748420912977666345707321170873617171 ],, 
  [ 294502598148308833 ],, [ 553075808026277304489496994234704399998817021 ], 
  [ 26128145143 ],, [ 22401790507 ],,, 
  [ 5375700088513, 44720934086699308833097 ], 
  [ 1131256446833175483113327877853081 ], 
  [ 150289505969, 917267440326032933, 3645350090899177239151973 ],, 
  [ 883152348846598863359029 ],, [ 20577247592083008531926651 ], 
  [ 1591988641, 12233178254989, 223044205392691, 80685629299497276643 ], 
  [ 36763709536687003882775511329, 709478646825887644982852881454049588577 ],,
  , [ 1736045463421, 12080567781055601, 152944915928214003880051 ], 
  [ 133309297931889697059487781 ], [ 528721659181 ], [ 12147583751 ], 
  [ 42541860610851825329 ],,,, [ 70234919047 ], [ 7803422069609 ], 
  [ 34666178501 ], [ 16319654191, 247828099880236454713 ],, 
  [ 3630548140076099329 ], [ 10279545615737671051 ],,, 
  [ 144222454358380678075022790839629 ],,, [ 763190517001801355641 ], 
  [ 67465044817, 53322757418849, 242454924996113 ],,,,, [ 12310542261282547 ],
  , [ 1539376055647 ], [ 11406345238513, 390328600796209 ],,,,,, 
  [ 122592581926501, 1540984561871050651, 2683053618882129283913851 ],,, 
  [ 33520542031, 1717355605021957 ], [ 335558766467 ], [ 273136002429012461 ],
  [ 6020818129, 31430714017, 459351859054110180174206706049 ],, 
  [ 5447758157 ], [ 1688756809 ],,, 
  [ 1171563224149, 51994595882842919660175940097299 ],, [ 683942620300729 ], 
  [ 50089225774364534341 ], 
  [ 1143772372053919, 2121072596913284429, 801054974120983870733 ],, 
  [ 2560141921, 3759781062690594784699040381407597293227699617 ],, 
  [ 12728299606510467084536340778091 ],, 
  [ 288381225548033, 5015750311057621447189 ],,,, 
  [ 204294949954129, 385017963816890580471736673 ], [ 5767810501 ],,, 
  [ 16274198341, 105842919233038501 ],,,,,,,, 
  [ 26601996751618877, 61137562648056131771713 ], [ 3694178881 ], 
  [ 92996400031 ],, [ 178844897602096129 ],,, [ 24711128131 ],,, 
  [ 161163585665479 ],,,,,,,,,, 
  [ 166168915946801, 39021453562311033748954241 ], [ 1065939442542283 ], 
  [ 1075502962242293891858161, 1591348226263541392404559874731 ],,,,,, 
  [ 31397455298505921668209 ],, [ 5392054760483 ],,,, 
  [ 476422988452771, 59586881843871757, 661187463195850309 ],,, 
  [ 1084246651 ],,, [ 4401295813 ],,,, [ 6392945369, 13179230033 ],, 
  [ 4900064599 ],,,, 
  [ 34683452733049, 91707666998809261, 3397263911679267566329 ],, 
  [ 24647110801 ],, [ 111002957695364087 ],, 
  [ 4806783026141, 739265100105409 ],, [ 1099967076171517 ],,,, 
  [ 1326158804501, 181376317856925312371501, 872616906094247192098001, 
      5109097488190438747362798001 ],, 
  [ 2018069929, 150372013681, 36896022956427026462533, 
      74382022505228880639021301 ],,,,,, 
  [ 11905984470283, 24353312611141207, 8096554215299718434053 ],, 
  [ 1913231321 ],,,, [ 1650316273, 754604170849, 594722509306240226247601 ],, 
  [ 55251819744493 ],,,,,,,,,,,,,, [ 1507273006919401 ],, [ 8770915055839 ],,,
  ,,, [ 14142379681, 18008378617714438936897, 7906302467767636196758561 ],,,,,
  , [ 1447083805449773438767 ],,,,,, [ 1596477601 ],,,,,, 
  [ 17543822500633771 ],, [ 25347076821221, 47789577336733 ],,,, 
  [ 108983320832257 ],,,,,,,,,,,, [ 27725707081 ],,,,,, [ 15988913092681 ],,,,
  ,,,,,, [ 2405637756743632921 ],, [ 4133667417571 ],,,,,,,, [ 36577808051 ],,
  ,,,,,,,, [ 38118960754201 ],,,,,,,,,,,, [ 109975490137 ],,,,,,,,,,,,,,,,,,,,
  ,,,,,,,,,,,,,,,,,,,,,,,,,,,,,,,,,,,,,,,,,,,,,,,,,,,,,,,,,,,,,,,,,,,,,, 
  [ 3464737123 ],,,,,,,,,,,,,,,,,,,,,,,,,,,,,,,,,,,,,,,,,,,,,,,,,,,,,,,,,,,,,,
  ,,,,,,,,,,,,,,,,,,,,,,,,,,,,,,,,,,,,,,,,,,,,,,,,,,,,,,,,,,,,,,,,,,,,,,,,,,,,
  ,,,,,,,,,,,, [ 198748142139493 ] ];
