BRENTFACTORS[578]:=[ ,,,,,,,,,,,,,,,,,, [ 452989144177 ],, [ 10206147972721 ],
  , [ 3907176026713711 ],, [ 399626534683274201 ], [ 16869553995529 ],,,,,,, 
  [ 96029373529 ], [ 34914305017531 ],, [ 5315421277 ], [ 1064215609 ], 
  [ 47059234740779 ], [ 302241171826071543664078897 ], [ 90081729041 ],,,, 
  [ 3924151339502952447924170797 ],, [ 2028593009 ], 
  [ 58661131303775320652937035154669276494723906807 ],, 
  [ 726738872038234850888039749865166729209634674604449 ],, 
  [ 47473337083444609 ], [ 15222494310695237946850133 ], 
  [ 16885122767, 575806610378561 ], [ 6209393257 ], 
  [ 99605571774391, 3752163424346041, 345191838218632546241, 
      60738134428362601212889715401 ],, 
  [ 283520164682617, 30822780485769826778009485031809 ], 
  [ 24334037605670713, 32726055790610129 ], 
  [ 5310662807, 244082034951438185523538376791 ],, 
  [ 187174904417, 470064975689, 34434245112891333751 ],, [ 558027546679 ], 
  [ 18573188924073090029090561 ], [ 5470677551 ],, 
  [ 12037600136561, 1149426815049977449471016359140023 ], 
  [ 2603712317, 8467371629, 42255207399149 ], [ 142911398027089 ], 
  [ 59242060571 ], [ 4720400921, 174657514007 ], 
  [ 5177635711361137, 21130654475818513 ], 
  [ 7434350813447, 913119704181449, 1212654437700852607587857 ], 
  [ 495040908426143583221259148075849359379 ], [ 74580803470801 ], 
  [ 7025075201, 17254047890207119337 ], 
  [ 4592661426004483561577, 14278873829554921498297, 
      2040784491529636270012478320880983 ],,, [ 13402609075841 ], 
  [ 303335748918992809 ], 
  [ 7459795513, 127744770347, 45525601181257, 6477009196752932291 ], 
  [ 616649389084196364594494780377 ], [ 57023096684233, 2379499654659793 ],, 
  [ 1285952224241, 7073739124094179, 81002713076130299, 
      243449020354339766320826566753 ], [ 176715935377, 473045725183 ], 
  [ 1284186548657, 33839982740609 ], [ 709960954135057 ], 
  [ 1150449931, 207399570187133747881 ], [ 62512886801, 1738110675584901073 ],
  [ 6330719994553920689, 442217235049127449872501382541149 ], 
  [ 376861410391, 273482623350890689 ], 
  [ 1941031101172313, 22528974884774929, 5310659156650776969669626302105321 ],
  , [ 22717554817 ], [ 1324501552849, 145727646951564935311 ], 
  [ 33190333757939 ], [ 111031729985193145642913474432249839 ], 
  [ 357443692716601, 135617673139846782813127301 ], 
  [ 1861293449, 7676489364857452441 ], 
  [ 9679557948855926013632146250526434267659 ],, 
  [ 392849084950733929522577, 254144660228931471197627860149296538943009 ], 
  [ 532999973521, 4187006369772578824794559701896041, 
      17018930122486423486156003414856890226191 ], [ 2959877502809 ], 
  [ 27876111843761033, 187154990330510551 ], 
  [ 28187769529, 81397641757214685431399257 ], [ 55874936501497 ], 
  [ 144819115874555321 ],, [ 3344688752257689152462484577 ], 
  [ 2381810159, 28237514857 ], [ 2886111676603 ],, 
  [ 17250010065469, 47921724164692673, 1909000907313701640433097, 
      6178049050454032044162624183864635988457 ], 
  [ 9436280057859184995583, 3319692837107094309961081009 ],,, 
  [ 24538700763393943034257441 ],, 
  [ 4331129548873, 47692182228291858317233729 ], [ 193760377189056553 ], 
  [ 4477126764780581, 43951835191535962959739921, 
      1739359987095425259589993741864858754900615689931686754513 ],, 
  [ 12060554912956369 ],, [ 3383289627966647297 ], 
  [ 1582013431, 363293874988999, 1432509605904745615657 ], 
  [ 10617580481, 88599668514461132518361, 264828197174813661552973811 ],, 
  [ 13365514537, 914789775081224461, 43631785494754418677 ],,, 
  [ 293417341427548666748695241431, 63165805978344375132651112239241 ], 
  [ 47257855553, 6249706096560460786001 ],, 
  [ 2866754041, 1060501855867, 106219006095642291370824661171 ],, 
  [ 36356698552301, 1260235008472441, 44747095966774603478251395293498272121 ]
   ,,,,, [ 11077648815511 ], [ 3418929095099904580445011 ], 
  [ 566971020282871 ], 
  [ 215083948218757, 539670641728335429945114077, 3390667968960887446758867857\
57, 283552378354826195692382632395827827040267585573 ],, 
  [ 575621295201451, 90823465501745401 ],, [ 998112165193583388303046964977 ],
  [ 31863336913, 2317171708566401329, 8760212386985374561, 
      25444322551110061153 ], [ 359697314593 ], [ 5337329521 ], 
  [ 3092583442518932350264051171914657649618161769 ],, [ 658710279833 ], 
  [ 4484294454851143 ], [ 2349419201, 16394588813855953601 ],,,, 
  [ 1631111857, 29941431709193677760312002942627282974072461, 
      12942827192562061786103716571405257755315248295542693375994832561 ],, 
  [ 4134553369 ],, [ 10104913057, 149943506833 ],,, [ 53027191999 ], 
  [ 18843476341, 1594426176877, 27651343134673, 382522269568410269, 
      67875433579484560523591413, 
      17962357114231936042042238011805387052174567220509401380056444429401 ],
  , [ 60101792923 ], [ 22291864351 ], [ 1265149771045503080706497 ],, 
  [ 145668897616245889 ],, 
  [ 53346434941, 25040382606541, 162716407108561, 369763046077861, 
      1904820668543289903972475620742201 ],, [ 90115972965019 ], 
  [ 1015117638727 ], [ 1827337121, 52481786974935601 ],,,, 
  [ 62493552257, 73614490731860307497 ],,,, [ 2639695268381687041 ],, 
  [ 526347466963, 502676586902815479189443 ], 
  [ 6111254761, 182963676044031871 ], 
  [ 14386674191849, 3014628437556978688810172941752321017, 
      174655225297023757075795837769999677391615610233, 
      12596910707895898843174455845304579630921352384949 ],, 
  [ 40982532184171664527727854269307 ],, [ 78239656272222492001 ],,,, 
  [ 1354827241, 742704315138294613073041, 47280362742413721584564405413, 
      587948147973909972387311471412864062689 ],, [ 20679719323 ],, 
  [ 109096414753 ],, [ 16989081188038630620996388338016347660688912201 ],, 
  [ 3980152237, 419690801293, 625083076537 ],,,, [ 2384877988369 ],, 
  [ 104036231855042524787 ],, 
  [ 130329472681, 60293419114501, 13734204637494661, 8115638898647897253341, 
      20172959725787896123097757499543947652977525174648891101 ],,,,,, 
  [ 1426528315393 ],, [ 991366145140002157 ],,, [ 9743489683159 ],,, 
  [ 318677392923693413849199091 ],, [ 430369927237036669 ],,,,,,,, 
  [ 2147904917, 85992388081, 5222591555894261 ],, [ 1043519069011 ],,,, 
  [ 1237030001, 2664919001, 68094235193189251 ],, 
  [ 46631123556949, 6502817185257370573, 59311734460323321373193199904182109, 
      1888334653432682044850876502093375321889, 
      1871549001064783336969026309004889522757460552183846933072857483148681 ]
   ,,,,,, [ 41347031356213537 ],, [ 63310766741, 128713387661 ],,,,,, 
  [ 1574166721 ],,,,,, [ 50405387116505404481 ],,,, 
  [ 21132246913, 39166356833101, 52022162409337, 6821129086056697, 
      31122104286391795956976776366852064940316956672527130451225130148557 ],,
  ,,,, [ 49542197114856316788979 ],,,,,,,, [ 2991964959211 ],,,,,,,,,, 
  [ 2629062153814630508337864571275222601, 
      62829108117829585216411330041084702154869928986906827401 ],,,,,, 
  [ 2212982823251251 ],, [ 791610151514953 ],,,,,,,,,,,,,,,,,,,,,, 
  [ 273096453201331 ],,,,,, [ 209171943576961 ],,,, 
  [ 20398627421, 83611055461 ],,,,,,,,,, [ 59376899401, 2494492286564251 ],,,
  , [ 29055372649273, 440366707492110403 ],,,,,,,,,,,,,,,,,, 
  [ 8310758629, 105148953073, 145039084502317 ],,,,,,,,,,,,,,,,,,,,,,,, 
  [ 17253141049, 74649954061, 4911556102597 ],,,,,,,,,,,,,,,,,,,,,,,, 
  [ 3709149781, 7983993259201, 1939053043475101 ],,,,,,,,,,,,,,,,,,,,,,,,,,,,,
  , [ 20714707865057851 ],,,,,,,,,,,, [ 793543564535107 ],,,,,,,,,,,,,,,,,, 
  [ 1356472321 ],,,,,,,,,,,,,,,,,,,,,,,,,,,,,, [ 9186884491, 3210388032961 ] 
 ];
