BRENTFACTORS[897]:=[ ,,,,,,,,,,,, [ 29436739307 ],,,, 
  [ 1130164409359, 31532311499233 ],, [ 197346025198049552327 ],,, 
  [ 1551665963 ], [ 32220727969, 69334376731495181 ],,,, [ 102715835293 ], 
  [ 37908314102317 ], [ 94697227040192571466561 ],, 
  [ 1515718163806541, 11133306327361289 ], [ 13170447494680961 ], 
  [ 1227413749 ],, [ 1137368589001 ],, 
  [ 8037403116991, 36219546215243, 1530784950901017956561 ],, [ 2712931183 ], 
  [ 12835022848841 ], [ 5960734949612326759, 86143147676416058832362267 ],, 
  [ 8987860619201, 29995766612826276964390404683557147, 
      36799064134974617917029872188216219 ], [ 1545497856898080543481 ],, 
  [ 31298443676243663067007 ], 
  [ 303113156701, 785099140657879, 6296680178951231, 
      12039732338207197140418337, 4433231569278529746088016155127 ], 
  [ 3451345597411681 ],, [ 1134760951 ], [ 5158571929058221 ], 
  [ 3615698217340732381 ], [ 2592345498187977322422965205329 ], 
  [ 2876649069997 ], 
  [ 254748191171, 91848384489977281, 564581795832441893045729478860468921 ],, 
  [ 11562926396589187 ],, [ 17292833910422865121 ],, [ 103329621844158499 ], 
  [ 791186416423658106360939701 ], 
  [ 1160293429, 3984560119, 10610037271, 7202351085679, 
      10271492217802730561436467749 ], 
  [ 23887240711489, 289575001135297, 1701708882009394523410433 ], 
  [ 5011676671, 376726630151, 3846148824562568235655878254711 ],,, 
  [ 388440504195272033, 2835374879449924957, 1087245481311667108574669 ], 
  [ 1565287117693089828086844994043727899048682487007152531 ], 
  [ 141608258655431 ],, [ 114549380872564725649 ],, [ 7372993246973 ], 
  [ 7087372360784779951 ], [ 3405460948884835117510602422281 ], 
  [ 898707814159, 3809503287548827164143 ], [ 12768757627701555278137 ], 
  [ 12778666489, 125531044131613, 320990730580167275440523 ], 
  [ 259158535045874669004204260020414801 ], 
  [ 1168610000134695829796620507238209 ], 
  [ 36002444659859, 31365552199712389, 227254107880161613 ],,, 
  [ 157864858978571709011 ], 
  [ 175328614940809707869, 2291244412276998250259543, 
      280557973738549114661737213 ],, 
  [ 36008001967353891423915067061841436899355897731744558233 ], 
  [ 40318772418269, 411215994149577441061 ], [ 9005289836477906071 ], 
  [ 19859428464952441 ], [ 22371196193, 273418815077203562855594305400801 ], 
  [ 107658003049, 283902278144646305413 ], [ 35958517463269 ], 
  [ 18298094678921 ], [ 3051924878017, 1541930884877915606258689 ], 
  [ 121177509767, 199122255474305267527543 ], 
  [ 5723709503, 20764230730603791593 ], 
  [ 811612018603, 8027849388417567626017 ], [ 39818377301 ], 
  [ 1484804392095616717 ], [ 86518323168710552696101507 ],, 
  [ 2205295927707497, 682730737686444289753 ], 
  [ 36249786091, 79329188398170815581, 390914248499177409931, 
      35759727921442040679505127390196146805865861 ],,, 
  [ 38361487310154078401110375310635117 ], [ 289367576473, 46215323112181 ], 
  [ 1381225193763255704428455759635251, 50936923403505627680353381016583821 ],
  [ 103279418089 ], 
  [ 55556431183923940137640899244049, 152048253630266159453844653275331928497 
     ], [ 2225889821, 750592338589 ],, [ 143732632607066659258323371 ], 
  [ 226855478421778757694685933, 4397646424412200286779536761 ], 
  [ 8926437313 ], [ 1181188733, 39615720880801200125095267 ], 
  [ 1549221017, 20436461431, 2656895798301529 ],,, 
  [ 43023944158924772848547 ], [ 1369798357, 2081146494543046082626543 ],, 
  [ 60250396501, 19106461134042227501, 238074795273895957178539501 ], 
  [ 2453700693865985855499653803 ],,, [ 1671775655317, 281004259674063337 ], 
  [ 3290515859514534343008612254669200719410934472012921791054026734691 ],, 
  [ 3819232520482166521477552863121 ],, [ 1249089562396426397 ], 
  [ 881741100510623791 ], [ 362959800836057 ],, 
  [ 606315935293, 108390598116914652490400089 ],, 
  [ 24146880101, 839108275133312331694014831336774221 ], [ 98813414584597 ], 
  [ 12757051949 ],, [ 17229993261830929, 562038996326165969896702120414054753 
     ],, [ 41200238583431 ],,,, 
  [ 10986328551151, 341552117786254032782007932970602310425603551 ],, 
  [ 1955432543321, 2492655147497369, 3534328858342341836530096593617 ], 
  [ 4985725712599 ], [ 225603791007211 ], [ 310401580201 ],,, 
  [ 23011061073674309857072616448769 ],,,, 
  [ 83894981473, 1005422983183, 47681470152703, 1395421873133143357611523 ],,,
  , [ 148178394997312003 ],, [ 682670528800265852658666267841 ],, 
  [ 121457300441265781, 1463247290902372751 ], 
  [ 18246659653, 652475782351, 1774697298148459 ], [ 21805771720221583941953 ]
   ,, 
  [ 157104097248582860473, 29087604147716158575643873, 98911312344366102021011\
209 ],,,, [ 3136127711, 484254985429 ],, [ 1167691354492321 ],, 
  [ 1246954418711, 85816159429125217, 478783840076816639 ],, 
  [ 53475869401, 18142859306716372801 ],,,, [ 13200117475839499693 ],,,,,,, 
  [ 230172925549321, 26677146228012151, 13467224485739322327605551 ],,,,, 
  [ 560224315601, 172736132360017601 ],, [ 3135097941073597 ],, 
  [ 480056421408463307782963213 ],,,,,, [ 6578282572810075754971 ],, 
  [ 54250690397 ],,,,,, [ 711353853043 ],, 
  [ 1477610201, 17384295362872444381 ],,,, [ 84992699681, 413570045953 ], 
  [ 198627698251, 7138898803464134519251 ], [ 1749296953 ],, 
  [ 7563164473, 128100663877, 3016570506289 ],,, [ 54126677221 ], 
  [ 588587648745433 ],, 
  [ 609939126469628047, 58958795113079044483, 839880603007138041215491 ],, 
  [ 109519637455399933 ],, [ 127279458680333, 432928362197661149 ],, 
  [ 9475148133892561 ],,,, [ 5690029493 ],,,, [ 2375257201, 5952290475457 ],,,
  , [ 3420580562185532236093 ],,, [ 2387282461 ],,, 
  [ 20662778413388647312963 ],, [ 1102311141599320381, 1306238325564111941 ],,
  ,, [ 8336793433 ],,,,,, [ 3534080491 ],,,,,,,,,,,, 
  [ 9544502347, 903440661499 ],,,,,, [ 2823363449283296737 ],, 
  [ 629305388257421 ],,,,,,,,,, [ 88238104407001 ],,,,,,,,,, [ 509727583681 ],
  ,,,,,,, [ 207509573941 ],,,,,, [ 5189079349 ],,,,,, 
  [ 2626121523026455770691 ],,,,,, [ 31770189697 ],,,,,, 
  [ 5005260973, 633994864669, 26077003957000743879331 ],,,,,,,,,,,,,,,,,,,,,,,
  , [ 6805771023703 ],,,,,, 
  [ 20376346129, 4008029901217, 34372379701381, 76745786871937 ],,,,,, 
  [ 2067212449 ],,,,,,,,,,,, [ 1046244071292031 ],,,,,,,,,,,,,,,,,,,,,,,,,,,,,
  ,,,,,,,,,,,,,,,,,,,,,,,,,,,,,,,,,,,,,,,,,,, [ 308795643157 ],,,,,,,,,,,,,,,,
  ,, [ 2047651042561 ] ];
