BRENTFACTORS[5167]:=[ ,,,,,,,,,, [ 7420042543 ],,,,,, 
  [ 1684558774800373, 8493366521325963671 ],, 
  [ 6322539434639, 64935483152951, 2548960446513388379 ],,,, 
  [ 302815313371, 305746493401 ],,,,,,,, 
  [ 207473511985857996103957, 3527476010033102218346426289989334869, 
      184450040741882926077108630512792654911 ],,,,,, 
  [ 379630281547983296395328639, 16461036048952619788685897772241844561, 
      7600648740377192918475815506171630539847422570952749634454679362630959 ]
   ,,,,,, [ 2748544546131386933477925816808793 ],,,,,,,,,, [ 2940973633469 ],,
  ,,,, [ 333210300391, 8016208787210286547485296489 ],, 
  [ 76823731674640778594405896759 ],,,,,,,,,, [ 17480293683966933808076629 ],,
  ,,,,,, [ 3726569166559 ],,,,,,,,,,,,,,,,,,,,,,,,,,,,,,,,,,,,,,,,,,,,,,,,,,,,
  ,,,,,,,,,,,,,,,,,,,,,,,,,, [ 5715165877511 ],,,,,,,,,, 
  [ 220849291905091335281 ] ];
