BRENTFACTORS[3217]:=[ ,,,,,,,,,,,, [ 280232033381 ],,,, [ 9507404228251 ],, 
  [ 171581908197708277, 8082142904934710638399 ],,,, 
  [ 158913312514427975405739215533 ],,,,,,,, 
  [ 304776078199507514061005605924981 ],,,,,, 
  [ 3084964541, 3816227045723, 525117424932593, 40582910836764414451 ],,,, 
  [ 2117930851, 14773750830375029, 297382488548630452833190993 ],,,,,, 
  [ 487091252303, 2901923533513109498543598535995119 ],,,,,,,,,,,, 
  [ 1790606813, 470582256636377, 2475408490021777, 12945060039090208129, 
      8665389024484913907097577 ],, 
  [ 4925090772169913, 8650070105610802021, 3825994972060885277182609 ],,,,,, 
  [ 4925692984196154187, 6269138948852671282660163 ],,,,,, 
  [ 1358935881607, 764812643958203, 116254400913667981, 793676481282302958391 
     ],,,,,,,,,, [ 33959423471286851 ],,,,,,,,,,,,,, 
  [ 4177638614171339, 45014982771222634603847 ],,,, [ 2412610389139843 ],, 
  [ 363510625228039, 1350932138282633 ],,,, [ 62843500695948530083 ],,,,,,,,,,
  ,,,,,,,,,,,,,,,,,,,,,,,,,,,,,,,, [ 1739382922909 ] ];
