BRENTFACTORS[57]:=[ ,,,,,,,,,,,,,,,,,,,,,,,,,, [ 60982951439814589 ],, 
  [ 8350808797 ],, [ 531143217997013 ], [ 201191991841 ],, [ 18510511507 ], 
  [ 195169506211 ],,,,, [ 10337608753481 ],, [ 1601766349 ], [ 9776859253207 ]
   ,, [ 41252063491 ], [ 7587913027 ], [ 4112404535951, 15822985214248692439 ]
   ,,, [ 20232369551 ], [ 76629468907, 726176676157 ], [ 421774848457 ], 
  [ 180613238987 ],, [ 302120875652373244036042554840001 ], [ 4504444337 ], 
  [ 14710826638296122001733445931451 ], [ 145584139403, 495845451083057 ], 
  [ 1401639401, 13228150343, 315694938911709823, 26530185059968803558860351 ],
  , [ 454102852372034133722600077 ],, 
  [ 12593891269, 1171561236931, 24252215724703 ], [ 159452332908596307521 ], 
  [ 1330169457761, 8115665966979687091 ], [ 2878486159672729 ],, 
  [ 214803153238856568247770253 ],,, [ 655747802615969617 ],, 
  [ 5323445480809, 63337345716658267411 ], 
  [ 86474213757839, 207926242651317877 ], [ 10709736264690660466529251 ], 
  [ 4145528650566107396586375677 ], [ 24048713221627403 ],, 
  [ 975054508782553, 282690677091952841, 3742092483153434381, 
      566354816610176024524149451699 ], [ 2729573782081 ], 
  [ 139941939223, 385680687409 ],, 
  [ 670925936486112689920633761890187396814530557184596548342039301423 ],, 
  [ 318436803674534765469421 ], [ 882042621282887 ], [ 1219086369349 ], 
  [ 12791175486673, 4070204606373401 ], 
  [ 1519027253017, 18296225677370736492010650701443058036243, 
      2312084856902203571949829071875751545527201933 ], [ 6987752066212831 ], 
  [ 1063809319483 ], [ 57128975646649, 20146844934714877, 9987788960140584137 
     ], [ 6859230354736611421196209792603 ], 
  [ 1750172383016359644832694449517 ], 
  [ 31424454967792513171, 814364647634314715412162361 ], 
  [ 7170536280399731782369 ], 
  [ 47263998288901291, 155136694262436819580915123353058550416160783801, 
      4448647183399877607148509219522441703167063412723 ], 
  [ 3420779573, 4296657611 ], 
  [ 58286329823082136407252337947023894054109073843 ],, 
  [ 5442282991, 4493554387501, 306421053831837296387260109 ],, 
  [ 240022760142097, 
      13426535830099223801435866839253418754670653925213020649053153835613 ], 
  [ 1047443218204176704294325557260042009 ], 
  [ 24221906101, 9869526083562601, 19436009551855957201 ],, 
  [ 47176948549264840769, 
      65167852747249274520245701107646725461869570742452421988480959302393 ], 
  [ 201187179649 ],,, 
  [ 2048409541, 126832807789, 11159082341835349, 6709715974096634197 ], 
  [ 1672974144241 ], 
  [ 69500871245413, 629585439283391, 14095218156028455023, 2865529312787318817\
3633193127067439, 4709589800469218743829317106305351377971181882787 ], 
  [ 16453188397, 21270230934999421 ], [ 791002972932578787033278834708231 ], 
  [ 142317474992103577, 43180312279690250582407169 ], 
  [ 342802055604092365711, 41542113976660968961008206111688381667602097 ], 
  [ 427076792183, 1596893930485278504731083498402051 ], 
  [ 759450459006828134929162393279, 
      3307537078530365280314623037943066589332523316674501 ],, 
  [ 30456269908650898849857483403448214021881011483033176930309875055588834838\
318500691 ], [ 3519003390903618764755673, 20500212815560871346128284471 ], 
  [ 23632020499384310337377552596649034337343268484897377610430119 ], 
  [ 189251580701, 1335715840663759071736954746461 ],, 
  [ 30184833709496971, 1531515403246567944367 ], 
  [ 644879682597322105515121, 5044849363439373058120743606975316703047886071 ]
    , [ 72387578113, 6726822231937, 1600749337849468535689593919873 ], 
  [ 7224251480857, 23584848500153861641895269 ], 
  [ 26398515131, 86406576262522665813298441 ],, [ 14512779631685107825141 ], 
  [ 11044331971, 1196831191081, 
      4631644240862352858016386649241610243454520541499, 
      36188247307393227894317417798458625078689888014074381464411 ], 
  [ 2569716420993313, 9152352352214966339 ], 
  [ 10751920902091, 12748514313173804719139791, 
      163795811215690330674932734651 ], 
  [ 43710005409552318268451399659127513715857 ], 
  [ 19072530087509, 35591033025511, 43420884737976475884976555561663914719, 
      161920141220691619888621735215029424667 ], 
  [ 15492609469, 9509331878071, 7114944384074344603 ], 
  [ 104248276208737, 5978906910772313911051488342757, 
      31280608901203475982102559507254793 ], [ 6293792821 ], 
  [ 8931722965951, 336841250901472529477770239034867417 ], 
  [ 20632294560729990941977720489, 68163678082252126041246013741 ], 
  [ 41362788254904855883, 10575276872707413984029771 ], 
  [ 132335884563708202747244929 ], [ 10201661480646191 ],,, 
  [ 2483475077, 349848176609314813, 2891833583675907809, 9790084028628919133 ]
   ,,,, 
  [ 13986097297, 26443135696609, 652322908789995381371559886760288021860268265\
1337 ],,,, [ 473828132744064133969715982253 ], 
  [ 1104565337, 6638704449967153 ], 
  [ 7615516100225374811, 8050459669072535554999496589883474578781776167 ], 
  [ 1355480407 ], [ 292098598103546415839521 ],, [ 4962413887381 ],, 
  [ 7889240993 ], [ 36810334441 ], [ 9717450817162931 ],, 
  [ 55247098772660261881 ],, 
  [ 878401685554131551, 11912992190789474915958205031 ], [ 13517871481 ], 
  [ 27370862069, 4900442324842696556170880459399315237, 
      2036375866533561788490379352428353568889 ],, 
  [ 65467221511357297204110675408206003449 ],, 
  [ 4443926186627307609853361, 1841105739720036222209549958616817 ],, 
  [ 38992546796852259851, 5543800986553450583395787322481819, 
      2192157171641992171752715420617497503 ],, [ 10752110782551361 ],, 
  [ 3932177159 ], [ 2395459021 ], 
  [ 1069746929, 477391129780830017, 31995024686006881310843553557977 ],, 
  [ 15340076767, 707851244473, 25622441761493359291, 
      2219585729408376537533449 ],, 
  [ 82280501880281633346638513, 317975629449869609826705277 ],, 
  [ 18629410441892052231485782405621 ],, 
  [ 2562959486619658177, 195688992282395942401 ],, 
  [ 3537019507274339147, 7248479178973929655358991604989789500139520904252171 
     ],, 
  [ 33371436584977, 19522006634428762789109, 60788027856796692415240380330613 
     ],, [ 7174622307065805169094105993589460652593533637 ],,,, 
  [ 1627410794363, 2124003526422723858263166061 ],, 
  [ 101273642520881325605317 ],, 
  [ 41219519531, 1499950643660689332365711755272007 ],, 
  [ 390353657201, 2597951861732268731649634123371313 ],, 
  [ 5852384693611, 6256488946083601, 240074162643892411115401 ],, 
  [ 23060938545061, 2936650911989570291127022391754088657 ],, 
  [ 2026177314061 ],, 
  [ 3998813617, 37766330559117085537, 1084614727339829021113 ],, 
  [ 635927517691, 116432347043940265699673564394861199792872301399 ],, 
  [ 5252718472541, 8692992355479334323706610914601 ],, 
  [ 1435815637, 822914829433, 609909094599267637227211 ],, 
  [ 2388023203759624848602229359536212416123458947937 ], [ 454887260551 ], 
  [ 233263151460051980433591999382056789731657, 
      4105579990613342440345495424843617200623257748519 ],, 
  [ 54738079659954550729 ],, [ 13841333171223479326069793296741 ], 
  [ 266589199454149111 ], 
  [ 1250523121545973942174505148848657759607929, 68717553339419215182457412277\
87573207170033 ],, 
  [ 4057089193257283, 4302212163266435829194438820127, 14164297181961516920720\
3235668047 ],,,, 
  [ 1008717361065876798583741358869954767125906788202320289680173136093643 ],
  , 
  [ 4513209872225958543757339828448098801, 11618103815851459944909765307634319\
841 ],, [ 2859506681695387269215014800589949 ],, 
  [ 247128710349664135790997313 ],, 
  [ 1994207119, 576588772878972064927508827587821659, 
      48622871475075214143937364229058803997789 ],, 
  [ 8606713853411449, 3274518459672830303081 ],, 
  [ 12089511415724276279179240501, 30008552695961481158700303677096251, 
      113827889849315291873340239061450275251 ],, 
  [ 76283316808281499764961, 9800931254056176814452451316504785953080545057 ],
  , 
  [ 16437091673448923259242084762161861, 1193698242115849170186554761971795949\
49701837 ],, [ 874785960052006657 ],, 
  [ 59432530851324223, 479938113110644578258266887786104587424871 ],, 
  [ 3990087172173961, 6214732895470061, 364747732270011014284361, 
      304419934553138804821666961, 451896452180965117682811346350892019341 ],
  , [ 530260616219614889697513310126173664273953072439 ],,,, 
  [ 22828264342968841 ],, 
  [ 707251747294827098500453, 119928534220976765011106444998754614408259009199\
997 ],, [ 63558456079552028438917231 ],, 
  [ 988281267702481875980674844406430769 ],, 
  [ 3863646831998741821724945520281639301201481, 
      1216601042562616625232343996369067670710588381 ],, 
  [ 2705810463073104484547060240250804458697196482683606607289 ],, 
  [ 9307900605340277, 4207495739848522752139, 6920104408454165439788479 ],, 
  [ 5673622081, 6711699017801 ],, 
  [ 41159189587, 572034213559, 798624913117, 11223728359892564053, 
      11986371547367679092746035349348500932013919 ],, 
  [ 135519219744901970661620688171178229787609593 ],, [ 3287239023641 ],, 
  [ 1122801041428954335285132690990296591569633 ],, 
  [ 8670775541, 68471873269898669723791, 
      31805827139210888233125757410894981422243045733811 ],, 
  [ 3382847449, 110240348449633 ],, [ 2812130517652891 ],, [ 19029792641 ],,,
  , [ 70540223101, 37067706676501 ],,,,,,,, [ 32332931035645241 ],,,, 
  [ 3593103595956278579449, 50794535413543760215417 ],,,,,, 
  [ 1389942067, 691428808360357906603 ],,,,,,,,,,,, 
  [ 7870196401, 440641161928111, 59443232134309477880812598008501, 
      157709224842118702700936807677575421 ],,,,,, 
  [ 120458770786459826793239105903876017 ],,,, [ 1992647521 ],,,,,,,, 
  [ 359657557015837 ],, [ 19120472603541547631401 ],,,,,,,,,, 
  [ 190112198825881, 2484928954549081, 
      7869629412095592405118970989578783247957722013561 ],,,,,,,,,,,, 
  [ 1413591942853 ],,,,,,,,,,,,,,,,,, [ 2323082414693212802086861 ],,,,,,,,,,,
  ,,,,,,,,,,,,,,,,,,, [ 15761834761 ],,,,,,,,,,,,,,,,,,,,,,,,,,,,,, 
  [ 1238814001 ],,,,,,,,,,,,,,,,,,,,,,,,,,,,,, [ 23284045921 ],,,,,,,,,,,,,,,,
  ,,,,,,,,,,,,,,,,,,,,,,,,,,,,,,,,,,,,,,,,,,,,,,,,,,,,,,,,,,,,,,,,,,,,,,,,,,,,
  ,,,,,,,,,,,,,,,,,,,,,,,,,,,,,,,,,,,,,,,,,,,,,,,,,,,,,,,,,,,,,,,,,,,,,,,,,,,,
  ,,,,,,,,,,,, [ 486324203318581 ] ];
