BRENTFACTORS[764]:=[ ,,,,,,,,,,,, [ 3013161737 ],,,,,, [ 145017594749186891 ],
  , [ 76934171549089 ],, [ 86055577704581437 ],, 
  [ 1387246051, 616536720060301 ],, [ 38469932113663 ], [ 104485943200577 ], 
  [ 12248599525312784329, 41819933454714540820603 ], [ 1242657121 ], 
  [ 26885348519742757506826235273 ], [ 111027953213857 ], 
  [ 7817765407, 199997303881 ],, 
  [ 14535796591, 110283849903641, 2047403825863231991 ], [ 7154073328357 ], 
  [ 42298042211, 45937373311 ],, [ 3288733298432394229 ],, 
  [ 244158032197, 47193072874461146965185435509131 ],, [ 1952196568171 ], 
  [ 115106885340916393 ],, [ 13338225689 ], 
  [ 1019842097, 47800752016524720641969 ], [ 117575224697713 ], 
  [ 6939930761, 12112157612793315463 ], [ 85123144926328801 ], 
  [ 10193784393179053 ], [ 9119580368918293 ], 
  [ 11012613591789054217043949565492788363351246175167475627 ], 
  [ 11043981264259981 ], [ 991018953523171 ],, 
  [ 924022852644540522102441991 ], [ 101229487604731 ], 
  [ 4853139241831706231991708973, 6581394926894798697693379438847, 
      75182144383280626162861378334413 ],,, 
  [ 4725881280845694933435022321328031581 ],, [ 317311231169 ],, 
  [ 4305090407173398358125787 ], [ 2395510403061511063093 ], 
  [ 55040378776126247129, 27836638916851727794214021389 ], 
  [ 4811046196536973, 74430459524066421833738412605867078317201 ], 
  [ 1284667721 ], [ 63933116299207979046144825237375101 ], 
  [ 85151539441, 2144040842161, 28355105402123977 ], [ 6545283223 ], 
  [ 75796017593 ], [ 266642430339398742901, 13710081216096721518199363651 ], 
  [ 24973413316363011251618490273493 ], [ 14231252797489883 ],,, 
  [ 904653823934079701234595286429028285305681 ],, 
  [ 14115960488431, 26691009750336527 ], 
  [ 74498707658147, 99077263599973, 28259870337613765381 ], 
  [ 64143405229, 3620350354901179847161537 ], [ 71112589263871 ], 
  [ 1852395023 ],,,, [ 3055734001, 6492437558428003712344251991 ], 
  [ 4612067725767503, 32379203632670441, 83718626564335912241 ], 
  [ 12078555555581476231163812179085303229 ], [ 1119389226355632020135869 ], 
  [ 814068107320997939957, 36003125194084456124414486965037, 
      412323993938981724062044477060531 ], [ 657889581931 ],, 
  [ 13338568700993 ], [ 61156135167324983202915808043783975774129 ], 
  [ 590826654478171, 49727305870341079111820173 ], 
  [ 105542748138101, 1648130515570501, 42346199819711898701, 
      8093173517706266656801 ],, [ 2194903912061299508401 ], 
  [ 155546165375789 ], 
  [ 546566267582089, 355229092841180897, 355442234295703971954929, 
      1062040742799952409770917889 ], [ 9756399992462839171 ], 
  [ 3314987923669, 54526429300627 ], [ 101912626912697 ], 
  [ 23347575217, 202127708514583495532281554232128463442221 ],, 
  [ 4042662658244031070733881 ],, 
  [ 104674617932772497, 204665707888956644289378911562633062335196616693692195\
21 ],, [ 3054705123607, 16600932827762433728587 ], [ 10202964911 ],, 
  [ 11266828578253 ],,, [ 1048326001 ], [ 415140400159, 13904297785920719 ], 
  [ 191870644281991351571537, 3846039489460854339321428043798841 ], 
  [ 13108742005131851041, 28035904513982121397, 501085108259602965733 ], 
  [ 74252493753254017 ], [ 72565646377376376251, 150488955147723297751 ], 
  [ 45891403919549981983 ],, [ 1461595777 ],, 
  [ 8161233901081, 2422022255266511, 4678768500986644644928141, 
      32981246955509937170987606500025401 ],, 
  [ 15223719621529, 205746649703761, 14823439369195924713317809 ],, 
  [ 7789078105453271505440466889, 71435523214085344216916186233 ], 
  [ 1172371337331099456799891 ], [ 5305528480201, 1566687629176676857 ],, 
  [ 25639270207842542365583205829 ],, 
  [ 4455133952899613761, 9578758811228633041, 
      406903051077308300495246819778446438796437321 ],, 
  [ 35623061143532949237191 ],, 
  [ 10049634289, 19203267169, 409788391450177, 2569105439183233 ],, 
  [ 50138511652841810539813253312647 ],, [ 2480568949, 252971603617 ],, 
  [ 19200388930501, 641066814436801, 26578506734064317437534339501 ],,,, 
  [ 22483834913 ], [ 1451151598591, 24756741539801 ], 
  [ 11080009250103457, 370838153162925899682817 ],, 
  [ 753512076293, 5781900296919462986270519 ], 
  [ 1430998346719, 62073343888969519 ], [ 217466483681 ],, 
  [ 17932199191365889 ],,, [ 13785189001, 66099825991 ], [ 20216612013097 ],, 
  [ 80463825289, 238476531217, 7473147905497, 1278991401344807809 ],, 
  [ 1646122585981469773381, 2197758728066296642669358291, 
      107653068434451848314622548264391 ], 
  [ 991427964193, 10467414744463, 721438003775233 ],,, 
  [ 2173981753, 41652090437834657047, 60099140556656063185513, 
      659626391392020311013859302742681577534524447 ],, [ 606214869497777 ],, 
  [ 167849403546229, 810605410420073558424671 ],, 
  [ 2716135561, 37101929842620901, 78058400329986160508739181, 
      3890815806880729206956857041901 ],, [ 651524102900929987 ], 
  [ 3360845501413 ],,,,, [ 81394719357253 ],, [ 8160174529262611 ],, 
  [ 898279709573168004880129 ],, [ 14616163267124891 ], [ 11299847131 ], 
  [ 97658871017 ],, [ 234861968561839210549, 4388159416521786511519 ],,,, 
  [ 4428829626887, 708720024156276553 ],, [ 89752827155150543764381 ],, 
  [ 2154994841 ],, [ 33431456657 ],, [ 145719056752422301 ],, 
  [ 8154392142137 ],,,,,, [ 20399553613 ],, [ 660583593527441 ],, 
  [ 3349109806177 ],,, [ 426751229509651 ],,,,, 
  [ 297118531512676912651, 823231849664246325050591 ],,,, 
  [ 2407217437, 323780812470867727 ],,,,,,,, [ 124939585507837 ],, 
  [ 72492064501, 4588220405317 ],, 
  [ 10796241177961, 16085367195055425793, 6298684037759337304351 ],,,, 
  [ 1434737251, 13389723251 ],,,,,,,, [ 35388099151 ],, 
  [ 7346216711861, 43389605325812803721 ],,,, [ 6231514996432441 ],,,,,, 
  [ 3865072871483728111, 3537091034793565721551 ],,,,,,,,,, 
  [ 3189928568701001 ],, [ 2435012191 ],,,, [ 218174998757, 390410982391 ],,,,
  ,,,, [ 1625136451 ],,,,,, [ 28334681052465001 ],,,,,,,,,,,,,,,,,,,,,,,, 
  [ 9896549450976037 ],,,,,,,,,,,, [ 2979974929, 471187499329 ],,,, 
  [ 1022014146061 ],,,,,,,, [ 218632031264593 ],, 
  [ 34716206351, 31498659653625322901 ],,,, 
  [ 1112463409, 15914454642241, 43583790674563 ],,,,,,,,,,,, 
  [ 7561066421917, 9755646033379 ],,,,,, [ 2127857113, 3723789042725329 ],,,,,
  , [ 1276843933 ],,,,,,,,,,,, 
  [ 18117405541, 4123291378791001, 130874206216645711 ],,,,,, 
  [ 2053431469, 1135794698394841 ],,,,,,,,,,,, [ 142070289961, 363775569097 ],
  ,,,,,,,,,,, [ 309208026961 ],,,,,,,,,,,,,,,,,,,,,,,,,,,,,,,,,,,,,,,,,, 
  [ 27163222087 ],,,,,,,,,,,,,,,,,, [ 3444594972961, 76266571863841 ],,,,,,,,,
  ,,,,,,,,,,,,,,,,,,,,, [ 1084494601 ] ];
