BRENTFACTORS[6229]:=[ ,,,,,,,,,, [ 2470719947478421 ],,,,,, 
  [ 1172669560427, 417119181566429 ],, 
  [ 2388622469, 280276208221, 554936962022801746645379449 ],,,, 
  [ 89449340693358672717679535333308069, 
      289085232408132002592705533774702933839793 ],,,,,,,, 
  [ 2256431039, 37545692888113347844111, 
      20942263574928322883064164475655977280877466588503447213393 ],,,,,, 
  [ 49115793287008205794303 ],,,, [ 13958822363, 558014457914562520375144031 ]
   ,, [ 646444431062646049 ],,,,,,,,,,,,,,,,,, 
  [ 664458118700406078467, 510828339577989882555809 ],,,,,, 
  [ 53289358253, 1573303639785667 ],,,, [ 1286285631411587 ],, 
  [ 32733694649, 1283627772204563, 9134328509077357681769 ],,,,,, 
  [ 2363662019944990093550588639 ],,,, [ 370939496709478963571 ],,,,,, 
  [ 110770808948321 ],,,,,,,,,,,,,,,,,, [ 7639370658649 ],,,,,,,,,,,,,,,,,,,,,
  ,,,,,,,,,,,,,,,,,,,,,,,,,,,,, [ 18052422269638961 ],,,,,,,,,,,,,,,,,,,,,,,, 
  [ 30317965760160518351 ] ];
