BRENTFACTORS[34]:=[ ,,,,,,,,,,,,,,,,,,,,,,,, [ 16326235001 ],,,, 
  [ 18882806334971 ],,, [ 2583249857 ],,,,, [ 196591453916657 ], 
  [ 421461812731 ],, [ 6220385881 ],,, [ 2658042077, 86102909407 ],,, 
  [ 3985773656677 ],,, [ 14582510251, 234385605791 ],,,,,,,, 
  [ 150586169165353, 297141194226589 ], [ 166062869378751343 ],,, 
  [ 2214379423, 480996815213 ],, [ 30785593609 ], [ 65959705961729 ], 
  [ 498802573647613561 ],, [ 915506774873063 ], [ 5397131237 ],,, 
  [ 276394318547 ], [ 1062752044739689 ], 
  [ 14906752279, 145731249475360409207, 1792349871204010772831 ], 
  [ 3734683792412648487053 ], [ 166346242351 ], [ 21972009770377241 ],,, 
  [ 2860562983 ], [ 81428485012798241, 11532658225992275201 ], 
  [ 3287086681051, 12580723724714597668206799 ], [ 743440373206297391437 ], 
  [ 11217820181, 50914707398129 ], [ 122230011037 ], 
  [ 2414456791, 3505252488961 ], [ 4599156088564925144271983 ],, 
  [ 791754459642521, 1732429451995903321 ], 
  [ 23519364103, 437596311967, 37534001559883271, 292604541768563818729800323,
      46283251348636856120098537817443111 ],, 
  [ 394077814326878494133888747332784423343371 ], 
  [ 1617671053, 186301449656789, 7170136256368009 ], 
  [ 983952546870871, 7096437814497703531, 2534964385981577047453083577 ], 
  [ 2572040051929, 3070899174042608439765029 ],, 
  [ 23775511777, 3928666141537 ], 
  [ 631382794867241721251, 6140662202405397677204254708519, 
      69594255276743092228981715632699520574821 ],, [ 51799055221 ], 
  [ 41595701549695208056901 ], 
  [ 130474694863, 404634231354361, 109360487557214168805426773, 
      13377841455572845269732731309 ],, 
  [ 639820509293223972544905071109691, 634970380047486590598182122527424626210\
233053 ], [ 3346237441, 1296816525740341450729 ], 
  [ 176689034091151, 321659534033041 ], 
  [ 687636463277, 1658423715104692910299, 1900676816200539211871 ], 
  [ 6842379112644367469, 100136680288749014147404781 ], 
  [ 888695745733365949 ], [ 42565160209717759056758595322051109436434051 ], 
  [ 56233934021, 75163328903964097539601 ],, [ 18614617919369921 ], 
  [ 1649659322992943, 
      184856557664971433459575918192094152692118513400003275800765331843 ], 
  [ 50506651087, 1867518117232382203 ], 
  [ 7266193877321173651, 32016470973990076971314414960008471 ], 
  [ 1076312344344269 ], 
  [ 6281877833479, 742027615157557, 235005265301098204062691523161535271943 ],
  [ 361336951504123657, 5942770823154896362982945993 ], 
  [ 5418502447, 4971564547939223772119 ], [ 243489425809747617001 ], 
  [ 6337037884033231, 388110803329196961650114677 ], 
  [ 1937783707, 12066103736081, 894918334993191527, 879626111598461439077 ], 
  [ 72275333083, 98305856383759, 110601073157053, 35584500993847817659, 
      12890637456713676900709022359483 ], 
  [ 141048406381633206084256734073353889 ], [ 27320202001 ], 
  [ 28072816507, 30822165800142669793 ], [ 1614163474405991 ], 
  [ 207413006868032513, 1016641647219995495371861784486017 ], 
  [ 2207558167, 693675937993377112321, 8851230312902542613993777852866532839 ]
    , [ 13303573531 ], [ 144692383049, 16486356849984650808396952870231 ], 
  [ 180671731958047148281 ], 
  [ 515707279190246412263, 316873464348068533255308963348193910117, 
      2547906718143629198328865003720941905749634773589 ],, 
  [ 61930964229878601798829111, 140063591404454115024991636100067441511 ],, 
  [ 344738868622034830960517200217229003237669281 ], [ 2332350350789787637 ],
  , [ 24893280301, 97600331641, 1065635017297481 ], 
  [ 24180838711, 232984004749, 9373774858156256801351173 ], 
  [ 2862814878908925903954231791 ], 
  [ 742820511781921, 2259392108585955615437200751, 
      471425991499383690642274785527, 9487161222091701149828434756209174829 ],
  [ 1268484804861121, 195748470438189286256497 ],,,, 
  [ 77304705913, 23467359560257, 25040587137877, 514621776363588617, 
      16559808334927536278909 ], [ 5434901548540495792775196891482385541 ],, 
  [ 830221436950839034897 ],, [ 30914214857860211844801791959 ],, 
  [ 34150680661, 1060835426531, 152506886974891 ], 
  [ 31014195889, 4231285315573993, 1902816424398273541 ],, 
  [ 68357321961763, 13379500015364656371376823, 3772444644786430261669322369 ]
    , [ 7640498480882231900770429335594998710716223 ], 
  [ 76215347916929950054226775542587449971711741281 ], 
  [ 27838919399565121412421641 ], 
  [ 101777051246549113, 3005675190971498896845664249 ], 
  [ 3427311626539656159991, 5003619482156961303186225269, 
      313965807938540147859591936348677, 
      20861508423161236885661708012864062267 ],, 
  [ 5153202539014483479485191, 690263619924365121053793001 ], 
  [ 12628944847, 396643771793 ], [ 18034797601 ], 
  [ 976016019321407726675833 ], [ 1877299014449 ],,, 
  [ 9353799977, 182195626458311509, 2937307532258518368425474683873 ],, 
  [ 62738712964339 ], [ 16463812051 ], [ 5664496617121 ], 
  [ 9826257588493, 2799715832703385093 ], 
  [ 213835653133, 28063347901775099, 76776395421672988574067703483830470512933\
0146217 ],, [ 1480718341, 7818373261 ],, [ 515678644469617821212749 ],, 
  [ 2162028521 ],,,, [ 19486501886077 ], [ 26834018149 ], 
  [ 66899621768914871, 2063534252008839729319961 ],, 
  [ 10758806977, 47004215809 ],,,,,, 
  [ 9165277702747, 177589597495657116727, 794729188168554284559343 ],, 
  [ 37813465801, 19408807644672903916021990919584589631794026234516861801 ],, 
  [ 14905243348472771293, 152557490907237634340879156599487153958899 ],, 
  [ 66319644724719284433361988758675334418612650569 ],, 
  [ 11854700941775164663, 
      690610590917874419741041377043315373009656008129094679339 ],, 
  [ 82550134216319537, 2442592339946104830351155809 ],, 
  [ 1707646921, 16741399728865419974382529941541 ],, 
  [ 3266193848278997, 16183339997035696189, 790253775371906873177, 
      501099990744886826780652125391632932937803559317 ],, 
  [ 18240609629603185053809, 
      29945267602216793783899297421326260592376593169025499799 ],,,, 
  [ 553007254871974416873833 ],, [ 34597229418115523281 ],, 
  [ 43345802604746876844750541, 1618404740372510116591789994364163 ],, 
  [ 122574038497, 133768989833249, 
      73983249686083855993642407200615117567624897 ],, [ 3071372093 ],, 
  [ 224337635324437, 240509962256281 ],,, [ 4755465990897946634311 ], 
  [ 26005514109897518625057528292910763063299064543001 ],, 
  [ 1858601463967, 53184072441100681185067 ],, 
  [ 179886917994329416379854218754453, 
      147530576060438420841099018240371154459996021187505676187764237812719081
     ],, [ 115530537484448804772890995770882223469241711827336407681366787 ],,
  ,, [ 74372284875917359, 7864056391207696037740522652054986694577349 ],, 
  [ 281394009069077, 1041697754447232665141, 
      4012049319799803305289305864800190605405743152801 ],, 
  [ 122439602653, 697732859574152232262213554015567610438349460488119 ],, 
  [ 5696027297, 1334794709036281, 5310070830948017, 
      3173185022982432758934138703166123610272354161 ],, 
  [ 271518640233612251, 332750466145701564908913571720818217751 ],, 
  [ 2910017318944974702631967170981 ],,,, 
  [ 3455409032890082442160452019691031508230836179284174213062952449 ],, 
  [ 433835557102455728955499641750354919 ],, 
  [ 6148434113546828986736051613376195852381241212731127343563781 ],, 
  [ 6075704807 ],, [ 7129019013105050305108047974883399441448433009679097 ],, 
  [ 3199956593, 8640634263386136005970719567579385309373 ],, 
  [ 270429742673, 212268786366055915866936610181367255756041, 
      1150093186760229683750421832034173412841243291791358788712661 ],, 
  [ 657828376393033261340338521871, 923397803309381507374132200680966431 ],, 
  [ 129378032820694279393, 138655750687016943835900284224075964151873, 
      875195224728266777405599692496376788258893441777973149601 ],, 
  [ 20010198977208617, 10601313704122527247 ],,,,,, 
  [ 2539564441, 978935904521, 1994680939331526408541321 ],,,, 
  [ 45863780257, 349003538923541, 1727525349690503939533894210187425937 ],,,, 
  [ 19037176115938901912449, 23303434069403224474753, 
      266148727994324071088641 ],, 
  [ 4528109336019632565617221981075630859121091, 
      34958170750524041795209124859905343961725171851 ],, 
  [ 1681717937, 75079340177, 122803388871572948449, 
      1933740575855657851406132348117161, 
      2031850891206596756653606009610836636240305096122333281193 ],, 
  [ 3114945815262871249846320186466807 ],, 
  [ 8575905329118142416578338888923049223305936730641 ],, 
  [ 60705275183283930281, 8614710742293292355565337170556125023 ],, 
  [ 58064998801, 1543622327621048487179709153309488401 ],, 
  [ 4902761621, 3115597481203 ],, 
  [ 2466330254088876917153, 34887426555901982275537 ],, 
  [ 1431997602028961757226373340574228339596483054939163917564481 ],, 
  [ 493975463521 ],, 
  [ 2588859152981, 775209504693905745983524798563680973191, 
      401856111182385240594989113979454607967168441 ],, 
  [ 6593018017, 968573725393, 94269560675845248401929358593 ],,,, 
  [ 4916659457177267128721445202330020993611749 ],, 
  [ 104207170273, 4423680129646879, 1102827976571561565524383, 
      995307779117774566978289414557 ],, 
  [ 723378232947091459841, 353808476263210468807129642368797778149763708132631\
67041 ],, [ 624506446266578449740349, 41529779992077695551261043 ],, 
  [ 15897795592675537, 1496905397642409218729173 ], [ 1565943834001 ], 
  [ 6418778153241744786909515940801465978373 ],, 
  [ 1605044921886805417, 21375462466919076222503176097 ],, 
  [ 44726505788991502461300943047325668206789152157802399751 ],, 
  [ 14179334549, 4027047508535200307774836924874989967591281 ],,,, 
  [ 274875239857, 5084295147793, 5897565104802860161, 
      53316413562360573575129663839336892730289 ],,,,,, [ 436915169371 ],,,,,
  , [ 1166118073, 626921403181 ],,,,,, [ 6607208929, 567443617165707998773 ],,
  ,,,, [ 2906572681, 242861558485896782281 ],,,,,,,,,,,,, 
  [ 1027457433220044913 ],,,,,,,,,,, [ 3046158191617 ],,,,,, 
  [ 21239746359001 ],,,,,, [ 58073588278597 ],,,,,,,,,,,,,,,,,,,,,,,,,,,,,,,,,
  ,,,,,,,,,,,,,,,,,,,,,,,,,,,,,,,,,,,,,,,,,,,,,,,,,,, [ 2350188481 ],,,,,,,,,,
  ,,,,,,,,,,,,,,,,,,,, [ 151778301978841 ],,,,,,,,,,,,,,,,,,,,,,,,,,,,,,,,,,,,
  ,,,,,,,,,,,,,,,,,,,,,,,,,,,,,,,,,,,,,,, [ 6852845611, 6314643619757461 ],,,,
  ,,,,,,,,,,,,,,,,,,,,,,,,,,,,,,,,,,,,,,,,,,,,,,,,,,,,,,,,,,,,, 
  [ 5414276401, 461516768701, 16187121938651, 2122520029446421151 ],,,,,,,,,,,
  ,,,,,,,,,,,,,,,,,,,,,,,,,,,,,,,,,,,,,,,,,,,,,,,,,,,,,,,,,,,,,,,,,,,,,,,,,,,,
  ,,,,,,,,,,,,,,,,,,,,,,,,,,,,,,,,,,,,,,,,,,,,,,,,,,,,,,,,,,,,,,,,,,,,,,,,,,,,
  ,,,,,,,,,,,,,,,,,,,,,,,,,,,,,,,,,,,,,,,,,,,,,,,,,,,,,,,,,,,,,,,,,,,,,,,,,,,,
  ,,,,,,,,,,,,,,,,,,,,,,,,,,,,,,,,,,,,,,,,,,,,,,,,,,,,,,,,,,,,,,,,,,,,,,,,,,,,
  ,,,,,,,,,, [ 4743309634092901 ],,,,,,,,,,,,,,,,,,,,,,,,,,,,,,,,,,,,,,,,,,,,,
  ,,,,,,,,,,,,,,,,,,,,,,,,,,,,,,,,,,,,,,,,,,,,,,,,,,,,,,,,,,,,,,,,,,,,,,,,,,,,
  ,,,,,,,,,,,,,,,,,,,,,,,,,,,,,,,,,,,,,,,,,,,,,,,,,,,,,,,,,,,,,,,,,,,,,,,,,, 
  [ 3260214184501, 65070264940201 ],,,,,,,,,,,,,,,,,,,,,,,,,,,,,,,,,,,,,,,,,,,
  ,,,,,,,,,,,,,,,,,,,,,,,,,,,,,,,,,,,,,,,,,,,,,,,,,,,,,,,,,,,,,,,,,,,,,,,,,,,,
  ,,,,,,,,,,,,,,,,,,,,,,,,,,,,,,,,,,,,,,,,,,,,,,,,,,,,,,,,,,,,,,,,,,,,,,,,,,,,
  ,,,,,,,,,,,,,,,,,,,,,,,,,,,,,,,,,,,,,,,,,,,,,,,,,,,,,,,,,,,,,,,,,,,,,,,,,,,,
  ,,,,,,,,,,,,,,,,,,,,,,,,,,,,,,,,,,,,,,,,,,,,,,,,,,,,,,,,,,,,,,,,,,,,,,,,,,,,
  ,,,,,,,,,,,,,,,,,,,,,,,,,,,,,,,,,,,,,,,,,,,,,,,,,,,,,,,,,,,,,,,,,,,,,,,,,,,,
  ,,,,,,,,,,,,,,,,,,,,,,,,,,,,,,,,,,,,,,,,,,,,,,,,,,,,,,,,,,,,,,,,,,,,,,,,,,,,
  ,,,,,,,,,,,,,,,,,,,,,,,,,,,,,,,,,,,,,,,,,,,,,,,,,,,,,,,,,,,,,,,,,,,,,,,,,,,,
  ,,,,,,,,,,,,,,,,,,,,,,,,,,,,,,,,,,,,,,,,,,,,,,,,,,,,,,,,,,,,,,,,,,,,,,,,,,,,
  ,,,,,,,,,,,,,,,,,,,,,,,,,,,,,,,,,,,,,,,,,,,,,,,,,,,,,,,,,,,,,,,,,,,,,,,,,,,,
  ,,,,,,,,,,,,,,,,,,,,,,,,,,,,,,,,,,,,,,,,,,,,,,,,,,,,,,,,,,,,,,,,,,,,,,,,,,,,
  ,,,,,,,,,,,,,,,,,,,,,,,,,,,,,,,,,,,,,,,,,,,,,,,,,,,,,,,,,,,,,,,,,,,,,,,,,,,,
  ,,,,,,,,,,,,,,,,,,,,,,,,,,,,,,,,,,,,,,,,,,,,,,,,,,,,,,,,,,,,,,,,,,,,,,,,,,,,
  ,,,,,,,,,,,,,,,,,,,,,,,,,,,,,,,,,,,,,,,,,,,,,,,,,,,,,,,,,,,,,,,,,,,,,,,,,,,,
  ,,,,,,,,,,,,,,,,,,,,,,,,,,,,,,,,,,,,,,,,,,,,,,,,,,,,,,,,,,,,,,,,,,,,,,,,,,,,
  ,,,,,,,,,,,,,,,,,,,,,,,,,,,,,,,,,,,,,,,,,,,,,,,,,,,,,,,,,,,,,,,,,,,,,,,,,,,,
  ,,,,,,,,,,,,,,,,,,,,,,,,,,,,,,,,,,,,,,,,,,,,,,,,,,,,,,,,,,,,,,,,,,,,,,,,,,,,
  ,,,,,,,,,,,,,,,,,,,,,,,,,,,,,,,,,,,,,,,,,,,,,,,,,,,,,,,,,,,,,,,,,,,,,,,,,,,,
  ,,,,,,,,,,,,,,,,,,,,,,,,,,,,,,,,,,,,,,,,,,,,,,,,,,,,,,,,,,,,,,,,,,,,,,,,,,,,
  ,,,,,,,,,,,,,,,,,,,,,,,,,,,,,,,,,,,,,,,,,,,,,,,,,,,,,,,,,,,,,,,,,,,,,,,,,,,,
  ,,,,,,,,,,,,,,,,,,,,,,,,,,,,,,,,,,,,,,,,,,,,,,,,,,,,,,,,,,,,,,,,,,,,,,,,,,,,
  ,,,,,,,,,,,,,,,,,,,,,,,,,,,,,,,,,,,,,,,,,,,,,,,,,,,,,,,,,,,,,,,,,,,,,,,,,,,,
  ,,,,,,,,,,,,,,,,,,,,,,,,,,,,,,,,,,,,,,,,,,,,,,,,,,,,,,,,,,,,,,,,,,,,,,,,,,,,
  ,,,,,,,,,,,,,,,,,,,,,,,,,,,,,,,,,,,,,,,, [ 347968547551 ],,,,,,,,,,,,,,,,,,,
  ,,,,,,,,,,,,,,,,,,,,,,,,,,,,,,,,,,,,,,,,,,,,,,,,,,,,,,,,,,,,,,,,,,,,,,,,,,,,
  ,,,,,,,,,,,,,,,,,,,,,,,,,,,,,,,,,,,,,,,,,,,,,,,,,,,,,,,,,,,,,,,,,,,,,,,,,,,,
  ,,,,,,,,,,,,,,,,,,,,,,,,,,,,,,,,,,,,,,,,,,,,,,,,,,,,,,,,,,,,,,,,,,,,,,,,,,,,
  ,,,,,,,,,,,,,,,,,,,,,,,,,,,,,,,,,,,,,,,,,,,,,,,,,,,,,,,,,,,,,,,,,,,,,,,,,,,,
  ,,,,,,,,,,,,,,,,,,,,,,,,,,,,,,,,,,,,,,,,,,,,,,,,,,,,,,,,,,,,,,,,,,,,,,,,,,,,
  ,,,,,,,,,,,,,,,,,,,,,,,,,,,,,,,,,,,,,,,,,,,,,,,,,,,,,,,,,,,,,,,,,,,,,,,,,,,,
  ,,,,,,,,,,,,,,,,,,,,,,,,,,,,,,,,,,,,,,,,,,,,,,,,,,,,,,,,,,,,,,,,,,,,,,,,,,,,
  ,,,,,,,,,,,,,,,,,,,,,,,,,,,,,,,,,,,,,,,,,,,,,,,,,,,,,,,,,,,,,,,,,,,,,,,,,,,,
  ,,,,,,,,,,,,,,,,,,,,,,,,,,,,,,,,,,,,,,,,,,,,,,,,,,,,,,,,,,,,,,,,,,,,,,,,,,,,
  ,,,,,,,,,,,,,,,,,,,,,,,,,,,,,,,,,,,,,,,,,,,,,,,,,,,,,,,,,,,,,,,,,,,,,,,,,,,,
  ,,,,,,,,,,,,,,,,,,,,,,,,,,,,,,,,,,,,,,,,,,,,,,,,,,,,,,,,,,,,,,,,,,,,,,,,,,,,
  ,,,,,,,,,,,,,,,,,,,,,,,,,,,,,,,,,,,,,,,,,,,,,,,,,,,,,,,,,,,,,,,,,,,,,,,,,,,,
  ,,,,,,,,,,,,,,,,,,,,,,,,,,,,,,,,,,,,,,,,,,,,,,,,,,,,,,,,,,,,,,,,,,,,,,,,,,,,
  ,,,,,,,,,,,,,,,,,,,,,,,,,,,,,,,,,,,,,,,,,,,,,,,,,,,,,,,,,,,,,,,,,,,,,,,,,,,,
  ,,,,,,,,,,,,,,,,,,,,,,,,,,,,,,,,,,,,,,,,,,,,,,,,,,,,,,,,,,,,,,,,,,,,,,,,,,,,
  ,,,,,,,,,,,,,,,,,,,,,,,,,,,,,,,,,,,,,,,,,,,,,,,,,,,,,,,,,,,,,,,,,,,,,,,,,,,,
  ,,,,,,,,,,,,,,,,,,,,,,,,,,,,,,,,,,,,,,,,,,,,,,,,,,,,,,,,,,,,,,,,,,,,,,,,,,,,
  ,,,,,,,,,,,,,,,,,,,,,,,,,,,,,,,,,,,,,,,,,,,,,,,,,,,,,,,,,,,,,,,,,,,,,,,,,,,,
  ,,,,,,,,,,,,,,,,,,,,,,,,,,,,,,,,,,,,,,,,,,,,,,,,,,,,,,,,,,,,,,,,,,,,,,,,,,,,
  ,,,,,,,,,,,,,,,,,,,,,,,,,,,,,,,,,,,,,,,,,,,,,,,,,,,,,,,,,,,,,,,,,,,,,,,,,,,,
  ,,,,,,,,,,,,,,,,,,,,,,,,,,,,,,,,,,,,,,,,,,,,,,,,,,,,,,,,,,,,,,,,,,,,,,,,,,,,
  ,,,,,,,,,,,,,,,,,,,,,,,,,,,,,,,,,,,,,,,,,,,,,,,,,,,,,,,,,,,,,,,,,,,,,,,,,,,,
  ,,,,,,,,,,,,,,,,,,,,,,,,,,,,,,,,,,,,,,,,,,,,,,,,,,,,,,,,,,,,,,,,,,,,,,,,,,,,
  ,,,,,,,,,,,,,,,,,,,,,,,,,,,,,,,,,,,,,,,,,,,,,,,,,,,,,,,,,,,,,,,,,,,,,,,,,,,,
  ,,,,,,,,,,,,,,,,,,,,,,,,,,,,,,,,,,,,,,,,,,,,,,,,,,,,,,,,,,,,,,,,,,,,,,,,,,,,
  ,,,,,,,,,,,,,,,,,,,,,,,,,,,,,,,,,,,,,,,,,,,,,,,,,,,,,,,,,,,,,,,,,,,,,,,,,,,,
  ,,,,,,,,,,,,,,,,,,,,,,,,,,,,,,,,,,,,,,,,,,,,,,,,,,,,,,,,,,,,,,,,,,,,,,,,,,,,
  ,,,,,,,,,,,,,,,,,,,,,,,,,,,,,,,,,,,,,,,,,,,,,,,,,,,,,,,,,,,,,,,,,,,,,,,,,,,,
  ,,,,,,,,,,,,,,,,,,,,,,,,,,,,,,,,,,,,,,,,,,,,,,,,,,,,,,,,,,,,,,,,,,,,,,,,,,,,
  ,,,,,,,,,,,,,,,,,,,,,,,,,,,,,,,,,,,,,,,,,,,,,,,,,,,,,,,,,,,,,,,,,,,,,,,,,,,,
  ,,,,,,,,,,,,,,,,,,,,,,,,,,,,,,,,,,,,,,,,,,,,,,,,,,,,,,,,,,,,,,,,,,,,,,,,,,,,
  ,,,,,,,,,,,,,,,,,,,,,,,,,,,,,,,,,,,,,,,,,,,,,,,,,,,,,,,,,,,,,,,,,,,,,,,,,,,,
  ,,,,,,,,,,,,,,,,,,,,,,,,,,,,,,,,,,,,,,,,,,,,,,,,,,,,,,,,,,,,,,,,,,,,,,,,,,,,
  ,,,,,,,,,,,,,,,,,,,,,,,,,,,,,,,,,,,,,,,,,,,,,,,,,,,,,,,,,,,,,,,,,,,,,,,,,,,,
  ,,,,,,,,,,,,,,,,,,,,,,,,,,,,,,,,,,,,,,,,,,,,,,,,,,,,,,,,,,,,,,,,,,,,,,,,,,,,
  ,,,,,,,,,,,,,,,,,,,,,,,,,,,,,,,,,,,,,,,,,,,,,,,,,,,,,,,,,,,,,,,,,,,,,,,,,,,,
  ,,,,,,,,,,,,,,,,,,,,,,,,,,,,,,,,,,,,,,,,,,,,,,,,,,,,,,,,,,,,,,,,,,,,,,,,,,,,
  ,,,,,,,,,,,,,,,,,,,,,,,,,,,,,,,,,,,,,,,,,,,,,,,,,,,,,,,,,,,,,,,,,,,,,,,,,,,,
  ,,,,,,,,,,,,,,,,,, [ 159825720601 ],,,,,,,,,,,,,,,,,,,,,,,,,,,,,,,,,,,,,,,,,
  ,,,,,,,,,,,,,,,,,,,,,,,,,,,,,,,,,,,,,,,,,,,,,,,,,,,,,,,,,,,,,,,,,,,,,,,,,,,,
  ,,,,,,,,,,,,,,,,,,,,,,,,,,,,,,,,,,,,,,,,,,,,,,,,,,,,,,,,,,,,,,,,,,,,,,,,,,,,
  ,,,,,,,,,,,,,,,,,,,,,,,,,,,,,,,,,,,,,,,,,,,,,,,,,,,,,,,,,,,,,,,,,,,,,,,,,,,,
  ,,,,,,,,,,,,,,,,,,,,,,,,,,,,,,,,,,,,,,,,,,,,,,,,,,,,,,,,,,,,,,,,,,,,,,,,,,,,
  ,,,,,,,,,,,,,,,,,,,,,,,,,,,,,,,,,,,,,,,,,,,,,,,,,,,,,,,,,,,,,,,,,,,,,,,,,,,,
  ,,,,,,,,,,,,,,,,,,,,,,,,,,,,,,,,,,,,,,,,,,,,,,,,,,,,,,,,,,,,,,,,,,,,,,,,,,,,
  ,,,,,,,,,,,,,,,,,,,,,,,,,,,,,,, [ 207181236319 ] ];
