BRENTFACTORS[248]:=[ ,,,,,,,,,,,,,,,,,, [ 5830041961131061 ],,,, 
  [ 334323244153 ],, [ 2924863261989066701 ], [ 31434847289 ], 
  [ 383606142915979 ],, [ 11403184411261572869 ],, 
  [ 867207316068717226872001 ],,, [ 37080385891 ], [ 247177674101 ],, 
  [ 26445973835704940660018333099 ],, [ 2505274357 ], [ 12255738881 ],,, 
  [ 4965487640520107588347 ],, [ 16486566096601 ],, 
  [ 517345328316305533793879084372397974378024617297 ],, 
  [ 116845243823281, 324579548823736224269833 ], 
  [ 3398131151, 5547032339815051 ], [ 354632040408547339 ], 
  [ 52056744775309 ], 
  [ 565659715075963, 454666691350974504223, 5145844171339229570486033 ],, 
  [ 3858439924696948710035023082034841 ], [ 49528725772121 ], 
  [ 25047376449842471108959028281 ], [ 211852809628260613 ],,, 
  [ 40310807195995461584570734332022269679 ], [ 53735984104858683911 ],, 
  [ 5628691408369226737199188582648769 ], [ 244690047551, 8245566415451 ], 
  [ 15442812035693659 ],, 
  [ 1086571253, 12791194373549, 8800042465774235924848097 ], 
  [ 10940131999507 ], [ 13830399101, 3040786206008741 ], 
  [ 449119130051, 58851357396244050163153 ], 
  [ 164063098287937, 5195963356458374809 ], 
  [ 404171902492019419, 8366236036016383667517609509189 ], 
  [ 3488289980544643483467846021047 ], [ 14513207874751 ], 
  [ 20564532702488672257 ],, [ 4555600188936536055530527 ], 
  [ 2076216647482103579675874287 ], [ 292531216877800961 ], 
  [ 917532139462722015027556387169691169029451625788901833957 ], 
  [ 27501573571909189882466356260261400083504613 ], [ 550153286219 ],, 
  [ 5953938391, 61002740331799973781391 ], [ 123473883209, 1595872517137 ],, 
  [ 620180607439534829777 ], 
  [ 682379729687, 72034536866004707, 208954064701366961 ], 
  [ 64670640751, 232777512217351 ], [ 71787711451 ], [ 408377349529 ],, 
  [ 288743596755599, 1589196504154627 ], [ 447836434545131 ], 
  [ 4596157107697249, 14087083998189650113 ], [ 6353912057, 41182648487203 ], 
  [ 63227857757 ], 
  [ 3147738827896081, 4972619519477553439, 150945074496652972087605241 ], 
  [ 133105085501 ], [ 613484502295121 ],,, 
  [ 24021713557731343196129417204778842057 ], 
  [ 3190322603912380811335231, 80210339429959448988104948731 ], 
  [ 367375667283326807502531153040005659161 ], [ 5891936597 ], 
  [ 153572202225111493 ], [ 8268219697756063 ], 
  [ 285061634472184114903699268090553721 ], [ 154652828809 ], 
  [ 883549339709681 ],, [ 953327732353, 1256200473856194809888808751208527 ], 
  [ 65543273716931, 808848376413491 ], [ 648757531275586951377238813193 ],, 
  [ 11817814584307246793 ], [ 1023055547882441893 ], [ 12374359320647826241 ],
  [ 8177030898718243 ],, [ 64593451264100916770247757 ], 
  [ 63331218829291037, 1170961655836917733, 
      378104451308520176836296327944463161436620705213 ], 
  [ 3142426975800751 ], [ 13824052265521, 17487990630730369 ],, 
  [ 2336780161, 4957735184014337 ], [ 138617840060462017 ], 
  [ 1338583304795621, 37227551421850457995939656754813893011 ],, 
  [ 5550451134757 ],, [ 18807023522908072429750697 ], 
  [ 103819691298089284670071 ], 
  [ 2845782788676414553, 27116893463461891561, 5751648958667704919548013918793\
219001 ],, [ 550183236349, 3074504071519, 575221589441497196038639 ],, 
  [ 111165311791343602241, 40249779071782600311041 ], 
  [ 1229504143868468912791, 10430316650390934769850173 ], 
  [ 5783118798347956921 ], [ 1133117987, 2321718829, 223948356061 ], 
  [ 43533296786416033, 776531050556298769, 31052550829504612563231733729 ], 
  [ 9485021591 ], [ 703065437463353351, 895827116687619021767 ], 
  [ 18504896257 ], [ 3540334923369196899425789 ],, 
  [ 1258516120651, 1178935853596975801, 860213107527636674967451 ],, 
  [ 2440324399077827501166289 ], [ 21689934594589, 1072135798826828941 ],,,,, 
  [ 36964021001 ], [ 697147284763 ],,, [ 5895525099043 ],,, [ 4832789219941 ],
  [ 20183781536899, 72042558740359, 183265779187171, 254063327131553, 
      8572431819153886763, 2321533678217806792074065639, 
      31952551106432118356717204971428812551 ],, [ 114185320993741387517233 ],
  , [ 8113135181067041, 57890582639141411 ], [ 2344563217 ],,, 
  [ 2510398747, 40089582698974125737940511, 
      267840322706959455808791934849973672733967 ],,,,,, 
  [ 427461722172672306661 ],, [ 12199664731393956011145415921 ],, 
  [ 104986225696803615529 ],, [ 3757336604258316091951 ],, [ 134727733817 ], 
  [ 1979770654891 ],,, [ 44856948056594062699969 ],,,, 
  [ 23770428221, 1775748326437 ],, [ 1869738151051 ],,,, 
  [ 4480422380520113, 5357060688932921, 611912619600598285937129 ],, 
  [ 19793065729, 31608903217 ],,,, [ 6345491800740430223176513 ],, 
  [ 3588376732357196336904271 ],, [ 62771276101, 352090954681 ],,,, 
  [ 1474701808609, 6324314049773137185525622600431193 ],, 
  [ 174143221688738719 ],, [ 157488545792249761 ],, 
  [ 10894990989288684709987, 19259779798559039975029651 ],, 
  [ 4829291605241278561 ], [ 348146229601 ],,, [ 1135395306208117 ],, 
  [ 26158307536619684109961 ],,,, [ 4431516337 ],, [ 14291477163973 ],, 
  [ 22099154659, 4361353317898066567338871 ],, [ 3109376161 ],, 
  [ 5515205150093, 4178243029860197 ],,,, [ 6327141649 ],, 
  [ 11717700913, 9748940690561 ],,,, 
  [ 324554240178757, 27375931401911687016073, 10129516707709466141603509 ],, 
  [ 285115886969136397 ],, [ 1011633336199169 ],,,, [ 6311301836826221 ],,,,,
  , [ 28509368483 ],,,, [ 170036832670440121 ],,,,,,,,,, [ 9225481721 ],, 
  [ 4393356184783 ],,,, [ 99603916946249 ],, 
  [ 85464658090081, 15392787563208961 ],, [ 95779611671 ],,,,,,,,,,,,,,,, 
  [ 46382953938347539 ],, [ 91950505040857 ],, [ 7288115775652192511 ],, 
  [ 10134896406337 ],,,,,,,,,,,,,,,,,, 
  [ 95666884851818281, 5170736153090676631 ],,,,,, [ 1136061474913 ],,,,,, 
  [ 103575764029416751 ],,,,,, [ 1517460987850058593 ],, [ 120122596667501 ],,
  ,,,,,,,, [ 1276281921054961 ],,,,,,,,,,,,,,,,,,,,,,,,,,,,,, 
  [ 14386812826231, 194721560031571 ],,,,,,,,,,,,,,,,,, [ 1083300793 ],,,,,,,,
  ,,,,,,,,,,,,,,,,,,,,,,,,,,,,,,,,,,,,,,,,,,,,,,,,,,,,,,,,,,,,,,,, 
  [ 1395813642351841 ],,,,,,,,,,,,,,,,,,,,,,,,,,,,,, [ 2430369301 ] ];
