BRENTFACTORS[5503]:=[ ,,,,,,,,,,,,,,,,,, [ 2326024407523 ],,,, 
  [ 588797039385407691521423154103, 5918421267085072968562856986692174425251 ]
   ,,,,,, [ 4756728307 ],, 
  [ 3641554155287309773282923731, 2342097723534724417961857889904127, 
      42336503102762502323064417606114306300936610697 ],,,,,, 
  [ 4644767466235031 ],,,,,, [ 5148407717 ],,,, 
  [ 3836421437, 8215949681, 93683057764886573, 23613428141993835419 ],,,,,,,,,
  ,,, [ 3050040156205177996381 ],, [ 596592228978044023 ],,,,,, 
  [ 120816375161 ],,,, [ 16493474271530317, 266245021013884859 ],, 
  [ 1159167584147 ],,,,,,,,,, [ 7971482681, 1146826443925694572993171 ],,,,,, 
  [ 615116510297 ],,,,,,,,,,,,,,,,,,,, [ 138552023539, 479062539526701007 ],,,
  ,,,,,,,,,,,,,,,,,,,,,,,,,,,,,,,,,,,,,,, [ 4302034697 ],,,,,,,,,,,, 
  [ 4994150801895614687 ],,,, [ 214056030547 ],,,,,,,,,,,, [ 69299128631 ] ];
