BRENTFACTORS[917]:=[ ,,,,,,,,,,,,,,,,,, [ 586075464873971 ],,,, 
  [ 4443450952311653, 1465452086783206647779 ],, [ 5504241543493144201 ],, 
  [ 2121502429 ],, [ 12331392412291, 155286201329193752236313 ],, 
  [ 1697079136478441400293316271 ], [ 1396595590337, 4642141097921 ], 
  [ 249760256027767 ],,,, 
  [ 40364284175843623766934301, 417490684641388369692063393770956054189 ], 
  [ 80411251356837438377 ], [ 6849430789423 ],, 
  [ 220697051693145517339, 8878752188347095387419 ],, 
  [ 8222057557067636644603420882415653 ], 
  [ 1632737332859249, 12975734444917425017 ], [ 9231265003107972611363041 ],, 
  [ 289840362247, 576449110337, 
      102828156104249236079512519594527121155749621207752499 ], 
  [ 14605842786103969 ],,,, [ 1688141729 ], [ 30338805752455574012701 ],, 
  [ 15042916901, 43371431605378718567681501711720818441091 ], 
  [ 1794241289, 17704486073, 856682592998681 ], [ 28807265517351283 ], 
  [ 4630785968911, 43959515223023 ], 
  [ 2191396223449, 21992144009608121, 3627197135287856140392432531347 ], 
  [ 33047321101, 319483929481 ],,, [ 37499406554652882561026207573690211949 ],
  [ 75665547475457 ],,, [ 118076606141659667, 19762077399778069626719483 ], 
  [ 13139411249, 4936218482633, 23167551827555294069 ], 
  [ 1366175256640384361539, 19292080901935670127058447, 
      485767192699711859843998221727279 ], [ 38658219393896188148072081 ], 
  [ 3124897851091 ],, [ 23623122223, 8803075006487 ],, 
  [ 37440232291645951275601, 24120881585878608321304437458508451 ], 
  [ 167676112337, 35782179896598593 ],, [ 90879678448084835588136139543 ],,, 
  [ 8734521953161, 190425707535611480284708921, 55020925757594638711845660007,
      992148341484258452931829956153608146650559 ], 
  [ 9076797383, 526495498339, 59956405133574806674151 ],, 
  [ 8974619221, 860902367358718548110491693 ], [ 14809232858992541 ], 
  [ 655200388361868857144917410256122018259 ], [ 4824370731494868313 ], 
  [ 749841886290134366333333609 ],, [ 3406511100434131 ], 
  [ 1637689265514038148781383048581 ], [ 4312721097575758364353 ], 
  [ 22748378089 ], [ 92849647500141044893057 ], [ 308802614219096471 ], 
  [ 67571289697, 656358351399073, 1580728218368641 ],, 
  [ 100900169371, 152870447421163067591924735054388197 ], 
  [ 6591581619878674050391 ], [ 10060132801, 16597385793496736216351401 ],, 
  [ 436210124850043, 84676402798666873 ],, 
  [ 210294463127251673, 3232194255974545369, 11576692926105569654585639993 ], 
  [ 19467253051, 237263000311059294482246890350821459783161248751 ],, 
  [ 84861345597383 ], [ 78356930473, 23978133991873 ],, 
  [ 15276240160921962855601 ],,,,,, 
  [ 32737604101, 876578824549845436457, 8402236817485394080280539825547221, 
      149704869225280198293694741570862873117482489 ], 
  [ 70871734297439350577808481 ], [ 2720109097, 4909570541 ], 
  [ 4544640020631984841, 181053577350931692216559 ], 
  [ 3616404545611092322201 ],,,, [ 669235056203323241, 8127458543617510313 ], 
  [ 2150074501, 47946436001, 87979665001, 85182360638147501 ],,,, 
  [ 44454832417, 1431320400610921, 2273087187916837 ], 
  [ 9537139691, 565648281178205681, 
      5290343383561131840657911462518446040233467613961 ],, 
  [ 787272759252987188340242937945869967892957 ],,,, 
  [ 11749128337588119420409777, 88470362459270020845452342113 ],, 
  [ 2694354263540268162629439417083071351 ],, [ 25500752182420267874941 ], 
  [ 311676787904068970377, 16311582509875333635301, 61131955856057453078497 ],
  [ 31971050081, 24551553632131, 36981104204743 ], [ 61975932060901 ], 
  [ 146222594510106150816015923992459099441 ], [ 2168611840271 ],, 
  [ 6210575659 ], [ 1924759201817, 2992935575018260195167113 ],, 
  [ 8086770344329986641008573098178252351 ],,,, [ 139578883891339663 ], 
  [ 36357632041, 4948212212491, 8035467766680971 ], 
  [ 97375395598729, 9859966958062080913, 
      1842011730350451949759783457337461113 ],, [ 1696101014819499639084089 ],
  , [ 29667096613030827723186388801 ],, [ 2179511760724905727 ],, 
  [ 727954302321767402400361 ],, [ 192288804971 ],, [ 2492343169 ],,,, 
  [ 6064052891293, 525740776896697, 3489522395869150882861 ],, 
  [ 163427880281841649, 942076831166815981981, 1681022847902859987367, 
      7987259459680148581226762286904022983 ], [ 151646774862101 ], 
  [ 5816821105056350980098817 ],,,, 
  [ 1110209761, 53573585116425370413764967952806768087318178437910261 ],, 
  [ 10408086489347, 279964858614898825939775387 ],, 
  [ 65641174877393, 50945202304650617895209 ],,,,,, [ 460151477174235070901 ],
  ,,, [ 12665991305808437 ],,,, [ 535098416874627568410136063 ],, 
  [ 15261050201, 2093465136601, 201121120959406360001 ],,,,,, [ 344421834931 ]
   ,, [ 195403754417, 58745020639553, 1130695071035559680525057 ],, 
  [ 2021026670115811, 1239607058955660242069881, 
      44098830745754575788267311024629211223625656991 ],, 
  [ 17614390789, 4652822310601 ],, [ 10337980481 ],, 
  [ 3764250608271747822073 ],,,,,, [ 3323802649, 4102509420853 ],,,,,,,, 
  [ 7208771707871111184095521 ], [ 58893091762646989 ], [ 9670047449 ],, 
  [ 30674234344807 ],, [ 24587398463857, 49237544123591513 ],,,, 
  [ 15388092721, 762372095094389856340321 ],, [ 123019078982016043223 ],,,,,,,
  , [ 30685147356251 ],,,, [ 3829862039 ],,,,,, 
  [ 416150864221, 36622838818541, 42833768859831852241 ],,,, 
  [ 1340799769, 396172635673 ],,,,,, 
  [ 121322155671141472543141, 1180675027966108195030739293621 ],,,,,,,,,, 
  [ 23669666005534301676281 ],,,,,,,, 
  [ 46423474307353518049, 13082954188407142015327702015699201 ],,,,,, 
  [ 9063656244091 ],,,,,, [ 210207656253485701 ],,,,,, [ 1604638297 ],, 
  [ 26978575009 ],,,,,,,,,,,,,,,,,,,,,,,,,,,, [ 194109688417 ],,,,,,,,,,,,,, 
  [ 7707969151, 242726239001 ],,,, [ 10302314383 ],,,,,,,,,,,,,,,,,,,,,,,, 
  [ 2126085363229843 ],,,,,, [ 125920157569, 205635585694849 ],,,,,, 
  [ 674241691556941 ],,,,,,,,,,,,,,,,,,,,,,,,,,,,,,,,,,,,,,,,,,,,,,,,,,,,,,,,,
  ,,, [ 69632563436101 ],,,,,,,,,,,,,,,,,,,,,,,,,,,,,,,,,,,,,,,,,,,,,,,,,,,,,,
  ,,,,,,,,,,,,,,,,,,,,,,,,,,,,,,,,,,,,,,,,,,,,,,,,,,,,,,,,,,,,,,,,,,,,,,,,,,,,
  ,,,,,,,,,,,,,,,,,,,,,,,,,,,,,,,,,,,,,,,,,,,,,,,,,,,,,,,,,,,,,,,,,,,,,,,,,,,,
  ,,,,,,,,,,,,,,,,,,,,,,,,,,,,,,,,,,,,,,,,,,,,,,,,,,,,,,,,,,,,,,,,,,,,,,,,,,,,
  ,,,,,,,,,,,,,,,,,,,,,,,, [ 1120091520997 ],,,,,,,,,,,,,,,,,,,,,,,,,,,,,,,,,,
  ,,,,,,,,,,,,,,,,,,,,,,,,,,,,,,,,,,,,,,,,,,,,,,,,,,,,,,,,,,,,,,,,,,,,,,,,,,,,
  ,,,,,,,,,,,,,,,,,,,,,,,,,,,,,,,,,,,,,,,,,,,,,,,,,,,,,,,,,,,,,,,,,,,,,,,,,,,,
  ,,,,,,,,,,,,,,,,,,,,,,,,,,,,,,,,,,,,,,,,,,,,,,,,,,,,,,,,,,,,,,,,,,,,,,,,,,,,
  ,,,,,,,,,,,,,,,,,,,,,,,,,,,,,,,,,,,,,,,,,,,,,,,,,,,,,,,,,,,,,,,,,,,,,,,,,,,,
  ,,,,,,,,,,,,,,,,,,,,,,,,,,,,,,,,,,,,,,,, [ 205915397652740760139 ],,,,,,,,,,
  ,,,,,,,,,,,,,,,,,,,,,,,,,,,,,,,,,,,,,,,,,,,,,,,,,,,,,,,,,,,,,,,,,,,,,,,,,,,,
  ,,,,,,,,,,,,,,,,,,,,,,,,,,,,,,,,,,,,,,,,,,,,,,,,,,,,,,,,,,,,,,,,,,,,,,,,,,,,
  ,,,,,,,,,,,,,,,,,,,,,,,,,,,,,,,,,,,,,,,,,,,,,,,,,,,,,,,,,,,,,,,,,,,,,,,,,,,,
  ,,,,,,,,,,,,,,,,,,,,,,,,,,,,,,,,,,,,,,,,,,,,,,,,,,,,,,,,,,,,,,,,,,,,,,,,,,,,
  ,,,,,,,,,,,,,,,,,,,,,,,,,,,,,,,,,,,,,,,,,,,,,,,,,,,,,,,,,,,,,,,,,,,,,,,,,,,,
  ,,,,,,,,,,,,,,,,,,,,,,,,,,,,,,,,,,,,,,,,,,,,,,,,,,,,,,,,,,,,,,,,,,,,,,,,,,,,
  ,,,,,,,,,,,,,,,,,,,,,,,,,,,,,,,,,,,,,,,,,,,,,,,,,,,,,,,,,,,,,,,,,,,,,,,,,,,,
  ,,,,,,,,,,,,,,,,,,,,,,,,,,,,,,,,,,,,,,,,,,,,,,,,,,,,,,,,,,,,,,,,,,,,,,,,,,,,
  ,,,,,,,,,,,,,,,,,,,,,,,,,,,,,,,,,,,,,,,,,,,,,,,,,,,,,,,,,,,,,,,,,,,,,,,,,,,,
  ,,,,,,,,,,,,,,,,,,,,,,,,,,,,,,,,,,,,,,,,,,,,,,,,,,,,,,,,,,,,,,,,,,,,,,,,,,,,
  ,,,,,,,,,,,,,,,,,,,,,,,,,,,,,,,,,,,,,,,,,,,,,,,,,,,,,,,,,,,,,,,,,,,,,,,,,,,,
  ,,,,,,,,,,,,,,,,,,,,,,,,,,,,,,,,,,,,,,,,,,,,,,,,,,,,,,,,,,,,,,,,,,,,,,,,,,,,
  ,,,,,,,,,,,,,,,,,,,,,,,,,,,,,,,,,,,,,,,,,,,,,,,,,,,,,,,,,,,,,,,,,,,,,,,,,,,,
  ,,,,,,,,,,,,,,,,,,,,,,,,,,,,,,,,,,,,,,,,,,,,,,,,,,,,,,,,,,,,,,,,,,,,,,,,,,,,
  ,,,,,,,,,,,,,,,,,,,,,,,,,,,,,,,,,,,,,,,,,,,,,,,,,,,,,,,,,,,, 
  [ 6690872161, 11424323727433 ] ];
