BRENTFACTORS[9949]:=[ ,,,,,,,,,,,,,,,, [ 81416276214878331726821 ],, 
  [ 3485984303 ],,,, 
  [ 3636781431355427, 152088039040397565710895343137898238959825602184965209 ]
   ,,,,,, 
  [ 38181644161594183210147858246653937058321861, 6414052789917812981499220806\
5300398130230455989428139355849533819 ],, [ 4436592781823341110128734997881 ],
  ,,,,,,,,, [ 1822129000259, 160237313775251 ],, 
  [ 17397184069, 139948131707615477894741 ],,,, [ 211782590578496429 ],,,,,,,,
  ,,,,,, [ 27478633862310949 ],,,,,,,,,, [ 106357492919, 47594200725307 ],, 
  [ 221143154587, 5786537816677697 ],,,,,, [ 21074382963017 ],,,, 
  [ 136876266040487, 271285321013821 ],,,,,,,,,,,,,, 
  [ 8664622777, 27733155347, 5238047306907761 ],,,, 
  [ 10955996413, 11613830219, 941951878423 ],, [ 9079439102189 ],,,, 
  [ 3239231204597 ],,,,,,,,,,,,,,,,,,,,,,,,,,,,,,,, 
  [ 257753673943, 33600132902748653431 ] ];
