BRENTFACTORS[830]:=[ ,,,,,,,,,,,,,,,, [ 372581020628267224391 ],, 
  [ 23334282353541097 ],,, [ 125620415119 ], [ 65773356911, 262014109834793 ],
  , [ 236516238857021051 ], [ 16444735641023 ], [ 16016374461115153 ], 
  [ 213139563275129 ], [ 449626774369123691679007140087351341 ],, 
  [ 26512961214409, 84650451570651349033745231 ],,, [ 101649822217913 ], 
  [ 412532008060763221 ],, [ 4934420887901 ], [ 25117641737 ], 
  [ 1760228653, 44248111501913983, 4673032042528015609 ], 
  [ 5423452394125165441 ], [ 16221679074799446229, 19834097086314742392307 ], 
  [ 1491357171277 ], [ 100419937828481 ],, 
  [ 11160600391, 9304464462121, 2733363405774394077961 ], 
  [ 67509731023626713222461 ], 
  [ 136773634041223, 85595666512011479741549994178850888791377567209 ],, 
  [ 5790229213763, 69537212430543103, 8098911887034778495589 ], 
  [ 6025882201, 94002085123451 ], [ 18036396786285679, 4644676399346404507 ], 
  [ 363518236412184517 ], 
  [ 100000946431, 232464691993, 37033731320335501104534930313 ], 
  [ 1366373707454071 ],,, 
  [ 122214457987, 224197469863291, 799255746778455193, 3327324790308859771 ], 
  [ 17552373299243, 49653933339971, 67501938895412031299 ], 
  [ 399914672285905114186733 ],,, 
  [ 340029279641, 437766646130678723, 1003487470501118387 ],, 
  [ 1839389330382092267685580494441977117816730113 ], 
  [ 4274935953694055174071 ], [ 19401325483 ],,, [ 97978151077 ], 
  [ 1538357941, 430655454405727391 ],, [ 3009027492019864199233 ], 
  [ 1915525951969288512725237 ], 
  [ 7315645748239414679400427153780079056587761371 ], 
  [ 242253691836290434210021201 ], 
  [ 10334859697, 1538743511089000203255179722381695809 ],, 
  [ 6099943808654615691799 ],, [ 26892099653281, 88615094403841 ], 
  [ 30061791825958808242581865312981 ], [ 8639496955459, 3546736007298863 ], 
  [ 4257551401, 294583967726687 ], [ 34315360913653 ],, 
  [ 39336793781810554258693, 5273387144197256873311231, 
      147596327565826398515920951515451 ], [ 8361498993502044779817289 ], 
  [ 12665559457, 2203593027329, 4899251141929 ], [ 48165324051769 ], 
  [ 1502890188938911, 1324187390280337921981 ], [ 5926663113775288913393 ], 
  [ 189264765413, 1406542392224199294097301 ], [ 36203580799069521157 ], 
  [ 313588740605839 ], [ 27720079691754101 ], 
  [ 1420659937, 170875265569, 1129879011187000009438833217 ],,, 
  [ 49809742124855815914492986989084369 ], 
  [ 173770736837719864946021147648847401 ], 
  [ 461117698085221, 211602991867864601 ],,,, 
  [ 3683766474702015453794466458791, 
      117242097013708175862953719709072721140061620371 ], 
  [ 6628027361, 358019990221997, 40571996007944709722767477 ], 
  [ 5947528591307, 298200253309818437 ], [ 5924704581790259126160097 ],,, 
  [ 755659897687, 1772785333315618729 ], 
  [ 4734433055324888573858272120995286246326789485741297 ], [ 6180586240303 ],
  [ 139801208233, 341268882080881, 4758509901207190459287507388086543373 ], 
  [ 405857423620921, 43729614991561481, 227256877912182401 ],, 
  [ 21576080223361, 147518986280038309 ], [ 481940350439792003 ], 
  [ 229737649545040393 ],, [ 234031998000043 ],,, 
  [ 107928504097549, 773620706815353497, 2255949446059502660480933 ],,,, 
  [ 116577123453022950017 ], [ 1220108317 ], 
  [ 2154656098271, 1290288448252626034140048511 ],, 
  [ 7314353742542617, 2081081824580169181 ],, 
  [ 2442426577, 433927745626003, 3316442546352025388581817 ],, 
  [ 7516502561184889 ],, 
  [ 1235093345134264864790029, 2522169809725476765422683051, 
      973201335524819299344154545169 ],, 
  [ 1413216184929817770283408095456511851357694704010033662044136181 ],, 
  [ 14995369457075840455891, 5942306224459258545215583097 ], 
  [ 101423639136568607 ], 
  [ 18094094169187627873, 7305819944546044310496581238329184030564879368001231\
8641 ], [ 2118392322481 ], 
  [ 81870455678917, 45654276097056829, 35740397561474777642573825929 ],,,, 
  [ 1111514034709104910585501, 349244651006247736915359816797501482159024351 ]
   ,,,, [ 8692933481, 39831667877, 8475343986481170107 ],,,, 
  [ 32231338297, 2561939092802230711 ], [ 1001427157 ], 
  [ 14147071058944603841, 100382026481790204449761 ],, [ 788709340999 ],, 
  [ 2959531537, 989235240473 ], [ 40822271997098131, 1385986454308327741 ],,, 
  [ 82076585977, 11965258261649758129, 
      122882303315522314410608845043466705704194201 ],,, [ 178042926575179 ], 
  [ 4148986319249 ],, [ 223307239142971223209 ], 
  [ 37929505495351, 569052156261191051 ], 
  [ 1704798833, 69179370833, 26882522645969, 50851896359981173987729 ],, 
  [ 281526250879 ],,,, [ 4258088017, 130840103191981, 242922697670983513 ],, 
  [ 57499449329953 ],, [ 467031050765407, 574447881049825380897150851833 ],, 
  [ 1255020612352386195761 ], [ 299992505149 ],,,,, [ 9023903017 ],,,,,, 
  [ 123922201720739774461201 ],, 
  [ 6157586629288201433, 24666047493868040047, 102346405459218715989644687 ],
  , [ 7014080145649, 24233502778743039331621 ],,,,,, 
  [ 4938214589217159275077579096455475318966881304008686616181 ],,,, 
  [ 34629277152457547696627 ],, [ 1505489113, 6885469526329 ],,,,,, 
  [ 6871040971, 31519542463 ],, [ 107488636258300275553 ], 
  [ 15130559251, 504782024401, 1729086995677501, 10482588304981651 ], 
  [ 90427068058394237 ],,,,,, [ 10748061952075793 ],,,, 
  [ 693130329121, 916092771553, 23647440034105649 ],, [ 585379031384561 ],, 
  [ 4293805671361, 8533588401498176185921 ],, [ 30183570967054847 ], 
  [ 1630882821907 ], 
  [ 47146031117, 202705643741, 325167437897, 26581895147389 ],, 
  [ 43663502353 ],,,, [ 4008226465501 ],, 
  [ 21273343144453, 1032395443021153, 9050931933478877890212409 ],,,,,,,, 
  [ 1069561741 ],,,,,, [ 14580701399657, 504504616538959 ],,,,,,,,,, 
  [ 5000519062493821 ],,,,,, [ 549411282441949 ],,,,,, 
  [ 9765270721, 13391706817, 140974805953, 15468701867879307188841793 ],, 
  [ 5489426821 ],,,,,,,,,, [ 6265546382573213101 ],,,,,,,,,,,,,,,,,,,,,,,,,,,,
  ,, [ 1286260471, 43933730641530511 ],,,,,, [ 1089243549749713 ],,,, 
  [ 44168553706005101 ],,,,,,,,,, [ 438951262751 ],,,, [ 5179787827 ],,,,,,,,,
  ,,,,,,,,,,,,,,, [ 22177238253283, 164199839947417 ],,,,,,,,,,,, 
  [ 1490663560231, 6282754874371 ],,,,,,,,,,,,,,,,,,,,,,,,,,,,,,,,,,,,,,,,,,,,
  ,,,,,, [ 1474043756284858001 ],,,,,,,,,,,,,,,,,,,,,,,,,,,,,,,,,,,,,,,, 
  [ 7267303201 ],,,,,, 
  [ 31456621801819, 316796828479741, 16166024628567151760532667 ],,,,,,,,,,,,,
  ,,,,,,,,,,,,,,,,,,,,,,,,,,,,,,,,,,,,,,,,,,,,,,,,,,,,,,,,,,,,,,,,,,,,,,,,,,,,
  ,,,,,,,,,,,,,,,,,,,,,,,,,,,,,,,,,,,,,,,,,,,,,,,,,,,,,,,,,,,,,,,,,,,,,,,,,,,,
  ,,,,,,,,,,,,,,,,,,,,,,,,,,,,,,,,,,,,,,,,,,,,,,,,,,,,,,,,,,,,,,,,,,,,,,,,,,,,
  ,,,,,,,,,,,,,,,,,,,,,,,,,,,,,,,,,,,,,,,,,,,,,,,,,,,,,,,,,,,,,,,,,,,,,,,,,,,,
  ,,,,,,,,,,,,,,,,,,,,,,,,,,,,,,,,,,,,,,,,,,,,,,,,,,,,,,,,,,,,,,,,,,,,,,,,,,,,
  , [ 389051052550647521 ] ];
