BRENTFACTORS[9533]:=[ ,,,,,,,,,, [ 14840616783037 ],, 
  [ 11208015521, 1207072169473 ],,,, [ 961381494669847, 2511040262876753 ],, 
  [ 2311483381, 171530533666109, 24381639778352734497149 ],,,, 
  [ 8175334303466511347486362519 ],,,,,,,,,,,,,, 
  [ 1942848358299960148728700631431132016091191 ],,,, 
  [ 2994500620747, 128693430083663, 104829495379488890646428269 ],, 
  [ 2579626073, 3025167581984789676029191, 13797221965322603563618858191179 ],
  ,,, [ 172502546880244447, 37611152874820730865287 ],,,,,,,,,,,, 
  [ 196183253575019, 686131902496991, 301413989638248449, 5008054102190341831 
     ],, [ 62090871053, 115856434167671733061 ],,,,,, 
  [ 781188483737, 9181609123649, 50252853678410148996767 ],,,,,,,,,,,,,,,,,,,,
  ,, [ 40707508861 ],,,,,,,, [ 3979841713, 461061972953, 20041615356542903 ],,
  ,, [ 7489845487 ],, [ 6401765593 ],,,, [ 223417248721673 ],,,,,, 
  [ 1120601596997 ],,,,,,,,,,,,,,,,,,,,,,,,,,,,,,,,,,,,,,,,,,,,,,,,,, 
  [ 3110951497, 301442509159697 ],,,,,,,,,,,,,,,, [ 2363215997 ] ];
