BRENTFACTORS[455]:=[ ,,,,,,,,,,,,,,,,,, [ 3149776223317 ], [ 1373917981 ], 
  [ 7547724988357 ],,,,,,, [ 911098398953 ], 
  [ 60054637763, 335069753308672189 ],, [ 2363164411, 618857931233 ], 
  [ 3672249283169 ], [ 1064219642584957 ], [ 1131996189686273 ], 
  [ 224071720230541 ],, [ 15770269204311319 ],, 
  [ 155136598657, 7058566529401843 ],,,, 
  [ 1125900694800022919, 16988751818232249157 ], [ 28367191653490655549 ], 
  [ 120788908733881, 1703630269209601 ],, [ 246416448892943506606021 ],, 
  [ 6789320957435707516847687 ],, 
  [ 111508570890192816369319, 719999425006583358699720991 ],, 
  [ 9884718149, 75381816791 ],, 
  [ 981115616141, 13973371010171, 172509028141749421 ], 
  [ 2615347822921, 23725940407921529 ], 
  [ 2930635621, 114709308913, 783833338750936877233, 10451612075163386022169 ]
    , [ 907886891317101906408337 ], [ 3560411568254392444475063111831 ], 
  [ 1032199383301 ],,, [ 631612979171749, 11909875369141891 ],, 
  [ 502604569678511 ], [ 2914444218841 ], 
  [ 2756074883, 82044694908133, 51048298882261397273 ],, 
  [ 22070202051467178202393 ],, 
  [ 17386291283, 2440009339121, 112927840262099, 1232812521770485547, 
      20022252284757866382650012467 ], [ 82430638676641 ], 
  [ 6213664663, 131087054257, 24406263341764117469698111, 
      3434114550346134695969687533573 ],,,, 
  [ 196506297354891318174079029289499 ], [ 89148092749, 243664768777 ],, 
  [ 6117607779829302502976524386691121 ],,, [ 39464316548112809030233 ], 
  [ 3241918700636029 ], [ 1953211261 ], 
  [ 527437348521726298399683362722287841 ], [ 74368665882937 ],, 
  [ 111956925202727237 ], [ 1655937776786706871392389491 ], [ 6027155863 ], 
  [ 1623603462296138798125427986834113789807650582861029 ], 
  [ 3582863689, 280477159047001311877 ], 
  [ 171604693714958468054232741649628489437168631 ], 
  [ 4824573391081, 12470436376845921096841 ],,,, [ 4073649043229173 ], 
  [ 719055558286663420949053788335801 ],,, [ 6583018195522547 ],, 
  [ 894676050661, 265386948224670133203637681 ], 
  [ 1090251656623, 70408103422815295909880789617, 
      6143392986768862454362868114227 ],, [ 180461350124377673941 ],, 
  [ 578626119274677309881, 153092541050567861328851 ], 
  [ 37298999194027, 17091463039860751, 1570010892283695769 ], 
  [ 35626967473553 ], [ 1236213333227, 223366295173999 ],, [ 37386875131 ], 
  [ 27935479468921 ], [ 18439872049 ], [ 1150558529, 72638168090123 ], 
  [ 230271459488727368929771, 321952841995314412586368603 ], 
  [ 9862647810121 ], [ 2980987102567 ], [ 38146491521 ], 
  [ 2162683984943389, 185946569382883476279997 ], [ 390265106784737 ], 
  [ 742729330418467751 ], [ 4018267380926905739154647981859907 ],, 
  [ 5025246482177 ],,,,, [ 3395311111277, 150779455827001 ], 
  [ 1121537121092354531777117, 3040607376766813597171620131 ], 
  [ 677730841754098141 ], [ 1302968406121 ],, 
  [ 37639410386779881244876589803309341910777 ],, 
  [ 5440597158781, 1858235655627715421, 41954026404376666229609273925661 ], 
  [ 11019271417804887883 ], [ 98108581427, 389589642156270847 ], 
  [ 11884094115078329 ], 
  [ 971676891649, 55942421563297, 142322919156764624839653231384793304737 ],, 
  [ 105376697347, 4988311558468442431, 740018834372521948068017 ],, 
  [ 6137737897, 16064623509114377, 546658907315491969, 65911393390105834633 ],
  , [ 1327382913065915407534801 ],, 
  [ 141049715197650241, 4796127862671654337 ],, 
  [ 1204922788832687, 63602879528243441, 569131557889718980083191111, 
      1695134692316938214205122486415827563 ], [ 932446711271 ],,, 
  [ 52899506510197124045981 ],, [ 5191421441, 6106514921281 ],,,,, 
  [ 8620952577466097551, 28036400366869783351, 8769279565098648700501 ],,, 
  [ 282897777518171438190068535532369172874049 ],, 
  [ 5228430751, 3838516116425191, 276515974571954904791, 
      1049730581307314543171, 785461539391397619921517035750635851 ], 
  [ 2981949814151857 ],,, [ 10857768522538259551 ],, [ 102356454046986481 ],,,
  , [ 7297522860143066308487103699164654907161674972646701 ],, 
  [ 39414354415706089 ], [ 3955199497, 332319590667780858127 ], 
  [ 378695386046439721388201 ],, [ 26286013403841913412491 ],,, 
  [ 2182847941 ], [ 44127378250471219421 ],, [ 743882909215765259444591233 ],
  , [ 28423882841 ],,,, [ 291368672392580418043, 83743447134579479903263807 ],
  , [ 9065920601 ],,,, [ 322756498318561 ],,,, 
  [ 7727000581793273873, 881853802068838706198417 ],, 
  [ 1992858631, 51677392542535148219953343447521, 
      7517258876554172312534622307421947601851 ],,,,,, [ 86397197503033 ],,,, 
  [ 156951405161, 797830003961 ],,,,,,,,,, [ 29821934551 ], [ 123855590629 ], 
  [ 253612226801, 26628157129433 ],,,, [ 3631976993429 ],,,, 
  [ 71975199243199364263441, 2151475298250804176750401 ],,,,,, 
  [ 7049806009, 29509699981, 322375895029, 338034755843977, 
      6670209702128660053 ],,,, 
  [ 375203110665035501, 2835922716724419798298751 ],,,, [ 38556813988073 ],,,
  , [ 1177965672361, 2318802265441, 20210135459719, 39537529891621 ],, 
  [ 82390157351321 ],,,,,,,,,, [ 52558581960669383407793972431 ],,,,,, 
  [ 1474669381 ],,,, [ 9436886482241, 1693101193171361 ],, 
  [ 1244524395564955669 ],,,,,, [ 26856742177 ],, [ 502096267601 ],,,,,,,,,, 
  [ 1848526812001, 228583770610201, 12844934470692001 ],,,,,,,,,, 
  [ 69845262691, 1122801558101 ],, 
  [ 20065164601, 6775069329320721313, 31090642680414044521 ],,,,,,,,,,,, 
  [ 147400444657 ],,,,,, [ 35241139351302533166541 ],,,,,, [ 12328467649 ],,,,
  ,,,,,,,,,,,,,,,,,,,,,,,,,,,,,,,, [ 14539279410707714017 ],,,,,,,,,,,, 
  [ 3918324097 ],,,,,,,,,,,,,,,,,,,,,,,, [ 731398639393 ],,,,,,,,,,,, 
  [ 1428478724955661 ],,,,,,,,,,,,,,,,,,,,,,,,,,,,,, 
  [ 2186176051, 4462665932306251 ],,,,, [ 12381476381, 6203458463021 ],,,,,,,,
  ,,,,,,,,,,,,,,,,, [ 475435756321, 8119964907841 ] ];
