BRENTFACTORS[502]:=[ ,,,,,,,,,, [ 7633655063 ],,,,,,,, [ 1493317648739325601 ]
   ,,,,,, [ 737607279401 ], [ 1055515447403 ],,, 
  [ 4118096444785541, 6174868562546779026431 ],, 
  [ 359068539990383, 3893335675462864170178409 ], [ 7894058017 ], 
  [ 6792609451 ],, [ 4352944331, 7184691732369971, 308651262450139421 ],,, 
  [ 6426576683, 203834839399 ], [ 26851969951 ], [ 2770052974321 ], 
  [ 2384005517 ],, 
  [ 33207560994449, 10068817638048381728291, 341594302882824691593903934800685\
9 ], [ 508163944201, 2379280924109 ], [ 74558860291, 39775964993183924486461 ]
   ,, [ 889792350487 ],,, [ 455690269473301 ], 
  [ 1240402519, 26334079806817, 12791860440515511541 ], 
  [ 4936355737, 7346256997 ], 
  [ 1769233387, 3349953193, 394165147818373, 103142316433617272638189751042511\
7 ], [ 5927688649 ], [ 65354910248431 ],, [ 141272575111 ],, 
  [ 2201186276934461, 16664544205622230484179 ], [ 3634859401 ], 
  [ 2701774547, 26393801834903 ], 
  [ 452776534213, 19421954354477, 1630485270106081799 ],,, 
  [ 690814269884901634343119992511, 870699823149485198225930963136433711871 ],
  , [ 7396525928461 ], [ 273648636343886369 ], [ 12861157611080999390627599 ],
  [ 56072547812051, 9603486201493871 ], [ 11924402431 ], 
  [ 78912547896479041, 6005629214244552817 ], [ 8845667107 ], 
  [ 896704623016195487977848751252283 ], 
  [ 6954275437951, 22389387301508159753572554687991059095570629651 ], 
  [ 108839335182264893 ], [ 11632183501247 ],, [ 3864630215723289851 ], 
  [ 163139204528801, 181295189933441 ], 
  [ 65777650712944417683977680000175401 ], 
  [ 43769498957717399, 69037208652226497022160340040187003 ], 
  [ 8164015509670754317766170779686501 ],, 
  [ 105222331618858631, 2323992035873929511394001 ], 
  [ 23697278200033, 230515308915337829 ], [ 307505828686090807 ], 
  [ 65371695203320621555103094749805009704809 ], 
  [ 474675959929, 3526537189397, 1947946069230326713, 10937533745003936586827 
     ],, [ 29197114178667486829777819 ], [ 5171445856918529 ],, 
  [ 2084580928841, 30184763805863, 3444112812675604039, 
      48956352029591976798121 ], 
  [ 747379324455871, 1789233552910971862810051, 
      121916292961156067930501531762253331 ], 
  [ 18555006721, 8261785920860833, 991880949767543937121 ],, 
  [ 1530087917989303 ], [ 8349893373952809598682034828667 ],, 
  [ 2636890219961, 1885620442539446731 ], 
  [ 188101463899, 8687905069716798838579 ], 
  [ 1146243195749, 14317416150890113 ], 
  [ 22523173338134353, 449642255144677593883423408321817 ], 
  [ 2515170421, 4019528110192390951 ],,,,, 
  [ 12647183091485778839959454330360867911 ], 
  [ 2433146636964065989344760027963 ], [ 127065172820149906303414050899617 ], 
  [ 5881178041179775342759 ], [ 242291534837750335822936663 ], 
  [ 79377893941, 282568409231, 2056896523636438800920855441 ], 
  [ 4372649131328473 ], [ 6837444199, 188742934991521 ], 
  [ 6941480627, 108227042578950119147, 5328536828557521452759 ], 
  [ 48094541867, 2350307622181 ], [ 1910874126503235069172691161 ], 
  [ 12173048368889 ],, [ 309830752735291 ],,, 
  [ 4598985763, 4673587286687055031, 350465367645235973719 ], 
  [ 13097307387444116957 ],, 
  [ 37877504773, 7086585476014843, 3022207971588019796575462927 ], 
  [ 2622015971560202011708182881 ],, 
  [ 4769151949, 1163671150357, 4594185310337690179597, 
      12815132235354640570687837 ], 
  [ 1723116347, 143090783417, 6641242303781 ],, [ 57722544811 ], 
  [ 9854169560529824534744771233 ],, 
  [ 2063828988969157, 14014234814827327335998070126824467987 ],, 
  [ 169432865581561 ], [ 1511014672520407 ], [ 539898552239483228959 ], 
  [ 6896744301727708895611 ], 
  [ 365655917521, 5143099976660449, 34624907801268193 ],,, [ 4980068941 ], 
  [ 20179217947673, 296599435235249, 865132814238653, 
      14428525845076553846098263497 ],, 
  [ 8842036147932601, 1967420974387178896316049760755928410451 ],, 
  [ 177148211521 ],, [ 7686543187883869, 8892160186233004297 ], 
  [ 86950740757171 ], [ 22313406649, 2645992897381237 ],,, [ 338669823511 ],,,
  ,, [ 14403492209, 6029571149350087841, 336481024955858519914149303521 ], 
  [ 6661300715071861 ], [ 127771103325471733957031 ],, 
  [ 2328173548738022833, 32922191029548072760943569, 
      57249253755308984426963511817 ],, 
  [ 4358669951, 57440256031, 191061049931 ],,,,,,, 
  [ 10569691520809, 36295698512377459 ], [ 594620993443371399286003 ],,,, 
  [ 21461414356678297, 51296058975168462547 ], [ 3585377359 ], 
  [ 17160152249, 566907854801, 299735248894337, 11786927708537921333873 ],, 
  [ 3459263341, 983089398007 ],, [ 1603310303893427423009 ],,,, 
  [ 9632379073, 266879878739713 ],, [ 97030011607, 337280463073 ], 
  [ 28182942841, 30948773311 ], [ 2639515278285481 ],, 
  [ 96716036850247, 102020020192870064538067 ],,,, [ 2653928660528896818829 ],
  , [ 377655750472310331514417 ],,,, [ 1143826675778469444737 ],,,,,,,,,,,, 
  [ 110499423761, 21202491138041401 ],,,, [ 103122954269220230223827873 ], 
  [ 4960175854951, 258480955604701, 116078330122480801 ], 
  [ 340385495939, 5021117628488548813 ],,,, [ 1596008516261 ],, 
  [ 131760650854111817 ],,,, [ 50881338260225761 ],, 
  [ 1071497991677, 170053463414479 ],,,, 
  [ 5230882273, 46531036421, 365095602946051759 ],,,, [ 5202943677301 ],,,,,,,
  , [ 19603820839 ], [ 4438175293471 ],,, 
  [ 311399296586467, 1249587613242066871, 1173434486397927931939 ],,,,,, 
  [ 154235613577, 41139489794569, 1066390459813801 ],,,,,,,, 
  [ 2133981169, 263974446881 ],,,, 
  [ 13571513677, 741361512284941, 3316944828464227264368481 ],,,,,,,,,, 
  [ 610664324843 ],, 
  [ 2644340833, 44469981217, 3284700951179233, 206401744533101744161 ],,,,,,,,
  ,,,,,,,,,, [ 15087620334438937 ],,,,,, [ 3112708276752049 ],,,,,,,,,,,, 
  [ 1837416386864089 ],,,,,, [ 1634743075325251 ],,,,,, 
  [ 76833840049, 178852108177 ],,,,,, [ 2393991109 ],,,,,, [ 4141203784849 ],
  , [ 8208945851 ],,,, [ 890122601959, 714002664279510367 ],,,,,,,,,,,, 
  [ 179413977751 ],,,,,,,,,,,, [ 10376331892417 ],,,,,,,,,,,, 
  [ 5496810855511 ],,,,,, [ 105119435521, 95961805110809353 ],,,,,,,,,,,, 
  [ 91012932405455667793, 16034705178914298163901329 ],,,,,,,,,,,, 
  [ 1730447627745481 ],,,,,,,,,,,,,,,,,,,,,,,,,,,,,, 
  [ 11910465901, 188013298051 ],,,,,,,,,,,,,,,,,,,,,,,,,,,,,, [ 2858355361 ] 
 ];
