BRENTFACTORS[3061]:=
[ ,,,,,,,,,,,,,,,,,,,,,,,,,,,, [ 204198458772597299364113 ],, 
  [ 1056442973383479323, 3184321400279817143, 1101427081860630612459975128753,
      101677084782788728803173374602645274943 ],,,,,, 
  [ 23018735763719, 173566239053229719133698508827, 
      6537369736504218373876638654177611, 
      79631653083847197467248901756480994420938316871 ],,,, 
  [ 48791641900433, 15595260344551487, 14544838797841798092039762045332863 ],
  , [ 79010688583 ],,,, [ 18898541721203 ],,,,,, [ 2678845781 ],,,,,, 
  [ 143829971873214040908803173 ],, 
  [ 448206495427, 17841641609248183, 391035150600935083, 
      530548748643675951067910197 ],,,,,, 
  [ 2314953140555106795463789, 42319469760977026922387081 ],,,, 
  [ 302431171607733250907581544360149 ],, [ 4517342141309, 24180057463275479 ]
   ,,,,,, [ 210298066519, 502806237268253, 111590558778200705387 ],,,,,,,,,,,,
  ,,,,,,,,,,,,,,,, [ 7847711059 ],,,,,,,,,,,,,,,,,,,, [ 295705404271 ],,,,,,,,
  ,,,, [ 4356229603147658250797 ],,,,,,,,,, [ 124421149933579 ],,,,,,,, 
  [ 44820483089 ],,,,,,,,,,,,,,,,,,,,,, [ 36074229791 ] ];
