BRENTFACTORS[655]:=[ ,,,,,,,,,,,, [ 1068649422881 ],,,,,, [ 5842046742803 ],,,
  , [ 1009136484833801 ],,, [ 7501630189 ],, [ 223592536320161 ], 
  [ 367310430663577805075255486729 ],, [ 3891898239877898557 ], 
  [ 8875090328257 ], [ 734733733339 ], [ 221123984023277519 ], 
  [ 464259607421, 230782358549680940731 ],, 
  [ 25377222017803, 4765530397298930128792633032195406367 ],, [ 14429214697 ],
  , [ 294344938215403, 588757816798879407307 ],, 
  [ 2484798689, 4081451536410848872321756339, 
      624521609924954844844455134935973 ], [ 8579883562009 ], 
  [ 2020900376894261713651 ],, 
  [ 1968129896354899729, 100924965537081516991969007 ],, 
  [ 2911020609631, 46831781948841477136016749 ], [ 1548136473601 ], 
  [ 16234826533, 149509432285077331, 23773682508805411546127032537 ],, 
  [ 54025226986307, 11489083546255919750515582541056513 ], 
  [ 13779695123524621 ], 
  [ 21016853465074207841, 137610125553685974051951732934012054931941 ], 
  [ 83843201513, 496748756561 ], 
  [ 25435094337920419, 23278462814121234858883, 262267566803988880810063 ],, 
  [ 7769342611957, 28432084564067, 108052005099697 ], 
  [ 9768544501, 21133971744181 ], [ 2532561567118457417134874767 ], 
  [ 3108289711 ],, [ 294415906473667478025217, 1379355674875878045026128577 ],
  [ 36703395872220407113320811, 3036817704047954150509664708362810720941301 ],
  [ 5663687503 ],, 
  [ 5431977361, 3384406489392371297, 167353988209917916179161 ], 
  [ 9668589465999909489340367186041 ],, 
  [ 724967989390439, 182354359817474209 ], [ 54065543646167569 ], 
  [ 921417610067 ], [ 2090729237941, 9627172754164722217 ], 
  [ 14526225601, 83700925358551 ], [ 148563546932399240375344974893 ],, 
  [ 41788301927881081 ], [ 394035591767309 ], [ 46132659298417679209361 ], 
  [ 7397564437, 331778829169 ],, [ 2557955047663 ], [ 112277760307232017 ], 
  [ 43098846421, 22112307735467605077131 ],,, 
  [ 213794505128786169457, 49718230260327904837829904530925769 ], 
  [ 262317240716190713497, 23238985038528133512401 ], 
  [ 3126087975242113714621 ],, 
  [ 24022300576957, 114908511497035067549, 585284314186624543360726709 ], 
  [ 18780872103929340544010497 ], 
  [ 30064884331, 1522805556707942141909264089709 ], 
  [ 1108733221, 451767464259889726681 ], 
  [ 585987492236621610364141525731510446308093249 ], [ 11774451313 ], 
  [ 413274296023282168704623198281 ],, 
  [ 1709679969999268901, 2236772970954684101, 4620845754514219926323567101 ],,
  ,, 
  [ 2063971937, 6588268512697, 5395586301915473, 25060622211387625097435795483\
3, 340134872834704354130739689120617 ], [ 2997413298625621 ], 
  [ 3357942313239377 ],, [ 449338503936203665417 ],, 
  [ 2743936801, 7294228481, 24860669040791 ],, 
  [ 9453652938512509775067027457 ], [ 13843611017 ], 
  [ 6388113523164767144644367041035174608984181079 ], [ 322350934770961 ],,, 
  [ 11703359548765779404299619 ],,,, [ 57502094491019, 1214575135592723 ],, 
  [ 25847534974419569 ], [ 4919596692867619001 ],,, 
  [ 21698718721, 6175509899016961, 25106593472456164818689 ], [ 12240199831 ],
  [ 3596413861, 43769212899361, 36616878640735901 ],, 
  [ 130996513975273, 57923647189844437, 2320433937110150401 ],, 
  [ 78504497117618869571, 46298425433147439354317903 ], 
  [ 72867110902816728139311511 ], [ 1040869191204473 ],, 
  [ 1180127287, 1608106255468429, 12051889923443090412198415627843, 
      7130832244675126433846097165614317 ],, [ 3008098661, 641277123979801 ], 
  [ 356700327125563, 92383447158830361229, 1134173956695307166029219 ],,, 
  [ 23583743976543642289 ],, [ 5319062657, 9701265566197 ], 
  [ 1037104178868619 ],,,,, 
  [ 3276560489, 128879573950038285097, 1009416633125740376081, 
      553182336208075981922737 ],, [ 5737689645070784678590237 ],, 
  [ 1569068043690060208461624080235892362989838817 ],, 
  [ 65979794540272219931 ],, [ 107697552579041 ],, [ 627094272711844161883 ],,
  , [ 3473348341, 6228481381, 104233575798661 ],,, 
  [ 209248067254369249, 1549738262578498523466557423037565729 ],,,, 
  [ 2037229921, 2089606501, 108252968418088217 ],,,,, [ 2636168168899 ], 
  [ 15642968233, 98167617127, 3704369081346391 ],, 
  [ 72855696211707245404634253544451304963018826475101 ],, 
  [ 145265028146547799309 ],, [ 107586217169, 2363844321936964384769 ],, 
  [ 15470628913496461 ],,,, [ 107753206124051, 3580178078903171 ],, 
  [ 9932916925542694849, 32729219383353299329, 
      7981133167010118124891162367809 ],, 
  [ 92861984851, 1142126218278791280521699 ],, [ 9025099301, 229370917180861 ]
   ,, [ 110431124101, 1505636921647, 63273178496881 ],, 
  [ 4780551401, 20415040001, 35031844340401, 182520909958384058081401 ],, 
  [ 294220884667 ],, [ 770528595713427304015995589 ],, 
  [ 3049240429, 7060879279, 2517372010469 ],,,,,,,,,,,,,, [ 3870791101 ],, 
  [ 1711936730772849508584127 ],, [ 4116196001, 36976808758849 ], 
  [ 22259456551, 1023152351350594501 ],,, [ 20514908557645213 ],,,,,, 
  [ 78887715427, 296153137044072354027660121, 1084352896959737342082635881 ],
  , [ 6736352141, 21634946308453 ],,,,,, 
  [ 2805908314862137, 3395113992658980323887 ],,,, [ 2741385808009 ],, 
  [ 52106512486129 ],,,, [ 4749816148618185793 ],,,, [ 192900160001 ],,,, 
  [ 230099754502021 ],,,,,, [ 166460945449, 41028191091007 ],,,, 
  [ 4043792724861241384111 ],,,,,,,,,, [ 11793111224789161 ],,,,,,,, 
  [ 102746377545121, 127727582784088854635785153, 
      38019008972432413520202755233 ],,,,,,,,,,,, [ 2074885210162364101 ],,,,,
  , [ 542426248847478143899 ],, [ 6882732157258189 ],, [ 114972139666211 ],,,,
  ,,,,,, [ 1065366481601, 3698657961281 ],,,,,,,,,,,,,,,,,,,,,,,,,,,, 
  [ 101607874856080371553, 390581145540184471799401 ],,,,,, 
  [ 2904881993696234779 ],,,,,,,,,,,,,,,,,, [ 52180924421749 ],,,,,,,,,,,, 
  [ 1784977153, 104719013761, 41514952392961 ],,,,,,,,,,,,,,,,,,,,,,,, 
  [ 5357574889, 103430042041 ],,,,,,,,,,,, [ 49183918561, 164977120981 ] ];
