BRENTFACTORS[2267]:=[ ,,,,,,,,,,,,,,,, [ 3453389419, 254266770451 ],, 
  [ 13398717313 ],,,, [ 106393596973 ],,,,,, 
  [ 242251659027605036364583035019098458149, 
      5509769436299527498207872635982943403057 ],, 
  [ 77900250859, 44164502545803557, 5308943505909330083, 
      1077784866225885309069256423, 2341988909230266001560764431 ],,,,,, 
  [ 542242029187 ],,,, [ 624148164661597 ],, [ 625109298542693100187 ],,,, 
  [ 61952615730873451 ],,,,,, 
  [ 26882121769313, 394749202363855483, 3734524496439643616712660997 ],,,,,, 
  [ 19719247891536504243498161, 12256271339914191223638916177855703 ],, 
  [ 98521530938271754441, 16902326571497536432304057 ],,,,,, 
  [ 630313655734786493 ],,,, [ 7039765021, 115827127478162605148783653 ],, 
  [ 82290489979, 1859364590423, 154469111535636399086197883 ],,,,,,,,,,,,,,,, 
  [ 110218035211, 743151758659403 ],,,,,,,,,,,,,,,,,,,, 
  [ 7173397169394166849, 8202013164824002019, 211549990042422803777 ],,,, 
  [ 1066526815209888525743386753 ],,,,,,,,,,,,,, 
  [ 15092264203, 1125994305539, 11013587761539128419247767 ],,,, 
  [ 552053121023 ],,,,,, [ 1243943278026447924735091 ],,,,,,,,,,,,,, 
  [ 116015892818458067 ],,,,,,,,,,,,,,,,,,,,,,,,,,,,,,,,,,,,,,,, 
  [ 226401289607 ],,,,,, [ 49955173321 ],,,,,,,,,,,,,, [ 13164445297 ] ];
