BRENTFACTORS[148]:=[ ,,,,,,,,,,,,,,,,,, [ 789304538623 ],,,, 
  [ 4092913757, 180767072371601 ],, [ 1646080607019095501 ], [ 2955281837 ], 
  [ 1443189961 ],, [ 2487918817, 572395066333, 1513223078989 ],, 
  [ 134169078192277 ],,, [ 2987798893 ], [ 4356368381 ],, 
  [ 133207314827, 10983490593006583 ], [ 15787208262457 ], 
  [ 3972109028386831012792879 ], [ 126640378441 ], 
  [ 4013693101740263, 2597276744319182554795730423 ],, 
  [ 613911024941, 1195436698523, 4781440058935282458404544259 ],,,, 
  [ 114132773337911 ],, [ 12061574642720740560526155341419291448144999 ], 
  [ 1250473127051 ], [ 13167969379 ], [ 27736741397 ], 
  [ 36972542143687574107 ], [ 126267412519 ],, [ 2245446953, 29395271473 ], 
  [ 397888130641, 5594725619812837, 69040798794426951097 ], [ 4501851077 ], 
  [ 30420048139577 ],,,,, [ 58551190915073 ], 
  [ 1495706291171, 86450297511214889945244235455751282031 ],, 
  [ 876745920449234643116204041959983 ],, [ 3627629184129859 ],, 
  [ 14471975266480715785769339, 346052276126472154485103888181364299 ], 
  [ 135346927546513 ], [ 2063294784795187 ], [ 117579470537 ], 
  [ 2917778990824226259571045405973066551 ], [ 47668235574959099152545602269 ]
    , [ 17641273651 ], [ 1108201347304246641889 ], [ 1841282594281014832237 ],
  [ 200091639433626001 ], 
  [ 2509151650309, 2332746546744178815351797107, 63316017462309395968679637280\
16431 ], [ 1541129321 ], 
  [ 1127825387279594699, 2251414509867120512192103405299, 
      2219863589367663652290757249379365147112643023312276785699924567 ], 
  [ 232024111439516043397 ], [ 2385663551, 3134650741 ],, 
  [ 1442460779678851733653, 22934203267418363186671, 
      1942845890846429717399359 ], 
  [ 166109918361632397329, 105223527686590552424910145897169 ], 
  [ 413235360842807 ],, [ 2272114573, 466533075730193300752496119 ], 
  [ 72397985056486217 ], 
  [ 380447787583219, 4442994272710745741005155345161827 ], [ 50357607151 ], 
  [ 2148401063801 ],, [ 59109117573412051 ], 
  [ 1226005695503, 2007006212262661 ], [ 326650022042653 ], 
  [ 258367012301, 1453902929268301, 5769446147495084501 ], 
  [ 144747188076724392403 ], [ 2634767203 ], [ 1342157569 ], 
  [ 38033114002937, 1286001073950029440121, 5329371795869067288473 ],, 
  [ 3775775771477, 27440683450021 ], 
  [ 186299035147, 1702545882749, 17408263473907, 286648447033799 ], 
  [ 5805998240764723971680593 ], [ 172324403251129 ],, 
  [ 6476268583, 8484145654950537085562683, 
      96199848495085013507830111651192821223004310067951813 ], 
  [ 421566868400974070321, 436369328742176150643953, 
      179871084887796966358348081 ], [ 42735745043 ], [ 8206114099 ],, 
  [ 1339791646493 ],, 
  [ 10394551587463217631150219439, 25385475270974928141465461199943714771 ],, 
  [ 1634845400446598595424774081 ], [ 81193679909 ], 
  [ 450258659281062552139350539152181686188564383183617 ], 
  [ 5806369155795451 ],,, [ 163988235542867149 ],, 
  [ 7307563777, 192705837156377473 ],, 
  [ 1791455935234681, 976906168687839521 ],, 
  [ 2214132163374020129871784065479538722917 ],, 
  [ 336492824053, 925121022780695738601944529107, 
      29031512591238896855493906014343611148569249681 ], 
  [ 74195744528431, 206937942192721, 16611503068233152566319341 ], 
  [ 2451290034096402920941379947537, 3376671698659449498001766514713, 
      11768747648269725775449393461497 ],, [ 2214296334257419 ],, 
  [ 4689436692102137899841 ], [ 72184057268967277 ],, [ 10826578907 ], 
  [ 757495920768463529984748673, 70728808621496984498352564505729 ],, 
  [ 688001270329, 6252806370971336958713, 10543978385727893782933647529, 
      1210040719360210802844072036659 ],, [ 186772823252513555181865849 ],, 
  [ 2275225807201, 3395614947301 ],, [ 17834772660668233 ], 
  [ 2328686317, 606519778069, 96555587936375881 ], 
  [ 1353129756493928759039, 10317888533819978596703573563197755996854317079 ],
  [ 11518069841 ], [ 800412103921, 144420332186209 ],,,, 
  [ 168638083986097441 ],, [ 1284469265998655114773627 ],, 
  [ 3000228793, 16913724290650814346029, 665142246108406307176781 ],,,, 
  [ 1552396815466585680935113, 2614426408800126972434377 ],, 
  [ 500708685509261 ], [ 3420184681, 261080038592001253 ], 
  [ 156089691927486937, 553082082896704351990397 ],, [ 237668832757561 ], 
  [ 5023255651, 5576851001 ], [ 115521533262257 ],,,, 
  [ 6631218901, 9512232593049808150241440415161 ],,,, 
  [ 297355287061679196817 ],,,,, [ 89947624807531 ], 
  [ 25606547094241, 91467664323922685581 ],, [ 2522322433, 2436501341569 ],, 
  [ 123827532307 ], [ 36289347121, 4229287057321 ], [ 3283207873681 ],, 
  [ 45320244846427, 74604359595943, 7812725162272639177672735117671675601 ],, 
  [ 361720274663201, 25990203899217054001 ],, [ 75665801200939789129 ],, 
  [ 9854222041, 56038027954557258356961793 ],, [ 400797205001 ],, 
  [ 282279875489 ],, [ 297161049440207456361561018590882463344403511 ],, 
  [ 22876272977, 224637529311841 ],,,, 
  [ 3648553747467490009, 67810274374711043017 ],,,,,,,,,, 
  [ 48713595107, 359806551831511 ],, [ 1768777033, 35457969161029 ],, 
  [ 574645519621721, 124063498877199241, 588661620539619264905231 ],,,, 
  [ 98480220051922230601 ],,,, [ 1374215809, 1836004786612671026568049 ],,,,,,
  ,,,,,,,,,,, [ 9148010761, 39801650011 ], [ 6116499777793 ],, [ 3086789143 ],
  , [ 3798257390981, 18939474811141 ],,,,,, [ 436015394123 ],,,, 
  [ 26751831000920548873879411 ],, [ 9949221713 ],,,, [ 1046434957 ],,,, 
  [ 44125155513831729401 ],, [ 4317717397482283 ],,,, [ 70920368663 ],, 
  [ 2849317633, 1345981056230575911169 ],, [ 4250486446061 ],,,, 
  [ 185608389210427691156097940849 ],,,,,, [ 99388131095062572277201 ],,,,,, 
  [ 67045473309007 ],, [ 2190645689, 22839847801, 35944354909 ],,,, 
  [ 3832028207359607737 ],,,,,, 
  [ 1818838207, 313443117620011, 7976981545330669 ],, [ 5178198721 ],,,,,,,,,
  , [ 2248363028652580291 ],,,,,, [ 9672141434929 ],,,,,, [ 1287911938066021 ]
   ,,,,,,,,,,,,,,,,,, [ 82039919136841 ],,,,,,,,,,,,,,,,,,,,,,,,,,,,,,,,,,,, 
  [ 3335969100421, 17856825517414621 ],,,, [ 14163067201, 282895939711601 ],,,
  ,,,,,,,,,,,,,,,,,,,,,,,,,,,,,,,,,,,,,,,,,,,,,,,,,,,,,,,,,,, 
  [ 3701227706947, 1400222850482611 ],,,,,,,,,,,,,,,,,,,,,,,,,,,,,,,,,,,,,,,,,
  ,,,,,,,,,,,,,,,,,,,,,,,,,,,,,,,,,,,,,,,,,,,,,,,,,,,,,,,,,,,,,,,,,,,,,,,,,,,,
  ,,,,,,,,,,,,,,,,,,,,, [ 293724190801, 613520733601 ] ];
