BRENTFACTORS[105]:=[ ,,,,,,,,,,,,,,,,,,,,,, [ 28793668006219 ],,,, 
  [ 15386603941 ],, [ 61187504633271531539 ],,,,, [ 21672010764541 ],,, 
  [ 1360090032827015267, 234897467451758107343 ], [ 1103623133 ],,, 
  [ 765973830551, 15041543595261753369404388896654699 ],,,,,,, 
  [ 19392415267777 ],,, [ 13552602924335473, 70276606872804481 ],, 
  [ 5556352309 ],, [ 871250749718911, 443998304259486270361 ],, 
  [ 1123576021, 266296251649, 1922638776949663 ], [ 14206179406253 ], 
  [ 1721132418992755836109678991110828777 ], [ 155633938441 ], 
  [ 556975729532671, 2679957015280780046004113155581727 ],,,,,, 
  [ 2480038367 ], [ 223738413320501618650037 ], 
  [ 1931422609, 76596687198631459104802411 ], [ 1539844729081 ], 
  [ 15587360122604323577664380866900789, 
      7842801120640828304356223642874142673 ], 
  [ 258230687576361428521, 1007611799944888394497 ], [ 20118496759 ], 
  [ 26857398549081759809, 404563173837261031877 ], 
  [ 65905504051, 27575437421193601 ], 
  [ 76586050973, 207880905017, 1302779432489 ], 
  [ 3478813339, 11435087033987, 517577081348773924130433026663885161 ],, 
  [ 16651394533461266407166567959 ], [ 2271047275341400850598961 ], 
  [ 20433156391, 22651842781, 184431449467650094669, 
      106251403761674559289162279 ], [ 1474930843657 ], 
  [ 31428248303, 2456234816346869, 310292911200160580633377433 ],, 
  [ 5103830441, 1181901380201, 512445402929961885844105511, 
      996364367258209933286721789311 ], 
  [ 12600855623, 76391774959, 2787069919132687381 ], 
  [ 45785154529, 77250329198017 ], [ 102450236593, 204953086097 ], 
  [ 36309880869068011, 81099682101945689380040641 ], [ 289569684565431901 ], 
  [ 117758670195671794366625207479 ], [ 691871194415748617 ], 
  [ 72158881351, 1706163541362556865923, 15019417881434518369084471 ], 
  [ 8381886597102523607771008104387826009 ], [ 664726932716873579411 ], 
  [ 4847775551201799781952399041 ], [ 64156039397 ], 
  [ 155932004537708033464604037299 ], [ 138108485580319 ], 
  [ 8135147350240601 ],,,, 
  [ 135539312868778537057, 14563975248714126427234760849 ], 
  [ 23965462949313970771, 49743995480142943374722277091 ],, 
  [ 7690948506750208373519 ],,,,,,, [ 498184708928776351 ], 
  [ 31577810954051, 40319358081149491, 1225795787215609361, 
      120164173062566020081, 863802106729103341511 ],, [ 425382624109 ], 
  [ 2531535975555683, 7801523109635777, 2484284934586701665341106649585032293 
     ], [ 12421222469968999 ], [ 1389864961, 1639536179761 ],, 
  [ 339325743588816791, 3507192699013270139956907 ],, [ 2701303025898241 ], 
  [ 2223945087251 ],,,, [ 453242678176928863373399339226163 ], 
  [ 5610463171, 44989638015271, 47289139889448382027127611 ],, 
  [ 11982865582249, 76735995546457196339149453 ],, [ 86202004252791691331 ], 
  [ 34556177611 ], 
  [ 4318005581079665281, 285303506833839235323409, 744909696062795425945370921
     ],, [ 400391022930079, 6238869764554195784314483 ],, 
  [ 10836743929189811641 ],,,,, [ 20117920424380931 ], 
  [ 2860081319556676867 ], [ 17393407501 ], 
  [ 147602878261, 381159302645066415685220323152516281 ],, 
  [ 19374457395151, 31670191461301 ],, [ 8917368850990529 ], 
  [ 2363320743013 ], [ 363886857786811281847 ],, [ 59913713644965337 ],, 
  [ 9808753714339, 143476868289172283 ], [ 20265459163, 204866739342523 ], 
  [ 683717327598241088248413597503681 ],, 
  [ 1771248935644103414270261066898331 ],,, [ 67394846552367511 ], 
  [ 207827615783215089151649899 ],, 
  [ 5998316800561, 433006347508636905090417125626590423889 ],,,, 
  [ 17153009257 ],,,,,,,, [ 28440038097201239539715480579336789101 ],, 
  [ 445620035771, 38636066882869, 1434450735483121213833977 ], 
  [ 78529696027, 185917988071 ], [ 433595258113 ],, 
  [ 9021513547, 168331514599, 902776303813, 83515330358981174937607, 
      17804696251108183303446642163 ],, 
  [ 206872041796732987469, 225014791249970987658017 ], [ 24550636951 ], 
  [ 13302441121 ],, 
  [ 9535226150337134522266549694936148673, 18705010823668303447058029172746490\
13910273 ],, [ 89666619570107, 12609582316945417 ],, 
  [ 22743535002637, 4530252950791541898037 ],, 
  [ 632018303138203939, 19559211110806975011163, 2503203833601660759188046121 
     ],, [ 1476367305401 ],, [ 12094494572180287, 228840877291085045731 ],, 
  [ 248449638133, 13205166742897 ],, [ 40158312797 ],,,, 
  [ 5882398201, 557724533468132559481, 1278724858508352733416668072281 ],, 
  [ 4418038768291721 ],,,,,,,, [ 406772424122887029076981 ],, [ 1899387157 ],
  , [ 28669797974831601889729 ],, [ 84160916333731 ],, 
  [ 9442306505533606233703251757 ],, [ 21784521555761 ], 
  [ 27099111097581253501 ], [ 49226123081 ],, [ 6629481379, 50605448167 ],, 
  [ 2142580765217, 9601690673629 ],,,, 
  [ 5925623229503281, 1186221698846022961 ],, [ 278135307092125253 ],, 
  [ 367394246501, 21953433334773267992501 ],,,, [ 198642394259064689 ],, 
  [ 5685984751, 517841711126543559001 ],, [ 871117035382765776133117 ],,, 
  [ 182505031531, 306420713281 ],,,,,,,,,,,,,,, [ 12279341611 ],,,,,, 
  [ 33359646607561, 921214933574739926713, 76580903561820584863712341 ],,,,,,,
  ,,,,,,, [ 106856122344841 ],,,, [ 25700947861 ],,,,,, 
  [ 108833167801, 116543322413101, 35490054695177429755679101 ],,,,,,,,,,,, 
  [ 293806282796209 ],,,,,, [ 339897632798683 ],, [ 5075119009921 ],,,,,,,,,,,
  ,,,,, [ 6513931537 ],,,, [ 1122739841 ],, 
  [ 293131683415693, 3624853849350859 ],,,,,,,, [ 190008075601 ],,,,,,,,,, 
  [ 709708350927601 ],,,,,,,,,,,,,,,,,,,,,,,,,,,,,, [ 21959768976205321 ],,,,,
  ,,,,,,,,,,,,, [ 3121661041 ],,,,,,,,,,,,,,,,,,,,,,,,,,,,,,,,,,,,,,,,,, 
  [ 2269091416051 ],,,,,,,,,,,, [ 121247307721, 658288177009 ] ];
