BRENTFACTORS[1381]:=[ ,,,,,,,,,,,,,,,, [ 3254820341, 922801747819487909 ],,,,,
  , [ 229682481551, 417682571681087921140307 ],,,,,, 
  [ 6580086296863, 829015897915674510383 ],, 
  [ 1054387182910538169208038606009691 ],,,,,, [ 7359751253 ],,,,,, 
  [ 788109178463513, 20585284359795250901280229838713918936253233 ],,,, 
  [ 2241072143, 15709335743, 176124867038483171687 ],,,,,, 
  [ 11310657268317142106658869, 24621375575432621766344276364385459002509 ],,,
  ,,, [ 4620131904472729 ],,,,,,,, [ 86831725301, 169014603073 ],,,, 
  [ 59530046586870895579 ],, [ 1922209867 ],,,,,,,,,, [ 3512562744479 ],,,,,, 
  [ 1415386403, 146924897979261409644317 ],,,,,,,, [ 1122240333860796727 ],,,
  , [ 165776324421751 ] ];
