BRENTFACTORS[630]:=[ ,,,,,,,,,,,, [ 3920812771872361 ],,,, [ 208814452366393 ]
   ,, [ 695612661275377 ],,,,,, [ 12779012201, 6897621298953551 ],,,, 
  [ 160915893668807, 873932846169583, 6594339932085637 ],, 
  [ 2533854639637134856467853 ],, [ 211867356088742375341 ], 
  [ 11309022784427 ], [ 15181096370525022247032451 ], [ 2685668717267929 ], 
  [ 1179410598959, 390195227310426072397835257 ], [ 10560372863 ], 
  [ 24746044106317 ], [ 13051389641 ], 
  [ 944669357026559, 174734168078061338627 ], [ 643627242763 ], 
  [ 12522053051957, 137572218790017572153, 43931391748286545269629913984793 ],
  , [ 3176432461 ], [ 4331373108685367 ], 
  [ 6054322689486610377033369534540133 ], [ 833271166364209 ], 
  [ 2104860367 ], [ 393997278318042986574551 ], 
  [ 118788880692249330719162061890000131747 ], 
  [ 403951265595597051071249173 ], [ 32867218267267 ],, 
  [ 17041960036062721, 1445709304627602943024141 ], 
  [ 34191348665812716545492078713 ], 
  [ 4027746313, 16828853452125769462423, 11315570249189157414186967933 ], 
  [ 19266982080529, 99267928703509609 ], 
  [ 2162668688756317831, 78098799470108262244177575211, 
      7349889466863855045627463826987, 2906171950931951054256611126631881099 ]
    , [ 589259173801 ], [ 48512680729 ], [ 131902765968859454705678309 ],, 
  [ 1583406130129464856645697 ], 
  [ 8026520375058764946615947922327429952992060283947618095424901 ],, 
  [ 973692284623 ], [ 116502073313, 872177678595196324456077643623680149 ],, 
  [ 1010560443401775281 ], [ 4923550732345398389020512487 ], [ 803768785201 ],
  [ 199510713019 ], [ 415798031727346415209463593 ], 
  [ 1121977821461043862762801, 41816453100309309885899551, 
      5319957410665438133529203401 ], 
  [ 196403469377, 26546202681153178584097 ], [ 47970766534139826601841 ],,,, 
  [ 2691379351629433, 1289504184962274990114382311750228223, 
      666964320782835771717006981222129475596043 ], 
  [ 911001897490157531399484521032902652559812549 ], [ 1730850331321781 ],, 
  [ 663480635731, 590548554018461, 3906136359271505641, 
      1821505500320618052364775951 ], 
  [ 2224560131099687, 11471838605704146958097111 ],, 
  [ 5146120849, 13865010457, 61181996995153 ],, [ 4568222862270091 ], 
  [ 12025268182201, 909596144668572169975531 ], [ 1115954849 ], 
  [ 2594740813617388182787 ],, 
  [ 1600293411058657278421, 2562881723819706046553599978561, 
      574460615770377975080123301180971 ], 
  [ 1810223489029193756714658735170010711361 ],, 
  [ 40408090003, 908751183187, 34744612090570965563 ], 
  [ 97241671879903981, 5529567258441775534789 ], 
  [ 1234650863154411229035228950544987117961053101 ], [ 6144886304663 ], 
  [ 15131063929, 7120163019397, 118207095494161 ], [ 761261231839 ], 
  [ 46285445175113, 407873919632699635262380739950588557447113 ], 
  [ 3094025761 ], 
  [ 1662953441, 13658746771297, 29301024522298769, 144315661783899380339, 
      110590837929738533854111 ], [ 63208258747549 ], 
  [ 4157960689, 61470632960820347260795791373 ], 
  [ 164045152819, 972295374887, 135379667833199 ], 
  [ 10972519316718773458362557623961 ],, [ 14226762738601806505393 ], 
  [ 14761259643457141 ],,, [ 5190987589, 561525779044509927802937 ],,, 
  [ 267587963648380883975573 ], 
  [ 896187017641, 3699123900123695161, 25951564596850016308321 ], 
  [ 82084036646393 ], 
  [ 182099405494111117601521, 750059925544122802873433831, 
      223871757378246604691940372043, 2999408630813777647494172819071611 ], 
  [ 171383580859 ],,, 
  [ 2603946283849, 311949386032159, 102033927192693143260579341093013 ],, 
  [ 224199381962992897, 20006313612454008535353857 ], [ 258748320667633 ],,, 
  [ 5452379461, 1221665486754716904658947949 ], [ 25882441859 ], 
  [ 174017543993, 2104985166619, 195373088741068097, 
      38087667839730353234724837409 ],,,, [ 2258752708014777401781477367 ],, 
  [ 1400397940481, 1031013136205788197038516244058979113520632937861 ], 
  [ 5525094987402515599447, 969227709586914623494783 ], 
  [ 145266026786309072029723 ],, [ 3406692035520198195409907621921172171169 ],
  , [ 14060479193, 10206100507777205614754891, 1106158198205665742156696687 ],
  ,,, [ 1908208801, 7767836679751, 1831979408704626012169582789027520878201 ],
  ,,,,, [ 14557453210066729, 5569341224660916754662782105570689 ],, 
  [ 15327287069 ], [ 110145228520013647 ],,, 
  [ 51170273815536737227, 5849989681027762314264511, 
      45399023196373933985930460463 ],, [ 27841609528540104951894133 ], 
  [ 4701496094491681, 16346217397984651 ], [ 2736057083715469316653 ],,,, 
  [ 22526774898601 ], [ 358460846529427, 1585273100913721 ],,, 
  [ 49163784471928151083, 12524445664924107112825819657 ], 
  [ 1249734851, 115977115451, 4383485363510051 ],,,,, 
  [ 35495472958381, 88222259101857328647399061, 
      2421366960293718701831362128289909409614441 ],, [ 1920384216479 ], 
  [ 14717602358167, 5864961046605571 ], 
  [ 7045014797699032849, 15045751608101312776129 ],,,, [ 234877123577 ],,,,,, 
  [ 546762387760553 ], [ 236765717371, 173570653188271 ], 
  [ 149979383534401, 72788935154567402075509 ],,,,,, 
  [ 162470497424381, 119737374229356066054307 ],, [ 54808231813 ],, 
  [ 110933377859 ],, [ 455526478369, 104538283249293882945841 ],, 
  [ 202498139455264591, 83346257532600287191, 7485220764340581066742816201, 
      422667818228584759706127541970521 ],, [ 1507619557 ],, [ 12364714133 ],
  , [ 882725487337, 29576826106254239521393, 6659952799684961471256205921 ],, 
  [ 15705956850328413293 ],,,, [ 8304798765300601, 491742709380950171077699 ],
  , [ 389464660261875521 ], [ 3746661301 ],,, 
  [ 1477521853, 11934725438418169, 197101177138180899470401 ],,,, 
  [ 9576011265001 ],, [ 30310084474922071 ],,,, 
  [ 2567068001, 292675758803, 2889184913569529 ],, [ 70302297601 ],, 
  [ 346297369573 ],, [ 3314151961, 114936849045857, 18249516302669621 ],, 
  [ 87169682293, 130991258341, 173910859275493, 346324500978711247459 ],, 
  [ 370545294001, 1221834104657 ],, [ 236246582054060037751 ],,,, 
  [ 918409865743 ],,,, [ 717892021471, 11176550018815490173 ],, 
  [ 321130860218219753521 ],,,, [ 3650091721, 11229415232900700256511641 ],,,,
  ,, [ 5473718726401, 14606741996911 ],,,,,,,,,,,,,,,,,, 
  [ 17643940465253516743006139041 ],, [ 34766607371, 1161513782311 ],,,, 
  [ 8787869329 ],,,,,,,,,,,, [ 10315259790101607430027 ],, [ 22707729661 ],,,,
  ,,,,,,,,,,,, [ 299686806721 ],,,,,, [ 26397440521 ],,,,,,,,,,,,,,,,,,,,,,,, 
  [ 49161967644157 ],,,,,,,,,,,,,,,,,,,,,,,,,,,,,,,,,,,,,,,,,,,,,,,,,,,,,, 
  [ 208654084991095657 ],,,,,,,,,,,, 
  [ 2508039211441, 3307924928354341, 3975178691128261 ],,,,,,,,,,,,,,,,,,,,,,,
  ,,,,,,, [ 329217566851, 69490009293751 ] ];
