BRENTFACTORS[45]:=[ ,,,,,,,,,,,,,,,,,,,, [ 41497642159 ],,,, [ 5117812801 ],,,
  , [ 31664132957224894409 ],,,,, [ 29335436267 ],,, 
  [ 3059387161111279, 13749013621460809 ],,,, [ 11719188031495795931 ],, 
  [ 39294929007235620656221 ],, [ 2813390641 ],, 
  [ 51837304274143573658745029 ],, [ 916663899843735821 ],, 
  [ 33009788025075117650794669 ], [ 5498512064777161 ],,, 
  [ 189042704081237051 ], [ 21836785504297 ],,, [ 950432036620886988739 ], 
  [ 220963691761 ], [ 3410630737301, 14390821700656021 ], [ 655363379581 ], 
  [ 23709916819 ], [ 94163429485220072478209 ], 
  [ 85127742311, 1987607593147801 ], [ 19412774041 ], 
  [ 2614999599612154178059, 1066441441821674655676171, 
      137914194447007338401767571 ], [ 87754271556641 ],,, 
  [ 7472046391, 1741283218483835774860241041727651, 
      2015164490977364533999275166554791 ], [ 970308430129 ], 
  [ 40338454292159, 286497977382492142304250061026258887239 ],, 
  [ 18645205555635003244127101 ], [ 22004662804933 ], 
  [ 222101449727389, 64687804330310691163789 ], [ 560955985747 ], 
  [ 1102028068140248409183546334158857458539966767866504309 ], 
  [ 209454465219361 ], [ 91691749624141, 24893645834439001 ], 
  [ 139078954232381994893443 ], 
  [ 31476663580013595951794549147641845280366587945814130429 ], 
  [ 1906383277 ], [ 1436530091, 1889571251, 2079258860071, 2697696266731 ], 
  [ 79118396399911139615195123 ], [ 14930598449151235264213549279291 ], 
  [ 758728125409, 2057008868256197080206697 ], 
  [ 66636889149731, 5818835324058714516026011, 
      8849562088743751306779488337329 ], [ 1099730881 ], 
  [ 207631608697964740504874729747041, 74807875551194181391637124470261567021 
     ], [ 76598585809 ], [ 26701880946061 ], 
  [ 1055439443203, 5007871893259011010762923469 ], 
  [ 47584041181, 127969797382562014981 ],, 
  [ 2099435985268729, 4406106779101755382410605881330801 ], 
  [ 14515265795378503 ], [ 3894163219, 55111042999, 14073821393721139909 ], 
  [ 182921405634402336001 ], 
  [ 61769858334589, 20399767094602403461922929, 282806472050964299452720031875\
89905255841406800091 ], [ 2769417107629327 ], 
  [ 373209305224631914531915580204179419259547150007978539, 
      693692637707285812520434140770383408362237716544160681279 ], 
  [ 14801333702715041, 558349069635422030890372117489 ], 
  [ 9783661231, 51146053902293083861 ], 
  [ 39715089823374481, 224623416402142669 ], 
  [ 303669793671091, 3372653666472709, 
      6087993410165917370784604688878496864376296003438204718960433907009 ], 
  [ 23839875721, 17870950328293 ], 
  [ 5847283194552087121231910272984339, 22816191079847703298006141499234901158\
71058159749 ], [ 102816644479677642158921 ], [ 12774262729, 4076890763987611 ]
   ,, [ 73189339511, 2022218254736650437975200077805364851 ],, 
  [ 5671235710411, 7129820691541, 72355024484819711, 
      7964994320967112599128098326871 ], 
  [ 10157059076413, 656988022380357443330197 ], 
  [ 46586688746668669, 5472989763112124371 ], 
  [ 135339943242693481811787472491293563 ],, [ 6871250180401 ], 
  [ 63189947427374331563888638119916283190329681201 ], 
  [ 19180018758221, 214553033898100484087 ], 
  [ 1467185821, 19982585635317138271, 65593255043903577740647073292874166449 ]
    , [ 1863991276087044361, 1173092525145410298163600487053 ], 
  [ 18714646001, 2779261846496227719574751, 45832304199733429133194001, 
      153607236939789242488075751 ], [ 1921676813029, 7100197990996321 ],, 
  [ 1902641631856641539329 ], 
  [ 717990396317881, 4260782501068213461333691, 280785823004099386817174617281\
92495706691 ], [ 13941960463051394148848528041003476421 ], 
  [ 1862443026463697735809 ], [ 120211346149990502089 ], 
  [ 375206899977631, 84355564706174587454861 ], 
  [ 2094638845314061289, 36114633974533259977939309 ], 
  [ 27250725765997208198198887182702690309328632031 ], [ 112146714927558953 ],
  [ 35671357110541, 262917625862510113039, 
      2262065488458454600212607667116327575471752561 ], 
  [ 2124886741, 34515332471647 ], [ 4390998436666729 ], 
  [ 23957519321, 1371627691646708574178225441 ], 
  [ 719843158023137702652508263761190061 ], 
  [ 1398825822635315127227, 692298161874034730813881603 ], 
  [ 8869257578509901, 4372333548562145246939 ],, 
  [ 4663000253801, 3412472200293198192663170662181, 
      2032656632886566193707761225005683785631 ],, [ 29487637073534221 ], 
  [ 1106065083565957, 100323712807780078472018513474053 ], 
  [ 219038272515873375411564859137799723977915756443322719 ], 
  [ 19547758801, 130184639711123401, 1738862108530756801 ], 
  [ 7250652769, 34995488201, 73726280690483776014575563107257135381 ], 
  [ 1355239770499009 ], 
  [ 312484942372624561, 873481556692471098327733425359786991514525755254648202\
32902429040131 ], [ 850720893403778629, 23808695412632132041377120503183 ], 
  [ 4869248076553811 ], [ 186453285633746135932302961 ], [ 21435359779 ], 
  [ 293757042825225852966219246471179761, 
      20003203446143328734706173687044199621 ],, [ 1312552321, 9744090039041 ]
   ,, [ 6296970593792007901 ],,, 
  [ 22196749130566395415024719451, 131932399809957753506526216313222441, 
      1906721841365676221694288114159808035652539883922937174804688256401 ],,
  , [ 16795365889 ],, [ 218136090485068920975060625740020221 ], 
  [ 140937303961, 67248093096721 ],,, 
  [ 975217506463, 16511894693263, 1203357039145579027 ],, 
  [ 1026131109915448312699969 ],, [ 13597157807, 330640500023 ],, 
  [ 47528607043081, 34568801989831017109801 ],, 
  [ 78818613951029044467691197398810879041 ],, 
  [ 8965497337, 650792381413507320443655567942822208501762849 ],, 
  [ 74999688216238523724061 ],,,, 
  [ 8382503589639137741, 49536994818898178890506781, 
      52980497255362992476044221547921 ],, 
  [ 42743402819930190654363062498824998337 ],, 
  [ 14830795140906657194247286744669719773789 ], 
  [ 39923973786841, 30427045979508076934491, 
      2375567051482100495018729706155008051 ], 
  [ 38309331704888277751366778452101433576437421756497809 ],,,, 
  [ 54452233596001, 8050911836362001 ],, [ 30598436164881883 ],, 
  [ 134521410721, 254650783330870861697761 ],,,, 
  [ 3831455473, 13594493437409, 69597554282257, 350441936162033, 
      1995671326782707855619688481 ],, [ 200965512886684540459921 ],, 
  [ 2433955253, 1037407423517, 4963974869813, 6988973676691739686628611724561 
     ],, [ 1455726547691204592548898093345853271919326616098009627141 ],, 
  [ 31577521915767877557088413169, 1987755939492044125076927915329 ],, 
  [ 9688215227809, 62362187835342347 ],, 
  [ 1131312601, 11655826192533711716441, 1825885013147121774105281, 
      216563926839039857998312336068003001 ],, 
  [ 5739495427, 4274884812469, 5268437955223 ],, 
  [ 10549080580839187969, 4304845988631080424568838455898302062511173886229998\
404257 ], [ 7603519158901 ], 
  [ 494212083353235929067518479793355819430822783, 122040337683059320168543115\
592623566877252279506985464601975565809 ],, 
  [ 11621913204613, 501311307722172769353627649, 
      1606037948010357166468212171253 ],, 
  [ 36246344921, 44460606598126064664318375161 ],, 
  [ 14412538915447218922378080789146613379439474452487323847337138654056860812\
0290039896457 ],, 
  [ 437917835161, 12061434161089, 221425096951451610021980402330828103289 ],, 
  [ 218693867512333, 3285633500497813 ],, 
  [ 42094502843, 14475759864627021027247370681, 
      13851612326483028054942236699960380707735618894683 ],, 
  [ 372592104954320673478742270881 ],, 
  [ 382067328551442029, 792190014938224385762638473003436801624109348309734838\
90928254674528796227 ],,,, 
  [ 4609828687, 34058009123122861, 4190453151940208656715582382315221647 ],, 
  [ 275076645911253353, 302295656250686730752673307828737341944074172369, 
      7168612674183941704386660758574777866638436298217 ],, 
  [ 9236569696087757928275600200140151205431957076606397001 ],, 
  [ 366422592534013, 84711578556793609, 194868051328210174878695680892502973 ]
   ,, [ 1592367149, 56841416852881, 1404401488731823693952806783 ],,,, 
  [ 320579499454876264201 ],, 
  [ 337925814985873779494775401, 347203404133488383471988401, 
      659374652738289723182742802956081121 ],, [ 2158931806309 ],, 
  [ 459174370854522090676332877202641 ],, [ 45617576302274141953157483 ],, 
  [ 3697188641, 13217008126208173019292579398536081 ],, 
  [ 60902411761, 47826434653201, 934109001513901 ],, 
  [ 198762507719570559146024254081 ],, 
  [ 770051162270242621007879962704126679721 ],, 
  [ 5883135409, 11468858138545837, 27986772418414357 ],,,, 
  [ 802567323786828370961, 33433415486316101708618060161, 
      119894475099066773565745546836401 ],, [ 5796212589547 ],, 
  [ 579434734850406092349788267604939998794240502957521 ],, 
  [ 811633599419501 ],, [ 37935123526739598864678279401005314365761 ],,,, 
  [ 4979473957, 1230860539910413, 3154213434553515966809616613 ],, 
  [ 2253077821, 2490299399281, 275729500450778116228533727 ],, 
  [ 2809149521, 522305951816693283353 ],, 
  [ 4482714767, 30256225365838770494941, 1812336874864921879762172681261, 
      362706183291208403214009456520090129 ],,,,,, [ 2286946560817 ],, 
  [ 617498385787, 29368737040141822488775504893457812541924086087928064369701 
     ],, [ 1323079554721 ],,,,,,,, [ 10157471453 ],,,,,, [ 7156106422781 ],,,,
  ,,,, 
  [ 371404256034569447581, 336765587834269125248641, 2134643304393562884756002\
8365926575617301 ],,,,,, [ 107560500639649 ],,,,,,,,,,,, 
  [ 112905075521121241 ],, [ 8801726501 ],,,,,,,,,, 
  [ 41012055361, 20775223738774801, 229645958666619799441 ],,,,,, 
  [ 655205213881 ],,,,,, [ 10161891637, 12365648041921 ],,,,,,,,,,,,,,,,,,,,,,
  ,, [ 107876417096053 ],,,,,,,,,,,, [ 1609783993 ],,,,,,,,,,,, 
  [ 910208401325161, 2313140185620123721, 8762078590681287257562961 ],,,,,,,,,
  ,,,,,,,,,,,,,,,,,,,,,,,,,,,,,,,,,,,,,,,,,,,,,,,,,,, [ 1039512961 ] ];
