BRENTFACTORS[94]:=[ ,,,,,,,,,,,,,,,,,, [ 9871462807, 41030094503 ],,,, 
  [ 1667028890311 ],,,,,, [ 7119403678531 ],, [ 8456311001041 ],, 
  [ 300081417978607 ],,,,, [ 303828934094891 ], [ 281427337309 ],, 
  [ 173521797254467, 2839357222129641586103 ], [ 12088794187 ], 
  [ 690877738451 ], [ 46115951333 ], [ 8771851595919781 ], 
  [ 4316774873, 7985026183489 ], [ 672251739162372807423337763 ],, 
  [ 13732637740823, 89130786847817149 ], [ 95133352190351 ], 
  [ 21432920310494971 ], [ 23711705864029 ], [ 1333772865304784921 ],, 
  [ 2126124075946201 ],, [ 259626720751, 1035102889010755288950931 ],, 
  [ 9782611231, 53038491637163197536082403009797 ],, [ 5523443318902163749 ], 
  [ 8434732199261, 2825593093592083 ], [ 7883525161, 22552126138112257 ], 
  [ 3405090113 ], [ 11893487191, 292803626831, 11349374337091055201 ],, 
  [ 100423655950075240295365583, 9258153604724192706625389858288931117 ],, 
  [ 1553046343, 619326654229 ],, 
  [ 174095854921003, 10718654388185066639, 35632823869652357280089126561472883\
91843156009369 ], [ 202374767233, 3260108679892633 ], 
  [ 15103582351281707, 1257996958542193010696047813162448613100390530504643891
     ], [ 41475559992043 ],, [ 4197725838444173353 ], 
  [ 3362382563, 4676602526739636272473 ], [ 14616865537 ], 
  [ 793095310408644154785221, 453506357825266196962617292213247687 ], 
  [ 704186456181121 ],,, 
  [ 10692519232119971410573, 51602460206444068452861263621041, 
      171807667180264968065415584844077386999 ], [ 122777411153041 ], 
  [ 52813389075541 ], [ 2384109165762086749213, 41207221881111755156561 ], 
  [ 388784369781721 ], [ 807348455777553097 ], 
  [ 2898900158891483052887958793044093079636226440531095699229370221 ],, 
  [ 15790407361, 61733338759, 751354666427 ], [ 99981449290254977 ], 
  [ 271470775297963309, 180859163029263508459, 205730993853926670079, 
      138550293031913716166821 ], 
  [ 246187976242324303866857, 929302038929506744573399 ], 
  [ 1833837055681745060323525721165825656961, 
      72906752984866656166451809363982936881509096961 ],, 
  [ 20058398027810183201, 9812928379049068526833, 8313428336447647909151947, 
      30757899425213682974077313791950803944086589482793 ], 
  [ 2134594330749763 ], [ 6176637402963557530218675384838598466192702509563 ],
  [ 15235430101, 1379914449503264948401 ], [ 812861402639401 ],, 
  [ 2646767872999, 56770244447900385977, 1802311598560647359047, 
      927428282943100914997881450679060738042567275903053 ], 
  [ 1372482836297, 1570489491021400624553633, 383879607679241038980209921 ], 
  [ 941434908743791313189541211 ], [ 92026486171253 ],,, 
  [ 13585369541291, 31254001241983030747678700095093177697813, 
      224850995301943977406823469780422131038094379 ],, 
  [ 31942324147, 7922724655161265609839917522930020451235159151621471 ], 
  [ 370489027356088033 ], [ 959953290386234719, 611941595897860244347 ], 
  [ 1850622973357, 214666079680483587026137 ], 
  [ 214349009221, 7922385604935499471 ], [ 215285788565526133317584749 ], 
  [ 14556725508425309232623460433 ], 
  [ 35626744736164581229720074215669214745847 ],, 
  [ 2055133323955688478509192281 ], 
  [ 38229850297, 498129473787683, 10027403950739170660001933503929121, 
      10899289893985396816220631745799487454307455006288181 ], 
  [ 5018274493160363, 621175625587799306273057 ], 
  [ 496017159549529, 547809777924586693166762689, 
      5300913367778641253992227739901681525447093737027 ],,,, 
  [ 571712402523534506419 ], 
  [ 68326583620381851841872382244381378527985048430678017 ], 
  [ 2709602431, 12785209192929985838234206572487882861, 
      17143494489607417696674417488518650701901257558228701 ],,, 
  [ 43349891684627487369483955929845689 ], [ 10128622981, 16472093359 ],, 
  [ 2081361416074308821012475734300822690200799795826061 ], 
  [ 108829197325897050143209 ],, [ 18769886323 ],, [ 49355715221 ], 
  [ 3605861536788588609714697 ],,, 
  [ 39604172553217, 5730939009181789278273361 ], 
  [ 3976723021, 5663332893931, 10304172648375320851 ], 
  [ 45455743807, 121802860237 ], [ 216775182576735049 ], 
  [ 68433819901, 444388584509, 
      213443957585043007339284671856526911776942325605953 ], 
  [ 2015324313997635419 ], [ 215996305679251 ],, 
  [ 256681517641, 7552712990431984836755225708551151439328111235685121 ],, 
  [ 1169045187875027 ], 
  [ 2182183621, 5308542611, 8139252431, 1583885399711, 2100085152361751 ],,, 
  [ 6005799937, 
      2903603076051578939684333122622834456617245900526296963989076541 ], 
  [ 11395227901 ], 
  [ 7474243487936677601, 8960319038727277798099382727579542182111920202561 ],
  , [ 5358029674859803, 29007932061217870639 ],, 
  [ 100257479790181151427640493268555161161 ],, 
  [ 195926079277, 385827478033757, 266221429456489528499, 
      45512701762794396992668191266409758988699217 ],, [ 1982393230777 ],, 
  [ 52159700325143208722730391855986650616292008411090688568911 ],, 
  [ 95081621250257, 11883917265132664068321057349, 
      1444855023398518470529515798076005044712523469619013 ],, 
  [ 40929388033, 43396727626544264000361737129232210961 ], [ 1449033601 ], 
  [ 814806670616071411072614827600027249 ],, 
  [ 46823106021187907012793208275609771592008623 ],, [ 3006923823721 ],, 
  [ 327867615167, 2769769588552764137905791773 ],,,, 
  [ 352153660378171, 315447870958699927924365271 ],, 
  [ 169533546957661, 7452677704054697, 115025292265472383712633 ],, 
  [ 2356423966860317473171269611, 1359360446430891163483291192280501 ],, 
  [ 2769472670633570470273, 16098064735730546389784326019883432001 ],, 
  [ 253741219078561 ], [ 64750792861 ], 
  [ 30840639226853, 616465791923549, 59086643277471599357, 
      1807494983864672439804868360592476983130883753 ],,,, 
  [ 26365290207120392160787636852324446899690359726177001 ],, 
  [ 4670194680493, 464975450008417, 58792756985618303, 
      1993714094956481387813388942947733139311503951 ],, [ 94632590409829 ],, 
  [ 46134051140268391494427789491179, 
      36437399974809999135562596712582869041117087882971178803 ],, 
  [ 4470604910250762401, 876445138409125814051171088961, 
      244955604179260101358184679525325467396510017, 
      1071256183766340786825759982633855953672703969 ],, [ 1201858771 ],, 
  [ 1098947529030294146810497829153198575406486133005334878641 ],,,, 
  [ 36222930716623551668659966319133931020431183068197233527346449 ],, 
  [ 1093051129326065422817 ],,,, [ 87119273299, 4801930761169 ],, 
  [ 157863819696577, 14469935952480067160820324179474199128462249470771681 ], 
  [ 5729460301, 34514679951401401 ], 
  [ 26071531755791142569028379701506655546818497 ],, 
  [ 1184415213524786246887264382893 ],, 
  [ 5983162501, 704571871721, 175037129077489796801922971 ],, 
  [ 17277689369, 210584890562656212545308697409689648057, 
      8032778818603283693828810267175004282235101463719157201 ],, 
  [ 123059792693451341053, 156496947001496691696991 ],, 
  [ 81223520382753735136310624609, 
      5016235604389808438172114798003477313812200993 ],, 
  [ 769689236804746660921 ],, 
  [ 442540719045386163841, 44654874588430870203084439441 ],, 
  [ 22257575143, 1639993095709, 418162313787581177, 687830766905322613, 
      235507685417540893655665735035458804177767971919 ],, 
  [ 2634808214569, 24266338386733, 9788643237112984401028360805977834913 ],, 
  [ 3158814013513, 9517633741932777277 ],,,, 
  [ 11960006840251, 23610141300676085501 ],, [ 4845504637, 58948463953 ],, 
  [ 355007020468284699488615112224680584036924067, 
      615624970795782636894948455855335633791576455157368299 ],,,, 
  [ 1070773551971797 ],, [ 162031064521, 17268874782159332021 ],,,,,,,,,, 
  [ 450233638230407041, 90244225158372418582492932139221151 ],,,,,,,,,, 
  [ 918830182307433537121 ],, [ 3018390106513, 7529530956552426192677113 ],,,
  , [ 26480331307, 356558611267 ],, [ 72785249857 ],,,,,,,,,, 
  [ 7867620977017391 ],, 
  [ 104586727801, 2947041628512375191848732597938708980021652090601 ],,,,,, 
  [ 646108267029465934337868977293 ],,,, [ 773607954457171 ],, 
  [ 3284194650401202409 ],,,,,,,, [ 2592973441 ],,,,,,,,,, 
  [ 99494153084668048937328781, 109793266725291737039870243246677119601 ],,,,,
  , [ 9190753828545644503019162257, 6879678536839993767270247343166481, 
      450225175318544430044683903286726335011650197265333857 ],,,,,,,,,,,, 
  [ 7111509172381 ],, [ 14413805130551, 890753140191601 ],,,, 
  [ 14901269983, 1732237120797877 ],,,,,, 
  [ 20695891432350241, 45650650144794220035001 ],,,,,, [ 167295877254631 ],,,,
  ,,,,,,,,,,,,,, [ 1148006641921, 70114142065153, 163617459182754433 ],,,,,, 
  [ 885608737994807894341 ],,,,,,,,,,,,,,,,,,,,,,,,,,,,,, 
  [ 3604912969981, 170487287231813161, 4242607349402919421 ],,,,,,,,,,,,,,,,,,
  ,,,,,,,,, [ 6493942563331051 ],,,,,,,,,,,,,,,,,,,,,,,,,,,,,,,,,,,,,,,,,,,,,,
  ,,,,,,,,,,,,,,,,,,,,,,,,,,,,,,,,,,,,,,,,,,,,,,,,,,,,,,,,,,,,,,,,,,,,,,,,,,,,
  ,,,,,,,,,,,,,,,,,,,,,,,,,,,,,,,,,,,,,,,,,,,,,,,,,,,,,,,,,,,,,,,,,,,,,,,,,,,,
  ,,,,,,,,,,,,,,,,,,,,,,,,,,,,,,,,,,,,,,,,,,,,,,,,,,,,,,,,,,,,,,,,,,,,,,,,,,,,
  ,,,,,,,,,,,,,,,,,,,,,,,,,,,,,,,,,,,,,,,,,,,,,,,,,,,,,,,,,,,,,,,,,,,,,,,,,,,,
  ,,,,,,,,,,,,,,,,,,,,,,,,,,,,,,,,,,,,,,,,,,,,,,,,,,,,,,,,,,,,,,,,,,,,,,,,,,,,
  ,,,,,,,,,,,,,,,,,,,,,,,,,,,,,,,,,,,,,,,,,,,,,,,,,,,,,,,,,,,,,,,,,,,,,,,,,,,,
  ,,,,,,,,,,,,,,,,,,,,,,,,,,,,,,,,,,,,,,,,,,,,,,,,,,,,,,,,,,,,,,,,,,,,,,,,,,,,
  ,,,,,,,,,,,,,,,,,,,,,,,,,,,,,,,,,,,,,,,,,,,,,,,,,,,,,,,,,,,,,,,,,,,,,,,,,,,,
  ,,,,,,,,,,,,,,,,,,,,,,,,,,,,,,,,,,,,,,,,,,,,,,,,,,,,,,,,,,,,,,,,,,,,,,,,,,,,
  ,,,,,,,,,,,,,,,,,,,,,,,,,,,,,,,,,,,,,,,,,,,,,,,,,,,,,,,,,,,,,,,,,,,,,,,,,,,,
  ,,,,,,,,,,,,,,,,,,,,,,,,,,,,,,,,,,,,,,,,,,,,,,,,,,,,,,,,,,,,,,,,,,,,,,,,,,,,
  ,,,,,,,,,,,,,,,,,,,,,,,,,,,,,,,,,,,,,,,,,,,,,,,,,,,,,,,,,,,,,,,,,,,,,,,,,,,,
  ,,,,,,,,,,,,,,,,,,,,,,,,,,,,,,,,,,,,,,,,,,,,,,,,,,,,,,,,,,,,,,,,,,,,,,,,,,,,
  ,,,,,,,,,,,,,,,,,,,,,,,,,,,,,,,,,,,,,,,,,,,,,,,,,,,,,,,,,,,,,,,,,,,,,,,,,,,,
  ,,,,,,,,,,,,,,,,,,,,,,,,,,,,,,,,,,,,,,,,,,,,,,,,,,,,,,,,,,,,,,,,,,,,,,,,,,,,
  ,,,,,,,,,,,,,,,,,,,,,,,,,,,,,,,,,,,,,,,,,,,,,,,,,,,,,,,,,,,,,,,,,,,,,,,,,,,,
  ,,,,,,,,,,,,,,,,,,,,,,,,,,,,,,,,,,,,,,,,,,,,,,,,,,,,,,,,,,,,,,,,,,,,,,,,,,,,
  ,,, [ 242104005901, 189814621560169, 2364015331410349, 6568578058038697 ] ];
