BRENTFACTORS[254]:=[ ,,,,,,,,,,,,,,,,,,,,,, [ 129774795523 ],, 
  [ 328853844442083101 ],, [ 8520232889954881 ],, [ 85074859610490358937 ],,,
  , [ 10448148283, 1592772199657 ],, [ 15417102796965270369119621 ],, 
  [ 29603483549557 ], [ 955239356752088659 ],,, 
  [ 3764063008523, 4242815758452553264270431129754753769339 ],, 
  [ 93456055850671, 3909302540952535511189, 46725518312219594562012227 ],, 
  [ 17460685217881, 1348472102915701 ], [ 2202827643746179 ], 
  [ 8110568537, 13509565711663410856913183507922559501 ],, 
  [ 6611013421062897868133506392587 ],, [ 22314013878734450922967 ], 
  [ 11847479639581 ], 
  [ 21188965690733833, 1201389865457664106256063912734440392761359742307 ],, 
  [ 43732075674871, 257314415561575587829487750141 ],, 
  [ 9015094851687884686201 ],,,, [ 3128960450654813 ], 
  [ 1362170939, 5358413722237 ],, [ 1244900929 ], 
  [ 19210620315565781707163131 ], [ 291756038773, 969240142349953 ], 
  [ 97725980422241 ],, 
  [ 1544511457, 16539738151, 130323137502426950767263695037001 ],, 
  [ 14991937409, 50332493701433 ],, [ 84952766559154555739081 ], 
  [ 105516560411, 55214950528363, 799070511330659 ], 
  [ 420647346001, 919478225101, 24158857254220665597451 ], 
  [ 4009638781, 5767834181, 533469860228009 ],,,, [ 47308043521 ], 
  [ 2744755240660331169097, 77687645324746089889092961, 
      565907887801094572383681041369211243241 ], 
  [ 83310122197153289, 409836823167529621 ], [ 49222399349 ], 
  [ 1303619437, 38470235926094721040321 ], 
  [ 40040464278727612771, 33258586710003395919901, 
      20590171730560474636576911101 ], [ 2442070879, 25121281290214211 ], 
  [ 347425248972378139 ], [ 601091848397462489, 5066431158990908351218201 ], 
  [ 4712043811789 ],,, [ 112901794323565537879821177390111109397940833 ],, 
  [ 54057697589783 ], [ 31025548470491, 34958547864391, 653381531690101 ], 
  [ 42866225585896513, 50269404332839452968153377 ],, [ 51726536057491 ],, 
  [ 1165605358901 ],, [ 2928126037, 6945302401, 268648635524274119896069 ],, 
  [ 11933228667361, 470900079517082210439919138246483779217 ], 
  [ 1579088491, 55902958374331839921044214391, 
      1569940873963755420600226435921 ], 
  [ 15535808810149, 33932442108769417162943089095006288654341024134796083 ], 
  [ 4741487363 ], [ 4909759381, 881013163483657109989 ],, 
  [ 25308840912704184569502413217964161040869221261 ],, 
  [ 12336760787105160337 ], [ 160192090083593, 1298280741012077 ], 
  [ 221197519773964991267839, 89843791015639808987187223 ], 
  [ 21766892314147669866161 ],, [ 41980642914086839 ], 
  [ 23554176710779467584323 ], [ 565861932749, 4961636536057521533249 ], 
  [ 60361127985015617776288251066361 ], [ 6466577351389 ], 
  [ 7661395954571024813593781 ], [ 117313448653141468891 ], 
  [ 8336389557829, 52481590155896017, 441487631370887096221, 
      459628929453614071407013 ], [ 65292058001 ],, [ 7242066289 ], 
  [ 122381451245640485429633 ],, [ 3903375061, 76115689318767824441 ],, 
  [ 1090091582442696109 ],, [ 237320870816903, 3672682546710263 ],, 
  [ 161278504417 ],, [ 40099352374847076123691 ],,,,, [ 4407626081 ], 
  [ 677391529393, 28447834505473, 990385257149137 ], [ 1519253398921468571 ], 
  [ 3910993779074801 ], [ 12984190717, 1840283890117 ], [ 28173746053 ],, 
  [ 27688594201, 31757940518631144088801, 113048690530557105467592751 ],,, 
  [ 10447137354208073203 ],,, [ 25251608478721 ],, 
  [ 19970299539272389403, 23952964253424568693097033 ], [ 3079948432741 ],,,,
  , [ 460875415879963506721500521 ], 
  [ 40505600521, 3205156182329070421, 1101357473177578737451 ],,, 
  [ 3073196281, 45803805798241, 615782911644462663861313, 
      13621239371139607176921337 ],, [ 90750949341372369960795701 ],, 
  [ 372250971584254136822449 ],, 
  [ 5117515879588834321, 505902125242277057040101689677817 ],, 
  [ 180176679409 ],, 
  [ 1532097667883, 3826601920017768677, 533403944122651964987, 
      2433449457189776436241 ],, 
  [ 2263970720771372226279745386229297742956561800822121 ],, 
  [ 15653808338958791 ], [ 49107608777187907 ],,, 
  [ 15975137926963, 9524161052300171483893 ],, [ 6079310317 ], 
  [ 104834107333621 ], [ 43019466361, 27572612573171, 70163703419441 ],, 
  [ 6364283460637633, 102877867007563252928339713 ],, 
  [ 29671297934904811050563 ], [ 1443765805157878801 ],,, [ 28991874781 ],, 
  [ 4011263801, 646350344310728156037468001 ],, [ 3593520613 ],,,,,,,, 
  [ 5913892278211, 11257183339870441, 4109389099106994750318426751 ],,,,,, 
  [ 2804590272919033, 232860381748160937193 ],,,, 
  [ 11600023787033401674951041 ],,,,, [ 15630867413673301 ],,, 
  [ 133841759281 ],, [ 12824796753533241120528121 ], [ 28577684709421 ], 
  [ 9399564913 ],, [ 34759068189067, 3550396797731863 ],, 
  [ 6085023893823228773, 17408328214962946288173173 ],, [ 341081929360003133 ]
   ,, [ 16099654394258981281 ],,,, [ 743962805161 ],,,,,, 
  [ 608019562812467953751, 1277723427535623244383303488088001 ],, 
  [ 473482507077221295163110553 ],,, [ 37036359784038258554881 ], 
  [ 4590555778049 ],, [ 36202701412477783, 4698432476966901613453 ],,,,,,,, 
  [ 1224174827, 9185283241 ],,,, [ 7491466981, 50415701671, 714922038811 ],,,,
  ,, [ 1324030516659576452942101 ],,,, [ 25294724561 ], [ 11730190992893 ], 
  [ 344449865749565701, 61397682996505707931 ],,,, 
  [ 1914491437, 1025087304036511 ],,,,,,,,,,,,,, 
  [ 7275197760198268548322895423701 ],,,,,, [ 956163111913 ],, 
  [ 27107572801, 33287758066949 ],, [ 28892628371 ],,,,,,,, 
  [ 6403481157126817, 20390783890861388004043 ],,,,,, 
  [ 14010145561, 3370068213269293 ],,,,,, [ 226144041773439552563131 ],,,,,, 
  [ 14531327772529 ],,,,,, [ 5654923089229, 328588048541089 ],,,,,,,,,,,,,,,,,
  , [ 9432636684481, 116347201116946201 ],,,,,,,,,,,,,,,,,,,,,,,, 
  [ 1440148653313 ],,,,,,,,,,,,,,,,,,,,,,,,,,,,,,,,,,,,,,,,,,,,,,,,,,,,,,,,,,,
  ,,,,,,,,,,,,,,,,,,,,,,,,,,,,,,,,,,,,,,,,,,,,,,,,,,,,,,,,,,,,,,,,,,,,,,,,,,,,
  ,,,,,,,,,,,,,,,,,,,,,,,,,,,,,,,,,,,,,,,,,,, [ 3577700431, 39749111273 ],,,,,
  ,,,,,,,,,,,,,,,,,,,,,,,,,,,,,,,,,,,,,,,,,,,,,,,,,,,,,,,,,,,,,,,,,,,,,,,,,,,,
  ,,,,,,,,,,,,,,,,,,,,,,,,,,,,,,,,,,,,,,,,,,,,,,,,,,,,,,,,,,,,,,,,,,,,,,,,,,,,
  ,,,,,,,,,,,,,,,,,,,,,,,,,,,,,,,,,,,,,,,,,,,,,,,,,,,,,,,,,,,,,,,,,,,,,,,,,,,,
  ,,,,,,,,,,,,,,,,,,,,,,,,,,,,,,,,,,,,,,,,,,,,,,,,,,,,,,,,,,,,,,,,,,,,,,,,,,,,
  ,,,,,,,,,,, [ 4237752961813771 ] ];
