BRENTFACTORS[311]:=[ ,,,,,,,,,,,, [ 79469256567559 ],,,, [ 3918246517569193 ],
  , [ 1812215897 ],, [ 1140354877999 ],,,, [ 80307017501, 276032343952151 ], 
  [ 11447583629 ],, [ 60869309199833 ], [ 1380509462831167734179 ],, 
  [ 34066676217433, 69668462782815167 ],, [ 175641719419 ],, 
  [ 130928561471, 117825410034351708991 ],, [ 11520980531794939 ], 
  [ 30240178343113 ], [ 19456966405579, 658030894051441 ],, 
  [ 1319333179, 265553418197279, 8645915316488351299 ], [ 86587989979 ],, 
  [ 3133462949 ],,, [ 6807509622151692551, 6025589678412620424552491 ], 
  [ 4879911073 ], 
  [ 14275945867, 37051414877, 208213624349252243, 43225039282908139498339 ],, 
  [ 1658726653, 18044498701 ], [ 13389098269 ], 
  [ 3795134290723266134261675401, 8521622083051576531843741371247753831 ], 
  [ 106549399516753 ], 
  [ 4563923761, 865077614941, 5819649966226557394142632831 ],,, 
  [ 338751651022293013 ], 
  [ 60536587169915175788304722207, 112140243443268115423620157826197 ],, 
  [ 1114861130299902838520919233799448789800860565751165146302311609 ], 
  [ 2591000717044499 ], [ 53968877173 ], [ 149894256308737, 417734247731777 ],
  , [ 2886053413, 25160836703377 ],,, 
  [ 51413046767427707806234511314284568283061320701 ], [ 18247274011 ], 
  [ 970446130504541397249143, 3957933732063387651003457123, 
      28386974082142554888180770022774827, 
      91685883069571799615171201907981308803 ],, 
  [ 12704063711, 4436651263582823, 33222084742302801896437473797458207, 
      1471627049227394403966779494718162653990647149 ], [ 21894726913 ], 
  [ 7989436051 ],, [ 1895037761, 57230055624830013689303 ], 
  [ 102665557041490249 ],, [ 2414638321, 309958783856263681 ],,, 
  [ 31509450839393, 1357131809041941923 ], [ 200888110162244865999829 ], 
  [ 3661972319151901 ], [ 68494334690468329 ], 
  [ 15412217773599898729, 13821520885215435464221 ], 
  [ 15489113113, 327081764329, 62334484748801 ], 
  [ 239862015612942809033656948564771692356689573, 
      265487918932475086109002810837147114470085729 ], 
  [ 48067174531, 5406055030711 ], 
  [ 257732701851738058235423158133951753, 674733947628035002956046902947854193
     ], [ 2293247408781532814029, 737073439173606402182915389 ], 
  [ 44814520752019, 27526623838242302671 ], 
  [ 194312960628486948396858001979932657317956369559353 ], 
  [ 1205093431, 104998564751, 57834757944358867997671246264321831 ],,,, 
  [ 610650310665408751 ], [ 637055001212552201 ],,, 
  [ 17257651550563, 385242694276438057, 17494074517657509116419727, 
      1085040081129219916925330545321668094476619 ], 
  [ 76316488705210147272507501809, 
      32414860574863345705115345261607471365430953 ], 
  [ 30647332975981, 124327983535714606639055191 ],, 
  [ 332501684518649680702142358882811 ], [ 34779335767273 ], 
  [ 1714308677746791042407210537811577 ], [ 666577848641 ], [ 40617084481 ], 
  [ 2031277380108593, 509152589812136028441528537553 ],, 
  [ 2278891657098954939769543, 3935493100844284248271678321441 ],, 
  [ 817224378073, 7598035132921414985501274477521430783833729 ],, 
  [ 1392657713, 7310108969, 147213336312509496825552366443 ], 
  [ 1557553660407053 ], [ 20992780851961 ],, [ 21151519737798926620957 ], 
  [ 46077562761103736671 ], 
  [ 2309708581517, 9000490317133673429861473683479275321590017 ], 
  [ 6694939001 ], [ 1166746357204270282441 ], [ 347900781598734809 ],,, 
  [ 58519713399365210373811, 1113992514091359397161941 ],,,, 
  [ 311958062094225431, 662456028426526247, 9707776851827831951, 
      424187508630688431627043 ], 
  [ 190594938702688591861, 475023687543716612923243801 ], 
  [ 192377798633, 39624627012133955746471793, 
      6290322367955592356138255381067350547729395654511053929 ], 
  [ 11199390401579 ], 
  [ 522382331789976787824637, 240816768888547046114021553258245293 ], 
  [ 2998696128161, 266785780319481869 ], 
  [ 1835622566066790436435768657042361 ], [ 15438487231106209 ],,,, 
  [ 16052463656081, 10048598395876100941 ], 
  [ 46696944557, 4185280387351763890968414617 ],, 
  [ 90929631554514169, 18472676570573265485095621, 
      13955637140373203428630671640729458698748987959389 ], 
  [ 87494624059, 35495114353319 ], [ 2175345588373051 ], [ 28605182999 ],, 
  [ 74999685372121 ],, [ 19057981601, 46717339451 ], 
  [ 63972558157, 567621003587821, 1873349078410057, 8498622162785977, 
      26632165135897369240141 ], [ 4002485153 ], 
  [ 5094108337, 29833346227, 654063485226797, 
      4079689474557722026581563398490083 ], [ 3733736899, 466395671809 ],,,, 
  [ 69848758614827, 355830604678603 ], [ 55620499469, 73515541324978789 ], 
  [ 2179584764281 ], 
  [ 50533871312653, 481744181347427, 26734882904328097, 9875682989820284222836\
559178157, 14964652954703535747841356290015916969530862701 ], 
  [ 4774691323, 30601702577, 128153623894811 ], 
  [ 58968158929, 624146231303262250496132244188353, 
      171520702132354517334604671291796321 ],, 
  [ 2362072623389394555857190909859391861 ], [ 513967587769 ], 
  [ 14414204909558056682844889, 6030319953265602852041365889, 
      15207083716684308596840899365675133 ], [ 83291243639011 ], 
  [ 7965623605399751762863134991 ],, 
  [ 25425556586321, 341460553904419323877999658262223493393, 
      39028765470505756376277788603679099591786289 ], [ 65729574811 ], 
  [ 571611949969454803571359, 5484065173227192756138713, 
      39011711624843488817879905177, 383535050406444962345831232281596258577 ]
   ,, [ 2160343844331481, 6366299357549881 ],, 
  [ 808865414160953362829292769, 777177811047216941945012336195795014774441141\
01051 ], [ 51547689247 ], 
  [ 8007767953, 558043594242396155753, 3065552359149414351433893002291737 ],, 
  [ 5745819559, 143521863223603 ],, 
  [ 86787772733, 6710627186293, 35482545684629 ], [ 4365998281 ], 
  [ 12976164571, 23288617392721, 1731909669293446903037411, 
      5641417746263406953370409777321846399436212417938869101 ], 
  [ 206229403735637323 ], [ 432311528147399654957034359809 ],, 
  [ 99891519173, 154709337906301, 152811973385418683229964924212149898542233 ]
    , [ 41665644931, 101288315701 ], 
  [ 2738608574132341, 17657214088183097, 18401815674997189, 
      6676685688972475594993, 54556449642076333288681, 
      52461328390119576590439921082648974334393 ], [ 4370607526878199 ], 
  [ 617325317731, 1183059434378269207 ],, [ 3335794201 ],, 
  [ 122157987412021199 ],,,, [ 4097977159, 42118773319119727 ],,,, 
  [ 45348959881, 1360824263611 ],,,, [ 3606867382721 ],,,, [ 52198037874127 ],
  ,,, [ 6887970469 ],,,,,, [ 14232781465081 ],, [ 377279458206769681 ], 
  [ 2379008941, 1221385509961 ],,,,,,, 
  [ 195508205663, 31414685873457629, 7284132832778815723907 ], 
  [ 3615546543794131 ],, [ 123722521516817 ],,,,, 
  [ 15954188130571, 98121134169991, 6837635224324381, 14770465709947906339 ],
  , [ 11168127396977 ],,,,,,,, [ 3054018049, 745651969793, 70826260142593 ],, 
  [ 2800649343097, 287809226232754508287381 ],,,,, [ 4315458010697 ], 
  [ 4413611780404721762939017 ],, [ 7198791787321 ],,,, 
  [ 690114559231, 3184135081850071, 5608949314275611435050831 ],,,,,, 
  [ 102842996077 ],,,,,, [ 7021844364759727 ],,,,,, 
  [ 1547266753, 3559281046273 ],, [ 1274029451, 1508815481 ],,,,,,,,,, 
  [ 2605019083715193601 ],,,,,, [ 221574219839546188308517 ],,,,, 
  [ 19077301173377 ],,,,,,,,, [ 1678171841, 9682188161 ],,,,,,,,,, 
  [ 47632037389201 ],,,,,, [ 12316008097 ],,,,,,,,,,,, [ 1690173013 ],, 
  [ 167683461401 ],,,, [ 2913801905467 ],,,,,, [ 2354018041, 54869668561 ],,,,
  ,,,,,,,,,,,,,, [ 561206096828849431 ],,,,,, 
  [ 12926375809, 1107155726209153 ],,,,,, [ 45574988844719101 ],,,,,, 
  [ 1464420673 ],,,,,,,,,,,,,,,,,,,,,,,,,,,,,,,,,,,,,,,,,,,,,,,,,,,,,,,,,,,,,,
  ,,,, [ 1270933357 ],,,,,,,,,,,,,,,,,, [ 1243943521 ] ];
