BRENTFACTORS[5653]:=[ ,,,,,,,,,, [ 621972466897 ],, [ 24518133251 ],,,, 
  [ 735946513087, 3518111824291 ],, 
  [ 4262512755819582408223270278427, 136604756802475681133557119471071 ],,,, 
  [ 3290678581861935677445674129167, 
      10787704655977882807589560273795485853931517068832389 ],,,,,, 
  [ 4642480951, 4775038153 ],,,,,,,, [ 9029507874075981450523639975931779 ],,,
  , [ 4169123284243, 18071392199623617985201 ],, [ 76195080169698119327 ],,,, 
  [ 11408077641871 ],,,,,, [ 1556820932530817 ],,,,,, 
  [ 53910376447, 1057389249009845231 ],, [ 72396365406549375703 ],,,,,,,,,, 
  [ 202268230579 ],,,,,,,,,,,,,,,,,,,,,,,,,,,,,,,, [ 6456293172897984667 ],,,,
  ,,,,,,,,,,,,,,,,,,,,,,,,,,,,,,,,,,,,,,,,,,,,,,,,,,,,,,,, 
  [ 2682445252522039 ],,,,,,,,,,,,,,,,,,,,,,,,,,,,,, [ 1185955274611693 ] ];
