BRENTFACTORS[628]:=[ ,,,,,,,,,,,,,,,, [ 198693204218359917343 ],,,,,,,, 
  [ 227925575851 ],,,,,, [ 11791687001, 8123551689191, 3110686042556201 ], 
  [ 563641431486433 ], [ 299856167161 ], [ 8025522188603 ],, [ 56447797753 ], 
  [ 1033584657983, 1281044345110231543, 67119579987295762412359787 ], 
  [ 47583715959737 ], [ 2950964563639 ],, [ 6087662682994513538797095977 ],, 
  [ 1583867035459178328630918373480259173009452751 ],, 
  [ 2688693775381, 330068582930161 ],, [ 2982304664123 ], 
  [ 1102065717524952529 ], [ 1161474716557, 330718627068316117 ], 
  [ 278673213701 ], [ 247848229303 ],, 
  [ 621815847984169021, 2882283748756077681077323648080709 ], 
  [ 1269057185353, 380157620088619 ], 
  [ 106762148156071, 7319654968373416851897798639978809371601 ], 
  [ 93670323377, 93189393325136785321 ], 
  [ 1848801669343, 1142557443443881, 33817681650559867 ], 
  [ 21280885947314663 ],, [ 332576779861 ],, 
  [ 6714398377, 277967324431195619303 ], 
  [ 986185639124248139264509976668801862585557 ],, [ 8712866620798471 ], 
  [ 172975492499462191573 ], [ 318494171692943 ], 
  [ 362636824981, 9302581848253 ], 
  [ 2675402099666701404877489, 3386821455545271883177954609 ], 
  [ 22385802601 ], [ 24192250430477, 40773010277395159617619 ], 
  [ 67491158257, 239976559729 ], [ 414703763311 ], [ 8341077335387 ],, 
  [ 777055053101091258497, 56546375969576842055690060146177 ],,, 
  [ 28282816450289411 ], [ 709818736049326389821565057370321 ],, 
  [ 58575325948438891, 18200190294705610559891 ], 
  [ 533002862385157002293047 ], [ 83943189961 ], 
  [ 2779826741, 25068160640230229564671 ], 
  [ 3682946415521, 25069959502666739594955699420090043 ], 
  [ 1146314925857929420387 ], 
  [ 26252252262032369, 7195501150643198261665520750386537 ],,, 
  [ 70252798846777 ], [ 117151606577 ], [ 108125323490754186650507899 ], 
  [ 15535977520357351211353761674421979516523 ], 
  [ 290256479271160321, 2040574596478117421531 ],, 
  [ 3018289753177, 677595876770243 ], 
  [ 2234677730345058811, 5613001069811838277 ], 
  [ 5326387507843579, 231739207540642114237 ], 
  [ 49768556501, 869346470625601, 417215044357740077623557101 ],,,, 
  [ 5867921641117846142936377, 16413920252315191844771778114445889 ], 
  [ 132260067637111 ],, [ 1647928187 ], [ 4615610581 ],, 
  [ 7836761929107732281, 1590910253755973288751911 ],, 
  [ 2325635089, 4296097681, 10996264113847245725123329722755471805853879553 ],
  [ 1143605938117, 1962114460819 ],, [ 527182666862515127441 ], 
  [ 2615457900689, 177532752422635749989 ], [ 15177937923182124091 ], 
  [ 7038179070173204285569 ],, [ 2196743161, 16985662863721 ], 
  [ 102667543717747691 ], [ 634342954516233293, 2976587584112287606840366331 ]
    , [ 10946540352254451677203291 ],,,, [ 1029325027195959619 ], 
  [ 179346124801, 477583656856193 ],, 
  [ 43614542386966292171, 314054788866498306404051 ],, 
  [ 5442548323450789, 16454435182641780589 ], [ 7789863915071130047 ], 
  [ 1963876945855333, 13150902126133471721723674229 ], 
  [ 109476873420305524175521 ],,, 
  [ 186919862053, 18539725803189183571495723587917883996577704939393187 ],, 
  [ 39890872153407612796703861, 
      40179547352045587217053302380135956852696068481 ], 
  [ 197729687329, 12089584372786813, 1740849753165106741 ], 
  [ 96679642147997 ], [ 1265135316017 ], 
  [ 578266016401, 12414655400977, 23207848907040229290668739139371690868492051\
009 ], [ 3999790921811 ],, [ 1349816917, 4924575306043050523703424049 ],,, 
  [ 155221402951 ],, [ 9398939609, 830799476713, 5792249616089 ],, 
  [ 1274900465767699 ], [ 3031093201, 35650071914111 ], 
  [ 1194834646051922773 ],, [ 308320011575012197, 2140460482929008615418457 ],
  ,,, [ 1221373567, 13918020063309501067 ],, 
  [ 111691126844124742405807491022061 ], 
  [ 5605751251, 2755410889111, 10312944950308771 ], [ 140825542678241 ],, 
  [ 9079822499772361, 59062563627462112626264381791779925689, 
      149051450736592870339743634986418948801 ],, 
  [ 608098672211, 1438312783872043942351 ], [ 351240495451630093 ], 
  [ 28386848869, 64265742881, 427225926209 ],, [ 199927836919 ], 
  [ 241484768351 ], [ 973947463633, 3192189432961, 506608160477013125551681 ],
  ,,, [ 561484386089670465181, 97784968362730376431843031247453457480141 ],, 
  [ 744144875293, 1995776921867, 127447665115897673 ],, 
  [ 173640058481, 973906903981124161 ],, [ 1090246142853110323 ],, 
  [ 576061576537693, 65035043148272755457 ],, [ 6997964861 ],, 
  [ 99812015145433039432199971756083457 ],, [ 17869328804562213007 ], 
  [ 114775759133140561 ],,, [ 234873696555078383419124707 ],,,, 
  [ 8854435277, 10254941917001500673, 170174588637662518625032657 ],, 
  [ 61670859054728396929 ],,,, [ 4101752065174817, 6516111494834308849 ],, 
  [ 56591716390861 ],,,,,, 
  [ 1159910286481, 283604020366770793, 343070187407593296697, 
      10706986613772164994913 ],, [ 2925821026421234629 ],,,, 
  [ 1193604381721339213113989253079 ],, 
  [ 1617348097, 2002371365569, 666898722301194433, 4770908315975630977, 
      47551075475174408257, 1217167607965095269953 ], 
  [ 280848140698501, 37639054978744501 ], [ 255257258965403 ],, 
  [ 738588894752353 ],, [ 683540413891, 10404626413712760371 ], 
  [ 218187377101 ],,, [ 427113296049496113019 ],, [ 4952121341 ],, 
  [ 314361488169946967, 1022609701559930569 ],, [ 486964472161 ],,,, 
  [ 3474672241, 9209875698997, 310969037041294897 ],, 
  [ 14586995089, 86592614386920645719920499371 ],,,, 
  [ 324509723167171001, 1004590615347910060594436251 ],, 
  [ 43293263005304677, 496180460880990106995817 ],,,,,,,, 
  [ 734063439345669421 ],,,, [ 42598058871314985710761 ],,,,,, 
  [ 131237584561, 258441860251 ],, [ 3596966081, 201644264990801 ],,,, 
  [ 458571944629, 26355662517269177594113, 971954299777092226185037 ],,,, 
  [ 300737957534561, 1105606721731826627041 ],, [ 565845492797862860419 ],,,,,
  , [ 90995822370721 ],, [ 1168650991, 614568740371 ],,,,,,,,,, 
  [ 678048073821827125295624861616301 ],,,,,, 
  [ 201619023283, 13695241932373537 ],,,, [ 3658854532159741 ],,,,,,,, 
  [ 78464039317, 725557634041 ],,,,,,,,,,,, 
  [ 9103085377651, 1392971950271290951 ],,,,,,,,,, [ 12469602171361 ],,,,,,,,,
  , [ 2556396851 ],,,,,,,,,,,,,,,,,,,,,,,,,,,, [ 2545078600639 ],,,,,,,,,,,, 
  [ 1191648511 ],,,,,,,,,,,,,,,,,,,,,,,,,,,,,,,,,,,,,,,,,,,,,,,,,,,,,,,,,,,, 
  [ 85286649601 ],,,,,,,,,,,, [ 13178330551 ] ];
