BRENTFACTORS[4111]:=[ ,,,,,,,,,,,, [ 16352634091, 86920518654997 ],,,, 
  [ 3629570041, 450433231141 ],,,,,, 
  [ 218949046021, 680370313633, 74446687034547329880163 ],,,,,, 
  [ 99362193709282253, 1164743649613525046783, 
      15366918033630073190840285936426163967308718419756088679 ],, 
  [ 25088412916943, 10711192714563377622666217847, 
      6047621034169020381849195384206737979092367498455433955630723197 ],,,,,
  , [ 510604410279529, 3319990778519933381, 38821331072800249600013, 
      2445911454147621812526649793783, 8309408520435741634010606949018895351 ]
   ,,,,,, [ 800837647713623619675760252111 ],,,, 
  [ 237828796083155407450550619889 ],,,,,, 
  [ 11715778296975338736885648965263 ],,,,,, 
  [ 8443941941, 8940736219, 2645891003069662702996202212937 ],, 
  [ 5231397211, 1788528550859, 75844766140482670326661 ],,,,,,,,,, 
  [ 184926574812545521 ],,,,,,,,,,,,,,,,,,,,,,,,,,,,,,,,,,,,,,,,,,,,,,,,,,,,,,
  ,,,,,,,,,,,,,, [ 83211742855229 ],,,,,,,,,,,,,,,,,,,,,,,,,,,,,,,,,,,,,,,,,, 
  [ 4733303135919887 ],,,,,,,,,,,,,,,, [ 498261891461 ] ];
