BRENTFACTORS[8863]:=[ ,,,,,,,,,, [ 3415256197 ],, [ 8212332047019412729 ],,,,,
  ,,,,, [ 1913750789, 6735743569 ],,,,,, 
  [ 8659763021340530837, 2022295836356817411817549, 
      313137322032989154040696814284659751446193838493673302049168423 ],,,,,,,
  , [ 1224374777623, 38160379633636495230650506019473 ],,,,,, 
  [ 22592100194240347, 769786292662227541851322421 ],,,,,,,,,, 
  [ 1214006136464843, 65227416154370719, 156256819253297540329 ],,,,,, 
  [ 326056169866053074389 ],,,,,,,, [ 195209485069 ],,,, 
  [ 164647937753608337137 ],,,,,,,, 
  [ 483948481912933139, 52924740333788483299 ],,,, [ 2519342327 ],,,,,, 
  [ 6337414899532663231, 208194917051942410753255916557 ],,,,,,,,,,,, 
  [ 209159294101, 1129906018301 ],,,,,,,,,,,,,,,,,,,,,,,,,, [ 60680356419589 ]
   ,,,,,,,,,,,,,,,,,,,,,,,, [ 599123861191 ] ];
