BRENTFACTORS[4657]:=
[ ,,,,,,,,,,,,,,,,,,,,,, [ 7840119803, 40436215766082184710269 ],,,,,, 
  [ 24876506647 ],, [ 168162136427, 7164640324627453, 211027976995369297 ],,,,
  ,, [ 4736835767527277, 1947447820853790058554244541 ],,,, 
  [ 987558581143, 541672388093227057, 8002141069915528528123, 
      68788856125301113720622421788543580561913 ],, 
  [ 904268466554773, 46877229711459934650106310107 ],,,,,,,,,, 
  [ 65949514024382420869 ],,,,,, 
  [ 185642938699409884056258916759, 680698134268673219194005090439 ],,,,,,,, 
  [ 2337001034072455197438113 ],,,, [ 34830477883273 ],,,,,,,, 
  [ 103967230414404621024982914983 ],,,,,,,,,,,,,,,,,, [ 121018717081 ],,,,,,,
  ,,, [ 644270966952020173, 738036833448175240579 ],, [ 14211130865498447 ],,,
  ,,,,,,,,,,,,,,, [ 7869368520814921 ],,,,,,,,,,,,,,,,,,,,,,,,,,,,,,,,,,,,,,,,
  ,,,,,, [ 49289076248292121 ],,,,,,,,,,,,,,,,,, [ 17270580991 ] ];
