BRENTFACTORS[6679]:=
[ ,,,,,,,,,,,,,,,, [ 9660699793045474030142857193, 162345231799194906092788423\
9777177 ],,,,,,,,,,,, [ 655043940074205299487827 ],, [ 2612808031 ],,,,,, 
  [ 5717982075479, 4054308002065034029907263 ],,,, [ 2705510789 ],, 
  [ 721270050230948056368051707137 ],,,, [ 10333137697080019 ],,,,,, 
  [ 47584258196440215722377, 9416119051641020169051038059187 ],,,,,,,, 
  [ 636921703048863383 ],,,,,, [ 6935407940577845359633 ],,,, 
  [ 464105378844765500842772551 ],, [ 274995604457773 ],,,,,, 
  [ 13872987017884126204875293 ],,,, [ 319263684197 ],,,,,, [ 228622281343 ],,
  ,,,,,, [ 10564191763681 ],,,,,,,,,,,,,,,, [ 38674348425327229577 ] ];
