BRENTFACTORS[609]:=[ ,,,,,,,,,,,, [ 1510439402206073 ],,,, [ 32084270579 ],, 
  [ 10556764853923 ],, [ 96833421461197 ], [ 15443259437 ],,,,, 
  [ 32422351418263 ], [ 135593888333 ], 
  [ 138076304579, 33468538461119, 13443434937584046327539989 ],, 
  [ 53972137677225541, 1793339411115265860438912319 ], 
  [ 2717046371403244707041 ], [ 19125019826828771857 ], [ 53970427832110697 ],
  [ 1230712421, 3625508713703985221 ],, [ 63407625349 ], 
  [ 967011734542435721 ], [ 275545841035923823 ], [ 28270930392401 ], 
  [ 2953069131747830061355762041107 ], [ 417296769887383 ], 
  [ 3623334811181549, 25978872928813245496309213993468107746677268921 ], 
  [ 99526621558757331575209 ],,, 
  [ 565020468192119, 5353202331283777, 266526840199232758058504583025555795185\
1769 ], [ 4186105475569 ], [ 494444545032446735485311536747028589307263099 ],
  , [ 574398825432709, 14985733084066957 ], 
  [ 117150889181, 867862891676879971861 ], 
  [ 7785924024217, 15618968719792348903007, 1629553686163672057022041, 
      118937983571739473278966349780390730007 ], [ 248226976318609 ], 
  [ 14146963900018931081, 199188721491278422201 ], [ 47407481637937457 ], 
  [ 6064317398876351850757, 1264432464413664659439259 ], 
  [ 44138856781163, 5233624648881487918789902839 ], 
  [ 14895817439, 1384965153568874182691, 6389451888981739807153, 
      2324322602517372231549425908704512598908315849 ], [ 2082726293701 ], 
  [ 27484966846839937 ], [ 78609588829 ], 
  [ 7967484196362325872251812662476163924079 ], 
  [ 10587025921, 235604445965297649347602645394753 ], 
  [ 551167290916779488971499814321344111 ],, 
  [ 2476014413671, 917340972530225919525480173 ],, 
  [ 901033759477745751614298597267004708218469299649 ], [ 125653746035651 ], 
  [ 613764283129 ], [ 5454627508513 ], 
  [ 9301434005288126783, 741239546133280807206263 ], 
  [ 10637341845426813037, 755804013955932846465331339 ], [ 147806310910351 ], 
  [ 527434439689403702985204437 ], [ 274248602709072915988219 ], 
  [ 1324869079, 1540019911 ], [ 15082533370442983 ], 
  [ 5255042965673632291201 ], 
  [ 22784090971788343, 347127327148472976223, 4904577080252912475233466814387 
     ], [ 1037135591 ], [ 40167835593394658588587, 1606659872851451621012933 ]
    , [ 112821826657, 5190909188122978321 ], 
  [ 1246985513217091, 24251226873699481, 1440120900919915131204761 ], 
  [ 1679795614729, 5478378691231 ], [ 9912813061, 10383945727 ], 
  [ 1660732083330262330433, 76031784560409147626345201, 
      622443350209662060622301721601 ],, [ 48342817801, 98007331961701 ], 
  [ 10523086899781, 692827862419603 ], 
  [ 460367021447127933997, 341869470246300075423522447533321 ], 
  [ 9907206941701, 1599460575617557 ], 
  [ 539520718535151803, 4940893753409544671090120360601227282910007658619611 ]
    , [ 880122513122913964793551 ], [ 136018323937 ], [ 825673875384069431 ], 
  [ 154916072599, 963895211763999337303588021893419614181 ],, 
  [ 49520224419908654501, 12869265466135520990101 ], [ 15470562487 ], 
  [ 26321862801039019, 18043757328477081642122527 ],, 
  [ 4924877257, 206866749016592855526084791358161, 
      1046078449827914988421174532256353 ], 
  [ 2654433014318142706421469195083551, 
      3397763000043316855401725821579823492101 ], 
  [ 805549971181, 979605496047827633 ],, [ 636891757655968064708749 ], 
  [ 142283266849 ], 
  [ 497491372291, 9699088297100539921, 6642725031756038895279139421 ], 
  [ 646584919627, 2294249008278169 ], 
  [ 425136226369, 153058887914441434561313455704890657 ], 
  [ 3176521531, 4848564451, 1416927992456803 ], 
  [ 34065745058209, 13696672821763468266418085623 ],, 
  [ 92421857804957, 1989880512696397, 21001960140019874485127113 ],, 
  [ 19941708691939590118073481747342441919 ], 
  [ 21088874171, 11714759493287493197017 ], [ 236446884602187841 ],, 
  [ 1302475616447, 7440038623081 ],, 
  [ 1727777757781, 754798256144161, 15592297373997481 ],, 
  [ 4723249349808311271077120225091955073499510451 ],, 
  [ 9004247435493995802745176193 ], [ 1302537930743821 ], 
  [ 5918668991, 43645437161, 2253243785783611478170780342721, 
      285806695865776232333414802590854631 ],, 
  [ 1436913017540368084261466979025233241531716484753 ], [ 54778359679 ], 
  [ 38421658397, 954977869593519240533, 174731006684234417788775170763 ], 
  [ 419817820415261941, 70832364752712570936988617991 ],,, 
  [ 31524810239084920033 ],, 
  [ 6301162328161, 62764735193757661, 102344366388280241, 7482207222166587121 
     ], [ 11360144651827, 1842797368043662443031 ], 
  [ 1470372797, 1331856923982933012262726846694433151 ],, 
  [ 96158162362609, 1894267564365146187457 ], [ 551739053894741 ], 
  [ 3157673514173, 1388540528519773270753 ], 
  [ 62691091484113, 597533764414987 ], 
  [ 32065791001, 181203788419344841, 146810449861056116114701764461, 
      1629533069565659500547464258993 ],, 
  [ 145253143686105342060548463364174108812161982164101 ],, 
  [ 685815984159845519089, 19244309107171299072412921 ], 
  [ 5588393737393, 17262027220210708412629 ],, [ 4130654943517112851 ],,,, 
  [ 97115663107 ], [ 96179178536190486721, 11852045204862406281391681 ],, 
  [ 332346737341, 2582555916781, 86585925826576081 ],, [ 10019483316340853 ], 
  [ 466019840088991 ], [ 13212480788659 ],,,,,, [ 49148245093, 5844327300169 ]
   ,, [ 144524721609943, 1403852091234365465641162450615681 ],, 
  [ 25985861562233057 ],, [ 671814743141, 215214872904414245430389 ],, 
  [ 1048044487269887508601 ],, [ 122686463910193 ],,,, 
  [ 5080501700535440660246317 ],,,, [ 5336694723299789081 ],, [ 6621423937 ],,
  ,, [ 5869581472447673, 4837598234506113581 ],, [ 594845156844543133 ],, 
  [ 373223149801 ],, [ 3752330214301, 4635113691973, 232419014472415392459923 
     ],,,, [ 5943616031 ],,,, 
  [ 33328764741301, 22791202397906881, 2403664586258012272441, 
      15060117444669152361522241 ],, [ 3167231453, 87175578385253 ],, 
  [ 3988865627 ],,,,,, [ 144117844246861 ],, [ 25642252086506835572310769 ],, 
  [ 303138678680759448493939393, 160510906779449975589493829569 ], 
  [ 729592394442508351 ], [ 2547144324409 ],, 
  [ 2222074281357102853, 1861566692358494861704007557 ],, [ 59586358751 ], 
  [ 2275649377 ], [ 18255081241, 61638563417, 1110540835856696110249 ],,,,,,,
  , [ 10719461858669571121 ],, [ 150513182321459, 295908474070862599 ],, 
  [ 1295501653, 2885202982429, 7012752887774732446709 ],, 
  [ 35140597423, 8254088786947 ],, [ 52748747873 ],, [ 14997056251 ],, 
  [ 877382293138960163941 ],, [ 348188574641 ], [ 8999594641 ],,,,, 
  [ 1044879447041 ],,,,,, [ 317650477023167 ],,,,,,,,,, [ 6501413002237 ],,,,,
  ,,,,,,, [ 15639323331322152001 ],,,,,,,,,,,, [ 487449557058601 ],,,,,, 
  [ 4171993597 ],,,,,,,,,,,,,, [ 4867032641, 1562863306241, 2234857718081 ],,,
  , [ 128031585013, 31720638295261 ],,,,,, [ 15900870204916951 ],,,,,, 
  [ 377455677649, 753009234097 ],,,, [ 194824047797581 ],, 
  [ 1188841249, 1714514059, 160953933313 ],,,,,,,, 
  [ 6271786151, 15788926301, 4904020774801 ],,,, 
  [ 15632150419, 14233154206398157519 ],,,,,,,,,,,,,,,,,, [ 32630438677 ],,,,,
  ,,,,,,, [ 31115378148443137 ],,,,,, [ 99336832531 ],,,,,, 
  [ 1393194735829909 ],,,,,,,,,,,, [ 3142836138817, 7480001573308249 ],,,,,,,,
  ,,,,,,,,,,,,,,,,,,,,,,,,,,,,,,,,,,,,,,,,,,,,,, [ 36013795521330397 ],,,,,,,,
  ,,,,,,,,,,,,,,,,,,,,,,,,,,,,,,,,,,,,,,,,,,,,,,,,,,,,,,,,,,,,,,,,,,,,,,,,,,,,
  ,,,,,,,,,,,,,,,,,,,,,,,,,,,,,,,,,,,,,,,,,,,,,,,,,,,,,,,,,,,,,,,,,,,,,,,,,,,,
  ,,,,,,,,,,,,,,,,,,,,,,,,,,,,,,,,,,,,,,,,,,,,,,,,,,,,,,,,,,,,,,,,,,,,,,,,,,,,
  ,,,,,,,,,,,,,,,,,,,,,,,,,,,,,,,,,,,,,,,,,,,,,,,,,,,,,,,,,,,,,,,,,,,,,,,,,,,,
  ,,,,,,,,,,,,,,,,,,,,,,,,,,,,,,,,,,,,,,,,,,,,,,,,,,,,,,,,,,,,,,,,,,,,,,,,,,,,
  ,,,,,,,,,,,,,,,,,,,,,,,,,,,,,,,,,,,,,,,,,,,,,,,,,,,,,,,,,,,,,,,,,,,,,,,,,,,,
  ,,,,,,,,,,,,,,,,,,,,,,,,,,,,,,,,,,,,,,,,,,,,,,,,,,,,,,,,,,,,,,,,,,,,,,,,,,,,
  ,,,,,,,,,,,,,,,,,,,,,,,,,,,,,,,,,,,,,,,,,,,,,,,,,,,,,,,,,,,,,,,,,,,,,,,,,,,,
  ,,,,,,,,,,,,,,,,,,,,,,,,,,,,,,,,,,,,,,,,,,,,,,,,,,,,,,,,,,,,,,,,,,,,,,,,,,,,
  ,,,,,,,,,,,,,,,,,,,,,,,,,,,,,,,,,,,,,,,,,,,,,,,,,,,,,,,,,,,,,, 
  [ 1298651521 ] ];
