BRENTFACTORS[6389]:=[ ,,,,,,,,,, [ 698157181349 ],, [ 2830455889 ],,,, 
  [ 4107953407, 160518013294562309 ],,,,,, 
  [ 1314659838557285267691206239, 30940348870319596517710969578518522490834182\
8800900941 ],,,,,, 
  [ 295387212203, 18219832136544780132274537133919736155091531 ],, 
  [ 18821967317, 2988543804661 ],,,,,,,,,, [ 40602756331 ],,,,,,,,,,,,,,,,,, 
  [ 107675530411 ],, [ 5268517435081, 12488382225470292833 ],,,,,,,,,,,,,,,,,,
  ,,,, [ 2036177668549879 ],,,,,,,,,,,,,,,,,,,,,,,,,,,,,,,,,,,,,,,,,,,,,,,,,,,
  ,,,,,,,,,,,,,,,,,,,,,,,,,,,,,,,,,,,,,,,,,,,,,,,,,,,,,,,,,,, 
  [ 3912217562761 ] ];
