BRENTFACTORS[110]:=[ ,,,,,,,,,,,,,,,,,,,,,,,,,,, [ 5711227733, 2789206234501 ]
   ,,, [ 7755450173, 3586602021088740691589 ],,, [ 2083957537943 ], 
  [ 2514390992684761 ], [ 1943517637 ], [ 4354373379371 ],,, [ 1020378761 ],, 
  [ 43601328373, 49176993391 ], [ 7346180970131 ],, 
  [ 446222484794521016619391, 22073574531084695328502711 ],, 
  [ 732131991271, 4366621061419 ], [ 7905878209 ], [ 21906779923632337763 ], 
  [ 24863452937750980601 ], [ 13539128996989 ], [ 186191066803612227449 ], 
  [ 4765073758521847 ], [ 3049840459 ], [ 325433589566251 ],, 
  [ 15879322002717073 ],, 
  [ 1069031149, 16656605179, 22272193475177, 507418274010910233173197288404509\
7736639 ],, [ 157211857922501, 37337002189263094506607350802521583 ], 
  [ 2037690637, 118169575243, 795591109668548197 ], 
  [ 1338234031, 17920742543387208757 ], [ 2651012590273 ], 
  [ 1769619281, 61550402681, 28676408794021 ], [ 1011897074566489 ],,, 
  [ 10697095531 ],, 
  [ 8987139478432781134344006469027381, 31791472133586259100851201376317210932\
92081141400397 ], [ 30345009817393 ], [ 108430102659306073888493 ], 
  [ 633981056329 ], [ 438306512851 ], 
  [ 9886452857, 70488528836083573, 129357921685962283133 ], 
  [ 107842846651, 776503102116281, 8698007261811240290270678557 ], 
  [ 5230817359 ], [ 2688690899 ], [ 6555609135121 ], [ 4397259337759 ], 
  [ 3850561614882023, 7797598239853074057655219 ], 
  [ 27640019573, 6400121573927066670491 ], [ 244084720489 ],, 
  [ 504181104438429253926134775506468153 ], 
  [ 21390882967, 1165767679422663397459 ], [ 13429181657 ], [ 6604294841 ], 
  [ 1167846396747031 ], [ 20361557899229 ],,, [ 728424414211828929294823 ], 
  [ 11478430291, 1349641559701, 3080039917409801, 294473090913541029942721 ], 
  [ 2047187809, 472572552688531296481 ], 
  [ 2270375599, 4050274826921753607694073 ], [ 24298188732866962065445687241 ]
    , [ 14425471634162293, 165008720513699635717 ], 
  [ 544604764112540096621206768501 ],,, [ 386132066443, 44277449768623909 ],, 
  [ 646228817715100280300156625446311 ],,, [ 87287110057914272677 ],, 
  [ 1639448911, 14479902911, 44940947051111 ], [ 9155845654407191353051 ], 
  [ 7493691264529, 231249753922876261524353817574993 ], 
  [ 1968553687171, 773782285869653 ],,,, [ 9680075263 ], 
  [ 128718077213771830762476371708400022280087996662888657 ], 
  [ 4519402507747, 17678726245013, 53223459757889, 260193652164081203 ],, 
  [ 41277344124853, 33848023090353781783 ], 
  [ 19271943671899, 185984155307777, 420718284503719, 
      335272413581777621019179 ],,, [ 301810749564251, 18445935576064001 ], 
  [ 3097021076101, 336455553789555473479123 ],,, [ 31914365902411 ],,,,, 
  [ 1373359837, 1533815365795574202067, 47734512232071868704689 ], 
  [ 1145457533249101 ], 
  [ 6858175361, 1103495599961, 1641421861343142879570442321, 
      5135083311067940811816258263969 ],, 
  [ 2798679319787334298781138895336661927 ],, 
  [ 88811623711096957294181727463709342761 ], 
  [ 3574357774851673, 18355049049034231, 10885623242824156741, 
      203435788287338810605243 ], [ 27196832097145660151 ],, 
  [ 80742302263332987738170617013002972447233601 ], 
  [ 202153024841, 25849026346103276621 ], [ 262844050537 ], 
  [ 38064404617, 16734400420745255263 ], [ 79282774787277441173 ],, 
  [ 20339863612655733301663224901 ],,, [ 351436319119 ],,, 
  [ 74261353482192445643101 ],,, [ 17297505368569711 ], 
  [ 1189379794131041, 785024193183830312507795521 ],,,,, [ 1455698641 ], 
  [ 2032991127499, 45654801156347269 ],, 
  [ 9040645777892349320257577694608977 ],,,,,, 
  [ 16418854143193, 16619300740971486903131751504068329 ], [ 7341949651 ], 
  [ 3421174417, 24351197729, 23205166844058859825599809 ], [ 12053382967159 ],
  [ 9007094947 ],, 
  [ 1189876540141, 31600188384916321, 6360527876185834227079719301 ],,, 
  [ 334967282486611, 2819115311187198722983 ], [ 124771693422382523467793 ],, 
  [ 48897781243 ],, [ 6302745314581 ],, 
  [ 4243481794329431, 17793934909403729081 ],,,, [ 512758802298288643 ],,,, 
  [ 1245356443, 221299475563, 
      7047008363736175423603766313945525945939845922907 ],, 
  [ 125363660468401 ],,,,,,,,,, 
  [ 53921245630771, 1664265956172961, 6957206229657912886369338901 ],,,, 
  [ 48432873547, 2882994956513821 ], [ 1343074471 ], [ 13192938289 ],,,, 
  [ 6481402181, 891742214221, 12744048824321, 1724550551914151139421, 
      111195700860250367586721, 2130213200668685899720279305761 ],, 
  [ 11875220589637, 8467152718749235197842137244137, 
      547714752816869600134513748095475425861 ],,, [ 4892024251 ],,, 
  [ 256732296433 ],, [ 20869239586307851 ],,,, 
  [ 1394936812282345021, 14853477045796092330997969 ],, [ 740442597278261 ],, 
  [ 15094799053531 ],,,, [ 2600653744877 ],, [ 702735365663077 ],, 
  [ 13804331083 ],, [ 1602454655833, 38066682365987993 ],,,, 
  [ 7993452736071045659051444800909 ],,,, [ 1099085569, 2463910913 ],, 
  [ 117190947572102045431 ],, [ 8247304781, 549598118161, 32992693996601 ],,,
  , [ 12048052529041 ],, [ 113789941049023 ],,,, [ 5558344039351 ],,,,,, 
  [ 6905100677612278969, 342110079370442122904209 ],,,, [ 26969750641 ],, 
  [ 39245518129, 548848066916471797669 ],,,, [ 11554346184594929 ],,,, 
  [ 174967386931, 7029005251478701 ],,,,,,,,,,,,,,,,,, 
  [ 4727645562940927104941 ],,,, [ 1501204894424353 ],,,,,, [ 1186917982231 ],
  ,,,,,,,,,,, [ 128015756118363961 ],,,,,, [ 109965897421062817 ],,,, 
  [ 99612018841 ],,,,,,,, [ 1965891576997 ],,,,,, [ 5270314831 ],,,,,, 
  [ 115199610519241 ],,,,,, [ 4453883281, 267452048298493 ],,,,,,,,,,,, 
  [ 642095550141949 ],,,,,,,,,,,, [ 101684891881 ],,,,,, 
  [ 7040305009, 13669343029 ],,,,,,,,,,,,,,,,,,,,,,,,,,,,,,,,,,,,,,,,,,,,,,,,,
  ,,,,, [ 2801969101, 8147854801 ],,,,,,,,,,,,,,,,,,,,,,,,,,,,,, 
  [ 19169206561, 124112012161 ] ];
