BRENTFACTORS[5039]:=[ ,,,,,,,,,,,, [ 149431934762657 ],,,,,, 
  [ 9490972607, 433987644175476914392291 ],,,, [ 880447068024233089411 ],,,,,
  , 
  [ 5271920095423, 35188283846293, 8160877078306702371672774937851718404177483\
9681225638648746249 ],, 
  [ 199212913338174898054319113048430151980533991, 590336259421131444140714180\
6397602945697129879737069415812539225511 ],,,,,, 
  [ 8054001049, 31359558319040803 ],,,, 
  [ 18689869745982904197007973, 37248767848428453524697887, 
      38328533026186572076010971393, 
      899977095120350649165758307606296676901323192804797 ],, 
  [ 55488713047796595481 ],,,, [ 3728318308315333188013187505877297 ],,,,,,,,,
  ,,,,, [ 49065644346932063 ],,,,,, [ 59483847407 ],,,, [ 168285737013539 ],,,
  ,,,,, [ 4349713141 ],,,, [ 120608296499 ],,,,,, 
  [ 1768568663, 845750705975053 ],,,,,,,,,,,, 
  [ 185203663629843643, 79614851482930156817 ] ];
