BRENTFACTORS[2027]:=[ ,,,,,,,,,,,, [ 14055995279 ],,,, [ 20689912289 ],, 
  [ 23236908092773132663 ],,,, [ 4352574905923, 745015414600048049 ],,,,,,,, 
  [ 431817971881012216091, 1278546477577669506323264706505547803, 
      2909440868804972199786018290500914897393989 ],,,,,,,,,, 
  [ 2273741461949, 485589887416331431 ],, [ 838345105831 ],,,, 
  [ 5859320069809, 3894644759321041457 ],,,,,,,,,,,, [ 605703821377 ],, 
  [ 2124217519 ],,,,,, 
  [ 11484826573619665082213, 3707619088253050419526687, 6086886625133528695393\
41109 ],,,,,,,,,,,,,,,,,,,,,,,,,,,,,, [ 37216035203 ],,,,,, 
  [ 2806262620186451, 6049433316989051329, 3627854949284397484619164703 ],,,, 
  [ 1293779205937, 157082991901732495411, 
      1250862261006373205145901198689544526401 ],,,,,, 
  [ 185383262757331, 1493174608456769779174099, 1114964029044239382124357001 ]
   ,,,,,,,,,,,,,,,,,,,,,,,, [ 1065175452132263566583, 6852241475295606775549 ]
   ,,,,,,,,,,,,,,,,,,,,,,,,,,,,,,,,,,,,,,,,,,,, [ 5381208193 ],,,,,,,,,,,,,,,,
  ,,,,,,,,,,,,,, [ 2117758517687 ],,,,,,,,,,,, [ 17438319467 ] ];
