BRENTFACTORS[3919]:=[ ,,,,,,,,,,,, [ 480147269603 ],,,, [ 10255042636793849 ],
  , [ 8877251272925363, 13641319299231329039963 ],,,, 
  [ 49041228985606303, 791052027298287261864961, 
      7422459674527066978308529010515189 ],,,,,, 
  [ 1753614532677857, 533557808950464670921243893923, 
      3166537704450968017419557248566176212058359643123 ],, 
  [ 7415546781203254855671463 ],,,,,, 
  [ 2041145849, 670747903538177, 634306192639562111885668835285856101757450157
     ],,,,,, [ 47245166831, 281744682865673481919 ],,,, 
  [ 3169541372482874693 ],,,,,,,,,,,, 
  [ 133702319840745792814903, 684281913655397126186317 ],, 
  [ 6462464207864579401535562743 ],,,,,, [ 1786739434959799 ],,,, 
  [ 556015445519 ],, [ 11671086130551116956629126367 ],,,,,,,,,,,,,,,,,,,,,,,,
  ,,,,,, [ 32797667432652697931 ],,,,,,,,,,,,,,,,,,,,,,,,,,,, [ 1203529751 ],,
  ,,,,,,,,,,,,,,,,,,,,,,,,,,,,,, [ 1736614727362517017 ] ];
