BRENTFACTORS[4703]:=
[ ,,,,,,,,,,,, [ 3529545553, 33308065597, 463449490039003001 ],,,, 
  [ 2956630753, 67833586831, 285660467246882974809088210698308940367 ],,,,,,,,
  ,,,, [ 15315326011, 630286989744891337 ],, 
  [ 18452464024956369113, 1305204784480897665056950799, 
      3163265123266908651468268530871138808785639917679741 ],,,,,, 
  [ 14425959749, 301480764649485309269 ],,,, [ 3644497034766389 ],,,,,,,,,,,,,
  ,,,,,,,,,,,,,,,,, [ 429986471791 ],,,,,,,,,,,,,,,,,,,,,,,,,,,,,,,,,,,,,, 
  [ 2228511323 ],,,, [ 33539137635977 ],,,,,,,,,,,,,,,,,,,,,,,,,,,,,,,,,,,,,,,
  ,,,,,,,,,,,,,,,,,,,,,,,,,,,,, [ 12906298695980351 ] ];
