BRENTFACTORS[640]:=[ ,,,,,,,,,,,,,,,, [ 26981631846569 ],, [ 6058417597 ],, 
  [ 189312470803 ], [ 496794973687 ], 
  [ 105983853077, 17803560952794349224281 ],, [ 10373894656938756597751 ],, 
  [ 28538437237003 ], [ 6850179901349 ], [ 121444006655761, 2742710620084679 ]
   ,, [ 111404792894419676420182199 ], [ 17469434977 ], [ 10951088139883 ], 
  [ 76522650810170693 ], [ 5410652488777212041 ], [ 765102146581 ], 
  [ 171665422519, 3831456608120221809734363, 95206538490008239778808169 ], 
  [ 9791097367 ], [ 1038962187199, 3084710806652042803 ], 
  [ 22955904401, 267407296721 ], [ 1595091881, 1032058172873555781384549319 ],
  [ 18422899751173 ], [ 119784255653, 7255271216851575132365487173653 ], 
  [ 16719551085821 ], [ 102178435676006432126431 ], [ 11208608263 ], 
  [ 728310480397 ], [ 6206880804473987809 ], 
  [ 35569374201878203, 174561822414176124500028552420700165693 ], 
  [ 777859147550731557851 ], 
  [ 218590338058086006051187, 263991358711914537112249354441 ], 
  [ 7289709153949, 316653008604089, 514054739043821 ], 
  [ 8814695849, 164776819483, 52571005795312043551149832829689930463472124043 
     ],, [ 13520068871 ], [ 14386027030481 ], 
  [ 8062825431942116038237805290220587 ],, [ 1312176757, 420689411119 ], 
  [ 717384556501 ], [ 63820069115656837 ], [ 15492557809197828077 ], 
  [ 186163846637707, 7978352885923890961, 43476445355477725781191 ], 
  [ 58303161652144176641, 36215988581781052732993 ], 
  [ 1111079672696111, 5468171806111106041, 
      2603528823924096435816096437561522419111 ],, [ 2341605132320762696363 ],
  [ 8657122909, 183893717333306161, 2105700086347309141 ], 
  [ 6190413184591, 778872827115751416933264282757, 
      1183985202463323451823845940054221723 ], 
  [ 3161436041, 430323525429211 ], [ 39329488549951 ], 
  [ 70857686377, 2059749825640294609 ], 
  [ 10066846813529521, 38433799313065601915775329, 
      90877659270841066958358786419123 ], [ 481584925567530919980009847967 ], 
  [ 8065930708384208451071569942351, 430071577805369552514206960538597601 ], 
  [ 22667397938734430998603031362985123098081 ], 
  [ 132613755374255299782947, 4613225522400516642440454559, 
      252083598727130206315448124649, 900844736882348015252181630637 ], 
  [ 49675530139 ], [ 5125677151683133295573 ], 
  [ 2072420321, 437307735483041 ], [ 1509657128424198497738444036689 ], 
  [ 66711709063857754136932981408409, 
      1737518935684550430644431800407595017771 ], 
  [ 16910156227, 144517169508994721 ], [ 5793116029 ],, [ 20266296835219 ], 
  [ 194691475130849089, 339378419007985417969967388763, 
      93824131288970733364609879173022196491283116627 ],, 
  [ 25410310693169, 90030533004963521 ], [ 25374098446201 ], 
  [ 71096438323, 12137872081725209, 13157885289221996924329 ], 
  [ 9309149448601, 7380603832306830589, 190981208763395060091525593081 ], 
  [ 159599473039, 497577886476080910011918083 ], 
  [ 14110572557, 22478801328039699133557977297790591306417902470373531 ], 
  [ 313633887122009521 ], [ 11286055777 ], [ 26717699325311 ], 
  [ 21284783180074009 ], [ 381665675161, 10038167432569 ], 
  [ 1121013383071601, 2943500065851083201, 40283274427137150133201 ], 
  [ 4767515384330227769 ], [ 5483908027202040729934201237 ],, 
  [ 6947800861585895047937739083682073 ], [ 96133034485659740149487551 ], 
  [ 116401381332829696613, 18049692079261980584569, 
      192814864686140723698639665906071837891 ],, [ 15379708475881 ], 
  [ 847752783667 ], 
  [ 12080401961, 4247580083891, 300009925856411, 29364654176056651, 
      92204624971524011 ],, 
  [ 3641604929259459534422610673, 167192185113550368472092536678197889 ],,, 
  [ 425446048125232350001, 991414526236187240292757177681 ], 
  [ 14686604329, 381661876546441474557990647496049 ],, 
  [ 6340161665182321, 467201569450592609, 2274165260818930223 ], 
  [ 1957066147, 452588554367624370907 ],,,, [ 2406091561, 151680762096332827 ]
    , [ 8677527363160229417613421, 195851748789336019529604921769 ], 
  [ 116969870463139231001 ], 
  [ 7778121121, 43853424060642211, 261808386990405465263452328752957 ], 
  [ 53488758806369 ],, [ 7631543559867661933591, 4584918298577411996924533 ], 
  [ 126023046478291, 16177936727055523681299832090422971 ],, 
  [ 107811059467981, 11560489362015837584881 ],, 
  [ 789421465125928489, 33906549902537204678917 ], [ 78803632247069734111 ],,
  , [ 10292839849, 1205536638873779232707653 ],, 
  [ 4266681581, 13863458685379809065315221621, 427241238182318015333604119681 
     ], [ 64754063689369 ], [ 2620261635802464312067893409 ],,,, 
  [ 6348198712248175035767 ], [ 15257135793271 ],,,,, [ 792469553628953 ], 
  [ 2968964835543844034241925639 ], [ 68439437677800708227171 ],, 
  [ 140524479723142397960808589 ],,,, 
  [ 59906966081, 10870560338881, 5795585061733138561 ],, 
  [ 1085614489, 7307717523823, 9201196697614849, 505856726363850157, 
      1357889201425454064949031912918672527 ],,,, 
  [ 1680488215517610769, 922765631706019565689 ],, [ 6926971969 ],, 
  [ 23320219581481 ], [ 303070750323283 ],,, [ 1308959946605190169 ], 
  [ 3495467378975951, 13343508515266964721466151 ], [ 723500346442897 ],, 
  [ 56125668967 ],, 
  [ 6962828627392033861, 18469909645163413077530649421, 2132617799514325335303\
7751152321 ],, [ 753513740090155742221531463 ], [ 42908189707, 229634199271 ],
  ,,,, [ 42427572289, 958732454609 ],, [ 131923210839131 ],,,,,, 
  [ 39100938200969 ],, [ 2447115603562477, 880649244031362499 ],,,,,,,,,, 
  [ 100250736977, 309321153237653845133249 ],,,, [ 1058681149 ],,,, 
  [ 168218682769, 1119587879953249175089 ],,,, 
  [ 8231251609241, 97536517938402878281, 24536510975684547064941101 ],,,,,,,, 
  [ 431158931689, 1967996333449, 175994893757281 ],,, 
  [ 21691230149359, 72883064474684042041 ], [ 41312985096944763353 ],, 
  [ 1160065531, 2721723967, 19738376659, 529612020105247, 
      100442114204818178505134449 ],, [ 3878581297653989 ],,,, 
  [ 205777815545016961, 615423446183254001281 ],,,, [ 29572013279883647861 ],
  , [ 195613992470527 ],,,, 
  [ 3017856251, 716761392706714001, 130735170169538239656265028251 ],, 
  [ 3914829829 ],,,, [ 78176501761 ],, [ 1320526303, 62933120170862611063 ],, 
  [ 2041654421, 6176292461, 397814304161, 26522194002721 ],,,,,, 
  [ 2634088470980278691 ],,,,,,,,,,,,,,,,,,,,,, 
  [ 4931247457, 219405586837537, 2575612066912877774148193 ],,,,,, 
  [ 1238472300493 ],,,,,, 
  [ 4396219289401, 14933785006801, 106726955725723544401, 
      44203524677656841592301, 19008706586124615265971876333463921526101, 
      3750611272855827693679112137489640935567945801 ],,,,,, 
  [ 275746289475619 ],, [ 9207869275529 ],, [ 1944988051, 600913820080801 ],, 
  [ 93541476289, 5719937574719815338837817 ],,,,,, 
  [ 383078218063687, 242768149566840133 ],, [ 1499604481 ],,,,,,,,,,,,,,,,,,,,
  ,,,,,,,, [ 1232156123221 ],, [ 120508798740401 ],,,, [ 20240472958891 ],,,,,
  ,,,,,,,,,,,,,,,,,,,,,,,,, [ 6659405084409601 ],,,,,,,,,,,,,,,,,,,,,,,,,,,,,,
  ,,,,,, [ 14200848481, 15775969441, 40910845081 ],,,,,,,,,,,,,,,,,,,,,,,,,,,,
  ,,,,,,,,,,,,,, [ 419127874638616837, 642069445136435779 ] ];
