BRENTFACTORS[424]:=[ ,,,,,,,,,,,,,, [ 4565820541 ],, [ 692715181194593 ],,,, 
  [ 20024894638603 ], [ 708924916657 ],,, [ 14968821985651 ],,,, 
  [ 132153475543, 23840094230644781 ],, [ 1312895597653, 29406645036183101 ], 
  [ 548783376430373537 ], [ 73885279645639262062747 ], [ 90510374561 ], 
  [ 24214721676003071210411 ], [ 4250002177 ], [ 4666083913, 81936475211 ], 
  [ 1008445240853 ], [ 470216568709750903 ], [ 11701518802681 ],,, 
  [ 2076462691, 230211099964513955905596372791 ],,, 
  [ 2356845730337851, 23540496019227529 ], 
  [ 429683047501, 261804787937501359, 
      23876067719411773795169095531518345544801 ], [ 4689989965159729 ], 
  [ 1220599997, 2851170781259901521, 76189416556055130900568291 ], 
  [ 10910406681390451 ],, [ 70386056133121 ], 
  [ 7925259919, 75343771285089313 ],, 
  [ 5651844915963474341001210140173357839021791 ],, 
  [ 3755561328024253766921953 ],, 
  [ 4199112351359703549131673211, 4631594709899061120561453727 ],, 
  [ 14590872797, 602888224369564060819 ], [ 146030362537 ], 
  [ 7900903935163940376412004689, 42583627734063373447674435754147 ],, 
  [ 3335805182187271, 1503435051652684541, 178685088992005360901371 ], 
  [ 3256529992555621 ], [ 8811081350493949 ], 
  [ 227020938543582527593373, 150304748049304981699091537 ],, 
  [ 2035960781, 2158246931, 17605010711 ], 
  [ 187177724612914473934578590888560484187841 ], [ 19993412161 ], 
  [ 486700951556545127338497497 ], 
  [ 47749508203790067465983, 34973035105764360636899191 ], 
  [ 42931496907152818354953182689651 ], [ 5377172429991619860660392442637 ],, 
  [ 84846167222278787538643 ], [ 62673613284739 ], [ 30066647041 ], 
  [ 5132036646559, 103597423746289003, 201702112603764758317, 
      6936148193094412696297, 1742695971609745287145099 ],, 
  [ 149700298211251274129688329 ],, [ 21646374445961 ], 
  [ 1799005074722541873321894596503 ],, [ 17823221844121 ], 
  [ 53443518867014431 ],, [ 1104702306527 ], 
  [ 124301992949, 5538734704240846471351489, 156799204203740531381526821 ], 
  [ 17268398160664269173821740037 ],, [ 1007044962993501041 ], 
  [ 5079657644532892129, 651781121639716560273065374081 ],, 
  [ 8598321152665763, 922851816974832261259, 5598019308357300034757 ], 
  [ 8079736743739 ], [ 261611366826001, 6048686972926057001 ], 
  [ 353433609469 ], [ 15053093599, 2513852041093 ], 
  [ 2877961729, 12801705407 ], 
  [ 25409371034809482508321, 12326139427147302868543763153841924623699801 ], 
  [ 75593920182193514225547371150332822934984117537701 ], 
  [ 5745438019193109641 ],,, [ 15708098129 ], 
  [ 5888672021, 64709747721714956891911, 458489321869449848761081 ],, 
  [ 984585895485809, 957426688332264967712781649, 
      136132069680526024764678187245169 ], [ 12596318763281711 ], 
  [ 5971117686823 ],,,, [ 47237354588120509 ], 
  [ 24433792221427, 249376223617158037 ], [ 1080897001 ],,, 
  [ 31558212623083 ], [ 194233034194345530018982477069 ], 
  [ 38163309928329357001, 78184149754375544501 ], 
  [ 14435338798353062916591427, 212545395662702031737558227 ], 
  [ 59051101609, 122149359461 ], 
  [ 2268455297, 237207541475033752613761, 84012248029722091739068289 ],, 
  [ 2687069108225444671 ],,, [ 6826878563, 6950564041 ], 
  [ 28129307579644027, 135729627144748613 ], [ 249745431101851 ], 
  [ 3155524633 ],, [ 11457274981245191728614559382264097606265441 ],, 
  [ 615780879281, 26084944392294644921, 42746962329548173803350861 ], 
  [ 834855088186798979353 ],,, [ 3940356529, 405736451318308706259066119809 ],
  [ 4476766412401 ], [ 3245608763, 101503185947, 171942564989077447 ], 
  [ 67757023321681 ], 
  [ 2213246886143386958728544557, 53072582484323946983318278513 ],, 
  [ 2246664592593601 ],, [ 62889237721, 7141291597273, 4993705979533522966921 
     ], [ 82702900909, 40976481328201 ], [ 762367155237689 ], 
  [ 364688212591, 21867687984421, 187727936663471 ],,, 
  [ 631159891723, 2401130453375519, 322314431441280893, 
      17445810549212833236923 ],, [ 114902423233089675402262081 ],, 
  [ 1227492372097, 6894055082503, 1762890036257863, 
      6680095409950745273860947180881799870095568229 ],, 
  [ 4263952107726790380713269 ], [ 11464577851 ],,, 
  [ 35064349153, 150695919961483579326518314967521 ],, 
  [ 273832605256271469106571 ], [ 1929064339 ], [ 55972429889 ],, 
  [ 696814313226279258344174947, 496266879838146677993100729721 ], 
  [ 103730507651 ],, [ 2608828394164349244253 ],,,,, [ 124979252260397081 ], 
  [ 82185517039 ], [ 546905915881859814997201 ],, 
  [ 64628004169, 1574528275411886865583 ],, [ 8518491345841 ],,,, 
  [ 1291574017, 51219074539777, 24406133746718127936193, 
      112030158984175956794497, 351236322592818517875252137659009 ],,,,,, 
  [ 1542806971557193, 28981068395405941, 100488446124954031 ],, 
  [ 53489933527201 ],, [ 10946173759 ],, [ 54733230649533287007313 ],, 
  [ 16813343227, 260471161924429 ],, [ 4709787889, 6026462149877989249 ],, 
  [ 15523914826256632531 ],, [ 8981470277869, 472445860372101016421 ],, 
  [ 74203899642973691 ],, [ 87874928191671439969 ],,,,,,,, 
  [ 4077642362734470849685633 ],, [ 2777520866971902129919 ],, 
  [ 4787166794222233 ],, [ 75725259681869137651, 454809625037952828842621 ],, 
  [ 799430441609, 1648161344897 ],,,, [ 699551307617 ],,,,,,,, [ 3498046709 ],
  ,,,,, [ 152871150967001 ],, [ 726615311352074770810908245761 ],, 
  [ 856108199897 ], [ 3503627483611 ],,, 
  [ 916229863063, 163887773758627, 70097432884446433 ],, 
  [ 4436825477931641793376561 ],,,, [ 2893346989369 ],, [ 891650133901759 ],,,
  , [ 50763913640952478201 ],, [ 33516006193, 10947594182801 ],,,,,,,,,, 
  [ 3915569345472682243939 ],,,,,, 
  [ 79114290605375617, 467263306849400583553 ],, 
  [ 2157396421, 757839674115011 ],,,, [ 41417115883963, 761503858452789019 ],,
  ,,,, [ 308932541101, 340735683951601 ],,,,,, [ 20929002371623 ],, 
  [ 1347982440790217 ],, [ 14779005721, 58777640898245261 ],,,,,,,, 
  [ 594533287275232219 ],, [ 726456077441 ],,,,,,,,,,,,,,,,,,,,,, 
  [ 15535257319 ],,,,,,,,,,,, [ 67335723787 ],,,,,,,,,,,,,,,,,, 
  [ 20177407714297 ],,,,,,,,,,,, [ 23605984513, 40138974721 ],,,,,, 
  [ 5786825890561 ],,,,,,,,,,,,,,,,,,,,,,,,,,,,,, [ 2130086762581 ],,,, 
  [ 9153829864273 ],,,,,,,,,,,,,,,,,,,,,,,,,,,,,,,,,,,,,, [ 393189295423 ],,,,
  ,,,,,,,,,,,,,, [ 16335158780641 ],,,,,,,,,,,,,,,,,,,,,,,,,,,,,,,,,,,,,,,,,,,
  ,,,,,,,,,,,,,,,,,,,,,,,,,,,,,,,,,,,,,,,,,,,,,,,,,,,,,,,,,,,,,,,,,,,,,,,,,,,,
  ,,,,,,,,,,,,,,,,,,,,,,,,,,,,,,,,,,,,,,,,,,,,,,,,,,,,,,,,,,,,, 
  [ 335829346761481 ] ];
