BRENTFACTORS[1483]:=[ ,,,,,,,,,,,,,,,,,,,,,,,,,,,,,,,,,,,,,,,, 
  [ 439944910115777693551 ],, 
  [ 5058222064697, 5454742961641, 113614658043422275232305239253032658171 ],,,
  , [ 72685646171 ],,,,,, [ 1832482116369997 ],,,,,, 
  [ 1331339131, 95317275479 ],, [ 12000270354110977, 12314576039148032152001 ]
   ,,,,,,,,,, [ 988470629767, 691838681798678379181 ],, 
  [ 31920850235191, 155711235660916147 ],,,,,, 
  [ 76617756447439, 116705703866332991677 ],,,,,,,,,,,,,,,,,, 
  [ 2624391946567 ],,,,,, [ 1054380946757027, 1410606652502507162579 ],,,, 
  [ 1981270135027 ] ];
