BRENTFACTORS[7187]:=[ ,,,,,,,,,, [ 1599432747881 ],, [ 11907655553 ],,,, 
  [ 2923364931307 ],,,,,, 
  [ 8183617033649136767, 1331786034604728033416910031, 
      640809386674018995998084518328666795141 ],,,,,, 
  [ 391192132735471, 36230633421709037, 40320554257270613034356773, 
      28546307778703256515485696261488588419660363513669 ],,,,,,,, 
  [ 55740194011, 502964688203501768299331 ],,,, [ 105619020343147 ],,,,,, 
  [ 9499981597, 6077505039839356742737 ],,,,,,,,,,,,,,,,,,,, [ 81537399773 ],,
  ,,,,,,,,,, [ 646137520879027 ],,,,,,,,,,,,,,,,,, [ 6116769173 ],,,, 
  [ 216278411906812921417 ],,,,,,,,,,,,,,,,,,,,,,,,,,,,,,,,,,,,,,,,,,,,,,,,,,,
  ,,,,,,,,,,, [ 2786850826117 ],,,, [ 156901521971563 ] ];
