BRENTFACTORS[7547]:=[ ,,,,,,,,,,,, [ 1054354240733 ],,,,,, 
  [ 386775931811, 79287360240535704959873 ],,,, [ 5307755357 ],,,,,, 
  [ 4270910987562763, 17312512548090149448178777, 
      7348303644422904136533474807949337332738703429798790649738524211 ],, 
  [ 1241255629304834008784879 ],,,,,, 
  [ 7577090881, 1025997200048578653770386119498707864990318271951791639 ],,,, 
  [ 1256609083 ],, [ 91510005759917210281 ],,,,,,,,,, 
  [ 202057410750319527428360087 ],,,,,, 
  [ 46624382025140399726717, 795312580534549168478374511 ],, 
  [ 132094734796768897, 483727164265148268335021452603 ],,,,,, 
  [ 29728304394179, 5917265076839119, 94604680896486979, 321389602875683999 ],
  ,,, [ 2757796665708227938699 ],, [ 883307773419491662813788279737 ],,,,,, 
  [ 11068812057529 ],,,,,,,,,,,,,,,,,,,,,,,,,,,,,, [ 432449510313133851451 ],,
  ,, [ 31859983563827 ],,,,,,,,,,,,,, [ 3581738837 ],,,,,,,,,,,, 
  [ 3029461662581, 6029666107541 ] ];
