BRENTFACTORS[4001]:=[ ,,,,,,,,,,,, [ 381395877366323 ],,,, 
  [ 1574066111099033 ],, 
  [ 2115398649640943168738219, 754106887643083080894749110165733347 ],,,, 
  [ 796277717051912577747451424149909, 
      488908734038120595383446694434065832985603 ],,,,,, 
  [ 6172309220589282571, 150373658362083292127, 
      26499676987405888279328205198470274152323 ],, 
  [ 9919109078539, 142090068163076499174929582957662517215952139953, 
      824382402597676290169303276627733437336335122093 ],,,,,, 
  [ 2944440929239, 93196416729460154046195191 ],,,, 
  [ 5667238777, 581742304166609360262215938778470183, 
      341979599190547281120183502083037120499, 
      3259096899733113049927770146160224232955447439 ],, 
  [ 769084315222286456227, 4261558004587870601161471, 
      17166326906873258601019343, 380218423950107550908373744113, 
      1096761189745600279632614538791745908757313741 ],,,, 
  [ 1273123611856841145053875711 ],,,,,, 
  [ 11477316183727, 17030035422817, 43849476964729 ],,,,,, 
  [ 12186717979, 448755087017, 12971129879703263309 ],, 
  [ 9724211547443733825496147 ],,,,,,,,,, [ 526569648889 ],, 
  [ 40111229993, 118794356710822211, 7934003813018044619226001 ],,,,,, 
  [ 5092820928617 ],,,, [ 4013417984225539 ],,,,,, [ 9361298461243 ],,,,,,,,,,
  ,,,,,,,,,,,,,,,,,,,,,,,,,,,,,,,,,,,,,,,, [ 559116776707 ] ];
