BRENTFACTORS[740]:=[ ,,,,,,,,,,,, [ 2203986850001 ],,,,,,,,,, 
  [ 86759175734481250579 ],, [ 1150026301 ], [ 6986118302099 ], 
  [ 1125540356167 ], [ 13091132788469 ], 
  [ 26977218797, 24658542258730799387, 25351678511241640435013 ],,, 
  [ 9252346161473 ],,, [ 3476061226051 ], [ 1396690993 ],,, [ 54812005323739 ]
   ,, [ 44381788733, 664676587428512155919708813506990919 ],, 
  [ 23716067953, 39773933137305811, 427287113670718233575643981583 ],, 
  [ 9109554121, 7953419724267421 ], [ 3561654147223681, 79534358797556410081 ]
    , [ 1711469563, 1778651363, 2565966881, 14794945772117821030720927322609 ]
    , [ 18087816049 ], 
  [ 628970835109, 25813231199349058739, 766290945339509484821664240287 ], 
  [ 2665699765447001 ], [ 6173213857697993064111153285879271 ], 
  [ 444110407080364198616225473 ], 
  [ 117828780197, 16503145183225238319268819267195263383 ], 
  [ 34554606944876126997589 ], 
  [ 1593371231, 8672821081, 25125917560122061, 4663113860830524991, 
      513583292551792752123781 ], [ 108751549918359041 ], 
  [ 6089650226271686825418755727307 ],, [ 174517060639 ],,, 
  [ 2471440636254918242278391 ],, [ 49462379431608589441 ], 
  [ 6632634482280209688539743993782721 ], [ 129061472178130273 ], 
  [ 280591890211044685128013937, 39382444811991511210927967191 ], 
  [ 1720211232808313060646672508649 ], [ 126858032387205475459 ],,,, 
  [ 6182475121 ], [ 90447821768021, 963736475324937007 ], 
  [ 672098109827583287638201 ], 
  [ 3943243433, 54267331340223382399377209850613 ], 
  [ 76567791803126548541, 402356081317756148507, 50028256707516308215977907, 
      1000465619949115490785480126592199614421061 ], [ 159316763191 ], 
  [ 3258583130402874048306439 ], [ 12172554665627352528383367816664961 ], 
  [ 1519758272449, 10810656199694899, 1006241106409531766047512063777187 ],, 
  [ 97526256953 ],,, 
  [ 1941952757, 6427953557, 4547276554393, 2478667322505410655305723 ], 
  [ 281506581762335698873129, 76693778562466779463978074961 ], 
  [ 32672711369, 1660040060755625209 ], [ 8914250999730899 ], 
  [ 7017048811, 319833143660009995002271 ],, 
  [ 245407572581834297, 3418915334460782929, 7934572372497892208149 ],, 
  [ 813480233572189, 59676988911489465009679511, 
      19778895494406531416126874341 ], [ 51209439572834211791 ], 
  [ 1145777351937409 ],, 
  [ 2282233542306902022609899580198609131209219349276454893 ], 
  [ 8611046099633143 ], [ 4103748377501 ],,, 
  [ 457040728273, 3814655377680071, 428786374491908019233 ], 
  [ 20418252502871081, 1489129249032936043623758201 ], 
  [ 5629332661, 135339012291916478818791550286301027959919211 ],, 
  [ 10609097509, 52578195001, 44147590190406869 ], 
  [ 77849578388721519893740393 ], [ 22106539393, 3298403665811 ], 
  [ 3536822323741899339841, 1065048456262313240719871 ], 
  [ 28965802981, 213586345095649 ], 
  [ 72946071073, 2587682189945441, 1163621824999837057, 
      67763221334944440916310659739414024321 ],, 
  [ 3510072883, 234164349456578693777359133133563341 ], 
  [ 2269236109614244095581 ], [ 122286173920957 ],, 
  [ 7302295781137171439694938248553 ],, [ 32057614879258455519629371921 ],, 
  [ 781053571511, 187484587271201783 ], 
  [ 46156932277, 340090430650792707740089 ], [ 223166553232875552123653 ],, 
  [ 90963153281567413412321869 ],,,, 
  [ 935005520992374576265691, 124739330425598708277097560387056868840320150874\
222911 ],, 
  [ 140510365795772677, 370040161841103568189, 17299918022575623931189 ],,, 
  [ 2033071023284294208773581, 21523342522972509786130854931 ], 
  [ 3553240993 ],, [ 3292302764794709322810738835386912344263441 ],, 
  [ 524861237905155069259321, 5208388495462307958433121 ], 
  [ 2594581316413, 15082392354833969587 ], [ 8169230619341295613 ],, 
  [ 2288266547617, 330419228457571956862003722016452529 ],, 
  [ 1860626819779725174329, 13188970564673188658242295267 ],,,, 
  [ 7258465830275702101 ],, [ 2125929559320773816609 ], [ 34773070758841 ], 
  [ 123149665871, 992168595333407294094021269 ], [ 29578938611 ], 
  [ 11695273663477, 1987552489906153 ],,,, [ 904003478138913601 ],, 
  [ 48851777323, 24580780601993301611404374786379 ],, 
  [ 18504336317, 210275448879252521929 ], 
  [ 47022414538093171, 113999756641697191 ], [ 1184502077711 ],, 
  [ 1066953758573199001, 1877365987631494220490001, 
      2457313055686209874914597372817 ],, 
  [ 6679492344971, 16807244747581, 260440618254052679254460874154103292871 ], 
  [ 558714477547 ], [ 3982756872121, 176358860783921, 647267894605517 ],,, 
  [ 1307767842851, 139372930126151 ], [ 2886401057, 17180833121 ], 
  [ 263845773223 ],,,,, [ 838417129052231, 5431203580979163096792593 ],, 
  [ 41243181897577733422721 ],, 
  [ 12108266503, 148525118070691, 19060769941928904316411, 
      51402266967026973840631693 ],, [ 88095961897, 13992025751573801 ], 
  [ 17802473599, 124192771291 ],,,,, 
  [ 1341661107541381703, 12285281367844791653 ], [ 1260788610717440221 ],,, 
  [ 703109726749 ],, [ 99997066601, 23910132727001 ],,,, [ 14191280197 ],, 
  [ 3792593489 ],, [ 1936593569 ],, [ 24537832776770118809328540073725593161 ]
   ,,,, [ 1758430511 ],, 
  [ 515209999193312257, 141277279465156262257, 78916969038207942737569 ],,,,,,
  ,,,,,, [ 82126226411184301, 2020838891686528168935157 ],, 
  [ 2674468981, 55987910311, 1192617272701 ], [ 1369791193, 42822042649 ],,, 
  [ 145971841530997 ],,,, [ 7024382963960172721, 56090156251842247991 ],, 
  [ 1255161260401 ],, [ 34401384887 ],, [ 648706692341, 16282891776637 ],,,,,
  , [ 25492111393506036751 ],,,,,, [ 159228827574310594049 ],, 
  [ 3034367763913 ],, [ 865020696812700498461 ],,,, [ 49556004961 ],,,,,, 
  [ 1143514010251, 11519778281491 ],,,,,, [ 81859229713 ],,,, 
  [ 690326991143161, 27620876174034467227961 ],, 
  [ 57060429901, 43825473964609 ],,,,,, 
  [ 369491599297, 3410414045281, 16207965828273313 ],, [ 24880875655211 ],,,, 
  [ 108593433878664883 ],,,,,, 
  [ 6823502250001, 401235436698601, 7356400737849301 ],,,,,,,, 
  [ 8740228953457 ],,,,,,,,,,,,,,,,,,,,,, [ 526247049901, 598053137515560211 ]
   ,,,,,,,,,, [ 960396514201 ],,,,,,,,,,,,,, [ 15632489466103 ],,,,,,,,,,,,,,,
  ,,, [ 3180461989 ],,,,,, [ 1520917738035084271 ],,,,,, [ 10558562331143809 ]
   ,,,,,, [ 33450501631, 367791166081 ],,,,,,,,,,,,,,,,,, [ 92504346640033 ],,
  ,,,,,,,,,, [ 3556219983930181 ] ];
