BRENTFACTORS[8929]:=[ ,,,,,,,,,,,, [ 143957099894921 ],,,,,, 
  [ 34959075808913967229 ],,,, 
  [ 16695556793522693250733, 242248745351224655992921417, 
      204572994761727883819841374372811360411 ],,,,,, 
  [ 43256686410889937, 44739279831241644803144768786087, 
      95085915546900746497905754284866890117 ],, [ 53562849347831 ],,,,,, 
  [ 19994687108875441799, 7275293018577113198687136926232111017 ],,,, 
  [ 11050288827971458213 ],, [ 3489400928754407 ],,,,,,,,,, [ 24264599603 ],,,
  ,,,,, [ 83091730362541, 558903288073458191 ],,,,,,,,,, [ 876702145057 ],,,,,
  ,,,,,,, [ 20816937343 ],,,,,, [ 1744256711, 16981711573 ],,,,,,,, 
  [ 134688446499187111 ],,,, [ 1697919752863, 33439773639317 ] ];
