BRENTFACTORS[826]:=[ ,,,,,,,,,,,, [ 4609181981 ],,,,,, [ 1549849605113 ],,, 
  [ 14304547973 ], [ 9038561897, 1320088997118343 ],,, [ 2670018712219 ],, 
  [ 11455876582781 ],,, 
  [ 2595072001, 7312968697, 17015824073189, 19936755401009, 33786830821889 ],
  , [ 88560990624901453193705083 ], [ 7860861439 ], [ 1384574394752317091 ],, 
  [ 1849241168599192070388398911614259175797 ], 
  [ 4313496473497, 1407370958741257 ],,, [ 895963965653242117 ], 
  [ 126271940887 ], 
  [ 49765901650753810105940357260771, 79917496688841987212956642218748646509 ]
   ,, [ 7827139094590807063406439035311 ], [ 405661259764370240720979269 ], 
  [ 22499814766775081761, 397148994390088537022229169899041 ],, 
  [ 5632051279, 151303824449, 5736526081230792359 ], [ 1909763893389998851 ], 
  [ 106533294121 ], [ 109932594088569122209 ], [ 61084556189 ],, 
  [ 96495275911, 14519073594010095131189040401 ], [ 1204216889 ], 
  [ 151604354581291, 536578550599879, 322613703934103513897308141 ],, 
  [ 2958841033, 97226483383, 1051779502961825826375246914903597 ], 
  [ 965890399081 ], [ 13365739201433 ], 
  [ 4939694754610805870065342917940871017 ], 
  [ 29685248587, 725984291468773, 8687677080372561447751 ], [ 305972928449 ],,
  ,, [ 16500876175862240749 ], [ 1852744807 ], [ 12720753324704300293321 ],, 
  [ 134408729692307200039343498593 ], 
  [ 189841975911390958593811, 17904574526358787072986049 ],, 
  [ 1563581251, 6588949864697647398001 ], [ 1148209369 ], [ 3194972243 ],, 
  [ 38379538068940389049, 2728997886971875947671 ], 
  [ 36143971806905560535504412559409407441 ],,, 
  [ 704879262518977297111, 22722294148120960876459 ],,,,, 
  [ 18292752890369, 6232079404961624897 ], [ 1146285997907 ], 
  [ 2394673634971, 51144505722451 ],, [ 3356151077 ], 
  [ 36113464793302363, 15812422984828836575680574449 ], 
  [ 94014914256005891, 15120138112027402040204323501759170081514700717 ], 
  [ 85808684641, 306420257265751081 ], [ 6072305857 ], 
  [ 3202181461, 4841643084198163221053 ],, 
  [ 3071523709, 37199281416067, 9270431275041380019786037653079, 
      306749588201882934841179865914409, 167355397701100468717339340648675161 
     ],,, [ 3670286433741091 ],, [ 1219793999798765140153 ], 
  [ 250870599316821237266101, 388309714178505695313350670769004862074980321 ],
  [ 3010249799, 35510311253737, 765845007158991411241391, 
      419574936730405068739528613452803696603593 ], 
  [ 1416576551711777, 331584721195348799 ], [ 6080005988873533 ],,, 
  [ 6708581406356934673 ], 
  [ 11342814606217397438697409, 256617406124501436050781240049 ],,,, 
  [ 38619615521 ], 
  [ 1639698607, 73948085971194770915025420937, 5102614608346329871038135971674\
9429 ], [ 2378376354643 ], [ 64184672670445911767 ], 
  [ 1066105438201, 73160136724868467921 ],, 
  [ 2988019487, 2017814558035049511733 ], 
  [ 192959256613, 3536755688926790299 ], 
  [ 29880690193, 49392236852753, 10529782381619362176648941 ], 
  [ 301158923501, 14255342520213218255763751 ], 
  [ 1340286967406706931417698068005124428091556907 ],, 
  [ 3174759169, 56064464641, 73400814593, 745132178770665534395777, 
      1682563571010654671003604481 ], [ 278569740056494381477 ], 
  [ 23078352232206281921 ],, [ 118127700481116030469117 ],, 
  [ 14972888262578610164378004467 ], 
  [ 7939399367596978441, 170095104887701306040106384961 ],,, 
  [ 3742063338116852461413916545791182866326203467931 ],, 
  [ 97271427205477954791007241 ],, [ 284708785710954327937631 ],, 
  [ 464432028481, 13568013552321649, 832235221581879604442464657 ],, 
  [ 32459005071754399 ], [ 32548285477, 4287332796960885126799 ], 
  [ 1926475038233007541 ],, [ 2294027935951, 26363672386561400956412606851 ],
  , [ 620343473448777979551565273 ],,, [ 105319514081 ], 
  [ 6259076133673117, 770151005988831892309, 17282579866436235297493 ],, 
  [ 1449424707039073 ],, 
  [ 7031010881, 10168898849281, 169741301714999527331462994241 ],,,,, 
  [ 1095667981, 1098501031, 1367261281, 38665857803157421, 167563639038429481 
     ],,, [ 362125735139899725079155544555683282691249 ],,, [ 9307026033589 ],
  ,, 
  [ 26906045083, 129210160301282467743871, 46166665344818003671776751895617 ],
  , [ 984311732241076273 ], [ 1953113061391 ], 
  [ 147782097880567, 32966894477202809, 1414064783413950683, 
      4952065606048012941612354547 ],, [ 9274614121, 35337124368541 ],,,,,,,, 
  [ 2799832351513, 2134796964681377989, 65197259842048433681 ],, 
  [ 1416980725422096551, 23615877135338149343191, 3449845816852427136463021 ],
  ,,, [ 78243224689697, 19379980623203789 ], [ 131126663645086981 ],,,,, 
  [ 2299515423674801 ],, [ 12859703599, 255854608422899989 ],, 
  [ 25799718516950634997995663882853 ],, [ 1580904085800253 ],, 
  [ 3713284740137117694641 ],, 
  [ 1529950623452229307651322701, 35845264242161183976749380320636931652383597\
4821 ],, [ 214510823273 ],,,, [ 259332802019104753 ],, [ 6922059146684029 ],, 
  [ 309788727821 ],,,,,,,,,,, [ 6095915026741 ], [ 3066112001 ],, 
  [ 330343069483128781 ],, [ 728543116781, 52485066696811921 ],, 
  [ 673396887139957 ],, [ 1112448721, 3162644145361264258020241 ],, 
  [ 112976809375611061 ],,,, 
  [ 3471764477919481, 4928883613286719, 9226213273762851991, 
      1362956221025195776009 ],,,, [ 323264354251 ],, 
  [ 1562910553, 112486584673 ],, [ 22345430117281 ], [ 377179163371 ], 
  [ 1706938369, 61418515370497 ],, 
  [ 28415162047, 147725727463, 506659256186166212337642451 ],,,,,, 
  [ 7711975354360201013233 ],,,,,,,,,,,,,,,, 
  [ 4338264316681, 19078515964515001 ],,,,,,,,,,,,,, [ 53787971042359 ],,,,,,,
  ,,,,,,,,,,,,,,,,, [ 73361504809 ],,,,,, [ 926116941853 ],,,,,,,,,,,, 
  [ 2851440336529 ],,,, [ 22437253481, 1530487968001, 2642389811261 ],, 
  [ 6940178299 ],,,,,, [ 12128911513 ],,,,,, 
  [ 388271252947, 1097471292045133 ],,,,,, [ 26824622277241 ],,,,,,,,,,,, 
  [ 25067440597 ],,,,,, [ 33393542033103394717 ],,,,,,,,,,,,,,,,,, 
  [ 1032570560737 ],,,,,,,,,,,, [ 9952565137 ],,,,,,,,,,,, 
  [ 2391884041, 97445397421, 679053705744121 ],,,,,,,,,,,,,,,,,,,,,,,,,,,,,,,,
  ,,,,,,,,,,,,,,,,,,,,,,,,,,,,,,,,,,,,,,,,,,,,,,,,,,,,,,,,,, 
  [ 1028101861, 53052087001 ] ];
