BRENTFACTORS[5333]:=[ ,,,,,,,,,,,,,,,,,, [ 4147896119, 556947894389682207733 ]
   ,,,, [ 3649363447679 ],,,,,, 
  [ 12309363600607, 191530230380798096242053528889829246778157 ],, 
  [ 20624487444873731 ],,,,,, 
  [ 2468781859, 37580039211991733, 430785240571653467, 
      328589456054264466066553, 
      5845633975715334514684390819409762309283169752571995850715593 ],,,, 
  [ 347258185051649, 448418676144085745411004176629 ],, 
  [ 319703921591525425921 ],,,, 
  [ 81673984476474437175827, 6191618578435068205036292734814929 ],,,,,, 
  [ 307051757141, 20075702868211 ],,,,,, 
  [ 4793989765729540112479356847, 32162170184166077034100279970359 ],, 
  [ 12404337191 ],,,,,, [ 131467191631 ],,,,,,,,,,,,,,,, [ 40049115347 ],,,,,,
  ,,,,,,,, [ 121524775199, 121287103021283306677 ],,,,,,,,,,,,,,,,,,,,,,,,,,,,
  ,,,,,,,,,,,, [ 2060000227 ],,,,,,,,,,,,,,,,,,,,,,,,,,,,,,,,,,,,,,,,,,,,,,,,,
  ,,,,,,,,,,, [ 1020848908733 ] ];
