BRENTFACTORS[980]:=[ ,,,,,,,,,,,, [ 2396413319 ],, [ 31942069801 ],,,, 
  [ 6256798247571155351 ], [ 1359400241 ],,, [ 1414056929 ],, 
  [ 671219517212035159451 ], [ 2043347567 ],, [ 5984950721 ], 
  [ 20061946435568717337101657509 ],, 
  [ 27015101967094789, 9089816434535465630789 ], [ 117241058423809 ],, 
  [ 1547758097423 ], [ 25144449611, 47558743681, 1945724476291 ],, 
  [ 1575573404565291148441 ],, [ 7491458087589139 ],,, [ 24856644541 ], 
  [ 357225106302205853265759882586979305011079751 ], 
  [ 5611855781797, 9011255522413 ], 
  [ 5506787521, 5885495191, 24213815751014191 ], [ 2866890761339887 ], 
  [ 4153651039, 4213595852600599052921, 23011936865532145383371419124401 ],, 
  [ 269601248701, 10910108188939, 1998149421183511, 
      15439563859484904658159481 ], [ 251942155782601, 10428848914423201 ],,,
  , [ 4700621269, 158276979829 ], 
  [ 48768721250983716583391670171416606233025314225351 ],, 
  [ 426728549119, 190478145177050810460319 ], 
  [ 50257316463949214351834178067403 ],,, 
  [ 12114108683451961, 14158074023505039521 ], 
  [ 91661828581, 331642149847, 151199899489609 ], [ 37703394919 ], 
  [ 8178605807767165133864257 ], 
  [ 33117612191, 12465790560731, 140612891653651, 
      695788059867882385517704730217419889341 ],, 
  [ 174361523307107929834713071 ], 
  [ 6762211241689, 683061989710698601, 18805699562701958441 ], 
  [ 268019809999581542656303974464753616030019, 
      2866156451778690746899284497463445187206369 ], [ 3084897615490741 ], 
  [ 91784433881839 ], [ 73208426617 ], [ 2138436142319100826439 ], 
  [ 11956990384204699985661989356446779997657046609 ], 
  [ 32925572401, 18196997113614230355001, 16225583931524664418083807672751 ], 
  [ 3362222617889, 21381538764856169902260673813 ], 
  [ 1448807669, 29353910229346957173151 ],, 
  [ 50932312939, 2464118342540336539, 6653671434063080436131437778715919 ], 
  [ 6530629764961, 7907712494200272832321 ], 
  [ 41656236172822828641321739, 75588647530646383252737142919689819 ], 
  [ 3920286217247, 11434838372327, 23729149684115655558029 ],, 
  [ 6845020626361, 2160206177564401 ], 
  [ 1456751081, 75682286741, 626145639689633461, 
      89278744660229552207533405511, 
      4324040859962344035854041119647147665248536394339440880241 ], 
  [ 1682000007407 ], [ 936554788207558441 ], 
  [ 45880918073, 6362096298679718277646980351841482760509817 ], 
  [ 15591662759 ],, [ 5047423342604751109 ], [ 1194652830377837 ],, 
  [ 109600466386123 ], 
  [ 14472774106051, 145519253978691161, 540381598012583221, 
      125087307108753113123883629100952291, 
      805016651559137049314949786323199639661 ], 
  [ 17907352275390191854147938992375994913 ], [ 17087765370482768723611 ], 
  [ 473468493244006311188649121 ], 
  [ 3550432653936478742059, 4420346003583000988371710523139 ], 
  [ 14645512146525401, 100727956336689615410824746524890022959801 ], 
  [ 2745709263029, 11145320708700611569 ], [ 1118290669 ], 
  [ 3968298511, 7972124778071 ], [ 364346279632286799889741649 ], 
  [ 20358205561, 196017022896793676667067936955131, 
      32941777626138845859663023544251611 ], [ 97016333263 ], 
  [ 1904322229, 6606505709 ], 
  [ 7283146766295661149373545827180783849605016496877 ], 
  [ 95721780449, 32759242063531 ], [ 5405136750195334725541 ], 
  [ 5129345521, 172666893379 ], 
  [ 13332317703337258687708258391873032538461931377 ],, 
  [ 21598475189193302563, 47646721421456913883, 
      1827342705632449598132746807163089 ], 
  [ 11400407818355471, 4277425023536223677446121, 470010275087223390388578211,
      159408463182476818399453553971, 
      3040742832756643320124628703643412541528518056171 ], 
  [ 343280676251953391412532042837 ], 
  [ 271538035629121, 795398114469811901491 ],, [ 32626814825530910251 ], 
  [ 58993021223643121, 8225818505900607361 ], [ 1053454799 ], 
  [ 1216112241174633281 ], [ 1826358525389890602991 ], [ 2717003787616253 ], 
  [ 1325668501, 97578147001, 8317625957903152275751, 
      321278646925106762122397665501, 408359049730786236290517257148633550751 
     ], [ 3509667558181, 449859082993244962435437922470680607175543 ],, 
  [ 23184062136601820909569 ], [ 40530709951 ], 
  [ 1544429594761, 3327302828611935296944861, 1560676112969367316278880681, 
      10234414976879438016219707641 ],,,, [ 3326074932883 ], 
  [ 23017481101, 376794634913325674281, 532681839029944437751, 
      81744013354851886354471, 4616871401623500841935866961409711815601, 
      9654804177899829424252508792599656215041, 
      3429509964310905061344071914889319116455800121 ], 
  [ 164772723245779969, 12579255375226344449, 
      874935233299858071893810409440161 ],, 
  [ 27053570647, 355321868956741816437253504259724158557980245800025803 ],, 
  [ 431382597428857268412401 ], 
  [ 1697722909, 72100639756129, 1885473613479409, 2195768763716563746511 ], 
  [ 167448929111249754385609, 5008084748515144147647767 ],, 
  [ 254263135065409, 14940677869221750016177, 
      130476038955804278568172280928817, 131562901978202285427005932688173873 
     ], [ 2424953611, 10319067971, 14031099180961 ], 
  [ 46916748668916131103205027 ], [ 8800457821, 123968665339 ],,, 
  [ 2861503475669648556001 ],,,, [ 122034589601, 365344328178657787907974489 ]
    , [ 6424299571, 566952351369957341 ], [ 10843623396986452361863008024409 ]
   ,, [ 91155536860327, 4869538178542312349 ],, 
  [ 103128291223937921, 44453911951557904001, 608196428449314322845557810561, 
      3246327053371281167459850136168686401 ],, 
  [ 21716364000547, 4989466676463628006109425604598649 ],, 
  [ 259546222224001, 1359370456986881, 813375388472248932386449, 
      82383706775603955187613197 ], 
  [ 84844324881275521, 441820903307952573970951 ], 
  [ 600685086761, 626471383832676649, 1264666050345337190443 ],, 
  [ 417919074553, 374569626268203175373594901193, 
      120203358256736323219224747758197624873 ],, 
  [ 2428298701, 164132856838870421 ],, 
  [ 1910020613, 1725004496693, 344815917289227635327641 ],, 
  [ 482470128421, 9435513137411707 ], 
  [ 10320872101, 360477798451, 5185427381650951, 154740138747154451 ],, 
  [ 115869363829861 ],,, 
  [ 5759557201, 8475149695487393880691048448991987647015881 ],, 
  [ 8478288001, 16536371651801, 291197502925999648343, 
      628141863637170617622343, 1696751867934746931002969 ],, 
  [ 42500617972904078799817 ],, [ 1058195888641820991789684250309 ],,,,,,,, 
  [ 23676006769, 4863127637014049503 ], [ 65802980634301, 17696575010660911 ],
  ,, [ 1327265281 ],, [ 30184362065201, 3739352605463629039451935601 ],,,,,,,
  , [ 220537823377 ],, 
  [ 200008230241, 126051574547641, 23872435325711965246584854246915279641 ],,,
  ,,, [ 2133688027028578057 ],,,,,, [ 64581512287, 5363075807527 ],, 
  [ 900306121640238433 ], [ 257408232751 ],,, 
  [ 8190270633361, 73709261896738313413 ],, [ 418218918846601 ],,,, 
  [ 9027451072842453109 ],,,, [ 47632101203 ],, [ 1718948369146274429281 ],,,,
  ,, [ 4661544529, 4940372392209380224524763 ],,,, 
  [ 31166759534501, 1643375436411922501 ],, [ 898268352409, 2407056671678653 ]
   ,, [ 1252094168909 ], [ 10660936634221 ], [ 87989470721 ],, 
  [ 1266874611383047 ],, [ 314665009061521 ],,,, 
  [ 6350779249, 442232478487273 ],,,,,,,,,,,,,,,, [ 3978811447067412481 ],, 
  [ 13208726029, 2502384121949125807 ],,,, 
  [ 422320464281, 39511204380649, 80763700354481 ],,,,,,,, 
  [ 188331982178442898321, 16766267802205753003327 ],,,,,, 
  [ 14496111001, 33589171707172716001, 1482821084473361170743001 ],,,,,, 
  [ 4337871280723, 245886531189427 ],,,,,,,,,,,,,,,,,,,,,,,, [ 46093422541 ],,
  ,,,,,,,, [ 165715857784801 ],,,,,,,, [ 447704891277360397 ],,,,,,,,,,,, 
  [ 1181393281 ],,,,,, [ 7636712961727 ],,,,,, 
  [ 1852456213, 39442234093, 2563489313431357 ],,,,,,,,,,,,,,,,,, 
  [ 90089027341, 366667597141, 292317421011491461 ],,,,,, [ 11048645917 ],,,,,
  ,,,,,,,,,,,,,,,,,,, [ 18720463673379414241 ],,,,,,,,,,,,,,,,,,,,,,,,,,,,,, 
  [ 2918502001, 79446506876343307801 ] ];
