BRENTFACTORS[7681]:=[ ,,,,,,,,,,,,,,,, [ 308962902767, 4721240983372583 ],, 
  [ 154568423077241, 1019442349275472783, 5702721974689815289 ],,,, 
  [ 12530459428656031, 1362299158735801201, 
      12705539016241690515083413809182362114245061603307 ],,,,,, 
  [ 11967753395905609, 30456303952261488876966894263, 
      1006276719493007420689590445431533167775322744280595536858813 ],, 
  [ 102940048879 ],,,,,, 
  [ 1797652423681, 58906510893819610593829, 216263021964273617311259 ],,,, 
  [ 9247423846206220993 ],, [ 39614621524920177265201932535991 ],,,, 
  [ 14754062623, 81898684871, 3912963937609, 10005223718644869671457966611 ],,
  ,,,,,,,,,,,, [ 4986940061483 ],,,,,,,,,, [ 10857802801 ],,,,,,,,,,,,,,,,,,,,
  ,,,,,,,,,,,, [ 1223359743181 ],,,,,,,,,,,,,,,,,,,,,,,,,,,,,,,,,, 
  [ 41660176561 ],,,,,,,,,,,,,, [ 448961494090553 ],,,,,,,,,,,, 
  [ 1048667999 ],,,,,,,,,,,,,,,, [ 164133991289 ] ];
