BRENTFACTORS[436]:=[ ,,,,,,,,,,,,,,,,,,,, [ 59394663469 ],,,,,, 
  [ 423317838799, 1648722153950659 ],, [ 5961914620725448194619 ],, 
  [ 1121519303, 405051050016313 ], [ 11309054080033 ],, 
  [ 315549124843, 3109560520411 ], [ 18216290307561426244428601 ],, 
  [ 26204399562077213, 5906877586198513071197459 ],, 
  [ 997906667505093074406211 ],, 
  [ 7627091527076762648561328796573160144330690507 ],,, [ 1011442697 ], 
  [ 175430356109432968861 ], [ 3960353533, 24974260830247 ], 
  [ 172705645268777, 198223676443470177626327 ], [ 12728509681, 17767826017 ],
  [ 360544887389779, 945809265643302810671483269 ], [ 652015933451 ], 
  [ 2293038382824707189894889770466125337529 ], [ 5079447731982669553 ], 
  [ 224718280584020401933433948303381, 437432024362482723342867624959911 ], 
  [ 115587626617 ], [ 2761586416382582911, 67580173096795727227036321 ], 
  [ 85554289974925727018994673 ], [ 19122748475685893463739236229 ], 
  [ 21556263887702893 ], [ 6229710763, 323380168201, 9815075918287 ], 
  [ 5226768181, 381813651464761 ], 
  [ 25966908265141, 214546878202216246080114055475546198827 ], 
  [ 28208247323, 11270351697319062186457, 45138020880614569552907 ], 
  [ 2041984941823, 450368743327840957148677, 12811084195271946445166745007 ], 
  [ 153470711294521927084229225044781265281 ], 
  [ 43824413432464889360606019551, 655566511929237838793677368334862930381 ],
  , [ 73315041451, 316416492473, 1988220911230430520277 ], 
  [ 28921520627329901, 1409346293042050165642933633 ], 
  [ 7326167629603, 77095259865269721335989, 605360760249464876358584341 ], 
  [ 1914137611 ],, [ 384156431058817 ],, [ 90808533203587 ], 
  [ 153782410651, 5572877369593351, 3437046085749395261217960601 ], 
  [ 612089649842769277, 1036222212487262357 ],,, [ 388705123276948259 ], 
  [ 5392197190503162025425166348241 ],, 
  [ 6599006663, 2128760359998954017497319690268106939 ],, 
  [ 3656806145286421 ], 
  [ 2722650811, 1658183096242793171, 7286697109903473099458307927781 ], 
  [ 40825191557352878940968549, 3133746230983011479365518041720833651 ], 
  [ 121577188386093020312539 ], 
  [ 5674486313, 28706858148094369, 1191653414490066639409 ],, 
  [ 1594615122776262871 ], [ 1251245269, 5925013277 ], 
  [ 631935362158311233040055237961 ], 
  [ 189206372347, 1536102524479, 83814758854950553, 
      916667113785273255379775267263 ],,, 
  [ 4515294337, 11947318415139445533582193483009 ],, 
  [ 2790262114766067733162909344269 ], 
  [ 36019747963, 99087457591, 212711799108166710112668236671 ], 
  [ 34494004934505026625063535718878601 ],, 
  [ 55866674056707571, 66763953616009171, 4637527497891427729 ],, 
  [ 269391426196956271803713 ], [ 46114131156482217781 ], 
  [ 4043000436457978188727, 25040851480186031561992746481 ],, 
  [ 438535001291864761 ], [ 66987503703624300253 ],, [ 1452317656193608549 ], 
  [ 166826046695057, 20344267421075921, 59616813877336522111873, 
      1512547898477664521638189010668081 ],, [ 418589830414930522129743721 ],
  , [ 222336160578716969 ], [ 235864205249124544783334417009107 ], 
  [ 138610370943367, 2433774355376149339, 5861243615967166127, 
      4821759140525782859609232240272204442644889791 ], [ 533434690871377 ], 
  [ 1226204041, 12060891604224499679169721 ],, 
  [ 284790216881, 13350112774992380741 ], [ 314818565683, 517036142011 ], 
  [ 6153219491485068263916269, 49535670752366159384666593 ],, 
  [ 4886041231, 31517456707169647797412747 ], [ 11943196333 ], 
  [ 195826280449 ], [ 1725266383, 158134994685744106567 ], 
  [ 1867521282561946901111, 376313264004826921419624814473639632887661 ],, 
  [ 5660511253, 406544420997280658269 ], [ 22432825381 ], [ 1167516407 ], 
  [ 8108793529637206258621, 2526792656361918050770685641 ], [ 11439126425513 ]
   ,, [ 1020836284202430517, 5970070940891821959901551598865540431 ],, 
  [ 322782029390782781, 3742428012807914921, 
      31034187901191807970591297864526268564121 ],, [ 45415339804301 ], 
  [ 1422814777099 ], 
  [ 1029949437316321, 41346245598598394353, 41909783784440349659041, 
      52192441915850091507409 ],,, [ 1507855558023973692073 ],,, 
  [ 15852771171001, 435433916586471151 ],, 
  [ 5511799681, 65134776433, 19383752409409 ],, [ 85594966393553 ], 
  [ 3171049442191 ], [ 23123628409881005449 ],, 
  [ 3767296859, 22150004605179467 ],, 
  [ 15317831041, 479745557281, 6442731801164165761 ],,,, [ 1538634935597 ], 
  [ 1170409927814784682609981 ],,, [ 2677005326719921 ],,,, 
  [ 258190109537, 2761530342825254728722334357 ],, [ 146917049585406292441 ], 
  [ 1487421601, 1774822351, 423215218651 ], [ 38564328541444196389361 ],,,,,,,
  ,,, [ 636505762250659027, 8353661493474336594434023 ],,,, [ 380438755031 ],
  , [ 78395137003701323142863809 ],, 
  [ 116769575627, 274460892781, 904274247226033 ],, [ 12315383461428818429 ],,
  ,, [ 103387351601 ],,,,,,,, [ 62856439490408929 ],, 
  [ 6762920066875356128787421, 610542170284043748024315721 ],,,,,, 
  [ 480761100781201, 237962091958375753 ],, [ 16785990409, 23990339741 ],, 
  [ 121934394121, 2531636229076159904592504161 ],,,, [ 7604748586849 ], 
  [ 237566615599801 ], [ 20829730249 ],, 
  [ 1464627223993, 122053545654709, 18400980963323269 ],,,,,, 
  [ 866631177334128727, 1149271342630434739, 13545537245445017640763027 ],,,,,
  ,,, [ 9953325691 ],, [ 7078474902639269617 ],, 
  [ 34456942034023, 860266066812894319, 398048037979329217651 ],,,, 
  [ 13123946444091001, 28158415154652380412751, 
      156025391448329435642119793766001 ],, 
  [ 1238370809590940257, 15619362508263163357 ],,, [ 31299263551 ],,,,, 
  [ 2901263821 ],,,, [ 5214654991657, 79522433054329 ],, [ 1868708899680421 ],
  ,,, [ 101913112362097618744321 ],,,,,, [ 7174756475456087197 ],,,,,,,,,, 
  [ 26191341229769 ],, 
  [ 2849526530238688147689409, 25951652758269500845034593 ],,,,,,,,,,,, 
  [ 554805367770301, 2987116057171817872287601 ],,,,,,,, 
  [ 16411459681, 1223603683457, 71466900255497209, 
      6943830067660117385671805273 ],, [ 1670875178299381 ],,,,,,,,,,,,,, 
  [ 2633777533 ],,,,,,,,,,,,,,,,,,,,,,,, [ 35001142609, 2102564259361 ],,,,,, 
  [ 18904547659, 872881698541, 23662144054627280353 ],,,,,,,,,,,, 
  [ 446089566799, 68777177934763, 340592116510729 ],,,,,,,,,,,, 
  [ 13357863793 ],,,,,,,,,,,, [ 828535047601 ],,,,,,,,,,,,,,,,,, 
  [ 9506344675736929 ],,,,,,,,,,,, [ 163113261378845544061 ] ];
