BRENTFACTORS[7207]:=[ ,,,,,,,,,,,,,,,, [ 2655429022057294859 ],, 
  [ 152451687978767, 6647463458039859765097 ],,,, 
  [ 393933684069349, 7450370773545647 ],,,,,, [ 49160187303598239025033 ],, 
  [ 4125347011, 108845752549, 720257390579793631, 
      3122225024446616923965404762347361, 
      53514568782854193963773559536097576213871193 ],,,,,, 
  [ 41856146111623, 518958207064511, 4508708261459415421 ],,,, 
  [ 35125137143, 128956373729 ],,,,,, [ 61322243785321823573 ],,,,,, 
  [ 45187250428988008795063 ],,,,,,,, [ 1601985726120170695111 ],,,,,,,,,,,,,,
  ,,,, [ 6112221813622589711 ],,,, [ 5317478300627, 737927627098433302441 ] ];
