BRENTFACTORS[5153]:=[ ,,,,,,,,,,,,,,,, [ 7574291623, 1738642215442609 ],, 
  [ 238695277756980364729, 1265698867571467006229 ],,,, 
  [ 171426946537261, 94323246858611372005008052448317, 
      12444623293330745633313065352315113 ],,,,,, 
  [ 4693664683223, 289136400964210694051166539, 
      1082184811517954182693404268156564765095100123801694934238939667 ],,,,,,
  ,, [ 13467787416871, 3832826233672143704078099 ],,,, [ 1051928776436284759 ]
   ,, [ 6774423084271 ],,,, [ 291508284753893180670753703 ],,,,,, 
  [ 1352431293836176890389191 ],,,,,,,, [ 3177380201, 6658487336124157 ],,,,,
  , [ 449621949219697 ],,,,,, [ 10966697709167 ],,,,,, [ 9042467981 ],,,,,,,,,
  ,,,,,,,,,,,,,,,,,,,,, [ 244075530303846697, 25503922730505480870241 ],,,,,,,
  ,,,,,,,,,,,,,,,,,,,,,,,,,,,,,,,,,,,,,,,,,,,,,,,,,,, [ 38623574818711 ],,,,,,
  ,,,,,,,,,,,,,,,,,,,,,,,, [ 28470865688633 ] ];
