BRENTFACTORS[201]:=[ ,,,,,,,,,,,,,,,, [ 4333009063 ],, [ 3647779943 ],,,, 
  [ 126902283183684457 ],, [ 1427482201, 366955292801 ],, [ 11841317317 ],, 
  [ 15315109674215731, 66892687162465111 ],, [ 2279247146977992082164956063 ],
  [ 2459616449 ],,, [ 194553996722314575459961 ],,, [ 12847659211 ],, 
  [ 119926319789761 ], [ 876528490544020581467474051 ],, 
  [ 2780852339263, 18090608527793801261 ], [ 3950753533 ], 
  [ 971884232191, 290340427765505559751 ], [ 168636278669 ], 
  [ 380596897732781, 173314888321514050040363643071006752631 ],, 
  [ 5363264540719, 14252987186738499358444629121 ],, [ 5908884073 ], 
  [ 174057918893298454187161 ], 
  [ 165612805287877, 1002560325591662620415465665159, 
      48031789245288419872495501285442899 ],, [ 150113504960534179052577271 ],
  [ 2353817770041137 ], [ 10920603570703297, 4186077195922508167 ], 
  [ 4859701043, 169098391639 ],, [ 13454032681 ], 
  [ 47517453250207, 302081435942012950313, 15239002716858962831514335987 ], 
  [ 9628781687883199, 602932374243367838399893 ], [ 66661340325553 ], 
  [ 84925618652993, 158307588141849851837960640257 ], 
  [ 186650422271, 734050937354616630191 ], [ 41747556690429547 ], 
  [ 1473253049553114997, 8632768201715859463305889873, 
      18715257675252791907952777371157424161 ], 
  [ 57408682033, 88921961813, 3357563128753 ], 
  [ 41232512828535179281579, 2014024820612649734367807541 ], 
  [ 57011170769701 ], [ 8546526009754296014938156616196001 ],,, 
  [ 11067385972673081587 ],, [ 1904854315549 ], 
  [ 2417126251, 1633173727707353833, 81387188583348056516293153507, 
      8208751688522954300676438251759 ], [ 7843419914625733140341731 ],, 
  [ 414496604296219760181761 ], [ 6906237618966713429781811057789990948741 ], 
  [ 361653457343533992666548378653775831 ], [ 11410871707 ], [ 1519327741 ],,,
  , [ 116246183274155243569320245417 ],, [ 183523974989586481 ],, 
  [ 1723473470936067399692234769373 ], 
  [ 1062754339, 3091061833, 3569359741115094593332711, 
      1476039102248901329625820977271 ], 
  [ 1206848332889, 118283001948523, 202087441043899291 ], 
  [ 155485731664297094186162731 ], [ 35576635767958346584693587386401 ], 
  [ 20088111599, 12779639867696323 ], [ 211284620328291044140733 ], 
  [ 45341684825977 ], [ 21867245547027264301, 103651584809703209501 ], 
  [ 26692915897, 4705279530019026341, 12732245908468354501, 
      271400124704911974281981 ], [ 22359573919 ], 
  [ 1041333932129, 50150300244641, 11243441493298499567 ],, 
  [ 4508491138031308456327875398680632101074673646627481 ], 
  [ 19899152538311 ], [ 1155965513, 41542880497201 ], 
  [ 6200170057, 4116682744643632393 ],, [ 22146628829051, 1377623460696671 ], 
  [ 112572089449 ],,, [ 3060535999, 5003922528183907512694696979479 ], 
  [ 2622923943128977325501 ], 
  [ 6180104786368719622121, 1055388301454922968974759236157, 
      390341622777639860637468334372619257 ], 
  [ 1878130759753, 2473285770541, 2916120176848009, 1489906214423399917, 
      778403451774968664326889263417323 ],, [ 492201554167 ],,,,, 
  [ 14449932631550063068790069 ], [ 17416907872751 ], 
  [ 308988607907537628777800137535149 ], [ 78007243404049 ], 
  [ 175477839724502608839349121 ], [ 1232342677 ], 
  [ 74465797449560141, 153486363837074201691421, 
      24896584278687868217187279900091 ],, 
  [ 45228529283044622856479686486481812126573 ],, [ 256859815178773157173 ], 
  [ 3133509837621734534324127275203831 ], [ 561991670497561 ],,,, 
  [ 5695247107272101 ], [ 25672392923599 ], 
  [ 9669706566473, 16689814864291, 10415563987375724226043857936211985968117 ]
   ,, [ 364253408453671850611826344985685685896309796657 ],, 
  [ 108931012451, 28971668557607, 14560837263028195286047, 
      70037823147740185320317227 ],,,, 
  [ 2557296557913812522551, 19417439943746644762239751 ],, 
  [ 67910508473, 6023473181017 ], [ 128967004494761941 ], 
  [ 14520400357, 16231092600146887 ], [ 4803008822881, 25043799377517761 ], 
  [ 1117750371193, 3087092449222393, 210218249311087681, 
      1319427888863413141957 ],, [ 36334828431059 ], [ 21662759006980501 ], 
  [ 1135770825934122241 ],, [ 2413603459975951 ],, 
  [ 39601879037931349330993 ], [ 2669427751 ], 
  [ 472875016217, 75161941805748822797 ],,,, [ 237728689351 ],, 
  [ 598597226496442447349449202021 ],,,,, [ 89439295661197 ], 
  [ 57975354142653061654296521 ],, [ 174638475313952667706087620881761 ],, 
  [ 179395688615712084517 ],, [ 383528572144169, 60311668049512729 ],, 
  [ 266446889017, 33527996792462489689 ],, [ 22806727253 ], 
  [ 302209117546818007 ],,, 
  [ 344809498057432355105101863562087681, 366570537369965439081319521361655320\
33 ],,,, [ 118939139732113 ],, 
  [ 201514207928803431157, 1101843475559639282730985840567, 
      2898043456706982927868376559511 ],, 
  [ 1021126201, 998577764201, 14484855233749801 ], 
  [ 60030272473, 1642383506623, 156563846960204311 ], [ 2304912517 ],, 
  [ 217224209635473541 ],, [ 1298576621 ],,,, 
  [ 26816020771, 81670586209433486753738986891 ],,,,,, 
  [ 78647172524497, 1217538606859720315278396553 ],,,, 
  [ 1259939341, 27595878443319799166215201 ],,,, [ 93867051041 ], 
  [ 52049410155271801 ],,,,, [ 10242966809943001 ],,,, [ 20629478508962077 ],,
  ,, [ 17774792953, 174240797125277 ],, [ 2696050916012555821338481 ],,,,,, 
  [ 8862125401 ],, [ 42423220009, 1128578473913993, 3385578756142729 ],,,,,,,
  , [ 248845105153 ],,,, 
  [ 815816425841, 2567160054941, 6399340586459116376531881 ],,,,,,,,,, 
  [ 369988835131, 956586382211773441 ],,,,,,,,,, [ 5566454866798561 ],, 
  [ 324242900077 ],,,, [ 6303950452591793 ],, 
  [ 1140357628999554183937, 67565770155566421333513409 ],,,,,,,,,,,,,,,,,, 
  [ 12906738084171979 ],,,, 
  [ 47995886137741, 8978236963649501, 7849395972861122191 ],,,,,,,, 
  [ 437639994247, 1178889398389, 2268511721212837 ],, [ 7067354561 ],,,,,,,,,
  , [ 127136723850181 ],,,,,, [ 2251920721 ],,,,,, 
  [ 8276496827383, 176539944635893 ],,,,,, [ 39277792183117 ],, 
  [ 579808851301 ],, [ 504971506337 ],, [ 129143196642685153 ],,,,,, 
  [ 111105845427601 ],,,,,, [ 91658373520978273 ],,,,,, [ 837455043049 ],,,,,
  , [ 713977932580417 ],,,,,,,,,,,, [ 82860591872421091 ],,,,,,,,,,,,,,,,,, 
  [ 9065588839921 ],,,,,,,,,,,, [ 1341235561 ] ];
