BRENTFACTORS[2729]:=[ ,,,,,,,,,,,, [ 5879230579 ],,,, [ 10812051374239 ],,,,,
  , [ 6798264131387975514478783, 45691437247131918183966379926003873165777269 
     ],,,,,, [ 462527098469, 376033068741832841771 ],, [ 5623022112174008797 ]
   ,,,,,, [ 146536808825538141973616011454706501475079 ],,,, 
  [ 2554512761817503 ],, [ 53121280460386620610987 ],,,,,,,,,,,,,,,,,, 
  [ 6186397121129, 369932097919727885449, 1808093708739443355718346587159 ],,,
  ,,, [ 1210278889, 68289028938984207581173 ],,,,,, 
  [ 1935922884173, 216359108387972519 ],,,,,, [ 35722518424871 ],,,, 
  [ 3045992101, 6561523659029 ],,,,,, [ 80819501099 ],,,,,,,,,,,, 
  [ 3914216438048319413, 9070677327600741733, 9642821456092315430035171451 ],,
  ,,,,,, [ 529768527447737, 378964473574079269 ],,,,,,,,,,,,,,,,,, 
  [ 2316673227199 ],,,,,,,,,,,,,,,,,,,,,,,,,,,,,, [ 22333966099609 ],,,,,,,,,,
  ,,,,,,,,,,,,,,,,,,,,,,,,,,,,,, [ 219023139443 ] ];
