BRENTFACTORS[999]:=[ ,,,,,,,,,, [ 89505818447 ],,,, [ 112717662961 ],,,, 
  [ 37363656181 ],,,, [ 141053818663053956043719053 ],,,, 
  [ 20253276166679210503 ],,,,,, [ 129024165076517383076270092777 ],, 
  [ 14742697488121 ],,, [ 2692771261909043042014961 ], 
  [ 11957106384546571, 3262015890393397056300187 ], 
  [ 291887223601, 46802963164081 ], 
  [ 8535471719297, 26059408337383, 1152433080783761769593, 
      27662425053201552708677021161 ], [ 39619621231 ], 
  [ 3289430513, 442340266163 ],, [ 3322981156490484108297211 ], 
  [ 34197870989, 186235050344713 ], 
  [ 187554952224407216286699635725438683580335095703923849 ],,, 
  [ 54367689451 ], [ 32829376056679917071179 ], [ 104319936789543857372797 ], 
  [ 19602233699, 24336586853, 61548191921, 3432335530751, 
      23833269308755129482079, 243662732213240447325997, 
      1376712517795421113535736098243 ],,, 
  [ 2317343660870897, 360488902668253706949617 ],, 
  [ 3688236564163, 63866377948660816549613 ],, [ 20398043881 ], 
  [ 5099919577499361262769353 ], 
  [ 41985199530035874016831, 47986172666758368238268621 ], 
  [ 317287864445072764053989053, 722222214863454384102423637502959 ],, 
  [ 176239346011, 
      42245616442677039533180044973337497402645628409395504670067971 ], 
  [ 27642357223141 ],, [ 466347005941844584933 ], 
  [ 10820336707, 47085184759, 773047255384289763012433, 
      781777767023674803840918546523 ], 
  [ 84246882791, 3351840869399166689021 ], [ 695630360837 ], 
  [ 1757411569, 133070552722994828257 ], 
  [ 26310481358154815347200148846727417 ], [ 35441367601 ], 
  [ 470162205863578051 ], 
  [ 5142681805057, 61447764564581, 136352243473606177, 
      10167953480442327063133 ], [ 466150534347961, 449771265993621727 ], 
  [ 41752008048357181279693 ],,,, 
  [ 7360382419538326272462309169472429064457275407 ],, 
  [ 13184327135029, 3024227668308841 ], 
  [ 1567229722414844821, 136685801259314395432391 ], 
  [ 2969308837340779, 1683149785274307217452479405528744551550108280345359 ],
  , [ 6181160129, 15882108900442447759914729615127517544637561 ],,, 
  [ 1135458143, 74708561416303907, 3803914159950161576047 ], 
  [ 5950146423387182160329621 ], [ 2898377179, 10401844099 ],,, 
  [ 399981914966728080393706068304801633 ], [ 58129174209371 ], 
  [ 511338510969023603847078274922666881, 
      3120252389757674311671598459447391977453 ], 
  [ 1264927753, 21835887679, 4281226848845299 ], 
  [ 16889332191245691091001, 390659003355993434171524201, 
      15709690450631823302448269886101 ],, [ 870128798491, 1911499003457821 ],
  , 
  [ 25741539617, 15235503814223153618469398633, 41168675620327369431402715657 
     ], [ 2571485788241462292691 ],,, [ 66850274223829, 4068197589435241897 ],
  ,, [ 5268694033 ], [ 686622971094402932827533785361623117134993 ], 
  [ 56747085108893 ],, [ 15337853456941 ], [ 1317035117, 2552811769 ],,,, 
  [ 683725899810379175302201296314789957521 ], [ 26301371608711 ], 
  [ 154448020945221557, 472757999755454586157 ],, [ 7739335381 ], 
  [ 28861078501, 1839069883501 ], [ 2345098423240210068787763171899 ], 
  [ 278436614074859, 4842742541189332999 ], 
  [ 8897328822913, 356646814090289499548465981057 ], [ 1647767053 ], 
  [ 8795055141570306937708682723460498352378277744251 ],, 
  [ 997524773805701055949 ],,, 
  [ 38640777031, 45488394197821, 288233578971066227041, 
      33669434728074506314926151 ],,, 
  [ 11850694813506363730588390805989131671663450387736821866297909 ],, 
  [ 1005086881, 208308864958308241, 16049514483581800330932025010668141, 
      513923722551196104485240175236262461 ],, [ 25670771694576665827 ],, 
  [ 189121108512657288771043750570098617204515633 ], [ 14427561481 ],,,,, 
  [ 123474683512832251, 2722759006131854236114335096882818534255010601 ],, 
  [ 1846853225407283881775022473 ],, [ 124573494682286920734963731 ],, 
  [ 150345202794517425553 ],, 
  [ 6240466751, 234378995671, 13375510724111920403, 20654586321274240847 ], 
  [ 1140583917841 ],,, [ 28038721614733, 7499690034052663 ],, 
  [ 813807639660017 ],, [ 7382799703 ],, 
  [ 313405881097, 6813883096379521, 307314645631912801 ],, [ 4493027921 ],, 
  [ 2356548924137, 4896653385677, 2146759608130638821 ],, [ 82034809603 ], 
  [ 2667646451 ], [ 51777826673 ],, [ 2096714689 ],, 
  [ 10178348185008181, 16054467064444099789602628306461956183617812873361 ],, 
  [ 1091249941521044042504677 ],, 
  [ 11448528577, 187700593381937, 7942964525003700549406409 ],,,,,, 
  [ 105544214921, 53898403827041 ],,,, [ 11779586452619 ], [ 8176482991 ], 
  [ 2645453029393529573, 4019850126298283593 ],, [ 1448286643 ],, 
  [ 5903171155637401 ],,,,,, [ 1010156639 ],,,, 
  [ 17264502941576694113433150391318748289985597711 ],,,,,, 
  [ 147586485471121 ],, [ 2037640735203209 ],, [ 1586119921 ],, 
  [ 250910900161, 3098219898807307, 3527337851877703921, 4243502420274267289, 
      1664818755179483912285420788150873, 
      469327960544376876002503241630028098207246377 ],,, 
  [ 24124151251, 128228190779701 ], [ 24574472731 ],,,,, [ 111238102669 ],,, 
  [ 127140681881668573, 2626719721993068986731138147 ],,,,,, 
  [ 7848419098660801, 30470513531418990241 ],,,, [ 20781870157, 21849327701 ],
  , [ 1438713722191, 390512927471642064987695221 ],,,,,, 
  [ 4340258497, 24729680101734189554113 ],,,,,, [ 826289294989 ],, 
  [ 81412476060241, 196997427974621, 206189301860707621 ],,,, 
  [ 41464906033, 549662297939005681 ],, [ 812593600876019913077 ],,,, 
  [ 1073483821 ],,,,,,,,,,,,,,,, [ 89293353293 ],, 
  [ 1411079626674433, 11437814366795521 ],,,,,,,,,,,, [ 85396088833033801 ],,,
  ,,,,, [ 2049957449 ],, [ 1051359731 ],,,,,,,, [ 286884983449 ],,,,,, 
  [ 16873924672039037653 ],,,,,,,,,,,, [ 43318989169 ],,,, [ 350824589861 ],,,
  ,,,,, [ 5972861113, 25900237786897 ],, [ 1609199408251 ],,,, 
  [ 1133349966613, 55514020269799223857 ],,,,,,,,,,,,,,,,,, [ 1182498349 ],,,,
  ,,,,,,,,,,,,,,,,,,,, [ 9413187697 ],,,,,,,,,,,,,,,,,,,,,,,,,,,,,,,,,,,,,,,,,
  ,,,,,,,,,,,,, [ 467568393301 ],,,,,,,,,,,,,,,,,,,,,,,,,,,,,,,,,,,,,,,,,,,,,,
  ,,,,,,,,,,,,,,,,,,,,,,,,,,,,,,,,,,,,,,,,,,,,,,,,,,,,,,,,,,,,,,,,,,,,,,,,,,,,
  ,,,, [ 56821225403521 ] ];
