BRENTFACTORS[666]:=[ ,,,,,,,,,,,,,, [ 3836316931 ],, [ 190724102701285210831 ]
   ,, [ 3240045088927519 ],,,, [ 1714299944849685688989211 ],,,, 
  [ 10910061172451523850047703 ],, [ 6922743469, 8297724495052838396854057 ],
  , [ 19001412491 ],,,, [ 72563112478486001 ],,, [ 5710901934799 ], 
  [ 35101313788102147 ], [ 6816852572949721 ], 
  [ 19190527651, 4634083445914921 ], [ 173241150329353, 495594802813237 ], 
  [ 37361198662089425845784197207760364518977476711318283 ], 
  [ 1439181568793, 36939058046073349 ],, 
  [ 29466510056681, 87288568151389180931 ], 
  [ 17361778182321479649213551, 8080774371093554522096239469794239438130021 ],
  [ 250641989569 ], [ 1766926081037591157272502849006739548941616553271 ], 
  [ 5315777101 ], [ 38312820550812267386431 ], [ 148043866843733128363577 ], 
  [ 11358940917452927, 206466202412387975947 ], [ 1907493949 ], 
  [ 232430097197632841710402638694901830615021691354431 ],, 
  [ 61307261203, 980313167227, 141885675301211030419, 9926688570466079721121 ]
    , [ 314471225092263471301297913826313 ], [ 691103961459781 ],,, 
  [ 5173790393743921, 4822389900621110351 ], [ 3987311959, 1720086439051 ],, 
  [ 2107997321, 373589960236514971, 84717274615706593170733931 ],, 
  [ 613804595809 ], [ 12813369677 ],, [ 13751883596071789663820711 ], 
  [ 46863799393195751530703861653 ], 
  [ 8156852857, 3210997477249, 1460507910063924889 ], 
  [ 132701511693190555027321561 ], 
  [ 37088037874901399107, 29899656507177808119775704370944673 ], 
  [ 8780279944178080351992179465167819175101 ], 
  [ 6694877317, 438202930586129, 511627063941945353, 6905653385116004909713 ],
  , [ 11551563718657, 167612520086956933 ], [ 3993881881518184399 ], 
  [ 650149005041, 289725243305073361, 140232000783376637514507841 ], 
  [ 2356482516067874873852496397 ],,, [ 4710552168285082332781 ], 
  [ 10208301608592911, 138586268059548620860492211 ], 
  [ 817163551155114436644379, 455869615445848732537723902225191175667 ],,, 
  [ 7386520291 ], [ 557105398306921 ],,, [ 6106594184209, 8811329720911 ], 
  [ 7305309923, 29078423996732400863 ],, [ 40898818252321 ], 
  [ 106264872427393 ], 
  [ 13759927063, 31345649273, 11906839098321169126811, 23519036116317634010636\
80608376801 ], [ 365851549706224008439 ], [ 2727218801, 1217595856943801 ],,, 
  [ 2330848047277 ], [ 354236527176342067051966717675897 ], 
  [ 152211632845797631, 16791522797330069025733671631 ], 
  [ 116135324298566767, 26131636948974536248568935083359, 
      322175853650663245853972328878207164075883 ],, 
  [ 349902078842341383104389803931116870109561 ],, 
  [ 43693599841, 97466644030672673635685075658731 ],,, [ 29520942407457301 ], 
  [ 1070084030737, 137162432686279951 ], [ 440404407791 ], 
  [ 16250220761, 611263967182180121, 770238807403675018755815858593 ], 
  [ 60287734030213 ],, [ 16065358429 ],, [ 45061670501, 341316424053417209 ], 
  [ 1104459020206639 ],,, [ 3135543497522886001, 698479283018043259596481001 ]
   ,, [ 6227139128278751 ], [ 44248887041 ],, 
  [ 185244786554011885739351, 104599636738132682043760721 ],, [ 1467702721 ],,
  , [ 11253096181, 3828656071220032009195741 ],,, 
  [ 67150391236953947959002679 ],, 
  [ 1768028117301141962281, 165575446951560177307493621, 
      427993708291949047716087796681 ], [ 1441434823 ], 
  [ 5677369732659893376076568641, 167913424429815699889169037779, 
      2233620725991101198438671818059 ],, 
  [ 370433678833, 35678491996638802609, 196318608699581624449 ], 
  [ 19534713671251 ], 
  [ 69702012287491, 1381091792575853, 9837534153133182231767801513780973277881\
7 ],, 
  [ 4890077473946773704364571688397192442021489, 75064710394855029546909330402\
34759586806279980644669 ],, 
  [ 9628749308090701, 12743629038562448401, 159447363585817585688251 ],,, 
  [ 60986603516587201 ], [ 8653644847 ], [ 1498206378001 ], 
  [ 1029248618674252226994786236671983320854682015916131473 ],, 
  [ 719971897241449 ],, [ 22702075841, 2505038478881 ],, 
  [ 16980413493949897573 ],, [ 3011120689, 5471973807473 ],, 
  [ 4639284919943124791390159 ],, 
  [ 2814486498431546401, 745369346014681432089361 ],, 
  [ 14426672709334481, 271019990617315437563311 ], [ 1933292827 ],,,, 
  [ 3684243851, 56136128887651 ],,,,, 
  [ 47003156380441, 17767318063134061, 3796756065968466011177074681443781 ],,,
  , [ 124662649993577, 14383113082924060237012841 ],, 
  [ 181616696566303, 4918251270633540039018673 ],, [ 4248178097 ],,,, 
  [ 28105085033089, 1614650964184747390563450949057, 
      15266667053317132602157270504887361, 
      118870368406522571603400766996277953 ],, [ 149414577979 ],,,,,, 
  [ 4227753326201, 721025275646482545001 ],, [ 1748329393 ],, 
  [ 16382506213, 2081326863930638946051613 ],, 
  [ 174141693769, 26062751660756072176807 ],,,, [ 96337916865610026391 ],,,,,
  , [ 128445514538617 ],, [ 134137399421881 ],,,, 
  [ 7244253300307, 9338269395802806634633 ],,, [ 2710244444851 ],,, 
  [ 24069053307841 ],,, [ 337261914007789 ], [ 806507468441 ],,,,,,,, 
  [ 10380914512451860122816001, 30880616032067261864040001, 
      460904864214345843325245601 ],, [ 3512047507, 76137247711545373 ],,,, 
  [ 6944498329, 5289161975720941, 246532349430371902873 ],,,, [ 10594834501 ],
  , [ 14304107595769489, 1371792314461319353, 67860033821451031351717 ],, 
  [ 22079837938027 ],,,, [ 68049605494083213818161 ],,,,,, [ 614134507537 ],, 
  [ 426197066104870663 ],,,, [ 38133778860271 ],,,,,, 
  [ 9451772447382106380064657, 757991843662105520026417129 ],,,,,, 
  [ 1256981352607 ],,,, 
  [ 795429698795447, 415156224648285121, 5205957262519631118359 ],,,, 
  [ 12884197721 ],,,, [ 1092209707, 2036127926165447726326513 ],,,,,,,,,,,, 
  [ 40984113061 ],, [ 26057178286843375057 ],,,, [ 27700720633 ],,,,,, 
  [ 153175779121 ],, [ 129511442881 ],,,,,,,,,, 
  [ 105129246421, 1710124240771, 653755738835431, 4193246718708301 ],,,,,,,,,
  , [ 2842941413997889062602801 ],, [ 25302185439463 ],,,, 
  [ 22633897249, 144524491822088150387 ],,,,,,,, 
  [ 184359273433, 164093430445027, 85872147927228673 ],,,,,,,,,,,,,,,,,,,,,,,
  , [ 1550402153762900257 ],,,,,, [ 372701387179777 ],,,,,, [ 6189350311 ],,,,
  ,, [ 37033175374235749028629 ],,,,,,,,,,,,,,,,,,,,,,,, 
  [ 2341292233981, 603643600460041, 8803250443164820021 ],,,,,,,,,,,,,,,,,,,,,
  ,,,,,,,,, [ 39073190105701, 1584357274399696201 ],,,,,,,,,,,, 
  [ 85404075113743 ] ];
