BRENTFACTORS[6577]:=[ ,,,,,,,,,,,, [ 935884009701367724089 ],,,, 
  [ 15524885410433998939 ],, [ 6076052334495966047 ],,,, [ 2966314693 ],,,,,, 
  [ 1286156381, 121243735752207973 ],, 
  [ 1840895771155153, 78929944556400376431601933703, 
      64109363263918360720515244999798559446743301941357370435674870117221 ],,
  ,,,,,,,, [ 657475774238200733, 164577954066954743489764477 ],, 
  [ 1887303198581 ],,,, 
  [ 3347809343, 185253171107479, 106787210413151876737, 5116000518953609092385\
7473 ],,,,,, [ 48321765651499936766933593 ],,,,,, [ 1422708540367 ],,,,,,,,,,,
  ,,, [ 49173406327536681428387 ],,,,,, [ 23414633308679251063 ],,,, 
  [ 146776375683838673 ],,,,,, [ 232841361472103364637 ],,,,,,,, 
  [ 7415767677491, 1441204949164869615821 ],,,,,,,,,, [ 216437760029 ],,,,,, 
  [ 110588413213, 147670974593, 62707670631517, 1981557372759061 ],,,,,,,,,,,,
  ,,,,,,,,,,,,,,,,,,,,,,,,,,,,,,,,,,,,,,,,,,,,,,,,,,,,,,,,,,,,,,,,,, 
  [ 812735777741 ] ];
