BRENTFACTORS[26]:=[ ,,,,,,,,,,,,,,,,,,,,,, [ 1528507873 ],,,, 
  [ 7050697273, 88587776413 ],,,, [ 675574105122751103 ],,,, [ 9593937086651 ]
   ,, [ 934196338628717 ],,,,,,,,,, [ 11986390598948220127 ], [ 25662210913 ],
  [ 8377245533576547517 ], [ 14346244151 ],,, [ 358043142577, 1971203353831 ],
  , [ 470196238294201 ], [ 16947835297 ], [ 551192154259, 54509933224633 ], 
  [ 2593018849727 ], [ 334945708538658924935948356996883525107 ],, 
  [ 136644408227 ], [ 15240792631413977 ], [ 25460272531 ], [ 1359389633857 ],
  [ 7106335471, 161404898442841 ],, [ 28661603960447, 57073588142876873 ], 
  [ 83041563757, 7702754097061 ],,, 
  [ 2270440490478175159386113, 440314247117511584166211925609 ], 
  [ 2253596398489 ], [ 1574553353 ],, [ 45054418717916808461851 ], 
  [ 10675257997, 317715361027301 ], [ 4857653194044039490736534511002699771 ],
  , [ 1387918246483342737485362978347016364503363 ],, 
  [ 73894346582909221, 609261029932504497272673841 ],, 
  [ 130422689842705144552017500104667 ], [ 95340546766204237 ], 
  [ 587087343881, 35644213840423570664731, 7025862827317360540403321 ],, 
  [ 34521554245831 ], [ 2383015361, 12295864997249593 ], 
  [ 62701896248107043, 10147432015661402599005968093, 
      101211306087301593532167703017233 ],,, [ 6516608335877 ], 
  [ 14659664959 ], [ 2678044679 ],,, 
  [ 46670952869, 35885926471387445068822183 ], [ 23368004867873 ], 
  [ 2557674531127, 8231476532791192561 ],, 
  [ 1164723277843, 123325145485121572437880777 ],,,, 
  [ 691049040256641389611 ], [ 5156527199, 54865399436668796181164201 ], 
  [ 1680300118519906240736752778184062511636131644979236021486890446357 ], 
  [ 89761824918036320617 ], 
  [ 160747937699, 23048514562805272277677439984392303101475120349941 ],, 
  [ 1072053605108383 ], [ 378275286403075217297 ],, [ 50288585161 ], 
  [ 132097662509144298575213848697521704709810001218547805442031 ], 
  [ 79732359887603230302193 ], 
  [ 302575854274201, 27007217822922247, 155208883640836626342324174984913 ], 
  [ 254250862891621 ], [ 8319945778396856990397974484061 ], 
  [ 7528533299625721 ], 
  [ 19733601454447, 711354307654206198496239272304671, 24761813987002083374930\
34254583889 ], [ 123457071655259 ], 
  [ 2227332988104129559, 16571733132363756451749835121917 ], 
  [ 4833655657, 16468551973, 13493160747690157637 ], 
  [ 20099560745902897862501, 5743812221887491103556251 ],, 
  [ 166732144819, 3939383616020587991 ], 
  [ 5394435329, 7796647730590584577, 107248611633411791617 ], 
  [ 181309990618269859 ], [ 255692934121, 50815915796881, 143608105465241 ], 
  [ 92420978457847643 ],, [ 8165827867, 309630080649937447 ],,, 
  [ 13457627041, 4909650468357640736849 ], 
  [ 8099750726687, 74151977801274405936714294989 ], [ 10706943763 ], 
  [ 788524269331, 815142940907415128404457 ],, [ 160232070118075363 ],,, 
  [ 2303220087073, 9849511001030257 ], 
  [ 1080284300394445541, 22269566388143342404112111539426537828337885583680651
     ], [ 71302486471, 3015022137777309849949579 ], 
  [ 1520986135451336881451139809721772475657982061 ], 
  [ 643138001477, 2614341098911181, 378035719977018250810259472301 ], 
  [ 6145991554660192133, 149214025438081802480416940035667, 
      18518520515907198167044418713264886259389264134303 ], 
  [ 1727127900352201 ], 
  [ 893121750052504302597301262004117180579594502122254801432633, 
      27000937691428632305631841350040212441117328556371611756717702049 ], 
  [ 5548489897, 25320232858838841728481328217, 
      8751329810753593058093497033897 ], 
  [ 233023283515944109, 75598652176652785979606109490847863 ], [ 9955858837 ],
  , [ 94149688777, 1401582628837 ], [ 60809522385539 ], 
  [ 78208347314542997, 20603755953546673983437, 5775759573555198872014255651 ]
    , [ 1344577540363, 264386780671677019, 1471041807055513352503 ], 
  [ 126794950561, 818086762247201, 2175731013850135201, 
      2052815117942001131041 ], [ 16917589230357546357911394887113 ],, 
  [ 92868239346988163 ], 
  [ 40860181251913, 3817022658060815030132631361974810664535775289 ], 
  [ 30948389671 ],, 
  [ 108709791613, 2399503642587858615407, 1794272895472653155473263890269 ], 
  [ 1192538195661486303337 ], [ 11493675509048998201 ], 
  [ 507178815961350566811191, 3278141185107546610043801 ], 
  [ 3051762062303443033 ], 
  [ 338286119038330712762413, 290239124722842089063959709049053 ], 
  [ 667621244243911 ], [ 2736451891, 210656648480183464939 ], 
  [ 18453706951, 155527784651, 1783815744275525942693469101 ], 
  [ 3150576863925041, 3268647882898681688111065921, 
      11132903164175717483058293246641 ],, 
  [ 536956134316702250089, 38566545836380180975815161, 
      5430957874933092661478669447 ], 
  [ 53656685633772056093, 2597931744410333701681583 ], 
  [ 423072645616868794060141 ], [ 90763696729, 17894579001437 ], 
  [ 42787299730684586908379777264961257243 ],, 
  [ 760535645927028859258193, 6953921743956524689295441, 
      43700130127414471108722817 ],,,, [ 279309172406567423867201277577 ], 
  [ 506819692387 ],,, [ 493203426049, 591187916353, 336958682376838835066113 ]
   ,, [ 13831583853867062686286310340776049737988149125269 ], 
  [ 6820432681815993631, 145735694629570124392056253979652703644122920351 ], 
  [ 18511616509, 18197211071228141, 33067036858513032818017 ],, 
  [ 157323869803, 58243459311349218252824677651 ],,,, 
  [ 2642346043, 52933392940411, 918635078199431853527 ],, 
  [ 2396297017, 106448160123957968271176183087207497 ],, 
  [ 22921899546103048319271519765279405568525726126399 ],, 
  [ 453768852161, 6213182349487777, 
      10916345354576890691481319028337262403373377 ],,,, 
  [ 409513530380007267147029676952693 ],, 
  [ 9795799864914557019572362822246799, 
      270864310222810578712362171783261781270399379980243 ],, 
  [ 2564788494529, 18309334550060809, 4148072241945185156748249817 ],,,, 
  [ 3156430211056541, 1317575699685306042644569234901 ],, 
  [ 582642089984028765228330689872990977783589 ],, 
  [ 77143422497, 6667728191868202646773601 ], 
  [ 1200102751, 37804954051, 1699921531801 ], 
  [ 2280927556467934805227, 23971661107123509397427963859539872090484529321829\
0748478858737 ],, [ 2575920619872430053393060485944933 ],, 
  [ 30946336819772303854304262598230587711 ],, 
  [ 2196297207921161, 8475919346294417 ],,,,,, 
  [ 5432384987, 11829879544883, 11845893623281649, 196194737038969543419763 ],
  , [ 931443508715834641, 270345876173702286721 ],, 
  [ 18891867820155616879121, 11461398647271642302441828146297, 
      243822987911897988352979982166591745021 ],, 
  [ 8045201383003717, 98219486142564470326629559626481513809417336353 ],,,, 
  [ 105050918940131299016881 ],,,, 
  [ 1549314255062038569719906776599544873717 ],, [ 207390218920537 ],, 
  [ 8094266916261259777, 40358375430626908158564291637328477478570578598785281
     ],, [ 58630507357778519998709689, 3076814278757622588317626405309 ],, 
  [ 978496170574369981, 56607573874398870946630445111006999029261 ],, 
  [ 87263299210252111316342255347, 53124658069098284844447842732299261 ],, 
  [ 49540453900511641 ],, 
  [ 10683866593, 143836979917, 4542123675623761333, 10150665093121078250967780\
457428643 ],, [ 5603574774013623247960658809 ],, 
  [ 431113781688412681, 4017703816132036958251 ],, 
  [ 490179463431439184448224609, 394838072917109918280274731249514741785569, 
      29901014050796131390685641831541610801038990686433 ],, 
  [ 10005111340146465285031753717039 ],, 
  [ 17260057388236753, 3982882469628101241504565615973737 ],, 
  [ 14945245807, 29672467854781569042050491, 
      13072803066218300600891791173229905327042375263672715947 ],, 
  [ 1299094038835798965481 ],,,, 
  [ 6227560061655134112357677, 4261656875091257913987220561618909939548288289,
      66865183876760353462576879722786281821127062129 ],, 
  [ 50116343993, 23040788426657 ],, 
  [ 21537332900700193, 2527996385268956206000959640398572270625474185377 ],, 
  [ 16464833459374627024064588951 ],, 
  [ 2836861361095568075894213, 660695279531972868340411062517487756221 ],, 
  [ 9975798999400780813, 94702567503559491708223909, 
      1075068350867223326731867501837 ],, 
  [ 37131338757673851515499361164197015114000587023879600686045930352218604570\
89 ],, [ 10355079347268291378211136009 ],, [ 38891338979941503242814958501 ],
  , [ 801937300462421, 11373771632708586123878262300322733 ],, 
  [ 1272171264576816257, 31353896533243801209509625409, 
      45381665815050235298090211256106484929, 
      128659632365369516192801468756677547605921 ],, 
  [ 407630447380293099009077106216633683374848786337077358693 ],, 
  [ 52999049489, 1290219273113, 28031538253489, 15522208618145378743441, 
      4053488243712920859549628335225784009167027749 ],, 
  [ 156581006821, 8189507378647834631621, 13628505158163068160232230379231 ],
  , [ 8670635377, 16998937489 ],, [ 1051057559039, 110525816193743 ],, 
  [ 331522942398670557688793, 10640485449601690125546893 ],, 
  [ 867851084599, 5878320799289242027 ],, [ 2081334401, 87992032428322241 ],, 
  [ 6152506204363975148981, 3174495147477959027095423, 
      811922845507885523926882136035612157, 
      7732366477871463915320568339625100216615573123 ],, 
  [ 172915600948093, 626210984520008042565346501819667067091174885558280722972\
96273 ],, [ 185545314683, 30044408265953, 627045338707143264002023 ],, 
  [ 1384808871534687100484986097, 
      21896422701789392901126153706608297360084106383961, 
      12592582895406256169511104744768154120831949921862096167633 ],,,, 
  [ 8990982980237521, 960110354575727830986339108553447009929918239237 ],, 
  [ 60035379466774802801, 141683402089447771910113 ],,,, 
  [ 96128103348353458186897 ],, 
  [ 133457513254772809322632766354204070294061, 111600531682051119537380423045\
3225964065881 ],,,, [ 14470172263033 ],, 
  [ 1206612267683238827910296444471502089880413419770553 ],, 
  [ 3443037710701, 10283591893117, 
      14496457361552708634707995640646685530809142197060353 ],, 
  [ 4812123457281111468641567851 ],, [ 2734035216446684476350113 ],, 
  [ 16441898216641 ],, 
  [ 549759530117960612536054602397, 532207538479826079233771002224987186054981\
377389 ],, [ 13247393223885857 ],, 
  [ 1209711929761, 277836197703837841, 13016305794792229561, 
      45132311008608215665287883318562521 ],, 
  [ 1238416481, 542139900671, 1363893948797123 ],, [ 33096772073 ],, 
  [ 2253614989 ],,,,,,,,,,,, [ 64256281237 ],,,,,, 
  [ 3580564609, 56587097381927809 ],,,,,, 
  [ 1306935536414041, 52154947949074722729222181559807909401 ],,,,,,,,,,,,,,,,
  ,,,,,,,,,,,,,, [ 73952838882808201 ],,,,,,,,,,,,,,,,,,,,,,,,,,,,,, 
  [ 864025245001 ],,,,,,,,,,,, [ 532908610402939 ],,,,,,,,,,,,,,,,,, 
  [ 677911406165761, 3461459973480221761 ],,,,,,,,,,,,,,,,,,,,,,,,,,,,,, 
  [ 2067942901 ] ];
