BRENTFACTORS[496]:=[ ,,,,,,,,,,,,,,,, [ 71951747887 ],,,,, [ 1112769571 ], 
  [ 13121296999793 ],,,, [ 576335549833708525741 ],,,, 
  [ 182914970589016417, 685927553699592324881 ], [ 263572515355841 ], 
  [ 137991662653024357 ],, [ 8947166777894731 ],,,, 
  [ 212851598077, 1497987463086828559 ], [ 3031915807201 ], 
  [ 4304077784911932425894942170625939506427 ], [ 5758556413 ], 
  [ 1333290251 ], [ 4184636423343595693 ], 
  [ 32341943387431, 24454245759678271 ],,, [ 43452700640449 ], 
  [ 397397521501 ], [ 19711739053659236501 ], [ 469745619829, 19517811953569 ]
    , [ 3556179353160347213 ], 
  [ 942465240697, 2149619720832938982181184472511, 
      79607017955177699282386070710400851 ], [ 1665074233 ], 
  [ 25216368431, 19653585394081 ],, 
  [ 2328835857655901120320740393353636519107 ], [ 440638011859 ], 
  [ 968344762901, 385559819746463642963 ],, 
  [ 131489075305771, 52918811907588486516992359 ], 
  [ 790020692509, 956957469221107, 4951323041476832250613 ], 
  [ 1291427129539, 1328204469886939, 59895833548287241, 2707551355453222573 ],
  [ 3733862396968543722722433466078007260609 ], 
  [ 185715568567611497688932395565116861 ], [ 3787232461 ],, 
  [ 2394085997, 59084046449, 10353930453984574097 ], 
  [ 1016073131641, 13617988909867, 6873545376896179, 
      447871730056594272438184187051138089 ], 
  [ 1189222721, 85413718424591991309191 ], 
  [ 1170479731, 435810346042159541, 651046483613598541634483201711 ], 
  [ 20840799313, 5468884201543897 ],, [ 28461670759223758691 ], 
  [ 658006259613115446517994736177563701 ], 
  [ 78385608826167026550303589515213851665673 ],, 
  [ 224332145222613625099378633 ], [ 6590996387, 11386566115543 ], 
  [ 3203375521, 1549381716698068981681 ], 
  [ 48322657385480064759433636150829773 ], 
  [ 1892043371730286009439, 2461024302931094352451 ], 
  [ 250183935739, 1007779834199912183 ], [ 19705122664348125061 ], 
  [ 4554160540287291581, 285839971626702397095077851 ],, [ 1493719316851 ], 
  [ 16869625996169, 321044030356972754833 ],,, [ 81499280466787 ], 
  [ 12530222493772345046435341723396998120389557 ], [ 147927809784944029 ], 
  [ 3857617873, 605956011889 ], [ 76480534891, 1091681800668855421 ],, 
  [ 17542923943, 62582663701, 7975480661541058837 ], [ 1336656624980251 ], 
  [ 6731361199550684510505847, 526909497150940070182828759 ],, 
  [ 48051128549, 24407094347872782376421 ], 
  [ 11715077154589, 5193615807827857 ],, 
  [ 2720054588013779361008207676912740238721 ], 
  [ 22066224601, 13879403416239434733224930002596823063147624251740011 ], 
  [ 34106661760618087 ], [ 657629772053 ], [ 135712398746629 ],, 
  [ 36397122822061, 45952107456266593990650661 ],, 
  [ 1237953697, 4652982474086711431700440064890310870696747809 ], 
  [ 10532582197, 55488052879751 ], [ 1023220567, 1064488339, 457077543678649 ]
    , [ 34152018281, 124180995101 ], [ 189801584210021367013 ], 
  [ 210463973366401 ], [ 50656396966607, 694436219577147328839801153587 ], 
  [ 145353100733, 3944710340485330913911 ], 
  [ 12097650431525008853578007100828658837561 ], 
  [ 667941356787013, 89628609783942931087 ], 
  [ 42934649311, 4040170036515259, 14620471893498284803637, 
      12601969935656353020088981810494797 ], [ 101866257318842791 ], 
  [ 155466114017 ],, [ 433286422381, 8914254734407733307765237478431709 ], 
  [ 81874620821171 ], [ 3183169344769, 415098590217176321 ],, 
  [ 41178555547312768491618401, 20232176449184394248885792095181 ],, 
  [ 4957906975618081, 1974073329118452508702632359148073 ],, 
  [ 36268060123850777, 3898082960878904381, 84118452658558752757, 
      9073491744352160990729 ],, [ 65927429497 ],, 
  [ 3273713843009919687389570807267652134968540118833 ],, [ 1593149461 ],, 
  [ 6000995261, 800102967998085933759078528892159 ],, 
  [ 2451943441, 238803151058783569, 279809850355388500040418791350966897 ],, 
  [ 395837999625337, 1270279458613649324233 ],, [ 30345884657749 ],, 
  [ 276713067451, 2471924815200642916137784529294963427901 ],,, 
  [ 10325016811 ], [ 6246841545781009480892201 ],, [ 3272803782318097 ],, 
  [ 926865753794348527 ], [ 346288649407 ], [ 214680568321, 893613330781601 ],
  ,,,, [ 7363816021, 1757688455821 ],,, [ 1341874410073, 392152282227822313 ],
  ,, [ 77878849222459, 750977666225389 ], [ 3619367871121 ],, 
  [ 13659553270787656648358665603 ],, [ 25470236928447748089749713 ],,,, 
  [ 506832887277649441, 2060388147148913300756221 ],,,, [ 55935575488599617 ],
  , 
  [ 2652001101181497133, 141635368482510688072082281, 303890855181778131243753\
80894233957 ],, [ 79049900849, 4092369975389 ],, 
  [ 1234229741, 1319209141, 14748005771 ],,,, 
  [ 12814539984730636847, 138599442521210632521423631 ],, [ 2754198771090677 ]
   ,, [ 648122231593 ],, [ 21962002001 ],,,, 
  [ 1245710333028481, 6071064879345012307220587357 ],,,, [ 16209051457 ],, 
  [ 4998820280642040756841987157736697130671 ],,,,,, 
  [ 7747695577, 3135617708401 ],,,, [ 1855831717301 ],, [ 127630744666162891 ]
   ,,,,,, [ 678006826937757613 ],,,,,,,, [ 1800086461 ],,,, 
  [ 307925251169604961, 759606321544612105435308609841 ],,,,,, 
  [ 4195708597, 1127730866851867, 15322873678165849, 
      338827171020889203160504651 ],,,, [ 4504678001 ],, 
  [ 3619891860229, 16707232361344087081 ],,, [ 1633422935924911 ],,, 
  [ 49537629128151859 ],,,,,, [ 63743313481, 24949544071849 ],,,,,, 
  [ 782197589431 ],,,,,, [ 17761308253537, 452317122614677 ],,,,,,,,,, 
  [ 1347481279, 102850644469 ],,,, [ 827853185592116857111 ],,,, 
  [ 298744255951, 11460823827769 ],,,,,, [ 4349160601, 27519764062717789201 ],
  ,,,,, [ 13783572937 ],, [ 69536036549981 ],,,, 
  [ 82515141073, 387417833713, 6912467678689 ],,,,,,,, 
  [ 1044744816961, 15198392263361, 4187928093162881 ],,,,,,,,,, 
  [ 90009107101, 22531925079511 ],,,,,,,,,,,,,,,,,,,,,,,, 
  [ 1086213245727631339 ],,,,,,,,,,,,,,,,,,,,,,,, [ 94679314129 ],,,,,,,,,,,,,
  ,,,,, [ 168227180353533277153 ],,,,,,,,,,,, [ 4554315500737 ],,,,,,,,,,,,,,,
  ,,,,,,,,,,,,,,,,,,,,,,,,,,,,,,,,,,,,,,,,,,,,,,,,,,,,,,,,,,,,,,,,,,,,,,,,, 
  [ 4352289889, 83153840513 ],,,,,,,,,,,,,, [ 381105059341753344991 ] ];
