BRENTFACTORS[915]:=[ ,,,,,,,,,, [ 1072785253 ],,,,,, [ 3945418719568693 ],,, 
  [ 6470725901 ],,, [ 16767898013, 112982617285005809321 ],, 
  [ 2256161101, 1567485410427837601 ], [ 519170778802937 ], [ 428675999761 ],,
  ,, [ 25809083133685609, 8255904892989906300528386640443851 ],, 
  [ 2852960609929, 122096893016364421 ],, [ 4875559571, 1957152871871 ], 
  [ 106090699321 ], [ 362499585903540984544988410993654242312791 ],, 
  [ 10602392659 ],, [ 8873928348465337914766942395682558290451 ],, 
  [ 6672367531694857, 557755488711469188137 ],,, [ 5162703623734219 ], 
  [ 2982368833, 3661027053873549869 ], [ 13684217794177969 ],,, 
  [ 79210241389 ], [ 2432217168052829 ], 
  [ 541872855622947787995051427, 4953966966387297934293049618344455470767791 ]
    , [ 146575788949, 124297899996979 ], 
  [ 723530560097731, 554284388618803959505511 ], 
  [ 21963172043565456737754169 ], 
  [ 7233675403, 27126448708685693038831, 222078795293593113998827 ], 
  [ 8667727437041502422507443 ], 
  [ 12624169224691, 32391851412482514512536019419 ], 
  [ 5809333471570002999181 ], [ 181504326059759 ], 
  [ 4756569197, 19003210987 ], [ 13027086978571 ], [ 3092152010177 ], 
  [ 24668433184721, 1460094720565899991 ], [ 343155045129667 ], 
  [ 24406359310527593531029 ], [ 336178449225043074728171789 ], 
  [ 50478826170583, 3146540208644493178375657, 
      554500536387385138629582654400447 ], [ 107153822231 ], 
  [ 9202913203923452262984901 ], [ 195118321705771753 ], 
  [ 2517174265981, 1121745539507107, 27567017660375689 ], 
  [ 32054396629, 8594816511120431, 50811316888550006449767240919 ], 
  [ 188255904448847485215126749592751, 
      85424699353857144026816488279671056194951 ], 
  [ 102435997863330959062976167136914993733389 ], 
  [ 317621184220084669, 4937551811362448741 ], [ 156984207721955329 ],, 
  [ 1159336561, 48062487317429312576801 ], 
  [ 14707353236581, 1516108689262747 ], [ 11546131338286441155367697 ], 
  [ 50861057175371, 11513604552303107 ],,, 
  [ 3962531357, 125702022747898268483134408417 ],, 
  [ 64147219313, 193380326197262755210441 ],,, 
  [ 66351462008287, 2087145492009761, 812620200805043268267164263 ], 
  [ 2621120297, 156643628884440619652919037 ], 
  [ 115046553101797, 5052291247963357, 8590214767330025531137 ], 
  [ 2048839646771, 55375946900837, 152988682437886629277 ], 
  [ 968688551973759218561 ], 
  [ 8813777569, 3366521996439457, 3306265613926026890761292161 ],,,, 
  [ 198607567001 ], [ 9341510605169783 ], [ 109558269766520593 ],, 
  [ 47314946849, 16042338864137, 6078160682213881, 104941716362287793, 
      1962534031161692019249854081699360534753 ], 
  [ 3284418271, 1301707874251, 
      3468363435575123933410434762018999191449812254453472520771 ], 
  [ 19684371697541357, 5837390579707987930193 ], 
  [ 38745202663103, 6462199284282862319 ], 
  [ 2389831326073, 40276274284296289 ],, 
  [ 10560329419124522916332863070491318363315211 ],, [ 109642672263601 ],, 
  [ 108307775869093, 1585561963914918721885727188672777 ],, 
  [ 659189101489, 3073531901953 ], [ 3027910234431421 ], 
  [ 28681655287907372207, 2164985606891805328586949677 ],, [ 9034834028761 ],
  , [ 713002329803593398643127237 ],, [ 695919819705780176312718523157 ], 
  [ 15801307724503001 ],,, [ 192351074475586902764417 ], 
  [ 3073858441, 11035125949 ], 
  [ 542524899424038779525941, 352837240451176544358259894323531417566720981 ],
  , [ 76123565233, 24442259445481563181, 835056181636499629331604949 ], 
  [ 161654898114613 ], [ 90843660393891413, 18193574633052800731 ], 
  [ 157975731123121 ], [ 431696652280032592443817 ],, 
  [ 41254946851189, 1688727271315274374295689 ],, 
  [ 315690148901, 1894686969903121636290563072819294516199775763467316938861 ]
    , [ 1785141217, 32573667439, 154258308961, 489790953744973219627 ], 
  [ 19678813413527 ], [ 2529406143569934773 ],,, 
  [ 26932399687, 331284419430719327, 5772452084739418693 ], 
  [ 4021896965822744536501 ], [ 59287394297, 432754562051089 ],, 
  [ 108570965271451, 256304435488351 ],,,,, [ 90670544681 ], 
  [ 55443452743492717846177, 8146633871513684642053297, 
      4623947079908722057136881486693 ],, [ 38263998391, 23845016451584521 ],
  , [ 129502427735200321 ],, [ 1319880421, 9156776221 ],,, 
  [ 2763354991, 15809148907237291 ], [ 45648463075057 ],,,,, 
  [ 4677465943, 355999725199 ], 
  [ 175756876110869069, 2916395622503167690429, 5101236364589901439157 ],, 
  [ 5942125441102369 ],,, [ 748436097692119 ], 
  [ 249297922963, 1201999725211, 20642458504357 ],, [ 423459982500013621 ],,, 
  [ 1127697607 ],,,,,,,,, 
  [ 209846029633, 7209148537729, 217151689549057, 217572076679026753 ],, 
  [ 121961750819459 ],, [ 274858289161 ],,,,,,,, [ 1573487989680154652809 ],,,
  , [ 1092018721 ],, [ 22972683091, 2934970128081889591 ],,,, [ 22532692157 ],
  , [ 39790505572417, 19081087204109718457 ],, [ 32439594743987 ],, 
  [ 1278420001, 60495580681758976381 ],,,, [ 3277001187245857 ], 
  [ 845356255080751 ],,, [ 1935156841, 39852895429 ],, 
  [ 132529404426191, 598682808930423835916141 ], [ 361792861123 ], 
  [ 191696029341933313 ],, [ 257710934287, 72151139801548459995877 ],, 
  [ 2421781070257 ],, [ 557185713887867, 38326082674194673 ],, 
  [ 304769443220473935609272401 ],,,,,, 
  [ 13021013947, 8862974642821633, 68443620552420880767468613 ],, 
  [ 18599475233 ],, [ 56896909001 ],, 
  [ 158643634717, 34254418084391233, 54467747237560325087977237 ],, 
  [ 8904902615611 ],,,,,, [ 207798689801, 2029482510234323561 ],,,, 
  [ 1726949748193429890769 ],, [ 696980969329, 34926279890867 ],,,,,, 
  [ 474397421153 ],,,, [ 1883707453, 52665924528433, 1085347197482080427701 ],
  ,,, [ 55904783761 ],, [ 825830704351 ],,,,,, 
  [ 15980208481, 3507871283401090944673 ],, [ 3556438201 ],,,, 
  [ 1321071206340347281 ],,,,,,,,,,,,,, [ 167089274969 ],, 
  [ 2774291109519091 ],, [ 150081516660633106537 ],,,,,, 
  [ 2122748581, 1432663363874863 ],,,,,,,,,,,,,,,,,,,,,, [ 37237494961 ],, 
  [ 11644945759, 579670233929767 ],,,,,, 
  [ 1840283130421, 160259460765889, 9901972515297314175433 ],, [ 4995041801 ],
  ,,, [ 1454750619559 ],,,,,, [ 552947495761, 14592306267001 ],,,,,,,,,,,,,,,,
  ,,,,,,,, [ 5119426561, 235578250172929, 8307700762321109583361 ] ];
