BRENTFACTORS[7127]:=[ ,,,,,,,,,, [ 27212505682693 ],, [ 184254215674187777 ],,
  ,,,, [ 54333835058092396926192306197 ],,,, 
  [ 15616274210264881, 5276543568144348932387003, 
      8998401851950164239646401383028183 ],,,,,, [ 16610324201 ],, 
  [ 50902597730779, 101333880135544171, 971890090270107377687407, 
      5804306297657907785442906672436968225321101467 ],,,,,,,,,, 
  [ 370491754907, 6462703485953225126834579 ],, [ 6220283423 ],,,, 
  [ 202379259337, 275604308770213, 2632241963764280559893980488223 ],,,,,, 
  [ 6061517993, 770395733381470611204835327 ],,,,,,,,,,,,,,,,,,,,,,,,,, 
  [ 13709078087 ],,,, [ 43751845180061 ],,,,,,,,,,,,,,,,,,,,,,,,,, 
  [ 1578582592540713337 ],,,,,,,,,,,,,,,,,,,,,,,,,,,,,,,,,,,,,,,,,,,,,,,, 
  [ 19365379777 ],,,,,,,,,,,,,,,, [ 6222696511607068907 ] ];
