BRENTFACTORS[3413]:=
[ ,,,,,,,,,,,,,,,, [ 110603783981, 42615733659941611759, 292235382903684867462\
7 ],, [ 2398392497, 22808366647949, 72204790495892460710564866715390162518891 
     ],,,, 
  [ 1026047870219, 1959498262399, 24618859605363086738411458527365530219 ],,,,
  ,,,,,,,,,, [ 11434142308549 ],,,, 
  [ 11322866221437386821, 43061122557602744680137251, 
      46178481849043338692877362099424558359 ],, [ 102682126863432991341821 ],
  ,,, [ 7283598801691, 6945447046744021 ],,,,,,,,,,,, [ 12310237783 ],, 
  [ 136534763411, 8244632166083, 7370039202986546297 ],,,,,,,,,, 
  [ 131768977664955737, 6344694035500671379 ],, [ 432691300940276879 ],,,,,, 
  [ 163074463723 ],,,, [ 107507308116888623 ],,,,,,,,,,,,,,,,,,,,,,,,,,,,,,,,,
  ,,,,,,,,,,,,,,,,,,,,,,, [ 1885751563, 367765828037 ],,,,,,,,,,,, 
  [ 78388971998715647809 ],,,,,,,,,,,,,,,,,,,,,,,,,,,,,,,,,,,,,,,, 
  [ 2178959707 ],,,,,, [ 47810833482418393699703 ] ];
