BRENTFACTORS[5051]:=[ ,,,,,,,,,, [ 16367725390259 ],,,,,,,, 
  [ 14398771559, 193047406847, 221124537489528931, 1043048984743264363 ],,,, 
  [ 40350042627898211671, 169262797268937200407583589061631246636604069917 ],,
  ,,,, [ 773355193109 ],, [ 1220986547233805997347893 ],,,,,, 
  [ 2553243416171232493 ],,,, [ 2039742729270826911719 ],, [ 224285375066377 ]
   ,,,,,,,,,, [ 292606389056073113303831 ],,,,,, 
  [ 2549636082878568265399908263 ],, [ 53160287474433091 ],,,,,, 
  [ 4214526087502781 ],,,,,,,,,,,,,,,,,,,,,,,,,,,,,,,,,,,,,,,,,, 
  [ 143891820833 ],,,,,,,,,,,,,,,,,,,,,,,,,,,,,,,,,,,,,,,,,,,,,,,, 
  [ 2437434355627874671847 ],,,,,,,,,, [ 3067414919 ],,,,,,,,,,,,,,,,,,,,,,,,,
  , [ 3740284417 ] ];
