BRENTFACTORS[3181]:=[ ,,,,,,,,,, [ 5643058375417 ],, [ 59156074756376209 ],,,,
  ,,,,,,,,,,,, 
  [ 7593368933, 76197329771, 10306468723091, 1350058489860567395054186801 ],, 
  [ 18036114011523313188522905463119906179 ],,,,,, 
  [ 956606315637822699922046996396377 ],,,, 
  [ 19651934453853537599089, 198371119610656780328549303, 
      20341356915336506629067450574187 ],, 
  [ 7703020416241, 43258291454987149711, 110225467765712497469, 
      1259961199009878023050013473 ],,,, [ 257401571179 ],,,,,, 
  [ 1525686777394313 ],,,,,, [ 66411184932378570443 ],, 
  [ 2181284849, 2048911879780297699 ],,,,,,,,,, 
  [ 3924420316019100213181443167 ],,,,,,,, [ 1944354479 ],,,, 
  [ 3799772371, 50503468090447 ],,,,,, [ 23405216797 ],,,,,,,, 
  [ 6757404509, 2522102220347 ],,,, [ 4099664117033, 45499123484939 ],,,,,, 
  [ 864159379584577 ],, [ 54896765233, 368712626197, 1939207434226693 ],,,, 
  [ 4077146734151, 98350850024438651 ],,,,,,,,,,,,,,,,,,,,,,,, [ 4480612127 ],
  ,,,,,,,,,,,,,,,,,,,,,,,,,,,,, [ 1711546505491 ] ];
