BRENTFACTORS[2411]:=[ ,,,,,,,,,,,, [ 6050087707 ],,,, 
  [ 596250975907, 62798710280341138413793115224533209 ],, [ 15494572999 ],,,, 
  [ 21831490337, 1523243344639 ],,,,,, [ 119398788776311567507923029632861 ],
  , [ 1619895887 ],,,,,, 
  [ 134801338838389202905715461876124404067, 532724797342665779444572547122040\
320259 ],,,,,, 
  [ 1004344637291, 269553487730999, 382698796392885123849707, 2730824700768765\
15368924485721443870782508649287199496125318953789 ],,,,,,,,,, [ 5533348507 ],
  ,,,,, [ 1606343345847961969043, 325749321104423562261229 ],,,,,,,,,,,,,, 
  [ 294653634097, 42290203270247806667, 216570705932809497007379 ],,,,,, 
  [ 1916526147443944639139387 ],,,, 
  [ 1270638315484739, 182650609212299971571 ],,,,,, 
  [ 1601908687, 2461251837565337 ],,,,,,,,,,,,,, [ 2755553606313105461 ],,,,,
  , [ 3695942353, 413201435765507 ],,,,,,,,,,,,,,,,,, 
  [ 3573449039, 456312541781, 98434947321796847987 ],,,,,,,,,,,,,,,,,,,,,,,, 
  [ 1251622929122851 ],,,,,,,,,,,,,,,, [ 6376606726939 ],,,,,,,,,,,,,,,,,,,,,,
  ,,,, [ 181144427380643 ] ];
