BRENTFACTORS[434]:=[ ,,,,,,,,,,,, [ 271684236409 ],, 
  [ 7946169661, 158036780851 ],, [ 801959464897583 ],,,,,,,, 
  [ 15955856480351 ],,,, [ 48543253063 ],,, [ 37061630893121 ], 
  [ 9118741414668872449 ], [ 359102450963 ],,, 
  [ 3289879421, 6877425517821349808093305243204681 ], 
  [ 1767241529, 142505392087, 559900141121 ], [ 15691871599, 81255312324421 ],
  [ 10942031161, 19377750089801 ], 
  [ 2899220825707, 26064552620236949966887, 1951297987558209563072382909548699
     ],, [ 54952997843 ], [ 1413487769, 8487203737284598349 ],, 
  [ 75766539557 ], [ 2121285029, 39243372854730998317010276700495528086490541 
     ], [ 11181503134657 ], [ 847045524348996697937016950460969066525701 ],, 
  [ 8685675513731908629588064512587653 ], [ 597123079541, 1953518167593253 ],
  , [ 33430248758449 ], [ 9329900752661651674957453221065236169442361 ], 
  [ 4116530739049 ], [ 5758862915842196569 ], 
  [ 28434199951037, 940401362882511989172776549 ], 
  [ 21810821868448641703877, 873204604507310933904327859 ],, 
  [ 79113771943319, 136485815991618511867 ], [ 6163462037 ], 
  [ 30376907422219 ], [ 10363164400329267020609 ],, [ 103705048663316167 ],, 
  [ 1235758012845504399077203071778114781 ], 
  [ 570053798527, 5170333423514955907714177082208129316843 ], 
  [ 221789779121 ], [ 258315540872483 ], [ 13851459577 ],, 
  [ 48637937099981, 137514947844746450117131 ], 
  [ 190026108708911591145728701 ], 
  [ 18494249869, 46021813056701302614315873913 ], [ 3886196795885713849 ],,,, 
  [ 12799314623334415259450195361274520683, 
      277225320871628344478562061725367846561 ], [ 478479750696654667 ], 
  [ 50518106776306974047 ], [ 361233339960144143951089 ], 
  [ 39791979936361970834791 ], 
  [ 7949295707, 307024464347, 337022709935086703081 ], 
  [ 303957103123, 437460797611 ], 
  [ 4579586969, 97226584503423497590027604739106013801 ], 
  [ 1383789096716075754517 ], [ 192943613900788764587211789721 ],,, 
  [ 709011671706043, 477926345222422399, 56692619457105633375313, 
      1611079391271005337512564165569 ], 
  [ 8697846401129803, 23637496866544992361373912817905153 ],, 
  [ 1199652976945005926568226849 ],, 
  [ 3845039248382028300895789192469728975392070607760791 ], 
  [ 6231209036601348185546161 ], [ 82725578390222477041104518799601 ], 
  [ 123798690611, 4238198366263, 16436257514777865708791 ],,, 
  [ 13069987995769683577 ], 
  [ 44051236430626999506499236771937740200124131874271 ], 
  [ 1049185926519067442659559 ], [ 101905595900753 ], 
  [ 274101324949, 2122362170559436826069317 ], [ 60362844259 ], 
  [ 799803400221790031 ],, 
  [ 1705259283617, 874267111069998418222144575377295457 ], 
  [ 832352216106442607, 3854503687035301117, 17125652971986069169 ],, 
  [ 325054870184309381 ], 
  [ 1387783633, 274843409356777384329948397, 4828447125357811305586000213 ], 
  [ 1548880867, 45881025373, 70370561097253 ], [ 2010719137303 ], 
  [ 35211008057, 31373195948737755799 ], 
  [ 1293274894924925685001, 22935859647293482952281 ], [ 426385304762143 ], 
  [ 2924641165541, 57297266611163 ],, 
  [ 92332134637, 31151301893069, 2649473593583251627333 ],,,, 
  [ 97844130859393 ], 
  [ 579139251499, 7880445623688397184840401141, 13761068973588743936173841413 
     ], [ 157680215959241, 1704928657118051 ],, 
  [ 197883649657, 387676235543050387592678449 ], [ 386887973291 ], 
  [ 7126035516416599, 129745943160339007 ],,,,,, 
  [ 1070610521, 4494769441, 115315291976575741, 43528396232900869479440104001 
     ], [ 395547566209, 23638812259786813927 ], 
  [ 3020738494632515241218321620409209463 ],,, [ 1124458189986731 ],,, 
  [ 24032287464943799449 ],, [ 33504562734751 ],,, 
  [ 7756529311, 15939349057 ], [ 786055564420897 ],, 
  [ 1982892913, 1430613408953015041, 1216866227573928757489 ],, 
  [ 718484692854257983028671 ],, [ 8353254923563201, 1242334553295043118081 ],
  ,,, [ 15068600933 ], [ 56295843664831 ], [ 87492431773, 202482216907 ],, 
  [ 9424726417, 30536511601 ],,,,,,,,,, [ 13158067247714569 ],, 
  [ 1679380876769263226625868442349661 ],, [ 889263399506498013383387 ],,,, 
  [ 5013831997 ],, [ 2567444546893957, 3325475474137627297534349 ], 
  [ 19597672707541867 ], [ 17807779346008061 ],, [ 11814781649865217 ],, 
  [ 89163087901109 ],, [ 33212840808033903899886860473 ],, [ 239612175779923 ]
   ,,,,,,,,,,,, [ 442905739823236852139197484118121 ],, [ 5745804234769 ],, 
  [ 1378051289, 67245109228679 ],, 
  [ 5978984942521, 187441490453617, 452265697676204036789257 ],,,, 
  [ 687857925185419387081 ],, [ 7046331484265913397, 18596880113311493809 ],, 
  [ 3497790689, 48075458593, 4035735704625200129 ], [ 1013767201 ], 
  [ 2865431627, 79544964271961 ],, [ 16342373119462851741013 ],,, 
  [ 547271916806389237 ],,, [ 1330523319880873 ],,,, [ 1206809545526890243 ],
  , [ 2579147726515985761 ],,,,,, [ 10182560413, 12387995385823777807 ],, 
  [ 8196440177 ],, 
  [ 2007689628177639549039540001, 160149941769033075207253474001 ],, 
  [ 4672656577 ],,,,,, [ 44427628639 ],, [ 7387885441, 77239833061 ],,,, 
  [ 337475509929361 ],, [ 114583024992560713 ],,,, [ 19643618819750011921 ],,,
  ,,, [ 23391513913 ],,,, [ 75657747462361 ],, [ 97891393703371 ],,,, 
  [ 638645008717 ],, [ 11224103329, 260789420344296691873 ],,,,,, 
  [ 28856307179743, 23229783008870566379413 ],,,,,,,,,,,, [ 18886349683 ],,,,,
  ,,,,,,,,, [ 11108265909761 ],,,, [ 31940098958282797 ],,,,,, 
  [ 2201049195967774681, 28506502384564645321 ],,,,,,,,,, [ 4085489981 ],, 
  [ 3026856979, 20247515100919 ],,,,,,,,,,,, [ 2322954373 ],,,,,, 
  [ 37359273528001 ],,,,,,,,,,,,,,,,,, [ 3740874733, 6651706680361 ],,,,,,,,,,
  ,,,,,,,,,,,,,,,,,,,,,,,,,,,,,,,,,,,,,,,,,,,,,,,,,,,,,,,,,,,,,,,,,,,,,,,,,,,,
  ,,,,,,,,,,,,,,,, [ 1038503236315681, 9900193395063726721 ] ];
