BRENTFACTORS[6311]:=
[ ,,,,,, [ 1782667097 ],,,,,, [ 565412636777, 473637503709787 ],,,, 
  [ 3838775271803 ],,,,,,,,,,,, [ 18691602567033083197027755925621 ],,,,,,,, 
  [ 1826479619, 140442238117270157815539613 ],,,, 
  [ 1635505237596787318294501 ],, [ 2788630860310383931 ],,,, 
  [ 100799555237, 77470332925513546319153 ],,,,,, [ 23343943387 ],,,,,, 
  [ 14238301266100438577, 45438115276508130346699752277 ],, 
  [ 1255864077108919369601 ],,,,,, 
  [ 375746240955227, 2044465249874648165919233111 ],,,, 
  [ 670535288714530066837 ],,,,,,,, [ 31289423236400069011 ],,,, 
  [ 15647505320173, 17804207048310111956537489, 207744436544233817218016309 ],
  ,,,,,,,,,,,,,,,,, [ 10695719888317 ],,,,,,,,,,,,,,,,,,,,,,,,,,,,,,,,,,,, 
  [ 4971902013529771 ],,,,,,,,,,,,,,,,,,,,,,,,,,,,,, 
  [ 878013630107002840133 ] ];
