BRENTFACTORS[7759]:=[ ,,,,,,,,,, [ 5380431893 ],,,,,,,,,,,, 
  [ 70931278318147129 ],,,,,,,, 
  [ 45951723158145499, 38686465848962454037, 26947632479311010454541, 
      131693292952391117469938573, 78394104021892295093318610923039 ],,,,,, 
  [ 922790985252859900569869959 ],,,, [ 5944689221, 38448552081188499331261 ],
  , [ 1308906671, 30246785489, 311055592398338927 ],,,,,,,,,, 
  [ 310705900719947, 11351169506989309 ],,,,,, [ 96785640120881 ],,,,,,,, 
  [ 191973679571459, 293204263914310952853970109 ],,,, 
  [ 384503609285819, 930371849411593, 86305870097565719351417 ],,,,,,,, 
  [ 8837324255926531 ],,,, [ 452604413531924246587 ],,,,,, 
  [ 541237056361, 39757907552536738935653, 18616235153024025336257413 ],,,,,,,
  , [ 13208767421, 656676856065814641789542044103 ],,,, [ 11066178841747 ],,,,
  ,, [ 866616796159, 63273949032421 ],, 
  [ 17203256354987, 95020611563744737412297484401 ],,,,,,,,,,,,,,,,,, 
  [ 4438999084901 ],,,,,,,,,,,,,,,,,,,,,,,,,,,,,, [ 92761540253 ] ];
