BRENTFACTORS[755]:=[ ,,,,,,,,,, [ 113151582188789, 532579555691129 ],,,, 
  [ 167220705451 ],,,, [ 141789203926496886943 ],,, [ 18421298165821 ],,, 
  [ 2964881351 ],,,, [ 1045864411 ],,,, [ 133129638083047, 41566765564039981 ]
    , [ 33975526121, 126494170793 ],,,,, [ 525938895613 ],, 
  [ 203897327338460459595403, 138138965753118584342577365169961 ], 
  [ 2557675807 ], [ 15588772543, 338439912597082737517477 ],, 
  [ 185846124025925660807367280921 ], [ 9872827441636963 ], 
  [ 2363040840294101198856855026749 ],, 
  [ 3797622403, 178156532517209, 235317859183156898836607799349 ], 
  [ 4271124764051 ], [ 989758094359 ], [ 27213685128241 ], 
  [ 22359242819, 5193252948889 ], [ 3203461333 ], 
  [ 110651349995734582580224695723486143787721 ],, 
  [ 10698330927049, 3736560556701193980933231976357657 ], 
  [ 171561181130563308803, 27455933793190433669959367 ], 
  [ 109635193737246329 ], [ 679617559349079992281 ], 
  [ 153198639745381, 17742847908056059879 ], 
  [ 3925964199083, 49499496013652879083 ], 
  [ 1638533120832847, 23976762259117492630143487827038089 ], 
  [ 4314969547073 ], 
  [ 2040184381, 1153244172251472991, 80217649419193249513098048282255001538445\
1501 ],, [ 105421670170082459 ], 
  [ 11179713673, 472637107601, 2559894539684789 ],, 
  [ 51544465243254506941377901770221 ],, [ 9002897713, 508185113329 ],, 
  [ 1932619030417 ], 
  [ 10376298984693601, 506918622245764051, 12129507989105666395860229576158240\
1 ], [ 94067079161333, 27545098811503647219529 ], 
  [ 4201013176779962046269921 ], [ 4301355943, 119140828457960986561 ], 
  [ 27440414274113, 532724510133937747411 ], [ 1442013281 ], 
  [ 201508959510219570247, 1332580211860770550099, 
      2722387278208182102975141622002187 ],, 
  [ 5089175711, 13569875509, 807739076341999, 1697141233992742663, 
      25925215709718282163307 ], [ 82463323777023337, 5831062919372302453129 ]
    , [ 302694898931, 10209743658612870461, 17170278590318846197629331 ], 
  [ 21470412748427, 93339767745180765821 ], [ 2553683354691329226679897 ], 
  [ 23193067003129, 17682037028049127436831639097929 ], [ 16936304733913 ], 
  [ 9318658495967348753881 ], [ 184841941931011, 82000295636545693334929 ], 
  [ 15117882797, 16409213666354693 ], [ 676033453505131 ],, 
  [ 14907035771, 651172034435491 ], 
  [ 482899751204774209, 7791264188514441403519969 ], [ 481605325156312211 ], 
  [ 237075565887553, 3158778698575501, 1161375546865618683542957522713 ], 
  [ 42300187183, 1455459163671547, 8072683800553821036016243 ],,, 
  [ 4373930114635837351 ],,,,, [ 1577659361, 1354904680033966343 ], 
  [ 522309450616237 ],, 
  [ 1441444951, 4296663889321, 579657122674831301, 802849782134874414809582011
     ], [ 123038499985243, 6638598457353177695629, 1025288982566006349600847 ]
    , 
  [ 8374092453020269254544609, 143908763310773925323735421871659802597250801 ]
    , [ 4236895903, 6978327431 ], 
  [ 845380387021, 880905384467495674982775789322820077 ],, 
  [ 26717891012014740029, 8196706867409860703081, 
      607128382509367752161073827113617689 ],,, 
  [ 1397744251, 1050768084101, 29738066900305891 ], [ 46788238635845881 ], 
  [ 53982419464777, 411715337539771 ], [ 21350724928474767874523 ], 
  [ 50907018782002179118681 ], [ 6201093051055489277 ], [ 1605420001 ], 
  [ 10576756422256879, 117393129080727790353724515189570452922097 ],, 
  [ 36890544234943867393 ],, 
  [ 3077578522129189115301898435217835526248310766484073815357079012091 ],, 
  [ 37159873161836683146569093708955562453 ], [ 280070107241 ], 
  [ 92860416782978849693581144097 ], 
  [ 800338755345277591, 58163583178461400561, 
      629988337468672453737728465208661 ], 
  [ 1058594029522921, 97124494531698857 ],, 
  [ 11756537962563494305193168043611844174049926948669737423611 ],, 
  [ 80991667331335246119527095447993665714165077979742654841 ],, 
  [ 31799585791, 40350277717988794246637563, 
      9418366522098995241157194408474043 ],, 
  [ 1310312086835611537, 53905151091486581242726408482615391904876892982081 ],
  [ 38505409281071 ], [ 99753725436713, 352014272291567252708092205579 ], 
  [ 35524541735341, 362529934491403360333 ], [ 598688077998729127127193941 ],
  , [ 1197758251 ],, [ 289202986348018579669793 ],,, [ 3655657331 ], 
  [ 5650209643268360288977 ],,, [ 36180666127747 ], 
  [ 196591795266401, 1423546654777522494545422081 ],, 
  [ 149434953173101, 616276312447566305543510391301, 
      608776036479848003725063885050621177650047 ],, 
  [ 2432433645737, 116373957489868571069, 824525349139019158759277 ], 
  [ 26086347631755841 ],,,,, [ 212941466711, 10432517360431 ],, 
  [ 571919275820761097231520589 ],, 
  [ 23190660904381, 15516022240451874575359 ], [ 519605735251 ], 
  [ 7473665752081, 136051776852113, 6163935678009121 ],, 
  [ 2306355257, 276540103843, 8576456004722042318807 ],, 
  [ 13747772341, 62537087430798731306854660124821, 
      456666207777489918652831298387874061 ],, [ 285875500735868863 ],,,, 
  [ 5023808851, 2400872500019833243, 1802236060189178358193 ],, 
  [ 634669045841 ],, [ 177518735461, 372809869605448321 ],,,, 
  [ 211603346576253431, 2508228542434334087 ],,,, 
  [ 3940946759377, 9590581807750549 ],, [ 9497242929001 ],, 
  [ 2054877016927997877499 ],, [ 13150048081, 20355678349 ],,,, 
  [ 8100658465928081 ],, 
  [ 1629569644711, 791819448874500754628012126371, 269820816846598648317884611\
10251 ],, [ 196472348533, 228573177111007829 ],,,, 
  [ 3071646386311521891036673 ],,,, [ 1644019961 ],, [ 14388838758407371 ],,, 
  [ 5189407542901 ],,, [ 810552158087789524915037552094361 ],, 
  [ 8033413482332621 ], [ 220945965035532397046233 ],,,,, 
  [ 214007530049, 2831926976466664409 ],,,, [ 150347215044948001849201 ],, 
  [ 1188415760093 ],,,, [ 1014452766073 ],,,,,,,, 
  [ 3140310967, 142407818451257 ],,,, [ 8323721378590999 ],, [ 45018509381 ],,
  ,, [ 576153023689, 280101385558237118041 ],, [ 4654170511686500281 ],,,, 
  [ 2702135381941 ],,,,,, [ 143680896708056161 ],,,, 
  [ 2878117201, 393397949818721, 228073424798543521 ],,,,,,,, 
  [ 273800869921, 661408299361, 1971623266276255138081, 
      16635201653691045276769, 3990098481350003168298359041 ],,,,,, 
  [ 285322532171710011049 ],,,,,, [ 2950617601, 109574746533820201 ],,,,,, 
  [ 354093437823679 ],,,,,,,,,,,,,, [ 2209663361 ],,,, 
  [ 17463947976649, 37116318896821 ],,,,,, 
  [ 19466255491, 475881960181, 4006240133941, 18428172895441, 
      23547032249395051 ],,,,,, [ 10744423037717377 ],,,,,,,,,,,,,, 
  [ 1301161051 ],,,,,,,,,, [ 1425624121, 19167827761 ],,,,,, [ 156700176961 ],
  ,,,,, [ 866200182037 ],,,,,, [ 4111538593807 ],,,,,,,,,,,,,,,,,, 
  [ 151244078437, 559170267289129 ],,,,,,,,,,,, [ 224505143641 ] ];
