BRENTFACTORS[1657]:=[ ,,,,,,,,,, [ 4802793293 ],,,,,,,,,,,,,,,,,,,, 
  [ 210466833027828895115166548867567, 
      1250190198313185379257515611673703513478287662047393829844343 ],,,,,, 
  [ 30137028767635774771051606551097074608933672032465429, 
      378096594585022468904544275135802014817029809025298544321 ],,,, 
  [ 9473092865190721609541250393652451 ],, 
  [ 433364059969369, 315626312077734953, 
      182445373252635245179351825017430367981, 
      377226748317717323250717279567649539205007491708874080128490427 ],,,, 
  [ 179230750717, 20533326771017992766288991331 ],,,,,,,,,,,, 
  [ 105163545349, 27014179415371559, 76431047118551008409, 
      83993044971972515447669, 26291028562242139320845886235945176289 ],,,,,,,
  , 
  [ 1526584347983240228871687766661699, 546753982528489159974110510655170723 ]
   ,,,, [ 163147371017, 3480542636881 ],,,,,,,, [ 12284812999 ],,,, 
  [ 187982907362578921, 77419609637640905849 ],,,,,, 
  [ 44977409707, 33075848937613, 1040275094916061, 245669504820127211 ],,,,,,,
  , [ 6264834245777036244700425251 ],,,,,,,,,,,,,,,, 
  [ 2902772542897, 1290345937560648821977673566249 ],,,,,,,,,,,,,,,,,, 
  [ 53300775613583, 792509414915126162360883173 ],,,,,,,, 
  [ 25380594366363925903 ],,,,,,,,,,,,,,,,,,,,,,,,,,,,,,,,,,,,,,,, 
  [ 28070380668239849 ],,,,,,,,,,,,,,,,,, [ 80078283703903 ],,,,,,,,,,,,,, 
  [ 605869815809 ],,,,,,,,,,,, [ 1178098297 ] ];
