BRENTFACTORS[815]:=[ ,,,,,,,,,,,, [ 69285890111881 ],, [ 1664798431 ],, 
  [ 19798151534599 ],, [ 116064422742663029 ],,,, [ 1031264984461 ],,, 
  [ 3889425314867 ], [ 612062959420513 ], [ 2318181220097 ], 
  [ 13054194267449 ],, 
  [ 402273750601, 59541889302989, 27106384054011061, 221471368045390423 ], 
  [ 1328608402529 ], [ 656558756172874899587101 ], [ 2685153496674479 ], 
  [ 72739265973479190191 ], [ 220649550193 ], [ 5023642692203764003 ],, 
  [ 4230226417, 74180841619 ],,,,, [ 50902226547437 ], 
  [ 19853420216189761, 23732771928855259591 ],, 
  [ 4464319784812264370291823576204389383281097658804816951 ], 
  [ 3677334433 ], [ 124296330024628840457, 1589200789424538493001 ],, 
  [ 27069991084214769451 ], [ 759713989217 ], 
  [ 217771802176793, 116644038060325692707599837325930413309 ], 
  [ 11276856332281, 142460444209155427 ], 
  [ 47383841481126539967157309734338951, 615302761505542725292204307234469511 
     ], [ 11091160081, 54448627491613540753 ], 
  [ 61284003553369110649, 3691138005385885147573423, 
      134232108410094431435839418737 ], [ 91337001853 ], 
  [ 3653789592417753075557, 880479531794358264404288711, 
      902358745911879006799125204652397 ],, 
  [ 291999595220981, 2430179758987339604473, 6122642865697623912221801737579 ]
    , [ 1871214224330353904645528278569601 ],, 
  [ 200597520449, 95430600679807297 ], 
  [ 3466810318007574013415413081574546218219219400962943731 ], 
  [ 2288682438168746203 ], [ 338183361353, 703168239049 ], 
  [ 7062195421, 10297846797396401854147793207769761 ], 
  [ 149962931857, 16418085363937, 3840180902441385685804908884323074628531 ],
  , [ 2122084132327 ], [ 307203904729, 29697349588718473, 1164146871032335441 
     ], [ 724099630030595459, 364900831542610171981 ], [ 7854250351940263 ], 
  [ 22465770361810651, 2718384980412104863291051 ], 
  [ 39595607917, 5667495032554250510777 ],, [ 99148056753782167 ],, 
  [ 5677737074335179646169529358428071041 ], [ 23349584364668801715979 ], 
  [ 3549116136965377890467, 7267190470849970932565151492190052332151 ], 
  [ 106077645361, 11427420042319, 4113214404761695456112951933, 
      31503930496287669359364221491 ], [ 66484959597465781 ],, 
  [ 92559932081, 10153197721967425821035031696816029123 ], 
  [ 192027108831445387, 63887862800549868889381 ], 
  [ 66357275358107429650109892395158465805236937 ], [ 170193570657274217477 ],
  [ 2049496949454143350243465194751 ], [ 16323096228768421 ],, 
  [ 18659759651887, 637168315953009234407506081 ], 
  [ 29159198749264563953, 6263846729770571537656383283962288452557499677673555\
401 ],, [ 43603058497, 3143388897076022334159537232970977 ], 
  [ 366262090057663 ], [ 223638846213952673908800526031903 ], 
  [ 374392982701, 46499348502289 ], 
  [ 101012747537701, 318342505046701, 11486333104194001, 11980702368998501 ], 
  [ 3153416579238293 ], [ 38755796528470310650223212201 ],, 
  [ 144140925249772516313, 34070469277268564723338355162530963959809 ], 
  [ 89606540585573227057381, 10250163869931030605918894539511341, 
      15917808766975976464422833262916225689811 ],, 
  [ 362308824247, 3456181153377889 ], [ 1485494249248140305369801152321 ],, 
  [ 112433812591, 189050510784395301567315589141 ], 
  [ 776228686177316861600470549 ], 
  [ 33986638897, 27538651056705486190505140746913 ],,,, 
  [ 5635089877, 15132680871708670252344529, 19073881618057163715193577, 
      756119050503129882550685629 ], [ 3317520961, 2504356713613 ],, 
  [ 568293228643227539554397 ], [ 1104577623001, 2121697460294788463161 ], 
  [ 1675594414051273 ], [ 7128470737 ],, 
  [ 95811642702247649, 117692937892090669 ], [ 17220816553244251 ], 
  [ 726865275781, 29219610291607 ],, [ 214219064321 ],, 
  [ 1797904543241, 1188959643955505761, 33195994319717940751 ],, 
  [ 6890025711288181699232390269134143652764678944273 ], [ 307234779223 ],, 
  [ 47285333551 ], 
  [ 852044681908401353858263697, 20632529700738549495810188669033 ],, 
  [ 75105915433, 440572446619524146383, 866381890154489893201 ],, 
  [ 10660954234736500149249423761295959461 ], [ 20600629879 ],,, 
  [ 1401329953, 3675516446098503217, 112457915045320759489, 
      1436868749547459456049 ], 
  [ 1523220071, 6467955569431, 46517547585001, 564783768016021 ], 
  [ 3375226885649279715393506541533 ], 
  [ 69561043913159611, 661062135447154561 ], 
  [ 143552447637025417, 44474018206649551071689 ],, 
  [ 263119019220301, 164183771583107663512201, 
      22837552687340061061655341513046171551 ],,,,, [ 13466894056858621 ], 
  [ 27114908844149013207935473, 563379822375968789357451785543242995061969 ],,
  , [ 4298237828881 ], [ 751496038374312914401, 26741573533257329056275841 ],,
  ,,, [ 2376161041, 3426339181 ], [ 766118664383 ],, 
  [ 12322689078195616473361, 8609187225562848135379552495609 ],, 
  [ 6682628431 ],, [ 21636905293 ],, [ 100090990793756563 ],,, 
  [ 601255990501, 23990743138423, 548555828157079, 2193444393258348757 ], 
  [ 1873596550783 ],,,, 
  [ 128823458055293, 79702149777943399235803, 1525599410778208093527117000629 
     ],, [ 3314916401 ],,,,,, [ 3534936338621 ],, 
  [ 28835829473721557301482497 ],,, [ 730208499767306821 ], 
  [ 55346388110693, 1175934092239527924409 ],, [ 1338210529723 ],, 
  [ 12981063160201, 10568209783876601, 3384837564619228001 ],,,, 
  [ 788870314789, 16500718930888046629 ],,,,,, 
  [ 243981457861, 352609875633013349235923106352232918813761 ],,,,,,,,,, 
  [ 80508464741 ],,,, [ 46809923334779743860737 ], [ 11207183834251 ], 
  [ 13581849169919 ],, [ 5575562782441 ],,, [ 785231114153179 ],,, 
  [ 2580612373, 95916595087, 8770268649871, 2257399359832477771, 
      10758980486288231731 ],,,, [ 29492683850029 ],,,, [ 3405808189238797 ],
  , [ 541857558313 ],, [ 3580906586676541579, 14367737654611647301 ],, 
  [ 224030855801 ],,,, [ 110198916577 ],,,,,, [ 5794588561702327329635773 ],,,
  ,,, [ 842888202628406617, 1925209066652544370897 ],,,,,, 
  [ 15508129109362471, 12566394380048342303791 ],, 
  [ 126474061969, 1381600602289, 1172227610092504218017 ],,,, 
  [ 2542023234415366544197 ],,,, 
  [ 675065435935801, 6800203283975081, 9058398364074458675641 ],, 
  [ 441207488944872319 ],,,,,, [ 1871862340321 ],, [ 11719776091 ],,,, 
  [ 12837841514519071 ],,,,,, [ 9280625448282301 ],,,,,,,,,,,,,,,,,,,,,,,, 
  [ 7107536809 ],,,,,,,,,,,,,,,,,, 
  [ 4721507677, 9235999626463, 323909258334049 ],,,,,,,,,,,, 
  [ 92544450522151 ],,,,,, 
  [ 57608654041, 1447133095081, 8140054271761, 8822291661915284521 ],,,,,,,,,,
  ,, [ 64154092537 ],,,,,,,,,,,,,,,,,, [ 1084139753581 ],,,,,, [ 3208406653 ],
  ,,,,,,,,,,,,,,,,,,,,,,,,,,,,,,,,,,,,,,,,,,,,,,,,,,,,, [ 3072851101 ],,,,,,,,
  ,,,, [ 6624776164777 ],,,,,,,,,,,,,,,,,,,,,,,,,,,,,,,,,,,,,,,,,,,,,,,,,,,,,,
  ,,,,,,,,,,,,,,,,,,,,,,,,,,,,,,,,,,,,,,,,,,,,,,,,,,,,,,,,,,,,,,,,,,,,,,,,,,,,
  ,,,,,,,,,,,,,,,,,,,,,,,,,,,,,,,,,,,,,,,,,,,,,,,,,,,,,,,,,,,,,,,,,,,,,,,,,,,,
  ,,,,,,,,,,,,,,,,,,,,,,,,,,,,,,,,,,,,,,,,,,,,,,,,,,,,,,,,,,,,,,,,,,,,,,,,,,,,
  ,,,,,,,,,,,,,,,,,,,,,,,,,,,,,,,,,,,,,,,,,,,,,,, 
  [ 85954568701, 278388267193 ] ];
