BRENTFACTORS[646]:=[ ,,,,,,,,,,,,,,,, [ 1751715621120605269 ],,,,,,,, 
  [ 5081661601 ],,,, [ 43276931506335102764930974013 ],, 
  [ 8140048139, 209745576125593 ], [ 1017813473 ], [ 3538950610841523439 ], 
  [ 1187266726904969 ],,, [ 33288959872323178915873 ],, 
  [ 90209834359427448763813 ],, [ 25450376323049, 383440707200343444219761 ], 
  [ 2298254527717 ], 
  [ 69207780302108477, 1325244455448665894418746677648469510117297 ], 
  [ 3350394301 ], [ 1723110211, 7947364158091 ], [ 33557760327111179 ], 
  [ 3155584513, 7335653123, 139771841140681 ], [ 4164310621969 ], 
  [ 3060044219 ], [ 90948706217104112764451 ],,, 
  [ 50067146994521, 19829591346073447 ],, 
  [ 2179518514119431, 704123212408308551, 1840582534068630144978805164255371 ]
    , [ 192313371129097, 543789336594617 ], [ 4658068078907811637 ], 
  [ 6267746672309489051501409877 ], 
  [ 40246400397872051, 315816295667144611998157, 
      118277238647942094894606235392437 ], [ 1506300721 ], 
  [ 186956152480864629627517043946107 ], 
  [ 190884901781586671955172825357167832709 ], 
  [ 27485516041605343, 27183985974097955731 ], 
  [ 5603819588357494175268097, 158002535718112106850441576001 ], 
  [ 93894025681, 327638296651158754884853517171 ], 
  [ 5605309474447, 998464636215554509 ], 
  [ 168732348019, 205658864833, 235016585644218963761367649 ], 
  [ 19790919093529, 476302076893151233 ], 
  [ 7293086869070346329614024234016611333 ],,, 
  [ 254695220217027361, 255159090911754045937 ], 
  [ 43468353263, 149390547781, 22136359086977 ], 
  [ 4492269013, 20252374687, 179669570309579914259, 40337275472014765270381 ],
  [ 5490879380423262257688301, 489756777862288528469247115215920354101 ],, 
  [ 4806755647, 718247814901 ], [ 7136818341199, 14117800603062703 ], 
  [ 99654937259 ], [ 9738769890457166259248702840482915875177521 ], 
  [ 47385013933, 399081986014113757 ], [ 20619103804734746656293649254913 ], 
  [ 1670220953, 5947817849, 910423788233, 29267475121596667501619 ], 
  [ 4400662209183661, 1421335163321376541897 ], 
  [ 54688111791821, 229236941279573028585151 ], 
  [ 4037169811, 683700236352065207473442215965821 ],, 
  [ 6453133259809710869177950665836327534968074323150777 ], 
  [ 915028753907, 7957954406629, 40134249182472421 ], 
  [ 1486340551, 246117081230589241 ], [ 11136473904986962351 ], 
  [ 7942951298813, 3169177176187261861, 160079041765556251175897893 ], 
  [ 21142752849141098548637281, 81837749058069842295378897877 ], 
  [ 15589934183101, 1452538192285443643, 965397558456351922778927, 
      10097223895633977365145829 ],,, 
  [ 1117632643, 10189077483853, 379329840923393, 175651299138561822473399 ], 
  [ 2467755358349, 460996768850214404543 ],, 
  [ 90394122920401, 238606475171202970001 ], 
  [ 4764239009790251, 3032140078287579431 ], [ 722862463189 ], [ 2486448841 ],
  , [ 3363531670381 ],,, [ 119527743208889066438237408989938606920609809 ],, 
  [ 29321289767551, 142926915331896301, 15882019484396400941 ],, 
  [ 2176911370817, 1620160232677812113, 
      1188683286553161498690505405778157055062641 ],, 
  [ 8734413137851173232624657 ], [ 352653074002218339501098251 ],, 
  [ 772158316177 ], [ 2448323808736129, 14044062821481227237 ], 
  [ 807965745329 ], [ 1780718622481 ], [ 3933422025987163733 ], 
  [ 5247029263249 ], [ 1603443135718678693 ], [ 41498544817, 15180545888089 ],
  , [ 446882289529040293537645723, 3061885700112124740727768301953 ], 
  [ 2922167639, 2606807444237 ],, 
  [ 46651290649, 231546767737, 779847976351, 250365092934907 ], 
  [ 7164006877555485234674790901 ],, 
  [ 18174280741, 2580137513967589292849563597 ], [ 1010976359, 1109188879 ], 
  [ 259902564668028445511, 157658382293467807733627 ],, 
  [ 74613639699257, 10490264512633782243028043373049 ],, 
  [ 1242955237, 131019911064529521308223085352352945401881 ],, 
  [ 10742992969276961, 8286232245676785401 ], 
  [ 10549511149, 4612587057756787 ], [ 10531533816623809793 ], 
  [ 11724396027059 ], [ 9601749718162288937137 ], 
  [ 162801928111, 6797135352521641 ], [ 3039542218429 ], 
  [ 256491781077463, 9065528058520704919 ], 
  [ 29052548093537, 3328879710743263849 ],, [ 12320804881501 ],, 
  [ 5174239071193, 8512452987209, 37156565775913 ],, 
  [ 2730295261, 1873157956307084987, 1682894732209606382237 ],, 
  [ 6592690493377, 146438813393204017084679182292621389500572181856789 ],, 
  [ 12539351947, 357632056264553363206783 ], [ 237057854419 ], 
  [ 76150446856801, 273103114587661829441 ],,,, [ 1005247976110489 ],,,, 
  [ 509205041353, 4739166637952192883377707469612395003319684359205233 ],, 
  [ 6297831315541, 118759080335171 ],, [ 54100455284738873 ],, 
  [ 309399448179667, 686912249416903 ],, [ 20793657809 ],, 
  [ 2562886721, 15456449565673 ],,,, [ 2722333727925792085561 ],, 
  [ 2346775519337 ],, 
  [ 293658813268094656574761, 117153856385161793113728264169, 
      197254439446053910424581906835722953626491 ],, 
  [ 3982771887209403180424601 ],,,,,, [ 9042326960211591763603 ], 
  [ 3492386431 ], [ 38546594988383122764557113 ],, 
  [ 26769227231625977809173079 ],, [ 2856745212076001, 4249156181087003201 ],
  , [ 27656896362515813, 7438160408803587465889 ],, 
  [ 58334108896281545773249 ],, [ 18079476129587 ],,,, 
  [ 4191290281074562957529328243685268797223023210748891275021 ],,,,,, 
  [ 554573788651297, 962617875459193 ],, [ 1048576513 ],,,, 
  [ 3534650043517805930740441 ],,,,,,,, [ 3937048231, 3146232097241 ], 
  [ 2880491525100421 ],,, [ 52966246443291793, 5779052034845243779 ],, 
  [ 15947468249 ],,,, [ 10596742907824561 ],,,, [ 18886848793 ],,,, 
  [ 3202585201, 3311654418529 ],, 
  [ 1593716251, 39058097501, 51166462177444800576712001, 
      13192567086877672579369418501 ],,,, 
  [ 1315164757, 2525614457, 1308097656851 ], [ 1798320841981 ], 
  [ 13788221441 ],, [ 1120768406934174492852817 ],, [ 40922182753414301 ],,,, 
  [ 921106376048497 ],,,,,,,,,,,, [ 218100024178590061 ],,,,,,,,,, 
  [ 261699822022783, 671955349335271 ],, 
  [ 11461989601, 89769962167201, 43730897346198302404897 ],,,,,, 
  [ 97588223440261 ],,,,,, [ 2569986190276201 ],,,,,, [ 8428031317 ],,,,,, 
  [ 3708962310650689 ],,,,,, [ 2908087433131 ],,,,,,,,,,,,,,,,,, 
  [ 41756873761 ],,,, [ 3615906461 ],,,,,,,,,, 
  [ 2288055001, 12085687951, 15237981151, 29284858696657967551 ],,,,,,,,,, 
  [ 35202050171338681, 51221425543132681 ],,,,,,,,,,,,,,,,,,,,,,,,,,,,,, 
  [ 5732513050833791821 ],,,,,,,,,,,,,,,,,,,,,,,,,,,,,, 
  [ 2514070441, 5174349189366421 ],,,,,,,,,,,,,,,,,,,,,,,,,,,,,,,,,,,,,,,,,,,,
  ,,,,,,,,,,,,,,,, [ 361864931041, 44316649016714881 ],,,,,,,,,,,,,,,,,,,,,,,,
  ,,,,,, [ 4539762164678971 ] ];
