BRENTFACTORS[2207]:=[ ,,,,,,,,,,,, [ 8689012891651 ],,,,,, 
  [ 1194410705231294189 ],,,, [ 12548027017 ],, [ 4874104381651 ],,,, 
  [ 6451571148677 ],, [ 12409510210101159459927762940633238951 ],,,, 
  [ 170685875388701, 25278969582123357941 ],, 
  [ 18820542081536412071, 104418521926850991723463 ],,,,,, 
  [ 3235446163, 6007348859233 ],,,, [ 477205194009132026252403401 ],,, 
  [ 47534860201 ],,, 
  [ 128256253698499, 35496538983834586191377, 26971257253470058352521179660062\
274491792533 ],,,,,, [ 9939504719716511738215014807331 ],, 
  [ 6266366033, 47059458278470403609939287, 935438603954970757562818543 ],,,,,
  , [ 43521931078120448625132696718937 ],,, [ 413163346600386206371 ],,, 
  [ 49612827362279, 3256312867740479, 656911232275281225241667 ],, 
  [ 231913042892273830958488174731141307651, 
      17502169160440197468892727716312227704701 ],,,, [ 1785406013323 ],,,, 
  [ 8919409049963297 ],,,,,,,,,,,,,, 
  [ 2664689165082487, 7687500593972152530527 ],,,,,, [ 62572757707 ],, 
  [ 20248813201, 62381848836564297126497482891 ],, 
  [ 1213475231, 1559275691, 7454972911173541249 ],,,,,, [ 15601354493 ],,,,,,,
  ,,,,,,,,,,,,,,,,,,,,,,,,,,,,,, 
  [ 8294432952601, 13616775154887942428900629201 ],,,,,,,,,,,,, 
  [ 113216347765180967 ],,,,,,,,,,,,,,,,,, [ 478303982641 ],,,,,,,,,,,,,,,,,, 
  [ 62839100029 ],,,,,,,,,,, 
  [ 11291116083451, 47398354610638754412707851, 782079581531964844295495944636\
113414081936646171 ],,,,,,,,,,,,,,,,,,,,,,,,,,,,,,,,,,,,,,,,,,,,,,,,,,,,,,,,,,
  ,,,,,,,,,,,,,,,,,,,,,,,,,,,,,,,,,,,,,,,,,,,,,,,,,,,,,,,,,,,,,,,,,,,,,,,,,,,,
  ,,,,,,,,,,,,,,,,,,,,,,,,,,,,,,,,,,,,,,,,,,,,,,,,,,,,,,,,,,,,,,,,,,,,,,,,,,,,
  ,,,,,,,,,,,,,,,,,,,,,,,,,,,,,,,,,,,,,,,,,,,,,,,,,,,,,,,,,,,,,,,,,,,,,,,,,,,,
  ,,,,,,,,,,,,,,,,,,,,,,,,,,,,, [ 101451129151, 5683498510201 ],,,,,,,,,,,,,,,
  ,,,,,,,,,,,,,,,,,,,,,,,,,,,,,,,,,,,,,,,,,,,,,,,,,,,,,,,,,,,,,,,,,,,,,,,,,,,,
  ,,,,,,,,,,,,,,,,,,,,,,,,,,,,,,,,,,,,,,,,,,,,,,,,,,,,,,,,,,,,,,,,,,,,,,,,,,,,
  ,,,,,,,,,,,,,,,,,,,,,,,,,,,,,,,,,,,,,,,,,,,,,,,,,,,,,,,,,,,,,,,,,,,,,,,,,,,,
  ,,,,,,,,,,,,,,,,,,,,,,,,,,,,,,,,,,,,,,,,,,,,,,,,,,,,,,,,,,,,,,,,,,,,,,,,,,,,
  ,,,,,,,,,,,,,,,,,,,,,,,,,,,,,,,,,,,,,,,,,,,,,,,,,,,,,,,,,,,,,,,,,,,,,,,,,,,,
  ,,,,,,,,,,,,,,,,,,,,,,,,,,,,,,,,,,,,,,,,,,,,,,,,,,,,,,,,,,,,,,,,,,,,,,,,,,,,
  ,,,,,,,,,,,,,,,,,,,,,,,,,,,,,,,,,,,,,,,,,,,,,,,,,,,,,, 
  [ 73340184430886101 ] ];
