BRENTFACTORS[3467]:=[ ,,,,,,,,,, [ 14756374554769 ],, [ 315658154969 ],,,,,, 
  [ 9174055819739953, 263463602095081043 ],,,,,,,,,, [ 8443334167 ],,,,,,,, 
  [ 2592774557, 390568563293 ],,,, 
  [ 3432407984654647, 1480965540479723630705943455122841 ],, [ 318814148017 ],
  ,,,,,,,,, [ 2415308982077081, 879533269748320489 ],,,,,, 
  [ 2398499785897, 25968286413994499 ],, 
  [ 153239762233858454989, 42360236215464081017252759 ],,,,,, 
  [ 5156739947319481 ],,,,,, [ 88302220480457551697424913 ],,,,,, 
  [ 4154016553, 121729609439377 ],,,,,,,,,,,,,,,,,, [ 58152135110023 ],,,,,,,,
  ,,,,,,,,,,,,,,,,,,,,,,,,,,,,,,,,,, [ 5512716265672237237019 ],,,,,,,,,,,,,,,
  ,,,,,,,,,,,,, [ 2803614231514583 ] ];
