BRENTFACTORS[1319]:=[ ,,,,,,,,,,,, [ 8748853699 ],,,,,,,,,, 
  [ 10474451670241495380152425597 ],,,,,,,,,,,,,, [ 1890621578353 ],,,, 
  [ 269403222296393 ],, 
  [ 298958101332899, 2910875982560129, 15250962307252247, 23325483279235129 ],
  ,,, 
  [ 42365203394906310495611479261603, 459392788841881028302368615385122491 ],,
  ,,,, 
  [ 430547834001713966303063, 9000750683826731170082670034896585599782637 ],,,
  ,,,,,,,,,,, [ 690721111494954506651327063 ],,,, 
  [ 33852704293, 104959139399 ],,,,,,,, [ 1734681527 ],,,, [ 39220227505663 ],
  ,,,,,,,,,,,,, 
  [ 87349556799825127, 16243390312761371518453, 932876196415993476376000358753
     ],,,, [ 674952643176997, 1055873198523559278334111 ],,,,,,,,,,,, 
  [ 181266823325537 ],,,,,,,,,,,,,, [ 3887934059, 82159222515619 ],,,,,,,,,,,,
  ,,,,,,,,,, 
  [ 1811168834567, 3577122780493547, 30539035065520217534264207, 4785672053963\
82691789146161, 28083495474158491066492448171 ],, [ 58260130928849 ],,,,,,,,,,
  ,,,,,,,,,,,,,,,,,,,,,,,,,,,,,,,, [ 10403537621 ],,,, [ 318944526446274857 ] 
 ];
