BRENTFACTORS[1453]:=[ ,,,,,,,,,, [ 124223924276981 ],, [ 164126291093623 ],,,
  , [ 57703002047 ],, [ 18631687750631, 314627328985919 ],,,, 
  [ 2435448180520633 ],,,,,,,, 
  [ 176229642271, 51753411369281, 9458988551036140289560499074543297 ],,,,,, 
  [ 37591935547, 73641006169, 5555189973821603 ],,,, 
  [ 1303832472247, 27882780287819, 34419622797718219 ],, 
  [ 4899777073, 2791732353022371591062494493, 6345797858686475431858826201, 
      2750987489693328772076213535583 ],,,, 
  [ 19912410217554521, 1691893576844520263501374205250431427714004712788337783\
39 ],,,,,, [ 186701847103716578495899223 ],,,,,,,, 
  [ 23027756201, 10829343333726209863573757 ],,,,,, [ 123494236115857 ],,,, 
  [ 15707881643188271, 94667673058229809316803987, 
      1337476871197219954641167361406048294201 ],,,,,,,, 
  [ 2911745868131928073, 113062347703733965553 ],,,, 
  [ 43650683551, 2203742452894908757775489719 ],,,,,, 
  [ 2768296365719808944912609827157 ],,,,,,,, 
  [ 9886879813, 72891448889862509, 166988815769732669505461, 
      248090585097134488687876379 ],,,, 
  [ 2073420719, 6284102347822674979, 450870196333964712454579 ],, 
  [ 30260727904008811357 ],,,, [ 1572577147403, 175474445986558027 ],, 
  [ 60469118993152237 ],,,, [ 264665729544847, 25861533299158776887651 ],,,,,,
  ,,,,,,,,,,,,,,,,,, [ 11079410811473286011 ],,,,,,,,,,,, [ 24621877504769 ],,
  ,,,,,,,,,,,,,,,,,,,,,,,,,,,,,,,,,,,,,,,,,,,,,, [ 48293680376597 ],,,,,,,,,,,
  ,,, [ 1413950669 ],,,,,,,,,,,, [ 176087046722831 ] ];
