BRENTFACTORS[8513]:=[ ,,,,,,,,,,,, [ 30187774632556867 ],,,, 
  [ 496086481899783889952273 ],, 
  [ 37893108946559, 980044265571917894733351009745854443225023 ],,,,,,,,,, 
  [ 6941643024726211389080988860073701123389327551667, 
      269184758173492280373022180415264190743078382899211950115677 ],, 
  [ 22214629811027, 622149654416924488920148155749, 
      1470158397572139630723889394788306248008340007607 ],,,,,, 
  [ 1105769497398212846192815280363 ],,,, [ 71312726300169990535557125943281 ]
   ,, [ 72174962591652275584944705391 ],,,, 
  [ 2754255954817, 31337915714689975583 ],,,,,,,,,,,, [ 753434811156273457 ],,
  ,,,,,, [ 1406346349 ],,,,,,,,,,,,,,,,,,,,,, [ 15161732951, 336053166209 ] ];
