BRENTFACTORS[1123]:=[ ,,,,,,,,,,,, [ 1128748349, 22917277423 ],,,, 
  [ 658789287424219899887 ],,,,,, [ 33658073731, 41292578210753 ],,,,,, 
  [ 6566971520258393920631 ],, 
  [ 24505183546979, 157972852345313, 3050510259352199842056787 ],,,,,, 
  [ 14907526676214310120941889991 ],,,, [ 7520409011, 27126895273 ],, 
  [ 192038497267647529, 25835665777404944162949288872663383267 ],,,, 
  [ 177953419811653, 17440256799525382754272013091737159701 ],,,,,, 
  [ 307813664813664454794626053429 ],,,,,, 
  [ 378633458869, 3438542028860799392424107192911 ],, [ 477696223424758759 ],,
  ,,,,,,,, 
  [ 1481929235084159255203, 18134161532726503282001, 4915449933249385692556969\
0111259 ],,,,,,,, [ 300912289597 ],,,, [ 159614234977 ],,,,,, 
  [ 421942749879538957 ],,,,,,,, [ 689647768571, 3944941767429988413033149 ],,
  ,,,, [ 662960309924518071331512168517 ],,,,,, 
  [ 487476504353773246855827953 ],,,, [ 17100642109, 12926755830873512537389 ]
   ,,,,,,,,,,,,,, [ 442525179333953 ],,,, 
  [ 86775833927, 357188875579, 89655064205418424924993, 
      256809292198175710161809, 37722714610510218918836085277459 ],,,,,, 
  [ 179980783128001 ],, [ 1309582561921, 7855977515829703558950041311787 ],,,,
  ,,,,,,,,,,,,,, [ 9403116221 ],,,,,,,,,,,,,,,,,,,,,,,,,,,,,,,,,,,,,,,,,, 
  [ 5126535128222009 ] ];
