BRENTFACTORS[544]:=[ ,,,,,,,,,,,,,, [ 6596845141 ],,,,,, 
  [ 1352315215441, 1542254090329 ],, [ 123471111004992347 ],, [ 46279112501 ],
  [ 11048520757 ],, [ 295160096029 ], [ 67229258142431025271 ],, 
  [ 983427071941278475863647 ], [ 4597346514662081 ], 
  [ 1584790865857, 1779934451916853 ], [ 350809067504659 ],, [ 3487266577 ], 
  [ 143475749846228293033749851 ], [ 2282795972749121 ], 
  [ 73231492572521913685021289779 ], [ 9267750521 ], 
  [ 2223168674213021923717559876553731080185737 ],, 
  [ 105220377217763257369, 2443701679893434537999, 13067725265599882548691 ], 
  [ 15093295007056781551609 ], [ 1364519341, 8752404017219719805849161 ], 
  [ 1412914381, 74395918451, 363883679838367471 ], 
  [ 140811280330549, 4338616530924757298590446280492361587793 ], 
  [ 10004161633 ], 
  [ 5906730551812049, 1335468718372107377209335192271309340519 ],,, 
  [ 69110361031570509769 ], 
  [ 39399539939, 344309033581, 92473649850828855622323971 ], 
  [ 1784968734403, 511474335787999 ], [ 18803487341 ], 
  [ 185408854253879993129 ], [ 3606903571, 28614880236409, 68752128632329 ], 
  [ 1305627834283 ], [ 4785580507, 15148789261, 4050364527501937837 ], 
  [ 213952965939301 ], [ 779474553900964650699427 ],, 
  [ 4878650171920531070055860490633566437 ], 
  [ 29406728898433, 613980068419770688900111118977 ], 
  [ 15527615929327841682240431, 85227421411403026793283226501 ],, 
  [ 3226269359, 9163996945029830418461 ], 
  [ 16918151189, 2146719473089, 2136047874511489 ], 
  [ 66041653351020230977292392354229413890537005703997 ], [ 244837742688211 ],
  [ 1496877918749 ], [ 2116266731497, 3729579623650081 ],, 
  [ 424633651697824716977 ], [ 15035781135600377101, 3230751564055263507451 ],
  [ 125852595809, 6665094892913, 8885344648332485759652613409049857 ], 
  [ 204303771884132143198823 ], [ 2854518218462376712786780715593 ], 
  [ 66517407659 ], [ 566593671659239393668554479067436124386641 ], 
  [ 352302855395324797, 3352325951415996332646373171, 
      963225498669642679378869822592539739 ], 
  [ 29860297443694691, 51330154733548463, 177616749076168133, 
      227878000165989731 ], [ 3965816245370295427 ], [ 25076129391349 ], 
  [ 7936727441 ], [ 56547960093792867535573669 ], 
  [ 4127209097995681565055868513 ],, [ 1279786003, 4868963043032369 ], 
  [ 2325450871, 1473845870251 ],, 
  [ 18149039273, 249009797161, 3564293842842966617 ], 
  [ 84538722361, 340259993689453 ], [ 529658715704664317062362533789 ], 
  [ 51796561280371, 1850481899193901 ], [ 129349160233709088391289761 ], 
  [ 339019699582499407566467 ],,, 
  [ 453856224836401, 2395294031831501, 220258513929087939058705801 ],,,, 
  [ 166796189818649, 1081493991976167873415319869013621353 ], 
  [ 4934957049543976010809996267857540756785876767773617491 ],,, 
  [ 332508540673, 1203705766189 ],, [ 9944754278471, 326501376696672130691 ], 
  [ 6260391121 ], [ 4242421308833 ],,, [ 40506298891 ], 
  [ 32384332726270714517 ], 
  [ 31279920498734311, 27394890080476746941033130191593 ],,, 
  [ 92266620211395486205624788982938211210801 ],, 
  [ 35256456262481158237772221 ], 
  [ 15293361422534161, 87094659198545762143, 124864962118779860743 ], 
  [ 3060469713551401 ], [ 9963511501, 715719767769001, 294830797383146883251 ]
    , [ 80881607017, 136226797538494321 ], [ 4317057236329 ], 
  [ 2484592674828673, 35111158783862401 ], 
  [ 385072613057714879029, 3328483253761113917534953 ], 
  [ 466340486041, 3687161200753047551, 17272847256667007055818561, 
      6051401634224542833903838771 ],, [ 1369759909968791617 ], 
  [ 1540342354181 ], [ 82424252546132861731, 4793064480085928820701 ], 
  [ 205159215347603502844231 ], [ 1790968769 ],, 
  [ 82380272112109, 20445968059370631394520848922764817851 ],, 
  [ 1376291375240597484761, 814825022831501748578707636413071118181 ],, 
  [ 6465957647, 34802771713034639, 37421066633776829 ],,, [ 30220050011 ], 
  [ 45769794479, 7215520131764023, 4056253158332198945689880651 ], 
  [ 38750046654823482126238821781 ], [ 4818602466316829, 754819428916790401 ],
  ,,, [ 93535733233 ], [ 57141207571537 ], [ 229405457808234709 ],, 
  [ 1383883704046430341, 497528928223385751577 ],, 
  [ 28153348942866246368748473 ], [ 925801243153 ],,, [ 2977461024200389 ],, 
  [ 20453696075288171777, 98329824577609878661 ],, 
  [ 126987125711, 2193461926117690316666984779 ],, 
  [ 33849507208987803649, 2529944507905860522644201912644878878579727300132337\
417 ],, [ 494845548977025476398801 ],, 
  [ 34061199217, 50688581055827050523889173861 ],, 
  [ 787694988757, 1623492238363 ], [ 305183279785900601 ], 
  [ 2049900412429999249797601 ], [ 444125173682941, 8662782731048821 ], 
  [ 1076861267591423, 1368829195520516500793993221 ],,,, 
  [ 142061368177, 4648741567916447 ],, 
  [ 664387120430857, 32736568495150197913 ],, [ 15821836297 ],,, 
  [ 241106123287 ], [ 4243712321, 53307752801 ],, [ 1139560431267809857 ],, 
  [ 4026273479, 1555794652417 ],,,, [ 404817104960213544592346360503 ],,,, 
  [ 6604069645171 ],, 
  [ 16616593774833593391266755283115717192462770557560804310454570287600186512\
05137 ],, [ 32993195871443, 39678301285829 ],, 
  [ 670327979777, 4639383255313, 417185827707377 ],, 
  [ 15483524374711, 89887049796306205413804561044782100050558290538231 ],,,,,
  , [ 14683919333540838697 ],,,,,,,,,,,, [ 421405101493, 66537472768120909 ],,
  , [ 722819164453, 1077391738999423 ],,, 
  [ 25530577021, 364868698110265464571 ],, [ 785424934181 ],,,, 
  [ 1135586931361 ],, [ 2153768299, 407600325089, 1952219529217 ],,,, 
  [ 2479586710897, 661340819223478189 ],, [ 3182222172713 ],,,, 
  [ 119450054557, 94619438566392097 ],, [ 1323576101129 ],, [ 2663822593 ],, 
  [ 3566589937 ],, [ 557504205378227381 ],,,, 
  [ 466968285961, 2888290411679658000049 ],, [ 1035781100842307 ],,,, 
  [ 28863521449921 ],,,,,, [ 164289222653893 ],,,,,, [ 324759931116306727 ],,,
  ,,,,,,,,,,,,,,,,,,,,, [ 13980235771, 5211375513499 ],, 
  [ 525618613829, 621137692561 ],, [ 2504810668359841 ],,,,,,,,,, 
  [ 34416755521 ],,,,,,,,,,,,,,,, [ 23735665297 ],,,,,,,,,,,, [ 246840414529 ]
   ,,,,,, [ 1448550001632839557 ],,,,,, 
  [ 51442960321, 826726102921, 1081385585641, 1448160582412945801 ],,,,,,,,,,,
  ,,,,,,,,,,,,,,,,,,, [ 9413027478271 ],,,,,,,,,,,,,,,,,,,,,,,,,,,,,,,,,,,,,,,
  ,,,,,,,,,,,,,,,,,,,,, [ 16899717632101651 ],,,,,,,,,,,, [ 6273265794181 ] ];
