BRENTFACTORS[6581]:=[ ,,,,,,,,,, [ 97118636627 ],, [ 5587780417103 ],,,, 
  [ 3100762261 ],, 
  [ 52575390072197413, 17291967975096925283, 28740517592142244416844410761 ],,
  ,,,,,,,, 
  [ 15811311793, 38472704197616552309, 400614071422173236311, 3352680153937344\
84744820372846074257916930293237460512087 ],, [ 19002558148817 ],,,,,,,,,,,,,,
  ,, [ 1885279497432807065139509, 2112836897443683619028423 ],,,,,,,,,,,,,,,,,
  ,,, [ 66877660279 ],,,, 
  [ 102302931277, 350433233141, 6173146295139251, 2485036292537921599, 
      42577678023989120959291, 23844697469666459824211385173 ],, 
  [ 448061758777, 25293994596122039 ],,,,,,,,,,,,,,,, [ 1602090247 ],,,,,,,,,,
  ,, [ 289944861646562209 ],, [ 162951657394604845271 ],,,,,,,,,,,,,,,,,,,,,,,
  ,,,,,,,,,,,,,,,,,,,,,,,,, [ 56351401279606817 ],,,,,,,,,,,,,,,,,,,,,,,,,,,,,
  , [ 544526769029, 541279760102047 ] ];
