BRENTFACTORS[1151]:=[ ,,,,,,,,,, [ 1946498599 ],, [ 49868512019 ],,,,,, 
  [ 182372065832543953 ],,,, [ 5158292663, 85117394792845853 ],,,,,, 
  [ 8239103743967 ],, [ 1445138214026706669823363016393181953 ],,,,,, 
  [ 390385079520551, 7651504259725465592804040539936275309 ],,,, 
  [ 91857418577495241763, 59867025795392303113037 ],,,,,, 
  [ 86907061023721, 270589661348080774119936648903887 ],,,,,,,,,,,, 
  [ 57452174116478677 ],, [ 768287952299731, 6359535923441819 ],,,,,, 
  [ 1552150141, 1290225038908788331, 502397077717843594609 ],,,, 
  [ 827444011001 ],, [ 41776093269699781 ],,,,,, 
  [ 9105316747, 125258646589654087 ],,,,,,,,,,,,,,,,,,,,,, 
  [ 27200581799165731427 ],, [ 98402063933, 11908853984873285711449788265693 ]
   ,,,, [ 3231698734438788241657786517733743 ],, 
  [ 97241121179329, 126632785637308963185964235120119 ],,,,,,,,,,,,,,,,,, 
  [ 55643215613 ],,,,,,,,,, [ 58955021917316916985872500784544471 ],, 
  [ 522419428129 ],,,,,,,,,, [ 72007901765336900166857228789953 ],, 
  [ 11627725262990212816177 ] ];
