BRENTFACTORS[778]:=[ ,,,,,,,,,,,,,,, [ 4253529713 ], [ 242954691644991121 ],, 
  [ 454850570621443, 1060265066878109 ],,,, [ 23113998811 ],, [ 109747769051 ]
   ,,,, [ 279083030969 ],, 
  [ 38878759307, 64045043488801, 284234776788261769115824993 ],, 
  [ 5212772305834550172581911 ], [ 1243847603, 260533452061 ], 
  [ 3331697913186215811715751 ],, [ 3453851179503062181495013738630481 ], 
  [ 12604454803103 ],, [ 10567104761, 965298138481 ], 
  [ 3093469020263931816971753671 ], [ 2707795693 ], 
  [ 52052797397, 655607083185424005519265891 ],, 
  [ 603278825382752829447131191 ], [ 7587476027, 991662618139 ], 
  [ 32339404103687 ],,, [ 34306012857251 ], [ 812232585249581842252384363 ], 
  [ 6360176835000228145049 ], [ 13496831071, 5647143166827343 ],, 
  [ 38120637330373119085741 ], [ 1106684357221241 ], 
  [ 5262853599292038673772307523197650955397 ],,,, 
  [ 107878693084731364967052445517, 9429326058289959256057744352509 ], 
  [ 246378348716309 ], 
  [ 38689985372047802270936011, 68152109941601927243151038658388117 ],, 
  [ 10434420645119771 ],,, [ 9289014488147480433645329652409 ],,, 
  [ 1682133158863, 2250512371141 ], [ 17484329449, 2226623298650929 ], 
  [ 645151728405473, 134769751844681123, 2595365026177102117 ], 
  [ 47819512399, 296231919974843398094375068281714281521 ], 
  [ 201327215789449201 ], 
  [ 12178958116021, 27088306351321, 144393888288686906496120997 ], 
  [ 1255273319817133, 549765461797340695442060290459 ],,, 
  [ 82088655281, 65962849972024357064521935900622641041 ], 
  [ 101755511074064690533 ], 
  [ 6826888955494059547, 62678491344566376210741349 ], 
  [ 1784339253817886939 ], [ 149259834781 ], [ 22188915232091 ], 
  [ 124342322643209879139739, 6327732835692380727857718572032250850563 ], 
  [ 500655599334410264893, 4840173266390577148324243 ], 
  [ 29559083314392025456439166938910801807792113 ],, 
  [ 17459180371, 715846218297211 ], [ 7595282059 ], [ 1318078791252929 ], 
  [ 13454160590063988932628572737 ], 
  [ 145709472757, 297561122653, 735618260357, 
      6191478256705806611385152298169711 ], 
  [ 5786999671, 1507809409059672342731 ],, [ 11724980976793613837461 ], 
  [ 116226559947821, 6406392620225913707281 ], 
  [ 2973098503, 313902553339, 578429055512520893360826697 ],,, 
  [ 2604215405227729, 21508812049665101130007 ], [ 7765693261735267 ], 
  [ 15129962938281580324196336175940529, 
      2969472520594575448725373204495363817 ], 
  [ 110793961446464100686659891, 304540334810052056704206219961, 
      12021114089740575817271494986164503441 ], 
  [ 15583086931420292773, 707818565326669740943, 1352821814962107195023, 
      725006938697492089578692630053532106191731 ],,, [ 1801222603 ], 
  [ 3054418415262716041 ], [ 7834558952203 ], 
  [ 12370415307951551958701261961796084177, 
      315735432810734075492763518593875725805277697 ],, 
  [ 20113952735119, 87725353494126042347243396364043 ], 
  [ 3511741201, 13104217314011, 5330218216026220194907741 ],, 
  [ 8602592077, 104887354181530799065857100066117 ],, [ 699992100495672041 ], 
  [ 17026160881, 35291311201 ], [ 185648212206387173, 220583271904422376907 ],
  ,, [ 5627788755437, 140224872400815757 ],, 
  [ 23405039714705797, 103098700195433630983, 5173177140984535649256907 ],, 
  [ 640105550209, 2324408727937, 57172278685893858109156481 ],, 
  [ 19126301468774804993115571, 283709111956081677222721615652441 ],, 
  [ 17623134865381, 7142195516284099425397, 15902673441019166573451646297 ], 
  [ 64301608687, 624976512161 ], 
  [ 411643416799, 538705330628781406465447, 2357740212669533118643280243 ], 
  [ 269353753522474681 ],,,,, [ 253175254735470345021303082321 ],, 
  [ 102010863463073, 253154953229767 ], 
  [ 3674495969, 3686051513, 31737085381, 304087091023 ], 
  [ 49016589825811393, 197828570003571179857, 144312709203682057728235729 ],, 
  [ 47254765869197, 59873248143077, 2545959213692353 ],, 
  [ 918298191175710077 ],, [ 188589638851, 8735561446592178907812001 ],, 
  [ 89772891512987993 ], [ 243054434017, 97966717290478909 ], 
  [ 1148808124003, 22137187883946983 ], [ 6025681111, 117141182111 ], 
  [ 258054020953, 1580919396976556456032525574460540346182968198293 ],, 
  [ 1576103317891, 3358575296809, 64935948859764857009 ], 
  [ 4948280023, 9462554599 ], [ 83513260001, 83600195535841 ],,,, 
  [ 141628102853, 9491678626606993 ], 
  [ 47102496871, 405524306761627681, 10338615679933735921 ], 
  [ 14510308669, 15674853762393211 ],, 
  [ 109793076903993918914341135838674768724601237577 ],,, 
  [ 4700314279, 1103795183828846869342093 ],,, 
  [ 37784438953, 17623196603508403, 41718488308841712579391, 
      95403486428487837754913236269368167 ],, [ 30013555337802031212097 ], 
  [ 1859621119, 3538135837, 62223479720214913 ], 
  [ 727512415976939563, 3531544511969659517665161181 ],, 
  [ 3146723843941, 45079554381542796061, 2534133120661236843181 ],, 
  [ 12122493319301 ],, [ 856219821583224737 ],, [ 39621947851 ],, 
  [ 8900830616469689 ],, [ 17116982581 ],,,, [ 80120746567 ], [ 1004847871 ], 
  [ 758155276191041 ],,,, 
  [ 1513545401, 34234261601, 405558349847756676601, 84387867025612601022601 ],
  ,,, [ 505098258013, 55134279153937 ],,,, [ 11754631929039793 ],, 
  [ 11161620740551, 8995294402357104091278913159737482179268893132026091 ],, 
  [ 15797643221 ],, [ 2089404623 ],, [ 1998068257 ],, [ 1228608837517531 ],, 
  [ 966677412926629471541 ],, 
  [ 26953390297, 520135465065481, 1642486023339841 ],, 
  [ 3897840005249, 5575821344954984770081 ], [ 3727787480653980151 ], 
  [ 12960699529 ],, 
  [ 1481117641, 1824038761, 55199190682789, 1403608088025638941, 
      7919155255391143898253529 ],,, [ 386698263601189 ],,, 
  [ 6393146561373137978647 ],, [ 3678428039195209621 ],, [ 1655514673 ],, 
  [ 1018128325681, 68510195410417681 ],, [ 402123483276131 ],,,,,,,,,, 
  [ 21639983346060913, 23180930533749119994561637 ],,,,,, 
  [ 12184679522039272314307 ],,,,,, [ 46529384396386440203606689 ],,,,,, 
  [ 3529632662862036301 ],, [ 1974431681 ],,,,,,,, [ 28353112481 ],, 
  [ 63117873933736213296151 ],,,,,, [ 7292175841 ],,,,,, 
  [ 947433343543, 3426702413779 ],,,,,,,,,,,, [ 6327938629 ],,,, 
  [ 925864032161672002631 ],,,,,,,,,,,,,, [ 1788885649, 2506097557 ],,,,,, 
  [ 1319983659061 ],,,,,, [ 4336621969 ],,,, [ 6652331997082061 ],,,,,,,, 
  [ 31552372870620517, 117310750083658833397 ],,,,,,,,,,,,,,,,,, 
  [ 3321377167 ],,,,,, [ 542259871148869 ],,,,,,,,,,,, [ 4632347521 ],,,,,,,,,
  ,,,,,,,,,,,,,,, [ 18583207611841 ],,,,,,,,,,,, [ 34830216961 ],,,,,,,,,,,,,,
  ,,,,,,,,,,,,,,,,,,,,,,,,,,,, [ 16717890421 ] ];
