BRENTFACTORS[3041]:=[ ,,,,,,,,,, [ 41368771709 ],,,,,, 
  [ 64025447020380355988078891 ],, [ 46669031581 ],,,, 
  [ 249257300104801, 22738363516656168613 ],,,,,, 
  [ 43670202826962761048149, 83384113012810210834320343 ],, 
  [ 2238082752416189233, 701184320315702278683119 ],,,,,, 
  [ 500318166789043716781235432038194451 ],,,, [ 206557018301160589 ],, 
  [ 47606387557, 74410355857 ],,,, [ 159293256859439374345097167 ],,,,,, 
  [ 18031058066422571 ],,,,,,,, [ 2262365317, 10108848296474802780881 ],,,,,, 
  [ 2218391039 ],,,, [ 67580293731208188479 ],, 
  [ 83678846995816439831, 124103130129669909409 ],,,,,, [ 2013574254617 ],,,, 
  [ 335696871824869, 339782639927131 ],,,,,,,,,,,,,, [ 70442770671277423 ],,,
  , [ 2866362050281 ],,,,,,,, [ 1133640113 ],,,,,,,,,,,,,,,,,,,,,,,,,,,,,,,,,,
  ,,,,,,,,,,,,,,,,,,,,,,,, [ 48004043403019577 ] ];
