BRENTFACTORS[1051]:=[ ,,,,,,,,,,,,,,,, [ 1374744056923 ],, 
  [ 15189306079, 7255390377562351 ],,,, [ 549343763719, 3342523944553 ],,,,,,,
  , [ 950985174002936905207 ],,,,,, 
  [ 1572155749781, 406701663133750351210339 ],,,, 
  [ 490086628319, 437111973038527, 
      1058135826142029537693311807858212370289916711 ],, 
  [ 3956194554017, 25636742866867471 ],,,, 
  [ 27136707439, 100217680469160787739, 
      3065482990182531649409405816498076595742149 ],,,,,, 
  [ 12463656706563568425449573, 546291280847993762759561804177167 ],,,,,, 
  [ 4170192862770991157609 ],,,,,,,,,,,, 
  [ 1744540433, 75670285097124361485877903877 ],, 
  [ 2118113689, 2336255063, 135285321045373, 30054964880984307686061727840171,
      349043174906483630947205172100651 ],,,,,,,,,, 
  [ 6295335934290141249345103 ],,,,,, 
  [ 75268892389, 478733008909, 7564230421842150353394040876099 ],,,,,,,, 
  [ 439075203783948689423 ],,,, [ 161014692259968340681 ],, 
  [ 599559160797523614387393209 ],,,, [ 9053085943309, 30170581778378567 ],, 
  [ 37605875210634677 ],,,, 
  [ 10341532084651, 41758658116762706201, 564878552813822799011 ],,,,,,,,,,,,,
  , [ 75384657213303502683461604683, 133799487833522301102518362114408337 ],,,
  , [ 1287707262718108586409499 ],,,,,,,, 
  [ 138145112371589, 155471485252129894290761 ],,,,,,,,,,,, 
  [ 442558668041453854741, 36869822507036086880344171 ],,,,,, [ 3908010089 ],,
  ,,,,,,,,,,,,,,,,,,,,,, [ 138739393829 ],,,,,,,,,, [ 11288410949 ],,,,,, 
  [ 3771281532367 ],, [ 80115156009137 ],,,,,,,,,,,,,,,,,,,,,,,,,,,,,,,,,,,,,,
  ,, [ 83873656679 ] ];
