BRENTFACTORS[517]:=[ ,,,,,,,,,,,,,, [ 40159399681, 126851700721 ],, 
  [ 32590658004323 ],, [ 897283600009 ],,,, [ 8020441355789, 271554067213501 ]
   ,, [ 1460068710890651 ],, [ 1422355121263, 844313003948917 ],, 
  [ 102624875976509618113 ],, [ 2684085065865602287121 ], 
  [ 3804154241, 6115252513 ], [ 835351435183, 1459557972709 ], 
  [ 1009862651181031 ], [ 279791660494168201 ],, 
  [ 6611439238853, 58590483852544452654253 ],,, [ 1166544144834281 ], 
  [ 10456998192812396064109 ], [ 162639872053 ], 
  [ 17551531458899330191120834041939985510310576397929 ], [ 7538393633 ], 
  [ 3484792711 ], [ 3942117001745618441 ], 
  [ 61077040091278332044356311900043670966079774936797 ], 
  [ 1165032289, 2695412200609 ], [ 229880163787, 8113691905019 ],, 
  [ 38313460729, 1729206005105768150491 ], [ 8156760181313659033 ], 
  [ 8251451059812773, 193691278674008441, 1524926047876311019, 
      3001223605741715362889 ],, 
  [ 42398978493886981323923155479024569572249541 ], 
  [ 106965498741482809, 5421113285128269333361 ], 
  [ 65288115022357, 113065678455179000233 ], [ 19928911490014411697764380619 ]
   ,,, [ 1872105169681356274331, 67768843613093356325308662070590487483 ], 
  [ 13733983657157, 317270768965216714253 ], 
  [ 27807630973543, 4969224608782267 ], [ 14953522668442090439873 ], 
  [ 146562414571, 555800582741, 7879663800345149100224217830156172371 ], 
  [ 16853526412752973549 ],, 
  [ 2140465889152785064457, 82954167643233952130693 ], 
  [ 289732692709, 2509725893253679 ], 
  [ 34559957661974011, 933045638425792291 ], [ 1780376300862321253497452903 ],
  [ 5947838209 ],, [ 348451988053159, 832329648018283, 33787384973716758457 ],
  [ 2140713901, 27815500439894545384936801, 1093116684521194907588664451 ], 
  [ 890458941271853150273, 3214955019451746208421334610729 ],, 
  [ 1820594726070733003 ],, [ 2338474826524008931680881 ], 
  [ 125881044634078500715021, 1318912604154155228159899 ],, [ 7843505054867 ],
  [ 20336727517, 812397198397, 122192901889803193 ],,,, 
  [ 99486025673, 25984897657284721 ], [ 441007572950785566200022437 ], 
  [ 85134749687731, 8456774223110997781 ], 
  [ 380010099414037, 146826731896725700673489505623819792819 ], 
  [ 104043997381, 116428167892902682173440582439258781 ], 
  [ 2954731831, 120340250671, 5929312538225719 ], 
  [ 5186190749, 4712639664238357, 477251192989298591, 
      947242008536478099085516240584364333 ], [ 199558572904605972693393941 ],
  [ 654195365328338058818348971512262561 ], [ 6979478249, 3138877820521 ], 
  [ 980279430109038279248575943972626709, 
      32127505506681426395544093590652118661 ], 
  [ 1823343589, 538280074657513 ], 
  [ 34035028751456765902946367854161508055401 ],, 
  [ 3592747744208495354029888081160611267 ], [ 1374942263 ], 
  [ 465396460911441000241 ], 
  [ 203123286328932481, 33684243366103515663025330078381 ], 
  [ 543398503410739, 9096819477566195146977886268207539747 ], 
  [ 498507413531 ], [ 3857984448780724309 ], [ 22743631810273910521 ],, 
  [ 13324635988558497058369 ], [ 3001094321 ],, 
  [ 48729322832947, 558500637257503189, 50298108175639930609 ], 
  [ 1430014844646701 ], [ 474446323540015052464182719517497 ], 
  [ 2559828600586433133829 ], [ 28306446333175535233 ], [ 804934019476231 ], 
  [ 4418147401, 65362132966658980596441680223361 ], 
  [ 128771619525583, 2766915288324804101 ], [ 48673815241196563835999 ], 
  [ 3746224096011093439 ], [ 568001854261 ],, 
  [ 217093312560088419967, 269745826110756095521 ],, [ 382759141581692033 ], 
  [ 7387193773 ],,, [ 2366776501 ],, [ 203795014747 ],,,, 
  [ 3987558920359970460537446845439030694393713139354590851 ],, 
  [ 14130955569641, 137762122165670284661 ],, 
  [ 39644490062640073208968480613 ],, [ 7586740657, 215708324832001 ], 
  [ 58634248271 ], 
  [ 202045755257, 4039773588400526667672353, 6136470244959716967057371 ], 
  [ 638297382451502262721 ], 
  [ 1014913849, 169035578773, 292737507931778491409 ],, 
  [ 35582959051, 177720757109054220902302805569717103801401 ],, 
  [ 7163480769986881 ], [ 13602291193 ], [ 795243676921 ],, 
  [ 135914932150586250898195863228781 ],,,, 
  [ 69186876068161, 210007856247155209524650848004641 ],, 
  [ 6829412119693237, 197559377912080645579 ],,,, [ 119572226566390412161 ],, 
  [ 9854870793712324378200749223247799324416338245768260303921 ],, 
  [ 2140801381906951 ],, [ 687102575864009 ],, 
  [ 248028360036263697813946705349359 ], [ 10960154239353136651 ], 
  [ 23510055262523976247201 ],, [ 250508799356741932822307 ],, 
  [ 3416525821, 554574987009833389196646863073094037332375533312396269344681 ]
   ,, [ 34003858743257131 ], [ 1797514573, 24366518923257127711 ], 
  [ 9591088708847875282577 ],,,, [ 30689344978661, 908571580451861 ], 
  [ 73060894243, 284743243835573547907 ],,,,,,, 
  [ 2153819927869, 112428297518004215273 ],, 
  [ 3479864257, 1292138877161826007952865721561 ],, 
  [ 1350711694601, 1647389704001 ],, [ 10838617714393885211311 ],, 
  [ 5978473777, 100666988789132062976948617 ],,,,,, 
  [ 1356169081, 120980631645301, 62167349078247322991544786231655723309621 ],,
  ,, [ 281526742278311 ],, [ 17545183789905673884001 ],,,, 
  [ 51798016381, 8307985797135436721 ],, [ 10638344633263 ],, 
  [ 374108036737, 3437297415329 ], [ 2785818151, 178137781201 ], 
  [ 498774799189 ],,,, [ 1417856621, 111141456742085057888009281 ], 
  [ 683945169601, 1536124100743 ], [ 4021589557523307281 ],,,, 
  [ 276638782977617 ],,,, 
  [ 8365978561, 454151876161, 2216378670354001, 183518715735898321 ],, 
  [ 15686513327 ],, [ 13805156929 ],, [ 5908533781 ],, [ 26252494337 ],, 
  [ 22669111635251, 270617423539069478979906251 ],,,,, [ 15990701161 ], 
  [ 5052416513 ],, [ 1631346412350817559629 ],, [ 102764691641 ],,,,,,,,,, 
  [ 478776600805421763451 ],,,,,,,,,,,, [ 11601304597517593999 ],,,, 
  [ 87962137121 ],, 
  [ 32733720002934508609, 1075250004926665934881, 9770307818575807611052823177\
7409 ],, [ 1416265171 ],,,, [ 13034161218379687, 280613632962946783462747 ],,,
  ,,,,,,,,,,,,,,, [ 99405756953257, 4792902197027257 ],,,,,, 
  [ 303554067069691 ],,,,,,,,,,,, 
  [ 8429302201, 3741481756446391, 760060754335104421 ],,,,,,,,,, 
  [ 562867309436521 ],,,,,,,, [ 11418538449061, 464772725346791164787377 ],,,,
  ,, [ 22195951713427 ],,,,,,,,,,,,,,,,,,,,,,,,,,,,,,,,,,,,,,,,,,,,,,,,,,,,,,,
  ,,,,,,,,,,,,,,,,,,,,,,,,,,,,,,,,,,,,,,,,,,,,,,,,,,,,,,,,,,,,,,,,,,,,,,,, 
  [ 2367872941590781 ],,,,,,,,,,,,,,,,,,,,,,,,,,,,,,,,,,,,,,,,,,,,,,,,,,,,,,,,
  ,,,,,,,,,,,,,,,,,,,,,,,,,,,,,,,,,,,,,,,,,,,,,,,,,,,,,,,,,,,,,,,,,,,,,,,,,,,,
  ,,,,,,,,,,,,,,,,,,,,,,,,,,,,,,,,,,,,,,,,,,,,,,,,,,,,,,,,,,,,,,,,,,,,,,,,,,,,
  ,,,,,,,,,,,,,,,,,,,,,,,,,,,,,,,,,,,,,,,,,,,,,,,,,,,,,,,,,,,,,,,,,,,,,,,,,,,,
  ,,,,,,,,,,,,,,,,,,,,,,,,,,,,,,,,,,,,,,,,,,,,,,,,,,,,,,,,,,,,,,,,,,,,,,,,,,,,
  ,,,,,,,,,,,,,,,,,,,,,,,,,,,,,,,,,,,,,,,,,,,,,,,,,,,,,,,,,,,,,,,,,,,,,,,,,,,,
  ,,,,,,,,,,,,,,,,,,,,,,,,,,,,,,,,,,,,,,,,,,,,,,,,,,,,,,,,,,,,,,,,,,,,,,,,,,,,
  ,,,,,,,,,,,,,,,,,,,,,,,,,,,,,,,,,,,,,,,,,,,,,,,,,,,,,,,,,,,,,,,,,,,,,,,,,,,,
  ,,,,,,,,,,,,,,,,,,,,,,,,,,,,,,,,,,,,,,,,,,,,,,,,,,,,,,,,,,,,,,,,,,,,,,,,,,,,
  ,,,,,,,,,,,,,,,,,,,,,,,,,,,,,,,,,,,,,,,,,,,,,,,,,,,,,,,,,,,,,,,,,,,,,,,,,,,,
  ,,,,,,,,,,,,,,,,,,,,,,,,,,,,,,,,,,,,,,,,,,,,,,,,,,,,,,,,,,,,,,,,,,,,,,,,,,,,
  ,,,,,,,,,,,,,,,,,,,,,,,,,,,,,,,,,,,,,,,,,,,,,,,,,,,,,,,,,,,,,,,,,,,,,,,,,,,,
  ,,,,,,,,,,,,,,,,,,,,,,,,,,,,,,,,,,,,,,,,,,,,,,,,,,,,,,,,,,,,,,,,,,,,,,,,,,,,
  ,,,,,,,,,,,,,,,,,,,,,,,,,,,,,,,,,,,,,,,,,,,,,,,,,,,,,,,,,,,,,,,,,,,,,,,,,,,,
  ,,,,,,,,,,,,,,,,,,,,,,,,,,,,,,,,,,,,,,,,,,,,,,,,,,,,,,,,,,,,,,,,,,,,,,,,,,,,
  ,,,,,,,,,,,,,,,,,,,,,,,,,,,,,,,,,,,,,,,,,,,,,,,,,,,,,,,,,,,,,,,,,,,,,,,,,,,,
  ,,,,,,,,,,,,,,,,,,,,,,,,,,,,,,,,,,,,,,,,,,,,,,,,,,,,,,,,,,,,,,,,,,,,,,,,,,,,
  ,,,,,,,,,,,,,,,,,,,,,,,,,,,,,,,,,,,,,,,,,,,,,,,,,,,,,,,,,,,,,,,,,,,,,,,,,,,,
  ,,,,,,,,,,,,,,,,,,,,,,,,,,,,,,,,,,,,,,,,,,,,,,,,,,,,,,,,,,,,,,,,,,,,,,,,,,,,
  ,,,,,,,,,,,,,,,,,,,,,,,,,,,,,,,,,,,,,,,,,,,,,,,,,,,,,,,,,,,,,,,,,,,,,,,,,,,,
  ,,,,,,,,,,,,,,,,,,,,,,,,,,,,,,,,,,,,,,,,,,,,,,,,,,,,,,,,,,,,,,,,,,,,,,,,,,,,
  ,,,,,,,,,,,,,,,,,,,,,,,,,,,,,,,,,,,,,,,,,,,,,,,,,,,,,,,,,,,,,,,,,,,,,,,,,,,,
  ,,,,,,,,,,,,,,,,,,,,,,,,,,,,,,,,,,,,,,,,,,,,,,,,,,,,,,,,,,,,,,,,,,,,,,,,,,,,
  ,,,,,,,,,,,,,,,,,,,,,,,,,,,,,,,,,,,,,,,,,,,,,,,,,,,,,,,,,,,,,,,,,,,,,,,,,,,,
  ,,,,,,,,,,,,,,,,,,,,,,,,,,,,,,,,,,,,,,,,,,,,,,,,,,,,,,,,,,,,,,,,,,,,,,,,,,,,
  ,,,,,,,,,,,,,,,,,,,,,,,,,,,,,,,,,,,,,,,,,,,,,,,,,,,,,,,,,,,,,,,,,,,,,,,,,,,,
  ,,,,,,,,,,,,,,,,,,,,,,,,,,,,,,,,,,,,,,,,,,,,,,,,,,,,,,,,,,,,,,,,,,,,,,,,,,,,
  ,,,,,,,,,,,,,,,,,,,,,,,,,,,,,,,,,,,,,,,,,,,,,,,,,,,,,,,,,,,,,,,,,,,,,,,,,,,,
  ,,,,,,,,,,,,,,,,,,,,,,,,,,,,,,,,,,,,,,,,,,,,,,,,,,,,,,,,,,,,,,,,,,,,,,,,,,,,
  ,,,,,,,,,,,,,,,,,,,,,,,,,,,,,,,,,,,,,,,,,,,,,,,,,,,,,,,,,,,,,,,,,,,,,,,,,,,,
  ,,,,,,,,,,,,,,,,,,,,,,,,,,,,,,,,,,,,,,,,,,,,,,,,,,,,,,,,,,,,,,,,,,,,,,,,,,,,
  ,,,,,,,,,,,,,,,,,,,,,,,,,,,,,,,,,,,,,,,,,,,,,,,,,,,,,,,,,,,,,,,,,,,,, 
  [ 657808022312533, 2546676513869281, 21853335987314599 ] ];
