BRENTFACTORS[8699]:=[ ,,,,,, [ 41803137209, 146015408659 ],,,,,,,,,,,,,,,, 
  [ 153260518094377, 151555588646858951, 
      2978242625087064655656987910392685241 ],,,,,,,,,,,,,, 
  [ 2891374188803, 25857209429104523 ],,,, 
  [ 2213405687634767669, 194423765339363486897491 ],, 
  [ 10729593319, 2306032675841 ],,,,,,,,,, [ 66323869714919 ],,,,,, 
  [ 151035043030123073 ],,,,,,,, [ 5963788591, 56352811407184757 ],,,,,, 
  [ 454308230058043 ],,,,,, [ 7385757292481159 ],,,, 
  [ 1493078477893, 13120585634171, 75372648983129 ],,,,,, [ 17683549909 ],,,,,
  ,,, [ 79090163710793189 ],,,, [ 27741472772857 ],,,,,,,,,,,,,,,,,,,,,,,,,,,,
  ,,,,,,,,,,,,,,,,,,,,,,,,,,,, [ 2554257179 ],,,,,,,,,, [ 259793942117 ] ];
