BRENTFACTORS[8269]:=[ ,,,,,,,,,, [ 4765603943, 9559948445279 ],,,,,, 
  [ 130259515178081, 125383411074986621 ],, [ 1074190292041 ],,,, 
  [ 614397156957817279, 13235051602555467677 ],,,,,, 
  [ 9903428535543483097142851057 ],, 
  [ 26549523584456777, 153827070370105252635349802537, 
      261446610690196241325973236033511, 499329647271050088969155618720060843 
     ],,,,,, [ 3038014946147999 ],,,, [ 324923480537067839965628219153 ],, 
  [ 203404006219, 1472944835753, 1640146501452578947, 1340099946456275784617, 
      43470709996594363828490604173540454164654089 ],,,, 
  [ 6188735153, 771184731599227666323262989325540631 ],,,,,, [ 56052742019 ],,
  ,,,, [ 2115466949, 34622516527, 1497584021299 ],, 
  [ 41743179616374243186604021, 8718524692682121136708078153549 ],,,,,, 
  [ 1229666143, 8692285408907, 3829095076981189, 23693205046595263, 
      53011847552736257236957 ],,,, 
  [ 5114400784647104371273809676384786707679157 ],,,,,,,,,,,, 
  [ 1561837841626969, 2055594729654712653551932840991 ],,,,,, 
  [ 132137880811, 5807252706313, 9262906449607777177685941 ],,,,,,,,,,,,,, 
  [ 3090012773 ],,,, [ 2558361122740957969, 1947206721432262140022721 ],,,,,, 
  [ 83122162681 ],,,,,,,,,,,,,,,,,,,,,,,,,,,,,,,,,,,,,,,,,,,,,,,,,,,,,,,,,,,,,
  ,,,,,,, [ 36761586167 ] ];
