BRENTFACTORS[8467]:=[ ,,,,,,,,,,,, [ 2909655806829799 ],,,,,, 
  [ 100126792421, 110932165153, 15231935694025468935315454669869828863243911 ]
   ,,,, [ 552160881465499 ],,,,,, 
  [ 33053278771261231156216373, 3950404301411977175444797573845337951, 
      1387142852461685734028176058128590201994729489 ],,,,,,,, 
  [ 46414992948043, 291213182107748971095539 ],,,, [ 5963508130277323 ],,,,,, 
  [ 14060752810714433, 1131879385839578815097 ],,,,,, 
  [ 71213250994792329768732502267 ],,,,,,,, [ 4523469249479, 6473029952443 ],,
  ,,,, [ 1901697525989 ],,,,,,,,,,,, [ 750677974993 ],,,,,,,,,,,,,,,,,,,,,,,,,
  ,,,,,,,,,,,,,,,,,,,,,,,,,,,,,,,,,,,,,,,,,,,,,,,,,,,,, [ 303146847639199 ],,,
  ,,,,,,,,,,,,, [ 1465023167 ] ];
