BRENTFACTORS[3617]:=
[ ,,,,,,,,,,,,,,,, [ 514013963620195607989596389, 4083175078443579430289432261
     ],,,,,, 
  [ 2423786036663, 304425008476960747, 396270293788286971, 2373238514687958160\
5022843061 ],,,,,, [ 103270853995729984454251 ],,,,,,,, 
  [ 4338495902324097543727966711, 123312795020172437233802847367, 
      314375852519425974041030595553721012596957927217939107231670713 ],,,, 
  [ 7586298801216943, 1096108334564627706097136584318703 ],, 
  [ 4587497251152153716678593598392253 ],,,, 
  [ 801548617582650952318339706029 ],,,,,, [ 30141465695972849 ],,,,,, 
  [ 76385167171477, 123927679879581426491, 5754178374259604054813 ],, 
  [ 169979207854002177123765870643 ],,,,,,,,,, [ 14923168676153 ],, 
  [ 2004208139 ],,,,,, [ 8857570219 ],,,,,,,,,,,,,,,,,,,,,,,,,,,,,, 
  [ 64645018259, 75159258103 ],,,,,,,,,,,,,,,,,,,,,,,,,,,,,, 
  [ 15718444579908307 ],,,,,,,,,,,,,,,,,,,,,,,, [ 1447130847096461 ] ];
