BRENTFACTORS[5749]:=[ ,,,,,,,,,, [ 115365626790616973 ],,,,,, [ 2671451707 ],,
  ,,,, [ 602929857307, 366950539657183750297, 7262653737049054512697 ],,,,,, 
  [ 55954369539071335580723426989169208127 ],, 
  [ 451793918604227811959, 382171478091519753600511631, 
      22088796942937651715839592937038111846471678244139 ],,,,,, 
  [ 7501827046620942875956557015789982247 ],,,,,, 
  [ 1232894490340379108990443 ],,,, [ 72229499327 ],,,,,, 
  [ 1601917827511, 6175978351897, 216473598440389300657 ],,,,,,,, 
  [ 9315902311, 334287254896672064821115213 ],,,,,, 
  [ 901596432856126788171121 ],,,,,, [ 7070024597 ],,,,,, 
  [ 1741010533, 60219460193, 2172413142187, 8006321789603, 561275710340269 ],,
  ,,,,,,,,,,,,,,,, [ 3832729882164679 ],,,,,,,,,, 
  [ 245758745086823, 6111473774810218979539 ],, [ 14341251548081 ],,,,,,,,,,,,
  ,,,,,,,,,,,,,,,,,, [ 6019576064459 ],,,,,,,,,,,,,,,,,,,,,,,,,,,,,,,,,,,,,,,,
  ,,,,,,,,,,,,,,,,,,,, [ 27990666176449 ] ];
