BRENTFACTORS[2819]:=[ ,,,,,,,,,, [ 93292041588593, 23946786849050627 ],, 
  [ 1245596622713 ],,,,,, [ 89251182389 ],,,, [ 28145098483 ],,,,,, 
  [ 274454475413, 19642836106380830807, 
      37262016715306841278406511668568538953147654202839371175923 ],, 
  [ 12180308953, 30994452232172840983467114076913051415233, 
      252935012662978846701573572419632271920857 ],,,,,, 
  [ 1834596361906153147 ],,,, 
  [ 1884937363, 42648347191, 35830343246322005207, 2907187922338362133657, 
      6283256820553728729401, 12647393203571309238146745924915317628023 ],, 
  [ 369110473070552667821 ],,,, [ 2071501214429, 166142973747705668439252187 ]
   ,,,,,, [ 17632518803 ],,,,,,,, [ 3946704898673401253 ],,,,,,,,,,,, 
  [ 291442601634040658143646858324942009 ],,,,,, [ 2891660701 ],,,,,,,,,,,,,,,
  ,,,,,,,,,,,,, [ 358155407387, 6602184614009, 149982763815067 ],,,,,, 
  [ 2348513826448614630433 ],,,,,,,,,,,,,,,,,,,,,,,, [ 86946051566745289 ],,,,
  ,,,,,,,,,,,,,,,,,,,,,,,,,,,,,,,,,,,,,,,,,,,,,,,,,,,, [ 4875152209 ] ];
