BRENTFACTORS[4931]:=[ ,,,,,,,,,,,, [ 2179023367, 583191039653 ],,,,,, 
  [ 17621472172513911568628821, 168607131726859832233657954943500791224569 ],,
  ,, 
  [ 42107852533021609, 46908095043285524557193617, 324614242623484283628612296\
03 ],,,,,, [ 1715252894777 ],, 
  [ 245504679511408114994957, 1677293070435637771919188881893, 
      1490971808800578729503143709546858249665370246777378851381 ],,,,,, 
  [ 63589637499433, 48540126039240007, 44775963560178337807 ],,,, 
  [ 2825627842607315411 ],, [ 1999434383, 4756098533115113 ],,,, 
  [ 2132125830767, 32054946642793, 8660550347525930467 ],,,,,,,,,,,, 
  [ 2468029038907079 ],, 
  [ 97408439297588323, 7785984877615723663182008430364142417 ],,,,,, 
  [ 3722367911 ],,,,,,,,,,,,,,,,,,,,,, [ 19345955633 ],,,,,,,,,,,, 
  [ 82819122917 ],,,,,,,,,,,, [ 190411104471311 ],,,,,,,,,,,,,,,,,,,,,,,,,, 
  [ 252131986095617 ],,,,,,,,,,,,,,,,,,,,,,,,,,,,,,,,,,,,,,,,,, 
  [ 572022569656873 ],,,,,,,,,,,,,,,,,, [ 77798876473 ] ];
