BRENTFACTORS[987]:=[ ,,,,,,,,,,,,,,,,,, [ 29764865569, 188432722633269007 ],, 
  [ 73517786161 ],, [ 1041553286087 ],, [ 39776920054364852201 ],, 
  [ 519436400658821353 ], [ 2173694852652569, 2930412321948049 ], 
  [ 62907275369 ], [ 5105926531 ], [ 3353924300028511857297973033597 ], 
  [ 2557478794179457 ], [ 4775572693, 145199790800774887 ],,,, 
  [ 134995148833, 1043689059689 ], [ 238459318247, 871818997373 ],, 
  [ 65454208061441 ],,, [ 1358974309373879383200945326311 ],, 
  [ 5812249591, 315927288991 ], [ 7495867976269, 9504927647090237 ], 
  [ 264470096699, 14990636338262120455957 ], [ 5305766497, 21151445775697 ], 
  [ 6394984010339, 13525458140256782861, 23620189620249620579057087, 
      6319605326232161162043781911787 ], [ 5946005893463397131980917701 ], 
  [ 4388029232013542913382441 ],, 
  [ 4476191787804774728566360552717157777, 19638121485269314332727966926575084\
00106254773 ],, 
  [ 6850672511, 4171561925747584794746926113435214866816688990485101 ], 
  [ 4119644440263724883700459243793 ], [ 408582906316556225123875393 ], 
  [ 106591906711 ], [ 6741640635281403791391911 ], [ 140296276439585041 ],, 
  [ 21535273964269953444629731, 50114069202080034293966076106393 ], 
  [ 1881344683, 47002164980592781, 44397482662886785270800463553059 ], 
  [ 131652868798485719813383742213761 ],, [ 3734067386809 ], 
  [ 4791492955085453, 97942813698592367 ], 
  [ 6591615361, 1611640520085081793, 37099158444890560115934293 ], 
  [ 13218882747686628881199594585943 ],, 
  [ 122895560833, 786453480749, 770956557421597 ], 
  [ 201286028877351205684526492542718833 ], [ 42543565827979 ],,, 
  [ 2312059088305137367965589910642918744521 ],, [ 6270935581 ],, 
  [ 22853829041, 12295973449681, 8319373900692241 ], 
  [ 23634610635938671, 340194376811301604237 ], 
  [ 1038276779149129199, 1330111184788552854307 ],, 
  [ 267414537769, 17083306706173 ],, 
  [ 238572391537, 87739853190601603, 4775778334164723876253569623 ],, 
  [ 7890102909572753 ], [ 2609492588414163908064347 ], [ 21950326230211 ], 
  [ 36661874049347 ], 
  [ 4585373732294073170800573, 354452299477183869898722458795880444970229 ], 
  [ 180473013723609517 ], 
  [ 1823527339, 248680928108031566191682723763567289, 407666769903309837328237\
449189391669 ], [ 1591091492483851 ],,, 
  [ 2329966515221274205818002827913, 10608964193782279790664878431765464577380\
8524109 ], [ 56578710277 ], 
  [ 2190647101, 37475672031601, 3071539939640201, 2938641567320106366232696288\
365901 ], [ 1881733367490172613551 ], 
  [ 2392641847, 385643394330808200930955464466322327246503 ],, 
  [ 455859015204746401 ], [ 211725823338594390632707192724604432541 ], 
  [ 650395185523, 911093666634311, 324515297572683671668751, 
      5450497003560582823189936513793, 396257267901788018881897742622595123 ],
  [ 13417193333605449547 ], [ 295591868161635749203935514949273713 ], 
  [ 3750203861 ], [ 39816415993091, 714921334535171501, 15787845482683845341 ]
   ,, 
  [ 1263822359578584401, 279200318185597807880774369, 712181032127457184337625\
08697663281 ], [ 4137046363430311 ], [ 6236105179 ], 
  [ 2264250641, 80136008787490913111, 120359128510438874356801 ], 
  [ 10305000764957, 43634300453462433088672895137 ],,,, [ 25114575481 ],, 
  [ 1053352271, 223466997889, 41198496168633929155717, 
      123954137108406261748136415901 ], [ 15048689312335406443 ],,, 
  [ 556237963788300236269 ],,, [ 5322171577 ], 
  [ 82382049630238411, 2666419240727597569440852767282984879247521526425756872\
1 ], [ 5439515813357 ], [ 645366494416168030332441333948449442289 ], 
  [ 1206007559 ],,, [ 3662879870691529, 3738108870574609, 35253371739107897 ],
  , [ 37856313485533, 190408977080268141747182125134043727879187353340049 ],,
  , [ 4760288022613326660463 ],,, [ 46714136545093645742412097 ], 
  [ 14416918771 ],, [ 4728163876501962415715239 ],,,,, 
  [ 26962140001, 1201140156216593, 125760931531916703857 ], 
  [ 2063456533, 3817638132967 ],,, [ 2277148867033 ],,, 
  [ 1586832309782837197 ], [ 43997376481 ],, 
  [ 93566855647, 51945177740899938787 ],, [ 3116947751081, 5413877704061 ], 
  [ 459260556796002061 ],,, 
  [ 25291832497, 76940775336397887562635677204059777 ],, 
  [ 3469860712830600933491 ],, [ 18519237937, 36873428629, 10807539795197 ],, 
  [ 418084715553529, 2309891233447508136021840930643 ],,,,,,,, 
  [ 336084008240945693, 59172987923183499097097 ],, [ 10765661210549539681 ],
  , [ 1844007455137 ],, [ 3299854531361 ],, 
  [ 10162966886951, 12905445690301, 9170800785991121, 52814820478336541 ],, 
  [ 228027843073, 383265532851457 ],, [ 296551697807, 895640899566199 ], 
  [ 7265804911, 44113487318941 ], [ 850106098831302133801 ],,,, 
  [ 2929868401, 1509427738519601 ],, [ 5290093969 ],, 
  [ 2188288213, 691966426549 ],,,,,, 
  [ 9682030492943774701, 23910697841351365666023424062197956757113418887129381
     ],,,,,,,,,,,, [ 3930835231, 318339065167 ],, [ 86624232228700097 ],,,, 
  [ 1016380371289 ],,, [ 21564801259 ],,, 
  [ 2319676595680861, 1871804962194287137291, 6692725504167990827671 ],,,,,,,
  , [ 35671308561318484297 ],,,,,, [ 37781803537 ],, [ 11911596001 ],,,, 
  [ 1135318279 ],, [ 409799735809 ],, [ 394905873877 ],,,, 
  [ 1938154075157, 226400067059011, 4547457988033643 ],,,,,,,, 
  [ 37836927631, 8132783644396944361 ],,,,,,,,,, 
  [ 390077745961, 1090587348886561, 8208478201537988921 ],,,,,,,,,,,,,,,,,,,,,
  ,,,,, [ 4372929314857, 4487437007839300473991 ],,,, [ 580872099461 ],, 
  [ 2087885135857, 6980074516273 ],,,,,,,,,,,,,,,,,, [ 197100811381 ],,,,,, 
  [ 2839823617 ],,,,,, [ 30540984079339 ],,,,,,,,,,,, 
  [ 83230445917, 650263476151 ],,,,,, [ 35149143170161 ],,,,,, 
  [ 12765502819 ],,,,,,,,,,,, [ 102190298869, 35103187992979 ],,,,,,,,,,,, 
  [ 4292512234921 ],,,,,, [ 660977669089 ],,,,,,,,,,,,,,,,,,,,,,,, 
  [ 394753156561, 976029215157609791641 ],,,,,,,,, [ 280812002329 ],,,,,,,,,,,
  ,,,,,,,,,, [ 2558366391601 ],,,,,,,,,,,,,,,,,,,,,,,,,,,,,,,,,,,,,,,,,,,,,,,,
  ,,,,,,,,,,,,,,,,,,,,,,,,,,,,,,,,,,,,,,,,,,,,,,,,,,,,,,,,,,,,,,,,,,,,,,,,,,,,
  ,,,,,,,,,,,,,,,,,,,,,,,,,,,,,,,,,,,,,,,,,,,,,,,,,,,,,,,,,,,,,,,,,,,,,,,,,,,,
  ,,,,,,,,,,,,,,,,,,,,,,,,,,,,,,,,,,,,,,,,,,,,,,,,,,,,,,,,,,,,,,,,,,,,,,,,,,,,
  ,,,,,,,,,,,,,,,,,,,,,,,,,,,,,,,,,,,,,,,,,,,,,,,,,,,,,,,,,,,,,,,,,,,,,,,,,,,,
  ,,,,,,,,,,,,,,,,,,,,,,,,,,,,,,,,,,,,,,,,,,,,,,,,,,,,,,,, 
  [ 131243087977, 24476516131312415743 ] ];
