BRENTFACTORS[1289]:=[ ,,,,,,,,,, [ 72946657103 ],, [ 14906584967 ],,,,,, 
  [ 1204175534377 ],,,, [ 2771522771, 18093973114153 ],,,,,, 
  [ 3630963500286517325237939143412567 ],,,,,,,, 
  [ 2403538080231523, 7082228386949765781828962575520689 ],,,, 
  [ 3605094385820589012110770944593415404928406049341 ],, 
  [ 566444474946129371, 29367249175025524823028469 ],,,, 
  [ 441186813160238926841881693072595732801, 
      630264389436884091143689022471980452613286075933 ],,,,,, 
  [ 31290105780495941, 23276384542989789301934312960833, 
      1665045126316127888570092241193047451589 ],,,,,, 
  [ 21734307547, 101077610561, 29692734775069986815523289253 ],, 
  [ 46066315176457, 773157585191565030407 ],,,,,,,,,,,, 
  [ 23319915847, 1848441849937 ],,,,,,,,,,,,,,,,,,,,,,,,,,,, 
  [ 7029020182454211719 ],, [ 1515064699, 40083722777965870986070633 ] ];
