BRENTFACTORS[5683]:=
[ ,,,,,,,,,,,,,,,,,,,,,, [ 31278505544014069997, 6954385164148141336956901, 
      592867682702263994203990809001951 ],,,,,,,, [ 13604689954327159 ],,,,,, 
  [ 292071895609909 ],,,, [ 65411830009, 12066991158016060546423231751219 ],, 
  [ 1054418067742582457069 ],,,, 
  [ 449523882600773, 76842043145917487457211, 325989136423478952151878077 ],,,
  ,,, [ 5966415317761, 14094698601911 ],,,,,, 
  [ 45432682082670699727566138822839 ],, [ 5393974864600953563664375779 ],,,,,
  ,,,,,,,,,,,,,,,,,,,,,,,,,,,,,,,,,,, [ 34297699181 ],,,,,,,,,,,,,,,,,,,,,,,,,
  ,,,,,,,,,,,,,,,,,,,,,,,,,,,,,,, [ 43329268022600629843 ],,,,,, 
  [ 4980565491834487 ],,,,,,,,,,,,,,,,,,,,,,,,,,,, [ 1002089130582173 ],,,,,, 
  [ 12909777997 ] ];
