BRENTFACTORS[904]:=[ ,,,,,,,,,, [ 7676798581 ],,,,,,,,,,,,,,,, 
  [ 116299845069024781 ], [ 656687410524377 ], [ 113068440299863 ],, 
  [ 1461998865655380921192716010887 ],,, [ 1275721931105503859 ], 
  [ 12188558715246842041, 41571128986153075049371 ], [ 1004888643769 ], 
  [ 104561975951, 1396492100223691651 ], [ 1942390712906833608071 ], 
  [ 1858092991, 3471803349417358909123 ], [ 36318978361 ], 
  [ 218728438184071422291376042172166715300913638244987443 ], 
  [ 29404040410291 ], [ 13869210842871653102000488091382797981 ], 
  [ 22012510474373, 391210021290176441 ], [ 1046403118171 ], 
  [ 9264886956599 ], [ 547852171483783, 5887164427342250389 ], 
  [ 948443625387379969 ], 
  [ 194883324826446583740982112594034635995765177252217 ],,, [ 8861752652689 ]
   ,, [ 2842050971161 ], [ 2750525133401, 4795861540281294464521 ], 
  [ 508336837838873, 1180276864464887561 ], 
  [ 35633505672697, 4474098381881175505176074407 ],,,, 
  [ 666300145665922092979, 55699774184552033356601777 ], 
  [ 14577455687, 72732601005709, 15279030832675556498191379 ], 
  [ 694925706637, 1315180674020557, 3329150659647509179044124799671 ], 
  [ 542456806998529 ], 
  [ 7727132011, 6060761953871, 25113961459653498210175353078721 ],, 
  [ 129851791213, 433505465879 ], 
  [ 10926313577, 65606791554263627533, 91304588290761611069 ], 
  [ 4446413091223, 21604209118207, 5248166048555844101947772368033837 ], 
  [ 17665283139071, 25068318444409304582092541 ], 
  [ 50926825757, 128148756769131522770191, 356339949481511337919757 ], 
  [ 10196024357333516334301259253557641 ],, 
  [ 1660547347, 2256920837243, 33631872698046977 ], [ 750824393049751 ], 
  [ 242733253447913806522207900165201, 4365924961737255051126689686774928321 ]
   ,, [ 2411464459, 93733153099, 3176582768581 ], 
  [ 4928980606031, 1028970805927108353527 ], 
  [ 16251756920469752488869613422184355355981841 ],, [ 161974527745127 ], 
  [ 2065632631690422325997812326479, 3235336204869160770921020233039 ], 
  [ 10186849663621, 3827378048839558501 ], [ 18094758181 ], 
  [ 494928531271116361575307938222083470079545531 ],, [ 1653687299410609 ], 
  [ 2746777097 ], [ 18719712181, 1419170033881 ],,, [ 792424621237 ], 
  [ 2648474298343, 4581907780111012380720443019463979723513391806312186137201 
     ], [ 26047893631, 1844578072711472829431 ], 
  [ 2666776425764052378970070593 ],, 
  [ 82950647068759, 8360942978327741033, 714982068460827710446382753 ], 
  [ 373797421345063 ], 
  [ 66797349301, 627781651677034563001, 6090366829855236492752635201 ],,,, 
  [ 248630250233, 475794576193, 1022622923921, 233977506095000929, 
      30115864489842467068977636013843313 ], 
  [ 279313897171, 39189639485325786451, 
      31472958128352633180270599050226331001 ], [ 41064399368930438209 ],, 
  [ 14998821517, 146021701429 ], [ 50319711571 ], 
  [ 3410548001540405221, 20728190437279394521, 42137952698201322456829836821 ]
    , [ 12060287019173538392000407 ], 
  [ 43831489969, 25136669003637482257, 110214225752839543298818900272641 ], 
  [ 474956378002119874687 ], [ 12709441963 ], 
  [ 7133890320971, 10441623073241 ], [ 12685123741, 1265689746929 ],, 
  [ 4986004451, 2392468259268553, 2234637611214595737411435144601333 ], 
  [ 1053442979 ],, [ 2000837851 ],, [ 1835720881 ], 
  [ 1847348560489, 91025996647391749, 17232966029242730412553, 
      41603557244762713677294347437 ], 
  [ 1906593001, 95572203751, 2979219018727001 ], 
  [ 15012733439738971819, 363951447062237590123 ], [ 339844042917871 ], 
  [ 20731936769, 301732944001 ],, 
  [ 877854864133001, 10214762762492982672402589122261030287971411 ],, 
  [ 7196518949797, 16832182229931991287698468917 ],, 
  [ 47533104328884836053774930127329 ],,,,,, 
  [ 5088294063891200719496398589703161 ],, [ 5419912943, 2400742584699073 ],, 
  [ 706653301244689, 107648994819205312002551884633150554145297 ], 
  [ 1570657691, 34887076561 ], [ 285589561578306453740650207 ], 
  [ 11963064819973051 ], [ 2036097152427469006181 ],, 
  [ 222622438651, 1487730067386591432000771206865051663574951 ],,,, 
  [ 339338489798771, 35374771341073627 ], [ 8568234473021 ],,, 
  [ 1163031307353998791 ],, [ 20551520321 ],, 
  [ 471035231371, 5471085958562581363 ],,,,,, 
  [ 580502329099502292160898884267646167568029626458426436884893105417 ],, 
  [ 26317969961, 2633361613450988034873521, 20209533458224299123690121 ],,,,,,
  ,, [ 21372718457 ],, 
  [ 2940724037161, 17519321310661, 278484788252676103830655333898650021 ],, 
  [ 549729447541, 70679751821444767 ], [ 243299552551203727 ], 
  [ 222571901417 ],, [ 504904120453, 22301911316405824678280271409 ],,,, 
  [ 29086581230997701 ],, [ 142215300481, 271839366955082745100993 ],,,,,, 
  [ 14666857921 ],,,,,, 
  [ 1352497111308529, 4697674224383641, 295727598645043713829 ],,,, 
  [ 178565884001233, 5046806635105836641 ],, 
  [ 323015846161, 189284973345983371176080671 ],,,, [ 1617877237 ],,,,,,,, 
  [ 1545685658928981937185631, 8649678698390294555722447 ],,,,,, 
  [ 115587953881, 14427421276145677, 84739817786206029480673 ],, 
  [ 5050485243161 ],, [ 2686532857 ],,,, [ 668092722724866293 ],, 
  [ 58630800480127, 84403903030819524671 ],,,,,,,,,,,, 
  [ 73466919751, 246326734751, 366622399427495592751 ],, 
  [ 12035418050881, 15406337129653 ],,,,,, [ 390824936467738540843477 ],, 
  [ 3437204938272821 ],,,,,,,,,, [ 4576164629329218244321 ],,,,,, 
  [ 173120768437, 1746603938636902074157, 4650118693908112156369189 ],,,, 
  [ 7464444209743857001 ],, [ 10289304673 ],,,,,,,,,,,,,,,,,, 
  [ 1608053803501 ],,,,,,,,,, [ 1881592837651 ],,,,,,,,,, [ 34206785281 ],,,,,
  ,,,,, [ 5422494991 ],,,,,, [ 13961500972368899713 ],,,, 
  [ 1083772441, 212682206282201 ],, [ 29564098495507 ],,,, [ 11697378739 ],, 
  [ 68116565429114473 ],,,,,, [ 1989877873585159669 ],,,,,, 
  [ 3938300952436969201 ],,,,,, [ 430017153331 ],,,,,,,,,,,, [ 73747472653 ],,
  ,,,,,,,,,, [ 1421035981 ],,,,,, [ 11608830344111617 ],,,,,,,,,,,,,,,,,,,,,,,
  ,,,,,,,,,,,,,,,,,,,,,,,,,,,,,,,,,,,,,,,,,,,,,,,,,,,,,,,,,,,,, 
  [ 127835645281, 672716384161 ],,,,,,,,,,,,,,,,,,,,,,,,,,,,,,,,,,,,,,,,,,,,,,
  ,,,,,,,,,,,,,,,,,,,,,,,,,,,,,,,,,,,,,,,,,,,,,,,,,,,,,,,,,,,,,,,,,,,,,,,,,,,,
  ,,,,,,,,,,,,,,,,,,,,,,,,,,,,,,,,,,,,,,,,,,,,,,,,,,,,,,,,,,,,,,,,,,,,,,,,,,,,
  ,,,,,,,,,,,,,,,,,,,,,,,,,,,,,,,,,,,,,,,,,,,,,,,,,,,,,,,,,,,,,,,,,,,,,,,,,,,,
  ,,,,,,,,,,,,,,,,,,,,,,,,,,,,,,,,,,,,,,,,,,,,,,,,,,,,,,,,,,,,,,,,,,,,,,,,,,,,
  ,,,,,,,,,,,,,,,,,,,,,,,,,,,,,,,,,,,,,,,,,,,,,,,,,,,,,,,,,,,,,,,,,,,,,,,,,,,,
  ,,,,,,,,,,,,,,,,,,,,,,,,,,,,,, [ 38948704952340457 ] ];
