BRENTFACTORS[6301]:=[ ,,,,,,,,,, [ 5134838056972906151 ],, [ 457259256606881 ]
   ,,,, [ 118982670531943 ],, [ 134845530555001975847189 ],,,, 
  [ 21511072829 ],,,,,, [ 72707349475506332341 ],, [ 12222141179808191 ],,,,,
  , 
  [ 523035389504395920449413049293471, 167575891082563516388009355623716574334\
757, 11409657488241835432007909816079865668608247240329807941439 ],,,, 
  [ 205386815558513893, 
      1113388255942449528687596332095462152445270633515233537 ],, 
  [ 751351357543417596541, 21818196936554022630827728993, 
      19298025615718267289144337726520820703167 ],,,, 
  [ 4511314271, 106248778765897 ],,,,,,,,,,,, 
  [ 766175370989426473639, 10264863527018349102283 ],,,,,,,, 
  [ 285766809466867439 ],,,, [ 93619861593678736969312403269 ],, 
  [ 1353559723, 710539914043724913185621022323981 ],,,,,,,,,, 
  [ 273694643393, 464303668473531421 ],,,,,,,,,,,,,,,,,,,,,,,, 
  [ 949871885465176067 ],,,,,,,,,,,,,,,,,,,, [ 459129855770203 ] ];
