BRENTFACTORS[887]:=[ ,,,,,,,,,,,, [ 34503743873 ],,,, 
  [ 1957915943, 8390312489467 ],, [ 20306653979 ],, [ 43505827051 ],, 
  [ 113999499213106153 ],, [ 16358242281173015404659301 ],, 
  [ 37541697373, 72961989181957 ],, [ 7123038696407 ],, 
  [ 2659261097, 126582783869833172621955454264779142387 ], 
  [ 1292767882369, 2170216505267233 ], [ 4661107420069, 9722623054453 ], 
  [ 2665574603 ], [ 89733241291, 59043488412125281 ],, 
  [ 59953979625284563867, 11845192484322596967254337258397 ], 
  [ 293726275140317 ], [ 30984703699, 334643669993959 ],, 
  [ 614867093607792603414941763102157964137 ],, 
  [ 75397247911, 85133159648753, 99124971678260491 ], [ 198906103133 ],,, 
  [ 144271217767 ], [ 492713980948113937 ], 
  [ 2884445229037, 210532095043748887535073988433 ], 
  [ 160633604173414050503351 ], 
  [ 24659700409084357840322777653781575168696267 ], [ 412004590453 ],, 
  [ 2394477073 ], [ 416866872626698639728295228231 ], 
  [ 68027199017, 23730970464713, 1603955411673733076393 ], 
  [ 89203717387, 263783771559280250325511, 1018205247508336479444392239422451 
     ], [ 2679623276874554467530783164891 ], 
  [ 4101893227, 4982122325484967002415601683092047033297, 
      140676036373371474282327350261323703399366113938019335455179 ],,, 
  [ 719411706347515850070692551 ], [ 517606621132930057 ], 
  [ 216619678552152193, 4512506289203093118952607692748353 ], 
  [ 5526497477821948007381, 17071392266983127931808042145433082240295941 ],, 
  [ 386467220927779, 427110126215741, 502385376018574897, 
      4005488544673196170051951028361314929, 
      7841738321931224854898687009159312761 ], 
  [ 66313502149, 56593753023098156094747180190053329 ], 
  [ 41489774739392048148301 ], [ 53038207035160597181 ], [ 6861553539367 ],, 
  [ 6366859917221, 9175818855023059, 5504648922790502389, 
      329513210521051091769609313 ], [ 11041598446338934036492361 ], 
  [ 21517882801, 195284129386302001 ], 
  [ 56371436453, 97849516710397363829, 3136581684172069551186094410913 ], 
  [ 1535970283, 1605231167, 395716052066337310388678804527861, 
      488989372576864289811124962196185666365207 ],, 
  [ 1116321717509, 600074591603797678924747, 
      30994398026401598064435523826074585767994159 ], [ 288288257395681 ],, 
  [ 120960830644497721, 594996179842510601987227539297386137 ], 
  [ 304754804789, 1449985424538678510875231762989201 ], 
  [ 1786117126132753, 2352465224885947455313 ], 
  [ 5854892486291, 1734896039734611127958509186711, 
      265166022498705358806200820226108529219441 ],,, [ 4649151761 ], 
  [ 271525533469670864598876397, 29126038781746391595467928594449 ],, 
  [ 1359855832063, 258089091876799, 1350920773133023 ],,, 
  [ 13225301260824796051, 5762643571424839468165441999623438380941222204597 ],
  , [ 1153239241676941057, 234669397288275525293692273441 ], 
  [ 550932641664456395538183893441, 91952571000944720044300428200887309351 ], 
  [ 171561403617510540627936449171436119782697438058853331066713 ],, 
  [ 5734898476225446090712895592601, 12098337720135740889803682324498745601 ],
  [ 7139163353681, 1793901454627336899081605201, 
      120858958493930350926988542852853 ], 
  [ 2971507733549581, 1316070581400615427 ],, 
  [ 4109515910529229721, 45923003065343811846336041 ],, 
  [ 502217901690268387956705391197983, 3503475653896019081501860231428617, 
      269508893503328734820897528640480769 ], [ 2069869952009609 ], 
  [ 1372294737695967064597, 289807068660674421209777298393265729 ], 
  [ 3115151549 ], 
  [ 313582038331, 41188742982777941, 4090066897877596264467731191861 ],, 
  [ 3544219291537, 17946923199761777371951120553499828137470992292049 ],, 
  [ 339293037511, 227422981390273, 218367817923098005885084459 ], 
  [ 880765913921663199161376461 ], 
  [ 20469920410592837237, 30780723887592161417160471601 ], [ 10030347289 ], 
  [ 27583414387881643063130259971898034237243 ],, 
  [ 322264765232240026197068401 ],, [ 12541351918765725480424614319129 ], 
  [ 12751338169, 2584176557365590084481, 90023719607529612677712463 ], 
  [ 38755749509, 346768916004389441273 ],, [ 4197250393821534992419 ],, 
  [ 105667018753 ], [ 64535684590081249, 4380802715160306021859 ], 
  [ 12360473579844249731, 991126092839909312911, 
      1974602620069403095962840831481 ],, 
  [ 695932401479041, 88065564516268441868514013 ],, 
  [ 4825754754851980849181612151698177930094479491 ], [ 209515412971 ], 
  [ 239294415826889 ],, [ 2029691060553017254023449548861 ],, 
  [ 4169780035333651458094499225317382350820867628374354891221 ],,,,, 
  [ 13685132191, 6705711807271 ],,, 
  [ 770013244384477, 14157106752837577, 1711323722769201128069, 
      4693262222198117366825902741 ],, [ 45645373623301 ],, 
  [ 25665352321633, 132191277939196841 ],, 
  [ 133328440246827590172261268339, 4996053496993696663124226474853305839, 
      7888808578839621629020117986313433995223818797729941 ], 
  [ 2745592057631, 8184916136801 ],, [ 1323861367 ], 
  [ 1387760611, 10405292343465340338563837 ], [ 17621424639541 ], 
  [ 7786703131201, 1656842235748376433517395327841, 
      165663262319039521680120699662789256161 ],, [ 1100182663 ], 
  [ 293316637535921 ], 
  [ 26327812714537793, 137897161179205843061, 31210284613759196575696874370672\
9910761516966677 ],, [ 2359501093, 188653877084483879912443 ],, 
  [ 335153445456481 ],, [ 188227634941 ],, 
  [ 2260283821, 5224025453, 13729917029, 1450133589208865789 ], 
  [ 29439874679 ],,, [ 10013441329, 338294530993, 15414267345966193 ], 
  [ 9761184673 ],,, [ 44943511948377049531753494171301 ],, 
  [ 1598294232560287081, 175196532255170757833519473 ], [ 603347923771 ], 
  [ 3137951508073, 533690826995548121 ],,,,,, 
  [ 6410975725571, 394804622123645021, 11931586822338704631251, 
      4498113427810364368467061, 1688709466881015030266714104917001, 
      51175468243020252940220870603044441 ],, [ 1698596230657 ], 
  [ 1414016102513090749 ], [ 10287049627, 101293092217735403 ],, 
  [ 10443241229 ],, [ 29081536480459 ],, 
  [ 1151154601, 1239090780601, 4356452905601, 2902068447157079401 ],, 
  [ 186415992008777 ],, [ 94345051790547285291877 ],, [ 6581987989 ],, 
  [ 15103072077890161 ],, 
  [ 8576576866480141, 2474923087605235247594754428725586731 ],, 
  [ 127124682761 ],,,, [ 49232658917766143881 ],,,, [ 2730015104073893114821 ]
   ,,,, [ 31594899617 ], [ 156283216572151, 277322410053901 ],,, 
  [ 499031430433, 2660788327177, 19517257113097, 27591753774901 ],, 
  [ 904505376101, 12234749624551 ], 
  [ 231170558851, 729560246647, 482729464477723849 ],,, 
  [ 4314516447491951187207044377 ],, [ 68231810599619869 ],,,, 
  [ 581443776814730881, 1823332647687076414321 ],, [ 2265617488604471 ],,,,,, 
  [ 1892385636761 ],,,, [ 59529348561188932021, 5027546874546019543936237561 ]
   ,, [ 4165804217 ],,,, [ 753174111259, 256642111421017747 ],,,,,, 
  [ 45215155393 ],, [ 1275463351, 364094152927, 176836237981369 ],,,, 
  [ 4653351124111 ],,,,,,,,,, [ 13157907281 ],, 
  [ 2895164563, 124272929499551743 ],,,,,,,,,,,,,,,,,, 
  [ 3200979601, 3775093801, 180189469152104958023087330701 ],,,,,,,, 
  [ 48313530013981, 11794410203069341 ],,,,,,,,,, [ 16418641783 ],,,,,, 
  [ 91806312181501 ],,,,,,,,,,,, [ 14167336222333729 ],,,,,, [ 1034384304763 ]
   ,,,,,, [ 12443650717 ],,,,,,,,,,,,,,,,,,,,,,,, [ 28238225749 ],,,,,,,,,,,,,
  ,,,,, [ 13226719741, 9245099132491 ],,,,,,,,,,,,,,,,,,,,,,,,,,,,,, 
  [ 10396745101, 212285892752071321 ],,,,,,,,,,,,,,,,,,,,,,,,,,,,,,,,,,,,,,,,,
  ,,,,,,,,,,,,,,,,,,,,,,,,,,,,,,,,,,,,,,,,,,,,,,,,,,,,,,,,,,,,,,,,,,,,,,,,,,,,
  ,,,,,,,,,,,,,,,,,,,,,,,,,,,,,,,,,,,,,,,,,,,,,,,,,,,,,,,,,,,,,,, 
  [ 361578644212872023401 ],,,,,,,,,,,,,,,,,,,,,,,,,,,,,,,,,,,,,,,,,,,,,,,,,,,
  ,,,,,,,,,,,,,,,,,,,,,,,,,,,,,,,,,,,,,,,,,,,,,,,,,,,,,,,,,,,,,,,,,,,,,,,,,,,,
  ,,,,,,,,,,,,,,,,,,,,,,,,,,,,,,,,,,,,,,,,,,,,,,,,,,,,,,,,,,,,,,,,,,,,,,,,,,,,
  ,,,,,,,,,,,,,,,,,,,,,,,,,,,,,,,,,,,,,,,,,,,,,,,,,,,,,,,,,,,,,,,,,,,,,,,,,,,,
  ,,,,,,,,,,,,,,,,,,,,,,,,,,,,,,,,,,,,,,,,,,,,,,,,,,,,,,,,,,,,,,,,,,,,,,,,,,,,
  ,,,,,,,,,,,,,,,,,,,,,,,,,,,,,,,,,,,,,,,,,,,,,,,,,,,,,,,,,,,,,,,,,,,,,,,,,,,,
  ,,,,,,,,,,,,,,,,,,,,,,,,,,,,,,,,,,,,,,,,,,,,,,,,,,,,,,,,,,,,,,,,,,,,,,,,,,,,
  ,,,,,,,,,,,,,,,,,,,,,,,,,,,,,,,,,,,,,,,,,,,,,,,,,,,,,,,,,,,,,,,,,,,,,,,,,,,,
  ,,,,,,,,,,,,,,,,, [ 626280685201, 475163672300091601 ] ];
