BRENTFACTORS[5413]:=[ ,,,,,,,,,, [ 3509657737661989 ],,,,,,,,,,,,,,,,,, 
  [ 53104920787379, 2580368767198302693720411487594441, 
      133515701538490079616653637660525284024631862649109703 ],, 
  [ 4678067029, 1002030524611, 16113636811419870322967, 
      723869687652922416280733315262180699856471597851703481 ],,,,,, 
  [ 767175017251048823501453 ],,,, [ 4175062523579 ],, [ 84010397311 ],,,,,,,,
  ,, [ 8821356041, 1907396074819590463587613 ],,,,,, 
  [ 4962277998841, 34532320231853452000189 ],, 
  [ 355787554217, 9434420652119160357270487 ],,,,,, [ 161043400442952450979 ],
  ,,,,, [ 7971109441 ],,,,,,,,,, [ 10581092321 ],,,,,,,,,,,,,,,,,,,,,,,, 
  [ 331652833331 ],,,,,,,,,,,,,,,,,,,,,,,,,,,,,,,,,,,,,,,,,,,,,,,,,,,,,,,,,,,
  , [ 123774180253 ],,,,,,,,,,,, [ 8313870861113 ],,,,,,,,,,,,,, 
  [ 7948013809487 ] ];
