BRENTFACTORS[450]:=[ ,,,,,,,,,,,, [ 8984414925617 ],,,, [ 84555255744955561 ],
  , [ 11762483118382038641 ],, [ 20406671465881 ],, [ 1249500112750749521 ],, 
  [ 19956311384086801 ], [ 82334788678507 ], [ 126973982809 ],, 
  [ 216206520193 ],, [ 1609790063582963976694669377416361791 ], 
  [ 898803949313 ], [ 21348914401, 1677716221633 ],,, [ 6837814189 ], 
  [ 879355282409 ], [ 3243012202578739 ], [ 1792031165388127 ], 
  [ 992123116001 ], [ 3124358004482999 ],, 
  [ 554847226760279, 1971660548210264143, 46046453320660066756921, 
      1518129429828661522436025769 ], [ 4089456086953771546728629 ],, 
  [ 3621977576141417 ], 
  [ 3609614335913681, 197143514867775465902552418970060711 ],, 
  [ 160493946946201639 ],,, [ 447660846673 ], [ 30065840212039166471 ],, 
  [ 1227692343027042416954885219527385098445671675271 ], [ 4238383073 ], 
  [ 16965707089, 233053754977, 25878285315097, 1674901642022383 ], 
  [ 7399274620107379043 ],, [ 9446543641 ], 
  [ 669775431359749139845911438166217, 
      128403799540347506533968216663685635337 ], [ 190885043179 ], 
  [ 80509931179273, 662656487779441 ], 
  [ 1180055909765633, 21474000166018020682841729 ], 
  [ 498220679040548507161, 151369100005506863634239742884567307680441 ], 
  [ 1655719549441 ], 
  [ 1103827554849190112634647369, 606288566782166190060593828755817 ], 
  [ 2235419761, 55554088098809, 24336354859249032869 ], 
  [ 94677754529420758151553062839, 56313161723908229446403018561084809591 ], 
  [ 58576658662735659145371647291 ], [ 3202211265085440241 ],, 
  [ 1392200520457127 ], [ 6605569586327609, 33943766370944497 ], 
  [ 49745802751, 2683508886151 ], 
  [ 1176059569, 123714362173921, 9123589157412377 ], [ 229001205334366081 ],,,
  ,,, [ 275867620079, 144051724613119, 201996636735833 ], 
  [ 257570542657, 861313818373 ], [ 360975857121314711 ], [ 67290244022497 ], 
  [ 2607404158641871 ], [ 15405815902405088383983757533899089 ],,, 
  [ 3435064543, 3444377785369642031 ], 
  [ 1334174617, 1756225813, 1036989492089, 24392515372089805607821670501 ], 
  [ 106249794631, 19793470360354745782187287 ], 
  [ 1010224393, 97076791029536771303527060463113 ],,,,,, 
  [ 1814984291401, 1460285942120153101, 786124153953140543519079929351801 ],, 
  [ 180171561797016529, 10348963872237741211 ], 
  [ 7042301993, 789468012353, 2814191723839, 7010369416177, 192502117008343 ],
  [ 2157755393, 519868525790017 ], 
  [ 2940085905998793242536441, 6225907737465050331982862801861552628735751 ], 
  [ 9292974549619560347, 166649333823320619070748342116998468888257 ], 
  [ 237389116519 ], [ 303174314749, 624064517714917, 25387067109753477613 ],, 
  [ 46364964361 ], [ 69828963361 ], 
  [ 3782772449, 6025660033, 8011725793, 1893518628961, 
      1260105404930815256075809, 23839233169551340045475345537 ], 
  [ 1384178359, 17572486986303911 ], [ 850740830709763384627 ],, 
  [ 1325783495581529, 75002912040069661, 
      5255834270444632850590705694401798810241 ], 
  [ 18347255460503745123764287 ], [ 506185827961228755728321 ], 
  [ 16761063607, 273558730877881 ], [ 284668179024241 ], [ 1889628929 ], 
  [ 6492661630633, 141743227737518958456345379, 255292683278098501995680057, 
      279579795739102302800982170434621454570137 ], 
  [ 30559091628961351, 9293106642813323497 ], 
  [ 66406316813, 304346372893, 1995273899422278697, 
      24514497638963590235445337, 101735385221772628028204474989 ],, 
  [ 10250130338659, 361419965838406441, 17084762363907114290779507507 ],, 
  [ 29913623035252976243969, 811384579036828912048897 ], 
  [ 100537302629018381239 ], [ 217211926405241, 314895084719352287261521801 ],
  , [ 13583455117, 7222466277573493, 8783803785109849, 41644001260897993 ],, 
  [ 12640470897019747 ],, [ 696024497185797962129, 1175656029289188042577 ],, 
  [ 8221876264929931, 345597302777946298266720499, 
      487906751634306386518012762476363979 ],, 
  [ 6686845621, 220378843721, 2871886692351935180412590801, 
      205236996741221795470878707041 ],, [ 131676369274993 ], [ 4433722151 ], 
  [ 2191556398499495061121, 127146586050006320539953217, 
      37398744194072566856086177682113 ], [ 313128356951 ], 
  [ 1004785433, 2274743282328168343079137, 74588096182660155297054739, 
      55539088368649280523055225577 ], [ 6013225513 ], 
  [ 1641931241, 1754857757, 658320158940992189, 1176442030184270163733, 
      1500363157410210971945033, 102145151560582306878586613, 
      1003396482143062067367795324849841 ],, 
  [ 21711101117284081095500863438736132925521761424401 ],, 
  [ 21006131821433249, 919679152310454035106748369 ],,, [ 836684975521 ], 
  [ 195477716461, 11220463129669, 1079182568050422119919235277932152719933281 
     ],,,, [ 1437335141441, 5265397841370881 ],, 
  [ 13892735089, 1246985690591604409470626347 ],, 
  [ 1362075074310418261, 1417181203320709290313, 16856779656825675792321493, 
      601493551222097263626695616890061578619031118569481427125809, 
      9775238627971971283020351507782261431167834297970793213107088933235593 ]
    , [ 15887601816348036721 ], [ 755207730940332724673 ],, 
  [ 22130145753778091279888777060209 ],,, [ 7043854898953, 70882947655177807 ]
    , 
  [ 47526662828010380304046717, 2026553888819667213653212213, 1392063675365010\
02399987979004928025614944520679409 ],, [ 5729505305747161 ],, 
  [ 1362953153 ], [ 8747377879, 9165800569, 170357253721 ], [ 3891810549203 ],
  , 
  [ 8627302018801, 3248462248117741, 40024970533131538209481, 3657259912502304\
9061494481 ],,,,,,,, 
  [ 53089113004172859948344659707930515799921616312457, 8535907951524451392543\
89999448412915035759008472219772116894985892701 ],,,,,, [ 60572815747 ], 
  [ 6985436641 ], [ 5170659341, 3885699728366260868383668551425517 ],, 
  [ 15004608750639091, 39796331232204015693416281, 
      13503942343787974654774567843, 985165626837735675047607425227 ],, 
  [ 82743218401 ],, [ 11220581467, 19466504873, 384445285769 ],, 
  [ 3737674537, 25755208081, 129810377322937, 558485920412086791361, 
      12715036502952693326699324617 ],, [ 1697190947, 114334548944531 ],,,, 
  [ 28212672817118161 ],,,,,, [ 690472493958828918529 ],,,, 
  [ 53523166453021, 146075020588717001, 612733683185268420549646005686352361, 
      2914937655986668750176395575514255673804272253513281 ],,,, 
  [ 4008429913601 ], [ 23706606463914151 ], 
  [ 103647060739, 12553399415573257 ],, 
  [ 1825125409, 281621006770141, 122600044929050201055493016355073290812365783\
185975452178409133857 ],,, [ 139076103937 ], [ 2530747785267013441 ],, 
  [ 79188343156372518667, 712668343594282526179, 72560386869760230178609, 
      158719292391042107758801, 128785420942302983914755883 ],, 
  [ 586028451109 ],, [ 61251045017, 88104313697, 11970063784883126938009 ],, 
  [ 409010463089434081, 18504000902273550823869601, 
      2590394394665222100148246012801 ],,,, [ 47525905659209 ],, 
  [ 46398517862089, 445192218519199794297539606011 ],,,,,, 
  [ 176277119509, 35680967468205494574996298279420707848221, 
      991578077475356362829453394823687388171077 ],,,,,, 
  [ 28770989713, 3195175277830603, 1052681730665804481289 ],, 
  [ 3350607317201, 19018220585143261 ],,,, [ 2274284768195617 ],, 
  [ 1478720381881, 1667586575795603 ],,,, 
  [ 3208219012232408317385161, 312998376065503923289963891 ],, [ 2664563137 ],
  ,,, 
  [ 17642772841, 221083232563441, 26699114891416739076043801, 2245721112473268\
64416034642168390749444713811310395598064948456472229 ],,,, 
  [ 80334485419882961 ],, [ 123819990587011 ],,,, [ 2494429939 ],, 
  [ 157676286921409 ],,,,,,,,,,,, 
  [ 10952882270101, 61851100548901, 9937266435108706236505201, 
      4603349204285272983151190089277021053892423307550830465335695201 ],,,,,
  , [ 2839158577, 41348791313032123 ],, [ 6718681672060513 ],, 
  [ 9996168124739386081 ],,,,,,,, [ 397546477609, 120059294537569 ],,,,,, 
  [ 84879932691277 ],,,,,,,,,,,, [ 16361822401 ],,,, 
  [ 29981170081, 113540496644261 ],, [ 77158523645477803 ],,,,,, 
  [ 1060796221, 1623087244211689 ],, [ 401080867601 ],,,, [ 44756514883 ],,,,,
  , [ 44441716321 ],,,,,,,,,,,, [ 30568834350337 ],,,,,,,,,,,, 
  [ 18704771864650584142849 ],,,,,, [ 5861048531131, 138856045258426081 ],,,,,
  , [ 22085560574353 ],,,,,,,,,,,, [ 93555148273, 1193063887153 ],,,,,,,,,,,, 
  [ 5677688399041 ],,,,,,,,,,,,,,,,,,,,,,,,,,,,,,,,,,,,,,,,,, [ 8119731313 ],,
  ,,,,,,,,,,,,,,,, [ 39102925261441 ],,,,,,,,,,,,,,,,,,,,,,,,,,,,,, 
  [ 1335627037441 ] ];
