BRENTFACTORS[4127]:=[ ,,,,,,,,,, [ 52868886437394721, 404738919767862571 ],,,,
  ,, [ 1173083641, 208639954075479232993, 28942116700580677969012506217 ],, 
  [ 1709971463, 541176031193709713, 130376185058992041517517993535818997223 ],
  ,,,,,,,,, 
  [ 105071146011944880083924980657573358251, 193211627038477984943152034488363\
074833881810058767 ],, 
  [ 15795994070111, 1824008366276674671094715785719668357, 
      1135102530028238048136702009159893915894663603 ],,,,,, 
  [ 1894360996007, 1016455768212473, 1985046338305113803, 
      5713513597582584118412757407218126011899719567614525890335894295119349 ]
   ,,,, [ 29117898347773455097, 82805394711955376520280832467 ],, 
  [ 13439508942083154569 ],,,,,,,,,, 
  [ 14163651946135037, 1886318986910536111 ],,,,,, [ 12654498299 ],, 
  [ 84396492539, 35347261865593, 151346208500251 ],,,,,,,,,,,, 
  [ 658863103092703, 405786580716667811 ],,,,,,,,,,,,,,,,,,,,,,,,,,,,,,,,,,,, 
  [ 11651415263 ],,,,,,,,,,,,,,,,,,,,,,,,,,,,,,,,,,,,,,,, [ 141539075211529 ],
  ,,,,,,,,,,,,,,,,,,,,,,,,,,,,, [ 446873499223499 ],,,,,,,,,,,, 
  [ 13303632467 ] ];
