BRENTFACTORS[4519]:=[ ,,,,,,,,,, [ 777476292847 ],, 
  [ 1217289664631, 5373796263858550034250823 ],,,, 
  [ 67754030843, 93894138171938557324070680375774066543 ],, 
  [ 4254151339, 39821399253579636907, 30990346967177500153860401137 ],,,, 
  [ 88439628327137446233591432007, 
      61984465037048022716777896827690968798492442674689 ],,,,,, 
  [ 92770095154703, 61578738279696950471729, 
      957882144960976296645192679399705213175210851513 ],, 
  [ 2251753174361851569763578193 ],,,,,, 
  [ 193090156043, 33420620469827, 276138299398809079 ],,,, 
  [ 1078767946544821287434107 ],,,,,, [ 534978694741 ],,,,,,,,,,,, 
  [ 25418469178846213, 35086097373749291993 ],,,,,,,, [ 54014492419 ],,,,,,,,,
  ,,, [ 115493941016183 ],,,, [ 1956552140091836194489 ],,,,,,,,,,,,,,,,,,,,,,
  ,,,,,,,,,,,,,,,,,,,,,,,,,,,,,,,,,,,,,,,,,,,,,,,,,,,, [ 13527871717 ],,,,,,,,
  ,, [ 2169217109 ],,,,,,,,,,,,,,,,,,,,,,,,,,,,,, [ 29260691669588209 ] ];
