BRENTFACTORS[5233]:=[ ,,,,,,,,,, [ 2887912722690029 ],, [ 16368698711 ],,,,,, 
  [ 71719478994535706684101 ],,,, [ 1531858259975906699 ],,,,,, 
  [ 24941425583, 1080144040671120793, 2100367560146583216824977 ],, 
  [ 2208681677, 3168181126749105996002783, 9160196704012368434406199327 ],,,,,
  , [ 1600842667, 369146964516285514344341 ],,,, 
  [ 15274916377389753467, 22167486378806028886481, 
      18309786686186332259577645583080255125068037 ],, [ 1420544229663076711 ]
   ,,,,,,,,,, [ 238167739544996993, 61733102747045929596330682897577353 ],,,,,
  , [ 27472895819 ],, [ 666766468729, 100482988090973, 1956467579463614878511 
     ],,,,,, [ 17061544698952271080793239, 6846555331576922711937972157 ],,,,,
  ,,,,,,,,,,, [ 323991719374913, 469643529820558777109 ],,,,,, 
  [ 346904147475583, 94555523443260641521 ],,,,,,,,,,,, 
  [ 74689219514113, 869713775826229301083, 2814659955543832120681102954823 ],,
  ,,,,,, [ 391704924537011, 4233714181356523, 60012394250674427 ],,,, 
  [ 51254627788571 ] ];
