BRENTFACTORS[589]:=[ ,,,,,,,,,,,,,,,, [ 168366539660413427 ],, 
  [ 19891799581, 4004001246187 ],, [ 1397002493461 ],,,, 
  [ 7502561907169570935401 ],,,, [ 16570549483 ],, [ 437093695903 ],, 
  [ 3444112010894413, 47626640867923063 ], [ 5951499289943 ], [ 54835099201 ],
  , [ 43582318047343, 1888423087994967272513 ],, [ 35977221502185986593663 ],,
  , [ 57495983497 ], [ 4654955956134730927, 12077004043194831905845469 ], 
  [ 2300914397 ],,,,, 
  [ 35056755413, 24246211830738199, 64999287429009853384980276232009078499 ],
  , [ 40936545024731686501 ],, [ 6825993173 ], [ 1400778246773611 ], 
  [ 35259694116571 ],,, [ 1397372657 ], 
  [ 11273992699, 48732230629108803852901867, 65855535423642884382425591, 
      397059377171926327570580592505287571957 ], [ 471830215556221 ], 
  [ 526038704116541465627 ], 
  [ 58867571218222069, 128685956938686761, 19067964023198403959 ], 
  [ 163842730039145612824363 ],, [ 11589349370033062950563671 ],, 
  [ 1613014076321, 22771233080383648772514776281 ], 
  [ 37243669983858589, 187126967204345177 ],, [ 245030173504759607111998621 ],
  [ 39045120460249, 145368597336076649 ],, 
  [ 1040878093, 56720578522655144831, 281672518495846190731, 
      58992679774748736585819097 ], 
  [ 18058400873988809, 3007809090092333930993 ], 
  [ 50965165050122344188485546551 ],, 
  [ 4412910503, 1506887696777, 16632631064743, 57698173630479383 ], 
  [ 4312533343, 50267474717476467696270793 ], 
  [ 6222113307349271, 97539647828914999 ],, 
  [ 844278708210536035695378673874089 ], 
  [ 6128159852501547583, 153011988461185817833 ], 
  [ 106242862339, 99038751095962452363133 ], [ 80905352092967137 ], 
  [ 7498125255079421, 1571340310732077791 ], 
  [ 39227281015859, 331011229328312817671 ], 
  [ 3669779116051, 311992943386521694501 ], 
  [ 37667024737, 1571052248747609, 30576017931716076992891104114961 ], 
  [ 69610855555315595275769857 ], [ 647781175451881 ], [ 746688406897136159 ],
  [ 124746688398946289055248213773 ], [ 144843060553, 1902198163543 ], 
  [ 6868598801, 870610755479974890014569984877 ],, 
  [ 35973434456905088495915168568289 ], [ 4529206903279837 ], 
  [ 143006132711504413876771, 63212804338760986021295466661337 ], 
  [ 4606180986094942017061 ], [ 46423167701, 16291624844276216854251401 ],, 
  [ 2768786227, 4984611481, 66524898380767478401435936962247 ], 
  [ 24278597621 ], [ 461972715587742599573979518825794817 ], 
  [ 1756127011152571, 1073377454821595769871621, 
      115313969233072179086917432726319641 ],, 
  [ 22536063727, 29298372349, 160555334623 ], 
  [ 1173026348313064648561, 405744712276226570951329 ], 
  [ 7528081958029, 1710047058355553 ], 
  [ 208422346661, 13307117211631, 60169743919838540553292691872670621 ], 
  [ 9959440155354370489 ],,,,, [ 13272754760495424541 ], [ 59252778001 ], 
  [ 10150525055815211, 208752527690368624829 ], [ 283026097880183808025121 ], 
  [ 3334344943067304278571251270710627561 ], 
  [ 25040886034561, 602048071412130179 ], [ 2082043935857874971 ], 
  [ 5727499251063932971 ],, [ 12380657206887666751 ], 
  [ 24970588314967, 1183536585813164311 ],,, [ 115213841983 ], 
  [ 39702142481, 1678466031191, 1342643946438924260875633891 ],, 
  [ 281486434549, 1361454952573, 1582467928537, 195856842534961312981 ],, 
  [ 204071431751613015822876094273 ], [ 1575264260178435647849255893531 ], 
  [ 71779461738521756369 ],, 
  [ 181523887621, 4821427059298163466689596541748272311009 ],,, 
  [ 11393319618245827 ], [ 118719700367670663164707 ],, 
  [ 4584252775117962627280960502941873 ],, 
  [ 23197142443757, 179031219647453, 900581648295840601 ],, 
  [ 3828575552485869852717041 ],, [ 1222120951, 20503485058801 ],, 
  [ 6765172947914897 ], [ 2456619103, 6759734711764231 ], 
  [ 153689515981, 3072289566215717 ],, 
  [ 71622970849, 87132154017949, 131881248962135410239612169066582353013 ],,,
  , [ 744496317414139418081, 243017234788555762922081 ],, 
  [ 34564334786352361 ],, [ 5693465821 ],, 
  [ 40960671555323963, 40070661570082588831 ],, 
  [ 12637194951529, 3897420464742615419920267639469812810971062017 ],,, 
  [ 1035088309 ], [ 6723438721 ],, 
  [ 168352193683, 104381305936532557535143, 799866047728946392425943 ],, 
  [ 40168729921 ], [ 14370451939 ],,,,, [ 1584660909397110091 ], 
  [ 46509130849, 4535235712597 ], [ 3320389465097 ],, 
  [ 8463494866638382788667129 ],, [ 39978727125076952213 ],, 
  [ 3842512501, 41626688936305871 ],, [ 163258510773551233 ],, 
  [ 55040200169 ], [ 271911878941, 176931875822131 ], 
  [ 197341103933, 10390339936789 ],,,,,,,, 
  [ 11148504099193, 4314656407893833897508727201 ],, [ 377506089187 ],,,, 
  [ 12054672951363001, 220991133982384878017077274023394334038965222384531 ],
  , [ 14465480801, 461375728714149657169 ],,,, [ 13606503121 ],, 
  [ 863070493797751 ],, 
  [ 2402161301, 10525376046255401, 515409719162100760143301 ],,,,,, 
  [ 1149379605769 ],,,, [ 3072676646483770449958839592602701 ],, 
  [ 561089077503397321 ],, [ 3362441941, 282800972532743933109203233 ],, 
  [ 84703939721453449 ],, [ 221188143684691 ],, 
  [ 189955892876881, 599456603650352401, 36391778248459458001 ],,,,,,,,,, 
  [ 310525463321501 ],,,, [ 890982486257 ],,,, [ 192653252583966763 ],,,,,,,, 
  [ 5145452823148084357 ],,,, 
  [ 216652289221, 117529734089678251141, 1244642799399682483113661 ],,,,,, 
  [ 104865132125917, 155983220726633665888969573 ],,,, 
  [ 327035899961, 203068193773201, 238051364614561 ],, [ 4668145414791420979 ]
   ,,,,,,,,,,,, [ 3284273817260826293863 ],,,,,,,,,,,,,, [ 56129563460741 ],,,
  , [ 435242865781603777 ],,,,,, [ 402737380819 ],,,,,,,,,,,, 
  [ 197632979941, 474400086433768771, 29534906559496465051 ],,,,,,,,,, 
  [ 10036449121 ],,,,,,,, [ 3021734113 ],,,,,,,,,,,, 
  [ 1392720333841, 1796953084283881 ],,,,,, 
  [ 63207191582527, 470322323377381 ],,,,,,,,,,,,,,,,,, 
  [ 1127278081, 92335140218407297 ],,,,,,,,,,,,,,,,,,,,,,,,,,,,,,,,,,,,,,,,,,,
  ,,,,,,,,,,,,,,,,,,,,,,, [ 6071679001 ],,,,,,,,,,,, 
  [ 1700616919, 2801384587 ],,,,,,,,,,,,,,,,,, [ 2538385441, 966916600801 ],,,
  ,,,,,,,,,,,,,,,,,,,,,,,,,,, [ 50147932801 ],,,,,,,,,,,,,,,,,,,,,,,,,,,,,,,,,
  ,,,,,,,,,,,,,,,,,,,,,,,,,,,,,,,,,,,,,,,,,,,,,,,,,,,,,,,,,,,,,,,,,,,,,,,,,,,,
  ,,,,,,,,,,,,,,,,,,,,,,,,,,,,,,,,,,,,,,,,,,,,,,,,,,,,,,,,,,,,,,,,,,,,,,,,,,,,
  ,,,,,,,,,,,,,,,,,,,,,,,,,,,,,,,,,,,,,,,,,,,,,,,,,,,,,,,,,,,,,,,,,,,,,,,,,,,,
  ,,,,,,,,,,,,,,,,,,,,,,,,,,,,,,,,,,,,,,,,,,,,,,,,,,,,,,,,,,,,,,,,,,,,,,,,,,,,
  ,,,,,,,,,,,,,,,,,,,,,,,,,,,,,,,,,,,,,,,,,,,,,,,,,,,,,,,,,,,,,,,,,,,,,,,,,,,,
  ,,,,,,,,,,,,,,,,,,,,,,,,,,,,,,,,,,,,,,,,,,,,,,,,,,,,,,,,,,,,,,,,,,,,,,,,,,,,
  ,,,,,,,,,,,,,,,,,,,,,,,,,,,,,,,,,,,,,,,,,,,,,,,,,,,,,,,,,,,,,,,,,,,,,,,,,,,,
  ,,,,,,,,,,,,,,,,,,,,,,,,,,,,,,,,,,,,,,,,,,,,,,,,,,,,,,,,,,,,,,,,,,,,,,,,,,,,
  ,,,,,,,,,,,,,,,,,,,,,,,,,,,,,,,,,,, [ 1802439623671 ] ];
