BRENTFACTORS[2287]:=[ ,,,, [ 2574426391 ],, [ 1178763587 ],,,,,,,,,,,, 
  [ 566157930548636473 ],,,, [ 3029503927, 4037509643467 ],,,,,,,, 
  [ 209170640807, 188935138339168709, 258364038804449370939699551 ],,,,,, 
  [ 1983162482943909567734036572197654938442493887473 ],,,, 
  [ 381199791901, 23869563366511234038227161799323 ],, 
  [ 10416581269, 3839893802507092196062400917, 9293334474024330188524147319 ],
  ,,, 
  [ 384608585644582982651, 1406012153493680610766255533107, 113218418652594642\
80624751991743569132855143321 ],,,,,, [ 2053062379, 2615522897076241 ],,,,,, 
  [ 12960141002423897, 39733145800506190763651, 
      5895074600961459931638697187949727 ],, [ 6899681238519887 ],,,,,, 
  [ 11697620952233, 95652107425337, 556943700521388853 ],,,, 
  [ 12897624008954093 ],,,,,,,,,,,,,,,,,,,,,,,,,,,,,, 
  [ 497984509903, 6363565555094499485819, 189918317404174809890977 ],,,,,,,,,,
  ,,,,,,,,,,,,,,,,,,,,,,,,,,,, [ 7822601953823 ],,,,,,,,,,,,,,,,,,,,,,,,,,,, 
  [ 1269006684809 ] ];
