BRENTFACTORS[1511]:=[ ,,,,,,,,,,,,,,,, [ 3319280543701747 ],,,,,,,,,,,, 
  [ 394680261768335104567 ],, [ 36217956209, 43402026347 ],,,,,, 
  [ 432032672641, 537300952913, 964105776135555028428606513895195591093 ],,,, 
  [ 8864022389, 59928317559636295799, 433856958127158476138348987242331 ],,,,,
  , [ 59012906914295538622879, 11554220976936882621519342694445821 ],,,,,, 
  [ 33196081721582587 ],,,,,, 
  [ 52030886936145353641, 550154624738966161505547567943 ],,,,,,,,,,,, 
  [ 7146534679, 201168330927553414529211521 ],, 
  [ 22298292089, 664842548126780587, 118367009906513536380981299, 
      4107314183820192912223768489199 ],,,,,,,,,, [ 32648637641 ],,,,,,,,,,,,,
  ,,,,,,, [ 25455344236909 ],,,,,,,,,,,,,,,,,,,,,,,, 
  [ 27530901493883717719, 339755796743901719719 ],,,, [ 59223397442668651 ],,,
  ,,, [ 949521103987 ],,,,,,,,,,,,,,,,,,,,,,,,,,,,,, [ 4114329130127 ],,,,,,,,
  ,,,,,,,,,,,,,,,,,,,,,, [ 12957219317728729 ] ];
