BRENTFACTORS[561]:=[ ,,,,,,,,,,,,,,,, [ 37563431257733 ],, 
  [ 1451098627263836489 ],,,, [ 490910454976002216644837 ],, 
  [ 6970811501, 194781819029851 ], [ 2463043727 ], [ 2649203443 ],, 
  [ 239737573032586619, 20742074511316304318219899 ],, 
  [ 27413604930761146621, 3414463734102275039369 ],, 
  [ 87264495920588453342899 ],, [ 1780263122401, 37141000947961 ],, 
  [ 445783650768886619139767499276977 ],, [ 2321720701 ], [ 919042320553961 ],
  ,, [ 11305532498399357, 159486341376679618721229003027167060976345096349 ], 
  [ 4410108181733 ], [ 1660212903421 ], [ 164980081093, 542873657033791 ], 
  [ 301125102640333786863321929347404524650894147 ],, 
  [ 4179248319274992776812699750572719 ], [ 1589734304701, 128773771777601 ], 
  [ 12226811804957827768151299 ], [ 22982082270609438673997 ], 
  [ 363732725252252587965669798014084833733711 ], [ 87748898833 ], 
  [ 2705602021, 5926839554301332796113122391405791 ], 
  [ 7358737121, 127115463451207436949017 ], 
  [ 265326283538683, 858395323505053 ], [ 27750357015401 ], 
  [ 13054219692734083 ],,, [ 10975615609351690204373 ], 
  [ 67206740861116333, 1859048408257099489691100576669367 ],, 
  [ 8823372751441 ], [ 63628230073 ], [ 215027709291533, 15254600277370127 ],,
  , [ 299733562241 ],,, [ 23131935182893460279 ], 
  [ 5466803167669, 17803917404239329289 ], [ 462968988751 ], 
  [ 1373475193, 20300244462217, 1030905610204289 ],, 
  [ 828830138529982407055147 ], [ 22794616393, 226803628001 ], 
  [ 481840303587556465361, 65348365510311035334671921 ],, 
  [ 9108327131778033640509197505314241151609883 ], 
  [ 4180795823, 684240799981 ],, [ 84044085220865730131142669031 ], 
  [ 1836422056241, 100293058972588004906436990676801 ], 
  [ 45904503447798794666488836337, 81286927987897679880480330013, 
      1337758288336608316425077777205286307653 ], 
  [ 11331202016441473, 3205127575216500737 ], 
  [ 545135373129959, 7697348568641657533 ], [ 123478807732595911 ], 
  [ 121602335259087138072163 ], 
  [ 118011927373, 104558440117935278569, 1232336741358681203897565796876302612\
301 ], [ 6752702101 ], [ 39715877517919 ], 
  [ 14893099988771, 44616969529421, 1643645886177866491 ], 
  [ 3036379048372801 ],, 
  [ 971922952086591149, 26136065034542027049075757107148357268623 ], 
  [ 1790845752566179, 91605196144599449623939 ], 
  [ 12885358077101, 1174861015901023778401 ], 
  [ 3894104183890009, 2522248911638310874101688423 ], 
  [ 93319854673, 250592325930139 ], [ 151490108075519 ], 
  [ 219161173975393059593, 4487039919143653621190512438635632094953 ], 
  [ 3457045411, 43398757148114924641, 346383612887937036301, 
      6030644454169991860681, 5626820551900081434398401 ], 
  [ 444811220197, 26129967474509 ],,, [ 4089606254089 ], 
  [ 97992889445977529234423203405586525521 ], [ 13457612303059 ], 
  [ 7204034014806975355440697003921, 199195319876223773040441499715849089 ],, 
  [ 14355906602239622151349 ], [ 1245176082328487476261 ], 
  [ 122617756093073, 68247116808794049521, 44525861640670654469641693 ], 
  [ 180714669361619797, 207843950584345655971 ], [ 2055739645023072979 ], 
  [ 2772399169, 37897373407206700423 ], [ 77866543271281 ],,,, 
  [ 800564696607635365258672893701 ], [ 18229844968479639751 ], 
  [ 2916375336915769, 15727212308864680298287201, 74469701120462619496126561 ]
    , [ 16014540743, 406104145627 ], [ 441823017089, 112734723581956937729 ], 
  [ 11411592199959793 ], [ 1668670040050036250761 ],, 
  [ 288237199930603118317, 1514552223636682232183149 ],,, 
  [ 324099629567462003417725231, 397777445529438249339858845011 ], 
  [ 2519651873, 6888480292365404824660801 ],, 
  [ 384809419746344505467205223, 71081365465467997440021647911 ],, 
  [ 6394944681239760759342841374575693320894042205464586105641 ], 
  [ 19890247627 ], 
  [ 6084746861, 336723804091, 1290372430962973132601, 182966287871996680973362\
7879 ], [ 172741650797, 1590753134429603 ], 
  [ 927475984456564685733580175575685730052777258624325123726349299329 ],,, 
  [ 36669073768741, 38694418480436083, 12889838953691595111265561 ],,, 
  [ 11101340207401, 145014412663475633701 ],,, [ 315020660497914874016341 ], 
  [ 16733258543, 25777346548631516558010289307 ],,,, 
  [ 2220452053, 314462819045171, 1373078532732161852174833 ],,,, 
  [ 2241516590083 ],,,,,, [ 20618345399562347718423577 ],, 
  [ 85589106607372533041, 94863709016791136041 ],,,, [ 5251705410697 ],, 
  [ 8162809601, 2066606395393, 18997811356310281793 ], 
  [ 3897957592561, 24758601690847, 8089906787262983322781 ], [ 2545125169 ],, 
  [ 46148153581207226388394081 ],,,,,, 
  [ 229821636416941, 6501956236680893491 ],, [ 283529264569, 12554065551149 ],
  , [ 27547245571 ],,,, [ 15165200607877 ],, 
  [ 13591288937773, 9163499098288740353, 103151805194208056884501 ],, 
  [ 91347550669, 5713835691763, 928227730342153566183099674236849, 
      20457267747846983880702260986336531563242047 ],,,, [ 5717471429 ],, 
  [ 13823841495601 ],, [ 685494520213 ],,,, 
  [ 49003425847005478068275952331, 3066171881678392273840901843311 ],, 
  [ 708477946084889 ],, [ 263591951047, 3390904593767 ],, 
  [ 4937489298433, 937849481842969, 422296581007138393, 
      6338933273242486763492329 ],, [ 1412713031, 2012664727 ],, 
  [ 1043026173772001 ],, [ 636662574437371429, 14103339992123651276611 ],,,, 
  [ 10634470229, 1297825390399, 15342560078254177 ],, 
  [ 7148547257051707412209, 39793327909180552045114957 ],, 
  [ 25651580067931, 10716299896146776211856141 ], 
  [ 4451807484433, 2721683008413139 ],,,,,,, [ 69753154717 ],, 
  [ 4175906475764249521 ],,,, [ 89597471489 ],,,,,, 
  [ 97748524012451753251, 145750256566663142813088131251, 
      29651394506648967042551732066501 ],,,, [ 2660490743 ], 
  [ 533133009931, 669239509058371 ],,, [ 47054917697957287 ],, 
  [ 5051543641, 52742711732621 ],,,, [ 350169223078327227961 ],, 
  [ 16679496969694148633 ],,,, [ 2228528168371, 784838932907443201 ],,,,,, 
  [ 94060234594129, 7294445936287154626937689 ],,,, [ 9611998004749183035721 ]
   ,, [ 6486707849893 ],,, [ 96264825619741 ], [ 19049787901 ],, 
  [ 97116293089, 41635024336379487275513569, 67916857431344488551156961 ],,,,,
  , [ 2120936287 ],,,,,, [ 19485509101, 96717720349245420201901 ],,,,,,,,,,,, 
  [ 7451586481, 356486848483273 ],,,,,, [ 54540967102471 ],,,,,,,,,,,,,,,,,,,,
  ,,,, [ 6363163578509461 ],,,,,, [ 4540142801977 ],, 
  [ 247925017237451, 1915113254117590451 ],,,, [ 12058208331601 ],,,,,, 
  [ 25622625961, 882457197121 ],,,,,,,,,,,,,,,,,, [ 3688087033, 182384830657 ]
   ,,,,,,,,,,,, [ 505389685321, 10245492061351, 9591260130696271 ],,,,,, 
  [ 12208737817 ],,,,,,,,,,,,,,,,,,,,,,,,,,,,,,,,,,,,,,,,,,,,,,,,,,,,,,,,,,,,,
  ,,,,, [ 67726923429397 ],,,,,,,,,,,,,,,,,, [ 269925929761 ],,,,,,,,,,,,,,,,,
  ,,,,,,,,,,,,, [ 102710136241 ] ];
