BRENTFACTORS[2131]:=[ ,,,,,,,,,,,, [ 36103989077599, 584162248676683 ],,,, 
  [ 248387287824043, 947425045806821 ],,,,,, 
  [ 3453313407371, 2290181186525668783011131 ],,,,,,,, 
  [ 39581615998121, 75192781425631432061041, 144235497944086256292527, 
      184190237993373179013897427 ],,,,,, 
  [ 7906258939, 32642965841, 1603772222397357928515340787, 
      1498990863058885583569836145161073675561936942678496693911139 ],,,, 
  [ 181461845993899 ],, [ 14161522330313249 ],,,, [ 65533704693271 ],,,,,,,,,,
  ,,,, [ 13486870031, 139434164659, 2461778181571, 47570212867008677771 ],,,,,
  , [ 18495057211, 50238934767916275893, 303025572929016863521675794816539 ],,
  ,,,, [ 823389835594219704191 ],,,,,, 
  [ 92468340848011, 263751505622551, 1712141193556009 ],,,, 
  [ 31484359558718809 ],,,,,, [ 1104954254617 ],,,,,,,, 
  [ 912265174989503503351377438720182089578463 ],,,, [ 235694528016292474511 ]
   ,, [ 8844853081, 19946989477, 7912570251977857 ],,,, 
  [ 7167346574503463, 1227351104302587334352101 ],, 
  [ 6655774351, 9019419597435377444591423 ],,,, [ 6917971794086925804539 ],,,,
  ,,,,,,,,,, [ 3146493750704448787 ],,,,,,,,,, 
  [ 5717511207103, 398115415221863 ],,,,,,,,,,,,,,,,,,,,,,,,,, 
  [ 353568560011 ],,,, [ 26955891615883 ],,,,,,,,,,,,,, [ 7889944213 ],,,,,,,,
  ,,,,,,,, [ 3273376823 ] ];
