BRENTFACTORS[2801]:=[ ,,,,,,,,,,,,,,,, [ 1155061928281837112683 ],, 
  [ 1371021392040182353 ],,,, [ 1174901503, 80888727900887 ],,,,,, 
  [ 107455620197609952794311 ],, [ 132345512729 ],,,,,, 
  [ 2257201135906313, 342160502995120879 ],,,,,, 
  [ 199286627783804113043598130349 ],,,, [ 9992712809293 ],,,,,, 
  [ 380828846821, 
      581328573315160444819167915439775569621442224799785645426855993794007 ],
  ,,,,, 
  [ 850655985336271753567, 464190804805919289583483, 7108374062314426937559501\
1, 4777655169116465738452294712372178845770363 ],, 
  [ 7378429217, 27342317251862288874539887732198351 ],,,,,, 
  [ 1657802977, 655993356101321289088229961313443595606700508082875894971 ],,,
  , 
  [ 19139697751103, 1731812247205867777063, 2702830097990090810580574481861785\
95552343 ],, [ 122875995750793, 7412231679573491 ],,,,,, 
  [ 80224686094536116650820192215309539441635491379203445102457478547808351466\
71963776777 ],,,,,,,,,, 
  [ 160359223966308413, 10543470668926723676632071032359 ],,,,,,,, 
  [ 142584212041166396211154252841 ],,,,,,,,,, 
  [ 62264888900353, 402624110114843 ],, [ 49757128878881584776613635149 ],,,, 
  [ 1086768461, 55918419426609617, 56645476222928458457, 
      3010668656295817733671317672521 ],,,,,,,,,,,,,,,,,, 
  [ 392025943017692941, 775575740632139660963 ],,,,,, 
  [ 5349282687659, 24913367586983633 ],, [ 34256928085833816502267 ],,,,,,,,,
  , [ 1690087631, 568985827656634995617, 98581696807990735658158397 ],,,,,,,,,
  ,,,,, 
  [ 2422408201, 262115346214959317, 6482633925958427999, 306788246142251114839\
9983827 ],,,,,,,,,,,,,,,, [ 202204806452754928217179 ],,,,,,,,,,,, 
  [ 567924726227, 39159668562461906616041 ],, [ 378070904648429 ],,,, 
  [ 7152250087 ],, [ 6768238862237 ] ];
