BRENTFACTORS[1039]:=[ ,,,,,,,,,,,,,,,, [ 5742164596613 ],, [ 1630243891 ],,,, 
  [ 144121239137, 23401476273687821 ],,,,,, 
  [ 34523911997, 219051304557339337683419807968207, 
      6548407076409978543642914777605607322881 ],, 
  [ 5250355875350429281200377, 
      600752904732064640766856605682985990899781937169738694678262743513 ],,,,
  ,, 
  [ 169104498658456730650441119653, 32533174803149031140183503390698221473, 
      4840720748555865033452683201156191790201 ],,,, 
  [ 762577228519, 65826535150043, 52525099263883285883 ],, [ 152043830377 ],,,
  ,,,,,,, [ 88162985681 ],,,,,,,,,,,,,, 
  [ 45353652502122817, 310855290559655909, 110245287106201308119 ],,,, 
  [ 3223058686699679, 218748139949573201447372801 ],, 
  [ 55358483149387213, 1804260049304069920747, 
      1459045102075091880948858219251, 
      222092870320061475604775407876742338925219 ],,,,,,,,,, 
  [ 667727649023, 89698035954034266137628103 ],,,,,, 
  [ 1659283427, 9363269921, 196908416503, 224536581746153 ],,,,,,,, 
  [ 5501359268552348152636717989617 ],,,, 
  [ 1328314430608682282209533949, 3270472702415905244509872121 ],, 
  [ 1221942149, 1214737089300381743, 1141831410882350082901501268027 ],,,, 
  [ 126938248829517810786042351967, 20457457518118731098457525170131 ],,,,,,,,
  ,,,,,,,,,,,,,,,,,,,,,, [ 450190307636979809 ],, [ 745873371178924103351 ],,,
  ,,,,,,, 
  [ 41562426535829, 321859930299601, 4263346483915859, 235878213993582803 ],,,
  ,,,,, [ 138148371953 ],,,,,,,,,,,,,,,,,,,,,,,,,,,,,,,,,,,,,,,,,,,,,,,,,,,,,,
  ,,,,,,,,,,,,,,,,,,,,,,,,,,,,,, [ 2479930489 ] ];
