BRENTFACTORS[140]:=[ ,,,,,,,,,,,,,,,,,, [ 3153954600299 ],,,,,, 
  [ 42628476718492450601 ],, [ 29448584479 ],, [ 5403416881, 187017713140987 ]
   ,, [ 40875265501698937523 ],,, [ 949444362869 ], [ 4744250296801 ],, 
  [ 406986162444371 ], [ 10441222381 ],,, [ 36345448355253883182404955201151 ]
   ,, [ 99452538649, 224220467202206890213241 ], [ 60973232335809068837 ], 
  [ 29634723271 ],, 
  [ 51573123971, 9840376213021, 1382439154671303595967, 6018278617666754976173\
3 ], [ 44438937217 ], [ 129397618801067 ], [ 149536658651 ], 
  [ 101562710497, 359380306260810096937 ],, 
  [ 1293843372937, 2327786754657899 ],, [ 2992933241, 571741224832801 ], 
  [ 1185463189487977 ], [ 1824599782274332058896338457095914953 ],, 
  [ 492733758780099748942889964038669, 31434682389130174320630653492730157 ],
  , 
  [ 292729103239, 26998495415594759905218883, 90192223681467603207962257022905\
223 ], [ 4155782977649, 2269635966910750487639 ],, 
  [ 539493165889, 272161887325712925879362177 ],,, 
  [ 731342987503757, 576571942381762152160388197385482745444168363 ],, 
  [ 602012810959561, 158438546510963614139473 ], [ 5768709731, 251105819581 ],
  [ 71419970071441393, 600162793252897723 ], [ 8943901233757630057 ],, 
  [ 104154777577276276649 ],, [ 36942540505829557 ], [ 568575126967 ], 
  [ 1419646177, 35605157435028871 ],, [ 1658688954961 ], 
  [ 1145386428543892637268974980931423075496851286109 ],,, 
  [ 129450791033753834317 ], [ 390332719499089771 ], 
  [ 264575562761413217, 3152007334219629681907 ], 
  [ 11042596382053, 41700239345911, 14042045457945290513304655120999823941 ], 
  [ 68647064641, 12356833565473, 12029385120430129 ], [ 57704360579 ], 
  [ 32505309271 ],, [ 16752400103057 ], 
  [ 137427278683, 441314695393171070077 ], [ 394642932017, 1326385792139669 ],
  [ 778782609882341, 3478420108399328711, 75462430886863678212786739751 ],, 
  [ 10562988926268236885591 ],, 
  [ 24008887463653423, 2429972921709670849381, 2500879614959636233661397251047\
053151999 ], [ 30644504627466601 ],, [ 55815878690137386991 ],, 
  [ 2074792201 ], [ 3032961628850161, 6033839216832038776921 ], 
  [ 47833964425100974856501074754279 ],, [ 46423079210064263401 ],,,, 
  [ 1921144242665263597962861525121 ], [ 1727621293 ], 
  [ 1475994870109, 327873169720466176796533 ],, 
  [ 165058233929377, 7254852006254588476518766700161 ], 
  [ 220289782968861607, 12701384512942076173 ],,, 
  [ 881434558265639672874121 ], [ 950710428235151 ], 
  [ 213037900661140176140602047561207949137961916741844082407367 ], 
  [ 47293009969, 4030760266702920377041 ], [ 5660179109436031377193 ], 
  [ 3604687036096374001 ], [ 6213098431, 194209883405187301 ],, 
  [ 76098975831041 ], [ 7101664960050314737, 751897671216446343958363 ], 
  [ 14497163851, 9342870693684168709854781321 ],,,, [ 750526063199431 ], 
  [ 2308393639892300884267421931356521 ], 
  [ 45073680294943398353, 1420281160465367570124721 ],, 
  [ 4191589659463097244134437 ],, 
  [ 59938841400623618161, 184074878553644711990359037238788201 ], 
  [ 4045683673, 238214939755425736723 ], 
  [ 29194780990519, 22181214831962287254503723021843 ],, 
  [ 3471595201, 2771403492496664449, 343704797366915184337 ], 
  [ 17375499906221 ], [ 489591710894933 ],, [ 116342535702348733 ],, 
  [ 44262275547751, 44652589465201, 44582483158249384951 ],, 
  [ 44014811742518617925257 ], [ 2744278291567 ],, [ 468319122559151 ], 
  [ 101927705488448425158066504455789137 ],, 
  [ 3190069504403, 34396266780510695209, 26662981156427943513133 ], 
  [ 16687493929, 171785274616589791 ],,, 
  [ 66269577658279433783582397573414937117688853069757 ],,, 
  [ 702151735197331, 2552189844049891 ],,, 
  [ 33932377112403935593, 513814012489248654264771735193 ],, 
  [ 290568410779695721 ], [ 109062955376281 ],,, 
  [ 96730738259126397527752438597333 ], [ 5435657380301 ], 
  [ 16465782464561, 7064366240891717383649, 21193323305922023257409 ],,,, 
  [ 13063181400334207081 ],, [ 288261816433835074559 ], [ 3976986320978299 ],,
  , [ 1258825282863623899 ],, [ 1204611449621145889 ], 
  [ 37388496442439400686947 ], [ 13083416341, 294165761311, 138820193292061 ],
  , [ 27201523532731250923393, 2222516969985703850988084792219406273 ],, 
  [ 5187132037, 20062906267699 ], [ 138872439199716301 ],,, 
  [ 1590735639794389384342572741997, 
      1025616000333955835154716534666970331916470781599 ],, [ 3282646366801 ],
  ,,, [ 110312581232982788277217 ],,,, 
  [ 59845063004273, 1138383701783449213457 ],, 
  [ 19303133851, 8444652877698241, 28239330829327119238801 ],, 
  [ 7377793815277 ],,,, [ 48036309611401, 588518244595909657 ],, 
  [ 3877730810617 ],, [ 254641405481 ],, 
  [ 101105301049, 403847929185919410859 ],, [ 6927729089, 113103483600186689 ]
    , [ 29199439367551, 30688955301601 ],,, 
  [ 1896006076729, 284393448075685114024981 ],,, 
  [ 3344089981, 1210223118721, 549439849007743 ],,, 
  [ 7014398317057, 17137957808322937, 50624342241778780957 ],,,, 
  [ 62423094581 ],, 
  [ 222741700081, 1360958398914220801, 437320254735184460401 ],, 
  [ 5378780089 ],,,, [ 19466373109, 36140477483371 ],, [ 22079068723614649 ],,
  ,, 
  [ 1370925200311088437, 234393042076266652908841, 595886999629533029714773 ],
  , [ 58753438501, 2195163515939 ], [ 221772441822931 ], [ 675619050497 ],,,, 
  [ 659662035771348193741 ],,,,,, 
  [ 835898984411, 1015794243899, 717436256572585159 ],,,,,,,,,, 
  [ 2339389305464125023824773 ],,,,,, [ 27951831093274500412777291 ],,,,,, 
  [ 4185551641916700332957377 ],, [ 603746027081 ],,,, 
  [ 1055297856476948875771 ],,,,,, [ 23132487599796145557862501 ],,,,,,,,,, 
  [ 2611848271 ],,,,,,,, [ 13980782551 ],,,,,,,,,,,, [ 75902613212911 ],,,,,,,
  ,,, [ 1041754882907109961 ],, 
  [ 9377225839, 2100417891787, 6205295831437, 66027560480281 ],,,,,,,, 
  [ 1654296523951 ],,,, [ 147850633825093, 344823539082019 ],,,,,,,,,,,, 
  [ 104206340383 ],,,,,,,,,,,, [ 1246401420769 ],,,,,,,,,,,,,,,,,, 
  [ 1042335757, 29507083453, 5544907913161 ],,,,,,,,,,,,,,,,,,,,,,,,,,,,,,,,,,
  ,,,,,,,,,,,,,,,,,,,,,,,,,,,,,,,, [ 2580497633654549635951 ],,,,,,,,,,,,,,,,,
  ,,,,,,,,,,,,,,,,,,,,,,,,,,,,,,,,,,,,,,,,,,,,,,,,,,,,,,,,,,,,,,,,,,,,,,,,,,,,
  ,,,,,,,,,,,,,,,,,,,,, [ 8059226689, 820310085073729 ],,,,,,,,,,,,,,,,,,,,,,,
  ,,,,,,,,,,,,,,,,,,,,,,,,,,,,,,,,,,,,,,,,,,,,,,,,,,,,,,,,,,,,,,,,,,,,,,,,,,,,
  ,,,,,,,,,,,,,,,,,,,,,,,,,,,,,,,,,,,,,,,,,,,,,,,,,,,,,,,,,,,,,,,,,,,,,,,,,,,,
  ,,,,,,,,,,,,,,,,,,,,,,,,,,,,,,,,,,,,,,,,,,,,,,,,,,,,,,,,,,,,,,,,,,,,,,,,,,,,
  ,,,,,,,,,,,,,,,,,,,,,,,,,,,,,,,,, [ 2119071821 ],,,,,,,,,,,,,,,,,,,,,,,,,,,,
  ,,,,,,,,,,,,,,,,,,,,,,,,,,,,,,,,,,,,,,,,,,,,,,,,,,,,,,,,,,,,,,,,,,,,,,,,,,,,
  ,,,,,,,,,,,,,,,,,,,,,,,,,,,,,,,,,,,,,,,,,,,,,,,,,,,,,,,,,,,,,,,,,,,,,,,,,,,,
  ,,,,,,,,,,,,,,,,,,,,,,,,,,,,,,,,,,,,,,,,,,,,,,,,,,,,,,,,,,,,,,,,,,,,,,,,,,,,
  ,,,,,,,,,,,,,,,,,,,,,,,,,,,,,,,,,,,,,,,,,,,,,,,,,,,,,,,,,,,,,,,,,,,,,,,,,,,,
  ,,,,,,,,,,,,,,,,,,,,,,,,,,,,,,,,,,,,,,,,,,,,,,,,,,,,,,,,,,,,,,,,,,,,,,,,,,,,
  ,,,,,,,,,,,,,,,,,,,,,,,,,,,,,,,,,,,,,,,,,,,,,,,,,,,,,,,,,,,,,,,,,,,,,,,,,,,,
  ,,,,,,,,,,,,,,,,,,,,,,,,,,,,,,,,,,,,,,,,,,,,,,,,,,,,,,,,,,,,,,,,,,,,,,,,,,,,
  ,,,,,,,,,,,,,,,,,,,,,,,,,,,,,,,,,,,,,,,,,,,,,,,,,,,,,,,,,,,,,,,,,,,,,,,,,,,,
  ,,,,,,,,,,,,,,,,,,,,,,,,,,,,,,,,,,,,,,,,,,,,,,,,,,,,,,,,,,,,,,,,,,,,,,,,,,,,
  ,,,,,,,,,,,,,,,,,,,,,,,,,,,,,,,,,,,,,,,,,,,,,,,,,,,,,,,,,,,,,,,,,,,,,,,,,,,,
  ,,,,,,,,,,,,,,,,,,,,,,,,,,,,,,,,,,,,,,,,,,,,,,,,,,,,,,,,,,,,,,,,,,,,,,,, 
  [ 8595533161, 79634180030161 ] ];
