BRENTFACTORS[114]:=[ ,,,,,,,,,,,,,,,, [ 4674144448889 ],,,,,, 
  [ 573629570197079602669 ],,,, [ 43988899177 ],,,, 
  [ 6232342364201945571099113188061 ],,,, [ 1049769879131 ],, 
  [ 8727325068252909093459513441286619 ], [ 19863332329199 ], 
  [ 760879246297 ], [ 9486592199761 ], 
  [ 57853681989386970607, 1991432996859470158438361 ],,,, [ 725300003971 ], 
  [ 234565277014771 ],,, [ 189363967178271911926935661673799943 ],,,, 
  [ 5129213492468181671 ],,,,,, [ 93232181453574263 ], [ 35395636038421 ], 
  [ 598660881854640014193497051443970630365132718231081821 ], 
  [ 374314942429401242358563 ], 
  [ 264479009421439, 8037880155545063151474027883 ],, 
  [ 104108083626183582646166997813817861 ],, 
  [ 366111972467, 78881539228133351 ], [ 21459258169, 18950292237397 ],, 
  [ 803393023838094901 ], 
  [ 3909162403259, 14577287877671, 4059764000040132330682791091 ], 
  [ 1375556783329 ],,, [ 1851999033697950204652658664777350701 ],, 
  [ 23212423493925553755869 ], [ 17153310019 ], [ 289010405421206255057 ], 
  [ 1788489227249385281 ], [ 8235204391, 5241500873805312100973285189223571 ],
  [ 3971759316429990712618064027 ],, [ 151796228809 ],,, [ 1552287931 ],,,, 
  [ 4226393627 ], [ 9713154583989019585657 ], 
  [ 23970070362811693, 2526790085797459419528013 ], 
  [ 148763241733, 1192591840353723769 ], 
  [ 482440849351, 12294974314866690611 ], [ 11824600732583943922760257 ], 
  [ 1396291885871 ], [ 1258378178191 ], 
  [ 27908856540626243231146895848750393, 
      6288127426700190107386757560836441793 ],,,, [ 3540422297 ], 
  [ 2673835456657, 1442089071774649884196417 ],, 
  [ 2873586649, 57659505132858357312433, 715532083723931306794981236407 ], 
  [ 68715022381807 ], [ 1077898901709696994750969 ],, 
  [ 119197675741, 1766783822042082898451 ], 
  [ 1854874381, 3043152863161, 9805691865910869935911, 
      13849702788784772516017, 135473587342472888671360228507 ], 
  [ 55540681393, 68995990629034897 ], [ 1162660843 ],,, 
  [ 266744844437, 766927808830879793, 45492868869081230672752009 ], 
  [ 30825267643, 643898958714297469, 1682661440361223436869, 
      4057412726420905216769153569, 67676545565893181604226128499 ], 
  [ 13801156573, 622402014626082089464229, 192443935242272404287010891 ], 
  [ 3177466421263, 15839392087133287 ],, 
  [ 1531567556435599, 3371123565323251 ], 
  [ 733003432433, 2782309805495993, 74126584838280724543, 
      992797831908919307101 ], [ 80201763289 ], 
  [ 252979454506693, 828714038457673261, 230368936189064121484121 ], 
  [ 1270586375472251 ], [ 131740103098387603, 1347288737821173705223 ], 
  [ 1712345857751 ], 
  [ 6657965483543124272316752641, 144990000504320299006424521173648411755393 ]
    , [ 2603714321017065397 ], [ 6225858576087844127054919720761 ],, 
  [ 3456202958786407510726751647490077 ], [ 5203341838531201 ],,, 
  [ 4029587549651537, 61423877469628441 ],, 
  [ 3901381925735580437240782502712561103 ],, 
  [ 3733102716841, 38093804139807827201497981 ], 
  [ 2407259443, 194583045301081 ], 
  [ 1182090778818919, 2543164322306307813587 ],, 
  [ 1628446753, 69407640054001, 5038358379088609, 13852687418251489 ], 
  [ 33378655481 ], [ 1402120165907449, 4918804783062704783 ], 
  [ 258016420663 ], [ 93478070060633369 ],, [ 50992972501 ],, 
  [ 17441562809202001, 2564870060352327737 ],, [ 101003584992702000379 ], 
  [ 64357660361, 74949074791, 38223330773886046541 ], 
  [ 10910139553, 10858874094641654758249, 222458711522547761729989 ],, 
  [ 1346108651 ],, [ 6453268321 ],, 
  [ 131474538451, 36177612771305688327433, 33034084160972296299014242425007 ],
  ,, [ 73842551109293011 ], 
  [ 17626407433278739415821, 148499202558529663611619 ],, 
  [ 321050790451266289, 19754371909898201353, 124635365821109451426889 ],, 
  [ 31725666195860798993604601 ],, [ 15793050858204136734990337 ],, 
  [ 211752008868112967128310550004273 ],, [ 3358959421030503640769 ], 
  [ 3468174153096769 ], [ 296685861368710943521571 ],, 
  [ 5764233781, 427480842421, 91419184673863348501, 
      208449087631267404075710041 ],, 
  [ 93918423380237, 36469875551181244143183941, 
      221440508451596275354299763865799536081 ], 
  [ 4279069603, 263105227796301637 ], [ 34266934790188417 ],,,, 
  [ 144344877014324621, 1547300432739876473363933 ], 
  [ 2536848343, 73651217733703 ], [ 75132462091, 540686915652460781 ],, 
  [ 91386783702096536591213569 ],,, 
  [ 131042513863519051, 2432639463052679191169041 ], [ 20670123240192148829 ],
  , 
  [ 2215225945549, 28682523805404349, 49556278893578814436069, 261586386042446\
4478073191 ],, 
  [ 738001271892523801, 51258798907783619533201, 27491780933861915031954001, 
      887844701228901652249267790583176401 ],,,, 
  [ 2614967269, 13321990235413, 5072987926291452229, 
      1560340415624017742595553 ],, [ 23583668111299 ],,,, [ 434492270462671 ]
   ,,,, [ 68266658693, 6685695694739, 1189488034257353 ],, [ 1669561417 ],, 
  [ 119024825267, 892635454984707389 ],, [ 1317963266984292672041 ],, 
  [ 2360865271285728931 ],,, [ 2453692022101 ], [ 44883045758274745914367 ],, 
  [ 240532102125523393, 14409082630519017171993414169, 
      87716881815454873622215561873, 903357647918214567079139563907593 ],, 
  [ 76754367661 ], [ 36243165201025676587 ],,, 
  [ 471692388358535073433420827892627 ],,,,,, 
  [ 56953723441, 18807103244281201, 1047939700796712298321, 
      44633899498823315858844390721 ],, [ 168991559902727 ],,,, 
  [ 1024212926862484487767 ],, [ 5294562160313 ],, [ 214043414052751 ],, 
  [ 52415467916934889621 ],, [ 95129228081 ],, [ 1328454913 ],, 
  [ 508126618998437563 ],, [ 1772860961 ],,,, [ 50784721770817 ],,,,,, 
  [ 167029260841 ],,,,,,,,,, [ 2016429963199769041 ],, 
  [ 3420306091, 29731458982867 ],, 
  [ 1231403854986821, 1384061530523328001, 90787978115651575134469 ],,,, 
  [ 13250689617068353 ],, [ 6069609521 ],,,, [ 283102024171 ],,,,,, 
  [ 1602497812489201 ],,,,,,,, [ 5854873333 ],,,, [ 11863343227497217 ],,,,,,,
  ,,,,, [ 33335457255973 ],,,,,, [ 25809040788961, 170342191071616552561 ],,,,
  ,, [ 503741347764288505537 ],,,, [ 150120452621, 1926617628223994161 ],,,,,,
  ,, [ 5635538101, 460088641009 ],, 
  [ 215332140451, 9138324198151, 497817713457401 ],,,,,,,,,, [ 79434080281 ],,
  ,,,, [ 16405717498867 ],,,,,, [ 610309550872909 ],,,,,,,,,,,,,,,,,,,,,,,,,,,
  ,,,,,,,,,,,,,,,,,,,,, [ 7759863181981 ],,,,,,,,,,,,,,,,,,,,,,,,,,,,,, 
  [ 3676739401 ],,,,,,,,,,,, [ 25518637453, 108794943746426323 ],,,,,,,,,,,,,,
  ,,,,,,,,,,,,,,,,,,,,,,,,,,,,,,,,,, [ 1456064410051 ],,,,,,,,,,,,,,,,,,,,,,,,
  ,,,,,,,,,,,,,,,,,,,,,,,,,,,,,,,,,, [ 46471024867079521 ],,,,,,,,,,,,,,,,,,,,
  ,,,,,,,,,,,,,,,,,,,,,,,,,,,,,,,,,,,,,,,,,,,,,,,,,,,,,,,,,,,,,,,,,,,,,,,,,,,,
  ,,,,,,,,,,,,,,,,,,,,,,,,,,,,,,,,,,,,,,,,,,,, [ 5042639377 ] ];
