BRENTFACTORS[137]:=[ ,,,,,,,,,,,,,,,,,,,,,, [ 143235060131 ],,,, 
  [ 28091709908209 ],,,, [ 6523106243, 355764473789, 374432546441 ],, 
  [ 3186086377, 111219472717 ], [ 57690463234553 ], [ 6146763281 ],, 
  [ 256716037820965228521474255317 ], [ 8436479444494455239 ], 
  [ 1895119279 ], [ 1948605761 ],,, [ 235342910241088535054957 ],, 
  [ 37450808371 ], [ 267301014173069 ], [ 39119889197 ],, 
  [ 152451808700493611, 48577459158448464973 ], [ 3040503551 ], 
  [ 53085266985043, 58424858341987 ], [ 144085000541 ], [ 154176674714303 ], 
  [ 8308514899 ], [ 871069931228971, 480439993618477144451 ], 
  [ 186254121114881 ], [ 1396348951, 24503739887999368411 ],, 
  [ 766132767348481122361, 212289276062402139772211570413414979299 ],, 
  [ 16222882479589 ],,, [ 389618003969, 2241910615297 ],,, 
  [ 4560232927, 47988417011, 11166749131081477, 
      5074045743371844855885461500087477889427221405977 ], 
  [ 4223239066141, 49930704010709 ], 
  [ 128996044963, 406828187070474331540698427798753 ], 
  [ 1133809805801, 203992557892185301 ], 
  [ 427767516418981668782297889566258305306722542079964488313 ],,, 
  [ 35748848183 ],,, [ 91006214993, 189111430207547, 76404916892539159 ],, 
  [ 44312188393521543266974897, 19606305102580402925145705358312487099924501 ]
    , [ 69023010221441, 967504721913389441 ], [ 118576321176845805941051947 ],
  [ 99220957041437292121115829014581 ], 
  [ 5958945493, 1803527794489, 6343293360313864907, 
      590093773582797206727715859114588143941930340659039865405884651257 ],,, 
  [ 240400043891107, 101169633164014749937458979987 ],, [ 236139833853089 ], 
  [ 4761177287, 139581973344721118048538347 ],, 
  [ 1832368930939, 221450545609818977120332584802185145820481959 ], 
  [ 1124091029057153706937517, 24175991385251127404262781 ], 
  [ 1189589651941, 1075345554920327846539987467920075101 ], 
  [ 5669368139, 1890230639184586063478895503 ], 
  [ 57076290503644053881, 11956676624337571811336527535028431, 
      13398408751075101061588040524751668991 ], [ 49652998429470741662881 ],, 
  [ 720255284491787448956169574010296995874619 ], 
  [ 4294962388603261, 8522734661711029 ],, 
  [ 59096385959473, 322252863423345131, 220544085958804272900883 ], 
  [ 168934634606425055593 ], [ 3658390092151309, 3460012998724706997356897 ], 
  [ 1516561489, 28416257966668195182521 ], 
  [ 15758584624977265101241, 72833399472954304275814505890771093711 ], 
  [ 1697643654370502843177193825656989 ], [ 824991217459, 303115027834583 ], 
  [ 2704492633064977721332742960341 ], 
  [ 1873016680649, 33411685472681, 17558354413420654093397 ], 
  [ 799326853468984933656900491 ], 
  [ 1531139553331, 32158861143139, 5201555498868337201, 
      45742477253024266415184622499209666038827811773587 ], 
  [ 57557395268960743685873, 23691175335455662784766777040673 ], 
  [ 86305400410144840385887, 15061910499441029713534147 ], 
  [ 40801452857942931852322621 ],, 
  [ 96681840695714056230954113010275471465369 ], 
  [ 25233768872085378349454113 ], 
  [ 1208594050731941, 324528399602625881245332603325976008907814016253111 ],, 
  [ 4350019321, 19844286601 ], [ 18838345769 ], 
  [ 6592446748721, 8083383239215991000643541 ], [ 27680996743 ], 
  [ 69257179176907181 ],, [ 499766798921231521, 15700563006255642817 ], 
  [ 154266537038087623, 748881823149575114227 ], 
  [ 244770665638657, 24173182745356998450255458082689, 
      5277888109196866855178561453869113089 ],, [ 2956299785781553901 ], 
  [ 5789953459 ], [ 18962774731561, 58465537666638518128023383557 ],, 
  [ 65387863067983, 11716374529673544593, 25117685899010423203, 
      37781058136474585145999 ],, 
  [ 14868986100514810572907129, 1201425343280569125030163570530711018155633 ],
  [ 1918644449, 12779722229, 574894288613, 271329112787027, 
      54142883557383383180139791, 1759429467460935879916775610180659, 
      14502230930480689611402075474137987, 
      58856107922777924180916774218264191913059583970560747052799 ], 
  [ 1558747749487, 237165234540923701, 118641805457335104199009 ], 
  [ 34188581408593, 855446447529103, 46450869817843697207, 
      11084572126745811601508983061 ], [ 39242128035015943817081 ], 
  [ 1816961533, 568356778187281 ], 
  [ 4092880769, 43209585690920021, 320305013156230430815499 ], 
  [ 53040276433, 7666031924123 ], [ 2719670888017, 672894866562470124134689 ],
  , [ 80677072750119544791567197506646957031083 ],, [ 115290027089888094533 ],
  [ 3380677169822999 ],, [ 89064879037, 3442846584864437 ], 
  [ 58498119511160366282176673914441 ], [ 2831779387 ], 
  [ 48922838581, 649077786892150657427, 
      817477481190417310240448554070436740631439594727 ],, 
  [ 8514327991451645280144929096929 ], [ 1462359859 ], 
  [ 28622264025681866848103623 ], [ 2299216123159 ], 
  [ 1458263751311375692318625785056907303074611863318241 ],, 
  [ 730492798249, 8156850592609 ],, 
  [ 615553844759489, 2657955102934719630901, 1479087381864766328546412449081 ]
   ,, [ 4222691809631824802704657 ], 
  [ 4687707620937410582651, 2764323065355063988478377 ], 
  [ 6587818609, 104392243779433 ],, 
  [ 37804332770988966098756758183548164987275411440181 ],,,,,, 
  [ 476381871273235290976801, 76149664346464868558625627500353 ], 
  [ 87280954273 ], [ 2084740451, 287567529049, 322535908661971 ], 
  [ 2255580365771 ], [ 83441484901 ], [ 10490478728425039 ], 
  [ 2365483232659, 73811312196217016787395610045492847 ],, 
  [ 180703859397001, 110039761547341154656729103819971866593 ],, 
  [ 1265265211358497, 16792797374944493569, 
      11130299381524164061100696263095343 ],, 
  [ 595392406414491233, 5247497019921943853757424724875358069, 
      4548230173557837519935618877585497952473657449 ], [ 9503047009 ], 
  [ 903354013595016355996816271 ],, [ 13475806657, 39192615355149313 ], 
  [ 8591204249609 ], 
  [ 5398209318427, 19212848300477285295991925653, 3594021416803198653937523710\
13 ],, [ 15092619664760840737740126371894454884884482303077 ],, 
  [ 5082736153858507, 318182024675419127389, 3094694460914188689019 ], 
  [ 4523239052317 ], [ 26471008365764938601 ],,,,,,,, 
  [ 25517312414392831162865281 ],, [ 180378296488111 ], [ 21112223105089 ],,, 
  [ 32320946554450443599 ],, 
  [ 374761297273930152149953, 61272803932338094295371993 ],,,, 
  [ 30288625123855558466821 ],, [ 1185706977907, 5508911587680751 ],, 
  [ 475755110881 ], [ 1645161232501 ], [ 18711159241 ],,, [ 160072344703573 ],
  [ 16877572494090487181 ], 
  [ 2816973391, 2982769376203, 5987062301019171373, 1718923662003839603593051 
     ], [ 1896295734089 ],, [ 78795388387 ],,,,,, [ 181820932561 ],, 
  [ 917194206853 ],, [ 1187228849 ],,,, [ 2117056217 ],,, [ 2065739238307 ], 
  [ 151041464533 ],,,, [ 24668269866497 ],, 
  [ 496785153043, 4066968876220975843 ],, 
  [ 863199751961, 2486295810006061, 6697688826953021 ],,,, [ 1231252003609 ],
  , [ 1040677387, 4493584868328319 ],,, [ 7353975263 ], [ 465001184237281291 ]
   ,,,, 
  [ 164095915779277, 849520109367250386303872533, 2993035795579039713159990077\
177 ],, [ 341301761986057, 238872718542003673, 329392073208770286461953 ],,,,,
  , [ 30019972310517613 ],,,, [ 686070472957871 ],, [ 18966080125675009 ],, 
  [ 6563347768913638772351 ],,,,,,,,,, [ 43318636530935044301382470101 ],,,,,,
  ,,,,, [ 281764515287 ], [ 81820579827831001 ], [ 4108056767 ],,,,, 
  [ 87515104141, 11177168367601 ],,,,,,,,,,,,,,,,,, [ 492665765159233 ],,,,,, 
  [ 8525504529757, 2202333341144113 ],,,,,,,, [ 6525939169051 ],,,,,,,,,, 
  [ 7320859921, 17394593401 ],,,,,,,,,,,,,,,,,,,,,,,, [ 32058175873 ],,,,,, 
  [ 1437271888651, 27053200700761 ],,,,,,,,,,,,,,,,,, [ 54979207681 ],,,,,,,,,
  ,,,,,,,,,,,,,,,,,,,,,,,,,,,,,,,,, [ 2201500703792701 ],,,,,,,,,,,,,,,,,,,,,,
  ,,,,,,,, [ 263710694881 ],,,,,,,,,,,,,,,,,,,,,,,,,,,,,,,,,,,,,,,,,,,,,,,,,,,
  ,,,,,,,,,,,,,,,,,,,,,,,,,,,,,,,,,,,,,,,,,,,,,,,,,,,,,,,,,,,,,,,,,,,,,,,,,,,,
  ,,,,,,,,,,,,,,,,,,,,,,,,,,,,,,,,,,,,,,,,,,,,,,,,,,,,,,,,,,,,,,,,,,,,,,,,,,,,
  ,,,,,,,,,,,,,,,,,,,,,,,,,,,,,,,,,,,,,,,,,,,,,,,,,,,,,,,,,,,,,,,,,,,,,,,,,,,,
  ,,,,,,,,,,,,,,,,,,,,,,,,,,,,,,,,,,,,,,,,,,,,,,,,,,,,,,,,,,,,,,,,,,,,,,,,,,,,
  ,,,,,,,,,,,,,,,,,,,,,,,,,,,,,,,,,,,,,,,,,,,,,,,,,,,,,,,,,,,,,,,,,,,,,,,,,,,,
  ,,,,,,,,,,,,,,,,,,,,,,,,,,,,,,,,,,,,,,,,,,,,,,,,,,,,,,,,,,,,,,,,,,,,,,,,,,,,
  ,,,,,,,,,,,,,,,,,,,,, [ 156554838721 ] ];
