BRENTFACTORS[953]:=[ ,,,,,,,,,,,, [ 45023074943939, 3227561630237543 ],,,, 
  [ 83492628361 ],,,, [ 1098788377 ],, [ 3065272797512561317481 ],, 
  [ 55806160427188992771038201 ], [ 98364703985159 ],,, 
  [ 127540064702923, 3691241155173285735537349868011 ],, 
  [ 533070671718997695421829900744347 ],,,,,,, [ 32796519208142559697 ],,, 
  [ 93692918938277, 11525552573833333858409352279851362309 ],, 
  [ 343079038213, 403003753664774657862235541703583 ], 
  [ 62310825457, 1159100285113 ],, [ 181293986270497 ], 
  [ 26733880027, 680715760094684300009, 
      22372897524462032259391913834160763938379806042067 ], 
  [ 13230146187361 ], [ 572031915673 ], [ 115821169649276486340851 ], 
  [ 128032563252275796937 ], [ 4287629561234554069832673221 ], 
  [ 4923056259680297 ], [ 4093375333303, 20755998582643 ], 
  [ 7732790011, 1681033773913576133988215768113335818581 ],, 
  [ 4659278877103, 6004746747223596817, 11120252628389385840153350450569 ],,, 
  [ 3320236021 ],,, 
  [ 135122403552163147, 1965783727864209457, 474889278004490405197 ],, 
  [ 8390043481, 45158264367841, 48380270270671, 304359498755131 ],, 
  [ 4872870473351, 1092836652725358303510351632592944843 ], 
  [ 236839867305169 ], [ 33722640481, 113063364259 ], 
  [ 19613611161091408091 ], 
  [ 768058835681, 53704558351115134980289, 13458825905648735774467688653, 
      11369426167647306163151068444099, 33793613988659388293607116266136773 ],
  [ 54314341516721091529 ], 
  [ 397549330939991777, 1865940691465731206439599396112444797 ], 
  [ 1084667137, 6076053421, 275375945571723109 ], [ 68893205048015082001 ], 
  [ 114829609529287389918718123958965328568833 ],, 
  [ 24685268391577, 163619936519989 ], 
  [ 3100008823, 22570156692669863411753188698004309 ], 
  [ 3035204561, 86592122754118801 ], 
  [ 329535841349517387868675294128688762408021614199 ], 
  [ 260994777738952082779 ], 
  [ 255568966111, 5063616553216499, 183467998548991266785884259, 
      9996908035397361179842761059684441591, 
      1249169485766649312229883939841579506939159 ],, 
  [ 783568222005267292802337781108841 ], 
  [ 21293190449683, 1491680398111333607 ], [ 3430254505423, 293275593990391 ],
  [ 125596178413040369, 13871364978709933935769 ], 
  [ 101703731588827990416454949, 24539307254523484120046527280988928334928107 
     ], [ 21103992001, 560049257447956981 ],, 
  [ 465273718219326431420506699736559186026577694313 ], [ 4731142403835769 ], 
  [ 149629877426327510420254345827512696356027 ], [ 287477011001 ], 
  [ 212183435093050849, 11159099094911294453650657 ], 
  [ 4367128307274870928803046608408789002611825403 ], 
  [ 313259778679705620644528031352213 ], 
  [ 181638542779560703, 14281540524971303683969 ], 
  [ 9024125701, 1603183125301, 50750257454620681301 ], 
  [ 4789822789, 9255321851, 10242542079086951797, 
      3724439753810005303218953383 ], [ 443549458559215835780242120219 ], 
  [ 5700936869762951743943 ], [ 727804816649, 15911704557731301317917698937 ],
  [ 12236126453720596266841 ], 
  [ 683414916659722659827328523, 8802746750958406089657295175081 ], 
  [ 3066576256273697 ], [ 58455944689393297, 93424372290717514496185446062641 
     ], [ 18546656509, 681694798249357, 5856397169018615091258457 ], 
  [ 446016479768944180411547814011598027013416262420173652361 ], 
  [ 4402182287791 ], 
  [ 10488230278591414265487510387274015666134600340670826376817 ],, 
  [ 21381138787, 15950443686048591654829, 391016203076616988278943 ], 
  [ 20965921297238155770911 ], 
  [ 711658244560547321, 574724764836655697393, 828951188649594979217, 
      3267961452463574574091791377, 4358178695663137098120088893237041 ], 
  [ 10188759224359, 1363646476656329533425024148129249 ], 
  [ 259906460926162207081 ], [ 1278366588452689 ], [ 2587703401146560294401 ],
  , [ 44014298665085849726205883169, 11535713111136878847503767749197302447 ],
  [ 1593176672424511 ], [ 15264132947851096026941 ], [ 2819361001 ], 
  [ 221803336515979 ],, 
  [ 7721035565770235777, 386983325275091196398834549871293621457037313 ], 
  [ 109007594301522307 ],,, 
  [ 34030727248274857, 62725257805113894188493522662419418628061803833041 ],, 
  [ 1850030801, 7049421349, 15322848173725417499 ],, 
  [ 81249301140830321, 72971247637122691561381516698166201, 
      536812927047892325733016507994545623949817 ], [ 283996439947603 ], 
  [ 2836511375743, 4207854575428687, 4247152855516184829707084828609704518967 
     ], [ 1781114095240304413 ], 
  [ 267873187185086509310750717460965915056879749461 ], [ 33815860801 ], 
  [ 1131946865291719 ],,, [ 36128916819672573971 ], 
  [ 217984465376778342663040312216047721676669 ],, 
  [ 9301681182180757, 4377764561863615073 ], [ 601715663543 ], 
  [ 243644190281468593706669888251 ],, 
  [ 13035937077224569, 10627033354585773401, 39232478753988644397914850929 ],
  , [ 43287003607 ],, [ 827245329787318760585749 ], 
  [ 30553104685213623963013 ], [ 913911013670992758011 ],, 
  [ 47469645945556233349197890781918391841, 
      671939593214497677619836770173877869931463587201 ],, 
  [ 1049878261, 9054755024847229, 1487714107320553254476503447, 
      1498357612988011043489558405251 ], 
  [ 866690424059, 605276236491844004936237 ], [ 23149756164077149393 ], 
  [ 13689783361 ],, [ 68252106143663749 ], 
  [ 1043745575226313, 2766986265499009 ],,, [ 299647920421 ],, 
  [ 42986941391 ], [ 2595015750885524077 ],,,, [ 1036313069053 ], 
  [ 2686846404691 ], 
  [ 25308483301, 43002766441, 65674406019298541704808530861 ], 
  [ 338734322383180676721347 ], [ 13561693601, 1255869459391 ],,,,,,,,, 
  [ 10613249707750284851, 604894044496398284503 ], [ 2309229362941282477249 ],
  ,,, [ 2660823780773761, 9005448455457540529661 ],, [ 11663198046523 ],, 
  [ 346450252142201 ],, [ 33500435860354541895017 ],,,,,, 
  [ 136348904129875160257, 615601398498966691969 ],, 
  [ 34476794573859428663671, 49377283130780412977887430037853142740861 ], 
  [ 94836454571 ], [ 1073021041 ],,,,,,,, 
  [ 201002520841, 3662758706374224152302861 ],, [ 2065903213049319394356031 ],
  , [ 80868409076449, 75232678824519540063713, 2885767299711852452468496289 ],
  , [ 17319294397 ], [ 12792881917 ], [ 132485736478565341 ],, 
  [ 4049256285251833927660672051 ], [ 6751194913 ], [ 243960217121 ],, 
  [ 2966022855199, 1596710436634171 ],,,, [ 3456690343 ],, 
  [ 136721151044919291244081 ],, [ 30705752210717 ],,,,,, [ 6750763834921 ],, 
  [ 5712964519543751, 653238741338313768975358501 ],, 
  [ 171746771006452321, 793235571485063159213461 ],,, 
  [ 1429236751, 2677839464759766121 ],,,,, [ 203474904881 ],,,,,, 
  [ 1619244943 ],,,, [ 9552041641 ],,,,,, 
  [ 1874327041, 25911758686094797, 145961545728916702426917109 ],,,, 
  [ 3006080875909163088847721 ],, [ 108485224079617619919169 ],,,, 
  [ 1464638891 ],,,, [ 17756401591 ],,,,,,,,,, 
  [ 1429839533699591160353775334086601 ],,,,,, 
  [ 8109374851, 2769368196552301 ],, [ 1137418348529 ],,,, 
  [ 1826390281, 14936751337, 34484253337 ],,,,,,,,,,,, [ 82327763017 ],,,,,, 
  [ 9161032867471 ],,,,,, [ 65919295800961 ],,,, [ 9666746041 ],, 
  [ 15364071271 ],,,,,, [ 1197968773, 266797080049, 361759455015646273 ],,,,,,
  ,,,,,, [ 1152764125720201 ],,,,,,,,,,,,,,,,,, [ 2590808532822217 ],,,,,,,,,,
  ,,,,,,,, [ 3293554723273 ],,,,,,,,,,,,,,,,,,,,,,,,,,,,,,,,,,,,,,,,,,,,,,,,,,
  ,,,,,,,,,,,,,,,, [ 4051764949 ],,,,,,,,,,,,,,,,,,,,,,,,,,,,,,,,,,,,,,,,,,,,,
  ,,, [ 492597166471 ] ];
