BRENTFACTORS[317]:=[ ,,,,,,,,,, [ 633337333201 ],, [ 2038557977 ],,,, 
  [ 99915390233 ],,, [ 3832608421, 5321147801 ],,, [ 9325995656822900233231 ],
  , [ 250470675769051 ],, [ 3506162221 ],, [ 3733557520157 ],, 
  [ 361934368662146187883531 ], [ 7511919937 ],, [ 3815826443477 ], 
  [ 39605547661 ],, [ 881254040731925981 ],, [ 48956394181983379722229 ],,, 
  [ 111593246946931 ], [ 24261489155247581501918851889 ], [ 14113739729 ], 
  [ 49440536731 ],, 
  [ 1214029241143, 49708848938414257, 151804848420849890084212888343 ], 
  [ 4865450833 ], [ 52282186627146001, 35668320572305738324005482662879 ],, 
  [ 197326565506668649537 ],, [ 4436575666975589 ], [ 116556220243 ], 
  [ 1224854389190606923981 ], [ 2107781089 ], 
  [ 2670396307, 139144338285840451 ], [ 332548111449431325857909236808293 ], 
  [ 2168977774990401210131, 465976860193301513586443, 
      927881990773974822938936748096822678306481 ], [ 1664650285741 ], 
  [ 887584839541, 3675758724751, 
      2720167882457588304482323184437708935133505642970045096861313 ], 
  [ 268096928397172661139768487 ], 
  [ 6125401458541, 8475023144750527, 98375024064783335522941 ], 
  [ 30079358849, 68852014742081, 1576942078911091457 ],,, 
  [ 8837525181131798449656828235523941571 ], 
  [ 30162481201, 6518518928777, 13343458655629 ], 
  [ 3685071222297057242363220072409 ], [ 1059710401, 40130350261 ],, 
  [ 15393199643758873 ], [ 95158329790910651 ], 
  [ 4993651721, 10250701879830330701 ], 
  [ 1227887701, 1418634456568926015964023311851 ], [ 6467224368578801 ], 
  [ 701398506821694221, 2326886442410845468510318776475054698151 ], 
  [ 47730096153972750603619 ], 
  [ 38603668043499953, 188927785802662294370545299181451147063320789 ], 
  [ 525029988874241, 127598343994399921, 5044999750375702241 ],, 
  [ 25279606470421120933 ], 
  [ 165667218838975386148774892995435465309692858238108067371 ], 
  [ 86203498501 ], 
  [ 2487405491, 6480452730263231, 4626179579462648991285894728478569576731 ], 
  [ 8649368846782825961533 ], 
  [ 43559162392915021958578071458899862906669487333340859489797 ],, 
  [ 6118781034479, 568664182181698179660102391517 ], [ 408252875131 ], 
  [ 1414239311921964022123721, 41626046358828325199750021094492086270387, 
      1108768454985987382566024367313985336057847390333837492823 ], 
  [ 285097016213, 426378332277559241 ], 
  [ 2765945737, 43658016604835683, 15127555259258908929308695726712149 ], 
  [ 18527391804445300802672813, 39880003083308220415316986432572713 ], 
  [ 14960466811, 202142840424361, 1518956138411697545182527851, 
      31709830606736629497541090391, 59871501971840294926211091731 ],, 
  [ 3136451495047765848680655751, 583705418420784453435302212801 ], 
  [ 626864328833, 218748779071987827823664388380284647923 ], 
  [ 9207503416027789489, 6127531374596327774067203567775181, 
      4648276313782381670623034627464613392739225059 ],, 
  [ 17105403229, 103098640375217081202954230959829, 
      36320052875395137221474170177547953911529211 ], 
  [ 66122677469029, 566913399042099073 ], 
  [ 5022587382125441, 40070607177565116946038159510195449 ], 
  [ 222761245780812643940149980778208526868556681946689523473 ],, 
  [ 86745499727, 14058564842579 ], [ 8486658251325196102952761 ], 
  [ 14483945261149417 ], 
  [ 110978946781450516669, 231223402248785247140460854459 ], [ 103049726341 ],
  [ 1809576563590302685471, 17929576251211294418417107, 
      79348542321900645035430919 ], [ 153759142871958486212835521 ], 
  [ 72487073043493857001576861, 214828491408041732561527963, 
      60436404921368357330408960775539 ], 
  [ 934306070833, 1021942942341124792798972873 ],, 
  [ 30507579957157, 79339674558568337230440061955119846085411950299300740441 ]
    , 
  [ 3705781920333481, 16350432359304073424473, 5353378927211211487383998791 ],
  [ 7167443761903331028095581 ],, [ 1743949405195979155325798900782551721 ],, 
  [ 313533345562220812986110746991953 ],, 
  [ 87501866472609255954196006261, 22510066301916449174262872494364538593 ], 
  [ 1064266791751, 8980404632917753501 ],, 
  [ 1248479851, 469675601205467, 25346804604894279040074420337 ], 
  [ 54857479442655872118337117341445126998275150598243872289042260153403137 ],
  , [ 54800283743617658611 ],, [ 43470539773, 17673248362391006413381 ], 
  [ 1350156562790239, 1907197469244495709 ], [ 473456396686997 ], 
  [ 4051304357311 ], [ 20116340938553 ],, 
  [ 1394857818301, 271488183727450806252350213373825973 ], 
  [ 2442795510800350826801918023, 2379539808229409790789607015789 ],, 
  [ 79393774657 ], 
  [ 5524267736783, 499163435319007, 759752213902823, 1872612615117557, 
      94666968504540431075215330490403859 ], [ 2013322169 ],, 
  [ 1812685601, 34211357711 ],, [ 4552751407 ], 
  [ 1188195653, 26158927481, 608285423295986549, 1755481872852806940707581, 
      7717693065230628923380909 ], [ 40509238219 ], 
  [ 1539308175151, 11376888242395072262658724501 ],, 
  [ 2056767431572062422261156477243449 ],, 
  [ 10091259449750385444260901459281426394893 ], [ 6895439431, 178715832661 ],
  [ 3111540121, 55765517817797787116051895103313687212375064986693 ],, 
  [ 20222584099117 ],, [ 6749777921, 5634574457441 ],, 
  [ 14737325366941250302549803011092723793200898449 ],,,, 
  [ 7612056656888797, 123325193936955764409011 ],,,, [ 16548033751 ], 
  [ 8365394899, 10054507579057, 264742704610057 ], 
  [ 221229400680181, 14473445398241173965082037 ], 
  [ 6639225234650809156520782727478461 ], 
  [ 3216240525080118991022803195372772739164334739 ], [ 2160288551 ], 
  [ 208489337084778300572798672438673888525329 ],,, 
  [ 153119680949, 5369531723113 ], 
  [ 803175757853041, 7166507480594252461758313801 ],, 
  [ 49367065698679, 58259578302155413, 98034802581414113290616287, 
      201861267914794189210156173784441, 
      20290392462201258540472112289809335397 ], [ 2485660052068873 ], 
  [ 11537668525633, 1684523561682208799273, 
      7362550761638010791143702411296873898804568377 ],, [ 59778982309 ],,,,,,
  , [ 115648915233535577 ],,, 
  [ 17935106644747116587869, 1258466687498672299077521441564955973621392032150\
9 ], [ 1067211253 ], 
  [ 11185295961600934927777, 665511246871716841877760733, 43488482163463271293\
83897841 ], [ 46149758467 ], 
  [ 949761565201, 1813438227893989001, 508988175458868838722601 ],, 
  [ 21718256281425959 ],,,,,, 
  [ 279407093473, 16728327715831057, 807583448779904700593 ],, 
  [ 93938921401521737277301111 ], 
  [ 292943163074811232130713, 992978573237385144300431428241 ],,,,,,,,,,, 
  [ 346162395049853581753969 ], [ 581460202889 ], 
  [ 1720745203180417, 167384741299196513 ], [ 1908742951 ],, 
  [ 63925777813, 10812805192579644561697020803 ],, 
  [ 11988757309, 36952713671437, 1142867165978762013832032276101723 ],, 
  [ 23511401217119563251043 ],,, [ 13248959023 ],,,,, 
  [ 54946851015921724311470107 ],,,,,,, [ 9290517250299782092567 ],, 
  [ 7432715497 ],, [ 1399414080824233386594458501 ],, 
  [ 591899477445912637, 99910110700881374983741 ],,,,,,,, 
  [ 119800747301, 1494397252921, 6918938783619461 ],,,,,, [ 20020929888989 ],,
  , [ 6017672033, 60656739276946204507091 ],, [ 4209015374467 ], 
  [ 305574899004497, 788038713443281 ],,,, [ 224789865661 ], 
  [ 156016460654959, 22248717708969535548833 ],,,,, 
  [ 1107378469, 1396080199 ], 
  [ 4268492756543, 7975898651089441, 26825205401927971 ],,, [ 4995619487 ],, 
  [ 2277659715382216824181057 ],, [ 258121547044951 ],,, 
  [ 586387107252924839 ], [ 520777447840984523578369 ],,,,,, 
  [ 22765518901, 18387860746201, 29164361063205516601 ],,,,,,,,,, 
  [ 18236015030958725851 ],,,,,,,, [ 1479223989589 ],, [ 257162066561 ],,,,,,,
  ,,, [ 15246260591109514142551 ],,,,,, [ 1118605153, 2844050161 ],,,, 
  [ 1114873261, 2405973961 ],,,,,,,, [ 119035986043333 ],, 
  [ 7766700930633751 ],,,,,,,,,, [ 39631210561, 2896333672200841 ],,,,,, 
  [ 14359273966505053 ],,,,,, [ 1450295569 ],,,,,, 
  [ 11732717395981, 20501701390171 ],,,,,,,,,,,, [ 87367091474911 ],,,,,,,,,,,
  ,,,,,,,,,,,,,,,,,,,,,,,,,,,,,,,,,,,,,,,,,,,,,,,,,,,,,,,,,,,,, 
  [ 648840802115353 ],,,,,,,,,,,,,,,,,,,,,,,,,,,,,,,,,,,,,,,,,,,,,,,, 
  [ 315266963161 ] ];
