BRENTFACTORS[777]:=[ ,,,,,,,,,, [ 287047399651 ],, [ 1051329719623 ],,,, 
  [ 12999560994925783 ],,,,,, [ 13109269337 ],, [ 531965445088901 ],, 
  [ 2592950860958320492363 ],, [ 86579578618961184171022602715322369 ],, 
  [ 29073856917767 ],, [ 302421355158649 ], [ 1287032057 ], 
  [ 1924550531, 4324170551 ], [ 1109539441 ], 
  [ 6589136417, 1604273877252769, 288128154401009088931 ], [ 55590489853627 ],
  [ 3456344689513, 9111561150479462195509 ], [ 2775110801 ], 
  [ 13647051721, 173191382062711, 31201319635897501 ], [ 131718796063 ], 
  [ 702815602996203523 ], [ 86338966781, 151150007401889 ],,,,, 
  [ 8679238094353, 204193596471137867110567511063 ],, 
  [ 34621187617, 23690703813146341, 497429914067375893 ], 
  [ 3031285793681851522909 ], 
  [ 63421931875499, 12780341970443363442285194658851004269, 
      31114262471737638535749380371121557297350461 ], [ 4463499489836437 ], 
  [ 68201008477666482881 ],, 
  [ 1112725997269, 855770672332272559232412929900590871113 ], 
  [ 1761758282634226407834493 ], 
  [ 2974588369, 5501778093742359505960778162867 ],, 
  [ 39557899151, 119017445053331308061185106348009 ],, 
  [ 28311027303259, 33089405345641 ], 
  [ 1244419994136248904061428055008596500292150977 ], 
  [ 107506747531, 34673327604631, 68013943895294364041977631 ],, 
  [ 9253963946021912958491633821 ], 
  [ 2585938400091601, 161287057166823403729, 130110136904210512555685041 ], 
  [ 1970974338086053, 853328049237937621189651 ],,, [ 2207842080870817 ], 
  [ 49536377912113 ], 
  [ 52224313726959317, 383697701513639766462487447481238874121 ], 
  [ 5267182285898726101 ], [ 302830149759149 ], [ 22022398399 ], 
  [ 38873449938119279932723 ], [ 3502114071165523829 ], 
  [ 1078282801, 610504031213787956761121 ],, [ 29450627015965151 ], 
  [ 130013211091 ],, [ 5880971543521 ], 
  [ 12209775790536194804612401, 14726877487075613952207121 ], 
  [ 56348212656387349127969047 ], [ 116672061039455057753 ],, 
  [ 104892880507859971, 5022195738632525161 ], [ 323212212989255591 ],, 
  [ 956089761883 ], 
  [ 13793722489452658911649213, 733162621849032564682845634487907471964211 ], 
  [ 432684647611 ], [ 1058818161601 ], [ 175138885247 ], [ 12474693216983593 ]
   ,, [ 344304345242801, 61706582286254072501 ], [ 32411130517553 ], 
  [ 1720800283 ],, [ 2115396713 ], 
  [ 51560323083753942336304180088109651750733768746723801285211 ], 
  [ 9644321378383, 1684074859339713809, 314058211995612674458181 ],, 
  [ 17456700637, 1653318987548856769, 11104601000558074006886849341 ], 
  [ 3624578418091 ],, [ 1668647842300651 ], 
  [ 2448817329661263339478403869766256837063298715034783788459153 ], 
  [ 2263624589 ], [ 66811435896824988114843503096377 ],, 
  [ 163260363651384301, 349450530168670237 ], 
  [ 9790843559010361381, 364341963175302599347387441357 ], [ 95481853501 ], 
  [ 238039621744245049, 314094603533428061 ], 
  [ 137372995298225917871612539135801 ],, [ 69971551501695664628573 ], 
  [ 1823889757 ], [ 3810717259212723994463588921 ],, 
  [ 142697527309, 24984592391785291273, 1750740993591376235292127117 ], 
  [ 92183760276511 ],, [ 5865568115859074023 ], 
  [ 1679987401, 10613510685961, 29329535396981, 
      1269612061069702929963141516590484901 ],, 
  [ 35788804789, 483502631041, 58652739030337, 1477771904011940461, 
      16710718591257973393 ],, [ 841541920429280191841 ], 
  [ 48150423879931, 2159830422929521 ], [ 737529146209 ],,,, 
  [ 47496247541, 9705340826841749019841, 148977861768611349994447955441 ], 
  [ 9582016122433 ], [ 885818660219 ],, 
  [ 24908293153, 167142855867823686754207437327361 ],, 
  [ 232709659312343339707326233 ], [ 27928468292312301673 ], 
  [ 5499948029, 31299629369597, 288884590657521032516509 ],, 
  [ 45580656001, 91886620351, 21646954794150600301 ],, 
  [ 195724244039140001, 26476306960086154419003817 ],, 
  [ 260602389587, 1035941422979 ],, 
  [ 1597525177, 433605811330404901742178214433689 ],,,, 
  [ 14017969921, 2527052156641 ],, 
  [ 1590392071, 1315087446356443, 342245202793006411, 272925474181938292537, 
      1091089496529755356388400973 ],, [ 14577605275922134707997 ], 
  [ 1059967921 ], [ 10984635839737416743, 4584153179153033169347 ],, 
  [ 1505232961, 33603364776143351113, 21517761578871251565119473 ],, 
  [ 1036479828731 ], [ 2086679143, 38210902129 ], 
  [ 7044769637, 12097622508855314477668117 ],, [ 3028276513, 30212586919 ],,,
  , [ 779339652592849 ],, [ 6013285561, 4114321236487878272641668141495541 ],
  , [ 35898933253 ], [ 106307083759, 4910306415037 ],,, 
  [ 753037421332710336289 ],,, [ 100816906289401 ], 
  [ 104902054027321, 9827405495106691 ],,,,, [ 3569494219868851 ],,,,, 
  [ 23928464401 ],, [ 912457989242838427 ],, 
  [ 6567318579545202663071991491056657 ],,,,,, [ 10313410452098038380691 ],, 
  [ 75462510559736689 ],,,,,, [ 364293691423 ],,,, 
  [ 12674138021397757, 3218021927303367937 ],, [ 10975205413537 ], 
  [ 62099116796300851 ], [ 565150719401 ],, [ 5248983906729767749 ],, 
  [ 5467248414631 ],,,, [ 795892756231 ],, [ 37809126469 ],,,,,,,,,,,, 
  [ 73772223955289, 421136127456857 ],, [ 82499585251 ],,,, 
  [ 4147711807476737 ],, [ 7664758529, 21748764929 ],,,,,,,,,, [ 1513326137 ],
  ,,, [ 7419450380311, 408271924496589372613621 ],,,,,,,,,, 
  [ 107891548707881 ],,,,,, [ 122828743181 ],, 
  [ 1776252097, 131537092736677249, 693448195782678202099600531201 ],,,,,, 
  [ 4427572969, 8585313307537, 656950677988753 ],,,,,, 
  [ 46650015901, 762780986381101 ],,,,,, 
  [ 2805226849, 3609180343, 2590508900109817 ],,,, [ 916863736981 ],,,,,,,,,,,
  ,,, [ 2145684817, 57554839333, 104717703313 ],,,,,, 
  [ 1625851617391, 23291695808960884141 ],,,,,,,,,, [ 908582373661 ],,,,,,,,,
  , [ 2397605701, 372787934681401 ],,,,,,,,,,,,,,,, 
  [ 505630069453, 1927373672033671 ],,,,,,,,,,,, 
  [ 324861854311, 808020255247726753 ] ];
