BRENTFACTORS[9511]:=[ ,,,,,,,,,, [ 1922156531021 ],,,,,, [ 13553266150477 ],, 
  [ 3768163829, 486635669579, 14335233559444873 ],,,, 
  [ 340444717061, 16201935030264349973567669897, 
      4190405589641334982027739526306206351 ],,,,,, 
  [ 87092763887767747943, 329856770949789652548092577284741, 
      906241569395811135117654287318120618210555470732451 ],,,,,,,, 
  [ 51021384272226432157084306177, 464039248787782168590045272417 ],,,, 
  [ 2231799549568396567379687 ],, [ 3112426724477470869745027 ],,,, 
  [ 37529173562415989346881, 91964617070588644042493809 ],,,,,, 
  [ 2642756624628163, 12879858729269172021441122351, 
      118696455275970004560272269837 ],,,,,, [ 232267385056589447 ],, 
  [ 11361470158639 ],,,,,,,,,,,,,,,,,,,,,, [ 50409670691, 242636101991 ],,,,,,
  ,,,,,,,,,,,, [ 74323893737, 3230762191471 ],, [ 12318705653, 473442119291 ],
  ,,,,, [ 84892423349 ],,,,,,,,,,,,,,,,,,,,,,,,,,,,,,,,,,,,,,,,,,,,,,,,,,,,,,,
  ,,, [ 7229323121 ],,,,,,,,,,,, [ 1150063487437 ],, [ 1447339351 ] ];
