BRENTFACTORS[7297]:=[ ,,,,,,,,,, [ 98698871823440857 ],, [ 3691220963 ],,,,,,,
  ,,, [ 22765099207, 55116883291, 1958654994986824669 ],,,,,, 
  [ 2607013126745747813, 1611947590091546302477 ],, 
  [ 110087820534450609751, 2420359625190409143543904822498417, 
      5816748714345985185597265231702292785103614842206059804777 ],,,,,, 
  [ 16685086361 ],,,, [ 22905148573121, 38651179380590362599445589 ],,,,,,,,,,
  ,,,,,,,, [ 18184432363, 12533158831331 ],, [ 1316692486819019 ],,,,,,,,,,,, 
  [ 28650013869077, 299267460478153006159 ],,,,,,,,,,,,,,,,,,,,,,,,,,,,,,,,,,,
  , [ 72073218534214882828309 ],,,,,,,,,,,,,,,,,,,,,,,,,,,,,, [ 1919156321 ],,
  ,,,,,,,,,,,,,,,,,,,,,,,,,,,,,,,,,,,,,,,, [ 755159797154641 ],,,,,,,,,, 
  [ 7170526423943 ] ];
