BRENTFACTORS[7589]:=[ ,,,,,,,,,,,, [ 787665894100931 ],,,,,, 
  [ 147547931591, 5942759088473416394340247, 2600755716062582343367158181 ],,,
  ,,,,,,, 
  [ 4256716416831047068793471, 20305374710501119989104367445577, 2275425944889\
42264711745888517133866326844789 ],, 
  [ 3058357510020543737651, 56047703604661087679147914691917793513, 
      1986278968144530985395422452881043694485343 ],,,,,, 
  [ 9758959767213551, 333109845155429343961489 ],,,,,, [ 4608821099119 ],,,, 
  [ 7341675380348678851790190718117 ],,,,,, [ 746808384288592904653 ],,,,,, 
  [ 748764200448125171383 ],, [ 57015800014297, 4221400516509558401 ],,,,,,,,,
  , [ 5595507587 ],,,,,,,,,,,,,,,,,,,,,,,,,,,,,,,,,,,,,,,,,,,,,,,,,,,,,,,,,,,,
  ,,,,,,,,,,,,,,,,,,,,,,,,,,,,,,,,,,,,,,,,,,,,,,,,,, [ 4614723246103 ] ];
