BRENTFACTORS[215]:=[ ,,,,,,,,,,,,,,,,,,,,,,,,,,,, [ 2993453509846397854337 ],
  , [ 45246665909 ],, [ 10123850245279 ], [ 56123577553709 ],,, 
  [ 50618346610159157525459, 27903838634797539116413433 ],,, 
  [ 389215802990321 ], [ 159452066062411, 109103021637080667264581 ],, 
  [ 556045443520631724638374376010196604281 ], [ 1179258879855268477 ], 
  [ 290360353771 ],, 
  [ 19425808573, 23071309380526704173, 5330677626732499749793 ],, 
  [ 36542395919, 38888116983012514051604518694856181319441 ], [ 4495749551 ], 
  [ 1645481569218073, 22395846555019662937 ], [ 6297426409, 14579596589533 ], 
  [ 5779363121223825187 ],, [ 23719635281 ], [ 484711384905318313 ],, 
  [ 4888536507488675514126103 ],, [ 2221845181 ], 
  [ 5263237297547894020403, 3685356908946503219964619109295652731269 ], 
  [ 47298067883120339641 ], [ 2617439845428714315112922812511071 ], 
  [ 20937552585217 ], [ 2893462385581, 13174706001601, 41586631516301 ], 
  [ 80393574650320933 ], [ 2093667990827355013 ],, [ 7974680183840971 ],, 
  [ 73395106993442636116318379295701 ],,, 
  [ 10653103105130252052089006706836611 ],, [ 4029325399527949 ], 
  [ 585803841298013181048042839 ], [ 1171126960581971023020616903 ], 
  [ 431861375101739098764906566113697 ], 
  [ 211555040233921, 216634034528974709041 ],, [ 1165150219 ], 
  [ 392750584414673 ],,, [ 2325463909 ], [ 35846282885544273187 ], 
  [ 1210764582188151363442609 ], [ 12052850989 ], 
  [ 60999686911, 122623053128551, 441286839128701 ], 
  [ 44077778443063, 753796440804317, 44813449605176525729, 
      962841845235476091649937993, 7384339892328286186530721309 ], 
  [ 1828789362595925232781 ], [ 976523308963 ], [ 44996771751927583456079 ], 
  [ 93409142921, 85076746548336911051 ],, [ 5089344203, 3615533148947 ], 
  [ 60164184135391981 ],, [ 111467392453052101 ],, 
  [ 213517508921491, 45615370342662573223 ],, 
  [ 17020873869689, 5297415545927107985536753, 
      828159686990783592050246166636241 ], 
  [ 10032213854094251300461, 3172572194869423285131571, 
      13723688062130543390699168791 ], [ 14370080683813090170437855567 ],, 
  [ 433212161329 ], [ 1517121733 ], [ 5929765613146157381281 ], 
  [ 315622544407 ], [ 18890425072895041, 13807204981802022673 ],, 
  [ 228928861160653, 519562691120272437095149 ], 
  [ 148093765051, 6421279615981, 13305369286942634484137911 ],,, 
  [ 4939103937541 ], [ 9583642153, 30013629339593257 ], 
  [ 206911412641, 1066756696441 ],,,, [ 112146581208901, 1805280826404901 ], 
  [ 1017801751 ], [ 2358284923, 909181361362774427047 ], [ 3685361363833 ],, 
  [ 345039726299424322189671709 ], 
  [ 3337818707341, 53928953541191, 13381225606990923649111 ],, 
  [ 26170042806997, 97090743690698341, 325337003636012947414193557 ],, 
  [ 16328822591, 28457142148321039 ], 
  [ 2571473842734204631, 3742303177233745741, 20561367718995290013331 ],,, 
  [ 40823986145552484847740890283025363 ],, 
  [ 1077825841, 59381158458350558922667995953540868608358241 ], 
  [ 425511991089385231 ], [ 176715347477 ],,,, [ 1221605229328541023 ], 
  [ 31547477104249, 32873609683363, 105977576707335370709533 ],,, 
  [ 426546610578229269782068217802301 ],, 
  [ 5879514396177169417, 1441035005637187149749356778689 ],, 
  [ 195865210077401246293659133 ], [ 1258127251, 13873662811 ], 
  [ 1039998729351175777, 269409432318607730293 ],, 
  [ 2785037561, 16869696499, 101428500751135715999271595177 ],, 
  [ 3455501740961 ],, [ 86771073008794753, 1992699794201235207932773 ],,, 
  [ 2259619891, 867702337256371, 67843913644804111 ],,, 
  [ 96585090946367269976649728836522153 ],, [ 200421036071 ],,,, 
  [ 120000194235541 ], [ 12342645001 ],, 
  [ 79531616383, 103942132423, 50467767383269 ], [ 459144691643486517707 ],, 
  [ 1553441731201, 5530533107220769646292280201 ],,,,,, 
  [ 3080618218846969, 32969933110436217029539417 ],, [ 537605911332222839237 ]
   ,, [ 101242939310534951 ],, 
  [ 5458901169683640094640427457, 95484668570916423026326246081 ],,,, 
  [ 75758093437497087121 ],, [ 2109757390457653770726331663628977 ],,,,,,,,,,,
  ,,,,,,, [ 480171485370601, 89204768098833469202600663017 ],, 
  [ 647109943231 ],, [ 1113441968769758101 ],, [ 1390390996045948199247559 ],
  , [ 1644565983649 ], [ 22711713853051 ],,, [ 166403739493993429616761 ],, 
  [ 1468670836562341, 2665558054250411 ],,,,,,,, [ 218001848653 ],, 
  [ 76007263519921, 1780125264342617797353601 ],,,, [ 49271506577 ],,,, 
  [ 287854607129 ],,,,,,,,,, [ 29447824253569 ],, [ 1199295986470171201 ],,,, 
  [ 2037732604964481382945028449 ],,,,,, 
  [ 12338667464624347739131, 89093869836952635091207316071 ],,,,,, 
  [ 1316732797, 9297357253 ],,,,,,,,,,,, 
  [ 140338126081, 8797427020847061142561 ],,,,,,,,,,,,,,,,,, 
  [ 165671747029, 531868360354399 ],,,,,, [ 144709097394889 ],,,,,,,,,,,, 
  [ 111551279977, 1700379241597 ],,,,,, 
  [ 5011030993081581931, 10001213751302823391 ],,,,,,,,,,,, [ 52479394183 ],,,
  ,,, [ 988260675049, 22024808246761, 938294694130131568081 ],, 
  [ 243319547901929101 ],,,,,,,,,, [ 1127208601, 1565346241 ],,,,,, 
  [ 1235428609 ],,,,,,,,, [ 264889796251 ],,,,,,,,,,,,,,, 
  [ 8375721647829901, 239390618422054711 ],,,,,, 
  [ 140352709069, 5950904691997 ],,,,,,,,,,,, [ 142261495897 ],,,,,,,,,,,,,,,,
  ,,,,,,,,,,,,,,,,,,,,,,,,,, [ 223343494651 ],,,,,,,,,, 
  [ 322860851312161, 6651123278125541, 161410856257973381 ],,,,,,,,,,,,,,,,,,,
  , [ 3091082848204321 ] ];
