BRENTFACTORS[242]:=[ ,,,,,,,,,,,,,,,, [ 8517098873, 811894428329 ],,,, 
  [ 18954350876287 ],, [ 8407608233, 134735612393 ],,,,,, [ 125327338151 ],, 
  [ 24778139488511, 10430083452624092444119 ], [ 110974629761 ], 
  [ 65816069617, 6141213977529511 ], [ 663554757907 ], [ 2882145281 ],, 
  [ 532448853647, 4549770740504352079, 100200676696097859892609793 ], 
  [ 161644712171 ], [ 748965125964412156567 ], [ 296521767121 ], 
  [ 68307664244427694575713593 ],, [ 265453990231, 448296866202213689303 ], 
  [ 1476742697 ],,, 
  [ 124758337559, 32516783876278542839, 555967386003440984889353231 ],, 
  [ 425211595323121951, 7214878836130040675839, 21925688619114208702793167 ], 
  [ 5307831759001, 14500115163451 ], [ 42773643534421233736849453783 ], 
  [ 3765935212573 ], [ 8168866999, 7782480101776494803682665717091357807631 ],
  [ 10396774345815577 ], [ 21974269855691034545228702120035175990940430831 ], 
  [ 148861655849398404978362417 ], 
  [ 28164583724239, 24511631670242839, 2116514602502865590524283353 ],,,, 
  [ 98920228449554644054947439 ], [ 158674492187 ], [ 1232422129 ], 
  [ 9929147659219435709252413480233857 ], 
  [ 3026032949282591, 21304726565677751191446065176194331271 ], 
  [ 9401492563 ], [ 58792261545362119 ], [ 7261041497, 2813818274182424689 ], 
  [ 40154772319, 43978985263 ],, [ 546038347857842919446384863384177 ], 
  [ 3223991377, 434422410337 ], 
  [ 35240410697, 812109406433216815761237347639 ], 
  [ 11430650568925239091992185693817908411 ], 
  [ 26277699401525401, 51415127902127093487601 ], [ 1070407040998960644829 ], 
  [ 350589129353, 2194797459050401591 ],, [ 2319890439087598005761161 ], 
  [ 42912838172187901121, 35398295227799247858241 ], [ 41386936879 ], 
  [ 63512564459, 233288924243, 71672631807569783299 ], [ 477507060077711 ], 
  [ 6655825093, 6640123274607844393 ], [ 429229806377276517551 ], 
  [ 12189513203708803532355004049197476507192931 ], 
  [ 15269977087, 17130909030799 ],, 
  [ 13530577146659561, 849270225348253938289 ],, 
  [ 89976800369, 164404867611167, 217384283963650448436319529 ], 
  [ 76882865077429, 14253956719012561, 1361826865721778829129, 
      23160212973154694502629 ],, 
  [ 192340067891, 1576184284481, 1104534416152697, 78723359089126724910713 ], 
  [ 11378819321468715118961813497871 ], [ 20257405413300472822208449 ],, 
  [ 687771703193, 4374034953400547, 13939052240411548339033996969 ], 
  [ 352183912595843727527956279 ], [ 26717098891001 ],, 
  [ 118265326323741422968564332721 ],,, 
  [ 69434112728752108155013252058394121 ], 
  [ 43811094245267, 28964200687101855314426416379548441474818241 ],, 
  [ 193957154101, 41780225964770760297918632993533 ],,,, 
  [ 3522307388321, 4369732563496603055851618540677574636769 ],, 
  [ 141180041881, 55178961646492623187 ], [ 62077683830155241 ], 
  [ 49970510078221, 153560369043948617, 331416096874384422629, 
      63630171451655977253325209549 ],, 
  [ 20657602033, 1996946460857, 16021630479467 ], [ 133506368912393 ],, 
  [ 75998077849, 68105648725521529 ], [ 645600038766169 ],, 
  [ 1018188089095134393717403085457517, 23884172729283191092226395695112553 ],
  , [ 28245220496966802673 ],, [ 3495668069633, 321384612972289 ], 
  [ 7299835489, 184120610209, 1964061210466131103 ], 
  [ 32963452997281, 70032661397401, 8226346597806648577326276914260963921 ],, 
  [ 818514351601, 6194534856313, 186159883789309, 798795490050361, 
      4584049005996373 ],,, [ 1007415654031, 89584088322099508413841 ], 
  [ 470035155307057, 65789867206531841 ],, 
  [ 7400632658763883811186279489167699 ],, 
  [ 93138815701, 129131488361, 738362928021762821, 61562645215390529041822901 
     ], [ 27576481165010618791 ],, [ 31785935897, 925312953137 ], 
  [ 359292162731859721930341822731383298113 ], [ 1017043475273056481951 ], 
  [ 11369573568138433 ], [ 173372124865797271 ], 
  [ 4301731297, 43021746690310844528741, 246895489871059581057577, 
      324034572576118561832298344373941016427315897920663781 ],, 
  [ 236486345031210451 ],, 
  [ 1120189841, 9624856753, 13149904561, 518462714647378817, 
      573508740260029364118607645649, 1914065097570834266169992681166097 ], 
  [ 891402981841 ], 
  [ 259563889224641, 349541595164609, 932380048501381019, 12617441197144298173\
65593 ],, [ 47459550078078997, 62625179222272107993551404105273 ],,, 
  [ 11603348161777 ], [ 5826944397761 ],,,, 
  [ 63699264045361422868748844509, 16959673857353724631029661954333, 
      3932842545529694367633023285795698293587238740885972754285397369 ],, 
  [ 3031179257 ],,,, [ 26457151354999515481 ],, 
  [ 2267762560728619021, 2814689442209333977, 5199602968058803916582059443901,
      92347391264962764203716823799043633 ],, 
  [ 120830053782514369, 550516338101898956038464793 ],, 
  [ 52920746029032882529, 8616266492250988873633 ],, [ 36985324339 ],, 
  [ 4868355241, 13424967001, 48456051094266322501, 
      46051011792838592644310729865156601 ],, [ 156173216473 ], 
  [ 73501004257 ], [ 620737913713, 659021119796657, 501431088832812722321 ],, 
  [ 205045330940915211169 ],, [ 2276091373, 69842426009, 1895048460377 ],, 
  [ 147983816084850742712011561 ],, [ 197662048960419145239937 ],,,, 
  [ 479434798768073, 2087087781106938677326362209, 
      568068656268687515052093794227753825857466995661 ],, 
  [ 16924793689, 6821679804787, 68352939216418627, 91550974323898947451771, 
      2484412253422525485276156721 ],, [ 18602750133872842801 ],, 
  [ 744647742931 ],, 
  [ 13920688069, 4628864171820822552433, 3188045301467297073920581425806896989\
74173 ],,,, [ 9339143289326704627489 ],, 
  [ 347835780601, 13833052749263753007385463376422698377414117611761 ],, 
  [ 328153272541 ],, [ 372522623443891 ],, [ 3131977969, 65974638710017 ],, 
  [ 118208951175013090331 ],, 
  [ 3453128141, 4346886941, 30048192228940805429774272861325393801, 
      11685445849472779830581014062224521169141 ],,,, 
  [ 22208789611136335873 ], [ 478948483801 ],,, [ 3755395981 ],,, 
  [ 2944799110639 ], [ 718501364017, 8830671684755537 ],,,, 
  [ 2844935869, 275541534029, 1280091994793 ],, 
  [ 191964889753379, 34439225402848043 ],, [ 258915725246256193370881 ],,,,,,,
  , [ 45120176609, 30698089527381167685056513 ],, 
  [ 4562247251, 42117562889251 ],, 
  [ 2486577997, 3733985053, 10288459806450937021, 
      281854791243673863256973100476457417863462301648590058613 ],,,, 
  [ 22615321601, 4770822583251457 ],, 
  [ 6078591457, 18476023463775379, 214449414560687752979179 ],, 
  [ 2058674021, 4973368515464767489564068808968389983417661, 
      2427526733994661039379091021175943917487927527962781, 
      5012519878278911737710978571773988737867672624287401 ],,,, 
  [ 12354364985953 ],,,,,, [ 342997582255142761 ],, 
  [ 15341428321, 48177415201, 500928680321 ],,,, 
  [ 86157874513, 103471719416017, 39148477996461433, 
      123979801130547451174271020445289535727149624311102571710175837 ],,,, 
  [ 776201955238081, 41544311189167361 ],, [ 1741328227137037081363 ],,,,,, 
  [ 24166813249 ],,,,,, [ 296311468098861097 ],,,,,, 
  [ 741049017301, 24110958926701, 481678727026501, 591500792634969001, 
      3004595603828090363493901, 92917901372574960638491556691149079075901 ],,
  ,,,,,, [ 122589215057 ],, [ 10580376881 ],,,,,,,, [ 2482877924456497 ],,,,,
  , [ 9598510751293, 46687532773501, 6770177903771641 ],,,,,, 
  [ 56234602017001 ],,,,,,,,,,,,,,,,,, [ 1846818949 ],, 
  [ 84965004601, 121130294251 ],,,, [ 374749595659, 6045056971897 ],,,,,, 
  [ 9979132321, 18232488721 ],,,,,, [ 96643263830730662473 ],,,,,, 
  [ 43085057507328493 ],,,,,, [ 51047960308633, 94847405810977 ],,,,,,,,,,,, 
  [ 1632120361 ],,,,,,,,,,,,,,,,,,,,,,,,,,,,,, [ 948785952606241 ],,,,,,,,,,,,
  ,,,,,,,,,,,,,,,,,,,,,,,,,,,,,, [ 15518896009 ] ];
