BRENTFACTORS[796]:=[ ,,,,,,,,,,,,,,,,,,,,,,,, [ 1521931551936479051 ], 
  [ 4812054287 ], [ 33810988411, 241376277386333251 ], [ 665299826017 ], 
  [ 13916348843 ],,, [ 7086478318430113 ], 
  [ 124721863729, 1008787655950682221087 ], [ 8888458366559963 ], 
  [ 464781616617774200125686551 ], [ 2115116893 ], 
  [ 2070511702412339, 1121206047511348717946228339699389 ], 
  [ 249710412528719143 ], [ 3905353843 ], [ 7197079438242444761 ], 
  [ 702984077429, 91493292713173633 ],, [ 59233464626485133115670911727 ], 
  [ 5797903277, 129571478081 ], [ 7395227244224101, 8657127696567843631 ], 
  [ 88795196430180700813 ], [ 31636240715731, 83920558980554347520479 ], 
  [ 32499760493377 ], [ 727072054349076627527659, 3685323657536874322546459 ],
  ,, [ 901846952129661486431680067833 ], 
  [ 528572305280447, 1540339964616643, 1188274874204790622517, 
      26682021029915869810456615855694689258680229 ],, 
  [ 3230521141, 104784972325570565520056291 ], [ 1261759327921 ], 
  [ 9989496960860647, 8833607962245253798708719301 ], 
  [ 110208343144271, 1223125974042517 ], 
  [ 81518883418912187, 4777421449996007749 ], [ 26867963760901 ], 
  [ 3112602244425387331 ], [ 32863355383891 ], [ 219709870364004301 ], 
  [ 126468837183518870856961 ], 
  [ 701258928761, 17124503025761, 11671084391520409281401, 
      59875576655066167217242151 ], [ 2071498271625290773 ],, 
  [ 23821574247466937 ], 
  [ 5953065195697, 3337666040136946471, 15714378064524583014133555571148286048\
435879393 ], [ 1328794601 ], [ 7406826913492073 ], [ 48125729737 ], 
  [ 292847072061097883831655963409931 ], 
  [ 13483972357883508934039716904132112201 ], 
  [ 36155884792202088715972877251 ], 
  [ 14234689151569, 38481300247404297029, 164720737244553541109 ], 
  [ 11390628943, 773350288233516841 ], 
  [ 141989792810659, 114712839039681866959 ], 
  [ 23529436631, 2013345463033, 7353761275673, 2085726589108937 ], 
  [ 187817544646241, 47570465947909601, 245193623567908241 ], 
  [ 2976379525720519494970249 ], [ 4309310978014611713 ],,, 
  [ 101921778154151 ], [ 784741975742204858671502226834134831847849419 ], 
  [ 114536080291 ], [ 42808390837537470751269400954669975714753 ],, 
  [ 218550950281, 1279843632091, 99173779050904291171 ], 
  [ 10171549571, 87719084753515449781, 96006393530937344796058537 ], 
  [ 3619425913, 370715636806161022844171918171167148777124934577833416413 ], 
  [ 19551366786643, 336217932013976938726279 ], 
  [ 2104084518089, 2385706774256335064519 ], [ 1165177531561 ], 
  [ 9635266971521281, 15071288111929809121 ], [ 99460727623 ], 
  [ 300133934950277, 256379913645054548640361778085498051167867821 ], 
  [ 8367900949, 4798595823316545097 ], 
  [ 150908027401, 19516190743767952948757014257492263520164201 ], 
  [ 992261736833, 677246223375001741, 2954192621202913757 ], 
  [ 16103828402999587, 1913993008269010455894631 ],, 
  [ 24557364165025121, 39301525527142037272473673 ], 
  [ 21613042749216635815727731755089963213858882500853821 ], 
  [ 176515541225761, 190846902840613634779720603 ],, 
  [ 753859909918013910076014193 ],, 
  [ 2804402089702384051, 160968111406535812391 ],, 
  [ 260646376059751651844236327049154618570289 ],, 
  [ 273087384520805062953600652097239 ], [ 8425141961, 1072156326837601 ],, 
  [ 3324756709, 156404237483521 ],, [ 4374488077 ], 
  [ 18478097761, 2004361650601, 103762964656138053841 ],, 
  [ 3441339059377, 1813926809545695735000700339759 ], [ 516382006609723 ], 
  [ 1783290613561246045757 ],, 
  [ 14691757826593, 135214409371119930614778971257 ],, 
  [ 869756400001, 456578668993059073 ], [ 7673321590933 ], 
  [ 2020993001, 1980117668621, 162136554717893509587341, 
      772075328605572945441856621179206281 ],, 
  [ 341474822591516221674039261731397211071698797 ],, [ 2217467779 ], 
  [ 284650276951, 83463961918245660721, 1008106283817964768439689381 ], 
  [ 211504748057 ],, [ 108045262805756873119 ],, [ 21125556750128734261 ], 
  [ 2433799309, 18592318304184697 ],,, 
  [ 1057145337793, 20295227096497, 821279052030841797985052530642080798817 ], 
  [ 30501299579828821 ],, [ 38417338304836303, 888316276912997283877 ], 
  [ 4726837347808757, 5933570537209939244583421 ],,,,, [ 21672105061807 ],,,,
  , [ 304944048119 ],, [ 12610104961, 5680683460425402264490241 ],, 
  [ 261246179176597 ],,,, [ 518499617387, 71354163228137 ],, 
  [ 57616314405049, 4011861758616433, 79380027365710681, 
      2534715686168015038760774996125561 ],, 
  [ 36421471545116160431, 252922712592733803821 ],, 
  [ 3879674779153, 157540786330438249 ],,, 
  [ 14522445001, 10430108758981604842271851 ], [ 19727029481281 ],, 
  [ 75699136594787989909 ],, 
  [ 47942763875101, 37515574931203261, 4491447055887718619610836761 ],, 
  [ 46773558089242645720877231233 ],, [ 1570392713 ],, [ 66538913034439 ],,,, 
  [ 22167199871, 2459768182321, 60385673566821112894451 ],, 
  [ 9750149296630401967849921, 3390206027923953724892112769 ],, 
  [ 2582213257699 ],,,,,, [ 18911959152449201 ],,,, 
  [ 12651837853, 105148417273, 2198835316981, 5675973885193 ],, 
  [ 7903120373 ],, [ 508586200097, 718969046817234097 ],,,, 
  [ 262886953755397 ],,,, [ 399253929905330209 ],,,,,, 
  [ 7193552281633, 1081943282342193379, 102165182405790492529 ],, 
  [ 19373473057 ],, [ 1011068857, 2373253573, 14758720499 ],, 
  [ 39241380934158542473 ],, [ 10744685981 ],, [ 12179801736049 ],, 
  [ 3049239461727660113251 ],,,, [ 2351961221, 32288755829638001 ],, 
  [ 37763183696587720612444395175681 ],, [ 6047642921 ],,,,,,,, 
  [ 430386798251 ],,,,,,,, 
  [ 2494757632790977, 24897407053204801, 498250774881137916911803 ],, 
  [ 2522282002586321 ],,,, [ 31962347696437773866677273 ],,,,,, 
  [ 3028151251 ],, [ 197847224922353 ],,,,,,,, [ 2767279526377591442060761 ],
  , [ 165497348461, 520638539538398620453 ],,,,,, [ 400634371913722272289 ],, 
  [ 7569497421350751461 ],,,,,,,,,,,,,,,, [ 197054925439951 ],,,, 
  [ 5289283780021 ],, [ 12364360655000789761 ],,,,,,,, [ 1867288961 ],,,, 
  [ 1847886373, 508860553822741 ],,,,,,,,,,,, 
  [ 81019840184977, 171127278824219761 ],,,,,, [ 22040682481 ],,,,,,,,,,,, 
  [ 309724575459998683 ],,,,,, [ 23450199659562241 ],,,,,,,,,,,, 
  [ 1302836257 ],,,,,,,,,,,, [ 2675895553, 394815943297 ],,,,,,,,,,,, 
  [ 22969706222271997 ],,,,,,,,,,,,,,,,,,,,,,,,,,,,,,,,,,,,,,,,,,,,,,,,,,,,,, 
  [ 152523495224101 ],,,,,,,,,,,, [ 43061261167 ] ];
