BRENTFACTORS[635]:=[ ,,,,,,,,,,,,,,,, [ 811660050043 ],,,,,, 
  [ 1010984293497912407 ],,,,,, [ 72710124461959 ],, 
  [ 405048102917, 3905496898055955359 ], [ 249811739390162561 ], 
  [ 594978753073 ],,, [ 3193132717 ], [ 672148878570984749139671 ], 
  [ 1965247027, 289920539370553643021 ], [ 1306602705799 ],, 
  [ 27460785632950515465444141033553329047 ],, 
  [ 12770149453723, 110577503814421069430796893 ], [ 6766227155056798837 ],, 
  [ 1636041613, 5382666238471 ], 
  [ 240827293515647, 8158307826104821962982027111396657 ],,, 
  [ 13311933197851 ],, [ 21084098579898901 ], [ 7284794653084442353732571 ], 
  [ 108989748067822695757 ], 
  [ 1090034221, 303357384162691, 165434847318326455476091 ], [ 12676860617 ], 
  [ 138087130025301273315133920189169 ], [ 12629660711643917359875260190337 ],
  ,, [ 2808242117, 141794944813, 6182267470051, 7482094440168767 ], 
  [ 542224821930681924701, 620516516896035640340669411 ], 
  [ 20182449755161185540116372034903625069 ], 
  [ 288964766486401, 1390038641114561, 2849746433839169 ], 
  [ 88947854240097694921 ],, [ 1391102169712579, 4097718149074588397 ], 
  [ 850193911734527489 ],, [ 36445173107216911451 ], [ 7643329851421879 ],, 
  [ 12879089152897871448299 ], 
  [ 82003829123, 24433245750838405566629477, 741861666510892035856552327 ], 
  [ 67931280587588701 ], [ 170858001707316438334033 ], [ 260099714998663 ],, 
  [ 13351725889289 ], [ 28837978321, 108935562493144185044873135281 ],, 
  [ 51093285641863, 94660719618666770176587490645865651 ], 
  [ 420950895565741410426961 ],, [ 315486268350611 ], [ 5130146563 ],, 
  [ 126225673206402141204449 ], [ 31528731313 ],, 
  [ 14636922368886542828004742881565799 ], 
  [ 1560655249, 762489151605193, 16174297852735454261, 
      5947708336039519470910652627953023089 ], [ 1525714479721 ], 
  [ 2916499565965305121, 6102533590044515485495713931367323 ], 
  [ 647896628831 ], [ 21405878209, 45135020641, 14850515990259361 ],,, 
  [ 184817375545199167 ],, [ 59426819470665961289 ], [ 8303166867979116907 ], 
  [ 29953242219053 ], [ 4965777765307217 ], [ 200730465355556011 ], 
  [ 75037171571, 2100477719262473 ], [ 455039275604828287 ], 
  [ 57728873773, 890297916793237 ], [ 1960089013, 1153676644473343 ], 
  [ 8344016213431275732961, 11289406763385389173371541 ], 
  [ 61638626687890207 ], 
  [ 5381635603681, 6274099234033, 4892978246611945040864567519748673, 
      452272761440968075824400527502942049 ], 
  [ 495805038654743, 169644780728602418431 ], 
  [ 10391375584968019911926779706420101 ],, 
  [ 3968997073, 8892420569, 54408603678893 ],,, 
  [ 382524692582201597, 16566879030684825079427 ], 
  [ 28062842761, 71760478832761, 465965119717081 ],, [ 155051004263 ], 
  [ 3440627200519 ], [ 296331365752229 ],, [ 10031784495587523690337 ],, 
  [ 11139645544262443009, 17363533747175181697 ],, 
  [ 9403592069561, 64174490169011, 14126314161367230161, 
      4944282197664573876868081 ],, [ 119245064291160009387769 ],,, 
  [ 78336012871 ], 
  [ 33621906878716873, 13616185590706298377, 622830678259045941569 ],, 
  [ 39414642971464237327367208164286937, 
      147255360836043923254807592691457591609 ],, 
  [ 16007579333333860182312089645771380781341 ], 
  [ 217183362859, 399399603583, 5192740152292219, 48550767013713803569 ],,,, 
  [ 6689003470083941 ], [ 9362018591 ], 
  [ 21485103268220308972669, 1810170738574092339649164619 ], 
  [ 11099795761, 2615852916613 ],, 
  [ 147531036151, 103957725731755443323090232751 ],, 
  [ 2915944897, 48425854193, 5320235980000831889498353 ], 
  [ 3003102475485647869 ], [ 417347433817931 ], 
  [ 286842231821, 1150747699775670151 ], 
  [ 625681096333573957, 5379134330236720669259593, 
      74878055628199974108215454772537 ],, 
  [ 6577322091931, 10311573572072930149413119 ],, 
  [ 2252095655887414721, 1497754202154588721921 ],, 
  [ 23413728006649909, 26568567011729324610375463 ],,, [ 960075826607701 ], 
  [ 43275752657064727211762016773 ],, 
  [ 19245235747242609217, 665382496639320435529 ],, 
  [ 6813378491, 9203092714831 ],, [ 607860743225079744219629 ],, 
  [ 37197370957, 5536910431136089819244187793 ], [ 114050230047909401 ], 
  [ 455638223393 ],, [ 2073823889 ],, [ 325468642348464239147782672081 ],, 
  [ 580834595797, 5483052269665532913443 ], [ 505948323846517 ], 
  [ 3225842798624312417 ],, 
  [ 78493238203, 1083326089049671, 71560318402100175739657 ],, 
  [ 2222276104323157 ], [ 159486583067995120183 ],,, [ 103730038849 ],, 
  [ 337480736532451, 875532264747193, 186989337180821561 ],, 
  [ 110780847577, 5368117381176973193 ],, 
  [ 476119880548834704337, 5138231582784916367536753 ],,,, 
  [ 4778374548697, 5039864548731048610961 ],,,, [ 848847475553603 ],, 
  [ 155461725329 ],, [ 17686112422297799752651 ],,,, [ 1584902566824469 ],,,,,
  ,,, [ 64786729460816484674983 ],, [ 19705665690308417 ],, 
  [ 1286280131, 753305293088359469, 6587481892139752997 ],, 
  [ 363632936857, 13607715725776745613602815218649 ],,, [ 289224473077 ], 
  [ 6350706289, 5576792840833, 3573200685917969 ],,,, [ 9931724707648791721 ],
  , [ 6086371281446230223 ],, 
  [ 7382343121, 2748394828471441, 12946883349308154721, 
      11860304096937081122881 ],,,,,,,, [ 38703862081 ],, [ 7103205751 ],, 
  [ 2341556422937929444717 ],,,, [ 61841655041 ],,,, [ 206096996057180865001 ]
   ,,,, [ 1525399657, 9170021894617, 264099137737563645001 ],,,,,,,, 
  [ 252121639969, 318064480033 ],,,, [ 106482035929, 654580753793353 ],,,, 
  [ 8843199121, 17348104201, 187224034651480746641 ],, 
  [ 277520001079, 130009182598657 ],,,,,,,,,,,, [ 1149814987296949 ],,,,,,,,,,
  ,,,, [ 1479539287381 ],,,, [ 1116579361, 206287896049 ],,,,,, 
  [ 73065320563 ],,,,,, [ 17927158197081349, 1736441241353026093 ],,,,,, 
  [ 60033006331 ],,,,,, [ 12390188497 ],,,,,,,,,,,,,, 
  [ 1051781501, 1828572914810951 ],,,,,,,,,, [ 15928660081 ],,,,,,,,,,,, 
  [ 4630513555621, 14970319661370067237 ],,,,,,,,,,,, [ 386793933927937 ],,,,,
  ,,,,,,, [ 51347316637 ],,,,,,,,,,,, [ 64185147041196774553 ],,,,,,,,,,,,,,,,
  ,,,,,,,,,,,,,,,,,,,,,,,,,,,,,,,,,,,,,, [ 15740082667 ],,,,,,,,,,,,,,,,,,,,,,
  ,,,,,,,,,,,,,,,,,,,,,,,,,,,,,,,,,,,,,,,,,,,,,,,,,,,,,,,,,,,,,,,,,,,,,,,,,,,,
  ,,,,,,,,,,,,,,,,,,,,,,,,,,,,,,,,,,,,,,,,,,,,,,,,,,,,,,,, [ 55281600529 ] ];
