BRENTFACTORS[3823]:=[ ,,,,,,,,,,,,,,,,,, [ 153434889660683954432261024327561 ]
   ,,,, [ 8466775891465333679495242189 ],,,,,,,, [ 540176808218477650921 ],,,,
  ,, 
  [ 250406756513, 548543006593491810673, 2928857225171864483732281757155675499\
809 ],,,, [ 4752454169455381, 206490012338783699, 1830007533893674164797, 
      19183080541882888518736561, 90607504055274487740937033 ],, 
  [ 1323297223, 756462247057114306026565887455747 ],,,, 
  [ 1492796423, 4374361378619 ],,,,,, [ 160096083641977954007 ],,,,,,,, 
  [ 59299692833 ],,,,,,,,,,,,,,,,,, [ 451137810169 ],,,,,,,,,, 
  [ 946546981945528378138507477 ],,,,,,,, 
  [ 151618630991, 64327572711394076519 ],,,, [ 1201421867 ],, 
  [ 105607692091256435344436455331603131 ],,,, [ 86730347573 ],,,,,,,,,,,,,,,,
  ,,,,,,,,,,,,,,,,,,,,,,,,,,,,,,,,,, [ 52605130552171 ],,,,,,,,,, 
  [ 19199345047 ],,,,,,,,,,,,,,,,,,,,,,,, [ 6327138581 ] ];
