BRENTFACTORS[7687]:=[ ,,,,,, [ 6044612141 ],,,,,, [ 173841478397869621 ],,,, 
  [ 113332296916025833 ],, 
  [ 129224957057140686043283, 484490849651378420869376096052175843224427 ],,,
  , [ 27767292278366934133 ],,,,,,,, [ 99500803551352566204057659 ],,,,,, 
  [ 47676891990561462892033, 63939789296958532097249 ],,,, 
  [ 64637270182582969 ],, [ 686591654575651608812929 ],,,, 
  [ 1724989464956526210329 ],,,,,, [ 88545380457537167711 ],,,,,,,, 
  [ 687829489067887689023 ],,,,,, 
  [ 29512266209071, 9139786457743295468158459 ],,,,,,,,,,,,,,,,,,,,,,,,,,,,,,,
  ,,,,,,,,,,, [ 749360014748671 ],,,,,,,,,,,,,,,,,,,,,,,,,,,, [ 198047973229 ]
   ,,,,,,,,,,,, [ 114286269061 ],,,,,,,,,,,,,,,,,,,,,,,,,,,,,,,, 
  [ 13194264616153 ] ];
