BRENTFACTORS[590]:=[ ,,,,,,,,,,,,,,,,,, [ 1379956046048387 ],, 
  [ 1163349787741 ],,,, [ 15014657201 ],, [ 211827907291601727317143 ],, 
  [ 205628241025579, 844319732365883, 34076379433546871 ],, 
  [ 34991023993633, 26306422189712083313 ],, [ 884313278047 ], 
  [ 3253883873377 ], [ 28627495834874441 ],, 
  [ 17500123105081219510008104004940143751307 ], [ 23028672785395807 ], 
  [ 1909039393, 88340164404571 ],, [ 2053054248965296067698038383 ],, 
  [ 30512588269 ],, [ 97373167571971 ],, [ 4091051174135793540503 ], 
  [ 535636282866443089 ], 
  [ 1467367769863244485656024026889507939424837957633121 ], 
  [ 1114021351, 84136445269601, 161995555330601 ],, 
  [ 15088156981, 6625550808015186637273217 ], 
  [ 207789554388623, 3979092323713343965891414924255481 ],, [ 96021429730931 ]
   ,, [ 10394423899, 3775992860347, 724485715526431, 71371540739356199119 ], 
  [ 9476082126483709469 ],,, [ 34712580491693297, 1577720511421931311081 ], 
  [ 23901702544243169539, 1741117762328643568872281 ], 
  [ 13566706340076906454626232876679417928404131 ], 
  [ 172254228153793, 3012151704510328769 ], 
  [ 7825138340935748261633885591, 1854623178603898937238804917031222251711 ],
  , [ 144509701465061106581995517 ],,, [ 1681240681 ], [ 99297172547 ],, 
  [ 341771286121 ], [ 575165822705119939747369 ], 
  [ 340968387713176651, 606398431209446857673256885161251 ], [ 16099205401 ], 
  [ 7449540561250481 ],, [ 3032292077 ], [ 57336789418459624561 ], 
  [ 97163426557, 612742990521280987, 421511703216371248123 ], 
  [ 3913391680398947, 73481209711343085825578126333 ], [ 1668946571 ], 
  [ 17271011353, 1166551613334017969353 ], 
  [ 505636565392842181, 5204315532357113375501 ], 
  [ 1103757135259663, 1855385953673221, 4333304124653168669762383302601 ], 
  [ 2031369915113834917 ],, [ 1201378961 ],, 
  [ 8871255797027443, 620577940325867150807188058597 ], 
  [ 137974249740376456402187466421371013236389297 ], 
  [ 305345369106541, 15795290017436520254190451, 
      1761604335865221161336395658143 ], 
  [ 3695740373256314347, 231448749577034223826997653101700157 ],, 
  [ 689515315777, 2680856289955297 ],, 
  [ 35009345659, 512391028048649863886783324157593, 
      783813735224861633078157088584721 ], 
  [ 8846806206710539, 192022512084616736161, 2018176720351960128844873177 ], 
  [ 1123512301, 2651352920201 ], [ 56081422207 ], 
  [ 43726234709529845761326907626293911 ],, 
  [ 106341270197878945596090504547193101728457 ], 
  [ 32992575001, 26667931621801, 49160972694719525611105188300499695765851431 
     ], [ 9306088494823 ], [ 46939513067, 267277757363, 1547135060833 ], 
  [ 64036486333, 13271623674229, 205604082217785485593, 
      655722601162561672274377 ], [ 322049709847 ], 
  [ 392841149251, 2888648702088497931321302809038826561 ], 
  [ 20146769509, 55407770989, 97696542310160397463 ], 
  [ 1104569916913, 791232520496993 ],, [ 134470151567872503018653557 ],,,,, 
  [ 7432124533, 673774585848589, 2580609369701063 ], 
  [ 1634837999761, 2026297169024910455881 ], [ 1491900961, 5509889312269 ], 
  [ 848641616773 ], [ 1804694731063257130939 ], 
  [ 2772051497, 253202055946539257, 108446568080904456796697032218121 ],, 
  [ 25410773326429, 517944276603778753, 81121677737485227341689 ],, 
  [ 63315054840833 ], [ 4064736853, 300542695861 ], 
  [ 206218917869587255521399747441995764391 ],, 
  [ 10870838693990611131790691691733201 ],, 
  [ 34803089807142281943127129, 10200987066767887277657037182903, 
      397910423292422219159119948030517, 
      315030531225465088162251856549242568487 ], [ 130186529144598467260711 ],
  [ 41761071284867481344593 ],, 
  [ 19686006914651809, 11369425914073334118909348002309975257708027 ],, 
  [ 264095076001, 15544377102328177935419284350527869527644561 ], 
  [ 5548652587, 66563949906793 ], [ 1422915023488919, 188861487121658513 ],, 
  [ 188680062007109272609, 5171784712678989962614081, 
      66766939350842899925039926081 ], 
  [ 14841240391, 6713992455671, 14328378876975990311 ], 
  [ 46856683021097, 32501251500792233167 ], 
  [ 3518569069, 8179722371773, 13832796537528949 ], 
  [ 467136134929, 1881793340761, 50639894015993, 6020887597314100519576349 ],
  , [ 6924098101, 778621343655151 ],, [ 16675179524703454971059718510448129 ],
  [ 26348095886529395827 ],,, [ 99699172480129, 11299678224433790479825582189 
     ],, [ 13098863386894938321037, 69185229187076200092409897692899 ], 
  [ 4572209407 ], [ 8720956961, 83315394881, 1467182221803120961 ],,,, 
  [ 458785824985417, 632008233716786429 ],,,, 
  [ 2058546169, 2404789077414330366400369 ],, [ 2423079732098836638425791 ], 
  [ 52179152041 ],,, [ 3327998348287, 11263780288129, 246598992632249263 ], 
  [ 169076988765101019751 ], [ 52388000770142675969 ], 
  [ 1636731832887055459 ], [ 3898449060271, 697191637888822834711969 ],, 
  [ 183709471762081 ],, [ 584080605557349651702043 ], [ 3368655583 ], 
  [ 19558994473, 236965112233273 ],, [ 56552374279, 14556938281069 ],, 
  [ 15492168826417 ],, [ 22029446302751 ],, [ 3686917040647472545549176193 ],
  , [ 26770717273, 32713841869169 ],, [ 1105603130213 ],, 
  [ 1579974463, 2709775347692739853038221161 ],,,,,, 
  [ 145897927453579993, 2502520893932491121495067193 ],,,,,,,, 
  [ 65637055105577 ],, [ 469527397954367 ],, [ 109646194969 ],, 
  [ 4269134767 ],,,, [ 1611782641721690107, 601172594491169445381339583 ],, 
  [ 2142860060812879073 ],, [ 2226948733523109683 ],,,,, [ 19241043192757 ],,,
  ,, [ 55440501179821601 ],,,,,, 
  [ 249094080203, 124592985338669, 2404045342193408258951 ],, 
  [ 1200174275077 ],, [ 1960580887, 1006379022312337 ],,,, 
  [ 256279873692061796501 ],, [ 1764230329 ],, [ 203547402253633 ],, 
  [ 37583979535873 ],, [ 13394242143823898763961 ],,,,,,,,,,,, 
  [ 3118477367521 ],,,,,, [ 133343801602018669 ],,,, 
  [ 17031907223801, 20504320038222021588322961 ],, 
  [ 3983605999663711, 10917035030823716209 ],,,,,, [ 939415599241633 ],,,,,, 
  [ 3106981884953227, 1064633544395047243 ],,,,,, [ 44904369901 ],,,,,, 
  [ 227411331211 ],,,,,, [ 601784626589017 ],,,,,, [ 4101369703 ],, 
  [ 98025167041 ],,,,,,,,,,,,,,,,,,,,,,,,,,,, [ 72139253920641133 ],, 
  [ 3211753301 ],,,, [ 103559354347 ],,,,,,,,,,,, 
  [ 16219819237, 21326201214049, 5607216419082457 ],,,,,,,,,,,, 
  [ 291712546233508303 ],,,,,, [ 3452331439384742401 ],,,,,,,,,,,,,,,,,,,,,,,,
  ,,,,,,,,,,,, [ 93750197024414701 ] ];
