BRENTFACTORS[6907]:=[ ,,,,,,,,,, [ 13395083980009337 ],, [ 85656441547 ],,,,,
  , [ 20991990278874463301909, 93712744302532562060080314980376119 ],,,, 
  [ 9828732407951, 1337573387676534787745737226641, 
      2206634529170855523322278833606681 ],,,,,, 
  [ 1380203323, 16735019192566289 ],, 
  [ 3393325721, 675866613173, 150790970426788337593147, 
      91284076108423331189787861995171, 
      478067982885441471995688101407228881617 ],,,,,, 
  [ 89081634662308357077013, 1999677325782733824669585975798107, 
      194390445683558217398156131277363345155910337946949873998589743 ],,,, 
  [ 15041542671601718447969, 19019463930387598620967481 ],, 
  [ 1490739877646659710523 ],,,, [ 3879620359, 129035290505058431927 ],,,,,, 
  [ 496031172713851 ],,,,,,,, [ 221125161112105127488057 ],,,,,,,,,,,,,,,,,,,,
  ,,,,,,,,,,,,,,,,,,,,,,,,,,,,,,,,,,,,,,,,,,,,,,,,,,,,,,,,,,,,,,,,,,,,,,,,,,,,
  ,,,,,,,,,,,,,,,,,,,,,,,,,,,,,,,,,, [ 44898521337323 ] ];
