BRENTFACTORS[3529]:=[ ,,,,,,,,,,,, [ 6348429880125295873 ],,,, 
  [ 14867123323550401 ],, [ 19317288677 ],,,, 
  [ 4969451623, 8520820033889, 13981742295551599 ],,,,,, 
  [ 4305172017253632676103 ],, [ 28537267373, 3574756246689403 ],,,,,,,,,,,,,,
  ,, 
  [ 59411615993, 547900005053, 21287974712003819, 348414556295970813703589959,
      51027397070242062351844042821823665037633097 ],,,,,,,,,,,, 
  [ 8809577352539, 19883025067173179 ],, [ 233711193592105630744544157533 ],,,
  ,,, [ 247288870843532035447650861499 ],,,, [ 656913775133989 ],, 
  [ 117021412755282499, 687424163731401049 ],,,,,, [ 1742293177 ],,,,,,,,,, 
  [ 1083651300947, 59763371308241771873 ],,,,,,,,,,,,,, 
  [ 30415947360169660909 ],,,,,, [ 2038712532083 ],,,, 
  [ 1359188861, 142146864138326325023 ],,,,,,,,,,,,,,,,,,,,,,,,,,,,,,,,,,,,,,,
  ,,,,,,,,,,,,,,,,,,,,,,,,,,,,,,,,,,,,,,,,,,,,,,, [ 32756265253 ] ];
