BRENTFACTORS[394]:=[ ,,,,,,,,,,,, [ 6427758949 ],,,,,, 
  [ 88488149077, 1334978486021 ],,,,,,,,,,,, 
  [ 125543572973671, 991855908590993 ],, [ 15115782043561 ],,, 
  [ 14587784209 ], [ 8257100437087 ],, [ 486572551687, 8677647677962771 ],, 
  [ 892334282438046371111 ],, [ 246410995169991481034292872081131125637583621 
     ], [ 260847423101, 125697928192889141 ], 
  [ 57258866341, 194613025746807541 ], [ 34431945071, 50110969551804923 ],, 
  [ 107659505329 ], [ 2281173931, 8537722663 ],, 
  [ 17477202222286131537511726590073 ], [ 40392614804153 ], 
  [ 305025985185612287, 7078103958969880003859773451 ], 
  [ 1654800542051657779 ], [ 7090182842560511333409331 ], 
  [ 2858827338888738028393 ], [ 9183742189 ],, [ 5110328779 ], 
  [ 12512651174281 ], 
  [ 2811817433895825332467610862739969, 87242573809933315301000659650532831576\
4124538867 ], [ 15934715977, 416265933870542647, 2122267414669400819149397 ], 
  [ 65027342143, 2373721342638661, 107849446563239389 ],,, 
  [ 1423771603, 77377926943800406771 ], [ 9886035367974584002526290930951 ], 
  [ 17047817149716933737 ], [ 1127377693731833454697 ],, 
  [ 6148531273, 34632839540992702306369, 465501988809229607685712941386053 ], 
  [ 44973466267321 ], 
  [ 436714988862247, 40895454942888223, 70277128627369655393 ], 
  [ 6434134433426990395883, 184900811102124897817373068757 ], 
  [ 1501408965602816463270601 ], [ 34959757459214957 ],, 
  [ 1138076239, 22776422917, 3192810033865245379 ], 
  [ 26074992807536066706665657 ], [ 65593640609834706358380687085681 ], 
  [ 587344771297, 25085128070401815192181967636713, 
      22962206475908328252295517831317909 ], 
  [ 3463499765477, 34525677362637733, 188959842212403557 ], 
  [ 5951398531748719879 ], [ 2088313417, 477386918096953201 ],, 
  [ 16300573129, 20267842547885454263064787, 5824036688878701988314177314539 ]
    , [ 1563836932408344866442581726467, 11002118861547696047022137290891 ], 
  [ 3922505678257 ], 
  [ 2011546139, 38145527093, 501371739727, 17017235761275613 ], 
  [ 656068293631, 5535352941841 ], [ 4535376848599946077 ],, 
  [ 132346474905903875754901 ], 
  [ 276991170481548813805731043, 853543668630970995364000285332695868871 ], 
  [ 55048769921, 54940434018470886541631, 7225974723528450271942887941, 
      675472760463453074377215466361521 ], [ 105474017188224001 ],, 
  [ 270088853480288039, 13073309587903157896208012171 ],, 
  [ 754889464501, 290269428933731889252601 ], [ 980162346287 ], 
  [ 182288141376515863038698989 ], [ 972820052641 ],, 
  [ 108328064269573821303419785262670641581 ],,, 
  [ 5710709703817, 500948327806771928611976290340643637 ], 
  [ 1755320087, 6184711883782001 ], 
  [ 170651141305481, 548941108090782927741349233546766255377701 ], 
  [ 1871785396060505233552483, 5236978851866508355499587 ],,, 
  [ 2020813933, 1017367814779 ], [ 39008913929706601 ], 
  [ 186680237491877767480597213 ], 
  [ 18971402085571339, 631960494543796453932079 ], 
  [ 2649224845889, 14771277939044587, 1844229014967173489230027637, 
      4838307127922091460361083103 ], [ 2078536677869 ], 
  [ 75005103414224296267545601, 248766890112179546692535761 ], 
  [ 1869366820729 ], [ 81237257456561 ],, [ 12044555895907700559061 ], 
  [ 216802125751, 13615024177558719446501 ], 
  [ 941178771418297483, 629374359649173301445087863 ],, 
  [ 1410684929, 66150278017 ], [ 1179577033, 142549203591679 ], 
  [ 3851747381, 14707216346152098991 ],, 
  [ 108432290555653312804094359316750101 ],,, [ 8907064561 ],,, 
  [ 167097100112521, 663604120173738853 ],, 
  [ 57707209337486779547989261, 81401072722706500657075833993721 ],, 
  [ 27813373931533921, 20935650334385560098650776417214843662027 ], 
  [ 14189176607769593 ],,,, [ 1201489267567 ], 
  [ 117933694477, 512119300302526910509710553 ],, 
  [ 17372177702312401, 44487839316043871005459105376763901 ],,, 
  [ 5280491389558298077 ],, [ 1402430423171 ], 
  [ 48172004104370953, 138241671531673789, 70819488270093251220013 ],,,, 
  [ 112774615406135041 ],,,, [ 3008478157, 7628929697 ],,,, 
  [ 240468097833732986911795913113, 2857684900215037696076900081113 ],, 
  [ 3461452365832504146335636291 ],,,, 
  [ 288330362527, 33026366971977225127547173 ], [ 125769980351 ], 
  [ 1040052198769, 5138832944567325169 ],,,, 
  [ 14000669461224181, 86106591343863901 ],,, [ 306977334826831 ], 
  [ 329725638539807252537 ],, [ 14399109583459, 2784855440441587444300998787 ]
   ,, [ 79668142588524169517 ],, [ 34098174887898758051201 ],, 
  [ 642662670566977, 5446603644474227321473, 4128812445998244722251201 ],, 
  [ 2575013993, 3534694939 ],, [ 562784128864609, 12665754875133262813 ], 
  [ 52882853840681 ], [ 182502235978723, 1185798332551591671764347 ],,,,,,,,,
  , [ 55017962273 ],, [ 6404637121, 27906058217464664029876231 ],,,,,,,, 
  [ 78636476001197, 1003173235840440293 ],, 
  [ 59247827761, 79021713101, 156861056441, 295347676146592170656305081 ],,,, 
  [ 1615843309697, 54620071278529, 336689626330177, 
      312594792706776126838760897 ],,,, [ 48991857510103789 ],,,,,, 
  [ 687033140628537847 ],,,, 
  [ 5835568411, 963506053357, 11677886827727, 6390349022896877394203 ],, 
  [ 565046599896721 ],, [ 61690729043817479 ],,,,,,,,,, 
  [ 16149701989, 9544700046610513 ],, [ 14295397065233 ], [ 4925702401 ],,, 
  [ 283338766651753 ],, 
  [ 849689629019401, 18721542792816902741, 21634210381889666906644261 ],,,, 
  [ 3067615321, 12948564200155058181961 ],,,,,, 
  [ 2292131589826179245798881, 1330367834935820756400225841 ],, 
  [ 4839259441, 25678782881 ],,,, [ 11611128733 ],,,,,, 
  [ 23904803132574488011 ],,,, [ 208681884728461 ],,,, [ 1447623161 ],,,, 
  [ 8283670207, 5244467339497, 50960285300478222583111 ],,,,,,,,,,,,,, 
  [ 246033387017573 ],, [ 2313622910101 ],,,,,,,, 
  [ 342161430757, 1606301036479 ],,,,,, [ 6206469792661 ],,,,,,,,,,,,,,,,,, 
  [ 7770796621417, 7236488137018573 ],,,,,, [ 31422114671821 ],,,,,,,,,,,, 
  [ 38576257201, 44585718886081 ],,,,,, 
  [ 47283623449, 2041284193592191, 147597007145806807 ],,,,,, [ 16643259169 ],
  ,,,,,,,,,,,,,,,,,,,,,,,,,,,,,,,,,,,,,,,,,,,,,,,,,,,,,,,,,,,,,,,,,,,,,,,,,,,,
  , [ 131619221101 ] ];
