BRENTFACTORS[661]:=[ ,,,,,,,,,,,,,,,, [ 31893766202047, 4707532752017959 ],, 
  [ 63893676057408331 ],,,, [ 5437415646713 ],, 
  [ 28057054901, 360526660057286951 ],,,, [ 5120426376396707889451 ],, 
  [ 79666875373240310283769, 88767828001742875142890069 ],, 
  [ 698668835463127 ],,,, 
  [ 3971339944878147493, 22592993936584062253, 213703090932295358333 ], 
  [ 5107361683427 ], [ 926759644123, 36062007374213079403 ],, 
  [ 945030777151, 135890621971392156606240586164673 ], [ 1301316557521 ], 
  [ 6974891426279384861667676820162204497769079624841 ], 
  [ 267396523522093112733771769 ], [ 4919664349531, 28917400019581 ],, 
  [ 2256062370599, 28391638485418588135432783 ], [ 483962821631041 ],, 
  [ 2409122350351, 11370602666517751 ], [ 12687365167 ], 
  [ 9210210077365181, 252242832226032058529 ], 
  [ 406563665657855221498727, 3196618698129183002414237133360176616089 ], 
  [ 94848755417527576429 ],, [ 731797775632057, 4662773717650616569 ], 
  [ 4841025454046398938191894399029 ], 
  [ 6135524370172291, 2944223961591518978723977 ], 
  [ 573055739851730394813051527261, 
      2439164017345719027613979490976029069744693480886261 ], [ 1442701681 ], 
  [ 18791150407, 30877563311281, 15096989656302261868547, 
      1232176305630045007484146579142333520991 ], 
  [ 9747028646459676873941730379271 ], 
  [ 22389651650174192725160238581538976470795541 ],, 
  [ 5984505151, 8448824801, 303778727933644097306213163774515094857722331 ], 
  [ 415287468330660883 ], [ 2582762068531, 29897289998579 ],, 
  [ 14223432003375443083, 2113011982138705347757, 818097434924577114373733671 
     ],, [ 651114815627, 968564303980000149893 ], 
  [ 4041661247137, 3557290596253496281 ], [ 16231920344015923354635539029 ], 
  [ 1434708709146667, 468786233680030207836590729741512331 ], 
  [ 6590199273970201, 38003934519938463963208356849901 ], 
  [ 46677089367833322617, 83190359463231434423080927351715981 ], 
  [ 69469793364757630965768649 ],, [ 16230911821 ], [ 9632012076241 ], 
  [ 977953599097669, 88329902228088149629207 ], 
  [ 944690775467, 5013064957107318955062647917, 
      61030188242731610222297117385667067 ], 
  [ 17794361233043, 174330762392705387965009001046690916511 ], 
  [ 931586657821 ], [ 55456355450758012811 ], [ 140626247981 ], 
  [ 11078210549281, 26463317141935380241, 10117982701536866856841, 
      271271486570651116291569241, 2702445701568734409304967905651 ], 
  [ 3187237033048993, 208659818068211943784121 ],, [ 2481105425581 ],, 
  [ 50011526969, 161708376519761 ], 
  [ 15968623637059, 56053602561748506699475369 ], 
  [ 5709161720726131580218456964761638683, 
      361199909544796470827171121904764980473 ], [ 2350706041880321 ],, 
  [ 190112832932483 ], 
  [ 106985946759049, 1460169204652450601, 78368246304570073937 ], 
  [ 95205736099, 40785664797863361058577299355809 ], 
  [ 9242258401, 1129253225776605590611505967225431649249133801 ], 
  [ 194256441632561083 ], 
  [ 270667765897, 1332208910038760239, 2530438900686588712261183 ],, 
  [ 14970916514636473 ], 
  [ 39540578071, 1752216696272281, 2834396636093589414608315020634071, 
      22873221274893596082052387877720288251 ], 
  [ 97241026624201, 38785219751545930192447 ], 
  [ 2259547800121, 82215696150428989 ], 
  [ 1557353253661092408994916629384526093281533313 ], 
  [ 144926896823, 747341509081 ], 
  [ 89676634617131, 229593667141301, 345192838372987344153477031 ], 
  [ 392786956087 ], 
  [ 113874418897, 238131707432679193579516095907449071994595413263976445734289
     ],,,, 
  [ 100773879094688661984149, 277539414855690177779448301872084047243972732222\
0715541 ], [ 7127550262207909 ], 
  [ 60234932777, 26605196683001, 1507845290033649239767, 
      5008497112069117335677 ],,, [ 295781503799 ], 
  [ 15212380857179353297, 491714016400363526167, 508240707758797236781, 
      17301010898551627663830217931000849093 ], 
  [ 7724870107, 5485318211781080733218863 ], 
  [ 546236682287100733, 695341481214800809, 
      227699400378927531564800605576903823357166402647668549 ],,, 
  [ 163054938799797028471 ], 
  [ 27851702669934741761, 420300864278620864598280173569 ], [ 22246629170011 ]
   ,,, [ 10068607952906679671387675634060738229009 ], [ 4807548500399 ], 
  [ 944539835136915419 ],, [ 628307681444672140159553 ], 
  [ 23267214648269, 840387153973666759927 ], 
  [ 818946169859461069, 14203772264606034688033 ],, [ 272907640451741 ], 
  [ 1792335483305964223591, 74299186444249582313809 ], [ 9216086983 ],, 
  [ 468116121169, 708182989259066353, 668655904443673786417 ], 
  [ 1490888796934105931 ],,, [ 703731728873, 29398962293371472029 ],, 
  [ 954737049477301, 8158855124601888254635926391351 ],, 
  [ 842580402968630769905149553413873994268748417 ], [ 72986386533913 ], 
  [ 2518606217821, 1038167291109222508697, 
      1734633191847486304040235091757876245734593 ], [ 33925588695553421 ], 
  [ 463038301931153609060194433273681438802918972890869 ],, 
  [ 5119813360442517917 ], [ 26078522059 ],,, [ 4455067509729828262531537399 ]
   ,, [ 48355636817 ],, [ 323250816617 ],, [ 4395402003721 ],, 
  [ 401679753990863368451 ],, [ 145568579123750502615574620468567501060109 ],,
  , [ 627095656601 ], [ 64238737789652775803873 ],, [ 968284050078412951861 ],
  , [ 9391504861, 9935799008698669321 ],, [ 159613734517932416723 ], 
  [ 1194872864524420903 ], [ 10167745241 ],, 
  [ 4190513775206851, 573617480873592871 ],, [ 233704197593 ],, 
  [ 33810132541, 1056942425781059522561 ],, 
  [ 6254147329, 30741041150318356093935963409327055617 ],,,, 
  [ 972318746240364843349 ],, [ 294708102623551 ],, [ 23165532277333251401 ],,
  ,, [ 2368379446924175135092921 ],, [ 2093039929, 4482561869404955414173 ],,,
  ,,,,,,, [ 1886860793690606593 ],,,, 
  [ 89570236436743481, 278269442562920821 ],, 
  [ 1440986597407054434472341703117 ],,,,, [ 1845686161653857 ],, 
  [ 3860028821128757 ], 
  [ 3047655069514171, 22765930091108731, 58561412095388378477011, 
      7361560364679513341631122501 ],,, [ 2387640035359 ], [ 3676134073951 ],
  , [ 7578223613, 1868589526753, 873434706449906969 ],, [ 928559108428673 ],,
  , [ 875433923347 ],,,,, [ 444530988841, 53340623663642779 ],, 
  [ 6726907249 ],, [ 1384734086501 ],, 
  [ 1310829285846781, 89009230788831906323821 ],,,,,, 
  [ 146393765985775748269 ],, [ 7902986261, 30391924008161, 20708064577062721 
     ],,, [ 73660522417 ], [ 69047543099569 ],,,,,, [ 83665630609695181 ],, 
  [ 1158759748177 ],,,,,,,, [ 1266181841 ],, [ 21227396953511927863 ],,,,,, 
  [ 22302790849, 928083809418049, 11533758500722320590877366114429654337 ],, 
  [ 11414172641 ],,,,,,,,,, [ 51264749784901 ],,,,,,,,,,,, 
  [ 30008142653599657 ],,,,,, [ 53278799810023 ],, [ 4513389472847201281 ],,,
  , [ 352379278261 ],,,,,, [ 1828411201 ],,,,,,,,,,,,,,,,,, 
  [ 3348449794340461 ],, [ 11435660950746551 ],,,, [ 6951418397717077 ],,,,,,,
  ,,,,, [ 77425925694157, 83829747912013 ],,,,,,,,,,,,,,,,,,,,,,,, 
  [ 146940040767001 ],,,,,, [ 10071155953 ],,,,,,,,,,,, [ 3260193361 ],,,,,,,,
  ,,,,,,,,,,,,,,,,,,,,,,,,,,,,,,,,,,,,,,,,,,,,,, 
  [ 437123873334056833, 3647098351938298489 ],,,,,,,,,,, 
  [ 3811625537567, 25567187097010043, 340858676946240883 ] ];
