BRENTFACTORS[767]:=[ ,,,,,,,,,,,,,,,, [ 15404900813 ],, 
  [ 292283627655600951361 ],, [ 38712507037 ], [ 28381450637 ], 
  [ 959515208467, 184383672112693 ],,,, [ 742251228258104767 ],, 
  [ 4664983907 ],,, [ 2448766273, 596290402109153 ], 
  [ 1511526302333305333466161 ], [ 19664232962875637 ], [ 25394509211 ], 
  [ 8715011837509 ], [ 9347757257, 508427320672331 ], 
  [ 9045931883, 284972980141193 ],, [ 1230340065161 ], 
  [ 2871065043172423, 3396363779765783019855878575104921278545647871 ], 
  [ 5129559499 ], [ 22947872589438300769, 4348173712119409083133072243 ],, 
  [ 139390935751, 6413391075141905261811751 ], 
  [ 1028620891481507699, 10046255567221392341 ], 
  [ 773234372011837, 1433497880432741511785167319, 
      1945120661533309061226763939, 7056098951386922683586283941 ],,,, 
  [ 1519175260580272572180823 ],, 
  [ 585205687903171, 11835420758347058719494306321281020006017658697228883263 
     ], [ 565783871239, 4962653074309213 ], [ 5173743552646662553318660441 ], 
  [ 54012975806740441, 123705175379712572689 ], 
  [ 1410435703, 170077412874559033 ], [ 1501492590473, 110606703798890947 ], 
  [ 103478558567, 209996313451, 18440508465215939539, 
      37526602665885032049208009351, 177803357239995917932632774673 ],, 
  [ 228153427687 ], [ 3511808681887097 ], 
  [ 1353715854121, 2379956696711432833051 ], 
  [ 122004815416513, 289149309103153831768069922641921 ], 
  [ 88944309554101, 44217957653379511, 
      9045776481614624000742889318917004896528315575761 ], [ 752801965609 ], 
  [ 9187681542421 ], [ 1696396613, 6362959356961 ], [ 8984686363987809373 ], 
  [ 697867321280913844514161 ], [ 346459784728197430206269 ],,, 
  [ 7224565897371157, 1887825349069726096653188828189 ], 
  [ 289590433732268243401, 6059343924948681599029908151 ],, 
  [ 35104526558526811 ], [ 418044512524384703943208381783 ],, 
  [ 1446264641, 18297359748345281, 1403471341681885601 ], 
  [ 834843926070619001592977039689 ], [ 411840274360475729 ],, 
  [ 4356516754297 ], [ 3287449385570418611, 56550513701300225941 ], 
  [ 422452631919328616245887238447, 3785605376985030060590736961488722137 ], 
  [ 14588975567233, 525386055696367, 2634927702216175139018659003 ], 
  [ 17002857873687401, 113260939263915839969, 65616920611775703378065177 ], 
  [ 448401723614212245047, 639690421758012604392367 ], 
  [ 843983056366559820865582921 ],, [ 9163046424879689 ], 
  [ 4163380157807410194995629 ], 
  [ 343242788874090490627554399912196300780308031129159687 ],, 
  [ 6890053350210998351029441 ], 
  [ 1653613127, 37165175527621, 119386277364146724175024763 ], 
  [ 154070500963, 15641114826521647, 3173958450154150514059 ], 
  [ 2317819879, 6588729781723 ],, [ 354433739027846771 ], 
  [ 1460337422949105053967011046064729011147997 ],, 
  [ 1722320081, 1652941769504130769, 
      361884796350347393389926992317717382013903278137361 ], 
  [ 5690508782090517915398672024341, 
      3763085876907721003725503614500287296835283721 ], 
  [ 77318004629, 182950352639, 10287550902743 ], [ 624388035390157 ], 
  [ 1533642337 ], [ 2728111297 ],, 
  [ 411131120227, 1718665971536551, 50585783837524206882907, 
      821164215627966511631124957979, 3575700808017171747745838594131, 
      9003385564792212237480053605879 ], 
  [ 2452605002392228381622410148657, 19306432829623948311687467922257432170735\
811521 ],, 
  [ 51916517564704801, 202280589278218897, 10603904252155055568729271 ],,,, 
  [ 230823624927152573228419471 ], [ 135484439969697967 ], 
  [ 268205175173401 ], [ 365765516953 ], 
  [ 220109242763, 1647040329419, 393854160891169753 ], 
  [ 1034414749, 27300564631, 535626969790479331 ],, [ 408928876783501 ], 
  [ 1388005628632966508790078639726607207 ], [ 17495859292193930639 ], 
  [ 18569309569, 29593873025690981010049, 31647280747845171687041 ], 
  [ 19029238402199254687 ], 
  [ 144257783196775561, 57723122805247641366897269401 ],, 
  [ 3293925888398656548360197906113973951418338820181 ], [ 8563169791044863 ],
  , [ 1439295751 ],,, [ 3584036503, 64067775259 ],, 
  [ 1527116221, 27237679878302041 ],, 
  [ 20060110213967143, 11266246131105072430830194063 ], [ 521415985663 ], 
  [ 2443662350588909915281, 28248600756767167421824372993 ], 
  [ 35165952647201 ],,, [ 724877405141 ],, [ 104295307607671951 ],,, 
  [ 54797913064009 ],,, [ 117893472705411313 ],, [ 1245080354284218010033 ], 
  [ 416278852259269 ],,,,, [ 90592521373, 6890517306521 ],, [ 2717194421771 ],
  , [ 106362985045129 ],, [ 149248911217753801 ],, 
  [ 144041108461, 1295491627181, 352443294117709, 11804579810313560530518281 ]
   ,,,, [ 3273055635697 ], [ 550058151091, 21788532566851 ],,, 
  [ 279561458144341, 1351703294893800263816281, 28396870157275607682476281 ],
  , [ 90534329427285563 ],,,,,, [ 27293038933, 3199498307814843737 ],,,, 
  [ 837020312833, 20511344076659284041608449 ],, [ 32300433880259 ], 
  [ 8350682657274361 ], [ 1944215331493 ],, 
  [ 313757382709, 239970092645775527641 ],, [ 131886139201 ],,,, 
  [ 5159802397, 4932240576334777 ],, [ 5973675551, 27276740119831 ],, 
  [ 26518214903233 ],, 
  [ 26236494943261, 6456760526840672961797774821325948649298928900906325161071
     ],, [ 383298324808961 ],,,, [ 2137264490377 ],, [ 5174865626089 ],, 
  [ 55227429841, 154943360419466586778036730785381 ],, 
  [ 5917851546372699610566319 ],,,,,, [ 162056000497 ],, [ 36845355311 ],, 
  [ 360369471617 ],, [ 3534264522576919 ],, [ 62734455331957 ],, 
  [ 9246689427739 ],, [ 107799195841, 109988302561, 1890505305432481 ],, 
  [ 35619970288057453, 1476367402775662541 ],,,, [ 14714987005846867 ],, 
  [ 297814702033 ],, [ 3699059832270001, 14581835181228846841256629751 ],, 
  [ 476118776633221 ],, [ 20698896373 ], [ 109321709236711 ],,, 
  [ 18888055773850106285338447 ],, [ 71264064064098881 ],,,, 
  [ 679343259527415913, 4855058919407251783273 ],,,,,, 
  [ 239504616140862792871, 303646118638377760561 ],,,,,, 
  [ 1142238973, 287459953090317769 ],,,,,, [ 2122741611174673 ],,,, 
  [ 1040787749 ],, [ 149261815447552513, 51595776403023099483413095105153 ],, 
  [ 492404000982461 ],,,,,,,,,, [ 12909979307209007820902101 ],,,,,,,, 
  [ 4051144637, 6424625593, 3392232722033 ],, [ 19179379151 ],,,,,,,,,, 
  [ 948894088001 ],,,,,,,,,,,,,,,, [ 75683133536641 ],,,,,, 
  [ 11601292593295261 ],,,,,,,,,,,,,,,,,,,,,,,, [ 9097754261175757344001 ],,,,
  ,, [ 23033945842617354817 ],,,,,, [ 13269273593686111 ],,,,,, 
  [ 19698120577 ],,,,,,,,,,,, [ 407403492799249 ],,,,,,,,,,,,,,,,,,,,,,,,,,,,,
  ,,,,,,,,,,,,,,,,,,,,,,,,,,,,,,,,,,,,,,,,,,,,,,,,,,,,,,, [ 1235959701121 ],,,
  ,,,,,,,,,,,,,,,,,,,,,,,,,,, [ 2482548421 ] ];
