BRENTFACTORS[8543]:=
[ ,,,,,,,,,,,, [ 4463703401, 638858263442091824865828184909324117 ],,,, 
  [ 61948345058317, 12995339575131953657385396563074266923080406234053 ],, 
  [ 160743674480265369066172789, 1018413776947128107132949251817552679 ],,,, 
  [ 3496277017555447773421, 
      13701284542186652041758356352277584447140273192269315159672001 ],,,,,, 
  [ 50081937383, 5825929399933147, 896576766737719977575371, 
      465059369451818588912298606960117933974340778498583369437631 ],, 
  [ 2258232939140999 ],,,,,, [ 567114623315269, 299388390764585831 ],,,,,, 
  [ 91520543251602228311 ],,,, [ 9805471718293 ],,,,,, 
  [ 129816888589374596947 ],,,,,, [ 18520441669237, 2952632634530093803 ],,,,,
  ,,,,,,, [ 1352033689, 58959187817, 770975902037293 ],,,,,,,, 
  [ 273346046819 ],,,, [ 4251184471 ],,,,,, [ 144898546307, 1225549900797653 ]
   ,,,,,,,,,,,, [ 2277527457407, 2122685200994159 ],,,,,,,,,,,,,,,,,,,,,,,,,, 
  [ 2568934271592607 ],,,,,,,,,,,,,,,,,,,,,,,,,,,,,,,,,,,, [ 38600018591 ] ];
