BRENTFACTORS[9871]:=[ ,,,,,,,,,,,, [ 156449021821 ],,,, 
  [ 2065361787036920827946339 ],, [ 6551890927097, 484882635348807880931843 ],
  ,,,,,,,,, 
  [ 21969619730459278091, 10338786053220504228827747053289069, 204552922632995\
623384710673867235222791487894632687 ],, 
  [ 32765469719207416934153, 143944266403542452724954224879, 
      185228846820950767250037921979, 543419466055698552998013535306758311 ],,
  ,,,, [ 4738614791, 78150718757, 44332978081897, 3103336920702718983121 ],,,
  , [ 363520443998897, 1677561002604833, 401855348212222061 ],, 
  [ 1611204081501468481861768344901, 2013177716076151255733339526319 ],,,, 
  [ 1414919867 ],,,,,, [ 48253828550077441 ],,,,,, 
  [ 23461019719, 65113749803, 8333288033494453, 398233541855614414291, 
      14355696322442174238233, 24298972325556545946053437 ],, 
  [ 13188623039878217093 ],,,,,, [ 5814085687650138131 ],,,, [ 11058087553 ],
  , [ 8696003502451 ],,,,,, [ 3181634783, 3648549356057, 570002392915804169 ],
  ,,, [ 1707261779491 ],,,,,,,,,,,,,, 
  [ 5861784077554417, 53034262714887103343 ],,,, [ 111823834749485688919 ],,,,
  ,, [ 15141837929 ],,,,,,,,,,,,,,,,,,,,,,,,,,,,,,,,,,,,,,,,,,,, 
  [ 3523191797 ],,,,,, [ 3789831779441 ],,,,,,,,,, [ 5032760431 ],,,,,,,,,,,, 
  [ 9956169738569 ] ];
