BRENTFACTORS[302]:=[ ,,,,,,,,,,,,,,,, [ 160665981959761 ],, 
  [ 2724133171, 711361562730811 ],,,, [ 9171103245649 ],, [ 1304525251 ], 
  [ 184152148883 ], [ 37211261653, 1173302513443 ],, 
  [ 604424327595292893906354913 ],, [ 9483345405707 ], 
  [ 24703042753, 2617575885889 ], [ 6925178437 ],, 
  [ 500796259531, 9619849758121 ], [ 1952100613 ],, [ 9526238203 ],, 
  [ 445200586081 ],,, [ 11173929538762680439876772366495332403 ],, 
  [ 481287313261 ], [ 3404220667509560228471 ], [ 14304547812753666940099 ],,
  , [ 13801345804751, 16998806741420351 ], [ 674078603682269557162801 ],, 
  [ 20180201773, 55189162196948191, 754005003804727347059 ],, 
  [ 2419365828779510384100600183611217360147701 ], [ 529467399023137 ],,, 
  [ 156014477440017944003 ], [ 59979803161 ], [ 278733801991 ],, 
  [ 19275416143579, 114059848266253 ], 
  [ 39210547777, 1943522608961, 5155961355107391288833 ], 
  [ 8198452081, 21020924163716387514876896984922608639994764951305901 ],, 
  [ 21492970960451 ],, [ 92843355395977, 94315080964214754843626812516950277 ]
    , [ 1317269808121, 171227818099801 ], 
  [ 86658997177, 476802668256221, 76844439267240436264435796447 ], 
  [ 109927759537 ], [ 1100168174944967455247 ], 
  [ 14809137011177, 553532519636998827108909979189411 ], [ 1762578999901 ], 
  [ 1224002041, 175638493783985724977586601 ],,, [ 12380741733227656309 ], 
  [ 100466449121, 77325965112401, 82346632646928541361 ], [ 4237200971749 ],, 
  [ 11676939661 ], [ 90180210793 ], [ 2030499247163667274151 ],, 
  [ 3592123687 ], 
  [ 158684165993, 264161852073620689, 536420309027537824305559437977 ], 
  [ 134454886819487820923321, 1588333019017417074189407 ], [ 31659645781 ], 
  [ 4697545399, 8723851319 ], [ 1903277635556599372145297 ], 
  [ 500993244091, 12923565879589296409, 16524590215682399029 ], 
  [ 964794270773, 80658195471040460625341817841351825575538910017 ], 
  [ 87356277144732193711 ],, [ 24295459633, 16076237719586903533 ], 
  [ 1336999121224533775821062072211133333 ], [ 1626861259 ], 
  [ 216400782483889728584179601 ],, [ 8059952180500306092507170749 ],, 
  [ 2478228520678873, 37404208115532437886617, 975118161050553484151956954849 
     ], [ 855557235144438835581361998091, 298461529005375931786410238630681 ],
  [ 5526586077319, 1594037998187333 ],, 
  [ 676559536412160753559840031653978729 ],, [ 1582092290611500333821 ],, 
  [ 419627400193, 14594785626420833, 28772023237071812271520870673 ], 
  [ 371905787129 ], [ 3889207129, 617985104898583603 ], 
  [ 674226030294219992527541 ], 
  [ 807566088133825297012753, 568291693344866789358447905977, 
      8622058002953782554284688126834797557 ], 
  [ 140316498442186327, 35074326302434967335346789705757907 ],,,,, 
  [ 54784934359, 28107911395433 ], [ 1536040219185330511 ],, [ 81855702001 ], 
  [ 1521360541, 8464839618943, 47134039128877, 856343809074684123935029 ],, 
  [ 239841730049, 637027067137, 34546558592462081920289611393, 
      409684426277357665867480160062411031809 ], [ 147946809727 ],,, 
  [ 1441907941, 27819355619582209, 1436224405883042849515479884881 ],, 
  [ 1565996038241881 ], 
  [ 947638986411270023066422775971, 1733453292217341856413734518108951 ], 
  [ 232911997450305199361, 15212328476200335523081, 
      3451048298543182064709107593 ],, 
  [ 14617646136553, 361713889056189403, 153554514616023917713 ],, 
  [ 4564454517621942416773301, 1702401863551060572197503801319341 ], 
  [ 421643784169 ], [ 373779904982083711 ], [ 24873260413, 16207006237733741 ]
    , [ 3370836803433875867136462348232859617 ],, 
  [ 2378822156595949, 46259279985251845973753, 72781841896252534664152411 ], 
  [ 2617752481 ], [ 5148389900666557, 1587290205428766984329 ],, 
  [ 102828379051, 55482326991901 ],, [ 1248928126777, 10790304658729 ], 
  [ 49404749887, 523430807059 ], 
  [ 438741616699, 5694859192470667773057197, 481418141725000251174730642284704\
30757763 ],,,,, [ 513888387643 ], [ 14933850862241, 1117660378411143092321 ],
  , [ 4066006411 ],, [ 9539465737, 19411888537 ],, [ 31386475232168657 ],, 
  [ 4574914644598537 ],, 
  [ 4840907827321, 1336833191388251, 205435345783053472291 ], 
  [ 1153104584413699 ], [ 8892108461 ],,,, [ 605025758622737 ],,,, 
  [ 1603325839850195624573495493101150676105721 ],,, [ 10269969883 ], 
  [ 3675743161, 153220643209, 11073482620393 ],, 
  [ 245227828039, 26082059781578329 ],, [ 3058517669, 553063789021 ], 
  [ 10595243233, 4661162082078120109 ], [ 1102480059701 ],,,, 
  [ 97059023065759 ],,,,,, [ 2193317201 ],,,,,,,,,, 
  [ 315605688186433681, 58702684745523359026504831 ],,,,,,,, 
  [ 48339218838191 ],, 
  [ 75103415641, 254711098982341, 649153141919098894238701 ],,,, 
  [ 188411896513, 2247226779617, 3790051359330075617 ],, 
  [ 16388829374963, 292309712213179, 45451476767858999 ],, 
  [ 1283796349177, 4484725434673547000449 ],, 
  [ 4171272181, 1025055423701302847708595791 ],,,,,, [ 16918216285513 ],,,,,, 
  [ 2157762796812788551 ],,,,,, [ 154897807229497 ],,,, [ 23969656621 ],,, 
  [ 424789733971, 1971866280343894066861 ], [ 6904825862723329 ],, 
  [ 183675427199783072551, 2102180756969654094817 ],,,,,, 
  [ 27987324111032659530169, 10336473195522940622492953, 
      129499251899438464808662129 ],,,,,, [ 266569612404222642661 ],,,,,, 
  [ 92514327493069, 6473753840381857, 283961493153797427210721 ],,,, 
  [ 3556264835360441, 32695934950402574761 ],,,,,,,, 
  [ 154696162177, 19539524229409, 18329285455550132966209 ],, 
  [ 15325781054068711 ],,,, [ 926151791918473, 16514449694964584371 ],,,,,,,, 
  [ 133285248845087 ],,,, [ 42820094701 ],, [ 61979204981 ],, 
  [ 19126911709507291 ],, [ 3563909233 ],,,,,,,,,,,,,,,,,, 
  [ 4197777211, 12051166443985272450001 ],,,,,, [ 4583018002081 ],,,,,,,,,,,,,
  , [ 28621993051 ],,,, [ 939794319049 ],,,,,,,,,,,, [ 27718755997 ],,,,,,,,,,
  ,, [ 34181225317 ],,,,,,,,,,,, [ 302720345808554814546121 ],,,,,,,,,,,,,,,,,
  ,,,,,,,,,,,,,,,,,,,,,,,,,,,,,,,,,,,,,,,,,,, [ 50997897001 ],,,,,,,,,,,,,,,,,
  ,,,,,,,,,,,,, [ 3456926401 ] ];
