BRENTFACTORS[536]:=[ ,,,,,,,,,,,, [ 1483548604357 ],,,, 
  [ 2820430755129969127 ],, [ 3931810373 ],,,, [ 98468620879, 1303089445597 ],
  , [ 1669400423851, 7944551674113660601 ],,,, [ 7430135357, 938343513654851 ]
   ,, [ 5161086755059, 4748074029524301709 ],, [ 11461276761397 ], 
  [ 232864440251, 430029728161549 ], [ 22371827402951587911421 ],, 
  [ 1092188941, 26172990816809 ], [ 10915897310849309 ], 
  [ 7679791159, 725764671061 ], [ 298014517681 ], 
  [ 2289468587389060551711066569, 3880412922896337258271757623665227 ],, 
  [ 29646817537969, 246571971703957 ],,, [ 52197460705035707 ], 
  [ 1178147325748470828792091 ], [ 11532618507624961 ], 
  [ 30132232266362539929018321620239195515229 ],, [ 24152436169818973 ], 
  [ 1107255743257, 149431025551081 ], 
  [ 10032916432346445367189777715798870227 ], [ 3444165793 ], 
  [ 864860683145749808761, 6445163053657735270711 ], 
  [ 3620770609, 5477173361580869761 ], 
  [ 1322874583, 5323809577, 406764222967, 40113082270002301456621503661 ], 
  [ 6695232962704215475577 ], [ 1991819172647 ], [ 98267075344681 ], 
  [ 3694721157033964117, 2501828387123761190399743, 
      267168189473292521597485973059 ], 
  [ 561617657221, 463502606371817, 156818736846523409573 ], 
  [ 365445821791, 410972600520510841, 58269316028742101053, 
      1837294936179409666009 ],, [ 1613674422724781 ],, [ 135322850106883 ], 
  [ 4618635997957, 7468313864139642422232873594361 ], 
  [ 47133321349298413, 15204878956191371187569070061, 
      246239475820957631470058489227 ], [ 11930207691193620699843461677511 ], 
  [ 52296082483, 372250423817199911 ], [ 52906352617 ], 
  [ 251798553299003459907101 ], 
  [ 3167365021, 7922752662133633, 7615102437762684533191 ], [ 612509548501 ], 
  [ 1538815863401, 15768491846635889 ], 
  [ 11295981697463, 31894131128707, 12972148140029527038429071 ], 
  [ 241244015143, 480763315146890491 ], [ 141367549784227949608799 ], 
  [ 12809194727974287920161 ], [ 2058375857032970808031 ], 
  [ 183300380793689 ], [ 12431977879 ], [ 16437776131137087867253 ], 
  [ 201575481761, 136685008268137080181 ], 
  [ 448758112442120830688766250973295766605730563073 ], 
  [ 8468228959546273, 13362543614848427191 ], 
  [ 41871253337, 3356979084449, 7972210534595323280752247558657 ], 
  [ 112823447836009152953 ], [ 41524123195562141960113105891 ], 
  [ 31247293776973 ], [ 226915693561, 1099984475519917434295396005193 ], 
  [ 1698697267 ], [ 533072338882667 ],, [ 2371220833, 8491587361 ],, 
  [ 107833633601, 3483483500105281161371, 1863241260750598331496601 ],,, 
  [ 73362468245980583 ], [ 27171613980619, 198140287577710627 ],, 
  [ 3249801881, 4926857702067289 ], 
  [ 33277554976109666676172234450922588970294834095813944766563077481 ], 
  [ 27410010743, 265858496690079462091166711 ], [ 3355416088006519 ],,, 
  [ 1646526545291 ], [ 360863560327 ], 
  [ 2908276673, 636803297089, 122688094561489854066509320084370369 ], 
  [ 57242471021 ], [ 1750936035763, 4155551879923, 6094757712607830755294149 ]
    , [ 33328261492501, 93081226140400645661 ],, [ 2647244825083 ], 
  [ 290249508781711 ],, [ 3568220359636529401421944914241 ], [ 26185148749 ], 
  [ 11636219558609545814801493266047 ], 
  [ 4815466663133491, 292927758222394573 ],, [ 4097580042251 ], 
  [ 500688761947223746011067 ],, [ 53992706689, 323831743903042369911809 ], 
  [ 24103312418869 ], [ 1798952054662659521 ],, 
  [ 1804106041, 82685968802673618097, 10478836136653657784444269 ],,,, 
  [ 18982480269481, 11421417451337193323829020713 ],, 
  [ 4875889141, 649043119028929, 9455492350062997501396651951 ],, 
  [ 24191243147424011261 ], [ 3336417013 ],,, [ 121266861220412598582289 ], 
  [ 734969349721, 48010798140772956661, 18772235136855667532731 ],,, 
  [ 1659024509486147780552431980353 ],, 
  [ 13539260749953743093901751, 31428667173716101345249731011009823751 ],, 
  [ 255656415809 ],,, [ 86366816231 ],,, [ 4336716906241524706538729839 ], 
  [ 44637248191 ],,,,,, [ 24540718582028439121 ],,, 
  [ 1652871697, 2455913209, 973851440079337 ],, 
  [ 1410230581, 67867832959470041 ],,,,, [ 1147003128251 ], 
  [ 1817324262378663457 ],, [ 245717117077, 11847725115703 ],, 
  [ 754383813121, 122020910578261, 4311268606300290049183626721 ],, 
  [ 2603595417151 ], [ 4592824949569 ], [ 1044822774182718733649 ],, 
  [ 45888471357939079, 9906184194318865418461, 61408154637589412534837491, 
      360695536852182943897102471 ],,, [ 2407321729 ],,,,, 
  [ 2844205917685201 ], [ 15873251939221, 3637422779637271 ], 
  [ 161571903519293 ],, [ 23320377664849 ],, 
  [ 126084375601, 7255351061201, 17971955044201 ],,,, 
  [ 35254221240378421, 3445397106618180589, 105156795473698413217429201 ],, 
  [ 23217659136317 ],, [ 4770513476360141329 ],, [ 9258941086293117451 ],, 
  [ 26140038425117 ],,,,,,,,,, [ 3359725404482803 ],, 
  [ 259609552811617, 43447106070137764547617 ],,,, [ 875215095832598280061 ],
  , [ 2061198551131 ],, [ 394877911378734769 ],,,,,,,,,, [ 6722423058319 ],, 
  [ 7187886230564755649 ],,,,,,,,,,, [ 3999662948191, 137621399183368531 ],,,,
  , [ 170469293021 ],,,,,,,,,, [ 5359062225241 ],,,,,, 
  [ 2191644962104668847287097 ],,,, [ 16288910020214138161 ],,,,,, 
  [ 2110155417371, 4720820663131 ],, [ 100973443115934812740864033 ],, 
  [ 2279778451 ],,,,,,,,,, [ 10397438573326801 ],,,,,, 
  [ 298974124027, 65866736271315493 ],,,, [ 129506714761 ],, 
  [ 188329065038713 ],,,,,,,, [ 4245201281, 16585476519361 ],,,,,,,,,, 
  [ 358313962515793681, 60992793786465527251 ],,,,,, [ 68310053315953 ],,,, 
  [ 33316797881 ],,,,,,,, [ 1732786309, 233326253521 ],,,,,,,,,,,,,,,,,, 
  [ 1385066257543 ],,,,,,,,,,,, [ 15125040575569 ],,,,,, [ 1672050524161 ],,,,
  ,, [ 107785550401231 ] ];
