BRENTFACTORS[1321]:=[ ,,,,,,,,,,,,,,,, [ 2556515595611, 40617308838551387 ],,,
  ,,, [ 3268657873837, 2113434737627971, 9752572888800331 ],,,,,, 
  [ 1676854522867 ],, [ 141295279473853, 139978122105874777 ],,,,,, 
  [ 210087807229 ],,,, [ 9846241859599 ],,,,,, 
  [ 1511371591861, 47612472346016283141713, 22387339649526862446088685419, 
      7099423823410314533421128404603, 
      33398939747347408754191714058667943118389177 ],,,,,, 
  [ 12883436737, 189821331494919627077 ],,,,,, 
  [ 1059937217221, 7848903596887, 8597023985275705891243 ],, 
  [ 48626089367, 209784274421609, 782303124517473239591 ],,,,,, 
  [ 26540806213, 17131990060828791575443 ],,,, 
  [ 1844784481, 160282529761130209, 23461156607248655697735065287 ],, 
  [ 1157526983, 2831362928683141933, 4550461282665137563, 
      253482989913854234877541123 ],,,,,, 
  [ 1127308829, 7446321847031, 1012049794975143899025925609906012097 ],,,, 
  [ 6489786269 ],,,,,, [ 92090111420561 ],,,,,,,, 
  [ 2380110923, 13396511668024619, 1414184966238219491929307, 
      3162332376427576482069481 ],,,,,,,,,, 
  [ 2333601266450167159, 255117496902716164645807663, 
      19099693707277260576146807051411 ],,,,,,,,,,,,,,,,,,,, 
  [ 122533572044381 ],,,,,,,,,,,,,,,,,,,,,, [ 710971190191583 ] ];
