BRENTFACTORS[6529]:=[ ,,,,,,,,,, [ 2981170301407 ],,,,,, [ 574844289083 ],, 
  [ 198938238857, 13386664843656162313 ],,,, 
  [ 56345296493009, 15376486424786485463585763067 ],,,,,, 
  [ 1741724791124716756945256647473954464736214966783 ],, 
  [ 27751786843799150467 ],,,,,,,,,, 
  [ 23191241591548829356361931394250633893, 
      1122990826797144438809094897710092572786161376870006061021 ],,,,,, 
  [ 3728298796853 ],,,,,, [ 2814417979 ],,,,,, [ 1854810346895321990953 ],, 
  [ 66405818857467649895462711 ],,,,,, 
  [ 835904154872265821234966857709, 59151795271661348093452318986661 ],,,, 
  [ 9991730129925425669812793, 76137785957496068923346917 ],, 
  [ 1014417491, 2016572045911837 ],,,,,, [ 1604426959 ],,,,,,,,,, 
  [ 2658257519, 59489245967, 631001510291 ],,,,,,,, 
  [ 105603299183, 121909849097 ],,,, [ 19313941388663, 1441875572764951 ],,,,,
  , [ 364311216822893321 ],,,,,,,,,,,,,,,,,,,,,,,,,,,,,,,,,,,,,,,,,,,,,,,,,,,,
  ,,,,,,,,,,,,,,,,,,,, [ 200209235293 ] ];
