BRENTFACTORS[3761]:=
[ ,,,,,,,,,,,,,,,,,, [ 88558528313495607422128219, 256061980014394817223695290\
035342455641 ],,,, 
  [ 84743114895051203, 1778895898453006476599, 1600220892249750990958363490133\
9851 ],,,,,, [ 1997817097138612773941 ],, [ 11910235123736553843401 ],,,,,, 
  [ 2890484187100891 ],,,, [ 79715207722448788921279 ],,,,,,,,,,,, 
  [ 77983527588221433338250581 ],,,,,, [ 83007482252623 ],,,,,,,,,,,, 
  [ 424498740702493, 8309483773826309 ],,,,,,,,,,,,,,,,,,,,,,,,,,,,,,,,,,,,,,,
  ,,,,,,,,,,,,,,,,,,,,,,,,,,,,,,,,,,,,,,,,,,,,,,, [ 1443385027159253 ],,,,,,,,
  ,,,,,,,,,,,,,, [ 92047008051541 ] ];
