BRENTFACTORS[523]:=
[ ,,,,,,,,,,,,,,,,,,,,,, [ 51405671048323, 233731586013628177781 ],, 
  [ 1574601401, 414647608296401 ],,, [ 514618322233 ], 
  [ 94761240752145718174706929 ],, [ 5109027193120193632103 ], 
  [ 1533437457473 ], [ 15947495719, 37630421540317 ],, 
  [ 6655056311, 3128181356669709416216349161 ],,, [ 169197757308691 ], 
  [ 56212895748385839143881513 ],, 
  [ 6125527633436350406205722634417211456795315961 ],, 
  [ 3846948642661751465437162070587, 44899758226491909248181413081201 ], 
  [ 26959342433 ], [ 2136281661208548336034801 ], 
  [ 18308706058011935922821195723 ], [ 253075494326867, 6541253745396198869 ],
  [ 13746876760369 ], 
  [ 2554055617, 594273750507487581394448971, 5369670457970975143956633575639 ]
    , [ 2747822166834821822951 ], 
  [ 110441453920436689, 10370466698678999623, 30624712445540625949 ],, 
  [ 36554191516314019, 1336088539352930630160096928013 ], 
  [ 75413863521385471 ], 
  [ 18739036618299386206291, 130143512591841023504688267600480811 ],, 
  [ 479395810663786099, 3920172593701058138680242056749 ],, 
  [ 1771261228005476743, 75043097494911440279357237 ],, 
  [ 9616799915338428648680070867269092099, 
      174639293996426546008026307093815806206477856373092657 ], 
  [ 57701151902817179, 13787213983260313505729826794803 ], 
  [ 952221558277963, 3845522407057063237, 3121120541669359940047 ],, 
  [ 1185112099330381, 1673424410613652497896000867770397043310811561067541 ], 
  [ 4351632888937687 ], 
  [ 13884515559540781705272727, 116831810128103598001348643, 
      660852365005432427581158787450254899, 
      29770254033774217725305588584563919111 ], [ 6898057120676857 ], 
  [ 1000004581, 526931330224139166493284627811115375213167 ], 
  [ 12690782728637435297374381 ], [ 188480393109188335817419 ],,, 
  [ 11503221931, 1452149615988793 ], 
  [ 403117906662855540365982189522762681473241901 ], [ 2007205791644869 ],, 
  [ 118363849499575369, 17063756916672968503 ], 
  [ 4675774052038444699751983299127, 4607271679210157887298543630881816537 ], 
  [ 19026208567597469281, 171608619426740308685500561 ], 
  [ 5677897663, 163188298796473, 
      1418178411065528555985675416686340090701097304285489121 ], 
  [ 16174092871, 247777864387, 22540155582680223781381813 ], 
  [ 503885230033021, 393493901680907985490039894469179854085171949 ], 
  [ 2450191989589, 168142265420137 ], [ 807142246125762910380701 ], 
  [ 1229553696623245289587 ], [ 30889099789, 194957271379807033756039033297 ],
  [ 966097021033, 11258022238139729537, 1753988664909970878612586199660317121 
     ], [ 9385035646397915299, 139239762698272669364283342511 ], 
  [ 38253188881 ], [ 2018392741, 1262261093379508470354950663 ], 
  [ 4143150449, 56563839557, 643082335415309, 
      5677915990166038540249894839275641 ],, [ 876662411211143402017 ], 
  [ 56099986531, 241213263620221 ], 
  [ 8642188225394679299521, 33534181111800442280161 ], [ 1497173271108377 ], 
  [ 7768650731509058443081, 745482927108024232774923017511323 ], 
  [ 376623438049, 93327655271619217131758458153, 
      62115897175702138665883411850107 ], 
  [ 1622050719701, 764072191449229501 ], 
  [ 11203245827, 870968167863056193764696334954799409 ], 
  [ 2777061181, 1701217461164172529 ], 
  [ 17908401937434473323, 4928878600910545458391901321941 ], 
  [ 28397282565404574776802569883718705092391652870809 ], 
  [ 18987139081, 76539859231607711270961593448925429561191098594728201 ], 
  [ 161271790093, 690780123014783, 10781968748831344009723577843 ], 
  [ 954265928701808602595150762751698030093 ], 
  [ 1911236805397, 4837690480615679247344804161 ],, [ 6732815840515137011 ], 
  [ 2495801665055065713525343 ],,, [ 1287354007 ], 
  [ 1886319088891, 50815878609474208300711 ], [ 1938315689 ], 
  [ 385083799578162339378818264587 ], 
  [ 126642497827, 623972212048981, 17224974853996988749593144923 ],, 
  [ 1093785086730687214008863664274509538561 ],, 
  [ 132474815203, 604570016065469066070018688336851279122863021717 ],, 
  [ 218528044551983738548397, 6396210872228149250453797, 
      299308813749730817536144721 ], 
  [ 2697900652501, 1165018278014617403773001 ],,, 
  [ 10998831015545138177, 987542417155165684471361609780504498358491747713 ], 
  [ 8160033014521, 10374102732541309 ], 
  [ 1318418267668184021, 384387707988707599031311, 
      28923518734406306830301267111 ], [ 3774507193, 2522411558712811 ], 
  [ 65840695932768405793 ],,, 
  [ 108139373731, 7803180332137533601, 2184515871255174340355554154971 ], 
  [ 9368409468402255409 ], [ 43512802901 ], [ 6300948679477 ],, 
  [ 3419101200697141, 464763769531246100460105541 ], 
  [ 398078394527913527320813 ], 
  [ 271941032420201, 61743729394816004551751, 11772042279544312918430742963601\
3508400502739 ],,,, [ 28622943425102430932127669583 ], 
  [ 31811784991423065847 ], [ 11225704541, 65947558574284549368097 ],,, 
  [ 6167227769 ], [ 4411871478365962650951033177523010336230660259279753 ], 
  [ 531012718924867 ], 
  [ 481994377789, 750103972927, 21755971329648989870748638368273, 
      10095827363001072010605539888591644524085867 ],, 
  [ 297871133170964845531331824836304148887109397607499751283309 ], 
  [ 1279407060272533 ], [ 768671268086577855909299356866610643545943367311 ],
  , [ 15947982881, 38075321569232546129441, 20727873716563587103996582650241, 
      938831769236817813838512028184321 ],, 
  [ 6127217137, 612548938319240779631892278225479, 
      415571573204344066891580071346328391 ],, [ 2895854372018038190429 ],, 
  [ 13615084322195469004537507, 2392800883032877737576899819 ],, 
  [ 7695463877309158245684598426595753544751609944673 ],, 
  [ 1078749499395100930564504542341 ],, 
  [ 78815632069, 4867006678949, 479937478751881, 218997431314972306793, 
      843099517693015408955017135458131256638244313541 ],, 
  [ 65090138421232039 ], [ 276832156651 ], 
  [ 704729332926961, 20987392454448057729521, 190858267300464406938241, 
      226930371518872862668983953249, 291645162244762242562137896801 ],, 
  [ 60151203804856721, 756842132559981691, 
      1893775085501082023005947067024168925126656417751 ],,,, 
  [ 25240814509, 4209818226950176493541697901 ],, 
  [ 9971889749057, 293312765252771608646369 ],, 
  [ 1068606160256654317715497, 621626434587071534112973358255620436808317371 ]
   ,,,,,,,,, [ 17588535901 ],, [ 56647851563 ], [ 618297913469809 ],,,, 
  [ 2111380716447791, 4466972892622298956369 ],, 
  [ 760323361201, 26357457447034982015497 ],,,,,, 
  [ 691180432814761, 8434759305128948035151649615777274561 ],, [ 1193871853 ],
  ,,, 
  [ 1549625041, 17335408513321, 91754244434233, 243388193868577, 5888813296254\
3361, 295935808480486561 ],,,,,, [ 93039628351, 153492564018830143243 ],,, 
  [ 217355293758151 ], [ 452021330333, 3469955756256869041 ],, 
  [ 327124966075067790493, 120887033037925543956488041 ],, 
  [ 1423219977402211 ],,,,,, [ 1635061678909 ],, 
  [ 26486548999, 187358956429, 43231568189519523857 ],,,, [ 389353826621 ],, 
  [ 466725296449, 389731888803841 ],,,,,, [ 19662487535388751 ],, 
  [ 477053143550683516274402701 ],,,,,, 
  [ 318987244861, 126741835203979663, 1001583487858258177 ],, 
  [ 78454216297861 ],,, [ 480378579113473 ], 
  [ 3717090117313, 331601957919937 ],,,,, [ 64765599391 ], 
  [ 1133780761, 7185892908825991696007674081 ],, [ 248995170762752177 ],,,, 
  [ 107780092721601680137741 ],,,, [ 821966435592596791561 ],, 
  [ 6342740255879586270961 ],,,,,,,,,,,,,,,,,, [ 4554458662526024736901 ],,,,,
  , [ 137698447969 ],,,, [ 2127102821, 3778199401, 76519868041 ],, 
  [ 9762679057 ],,,,,,,,,,,, [ 2542935061 ],,,,,, [ 21991800601 ],,,,,, 
  [ 2125381441, 344872094113 ],,,, [ 85316590661 ],,,,,,,, [ 3927887137 ],, 
  [ 53955237840701 ],,,,,,,,,, [ 76769330452201 ],,,,,,,,,,,, 
  [ 11747553301724701 ],,,,,,,,,,,,,,,,,, [ 16075684951 ],,,,,,,,,,,,,,,,,, 
  [ 184060445907937, 446361408298590894313 ],,,,,,,,,,,, 
  [ 153557338616820920461 ],,,,,,,,,,,,,,,,,,,,,,,,,,,,,, [ 26565141376351 ],,
  ,,,,,,,,,, [ 298820740681 ],,,,,,,,,,,,,,,,,,,,,,,,,,,,,,,,,,,,,,,,,,,,,,,,,
  ,,,,,,,,,,,,,,,,,,,,,,,,,,,,,,,,,,,,,,,,,,,,,,,,,,,,,,,,,,,,,,,,,,,,,,,,,,,,
  ,,,,,,,,,,,,,,,,,,,,,,,,,,,,,,,,,,,,,,,,,,,,,,,,,,,,,,,,,,,,,,,,,,,,,,,,,,,,
  ,,,,,,,,,,,,,,,,,,,,,,,,,,,,,,,,,,,,,,,,,,,,,,,,,,,,,,,,,,,,,,,,,,,,,,,,,,,,
  ,,,,,,,,,,,,,,,,,,,,,,,,,,,,,,,,,,,,,,,,,,,,,,,,,,,,,,,,,,,,,,,,,,,,,,,,,,,,
  ,,,,,,,,,,,,,,,,,,,,,,,,,,,,,,,,,,,,,,,,,,,,,,,,,,,,,,,,,,,,,,,,,,,,,,,,,,,,
  ,,,,,,,,,,,,,,,,,,,,,,,,,,,,,,,,,,,,,,,,,,,,,,,,,,,,,,,,,,,,,,,,,,,,,,,,,,,,
  ,,,,,,,,,,,,,,,,,,,,,,,,,,,,,,,,,,,,,,,,,,,,,,,,,,,,,,,,,,,,,,,,,,,,,,,,,,,,
  ,,,,,,,,,,,,,,,,,,,,,,,,,,,,,,,,,,,,,,,,,,,,,,,,,,,,,,,,,,,,,,,,,,,,,,,,,,,,
  ,,,,,,,,,,,,,,,,,,,,,,,,,,,,,,,,,,,,,,,,,,,,,,,,,,,,,,,,,,,,,,,,,,,,,,,,,,,,
  ,,,,,,,,,,,,,,,,,,,,,,,,,,,,,,,,,,,,,,,,,,,,,,,,,,,,,,,,,,,,,,,,,,,,,,,,,,,,
  ,,,,,,,,,,,,,,,,,,,,,,,,,,,,,,,,,,,,,,,,,,,,,,,,,,,,,,,,,,,,,,,,,,,,,,,,,,,,
  ,,,,,,,,,,,,,,,,,,,,,,,,,,,,,,,,,,,,,,,,,,,,,,,,,,,,,,,,,,,,,,,,,,,,,,,,,,,,
  ,,,,,,,,,,,,,,,,,,,,,,,,,,,,,,,,,,,,,,,,,,,,,,,,,,,,,,,,,,,,,,,,,,,,,,,,,,,,
  ,,,,,,,,,,,,,,,,,,,,,,,,,,,,,,,,,,,,,,,,,,,,,,,,,,,,,,,,,,,,,,,,,,,,,,,,,,,,
  ,,,,,,,,,,,,,,,,,,,,,,,,,,,,,,,,,,,,,,,,,,,,,,,,,,,,,,,,,,,,,,,,,,,,,,,,,,,,
  ,,,,,,,,,,,,,,,,,,,,,,,,,,,,,,,,,,,,,,,,,,,,,,,,,,,,,,,,,,,,,,,,,,,,,,,,,,,,
  ,,,,,,,,,,,,,,,,,,,,,,,,,,,,,,,,,,,,,,,,,,,,,,,,,,,,,,,,,,,,,,,,,,,,,,,,,,,,
  ,,,,,,,,,,,,,,,,,,,,,,,,,,,,,,,,,,,,,,,,,,,,,,,,,,,,,,,,,,,,,,,,,,,,,,,,,,,,
  ,,,,,,,,,,,,,,,,,,,,,,,,,,,,,,,,,,,,,,,,,,,,,,,,,,,,,,,,,,,,,,,,,,,,,,,,,,,,
  ,,,,,,,,,,,,,,,,,,,,,,,,,,,,,,,,,,,,,,,,,,,,,,,,,,,,,,,,,,,,,,,,,,,,,,,,,,,,
  ,,,,,,,,,,,,,,,,,,,,,,,,,,,,,,,,,,,,,,,,,,,,,,,,,,,,,,,,,,,,,,,,,,,,,,,,,,,,
  ,,,,,,,,,,,,,,,,,,,,,,,,,,,,,,,,,,,,,,,,,,,,,,,,,,,,,,,,,,,,,,,,,,,,,,,,,,,,
  ,,,,,,,,,,,,,,,,,,,,,,,,,,,,,,,,,,,,,,,,,,,,,,,,,,,,,,,,,,,,,,,,,,,,,,,,,,,,
  ,,,,,,,,,,,,,,,,,,,,,,,,,,,,,,,,,,,,,,,,,,,,,,,,,,,,,,,,,,,,,,,,,,,,,,,,,,,,
  ,,,,,,,,,,,,,,,,,,,,,,,,,,,,,,,,,,,,,,,,,,,,,,,,,,,,,,,,,,,,,,,,,,,,,,,,,,,
  , [ 592096880773 ],,,,,,,,,,,,,,,,,,,,,,,,,,,,,,,,,,,,,,,,,,,,,,,,,,,,,,,,,,
  ,,,,,,,,,,,,,,,,,,,,,,,,,,,,,,,,,,,,,,,,,,,,,,,,,,,,,,,,,,,,,,,,,,,,,,,,,,,,
  ,,,,,,,,,,,,,,,,,,,,,,,,,,,,,,,,,,,,,,,,,,,,,,,,,,,,,,,,,,,,,,,,,,,,,,,,,,,,
  ,,,,,,,,,,,,,,,,,,,,,,,,,,,,,,,,,,,,,,,,,,,,,,,,,,,,,,,,,,,,,,,,,,,,,,,,,,,,
  ,,,,,,,,,,,,,,,,,,,,,,,,,,,,,,,,,,,,,,,,,,,,,,,,,,,,,,,,,,,,,,,,,,,,,,,,,,,,
  ,,,,,,,,,,,,,,,,,,,,,,,,,,,,,,,,,,,,,,,,,,,,,,,,,,,,,,,,,,,,,,,,,,,,,,,,,,,,
  ,,,,,,,,,,,,,,,,,,,,,,,,,,,,,,,,,,,,,,,,,,,,,,,,,,,,,,,,,,,,,,,,,,,,,,,,,,,,
  ,,,,,,,,,,,,,,,,,,,,,,,,,,,,,,,,,,,,,,,,,,,,,,,,,,,,,,,,,,,,,,,,,,,,,,,,,,,,
  ,,,,,,,,,,,,,,,,,,,,,,,,,,,,,,,,,,,,,,,,,,,,,,,,,,,,,,,,,,,,,,,,,,,,,,,,,,,,
  ,,,,,,,,,,,,,,,,,,,,,,,,,,,,,,,,,,,,,,,,,,,,,,,,,,,,,,,,,,,,,,,,,,,,,,,,,,,,
  ,,,,,,,,,,,,,,,,,,,,,,,,,,,,,,,,,,,,,,,,,,,,,,,,,,,,,,,,,,,,,,,,,,,,,,,,,,,,
  ,,,,,,,,,,,,,,,,,,,,,,,,,,,,,,,,,,,,,,,,,,,,,,,,,,,,,,,,,,,,,,,,,,,,,,,,,,,,
  ,,,,,,,,,,,,,,,,,,,,,,,,,,,,,,,,,,,,,,,,,,,,,,,,,,,,,,,,,,,,,,,,,,,,,,,,,,,,
  ,,,,,,,,,,,,,,,,,,,,,,,,,,,,,,,,,,,,,,,,,,,,,,,,,,,,,,,,,,,,,,,,,,,,,,,,,,,,
  ,,,,,,,,,,,,,,,,,,,,,,,,,,,,,,,,,,,,,,,,,,,,,,,,,,,,,,,,,,,,,,,,,,,,,,,,,,,,
  ,,,,,,,,,,,,,,,,,,,,,,,,,,,,,,,,,,,,,,,,,,,,,,,,,,,,,,,,,,,,,,,,,,,,,,,,,,,,
  ,,,,,,,,,,,,,,,,,,,,,,,,,,,,,,,,,,,,,,,,,,,,,,,,,,,,,,,,,,,,,,,,,,,,,,,,,,,,
  ,,,,,,,,,,,,,,,,,,,,,,,,,,,,,,,,,,,,,,,,,,,,,,,,,,,,,,,,,,,,,,,,,,,,,,,,,,,,
  ,,,,,,,,,,,,,,,,,,,,,,,,,,,,,,,,,,,,,,,,,,,,,,,,,,,,,,,,,,,,,,,,,,,,,,,,,,,,
  ,,,,,,,,,,,,,,,,,,,,,,,,,,,,,,,,,,,,,,,,,,,,,,,,,,,,,,,,,,,,,,,,,,,,,,,,,,,,
  ,,,,,,,,,,,,,,,,,,,,,,,,,,,,,,,,,,,,,,,,,,,,,,,,,,,,,,,,,,,,,,,,,,,,,,,,,,,,
  ,,,,,,,,,,,,,,,,,,,,,,,,,,,,,,,,,,,,,,,,,,,,,,,,,,,,,,,,,,,,,,,,,,,,,,,,,,,,
  ,,,,,,,,,,,,,,,,,,,,,,,,,,,,,,,,,,,,,,,,,,,,,,,,,,,,,,,,,,,,,,,,,,,,,,,,,,,,
  ,,,,,,,,,,,,,,,,,,,,,,,,,,,,,,,,,,,,,,,,,,,,,,,,,,,,,,,,,,,,,,,,,,,,,,,,,,,,
  ,,,,,,,,,,,,,,,,,,,,,,,,,,,,,,,,,,,,,,,,,,,,,,,,,,,,,,,,,,,,,,,,,,,,,,,,,,,,
  ,,,,,,,,,,,,,,,,,,,,,,,,,,,,,,,,,,,,,,,,,,,,,,,,,,,,,,,,,,,,,,,,,,,,,,,,,,,,
  ,,,,,,,,,,,,,,,,,,,,,,,,,,,,,,,,,,,,,,,,,,,,,,,,,,,,,,,,,,,,,,,,,,,,,,,,,,,,
  ,,,,,,,,,,,,,,,,,,,,,,,,,,,,,,,,,,,,,,,,,,,,,,,,,,,,,,,,,,,,,,,,,,,,,,,,,,,,
  ,,,,,,,,,,,,,,,,,,,,,,,,,,,,,,,,,,,,,,,,,,,,,,,,,,,,,,,,,,,,,,,,,,,,,,,,,,,,
  ,,,,,,,,,,,,,,,,,,,,,,,,,,,,,,,,,,,,,,,,,,,,,,,,,,,,,,,,,,,,,,,,,,,,,,,,,,,,
  ,,,,,,,,,,,,,,,,,,,,,,,,,,,,,,,,,,,,,,,,,,,,,,,,,,,,,,,,,,,,,,,,,,,,,,,,,,,,
  ,,,,,,,,,,,,,,,,,,,,,,,,,,,,,,,,,,,,,,,,,,,,,,,,,,,,,,,,,,,,,,,,,,,,,,,,, 
  [ 180544811908089283 ] ];
