BRENTFACTORS[6473]:=[ ,,,,,, [ 15377656813, 4784213763211 ],,,, 
  [ 25498709886893, 590292219409384982051 ],, 
  [ 142925359139340446891, 37863877853611877316137591 ],,,, 
  [ 1294377170011, 1543656399315543629, 34707614220021761398919450647 ],, 
  [ 2474292885104207, 4824120456843802557880919, 145634172549157733928920359 ]
   ,,,,,,,,,, [ 201879798383, 254212427099 ],,,,,,,, 
  [ 903621871752455555449543439 ],,,, [ 623433517378129 ],, 
  [ 76866612694845331725202587727 ],,,, [ 3448018976711467 ],,,,,, 
  [ 349933060847, 830538998951, 4972809588001 ],,,,,, 
  [ 341467716315932869427, 535235163956527041701, 6080852211922167041690381 ],
  , [ 89742537888433 ],,,,,,,,,,,,,,,,,,,,,,,,,,,,,,,,,,,,,,,, 
  [ 3240270548645014267 ],,,,,,,,,,,,,,,,,,,,,,,,,,,,,,,,,,,,,,,,,,,,,,,, 
  [ 2363336841327367 ],,,,,,,,,,,,,,,,,,,,,,,,,,,,,,,, [ 42418845118283 ],,,,,
  ,,,,, [ 2502262582236153157913 ] ];
