BRENTFACTORS[5639]:=[ ,,,,,,,,,, [ 51947447509, 305784813889903101680587 ],, 
  [ 1983800580191, 45463951271046491 ],,,,,, 
  [ 5133599399, 36225986189, 1007422166569319, 4835007668733377849183 ],,,, 
  [ 5018871403197437430929, 
      48183931826233176812263265790003207575917148915127053231531 ],,,,,, 
  [ 21040540811, 2816020243919 ],, 
  [ 98445442887443, 2033199760899929, 7741233908205727, 
      23417961966531386941386683, 13949056723817283732216059103661 ],,,,,, 
  [ 6419066687904014051 ],,,, [ 29252685577 ],,,,,,,,,,,,,,,,,, 
  [ 6360770423239910426148247 ],,,,,,,,,,,,,,,,,,,,,,,,,,,,,,,,,,,,,,,,,,,,,,,
  , [ 2504588377 ],,,,,, [ 426207300389928217669 ] ];
