BRENTFACTORS[6823]:=[ ,,,,,,,,,, [ 389437430251, 602405546623 ],,,,,, 
  [ 4953760036843, 1788996798097034782295659, 2489574162706418645288393 ],, 
  [ 2357480747 ],,,,,,,,,, 
  [ 63841923868213, 20303776136600301130863168120504502074802733731 ],, 
  [ 8706447893460604303747 ],,,,,,,,,, [ 6700837543, 4398663887789 ],,,,,, 
  [ 135268244944097, 844388861302187 ],,,,,,,,,,,, [ 2375659941968358427 ],,,,
  ,,,,,,,, [ 15255633823 ],,,,,,,, [ 371378678078003 ],,,,,,,,,, 
  [ 123903513990679 ],,,,,,,,,,,, [ 2985391579078948807 ],,,,,,,,,,,,,,,,,,,,,
  ,,,,,,,,,,,,,,,,,,,,,,,,,,,,, [ 15250878899 ],,,,,,,,,,,,,,,,,,,,,,,,,,,,,,,
  ,,,,,,,,, [ 195796313972299 ] ];
