BRENTFACTORS[5171]:=[ ,,,,,,,,,,,, [ 103888623672523 ],,,, [ 1164728106341 ],,
  ,,,,,,,,,, [ 2907584622977267 ],,,,,,,, 
  [ 71368352092117, 794269319686652626133 ],,,, 
  [ 14302743810083, 836677783826100843471379751, 
      128138338769014547494718888753487141537879018691, 
      274366274875640775906224227790170725809142031395882463359509 ],, 
  [ 632121133338319556219, 30308942059194443815787, 
      854289450229616101699518781 ],,,, [ 32754385786048701781078952629483 ],,
  ,,,, [ 39418247657586395963 ],,,,,, [ 11276401424213 ],, 
  [ 26826297349746590327, 31106239378311004387 ],,,,,, 
  [ 507492825127, 208823521914032217639315859801 ],,,, 
  [ 4550503495022314997024981576539 ],, 
  [ 15351711223, 143549601155713, 862099963994005392430421, 
      1158036946258623212423503186816601953 ],,,,,, 
  [ 371469369839, 7530915206718246048622481, 
      1457949985780748478050621422775147 ],,,,,,,,,,,,,,,,,, 
  [ 8024450257991634443 ],,,, [ 4004256101, 54896215770821, 1508639972941061 ]
   ,, [ 258460046052922581341 ],,,,,,,,,,,,,,,,,,,,,,,,,,,,,,,,,,,,,,,,,,,,,,,
  , [ 97495433199427 ],,,,,,,,,,,,,,,,,,,,,, [ 16019493266503 ],,,,,,,,,,,,,,,
  ,,,,, [ 14828220177481 ] ];
