BRENTFACTORS[480]:=[ ,,,,,,,,,,,, [ 661135815133 ],,,, [ 90189738853 ],,,,,, 
  [ 783315102424073 ],, [ 85960777690264230098951 ],,,, [ 101961540070651 ],,,
  , [ 33210162597550291 ], [ 62128795483957 ],,, 
  [ 424404153079661051272418022287471374694048527 ], 
  [ 2171323117, 954279017437 ], [ 13625271845641 ],, [ 116067909488687935829 ]
   ,, [ 6811047218069981, 18962498520610012039437937518243177571 ], 
  [ 36238543757153, 35963001672175733 ],, [ 1404954403 ], 
  [ 28997739026049310752615858783728441867 ],, [ 47109292920912620470129 ],,, 
  [ 6366280869497099655918893 ], 
  [ 1946578171, 18616734611278394871778109, 795862122408278736186180331, 
      705263255458574683036047607558991 ], [ 59515939215424711 ], 
  [ 6218041756245839773276586908068571 ], [ 30438504769, 84209529288813377 ], 
  [ 1164551469567049, 4181711310063286585849, 77287162182953482653563417689 ],
  [ 237441811546902481 ], [ 24929854236409 ], [ 2463082901519281 ], 
  [ 55572932806919323783725951504888390517, 
      2831780171872308385780634685489438037514041 ], [ 1582249673 ], 
  [ 168681538198881334997719380478276579 ], 
  [ 80696177153, 238554754282139969 ], [ 20690449961611, 248615545133281 ], 
  [ 1155401158231, 1394651149849 ], 
  [ 2491145864988331, 6023296288454507809, 107370587398846482617, 
      426947392994027204907769453, 2716179217534415408360521113748457 ], 
  [ 3931817821489, 723284543908561 ], [ 290228028294493924148623681684927 ], 
  [ 34589238391 ], [ 3137426354356081, 44697842447088391369 ], 
  [ 146819860633, 392943252253249 ],, [ 96907834500733499996579 ], 
  [ 382686714479256001 ], [ 187628924359511513 ], 
  [ 51817411583227385285653, 315351248081759945790104730361 ], 
  [ 44903991656239, 22261784524703413 ],, [ 6634687904448881 ], 
  [ 14405123348723735851522836331 ], 
  [ 7526407639, 371355491083, 2944419345462983, 38032856134171714240613633 ], 
  [ 65303068183 ], [ 14789648213788141 ],, 
  [ 1082319547, 37192708800490164290606551 ],, 
  [ 1975257453343985733594041351971177 ], 
  [ 973107668933263, 33268952816271227053, 1593090889922095532314919 ],,, 
  [ 2958047062631815950889 ], [ 2609508826543 ], 
  [ 255655142565212191, 428820786642261650579 ], [ 7697700044971 ], 
  [ 39082885441 ], [ 195518284656544693 ], [ 5488229609689 ], 
  [ 5480054013865724173 ], [ 314628751285316701 ], 
  [ 9316647233, 1857009027814075108562317 ], 
  [ 75398539449403, 4640007277199653, 63463592098293092146729 ], 
  [ 680397382615043 ], [ 20089966489134210062993 ], 
  [ 1129923816028412992441, 48923007270853134368881, 
      2897640281007272721743131, 3223338041577883492575821251 ],, 
  [ 181710664357 ], [ 105649386966001, 3192666756337407495795612409 ],, 
  [ 4429089400606660253713970196337577580428399762191 ],, 
  [ 1906414888002241, 95358508702236914840555130997952635270481 ], 
  [ 147434356661, 3166446896695781 ], 
  [ 1303682531256578947, 71839583415263925110290796858420770117 ],, 
  [ 1609762045741 ], [ 25346405510011, 152078552441816950956222943617619 ], 
  [ 1104711871, 134540265439, 2903513375086105589, 
      41431313893570093475989260168787, 
      35229619063649287665683189194223845553 ], 
  [ 1150441538527, 45456187238709407917 ], [ 43501604052595417100822641 ], 
  [ 824238627323 ], [ 13906319939 ],, [ 769179517454476581841 ], 
  [ 3741983501 ], [ 31229226750115690795801, 28943236138860474802499521 ],, 
  [ 11250595676397899137, 216707431620865178186967180161 ],,,, 
  [ 519275516764835004896267762308322807332388139175681 ], 
  [ 37265822483, 128796614375731 ],,,,, [ 545419560952205791 ],, 
  [ 116685358806505362296833640620238108794734687111241 ], 
  [ 1196628931, 9198994493657317891 ],,, 
  [ 57847102548569713, 136153162213527313, 59566592943016095272620177 ], 
  [ 37848350734531 ], 
  [ 21711270679834013561490262849, 51316738264151680765203351977 ], 
  [ 993059603677 ], [ 784973831179109960437756337 ],, 
  [ 2248823678101699084201 ],, 
  [ 19977653057, 2114931346044579779369, 1861651520064418183585567969 ],, 
  [ 622071095795073908878383721 ], [ 29880427339901 ], 
  [ 389861916318718745929 ],, [ 29445300027833 ],,,, 
  [ 81339171932951376008796397 ],,, [ 3230993739334681 ], [ 2994216559886207 ]
   ,, [ 8103114684724809481201 ],,,, [ 24866471033, 955457841229 ],, 
  [ 46964303501166369246001 ], [ 2086499017051 ], 
  [ 577256090753, 246507879156706510981676897, 5337477791830860475029020033 ],
  ,,, [ 1220602681, 8234703242582041, 294280842989705655949187261182206121 ],
  , [ 3197034023, 27097171464637 ], [ 1957800979 ], [ 359859757851361 ],, 
  [ 2242723114470763879 ],, [ 13499143729, 48386307301 ],, [ 210069455045161 ]
   ,, [ 1038554102825971137385537 ],, [ 54184424084939 ],,,,,, 
  [ 294549660602401 ],,,,,,,, 
  [ 1148886487633, 759594297130670598767249, 172667518146493886136514494641 ],
  , 
  [ 165842302081, 2259493246541325481, 13845219070965652294985835338316242911 
     ],,,,,, [ 2680560460140677153569 ],, [ 1106785679323 ],, 
  [ 277272407500504021 ],, [ 58499550559, 631697225228107 ],, 
  [ 216335786961940121953 ],,,,,,,, [ 446622702593 ],,,,,, 
  [ 299635370656834001114907961 ],, [ 1580598241, 94428971138881 ],,,, 
  [ 226220085524933 ],,,,,,,, [ 5047301449 ],,, [ 154297865851 ],,, 
  [ 4719268700463157 ],,,,,, [ 32913183601 ],, [ 1910186803337 ],,,, 
  [ 28961661241, 745310104259827307121001 ],, [ 1441530641 ],,,, 
  [ 49572057781, 17682316728205799711199721 ],,,,,,,,,,,, 
  [ 20782172898563562518270316193 ],,,,,,,,,,,, 
  [ 1169291401, 78467986801, 8581810779384921000287557653900225901, 
      332802712122179208605223323264690753591368801 ],,,,,,,, 
  [ 4386211369, 334872064667449 ],, [ 940422398401 ],, [ 2936877841 ],,,,,,,,,
  ,,,,,,,,, [ 351571958164351 ],,,,,, [ 4208591412421873 ],,,,,, 
  [ 3482624535877, 91002549253258009 ],,,,,,,,,,,,,,,,,,,,,,,,,,,,,, 
  [ 1373264041, 239281942789 ],,,,,,,,,,,,,,,,,,,,,,,, [ 101944579969 ],,,,,,,
  ,,,,, [ 4297345681 ],,,,,,,,,,,, [ 1768928722681, 14214528750241 ],,,,,,,,,,
  ,,,,,,,,,,,,,,,,,,,, [ 8993131201 ],,,,,,,,,,,, [ 5256815343976813 ] ];
