BRENTFACTORS[278]:=[ ,,,,,,,,,,,,,,,,,, [ 817756981889, 655256410902193 ],,,, 
  [ 2536225502224698564007759 ],,,,, [ 4939721249 ], 
  [ 712460822178777137311294021231 ],,, [ 889614635280929 ],,, 
  [ 204207077131, 2023448690831 ],, 
  [ 850308639414633709, 15634665108226892131312731727 ], 
  [ 10171751472360047809 ], [ 62119367077, 69364119256303 ], [ 1737419161 ], 
  [ 65479120633623383 ],, 
  [ 234355864153929197, 3851257762809945662500089508417 ], 
  [ 359232299691536041 ], [ 18211716175591 ], [ 6157484239 ],,, 
  [ 35748375517, 3321700401348841, 63380166330439717123, 
      34864945768586687361637 ], [ 1527907619551 ], [ 23736143095801640113 ],
  , [ 1710815573028250109683050293 ], [ 1132787269, 767548374440923 ], 
  [ 874336862287364081, 51799718434767259180469106153715480861 ],, 
  [ 177172700933539, 287734518364715889774325633933 ], 
  [ 3015615809, 66605597809 ], 
  [ 38036748469, 351619043799323, 1025897738820805670743531 ],,, 
  [ 34382218421, 11251775172083 ], [ 4738729940548507, 6067366925008159 ], 
  [ 50690586433 ], 
  [ 46321575431, 96636336916601, 8143522771291364831791, 155783810304104759989\
7611282031 ], [ 13573781097361 ], 
  [ 1805524360714132722170033, 200532856450553242724981333 ], 
  [ 9958405539147891091164908189 ], [ 223987254031153 ], 
  [ 11712828961, 72708034338413251471 ], [ 12880946258088751769813 ], 
  [ 97172051928841, 14126063978797993 ], [ 5038813060559 ],, 
  [ 4085171708884917403481851 ],, 
  [ 49849624198054297, 261553580554062413914759001 ], 
  [ 620687296575529, 385463280428825602771 ], [ 79711313147153 ], 
  [ 2252713121, 80100413444106491402081 ], 
  [ 412005809720917, 1994148019546522166934578034163 ], 
  [ 53205144598880818595875153875087724617883 ], 
  [ 1238769181037, 81313791856446403, 2359564820743775147 ],, 
  [ 346737106554713835775651 ], 
  [ 6025127546783, 1500829502955345621164335408019 ],, 
  [ 14188359640019673263528755206583528793 ], [ 6250000259 ], 
  [ 186378356881 ], [ 2754998106419026357080283 ], [ 403400887075679569 ],, 
  [ 82444540806449718049940386593887879 ],, 
  [ 1069003816033, 11932106857329147169, 4629787980434321269441 ],, 
  [ 620339411903, 845562037902149, 32148537405072345251, 
      2199402663069724560052753 ], [ 1871758351, 6361822567 ], 
  [ 5930065007932301, 527160045513070004993246956069141801 ], 
  [ 80328322724567, 292703605255533038233 ], [ 22039701966011503 ], 
  [ 177266541553, 189081465553, 1157343882615049624701556661 ], 
  [ 58968324539635415633, 532335120465249687588208528741959073 ], 
  [ 591232964819970259516980468792091035223229581 ], 
  [ 211816431851, 1025327950877585952281129, 
      11371000876548822247910471639219754755056963 ],,,, 
  [ 56596910932304421618933221445565938041 ], 
  [ 17038441408207, 20192187572448247, 1565432509857510457, 
      53777498487022830299587 ], 
  [ 19400491346881, 194982744935777, 213836981924348083729 ],, 
  [ 56095959934291 ],,, 
  [ 2013172669, 2370475971163, 5602208728429, 953071856198359765687 ], 
  [ 21274628281, 62621650506983, 129155832217353076857149171, 
      66412415999848709960236332142713482173 ],, 
  [ 906381241030081, 192439147501304676514081 ], 
  [ 2726467807801, 26338908751491965311 ], 
  [ 5935937776256935151899451, 27737150531870212890552681349, 
      4668519547529318216494866812373768394811407 ],, 
  [ 518280067188906490203968513 ],, [ 915175884547, 6089079765007 ], 
  [ 1152385301 ],, 
  [ 3790828325567431, 9290655346236151, 10237919492274953417941 ], 
  [ 435359410637794854403915193436592106104840396091 ],, 
  [ 223627778330140812790933 ],,, [ 2988905343301 ],,, 
  [ 179104281871, 16327561430479244047 ], [ 562197388187943553 ], 
  [ 8291457272281, 5784005368712958111472301, 921217531808040693862076281 ], 
  [ 11490913682803 ], [ 3715764979 ],, 
  [ 458577631743841, 7083328749224903806321, 3389280995657665695404089729 ],, 
  [ 20170035092745151, 450386919265338487 ], [ 33438638797322598841 ], 
  [ 681574722108726557, 105904424535222803418619337, 
      229730019536305163825180469541 ],, 
  [ 66271491061481529109624582829553070129048501 ],,, [ 46358761321 ], 
  [ 142936227329359857163, 2277782507829329958997 ],, 
  [ 2975819204591134549362469 ],, [ 6058183524749627 ],, [ 8803518693121 ],,,
  , [ 2100929941435141, 79257695292361409, 4963244028801850946437 ], 
  [ 12240947071, 2271599088080851 ], [ 91172079571 ],, 
  [ 177000687984615097, 3865787660269929577 ],, [ 597085315975694531 ],, 
  [ 11084446949, 72334151616956520572737 ],, 
  [ 1964212048326789581262451, 6146187213561977737750504306788829 ],, 
  [ 125499221575201 ], [ 66042316575511 ],,, [ 295583243041, 47677356850141 ],
  ,,, [ 147387600441826081, 764159026901558809513409 ],, 
  [ 3096209959903, 82495927617919423997584849879 ],, 
  [ 5624342609, 23989615214036770721 ],, 
  [ 7271125201, 3001820859641, 42192117853441, 2398086082673621173108871 ],, 
  [ 1613462962090561, 11080743861665564970215544141121 ],,,,,, 
  [ 3472197103, 843782769523, 75523339208593 ],,,,,, 
  [ 23132538935560924710743258269 ],,,, [ 6473073361, 37079453009 ],, 
  [ 175180388569992551131 ],, [ 8975168401, 9188642861 ],,,,,,,, 
  [ 11922883501 ],, [ 826068429343, 5183041343116792743109 ],,, 
  [ 10421966530093051 ], [ 423200409133 ],, [ 177432160837861 ],, 
  [ 9937394745562891 ], [ 20274149134933 ],,, 
  [ 2170256167, 1059751292510351762979841, 4878504490131021396411708443839 ],,
  ,,,, [ 3974310410009761, 817583013979607761 ],, [ 44206690793 ],, 
  [ 1424463461, 18159252017 ],,,, [ 951883146017 ],, [ 450501057001 ],, 
  [ 54932773141 ],, [ 6955055687 ],,,, [ 1065951767510504628961 ],, 
  [ 23378473561, 42473624902332222041 ],,,,,,,,,, 
  [ 3860657992374233205241, 34370553292996675182301 ],,,,,, 
  [ 11881789828162667235812233 ],, [ 3524172894698041 ],,,,,,,, 
  [ 1404565163 ],, [ 399118059052417 ],,,,,,,,,,,,,,,,,,,, 
  [ 6763320820528129397, 66178276175942288821 ],, [ 12841061801 ],,,,,,,, 
  [ 166035272047 ],,,,,, [ 3422304883009 ],,,,,, [ 9845198551 ],,,,,,,,,,,,,,,
  ,,, [ 4614236401, 1015593425231178061 ],, [ 409600153201, 109088730899051 ],
  ,,,,,,,,, [ 83661473881, 25856386214494681, 6393406238782579441 ],,,,,,,,,,,
  , [ 43631301913, 98608021273, 783769220233, 26433348378037 ],,,,,, 
  [ 19973584742998167774739 ],,,,,,,,,,,, [ 41280634497961 ],,,,,,,,,,,,,,,,,
  , [ 485986264670113 ],,,,,,,,,,,,,,,,,,,,,,,,,,,,,,,,,,,,,,,,,, 
  [ 40272261071851 ] ];
