BRENTFACTORS[865]:=[ ,,,,,,,,,,,, [ 2911154923, 83444692787 ],,,,,, 
  [ 59183388240287300189 ],,,, [ 1061455838873 ], [ 1703788249 ], 
  [ 1812563932446898499801 ], [ 425545577802229 ], [ 6720528603722106961 ], 
  [ 608940655289 ], [ 558743632025132599634720394907619 ],, 
  [ 259501489987, 47541110200170997 ],, [ 270330430545932739721724899 ], 
  [ 5232837083, 7384939673 ],, [ 6264915665742577 ], [ 538323303317 ], 
  [ 1640476134295247 ], [ 76343768539295479 ], [ 1123513898304521 ], 
  [ 10276901413, 25401215687 ], [ 330914370151 ], [ 17186503309897399 ],, 
  [ 1518050797079221, 12014089064742151 ], [ 80909393543627758247 ], 
  [ 19402531259 ], [ 462515963482934966497 ], 
  [ 2143680052207, 10521208479209, 78888138768399389185268089253903431 ], 
  [ 45918683584901, 47909254449290491601 ],, 
  [ 1470738810416068441, 2443347154175596657 ],, [ 16259630809393 ],,, 
  [ 13132925378006511697 ], 
  [ 2128520623738304586641957, 764458837020344019475801931 ], 
  [ 870404559469, 1499336076685843863517 ], [ 1655643508844761 ], 
  [ 530998592065714724924269673 ], [ 1261899326719068662466661 ], 
  [ 523299816271, 16862973012436699 ], [ 463202118209, 54080526315521 ], 
  [ 70585301840462371 ],, [ 2268505699 ],, [ 6452225743 ], 
  [ 95289638865139141979528491 ], [ 132448146209, 12080528344937519434423 ], 
  [ 6402000196830772182726219889 ],, 
  [ 3488463728835703426909781002244947665111394318753 ], 
  [ 488280254665051, 1623937841937185216494444964473097952647687816401 ], 
  [ 66160967974155278630993, 14056788115175303925991094777 ],, 
  [ 494445638672092536703 ], [ 2854266244183, 65462498186992402075634148533 ],
  [ 65431824064760081, 2091196056103288481 ], 
  [ 541100931778783, 72981180968731450658347933, 
      570574771920385659450273312523921717 ], 
  [ 377813982053, 24971245832240326696049235371 ], 
  [ 1266072135965000622625836397734347 ], 
  [ 22108635111781, 363291410321985947846857 ], [ 1257426931 ], 
  [ 30372229991, 683576826830301479833339 ], 
  [ 1201197237601, 52154449779149358969957151 ],, 
  [ 10423770609117589169, 168314870078584895334946463 ], [ 92656535688271 ], 
  [ 22367303361439443317 ], 
  [ 25723778681, 56439041021832570855819045561631382708149 ], 
  [ 8596138772101 ], [ 1846848780019, 830861968754311972921 ],,, 
  [ 12435926323 ], 
  [ 172508237054521789, 1515662655648683140229, 5070212674462826337511, 
      19280424380403161466810506657 ],,, 
  [ 645156628189, 57752948550541316791 ], [ 208168624639 ],, 
  [ 179032984787205031913 ], [ 485581147135489434880620685801217851 ], 
  [ 256606944593, 110220923336318731, 42961383257883731441, 
      9966724436126475214051850800112873503 ], [ 14841244114783 ], 
  [ 473605625424263954553606994827975613 ],, [ 9216636661 ],, 
  [ 3193679081777378044817, 6631452569491912858753, 
      30181612630466487404730203170299576041857 ],, 
  [ 325248747661, 403538132495836561, 7249737532764726748749994771 ], 
  [ 435437229373826089373883671 ], [ 10543999521026729 ], 
  [ 66076728121, 2005616807533 ], 
  [ 44485987889071, 30234947763566826131041501978871 ],,, [ 70159319891 ], 
  [ 13122698855141, 1450883179220460542905249859 ],, 
  [ 214758003430978616929 ], 
  [ 3821320501, 423333534053881751, 39434575570592179751 ], [ 81981745076197 ]
   ,, [ 315555555733591904513435541761 ],, 
  [ 213853986251510364683177893396291, 267285790462426436491271912799646721 ],
  , [ 18735131511236053, 14394505374191535090245475450493 ],,,, 
  [ 130349171713 ],, [ 2715022578457725166181371756056091 ],, 
  [ 28499072526659432270788279904270446133761684021 ],, 
  [ 472137292421, 125430892117831975657 ],, 
  [ 2235818077257428286111964730846376876539809 ],, 
  [ 327615761588246865301511 ],, [ 38073440893 ],,,, 
  [ 1529990564041, 1733651027026889 ], [ 2840436834219253 ], 
  [ 7198761538955189897 ],, [ 6853563575428909, 1197885347187636389881 ],,,, 
  [ 7842834322194712138830241 ],, [ 406828522280721075201883 ],, 
  [ 13970085936584978377 ], [ 13809227191, 1993370334836761 ], [ 1198549549 ],
  , [ 252513046747488871234987563601 ],, 
  [ 1894367634016237358609431, 2203705704675954295828545662171 ], 
  [ 3099272401, 304443403733559696103 ], [ 137538279240465363157 ],, 
  [ 29762434607637439, 31625862295432879 ],,,,,,,, 
  [ 3545353530451275351452803069 ],,,, 
  [ 128853539598067, 43535115463857921487816720687 ],,,, 
  [ 13704312672579253121 ],, [ 1927849921, 1259216199005761 ],,,, 
  [ 1156457233 ],, [ 54655010587 ],,,, [ 2095366316365939 ],, 
  [ 248712787760770485541 ],,,, [ 135607776001153, 5377865197131649 ],, 
  [ 3791635778574717781, 109295069737902443146291 ],,,,,, 
  [ 112887424178769817 ],, [ 1024685021, 25299507349 ], [ 940085087006017 ], 
  [ 216249300006238621 ],, [ 3075321858409, 82844861832379, 2127401197423627 ]
   ,, [ 28227735850273, 52101588717756481 ],,,,,, [ 10244083201228841035241 ],
  [ 374214580038223, 582066776935183 ], [ 186906095537177 ],, 
  [ 5746154465101579777 ],,,,,, [ 5810495521 ],,,, [ 9620452493317 ],,,, 
  [ 1745188619233 ],,,,,, [ 390794831821 ], [ 1456538071, 649471487609319631 ]
   ,,, [ 3718439191, 317845227746383 ],,,,,,,,,,,,,,,,,, 
  [ 73229655841, 447942002233345849 ],,,,,, [ 13086592111 ],,,, 
  [ 1655897387 ],,,,,, 
  [ 523665878524039861, 1627233437113489379921, 10866392088958049866513 ],, 
  [ 4610149024531 ],,,,,,,,,,,,,,,,,,,,,,,,,,,,,,,,,,,, 
  [ 8668997041, 140429067901, 6229628246671831, 10605782770219171261 ],,,,,,,,
  ,, [ 25036161461 ],, [ 14711679253 ],,,,,, [ 20908586407363261 ],, 
  [ 272270749451, 4263313108325738251 ],,,, [ 1508191513 ],,,,,,,,,,,, 
  [ 89205258691, 4254670995584041 ],,,,,, [ 386772456488881 ],,,,,, 
  [ 6124618333 ],,,,,,,,,,,,,,,,,,,,,,,,,,,,,,,,,,,,,,,,,, 
  [ 5812499688323161 ],,,,,,,,,,,,,,,,,, [ 4172822497 ],,,,,,,,,,,, 
  [ 1630274309498701 ],,,,,,,,,,,, [ 3154212601, 48031530931445628337 ] ];
