BRENTFACTORS[513]:=[ ,,,,,,,,,,,,,,,,,,,,,, [ 400206316813 ],, 
  [ 2314715666830300301 ], [ 590972946619927 ], [ 1021713103, 36245330179939 ]
   ,, [ 23469019603, 10052303340199, 6535745326799687 ],, 
  [ 87320291353, 98901695440329646887887 ], [ 2171391337171264993 ], 
  [ 751245580617710641 ], [ 103713872783 ], [ 19204997239121 ],, 
  [ 173191195732799150645122272281778883517138572879 ], [ 1595798879185811 ], 
  [ 701172098043338611, 26172305612975628523 ],, 
  [ 1291836715997391923, 273540372714120475494464347 ],, 
  [ 1825745171, 15061452449 ], [ 4979914524681167669929 ], 
  [ 4271540086306261 ],, [ 16791494571750059320432618878979 ], 
  [ 1404736167862147249 ], [ 12722218391 ],, 
  [ 6275284291, 36124400891611, 63911317209556127092807 ], 
  [ 162107108175108268537 ], 
  [ 625976125477, 419913260666359, 91975463102557087, 
      278018573246252254569027453547 ],, [ 54756261747092291 ], 
  [ 241829605485075721 ], 
  [ 27501781117, 121529920351171, 2525861623069904158557733 ], 
  [ 1021823527, 78859669259050541 ], 
  [ 73516261589, 118272534571, 10389858185521, 1500141281610894378299 ],,,,,, 
  [ 676407835485071, 81417456489939108142237692049779061 ], 
  [ 123368200331439045511 ], [ 1125300779 ], 
  [ 18494178893, 71734698656389853232173 ], 
  [ 6312377509, 22538846150431708824569505373 ], [ 40993853738346192601 ],, 
  [ 3116571193 ], [ 35893229845455929773 ], 
  [ 172795914143833733, 26122070658937801722475018846987 ], 
  [ 2009860935372062663251, 344454819941519801862983817943848151 ],, 
  [ 398585683343 ],, [ 549739710607, 121704659076417983120341 ], 
  [ 42001198361514091361 ], [ 644223625291 ], 
  [ 6615973447, 567303436627, 7597400649343 ], [ 95420383623223980019 ], 
  [ 1968206871949849757210288809 ], [ 34818338228840051911 ], 
  [ 16683541897895484499, 6140578607717393297306036906325033721 ], 
  [ 2438915552286523168098654529, 3856448036784470231513239189 ], 
  [ 1673669669092050433, 12239072419516341299198849 ], 
  [ 2919130446666059761, 294293300803365661771 ],, [ 342442147992634327457 ], 
  [ 218345080649 ], [ 10059743824757251 ],, [ 3829201291 ], 
  [ 156700031394966423361, 27294925725477867444907800998209 ], 
  [ 590772037861, 18696792701846923, 503426171902060049 ], 
  [ 5482784251130761700579777 ],, 
  [ 2666691424080001, 72496504599736902293201036501 ], [ 127030823527 ], 
  [ 3722513257, 9588878017, 35676997981, 320426691687601 ],, 
  [ 313708690777, 1120659198569, 29096030372877488281, 
      24681659601005446566246545533373772497 ], [ 5616152431 ], 
  [ 2381136137730248335937660417, 13447783478680449039983406098337847 ], 
  [ 3327231983, 14946407554157 ], 
  [ 734387381713, 63709563206053, 31610488928684581 ], [ 8915907122233 ], 
  [ 9468368981512541, 186819454338797927531385554552229528271 ], 
  [ 81195598459, 733923353233745252609163541 ], 
  [ 109418066546947347977297011014464602010284004551873697 ], 
  [ 852237274909228969 ], [ 3650052457, 4724084980526050749139102477 ], 
  [ 78107733611207240411 ], [ 1058587697, 439659265715412888661 ], 
  [ 29670556826899, 547792845199716123778045568439700711 ], 
  [ 5925465166675453241911 ], [ 2115178173700873 ], [ 14533359839255161 ],, 
  [ 2471639237, 140315132130945389464531 ],, [ 1901215265701 ],, 
  [ 203150361398504563, 343469245869111811063042387 ],, 
  [ 3296209274497, 2727256128091903292774657 ], 
  [ 1032005175997, 7869528696902401, 26171518800750092255251 ], 
  [ 300460271411 ],, 
  [ 6348037541869, 682873637597581, 2544896938546756471718569 ],, 
  [ 52573612261, 3098925758129212229 ], 
  [ 1192533031, 3384585271, 492009966991 ], 
  [ 40849957969, 3522362715806993, 104279666042406433, 
      90950364566571188373433, 9379445598929074152487146328776797138142713 ],
  , [ 17025516250614043027 ],, 
  [ 5663105561, 122740222151480565662087821, 177171323742356001609255326201356\
1 ],,,, [ 197974991089, 2313795469041038901499024321027729 ], 
  [ 2418381460320421 ], 
  [ 12493980077, 29093238546821, 766514319011995872802897859 ],,,, 
  [ 2122309400207851, 30624038822594101 ],, [ 41070632252201 ], 
  [ 1892614897 ], [ 1957180457 ],, [ 1222852021 ],, 
  [ 1351440677, 782429730991 ],,,,,, 
  [ 8443146528413, 2333878618453365210046036093133 ],, [ 6821435238107771 ],, 
  [ 18688112076196081, 224938689852152000950725229111884636793 ],, 
  [ 967804856984579585161951 ], [ 21244507328503 ],,, 
  [ 2630931520292143, 4642511361682759870891609, 
      949858746273461544826194298154431 ], 
  [ 9004850285551, 532262211895751, 4251580987537801, 13013547752743301 ], 
  [ 1236617713, 28522514593, 24453871999949934310913 ], [ 39163736509453 ],,, 
  [ 426570903361, 3352723352281 ],,,, [ 304730170992337 ],, 
  [ 448533412450979347233101839 ],, [ 1017604402937545373 ], 
  [ 3505149492334057 ], [ 244629765891305482718443981 ],,,, [ 35274748207 ], 
  [ 378990672228871 ], [ 338369900547544321, 1852700242947282022889281 ],, 
  [ 48826614178480051, 401740160061807027696784231 ],, 
  [ 22840844401, 7736333652001 ],, [ 1594152364520677639477 ],, 
  [ 4237410707139221241013 ],,,,,, 
  [ 5532528958111, 36613674280911509671, 21863390839574419141778308741 ],,,,,
  , [ 1115004529 ],, [ 8443462096963 ],,,, [ 4366733341 ],,,,,, 
  [ 4756351763109723254809, 137881228357120526146441 ],,,,,,,, 
  [ 99719288017, 2666818760332897 ],, [ 322574529023139632233 ],, 
  [ 1153322641, 3227552681320744081, 53961488938833359222135524507921 ],, 
  [ 81310957223 ],,,,,,,, [ 102414951084751, 2452256128489316139301501 ],,,, 
  [ 13384308176467 ],,,, [ 26886321643, 148991768256110888204419 ],, 
  [ 127832026661, 173898593441 ],,,, [ 53245395193, 530872144177 ],,,,,, 
  [ 585381972632671 ],, [ 317961769588225058033 ],,,,,,,, [ 14337474237521 ],
  , [ 40298881471 ],,,, [ 937295928713 ],, 
  [ 58177730881, 10556952487489, 39186089828750629441, 
      29453376451788265444650942242401 ],,,,,,,,,,,,,,,,,, [ 13060674357877 ],
  ,,,,, [ 1553327569, 30202960321, 86094186856081 ],,,,,, [ 168108083179 ],, 
  [ 25236743681 ],,,,,,,,,,,,,,,, [ 15935322252193, 78235634358659783713 ],,,
  , [ 569312417581 ],, [ 516658664701 ],,,,,,,,,,,,,,,,,,,,,,,, 
  [ 2514800137483 ],,,,,,,,,,,,,,,,,,,,,,,, [ 4789143947641 ],,,,,, 
  [ 12766077300241 ],,,,,,,,,,,, 
  [ 19691797273, 25047382167337, 1686626610530401 ],,,,,,,,,,,, 
  [ 1886716409594941 ] ];
