BRENTFACTORS[555]:=[ ,,,,,,,,,, [ 39742228901 ],, [ 207230353164433 ],,,,,,,,
  , [ 1296334784867 ], [ 35233168320092579, 11119672304229464369 ],, 
  [ 6287770224301, 786561117990451 ],,, [ 48465369982093 ],,, 
  [ 2580944309, 42432384874495391 ], [ 1642586273, 7895257217 ], 
  [ 10335072199, 9892512456742022449 ],,, [ 5661379783261, 7114771310221 ], 
  [ 5986795351609018664720316421 ], [ 5514472616367177943 ], 
  [ 4782115624807, 15724982698153 ], [ 21883755050921 ],,, 
  [ 41047530462428464529 ], [ 168368596587577 ], 
  [ 189133730216055439720110991 ], [ 57131945631365131 ], 
  [ 40359067099716829 ], [ 2473131669515400978673 ],, [ 6851215823553465151 ],
  [ 44656907158994471665907925369756637 ], 
  [ 35963758084129740974341497723329 ], 
  [ 4500791963587755303492676349632223409266481376792963204926949681 ], 
  [ 3555155503 ], [ 27009885387079618998675203488097521498682039701 ], 
  [ 14317108998013963228059953 ], [ 4578096361, 43454148413581 ],, 
  [ 14143694002913, 234795384317757416567, 56930508331204229635892021 ], 
  [ 701888718548221 ],, [ 570040761224959 ], [ 2023105393, 435543034501 ], 
  [ 3427661761, 811753608758058293109907503894721 ], 
  [ 745800995790253038871, 25260717208964647959121 ], [ 789051539917807 ],, 
  [ 9508280355008366053193677 ],, [ 5685119861, 587673060960513361 ],, 
  [ 537505906351274928277057 ], [ 8749890377, 2802426829261 ], 
  [ 2892074893471, 4814675709162301, 676637410156113709074593 ], 
  [ 3365588851 ],, [ 349087638870996531283121807807191 ],, [ 4326174301 ], 
  [ 7658422721, 3027072770492801 ], [ 18861742297 ], 
  [ 45357502488091, 6728204224362323323, 1937308317163312914954587 ], 
  [ 2184573774494911, 246495689716455467137 ], [ 3326728034752489120153 ], 
  [ 474899893155731, 872349130082921, 1700657101760411, 
      6601860450085355734739996401, 47971317011724163126217896675161851 ],, 
  [ 15344718008150887723, 1497309198879855743407 ], 
  [ 560334995547411481, 79358528299903694161, 10203361353324052264628165593 ],
  ,, [ 7092709746868288220497, 403531976902033933436807143 ],, 
  [ 46453313582483889693624763 ], 
  [ 63953885505108739873, 77067595140639249418815787, 
      2376493338696565634925241847 ], [ 228450559464867541 ], 
  [ 48553722901633, 3387061341105693558635329 ], [ 8596488037 ],, 
  [ 36811604621675071 ],,, [ 2518454767 ], 
  [ 1265605909, 3237486937, 48626051859888101, 1582559754051189026681 ], 
  [ 5479609895647490590151830121 ], 
  [ 1384406941, 5141288603523988021, 11191849636341695154095824170360722251 ],
  ,,,, [ 4606733891, 92644709942860431488228288408129705811048145601 ], 
  [ 254532551107, 16337418818691891803815064404627 ], 
  [ 244090648477649, 1536769632420961, 107107786371090961, 
      1165617448809066080353 ],, [ 55398578774637265441 ], 
  [ 6253235861, 20885072704591 ], 
  [ 15481833212018954999573, 5978908640572889757400375829, 
      3142141433808467398711580745037 ], 
  [ 395607203083, 45486766435618171, 4445874114426849709677152809 ], 
  [ 330128529673, 9215647607989822450567, 22384107184964579492989 ], 
  [ 1274930955929 ], [ 6210200401 ],, [ 9413749228662731 ], 
  [ 2792476347469453 ],, [ 2015441579676751, 21677442347800751 ], 
  [ 254234032759166671, 157215555319802203603 ], 
  [ 243317385349, 97837238976643 ], [ 5245502849, 17423232396646273 ], 
  [ 674745282270960781 ], [ 134963481873245324274701130991 ],, 
  [ 37705048281781 ],,, [ 2412877915872205741 ], [ 3266557957216652394292793 ]
   ,, [ 9550491963967 ],, [ 95784685515904433080087453701530189621 ], 
  [ 15934872997753, 13105798135881798301, 535261392511616026759 ], 
  [ 10032920257, 2954525283021846966479, 3081172227617363690518502866713503 ],
  , [ 342688200262150092135326436277574296895212900736113 ], [ 22461073331 ],
  , [ 55207635463 ],,, [ 16522561501, 1307177107682078046030301 ],, 
  [ 892587248561 ],, [ 42057231833 ], [ 20813527052881 ], 
  [ 885543666296969867674693417463101964026897875903169 ],,, 
  [ 4301864251, 2334474176317 ], [ 952192117538058137761 ],, 
  [ 133908815379006239707 ],, [ 375026573930029648093 ], 
  [ 22294902304621, 85505488698961, 655759894068298801 ],,, 
  [ 100637088745683218077787757882529, 
      47564892444917960674333400384326017342226680553 ],,, 
  [ 165708449898787 ], [ 1535167143433131473 ],, 
  [ 143392646276172097836657841 ],, [ 113124297984300241 ],, 
  [ 7635000839989, 323506743649127809 ],, 
  [ 1370593048141, 6138666822149101, 916516625317196424231241, 
      240506711708448992632850436481 ],, 
  [ 90840461531, 160723374631, 19716635182021961 ], [ 85138969665103 ], 
  [ 65132413562897, 32392422550217271463921721 ],, 
  [ 4678086298660904197, 63031252471734948734506879 ],,,, 
  [ 426192770415148992641 ],,,,,, [ 2709027329, 123478568337594006022081 ],, 
  [ 155222457107570508876779989 ],,,, [ 132014773069284961434979613 ],, 
  [ 53091556607945126287274310252198913 ],,,, [ 46663027959175057 ],, 
  [ 1271148574115369075473162411 ],,,,,, [ 14773376404513, 64678706374139497 ]
   ,, [ 2985805427933 ],, [ 4351772285741, 7192100316262621 ],, 
  [ 23528424691, 366417994099789 ],,,,,, [ 8407974697, 19367294705315685937 ],
  ,, [ 8877070819, 148741368931 ], [ 84361561441 ],,,, [ 1072719267973 ],, 
  [ 39028268024579 ],,,,,,,, 
  [ 20895281392407967, 9435413684840912227, 479826032864646302647, 
      445989812891398173786019, 481994189812541958037303 ],, [ 361124366969 ],
  , [ 310591749248251 ],,,,, [ 132552597031, 207991107541621 ], 
  [ 99188064257 ],,,, [ 759608032310401 ],,,,,, [ 5961363773 ],,,, 
  [ 7533522721 ],,,,,, [ 8611949802853, 1718020412559133 ],,,, 
  [ 976237570001, 18250141799106987841, 126014646520222375615664441 ],,,,,, 
  [ 16408750073 ],, [ 6825890026128144923137, 568157199514315375100527297 ],, 
  [ 1663995085412411 ],,,,,,,,,,,,,,,, [ 1422488737 ],, [ 4828345061849 ],,,, 
  [ 22181743897 ],,,,,,,, [ 96700602241 ],,,,,,,,,, [ 669704365825212961 ],,,,
  ,, [ 5617368961, 3931662024537410353 ],,,,,, [ 19463729538104317 ],,,,,, 
  [ 10165081393 ],, [ 83148609251 ],,,,,,,,,, [ 368520413178601 ],,,,,,,,,,,, 
  [ 2954566720033 ],,,,,, [ 1101524226013 ],,,,,, [ 1080564481 ],,,,,, 
  [ 3424700761 ],,,,,,,,,,,,,,,,,,,,,,,,,,,,,, [ 111136046701 ],,,,,,,,,,,,,,,
  ,,,,,,,,,,,,,,, [ 1225743307916401 ],,,,,,,,,,,,,,,,,,,,,,,,,,,,,,,,,,,,,,,,
  ,,,,,,,,,,,,,,,,,,,,,,,,,,,,,,,,,,,,,,,,,,,,,,,,,,,,,,,,,,,,,,,,,,,,,,,,,,,,
  ,,,,,,,,,,,,,,,,,,,,,,,,,,,,,,,,,,,,,,,,,,,,,,,,,,,,,,,,,,,,,,,,,,,,,,,,,,,,
  ,,,,,,,,,,,,,,,,,,,,,,,,,,,,,,,,,,,,,,,,,,,,,,,,,,,,,,,,,,,,,,,,,,,,,,,,,,,,
  ,,,,,,,,,,,,,,,,,,,, [ 4662779868026551 ] ];
