BRENTFACTORS[692]:=[ ,,,,,,,,,,,, [ 306525184499 ],,,, 
  [ 258045129047, 15670169168518561 ],,,,,, [ 109489300199317 ],,,,, 
  [ 12402811373 ], [ 675114014183730140261141389914468736501 ],, 
  [ 127008964037, 1069035914526460770127968571 ], [ 8214423521, 8398600481 ], 
  [ 17319671277291642667 ],, [ 113447753640532361, 103920630183716308027451 ],
  ,, [ 7382330004143240743 ], [ 4498800783883874942430997 ], 
  [ 2865112034641, 640472726932121 ],, [ 363865514858623 ],,, 
  [ 155111011201, 1665229363946620921 ], [ 116501341883, 93661331236241 ], 
  [ 28817470021, 57398661023281785967927, 
      1414410917836445347996507867835044298963353 ], 
  [ 431491154881, 2287916809537 ],, [ 96197135615114722051 ], 
  [ 51101714142043, 528204871268860890790062259407667 ],, 
  [ 240945801813803, 3828829083318461 ],, 
  [ 109767372697291, 75056050452969352557360534976001 ], 
  [ 18588218579039524913 ],,, 
  [ 1145182682616133879, 417934256423567036799092741143 ], 
  [ 303341540910817261 ], [ 28608698835199814875799 ], [ 170307448957 ], 
  [ 296464417554974162491243 ], [ 11155406903233, 632704182349085566529 ], 
  [ 3005239511, 383972800603776465781181, 1212596975850987300473273401, 
      110897713608711064220256188318311304351 ], 
  [ 3863487513895483, 11443626300047107 ], 
  [ 1510372559, 13160144961151764851347 ],,, [ 3824121757786331 ],, 
  [ 75934473605904901321 ], [ 14599727020546285757, 136350729912382297757923 ]
    , [ 49451576881523, 137695893371368588296797 ], [ 421417852308704101 ], 
  [ 47929514279149, 26018073217787069 ], [ 599350748378537, 7907979172270717 ]
    , [ 4191712279, 6168558787, 129756352597 ], 
  [ 3120487935437, 3445226316909427331 ], 
  [ 7939098390331861928930975956241937748481 ], 
  [ 16547831864781499, 63731029529200828591 ], 
  [ 598023776880642426928744220931772381 ], [ 10862309495753 ],, 
  [ 10912303133441 ], [ 83036028984378831532611713929 ],, 
  [ 72942123839729, 1542431910426976614283358046433849 ],, 
  [ 38340377424091, 9274405246344884065284001 ],, 
  [ 495472754671167550519083099796061516590469 ], [ 32997127007265991 ], 
  [ 508375587403964447, 12086971136226243654198671, 
      555881782385859824534452554634662863839 ],, 
  [ 18124701670511713, 32769324912965569, 3041978285884158721 ], 
  [ 466656207781, 243104473286309 ], 
  [ 5828849293, 266420756603, 251517907954811, 
      8563943192361557761222651230077 ], 
  [ 75917377453701037960333, 53972557930963731289877461 ], 
  [ 55709495763199801, 265806642821031087911139572101 ],, 
  [ 712143222694778401 ], [ 291412233559 ], 
  [ 535002335304170770261673120806937347978735793536280809 ], 
  [ 22571135389794811 ], [ 7405540859, 5701570421201, 19444423725253519 ],, 
  [ 12554474534129701, 51799644293428707975460901877931873 ], 
  [ 122112477182750233 ], 
  [ 2200897806300382712524750427168321941814420905634171 ], [ 58080766207 ], 
  [ 1654531322655657857750189749089538817, 
      8481458960692718683495175254628893593790417, 
      1506423130706237118893083304545630702138988375482612887089 ], 
  [ 306083073422627 ], 
  [ 20701247461, 10329014722917696166656774177356132764801 ],, 
  [ 18425861168374615782613 ],,, 
  [ 5998519157, 508368658309, 5954607379169, 274688401912219 ], 
  [ 284109102525460561, 52698860020085615641 ],, 
  [ 57255256993547, 7070838029231247582463478680987 ], [ 13661706679 ], 
  [ 39463931906318758330052037709 ],, [ 15606997836319 ], [ 26139755189 ], 
  [ 191939488360380900498883201 ], [ 229879552805987854218228385642483 ],,,,, 
  [ 2841981480795044202551 ],, [ 17465955125953, 1799709739011283201 ],, 
  [ 33460104152198691738163, 37306880820430572694741, 
      2105181649570565829827833, 144189355861105319358761443 ],, 
  [ 484379993038869383716736298690327280107701 ], 
  [ 43861478056663948243, 1524014213393120422843, 5402077349608758322783 ], 
  [ 992999888564343739267667, 105502113325248586086019463, 
      15596498080700412866471746147455887, 
      353488782083105653109866412545130216717 ],, 
  [ 8625020255739361, 903314053221709415522067201946700802673 ], 
  [ 15305719762321 ],, [ 139254091368883 ], 
  [ 4354229776229, 2753737477401517283753, 50826597058751754647129 ],, 
  [ 1153805067446918851 ],, [ 2849923529431409 ],, 
  [ 102688515432750984693419 ], [ 32426193196651 ], 
  [ 171870693563802017149, 17589698531784343148240090572464909834213993493981 
     ],,,, [ 4596654595681 ],, [ 250537086127, 411597205381 ],, 
  [ 71599581419540123545157, 4436342987547886255083137413 ], 
  [ 4368709069329331 ],,, 
  [ 31269078665821753, 96818437933635617977, 1292513129296144970750929, 
      43441814299605327759224582967724332121 ],,,,,, 
  [ 1379843620340049102607, 51380474149971387887047, 
      67476681230958218031058232814439, 89227980338117116800345043252123 ],, 
  [ 19329979007153 ], [ 5091849259448119159 ], 
  [ 34685361419, 137576832504942613 ],, [ 94923747001, 8036527771081 ],,, 
  [ 41519677207 ], [ 253908589793, 2123246237033, 163767438024086503393 ],,,, 
  [ 230910296129, 983437837297434593 ],,,, 
  [ 171879351720779996347588978918657 ],, 
  [ 67686733497792391181, 121809942386675186233 ], [ 7902405421 ], 
  [ 58408615607189, 14016608088054297853054621 ],,,, 
  [ 2099930542719726336603001 ],,,, 
  [ 15610202401, 487845695960173075989637, 3713959686956432434238161 ],,,, 
  [ 11096764798518257, 36322215902298195628513 ],, 
  [ 136105571491, 908679326403438705151, 40003291540026067801070445983971 ],, 
  [ 909148865753 ],,,, [ 5057427747817 ],, [ 347812241448593417 ],, 
  [ 1996776367899941 ],, [ 2783118632797648516633128739 ],, [ 40879483457 ], 
  [ 12434947201, 57197996101 ], [ 194270594200159501 ],, [ 452156967433 ],,,, 
  [ 784393232504177 ],, [ 6262942420780579 ],, 
  [ 97930780854701, 43378902115630321 ],, 
  [ 1531130399, 114714025504413518958117208593743 ],, [ 29036005675681 ],, 
  [ 27151453643029 ],, [ 13161453209 ],,,, [ 6259260711492375313 ],,,,,,,,,, 
  [ 6580954706371156417, 45608148396243392784133759 ],, [ 82381108650361 ],,,,
  ,, [ 1069093374826891 ],,,, [ 1043466912361, 89501027482374606067771 ],,,,,
  , [ 887269722673, 195026254002825289537 ],,,, [ 2406335497141270500961 ],, 
  [ 25626360704201569531970167 ],,,, [ 90227102453489 ],, [ 623107282177 ],,,,
  ,,,,,,,,,,,,,, [ 37291296187, 1389852085707541 ],, [ 98793505703939201 ],,,
  , [ 125349112994041 ],,,,,, [ 171300873611478469 ],,,,,,,,,,,,,,,,,,,,,,,,,,
  ,,,,,, [ 18551958682508651 ],,,,,,,,,,,,,,,, [ 58972384279 ],,,,,, 
  [ 37359836240809 ],,,,,, [ 720393688787977 ],,,,,,,,,,,, 
  [ 4015224395911, 1858460929903505461 ],,,,,,,,,,,,,,,,,,,,,,,,,,,,,, 
  [ 5409524821 ] ];
