BRENTFACTORS[93]:=[ ,,,,,,,,,,,,,,,,,,,,,, [ 557943362562046151 ],, 
  [ 5173441151 ],, [ 2561148883 ],, [ 84405844756395221 ],, 
  [ 367658939372821 ],, [ 33579740503 ], [ 6540517836667733 ], 
  [ 5593585982426681 ],,, [ 111291190826568307 ],,, 
  [ 107101987992464967506569 ],, [ 1879704260102391881491 ], 
  [ 5474177355769 ], [ 41827329361 ],, 
  [ 70982406059317733590219683677138756939 ],, 
  [ 672538455107, 7759195902926287, 698573077158790219 ], [ 40540633439101 ], 
  [ 167366147794556355767539 ],, [ 39288830696483057447 ], [ 918772687243 ], 
  [ 4496823021951090417938876985791 ], [ 3352519774969, 86256359722121 ], 
  [ 139505470543581254075695671769299649 ], [ 1928654687, 510892439663 ],,,,, 
  [ 12358523204836453, 14595795562319668666621 ],, 
  [ 553880076269172874941140217649637091347501371 ], [ 100761087933060721 ], 
  [ 12128593261, 1818106214822988757380610686884077672953133637 ],, 
  [ 361596859389926653, 82370390299111547424079774831 ], 
  [ 40355946541, 45730332411331 ], 
  [ 571781609101421, 65418869630268150712100771219961113494457 ],, 
  [ 508916329903, 30755637033697, 
      56893991911245960534837462399054561065035043 ], 
  [ 6862688887, 2931488420269, 47914359330053, 559796876637611 ], 
  [ 8620201196467873648852521847051 ], [ 24737094141713 ], 
  [ 1210998251, 2588458259773, 205086764000273 ], [ 1105539642944959 ], 
  [ 151889771387, 1364494572040126351104018339285633442907660095921 ], 
  [ 7772744081, 741954541156230641 ],, [ 15757969478279713 ],,, 
  [ 99659624791, 95779200313896951236829087065831 ], [ 15081544843087 ],, 
  [ 1002137401 ],, [ 210725843311 ], 
  [ 98673144567089, 100468029945127707409, 199606628215974152447 ], 
  [ 991684562501186153 ], 
  [ 31606341649, 75829454502157073843509236480258134611 ], 
  [ 131555510083, 406770269125877342555921 ],, [ 6552818657254368097 ], 
  [ 753376543919, 837992719094626153, 728237582927923277488928267 ], 
  [ 43441841075906336309, 21684863309405160082051 ], 
  [ 17637300797804158757023, 3466732593888008254791613360081 ], 
  [ 38813748734329901 ], 
  [ 1309155739, 740742046267, 14334904166455289017543782761, 
      33907491659286752190346146263562034055473 ],, 
  [ 741498491647, 609319513325599435876758677, 
      1325264661124460510108074506860130769, 
      3254486776905866443090134356712343536406776736003766801441 ], 
  [ 14460991342261153, 186756142690451282833 ],, 
  [ 19192699869550253389095978550167828173 ], 
  [ 279242159176583839, 110663539011754924176864737164182490143731 ], 
  [ 14572782531778969 ], 
  [ 28422001250887, 6861191009297881, 6923940076610728268411, 
      182523546761478344632949980788780251291981 ], 
  [ 4845953312492821, 1188517198906024084351 ], 
  [ 370781370336697, 549518233583861594659 ],,, [ 23746070173813657 ], 
  [ 3346092347899318421 ], [ 78651674373893 ], 
  [ 53272527283, 1298517349649238800694523 ], 
  [ 1945374583246264671089182890061 ], [ 29049471991, 316161458621 ], 
  [ 9027070441, 14609691169081 ], [ 10521413431 ], [ 42911820793 ], 
  [ 736260347287, 104188819050469, 
      7502005678458629049364708232913764587837809247 ],, 
  [ 874435113404109251, 46934037304791437764374160501, 
      2937465781160480094558245380300387751 ], [ 87363038064583 ], 
  [ 144530319281177 ], 
  [ 261862052609, 3694978116380869889, 148324960671376917001170219902369341986\
433 ],, [ 11720654531, 3328203348843376121 ], [ 1135184747574580379 ], 
  [ 1193654599897, 32697366079984981, 68920478742822169 ], 
  [ 1507216890640147, 147275144036497849 ], 
  [ 1094381753, 1135059472325353611860335511 ], 
  [ 31106825024851, 326436910182155611, 24788193343121050122871, 
      13342552550175831323550154603741 ], 
  [ 4945719017, 165014257838849, 143685261257872793, 
      86597229607829579763950617024633 ],, [ 4867016983, 7234315108028112589 ]
   ,,,, 
  [ 19769433071135659777, 44726732058017538313849607, 187159889169520795280293\
9248474557 ],, [ 617775729553, 3013447152097 ],, 
  [ 28886879376070860047947461355411526420664754816599151585623008237 ], 
  [ 111927308922384615787 ], [ 1042835162441, 8348137196957501 ],, 
  [ 12771704017599703658551 ],, 
  [ 211286354740913, 502664409595769, 32379222942676260361 ], 
  [ 43199743036406083363 ], [ 27988797656359, 180605059196454509 ], 
  [ 1239470521 ], [ 1551832839600066541871497 ],, 
  [ 15564556312774246080368423 ],, 
  [ 23659637268894745655323681, 38612747626701467678442683887812072136788161 ]
   ,,,, 
  [ 10896451429, 2153008523466808978916749926631515872669108375891831232983931\
7297 ], [ 91214993785888466316360951585696244051 ], 
  [ 22878602972021, 66615542090436822705899, 
      3019299300948437662461756122728043178941540470861993 ],, 
  [ 159334231154754546109519975210369 ],, 
  [ 3286737286432895635977861666417721 ],, 
  [ 2377359749, 18761794057, 21316200026022909334528589473 ],, 
  [ 22371188414195387498291810854166289783087553 ],,,,,,,, 
  [ 21418914824284433, 3022737964354249051 ], [ 900799012773463477 ], 
  [ 296253339449, 933512597045924288938047340414361 ],, [ 21525837228109 ],, 
  [ 6616943129, 
      280610096400594175944490040184915542051502952309746178729953137459280772\
4043170173 ],, [ 129017510316973871, 164384834466178441 ],, 
  [ 76621956528193, 590846220898450411074960193 ],, 
  [ 54616654996793, 63940282440426599, 22692943268493425729300467, 
      155104509820563505100752888649897, 
      217461360738459455204442361356850533493 ], 
  [ 63676013760005975641, 24327540009074861472811 ], [ 270515325768353 ],, 
  [ 1046593170659606668874902551966945873371864086207782336319 ],, 
  [ 2345325554032633001807172712835497594895477201, 
      55609435616059435760607021382297010851026019166017201 ],, 
  [ 106262650708561, 
      446938975960772796040414101614856478605319186262368141729898249381 ],, 
  [ 27008474487114257186539297, 1884401480203958144274113077 ],, 
  [ 3888782717, 31392575164027813507, 55806090192130506549317, 
      3891020484736896331879240892089754190020401 ],, 
  [ 452267697595555891297, 
      980544871386666574026074445122994721990128474172034392399363454163713 ],
  ,,, [ 445433047072239469 ],, [ 246489510389, 2242020007024679040046639343 ],
  , [ 2959499807439402562577857, 2984577969720278527830649 ],,,, 
  [ 85599202312152101, 726815206305854284553559692848535676564281 ],, 
  [ 91875447031, 6487026660487, 
      89076417717967137859873130182239625614499314035710423531 ],, 
  [ 3406993658209 ],, 
  [ 3100078279595926317336029, 147906982180592361456089180959 ],, 
  [ 8432245753, 1660750157533, 6801519574741 ],, 
  [ 1195849027771, 617372127093530705697331 ], [ 1862077603, 2341600302889 ], 
  [ 34023329929137664289198245352796937121, 
      100725068459849508923796741500933238038269913, 
      396744490933691129038829894227556534741926149623677484576257 ],, 
  [ 42804330622188996060331256252937552625218471409 ],,,,,, [ 1963054321 ],, 
  [ 1880213641062406996193, 377363670763623835869422484190651, 
      17490743476146148877790481400119991338153 ],,,, 
  [ 17928866467, 40274264164526481679344782853574353119887709983 ],, 
  [ 29502894433 ],, [ 112528442501 ],,,, [ 69917313049, 70809731842282541 ],, 
  [ 12644116462507009, 
      71873939195675331969545435365419421094859607922111293780725273857 ],, 
  [ 309194030525258335475645377038108191297232783264770467 ],, 
  [ 2062413417549941 ],, [ 639859568525531801 ],,,,,,,, 
  [ 9906409044720323694271, 22687641458802916400302882291 ],,,,,,,,,, 
  [ 196379456999750641 ],,,,,, [ 15833895979903 ],,,, [ 14790555513271 ],,,, 
  [ 66946119661 ],,,,,, 
  [ 3494675101, 1189481796001, 15329763781601585059469621713077751753310887032\
816001 ],,,,,,,,,,,,,,,,,,,,,,,,,,,,,, 
  [ 28427761513802513274275590981, 2670563956544052957851910683766567867025614\
01 ],,,,,, [ 2449259569, 229904787368530654057436662177 ],,,, [ 22920735521 ],
  , [ 1308458331108559 ],,,,,,,, [ 36090993751 ],,,, [ 1631043894775741 ],,,,,
  , [ 34005728521 ],,,,,, [ 2337654454249 ],,,,,,,,,,,,,,,,,,,,,,,,,,,,,,,,,,,
  ,,,,,,, [ 10376379217, 12337631144569 ],,,,,,,,,,,, [ 1091115192301 ] ];
