BRENTFACTORS[876]:=[ ,,,,,,,,,,,,,,,,,, [ 1575640931, 403541920495338207679 ],
  ,,,,,,,,, [ 17311304426381413252778638053463158307 ],, [ 22537341413296279 ]
   ,, [ 108015977256273637 ], [ 1880474177, 1135497107475793 ], 
  [ 437907459657947651, 88969275756332313581 ], [ 63611290261 ], 
  [ 38924635497240849215912267587608158464489 ], [ 12309678163 ], 
  [ 906489355780865055967, 912257201969259103517743 ],, 
  [ 14079680581745962544460300179943274207847 ],,, [ 99967106273 ], 
  [ 897898160716201, 2187990396220629299491 ], [ 3189084622420561 ], 
  [ 10820911991, 864509032598028767 ], [ 27827011381489 ], 
  [ 284855273354673043386858462349903856153 ],, [ 103799113852438681 ],, 
  [ 47864924232989517718968010074853, 7470892072989875855959081418669749 ], 
  [ 3643481444563, 152525852309417074129 ], 
  [ 12589058681, 97566867368587871, 9099188658146868016781, 
      2024321050170152231549881721 ], [ 1944039049 ], 
  [ 13911319452913, 49338388500838310353, 156666933695839517565845317 ], 
  [ 7859356469, 7140631531933087 ], [ 18228044618825751418723621 ],,, 
  [ 29581936621, 23108727604264224006478021 ],, 
  [ 2131445784833, 235336349830847233, 4540137749751111303617 ], 
  [ 24010047205951, 18740337475853761, 39664104563361721, 
      1050760172106905584556998283009586620891 ], 
  [ 1417670893, 124871159750107 ], [ 285299535192714015371853589 ], 
  [ 388307070856089593633823992177996697216097 ], 
  [ 7812119961092487243906433, 8691491930963470290222821417923 ], 
  [ 241291540463191, 142484966041151161 ], [ 493928870009 ],, 
  [ 485359918039363223198509 ], [ 3859378564100611112221324269301847 ], 
  [ 574794663919051 ], [ 1985427820282880837, 15685863484997778509 ], 
  [ 2185414001, 12540808468189, 1662044691288226872089 ], 
  [ 1096816449587097246307 ],,, 
  [ 8546842909187533, 27591359511680803, 34564912588299325302487, 
      645519907204279824337039840255323038571852577 ], 
  [ 1714378902628996375417973 ], 
  [ 27792955207, 70311529108505507, 305053651165488527 ], 
  [ 80673528941604142657, 343317112006986692821 ], 
  [ 502267783372855001, 2758601557468676049551 ],, 
  [ 29700469552089625398925843 ], 
  [ 1374465633113, 40991787797262822697, 1058000024292158518880352749593361 ],
  [ 132933584243 ],, [ 258128904972216461 ], 
  [ 9134381369, 340054497458189, 382922655673981, 971874608918933, 
      14767840242810541, 202175304083567461 ], [ 24855439657, 2226082410187 ],
  [ 2487432980497, 82487319867030233431, 
      24255710279385351314067066061004210149099719473 ], 
  [ 4853733541, 80549221601911, 83201575144813011136664188721 ], 
  [ 26654270977, 120849141518881, 270304555437601 ],, 
  [ 9264883534637860606329540483467548225727393 ],, 
  [ 7112838101, 9614457440316229198178501 ], [ 215640238805278393 ], 
  [ 1938617407, 1003281769699129, 9467917842420287843613541 ],, 
  [ 41593512485505074080231403319240864554144997857 ], 
  [ 20920443913256393521, 259095019857556497686150731, 
      13935842565808634180887954749677074137063451 ],, [ 251249276989 ],, 
  [ 28496494571 ], 
  [ 48428841729511, 55125401432201, 662094156569641394608688751491 ], 
  [ 709428100070589007671690511 ],,, 
  [ 19579643119584682342777, 29157765813019458571000711744333 ], 
  [ 103307527031, 43079556592411 ],, [ 3662856658423 ], 
  [ 4469224159, 83019893030603133112478081 ], 
  [ 19133841620951, 163365207875690533693 ], 
  [ 1742264521, 52948277496743889709201, 1314726215988537680105161 ], 
  [ 11660284010519, 13295527049434384943 ], 
  [ 228694004563, 1053170505040014089, 489144580041421638364565573 ],, 
  [ 5361344477 ], [ 460264191316898439001 ], 
  [ 582991458211, 6232229944591186081603 ], [ 3953738871781 ],, 
  [ 1899811968499 ], 
  [ 66589547701, 88876501856191326811, 5293906640249355917231, 
      47755407757455474397334613211 ],,,, [ 8449222333 ], 
  [ 225584664931, 621250668536798277639577711 ], 
  [ 636372560953, 27422003350467467296937 ],, [ 35603961205006819 ],, 
  [ 2693831281, 678063688681, 4750093739581 ],, 
  [ 66034352884197799, 76576678434086670941374693232717 ],, 
  [ 31183125579572428237430326897 ],,,, 
  [ 3244346543489070929633, 39298152344741383728473825424589 ],, 
  [ 160582292875607400158401, 286423665276432853357801 ],, 
  [ 9816534908944309121, 17980361198361331625158241 ],, [ 13075386026421643 ],
  [ 703570501531 ], [ 699965671866117037809013 ],,, [ 217468560616471 ], 
  [ 25397983361, 106845234401 ],, 
  [ 9702775513, 8498601537841, 239828232818719, 90224131143525279067, 
      84130335500549221523891061351269623 ],, 
  [ 2612978873, 2775054661, 24851114341, 45990662189, 22756010887310919857 ],,
  ,, 
  [ 8442188989009750319750184283001914921, 29580735763042263325582752118540770\
538810040257 ],, [ 116860289561, 57599470555441, 3110861767033171 ], 
  [ 78777697249, 553098531457 ],, [ 9320228297 ], 
  [ 30492454087, 114679608019 ],,, [ 42114894667 ], [ 3908762305250477 ],,,, 
  [ 4249062091, 22720546577, 4744113075521, 272052924107398954886642683681 ],
  , [ 34681384993 ],, [ 1153008685584039155747144323 ],,, [ 2523282301 ],,,,, 
  [ 86230125503 ], [ 8582284231 ],,, 
  [ 112683459230529661, 23299088789292067819 ],,,, [ 7596054270504891811 ],, 
  [ 17346927830058526602822961 ],, [ 9344436157421 ],, 
  [ 10857475789150320443684273 ],, [ 1090760147098441, 407542170518197681 ],, 
  [ 1833803393 ],, [ 523124787323608507, 52530125101897205753 ],,,,,, 
  [ 1157747221181, 4329278585501 ],, [ 5820907452259 ],, 
  [ 619738845357804481 ],,,, [ 31328707582727770937812837 ],,, [ 3340318213 ],
  ,, [ 9531945918324032347 ],,,, [ 128239779681392391251 ],, 
  [ 75730200050527504081, 126264600876583598027041, 788413094977778461457521 ]
   ,, [ 231956308123 ],,,,,,,, [ 39475841703811058798841867001 ],, 
  [ 55151711497, 129385554913562473, 103441154042973794797 ],,,, 
  [ 17718283712257 ],,,,,,,, [ 832140865249, 1059932974128024626811769633 ],, 
  [ 57637884696938436911693 ],,,, 
  [ 306788569201, 38032872130544688181, 76070848192405723825866631981 ],,,,,,,
  ,,, [ 4971321881, 3393250517161 ],, 
  [ 21432848123566597, 7954264897357550899 ],,,, [ 5745245829181 ],, 
  [ 9453545123041, 131827464302113 ],,,,,,,,,,,, [ 31806828601 ],,,,,,,,,,,,,,
  ,,,,,, [ 499417084637586884161 ],,,, [ 30543598391869 ],,,,,,,,,,,, 
  [ 2536474766113, 32122048681521793 ],,,, [ 83248256081 ],,,,,,,,,, 
  [ 23101771351 ],,,, [ 4832328331, 37454976373 ],,,,,,,,,,,, 
  [ 501493833303709 ],,,,,,,,,,,, [ 57165386025434694967 ],,,,,,,,,,,,,,,,,, 
  [ 254951083840051019917 ],,,,,,,,,,,,,,,,,,,,,,,,,,,,,,,,,,,,,,,,,,,,,,,,,,,
  ,,, [ 198282019501 ],,,,,,,,,,,, [ 197452919203 ],,,,,,,,,,,,,,,,,, 
  [ 18026003872801, 529961186165070721 ],,,,,,,,,,,,,,,,,,,,,,,,,,,,,, 
  [ 348622380961, 19038621295921 ] ];
