BRENTFACTORS[3511]:=[ ,,,,,,,,,, [ 201181742497588249 ],,,,,, 
  [ 23698883242753 ],, [ 163773307517 ],,,, [ 11500118681622536944973 ],,,,,, 
  [ 21414083028357887277863589947015053317417346373, 
      41450611949128096626434706335032650365297104829 ],, 
  [ 72345980810673293, 10300192824914598323, 
      2086673049150026317061771880078392705974823507408779913885993 ],,,,,, 
  [ 7655318084267499169, 21500944617383432449822051 ],,,,,, 
  [ 110351937237229 ],,,, 
  [ 3606040672241590953313873, 17899160860644999141697335696793 ],,,,,, 
  [ 190319784002401, 273141375937751, 168179909171166319241879 ],,,,,, 
  [ 10380101557281593 ],, [ 11008356526962804901 ],,,,,,,,,,,, 
  [ 9125326028323233389 ],,,,,,,,,,,,,,,,,,,,,,,,,,,,,,,,,,,,,,,,,,,,,,,,,,,,,
  ,,,,,,,,,,,,,,,,,,,,,,,,,,,,,,, [ 6143432609 ],,,,,,,,,,,,,,,, 
  [ 2918509309 ] ];
