BRENTFACTORS[788]:=[ ,,,,,,,,,,,, [ 4027511333 ],, [ 12571206811 ],, 
  [ 1679519184437189 ],, [ 253628883667 ],,,, [ 432288822741484968345643 ],, 
  [ 172635148351 ],, [ 456978723679 ],, [ 6461463090924593 ],, 
  [ 1169789263493 ], [ 21548590529 ], [ 4764506011 ], [ 105460946429 ], 
  [ 5246986081, 7776614303998793743981 ],, [ 202872018198136372932083 ], 
  [ 77218758045818337985457 ],, [ 2874259003801 ], 
  [ 163735721969581, 1269611835204133 ], [ 20739664723471 ], 
  [ 32604116353, 8233022932916533846224980665919 ], [ 35292918480657678721 ], 
  [ 128499412681, 4881101335471, 1599793052709961 ], [ 11378051471 ], 
  [ 63037670194271 ],, [ 66827103169, 65205659812721, 759613836466997 ], 
  [ 205154512506310077047551 ], [ 206227327183 ], [ 2793887621180813 ], 
  [ 1391560800885879635120879432671913664832542401547290770183682203 ], 
  [ 19353449827, 25551791186743 ], 
  [ 23087760851, 78562075901, 11012693924380887686201, 
      958137767635904927371965846941 ],, [ 18808526309034211 ],, 
  [ 10701531181362803 ], [ 28142094457448472901 ],, 
  [ 4234728961, 257697822257 ],, [ 10808428097, 1433843014032577 ], 
  [ 18377899777384681, 224157978422846450830238619157311218937247764849181 ],
  , [ 14163195656306693, 518566526995418121431447, 51188595221594845482930437 
     ],, [ 60406008092317333573957, 10716156867007371674191147 ], 
  [ 1163856319286646611291 ],, [ 16453063657 ], [ 4243622861 ], 
  [ 434137773156068669584354192342426330531 ], 
  [ 9273117001, 751491574613179926592063622026098266123610742771051 ], 
  [ 2582548024723097, 15154540277137052132555881 ], 
  [ 233104290036543874888607614871 ],, [ 461147299317220787 ], 
  [ 6405645761, 16301233981885201 ], 
  [ 1589050504692514081, 179924394532353351373 ], 
  [ 3107546130928801873, 657185019471373080558558765893 ], 
  [ 12061085279892533191 ], [ 1871123101 ], 
  [ 139908528884786817433261, 110539110028421169186740681 ],,,, 
  [ 11540607664428281, 13208765076587671402496147 ], 
  [ 1472407861223813351461209953371 ], 
  [ 176347375291182658291, 796867594167156761059290534601 ], 
  [ 22870510024507349868493 ], [ 26337569938863210233697916819 ], 
  [ 6610535320209983900355795994498369 ], [ 3109007275945171538716921 ],, 
  [ 4144154281, 14113040803 ], [ 4358800097, 649593187279 ], 
  [ 10036652652763507 ], 
  [ 1499913160012801, 95282945441992573942301, 4469126626923876026895693701 ],
  [ 57288735403, 13741798345074882253 ], 
  [ 21070153771, 6858541379771839, 22056347695521590369851447 ],, 
  [ 1534219632401, 158910646256152409462377, 
      871958921618926411071909271795764961673 ], 
  [ 116115306339435197169701726408257575284790511 ],, [ 14807626853 ],,, 
  [ 32398838747426141, 784742160363728893481, 248905722289202295737790151 ], 
  [ 2020746872382640090365769, 3408182156580876607207423, 
      120664761855813083264576749 ], 
  [ 1144181249, 166788949489, 3163374516290801, 6805884109305232337 ],, 
  [ 34128532489, 1521909972888379, 28636443002942638972900975440991 ], 
  [ 2529466252057254963316581881 ],, [ 9086094907389714528897612832136881 ],,
  , [ 721316716226035921 ], [ 334613023691 ], [ 13593361703788484599 ],,, 
  [ 6003391264751 ], [ 600653304370912705098921473083061394602233 ], 
  [ 771872665549 ], [ 359046806112257, 1736120195034497 ], 
  [ 852846802499469860119 ], [ 12104245849017947627398613101 ],, 
  [ 311284428756709, 37718883588272493778785373 ],, 
  [ 1730342526126297426593312353217 ],, 
  [ 128263415733987473, 852416981870708716379609 ],, 
  [ 40031453998616802679, 19312794173489177932435226534884322153262127 ],, 
  [ 13471813988737599844588073571427352775088508272275901 ],, 
  [ 2148577043697522143 ], [ 90656706713 ], 
  [ 4849721991544033, 9233425384734828213946147123873, 
      79851016437733233957572397671473 ],,, [ 103843703905373415439 ], 
  [ 23027787591385039740073 ],, [ 9343550851, 144071693926111994368125382501 ]
   ,,,, [ 288495506118790997797 ], [ 8488679128381 ], 
  [ 1249945730628196393512709, 34511161736200897367462825765402296508053 ],, 
  [ 4528868209037, 25041317748563, 4617246545620935859, 50217533668082831159 ]
   ,, [ 2725745004699017761 ],, [ 25680371369449051 ],, 
  [ 557344333293673503337 ],,,, 
  [ 15871222249, 2081639728429432616847171337, 1150035576477591956631438297913
        , 64525231313801914040536754300377 ],, 
  [ 47189765221046501, 140619541265744626637401 ], [ 310369092001972015861 ],,
  , [ 49692396217, 1653500389201 ],, [ 2017059089 ], 
  [ 13280734383806343174937 ], [ 67364134711, 20714754363800156002289 ],, 
  [ 29397381661, 557843878227941466661, 7069198420013236328027341, 
      8469035894748144778616107261 ],, 
  [ 450692439008021532869, 12911589029437302021093823 ],, 
  [ 48099369848161, 10343502410571213971953 ],, 
  [ 203377575537793, 1824343596693583694805827026288777 ],, [ 13294027457 ], 
  [ 320241553023405388663 ], 
  [ 1130925791, 10382076737877181, 1073953287919791221, 
      775265253407998253715094358321 ],, [ 1406732996227444709400193 ],, 
  [ 3929220621343 ], [ 516752672281 ], [ 30050777429 ],, 
  [ 265737972109501, 18575231433926311 ],,,, [ 923869348342519 ],, 
  [ 239492701001557 ],,,,,, 
  [ 112903038201588907231, 1709643496599108488018005320931 ],, 
  [ 2211844065617957 ],,,,,, [ 4444196833 ],,,, 
  [ 5616509794297, 18188744860366933 ],, [ 4227568801 ], 
  [ 7024390201, 16908422735251 ],,, 
  [ 44012474761, 368918620773610167714614689537 ],,, 
  [ 326244761767, 1685267267839 ],,, [ 1717146773342911 ],, 
  [ 6120245113, 1718321482753 ],, [ 3741268133 ],, 
  [ 300249924241, 113990014020721 ],,,, [ 236879010793 ],, 
  [ 4546413350772800025889 ],,,, 
  [ 1182356514004593298001, 65185107837699514525501 ],, [ 110430577657 ],, 
  [ 11703433033 ],,,,,,,,,,,,,,,, [ 7749758971081, 9492014059369403491 ],,,,,,
  ,,,, [ 8616600721, 9138844936203361, 73389767025586201 ],, 
  [ 1158373939, 4354735369 ],,,, [ 4557811831 ],, 
  [ 750654795981983133687161473 ],,,,,, 
  [ 1143896759671, 224862899701189, 139073391151395579055180207 ],,,,,, 
  [ 1394768964301, 18768908926543201, 4297513003926807368201434964101 ],,, 
  [ 34526983927, 3863326598401 ],,,,,,, [ 81018712242121 ],, 
  [ 9524494513, 1725330272641 ],,,,,,,,,,,,,,,,,, [ 18563415178765212031 ],,,,
  ,, [ 26067646081 ],,,,,, [ 10855974673 ],,,,,,,,,,,, [ 12665400011791 ],,,,,
  ,,,,,,,,,,,,,,,,,,, [ 20438335946071 ],,,,,,,,,,,,,,,,,,,,,,,,,,,,,, 
  [ 72924764953 ],,,,,,,,,,,,,,,,,,,,,,,,,,,,,,,,,,,,,,,,,, [ 77435491501 ],,,
  ,,,,,,,,,,,,,,,,,,,,,,,,,,,,,,,,,,,,,,,,,,,,,,,,,,,,,,,,,,,,,,,,,,,,,,,,,,,,
  ,,,,,,,,,,,,,,,,,,,,,,,,,,,,,,,,,,,,,,,,,,,,,,,,,,,,,,,,,,,,,,,,,,,,,,,,,,,,
  , [ 55681623044677141921 ],,,,,,,,,,,,,,,,,,,,,,,,,,,,,,,,,,,,,,,,,,,,,,,,,,
  ,,,,,,,,,,,,,,,,,,,,,,,,,,,,,,,,,,,,,,,,,,,,,,,,,,,,,,,,,,,,,,,,,,,,,,,,,,,,
  ,,,,,,,,,,,,,,,,,,,,,,,,,,,,,,,,,,,,,,,,,,,,,,,,,,,,,,,,,,,,,,,,,,,,,,,,,,,,
  ,,,,,,,,,,,,,,,,,,,,,,,,,,,,,,,,,,,,,,,,,,,,,,,,,,,,,,,,,,,,,,,,,,,,,,,,,,,,
  ,,,,,,,,,,,,,,,,,,,,,,,,,,,,,,,,,,,,,,,,,,,,,,,,,,,,,,,,,,,,,,,,,,,,,,,,,,,,
  ,,,,,,,,,,,,,,,,,,,,,,,,,,,,,,,,,,,,,,,,,,,,,,,,,,,,,,,,,,,,,,,,,,,,,,,,,,,,
  ,,,,,,,,,,,,,,,,,,,,,,,,,,,,,,,,,,,,,,,,,,,,,,,,,,,,,,,,,,,,,,,,,,,,,,,,,,,,
  ,,,,,,,,,,,,,,,,,,,,,,,,,,,,,,,,,,,,,,,,,,,,,,,,,,,,,,,,,,,,,,,,,,,,,,,,,,,,
  ,,,,,,,,,,,,,,,,,,,,,,,, [ 98318332033, 557616265990215193 ] ];
