BRENTFACTORS[326]:=[ ,,,,,,,,,,,,,,,,,, [ 7043372190090247103 ],,, 
  [ 24328621153 ],,,,, [ 58495649041 ],, [ 1993401769 ],, 
  [ 292271254062471589, 67724420170081555227719 ], [ 20231032673 ], 
  [ 7048362487, 44553117375889 ],, [ 13886739762830460961 ],, 
  [ 4198289287, 470319408173, 1471549498366467979 ], [ 445854192319 ],,,, 
  [ 19274530843 ], [ 51635896375454557079 ],, [ 12988968121 ],, 
  [ 78879371011438103, 208690848895182491612361883691513604069253519 ], 
  [ 1003268035722046321 ], 
  [ 1074080981, 2096829024265585499, 19202437110748979249 ],, 
  [ 28691163849935688020846351751341791 ],, 
  [ 1520857367, 9200639763902404128844406465239930003834964491 ],, 
  [ 636340646041, 598013267752247855971 ],, [ 755907091599601 ],, 
  [ 6860660889877 ], [ 32623262328596675341 ], [ 13600108132051050751 ], 
  [ 110267474735861, 4653675503887493, 1289988991700176994077 ], 
  [ 17490023209 ], [ 11481115457613367297, 222563389663043122049 ], 
  [ 35954703060090907864491759521, 612011640197465535799478646031 ], 
  [ 2527017439 ],, [ 12805195326686022631201 ], [ 948702571057 ],, 
  [ 161203878929 ], [ 25080403986002937055249 ], 
  [ 138426801589, 605374114103531, 526964848457462131 ], 
  [ 391471367100140509731067 ],, [ 600557393689580240653297 ], 
  [ 6624151381, 172680855824863, 43438460945795917 ], [ 15960299239 ], 
  [ 35300478676171 ],, 
  [ 46127012653, 16559549222198856937642272079416134373769 ], 
  [ 1404171199, 1719960989, 4531599151699, 14905680173771, 
      7273783362754127380207 ], 
  [ 8059236091, 230618200157, 5162258283412118293, 154295870407625585731 ],, 
  [ 4577449241, 74382209701 ],, [ 1507374271368198461407918929457 ], 
  [ 19452418886751538133454145065842610640724881 ], 
  [ 38257323906940846329993047 ], [ 1253857051, 9032875898711040631 ], 
  [ 5280947073859913 ], [ 2524193513 ],, 
  [ 17089598114977993961, 2342117243053468131895137157 ], 
  [ 2297892301, 209696002104519247330421 ], [ 374249056905313 ],, 
  [ 2553499957, 939718343327, 28770974437954420921804571565311440973 ], 
  [ 74387756323, 692404290686791 ],, [ 504319744541989643 ], 
  [ 122280031478959, 338034264236161 ], [ 1165860421249 ], 
  [ 884431292618976340057, 1274320038310022550809 ], 
  [ 15387239869144291, 741458433370820159783955601 ], 
  [ 4935534053, 2153705014141651 ],, 
  [ 244630814140083020149, 10567392213994389427246057 ], 
  [ 551335181153, 1885460265619963 ], [ 9532457063553158794256891 ],, 
  [ 1010871077482268230088006931198737 ],, [ 39978352465963 ], 
  [ 1048340748675935047093601 ], [ 162310639300966455811952366009 ], 
  [ 33868115733349, 326970213589634473, 9447420716929042381, 
      1995038283639546206101, 52309831622611948293871, 
      3253116018126446361909081241312543603388911 ], [ 18658052779183 ], 
  [ 95871063875421647 ], [ 24486744481, 850505748512775943561 ],,,, 
  [ 12033234041 ], [ 112258363751, 410917723501, 2300511147001 ], 
  [ 51219162913346821, 62043882860252788933238659543987 ],,, 
  [ 2328396853, 48338495477207079005251501 ], 
  [ 125362700416613875238051753624280811, 
      62911261725235604578430413144865511041 ],, 
  [ 3825630824053501, 682190687991741355251058794704105149 ],,, 
  [ 2914389721, 35776158978238111 ], [ 41051530097 ],, 
  [ 180027427250155571694542132048127866080116251587921 ],,, 
  [ 44985090677516887 ], [ 25287762571 ], [ 1054816907, 31400538367199 ], 
  [ 16045042513618604716585921 ], [ 1612693807635331, 24662916260559931 ], 
  [ 6470677817248956910359577 ],, 
  [ 422273533709468422097, 1982942240842318387433, 323546651605389673072849, 
      1221203732351957138312453, 575784302808459545080453120776627059495837 ],
  ,,, [ 9732742553 ], [ 45425266093 ], [ 4085752903 ],, 
  [ 42739660993767262645093973221 ],, [ 11964161953, 934608854688659 ], 
  [ 381520930891 ], [ 2799233276100421921 ],, [ 40660920757 ],, 
  [ 38126715901 ], [ 14934403248601 ],,, [ 11394363457 ],,, [ 6497404237 ], 
  [ 334868793481 ],, 
  [ 1434688291, 3478646728399, 22235414540661637954320749989, 
      34259339488535057348660236773220579 ],, [ 32611231313 ], 
  [ 1654150643055354247 ], [ 357186798558319 ],, 
  [ 96066131423881149721, 60817864010738109557933304361 ],, 
  [ 52805009613849624041 ],,,,,, 
  [ 12368408893, 1090189421389, 78415588530893436155318055253 ], 
  [ 2888707787533, 3768040865168740819 ], 
  [ 5876663141, 2467790930739134529041, 164571792862732852964678618291 ],,,, 
  [ 134417796168204887348683 ], [ 124445278231 ], 
  [ 147089365953237655573490980361 ],, [ 110395341937 ],, [ 23089469330801 ],
  , [ 223846383744959 ],, [ 38260001946193, 44568040830337, 937700571393601 ],
  ,,, [ 21559537840322729716427713 ],, [ 39595527325821345549301 ],,,, 
  [ 47393943137 ],,,,,, [ 3062440408520566261 ],,,,,, [ 100099634111 ],, 
  [ 191950306585837 ],, [ 4576286081, 660160421664026561 ],, [ 2664467768681 ]
   ,, 
  [ 4256384869153, 995868884501011, 213383429821467361, 1065067277118810402488\
84947 ],,,,,, [ 32722238274951935237078298961 ],,,, [ 7011640121 ],, 
  [ 9611031059947, 1416138963206761 ],, [ 1035157240241 ],, 
  [ 287208101251, 5365702671503501, 27184494954682541251 ],, 
  [ 19573695218449 ],,,,,,,, [ 8662586409075821 ],,,, 
  [ 18094812689456732574049 ],, [ 22318232840684257 ],,,,,,,,,,,,,,,,,,,, 
  [ 210563941589 ],, [ 234800652261631434712417, 745992734467890889755361 ],,,
  ,,, [ 1270527586189, 5683043342131 ],,,,,,,,,,,, [ 204124445407 ],, 
  [ 41935563209 ],,,, [ 4325485008001 ],,,,,, [ 3330100985583649 ],,,,,,,,,,,
  , [ 5537668951 ],,,,,,,,,, [ 33344904955121 ],, [ 1762164136189 ],,,,,,,,,,,
  , [ 3475235390959 ],,,,,, [ 3871860841 ],,,,,,,,,,,,,,,,,, [ 7454274016897 ]
   ,,,,,, [ 47645726593 ],,,,,,,,,,,, [ 3889923049 ],,,,,,,,,,,,,,,,,,,,,,,, 
  [ 31830546048321301 ],,,,,,,,,,,,,,,,,,,,,,,,,,,,,, [ 4958127001 ] ];
