BRENTFACTORS[744]:=[ ,,,,,,,,,,,,,, [ 33884206831 ],, 
  [ 1035977893, 2298906397 ],, [ 7129577879153, 11636707968167 ], 
  [ 8502826681 ], [ 98273383909 ], [ 1156481789, 852340565737 ],,,, 
  [ 14957668737883 ],, [ 790307597969 ], [ 7075639443101193486391439 ],, 
  [ 375836590009 ],,, [ 17432220887 ],, [ 244325324233 ], 
  [ 1988169234647856991 ],,, [ 67591510960819921 ], 
  [ 736763335943, 126220408068169, 2912590286115325093263593 ],, 
  [ 32771505784355521, 756574680827387444521101126647 ],, 
  [ 2864266831, 3021746851, 29206437423107750551 ], 
  [ 8354176289, 9250715093 ], 
  [ 228020569937129, 980168955958553, 2356732192695018684152738638905252002347\
387 ], [ 318601105313041 ], 
  [ 17916147796656236969602531, 2904472226056436992974549656743921387 ],, 
  [ 13974922249355746851791738002882397092847953 ], [ 1651421929 ], 
  [ 1320367703695750420541, 92367753637286879746861 ], [ 1936674930997 ], 
  [ 12285527981, 880496941274981280784381 ], [ 21662367049 ], 
  [ 19716496205629, 4052188260447648182317751599 ], 
  [ 1121146763323, 12675516808540996564261156741 ], 
  [ 311204660228299944972179 ],, 
  [ 22439003928496679359521370441, 21271901588981162553538589564549 ], 
  [ 140184896207, 157985969539, 1077893559703709959079049486983 ],, 
  [ 16328002177 ], 
  [ 1241088161, 5357772591354248779049289537247625825832081101 ],, 
  [ 45557664951377, 65681806497907, 10245520449101057983, 
      6289430248338336924842527, 2271359388363519239890538207, 
      278623775685647892219706211117325321649 ], 
  [ 318288423318420951411696153671797 ], [ 10063997347 ], [ 1951532463161 ], 
  [ 25730071196637523272621397 ],, [ 30287948347, 7989425195741174729 ], 
  [ 14748696819127893369064859 ], 
  [ 3429080471345855701, 217301672369143378458662251 ], 
  [ 27204238913, 301739219322483356149, 3806508207956410823857589 ], 
  [ 3138347113754457221 ], [ 5427337033, 723340342750005163 ],,,, 
  [ 540823444658881158174317842172894904162598739 ],, 
  [ 4275713737, 9343271029 ], [ 1717593641 ], 
  [ 1937828330599672221699882753623737307040359 ], [ 44055186015550535647 ], 
  [ 13478901396871320618912793, 114804947543414322628311601417 ], 
  [ 25507244212390393529 ], [ 1283756722510023631 ], [ 904254719190551 ], 
  [ 637822781257, 70794790678361, 6892302695351575320497542120544502397933 ], 
  [ 26371646548561, 54885157718707753, 185352985089423814740986647 ], 
  [ 772196492800379, 12247540104591017476753, 44133934125698788022182871 ], 
  [ 1035752427346006928651 ], 
  [ 5916607681, 23877846721, 182412511415085648724129 ], [ 1451517701 ], 
  [ 4822883149299482107, 46598061921876783641725665075325665408076409 ],,, 
  [ 20752315471 ], 
  [ 1938781627, 3289530499, 772358137711, 4446648977700862381 ], 
  [ 31394996989 ],, 
  [ 528624060091, 17181967693660251230071, 1217666958764107512879746686831, 
      758950719310433154192096229750734631 ], 
  [ 880611201136136064862877306701 ], [ 2441647981 ], 
  [ 48973586581, 85356768728309399045478937, 2938129835822061999380002737361 ]
    , [ 161000993189 ], [ 130215044081 ],, 
  [ 14276882696575580650397368063599932197965041843910651531745073 ],, 
  [ 1444763269 ],, [ 1933533396781193 ], 
  [ 988447689919, 26293516360219669620001472713 ], 
  [ 189783134218845029469641 ], [ 167774588156729 ], 
  [ 3093955416241, 594581698740960531241 ], 
  [ 20239922914088197, 228759397864950371, 131436710835625362755091148987 ], 
  [ 16843485172796239, 977760939742809787 ], [ 3285588505490725639 ], 
  [ 1157535954997 ], [ 3443201544751 ], [ 1801441405996858917649 ],, 
  [ 21234571980192161281 ], [ 46279817347 ],,, [ 3972680977 ],, 
  [ 21165973575719273522278659680279 ], [ 121308720121 ], 
  [ 1540226397601, 98027649586337, 77440800685567247393, 
      11146759306228112246201, 15871337520955868968253537 ],, 
  [ 141146419326150937, 8812821129360767894777722639386997 ],, 
  [ 4732208249171974222602171341 ],, 
  [ 20347120969181, 122209264169039203204637518523062769 ], 
  [ 1542827287, 27702773957 ], [ 19838303251192116289 ], [ 19321747061 ], 
  [ 1461195648660999480097343 ],, [ 3568346009, 13604714797494972112500457 ],
  , 
  [ 919694619230551, 446427144292781757901, 4442814249464837068155955194907755\
1 ],, [ 742918050487603841 ], [ 16055102431 ], [ 507570027284443955388173 ], 
  [ 4222943369317711 ], 
  [ 529471156810378277959309, 136899751268395480282185467532811605766112959793\
1313 ],, [ 1917906561108679 ], [ 1204593889897627 ], 
  [ 10289168274881, 37520978337887452869761, 46412947888549424361698429420161 
     ],, [ 1474003009, 3671845445899, 249025665747799 ],, [ 10911196013 ], 
  [ 19273062271, 367214648131, 168803505920611, 10384593938826031 ], 
  [ 12347017087 ],, [ 385611894193 ],, 
  [ 34133673937771, 60337056014463876815136971 ], [ 1010092149777857221 ],, 
  [ 2323772677, 448396120245107 ], 
  [ 3451222141, 13687876169827, 365807676207874825711921382543551 ], 
  [ 14411618735851 ], [ 9787571321914849 ], [ 436778980159 ],,, 
  [ 614034757801 ],, [ 22473529181527607 ],,,, [ 86554692547180027 ],, 
  [ 11725888249, 84632043473 ],,,, 
  [ 68028935041, 951857001921706561, 872353411180043375849320984513 ],, 
  [ 22958154389 ],, 
  [ 39839179006873, 1731167220863041781, 289853087277593604375661 ],, 
  [ 50161104379, 79070401279, 111806031349, 4915822475556631 ],, 
  [ 112107276401 ],, [ 665376096574367704057801961 ],, 
  [ 231900002881, 3558953830441 ],, [ 19544607276485633 ],, 
  [ 182074762273, 1414477639668497 ],,,,,, [ 2306967322463 ],, 
  [ 5983083361, 80621682892353289, 245039668043955437449 ],,,,,, 
  [ 1119439580652763 ],,, [ 22664665801, 50846785201 ],,, [ 19933791253 ],, 
  [ 2151045331 ], [ 280813583737303 ], 
  [ 90878999469833, 27823122092492137, 6849109766592497177 ],, 
  [ 14054968747, 27035946030702276977940541 ],, [ 4619778803652317 ],,,,,,,,,,
  ,,,, [ 25543275019627023885001 ],, [ 10265336892778165129 ],,, 
  [ 677115765721 ], [ 72761459201 ],, [ 9764974663, 19234754108743 ],, 
  [ 23178670960901, 275957545489274394461 ],,,, [ 938154390313465317961 ],, 
  [ 2833269540767 ],,,, [ 6396657298621485751 ],, 
  [ 9059452321, 1518951015649 ],,,, 
  [ 609684371414029, 2687966789993466994189 ],,,, [ 47666628335761 ],, 
  [ 6198761982089647 ],,,, [ 18399768817 ],, 
  [ 4911529599649, 1292460790177729 ],, [ 29173757038291 ],,,, 
  [ 314287996544246858491623091 ],,,,,, [ 1968803278501 ],,,,,,,,,, 
  [ 2651098921, 1015927699991 ],,,,,,,,,, [ 1303207361 ],,,,,,,,,, 
  [ 14830868317789505521 ],,,,,,,,,,,, [ 14097670579 ],,,,,, [ 193373941609 ],
  , [ 73005700203101 ],,,, [ 5785682899, 3646761564735122473 ],,,,,,,,,,,,,,,,
  ,, [ 222700954449658849 ],,,,,,,,,,,, [ 126164066507137 ],,,,,,,,,,,,,,,,,,,
  ,,,,,,,,,,,,,,,,,,,,,,,,,,,,,,,,,,,,,,,,,,,,,,,,,,,, 
  [ 1599458771, 2565215381, 4088760860731 ],,,,,,,,,,,,,,,,,,,,,,,,, 
  [ 5230592161 ] ];
