BRENTFACTORS[4493]:=[ ,,,,,,,,,, [ 585970200749539, 626710517935738127 ],, 
  [ 1868812083139, 252974416620827292889523273 ],,,, 
  [ 9644785333343, 311484408196101087899621730831616309 ],, 
  [ 21117959062667, 101298889045331, 220749405035320901, 
      1179223262306250454859 ],,,,,,,,,,,, 
  [ 775815535824379, 40617872907591124381238486234919302041, 
      1195951534177813026838245767146025175394638841313397824137 ],,,,,, 
  [ 2705637359, 3113032995301, 118273388961195989, 
      305019681758677466830468206165810721 ],,,, 
  [ 239342885597, 9070315032046007479 ],, 
  [ 3537889067593, 36764871724379, 1426607377229691420437 ],,,, 
  [ 7597301121948387547, 8556766677894639768667 ],,,,,, [ 37589469629 ],,,,,, 
  [ 60652135453381, 5992258596818617, 54402748642678154925517 ],, 
  [ 8049969681613 ],,,,,, [ 8815268275751467 ],,,, [ 295249231731767 ],, 
  [ 2303254338901 ],,,,,, [ 7694936543453723 ],,,,,,,,,,,,,,,,,,,,,,,,,,,,,,,,
  ,, [ 10707701461 ],,,,,,,,,,,,,,,,,,,,,,,,,,,,,,,,,,,,,,,,,,,, 
  [ 278879615463971 ],,,,,,,,,,,,,,,,,,,,,,,, [ 635196290371 ] ];
