BRENTFACTORS[8539]:=
[ ,,,,,,,,,,,, [ 19325493719897, 53987080462080013, 144050438858805701 ],,,, 
  [ 7562469651956445287 ],, 
  [ 3945594461532254734225103, 57869523015728648511372504543797 ],,,, 
  [ 1943064197, 17596005181102877, 
      60736445133603310142526991762549399037747338268153219 ],,,,,, 
  [ 63020079569, 1029710572802539, 70913887576725342786251861, 
      450319602115137448979778532392518717604586145966548937 ],, 
  [ 8796418703 ],,,,,, [ 139390469483, 689962654861757 ],,,,,,,,,, 
  [ 132904920654555256290917 ],,,,,,,,,,,, [ 5117919011, 10641912313379 ],, 
  [ 253410606277157531618743 ],,,,,, [ 556363800173, 21449591844353 ],,,,,,,,,
  ,,, [ 1102113359, 187552395209 ],,,, [ 536716391153, 933319156463 ],,,,,, 
  [ 1588840639 ],,,,,,,, [ 10253299203340339 ],,,,,,,,,,,,,,,, 
  [ 419111608628039231 ],,,,,,,,,,,,,,,,,,,,,,,,,,,,,,,,,,,,,,,,,,,,,,,,,, 
  [ 10040441401 ],,,, [ 4061384891 ] ];
