BRENTFACTORS[3527]:=[ ,,,,,,,,,,,, [ 397606909891598681 ],,,, 
  [ 2958300485167 ],, [ 1297472191, 4218665697643, 71988978705177013 ],,,,,,,,
  ,, [ 55779447613 ],, 
  [ 11615776070412549849601, 159244808524794386870318740691 ],,,,,, 
  [ 1078890401, 144668312431, 5385338003410747, 
      4877339672103626789802488071910713637 ],,,, [ 43543901171 ],, 
  [ 866649420671, 7661821006153, 83081850926689729623961, 
      224173425052303921538416523234021839327 ],,,,,,,,,,,,,,,,,, 
  [ 52000336717205977657928192387 ],,,,,, [ 26996596411491913934830279531 ],,,
  , [ 820457320274274229 ],, 
  [ 9630418129, 2010216106841075143839798413, 226547687131262850522352862543 ]
   ,,,,,,,,,,,,,,,,,,,,,,,,,,,,,,,,,,,,,,,,,,,,,,,,,,,,,, [ 2981898533 ],,,,,,
  ,,,, [ 1590684533 ],,,,,,,,,,,,,,,,,,,, [ 10525598711 ],,,,,,,,,,,,,,,,,,,,,
  ,,,,,,,,,,,,,,,,,,,,, [ 17708488223 ],,,,,,,,,,,, [ 91120178289381179 ] ];
