BRENTFACTORS[460]:=[ ,,,,,,,,,, [ 2058160633 ],,,,,, [ 2301406282654578289 ],
  , [ 5232732469 ],, [ 1803575805223333 ],, [ 788524100263969 ],, 
  [ 13176819445161053501 ], [ 12021622839019 ], [ 55157927788898659 ], 
  [ 4083306977 ],,, [ 10847175924378604787 ], [ 35422360657729 ],,, 
  [ 25589653181, 1441770016933022184311 ],, 
  [ 1148342287, 3658633661252347, 8859216601123292837099 ],, 
  [ 40190652685483 ],, 
  [ 4089746519839, 358119022237070576889550446421569963060167 ],, 
  [ 58466081226887, 213316317900092605166177663543277672675733 ], 
  [ 241164053084651621 ], [ 13553087884526341 ],, [ 432730017116567 ],, 
  [ 109681187813, 186880491911, 95844153147287651 ], 
  [ 8782574759351, 300774998624173301 ],, [ 79863511157 ], 
  [ 72862926707, 423668531121991497829, 
      11452322836957002601311200862982899590056178380983331 ],, 
  [ 2445704685821, 30722272451505539788716600791 ],, 
  [ 249452603218169731, 12203396315312297790071473994342563 ],,, 
  [ 39212280169730341 ],, [ 5754787925333 ], 
  [ 5031346257175896917935513135547570670010159 ], 
  [ 1203173618645099009, 9161094844650732673 ],,, [ 4117840637 ],,, 
  [ 22825756241, 4294274229608581 ], [ 8854877112736163 ], 
  [ 666395501266089345097 ], [ 233967045899 ], [ 26669883693577409 ],, 
  [ 3025856173 ], [ 26542245786714175686587651 ], 
  [ 20339872410153330112461241 ], [ 18301947506243 ], 
  [ 86739338371364187601, 534972621793656697008401 ],, 
  [ 1032403289, 12856282097, 36726354616624459, 70822433169720927397, 
      1216749248965871274755039 ], 
  [ 17390095759, 262662073350043, 317593982304367713388061 ], 
  [ 527357631949, 2867565769153 ], 
  [ 17726640181, 18285059921, 22545610631, 7555399173539393591 ], 
  [ 26579926826880696766261 ], 
  [ 1395682537, 51770294251021, 1981229734088528216719, 
      11992456602632673154999909906692226349479 ],,, 
  [ 43350050316698457156192788191 ], [ 870404535568134267733636532111 ], 
  [ 621766332769, 3082924979317, 32077967384117, 7166478429884352001 ], 
  [ 1429335601, 571749087624085791261546665179 ], 
  [ 36402656665843457517073434857927129510811523871 ], [ 18056522844401 ], 
  [ 4954717391142554595943969 ], [ 2620085431 ], 
  [ 25427372148104389, 97029068601939139, 
      78887015287384663144746346397525734669 ], 
  [ 52544892194356519, 3341886599122718789341 ], 
  [ 1455116007101, 5790548533001 ],, [ 1011057049, 42180678546446953113817 ], 
  [ 295982290573442461 ], [ 1421781401 ], 
  [ 5496308528927010309592519682427011937899221 ],, [ 92057527612879 ], 
  [ 2255593052118679128533651539177 ], [ 3414184510655451811 ], 
  [ 14524096621, 66638162739463190245151 ], 
  [ 535310196715909, 557131410955057, 1875770821985726772238094491, 
      82881236760766761514950840427, 82069720388190426916558197150301 ],, 
  [ 3030753096859 ], [ 6243590533, 1910724054350497 ], 
  [ 40509638261, 638380269395941 ], [ 3590093321088709 ],, 
  [ 4037414685263651, 160274570568549366288367, 67133111481150829864147949 ],,
  ,, [ 1534470739, 13501654370814048983 ], [ 10110551597998662072296975917 ],
  , [ 6563609501 ],,, [ 24445352061953, 7917512482223181191041 ], 
  [ 6651833917 ], 
  [ 1628854631, 1666329991, 21240432962711, 1261817792114814871, 
      862853430251087662859450956744646101 ],, 
  [ 171330675416349637717, 563576143825998291938137 ],,,, 
  [ 896980140735434153, 14259884067736127545939957644351497 ],,,, 
  [ 16198274931581, 666463381153740241 ], 
  [ 457171424843083, 2001690616981399, 1023595645833175813 ],,, 
  [ 170952584401, 2095494695857, 41512939805731926435697 ],, [ 62119804937 ],
  , [ 7652655091409 ],, [ 246723688172251 ],, [ 483656659743514075184572121 ],
  [ 6078240602192179, 72241723440925417 ], [ 596117248343 ], 
  [ 4986489811, 91374626225172181 ], [ 5730071650937953177 ],, 
  [ 1837720791727382857, 1292839786252187546761, 15963729878074567558278821 ],
  , [ 17743993081062881, 4998892185883246319015619443626840961 ],,,, 
  [ 211576982693, 16719666230488743002489 ],, [ 11388607787 ],, 
  [ 6749200115113, 23691455377998521000006617, 
      198698610488900528694567783351337 ],, [ 6012000159184781 ],, 
  [ 5763517901 ],, [ 759645593660341 ],, 
  [ 3039758132017729, 25926514675281617, 2671226980456188529 ], 
  [ 497912728485856213 ], [ 1289569153451, 4711872871503664169 ],, 
  [ 10365741712336142830291012636500192981830383969623371699961721 ],, 
  [ 155930096313083 ],, [ 5042925538304995056040148641 ],, 
  [ 177938757846914128698518149, 190134044083034651473054603, 
      7328514498806586014452685656625709367 ],, 
  [ 22646899308433, 704416518421609580969 ],, 
  [ 121126823760938011, 4989807673455239510992901 ],, 
  [ 212392356929095297, 65539643064543161841799912533926891748712831458668353 
     ],,,,,,,, [ 165353796980391601 ],,,, [ 116037891454056219926644033753 ],
  , [ 105673618793 ],, [ 451653439775492168449, 4286494806378903332657 ],,,,,
  , [ 374878935793 ],, [ 1929015376676569 ],, [ 2378159167 ],, 
  [ 12620364901, 1246686624824319386446861 ],,,, 
  [ 3486241249, 2045820744498770401, 286402694476239537953 ], 
  [ 20307086753770801 ],,,,, 
  [ 15866949538981, 223521735718257234008849849113999096828756401371, 
      6491874081292618153681287849652184043270656755391, 
      7422884370823520484943650469361574544058469648845431 ], [ 88277887237 ],
  [ 5307683473 ],, [ 68838044653639 ],,,, [ 99890618947337 ],,,, 
  [ 665153335421807 ],,,, [ 104929117981, 13916887545213994919869 ],,,, 
  [ 1059851946001, 3158334165751 ],,,,,,,,,,,,,, 
  [ 32075270773053772233656382433 ],, [ 12111299561761, 21586958517209 ],,,, 
  [ 30101219814565891, 304565685390897746900807431 ],,,,,, 
  [ 105291924757, 380090670637, 2176402918470973 ],,,, 
  [ 7979767008361, 1418297540995721, 2599770806762250016847145041 ],,,,,, 
  [ 123731674639 ],, [ 1170177066433, 7801671832453153 ],,,,,, 
  [ 1836122023, 36883469239, 8393555176374103, 11418994681794463223839 ],,,,,
  , [ 128504581079701, 82014049263981301, 435620510678688382427116639599601, 
      23229793331224052317885417640349227312579061333212023967453957575591501 
     ],,,,,, [ 101350693909 ],, [ 12080811693721 ],,,,,,,,,, 
  [ 12641208992131, 114271755589753 ],, [ 3179774119681 ],,,,,,,,,, 
  [ 3826126261, 786542763271, 3047013206821 ],,,,,, 
  [ 34013981115073, 439972152972182209 ],,,,,,,,,,,, 
  [ 782195763301, 18290163068671393 ],, [ 675252005401 ],,,,,,,,,,,,,,,, 
  [ 14509475983 ],,,,,, [ 2691980233, 227101058792449 ],,,,,,,,,,,, 
  [ 4363821697 ],,,,,,,,,,,, [ 62770128697 ],,,, 
  [ 1758460032001, 270478113948070801 ],,,,,,,,,,,,,,,,,,,, 
  [ 2082044581, 1704866330581 ],,,,,,,,,,,,,,,,,,,,,,,,,,,,,, 
  [ 562310923139684101 ],,,,,,,,,, [ 8616109121, 3663216673681 ],, 
  [ 116345593519, 8789346835818831283 ],,,,,,,,,,,,,,,,,, 
  [ 4126794904568334853865761, 30935471173888864042325951948355153601 ],,,,,,,
  ,,,,,,,,,,,,,,,,,,,,,,,,,,,,,,,,,,,,,,,,,,,,,,,,,,,,,,,,,,,,,,,,,,,,,,,,,,,,
  ,,,,,,,,,,,,,,,,,,,,,,,,,,,,,,,,,,,,, 
  [ 19147752707318401, 7805374908024879071464951996134601, 
      125004466112479037405669130334300131723601 ],,,,,,,,,,,,,,,,,,,,,,,,,,,,
  ,,,,,,,,,,,,,,,,,,,,,,,,,,,,,,,,,,,,,,,,,,,,,,,,,,,,,,,,,,,,,,,,,,,,,,,,,,,,
  ,,,,,,,,,,,,,,,,,,,,,,,,,,,,,,,,,,,,,,,,,,,,,,,,,,,,,,,,,,,,,,,,,,,,,,,,,,,,
  ,,,,,,,,,,,,,,,,,,,, [ 431825276656001, 13675374340572294401 ],,,,,,,,,,,,,,
  ,,,,,,,,,,,,,,,,,,,,,,,,,,,,,,,,,,,,,,,,,,,,,,,,,,,,,,,,,,,,,,,,,,,,,,,,,,,,
  ,,,,,,,,,,,,,,,,,,,,,,,,,,,,,,,,,,,,,,,,,,,,,,,,,,,,,,,,,,,,,,,,,,,,,, 
  [ 6265087999962626881 ],,,,,,,,,,,,,,,,,,,,,,,,,,,,,,,,,,,,,,,,,,,,,,,,,,,,,
  ,,,,,,,,,,,,,,,,,,,,,,,,,,,,,,,,,,,,,,,,,,,,,,,,,,,,,,,,,,,,,,,,,,,,,,,,,,,,
  ,,,,,,,,,,,,,,,,,,,,,,,,,,,,,,,,,,,,,,,,,,,,,,,,,,,,,,,,,,,,,,,,,,,,,,,,,,,,
  ,,,,,,,,,,,,,,,,,,,,,,,,,,,,,,,,,,, 
  [ 10582928849623201, 148821246460799468460001, 20544035613288130261210801 ],
  ,,,,,,,,,,,,,,,,,,,,,,,,,,,,,,,,,,,,,,,,,,,,,,,,,,,,,,,,,,,,,,,,,,,,,,,,,,,,
  ,,,,,,,,,,,,,,,,,,,,,,,,,,,,,,,,,,,,,,,,,,,,,,,,,,,,,,,,,,,,,,,,,,,,,,,,,,,,
  ,,,,,,,,,,,,,,,,,,,,,,,,,,,,,,,,,,,,,,,,,,,,,,,,,,,,,,,,,,,,,,,,,,,,,,,,,,,,
  ,,,,,,,,,,,,,,,,,,,,,,,,,,,,,,,,,,,,,,,,,,,,,,,,,,,,,,,,,,,,,,,,,,,,,,,,,,,,
  ,,,,,,,,,,,,,,,,,,,,,,,,,,,,,,,,,,,,,,,,,,,,,,,,,,,,,,,,,,,,,,,,,,,,,,,,,,,,
  ,,,,,,,,,,,,,,,,,,, [ 43720960956394006824609601 ],,,,,,,,,,,,,,,,,,,,,,,,,,
  ,,,,,,,,,,,,,,,,,,,,,,,,,,,,,,,,,,,,,,,,,,,,,,,,,,,,,,,,,,,,,,,,,,,,,,,,,,,,
  ,,,,,,,,,,,,,,,,,,,,,,,,,,,,,,,,,,,,,,,,,,,,,,,,,,,,,,,,,,,,,,,,,,,,,,,,,,,,
  ,,,,,,,,,,,,,,,,,,,,,,,,,,,,,,,,,,,,,,,,,,,,,,,,,,,,,,,,,,,,,,,,,,,,,,,,,,,,
  ,,,,,,,,,,,,,,,,,,,,,,,,,,,,,,,,,,,,,,,,,,,,,,,,,,,,,,,,,,,,,,,,,,,,,,,,,,,,
  ,,,,,,,,,,,,,,,,,,,,,,,,,,,,,,,,,,,,,,,,,,,,,,,,,,,,,,,,,,,,,,,,,,,,,,,,,,,,
  ,,,,,,,,,,,,,,,,,,,,,,,,,,,,,,,,,,,,,,,,,,,,,,,,,,,,,,,,,,,,,,,,,,,,,,,,,,,,
  ,,,,,,,,,,,,,,,,,,,,,,,,,,,,,,,,,,,,,,,,,,,,,,,,,,,,,,,,,,,,,,,,,,,,,,,,,,,,
  ,,,,,,,,,,,,,,,,,,,,,,,,,,,,,,,,,,,,,,,,,,,,,,,,,,,,,,,,,,,,,,,,,,,,,,,,,,,,
  ,,,,,,,,,,,,,,,,,,,,,,,,,,,,,,,,,,,,,,,,,,,,,,,,,,,,,,,,,,,,,,,,,,,,,,,,,,,,
  ,,,,,,,,,,,,,,,,,,,,,,,,,,,,,,,,,,,,,,,,,,,,,,,,,,,,,,,,,,,,,,,,,,,,,,,,,,,,
  ,,,,,,,,,,,,,, [ 4757330220001, 67523737642720037905596001 ],,,,,,,,,,,,,,,,
  ,,,,,,,,,,,,,,,,,,,,,,,,,,,,,,,,,,,,,,,,,,,,,,,,,,,,,,,,,,,,,,,,,,,,,,,,,,,,
  ,,,,,,,,,,,,,,,,,,,,,,,,,,,,,,,,,,,,,,,,,,,,,,,,,,,,,,,,,,,,,,,,,,,,,,,,,,,,
  ,,,,,,,,,,,,,,,,,,,,,,,,,,,,,,,,,,,,,,,,,,,,,,,,,,,,,,,,,,,,,,,,,,,,,,,,,,,,
  ,,,,,,,,,,,,,,,,,,,,,,,,,,,,,,,,,,,,,,,,,,,,,,,,,,,,,,,,,,,,,,,,,,,,,,,,,,,,
  ,,,,,,,,,,,,,,,,,,,,,,,,,,,,,,,,,,,,,,,,,,,,,,,,,,,,,,,,,,,,,,,,,,,,,,,,,,,,
  ,,,,,,,,,,,,,,,,,,,,,,,,,,,,,,,,,,,,,,,,,,,,,,,,,,,,,,,,,,,,,,,,,,,,,,,,,,,,
  ,,,,,,,,,,,,,,,,,,,,,,,,,,,,,,,,,,,,,,,,,,,,,,,,,,,,,,,,,,,,,,,,,,,,,,,,,,,,
  ,,,,,,,,,,,,,,,,,,,,,,,,,,,,,,,,,,,,,,,,,,,,,,,,,,,,,,,,,,,,,,,,,,,,,,,,,,,,
  ,,,,,,,,,,,,,,,,,,,,,,,,,,,,,,,,,,,,,,,,,,,,,,,,,,,,,,,,,,,,,,,,,,,,,,,,,,,,
  ,,,,,,,,,,,,,,,,,,,,,,,,,,,,,,,,,,,,,,,,,,,,,,,,,,,,,,,,,,,,,,,,,,,,,,,,,,,,
  ,,,,,,,,,,,,,,,,,,,,,,,,,,,,,,,,,,,,,,,,,,,,,,,,,,,,,,,,,,,,,,,,,,,,,,,,,,,,
  ,,,,,,,,,,,,,,,,,,,,,,,,,,,,,,,,,,,,,,,,,,,,,,,,,,,,,,,,,,,,,,,,,,,,,,,,,,,,
  ,,,,,,,,,,,,,,,,,,,,,,,,,,,,,,,,,,,,,,,,,,,,,,,,,,,,,,,,,,,,,,,,,,,,,,,,,,,,
  ,,,,,,,,,,,,,,,,,,,,,,,,,,,,,,,,,,,,,,,,,,,,,,,,,,,,,,,,,,,,,,,,,,,,,,,,,,,,
  ,,,,,,,,,,,,,,,,,,,,,,,,,,,,,,,,,,,,,,,,,,,,,,,,,,,,,,,,,,,,,,,,,,,,,,,,,,,,
  ,,,,,,,,,,,,,,,,,,,,,,,,,,,,,,,,,,,,,,,,,,,,,,,,,,,,,,,,,,,,,,,,,,,,,,,,,,,,
  ,,,,,,,,,,,,,,,,,,,,,,,,,,,,,,,,,,,,,,,,,,,,,,,,,,,,,,,,,,,,,,,,,,,,,,,,,,,,
  ,,,,,,,,,,,,,,,,,,,,,,,,,,,,,,,,,,,,,,,,,,,,,,,,,,,,,,,,,,,,,,,,,,,,,,,,,,,,
  ,,,,,,,,,,,,,,,,,,,,,,,,,,,,,,,,,,,,,,,,,,,,,,,,,,,,,,,,,,,,,,,,,,,,,,,,,,,,
  ,,,,,,,,,,,,,,,,,,,,,,,,,,,,,,,,,,,,,,,,,,,,,,,,,,,,,,,,,,,,,,,,,,,,,,,,,,,,
  ,,,,,,,,,,,,,,,,,,,,,,,,,,,,,,,,,,,,,,,,,,,,,,,,,,,,,,,,,,,,,,,,,,,,,,,,,,,,
  ,,,,,,,,,,,,,,,,,,,,,,,,,,,,,,,,,,,,,,,,,,,,,,,,,,,,,,,,,,,,,,,,,,,,,,,,,,,,
  ,,,,,,,,,,,,,,,,,,,,,,,,,,,,,,,,,,,,,,,,,,,,,,,,,,,,,,,,,,,,,,,,,,,,,,,,,,,,
  ,,,,,,,,,,,,,,,,,,,,,,,,,,,,,,,,,,,,,,,,,,,,,,,,,,,,,,,,,,,,,,,,,,,,,,,,,,,,
  ,,,,,,,,,,,,,,,,,,,,,,,,,,,,,,,,,,,,,,,,,,,,,,,,,,,,,,,,,,,,,,,,,,,,,,,,,,,,
  ,,,,,,,,,,,,,,,,,,,,,,,,,,,,,,,,,,,,,,,,,,,,,,,,,,,,,,,,,,,,,,,,,,,,,,,,,,,,
  ,,,,,,,,,,,,,,,,,,,,,,,,,,,,,,,,,,,,,,,,,,,,,,,,,,,,,,,,,,,,,,,,,,,,,,,,,,,,
  ,,,,,,,,,,,,,,,,,,,,,,,,,,,,,,,,,,,,,,,,,,,,,,,,,,,,,,,,,,,,,,,,,,,,,,,,,,,,
  ,,,,,,,,,,,,,,,,,,,,,,,,,,,,,,,,,,,,,,,,,,,,,,,,,,,,,,,,,,,,,,,,,,,,,,,,,,,,
  ,,,,,,,,,,,,,,,,,,,,,,,,,,,,,,,,,,,,,,,,,,,,,,,,,,,,,,,,,,,,,,,,,,,,,,,,,,,,
  ,,,,,,,,,,,,,,,,,,,,,,,,,,,,,,,,,,,,,,,,,,,,,,,,,,,,,,,,,,,,,,,,,,,,,,,,,,,,
  ,,,,,,,,,,,,,,,,,,,,,,,,,,,, [ 6334657670401 ] ];
