BRENTFACTORS[543]:=[ ,,,,,,,,,,,,,,,,,, [ 11368289910868613818987 ],,,,,, 
  [ 1927684897601, 500601956086051 ],, [ 15558852347281 ], [ 53416140541 ], 
  [ 5942651334110219 ],, [ 146119050162711007 ],, 
  [ 17100354877, 296991522697 ], [ 213361395917, 955196341633 ], 
  [ 37395490014611, 2552206247622392201 ], [ 17816412673 ],,, 
  [ 66624142890973090177 ],, 
  [ 132289692561020343447071, 12390505368728560429861868063 ],, 
  [ 121405481557, 112294121140847, 117548704424263267 ],, 
  [ 1452395297603018806303747231 ], [ 21350555599013 ], 
  [ 421670575424849961897393037368992953, 
      572386104939405856300560182272633128428059 ],, 
  [ 91003152311, 1349229426973, 221434555357213829711883259686830119 ], 
  [ 537805853287777201 ],, [ 107575554778277, 554630427875941 ], 
  [ 320877731613769383043, 
      308396819830776403760982081097549856396519464890935111440337 ], 
  [ 154808873090529193 ], [ 1263517201, 15729766193051749296879019382411 ],, 
  [ 175183434553433497, 9501202529842326372476360761 ],,,, [ 61303078962259 ],
  [ 11525791095127, 2600790048484769 ], [ 3015014651413530564597345289 ], 
  [ 15593844816633781249 ], 
  [ 528158430755203498511, 41110681865054323193717891, 
      3122962470695821420304132209776101 ], [ 1167989442595471 ], 
  [ 4056088747 ],, [ 230780104776806787999031849 ], 
  [ 45487267255796507767783357201 ], 
  [ 11932034052299, 45506804041291, 56018422919453297 ], 
  [ 24794372499409, 174832984778761, 2777884460177041 ], 
  [ 2168100366461, 5397439013430333564107377 ], 
  [ 22546930871, 16741394897251393302011396141913805217 ], 
  [ 1346595001, 793812143401 ], 
  [ 1678613826944510941, 2153785901410403477086956318570533749 ], 
  [ 625920105581 ], [ 8955262723378687 ], [ 10221091081199 ], 
  [ 662611549841, 655708363920183948866576321 ],, 
  [ 11727746027, 81973617504002261, 263513803274060429259634961 ], 
  [ 2215125581, 27352747277 ], [ 835439993077621, 9375910400249821 ],, 
  [ 4815746630660558390825352979364279011721550317 ], 
  [ 2244280545571, 200661534376565270286756763, 
      53830409571249734624005115466559 ], 
  [ 797346358284245969, 10497632492970499142641 ], 
  [ 184454707406100313533059 ], [ 405298429547179321 ],, 
  [ 356398843517, 18020716051384489 ], 
  [ 44481906341221183, 33047330850939858577513 ], 
  [ 91047447737317512158262519740494109 ],,,, 
  [ 649458449898361933105654959894251 ], [ 646017533767 ],, 
  [ 187932489721, 646054866746716250521 ], 
  [ 515205713015167267, 5677918150497103783 ], [ 6006979571, 1478806858421 ], 
  [ 3785887873 ], [ 381346075152468511, 754827184663390183832693786862871 ],, 
  [ 622510504261 ], [ 20217227816881888038949182049 ], [ 831687761987 ], 
  [ 76438254311 ], [ 40147068283351 ], 
  [ 13472121013181377, 2538390191112454127035831172530629038665812548657 ],,, 
  [ 33603904647471251 ],, 
  [ 2163119512625371, 10291063128396103, 157162747796360488488331351 ], 
  [ 252062639737605752273, 5803585121314070503680317 ], [ 328807722853 ], 
  [ 80914325199513335041 ], [ 4750259365957337 ],, 
  [ 36205355558067637, 3689683710216999979653486451 ],,, 
  [ 18093369020683951, 1382093598261785564682150250537 ], 
  [ 47746657454939621 ],,, [ 5022045274500151 ],, 
  [ 25932511177, 1059204692360445618720756278240574101403001 ], 
  [ 87143603606431 ],, [ 66306493041518027791 ], [ 19157525353 ],, 
  [ 7460199547, 2750911275289 ],, [ 2936784754306901 ],,,, 
  [ 17778077275496272124833, 327904199664826889502803269469233220401 ],, 
  [ 1035024953, 2175097489, 9811312859, 80274737984899839037, 
      12699168386914181071779941 ], [ 6576681612895832028871183 ], 
  [ 7696388353, 1647709864777, 135922604933586477673 ],,,, 
  [ 2811982673, 104351630849537 ],, 
  [ 317992206182013332201, 78178363522485501975527213 ], 
  [ 1676155029481, 20696700840545241721721 ], 
  [ 3141466666573, 6538243255997995965248301001776795916871293 ],, 
  [ 1013818445729463246450863 ],, [ 1669136641441, 81127181482377601 ],,,, 
  [ 907305050478773, 518380020850177333 ],, [ 303148956811, 2606619599861 ],, 
  [ 214777251946200783337, 201878139312211516479058627308577, 
      1776865450948762515683453022189030256393 ],,,, [ 23563516818245861 ],, 
  [ 1391144165888816533, 222177204732486252157 ], [ 3145211812550685851 ], 
  [ 159469111898801 ],, [ 3072536913481413791805107 ],, 
  [ 2935391100103867681, 2080029090950616724388484749691997028369133470401 ],
  , [ 424519686319 ], [ 40534883203, 2967377248126411 ], 
  [ 2219048221454274315241 ],, [ 13869559031133308851 ],, 
  [ 45195299073181, 641713963942181907961 ], [ 219224088091 ], 
  [ 327085230091, 881847654931, 13928317471459298708351 ],, 
  [ 38136757909943041 ],, [ 1652620723657 ],,,, 
  [ 2666946547, 3014444912058288133821793 ],, [ 73083874001 ],, 
  [ 13739012007875353 ],, [ 93472279393 ],, 
  [ 71833851709, 8293333169281, 130442572080539 ],, 
  [ 65657303499188820268097 ],,,,,, [ 612898050977, 790544504587 ],, 
  [ 1034786112337 ],,,,,,,, [ 13865246081, 12007725807090732097 ],,,,,,,, 
  [ 8872953217 ],, [ 391442168160597997 ],, [ 27628987271403937 ],, 
  [ 167669906554058228783 ],, [ 328909548702001, 1735400059915280539505041 ],,
  ,, [ 11213704421 ],, [ 191739088003, 12879713976146917, 7903412117542845199 
     ],,,, [ 67791159493289572751, 48675131568746175625751 ],,,, 
  [ 11040881071357 ],,,, [ 8752999904983429, 6224720509454233552838101 ],, 
  [ 14164989541, 165387822601, 46366368083621 ],,,, [ 65981038487913397993 ],,
  ,,,, [ 36665469721, 21114820578331, 664676833856941, 13627061773007933071 ],
  , [ 27692271857, 10897251216209 ],,,, 
  [ 54123999649, 352902464569, 647128030177 ],,,,,, [ 269214646213 ],,,, 
  [ 5552079463789 ],, [ 9021214650919196210835040286977 ],,,,,,,,,,,,,,,,,, 
  [ 210406876327 ],, [ 300821743069 ],, [ 28334828941 ],,,,,,,, 
  [ 513029463843907 ],, [ 30232621350594241 ],,,, [ 1065850847317 ],,,,,,,,,,,
  ,,,,, [ 177622208741 ],, [ 118345821788957491 ],,,,,, [ 55444677752461 ],,,,
  ,, [ 2925050548740841, 182399554710448639 ],,,,,,,,,,,,,,,,,,,,,,,,,,,,,, 
  [ 792482477513473 ],,,,,,,,,,,,,,,,,,,,,,,,,,,,,,,,,,,, [ 596853995641 ],,,,
  ,,,,,,,,,,,,,,,,,,,,,,,,,,,,,,,,,,,,,,,,,,,,,,,,,,,,,,,, [ 2324936161 ] ];
