BRENTFACTORS[8629]:=[ ,,,,,,,,,,,, [ 35175437753 ],,,,,, [ 322671929813 ],,,, 
  [ 74295954559908958589, 18163332938330798485585037 ],,,,,, 
  [ 323229473912973284049502025533, 
      419900475977227795796384512455843476422038273641658311730418628390423 ],
  , [ 131637362078594417 ],,,,,, 
  [ 242538774889, 2196892205165107127778175845038837 ],,,, [ 1113181177877 ],,
  ,,,, [ 3418216189, 8212467733, 2432555664918677 ],,,,,,,,,,,, 
  [ 43039330566311 ],,,,,,,,,,,,,,,,,,,,,,,,,,,,,,,,,,,,,, 
  [ 794799956837, 87677073333151 ],,,, [ 47971449646391604843683 ],,,,,,,,,,,,
  ,,,,,,,,,,,,,, [ 2465737259 ],,,, [ 96725635698249243733 ],,,,,,,, 
  [ 20390875217 ],,,,,,,,,,,, [ 75527766826525381 ],,,,,,,,,,,,,,,, 
  [ 595448876429437 ],,,,,, [ 2294800021, 5272285721 ] ];
