BRENTFACTORS[4463]:=[ ,,,,,,,,,, [ 354771644041 ],, [ 208384994275537 ],,,, 
  [ 666071754644908823460811249, 361217903969118125749706869063 ],, 
  [ 15568327328402357227895519193619, 31705844830440442712772977040760267 ],,,
  , 
  [ 21535166784683, 52774007368026810053, 107843849958046744675301609782741469\
2563307 ],,,,,, 
  [ 6647482651090449878329362879434824597, 23280534112104591660440418638401854\
8751844434559290888471838982173 ],, [ 36002763411196829510562410263 ],,,,,, 
  [ 156019689359073589669 ],,,, [ 27205823207749064029 ],, [ 116698842941 ],,,
  , [ 22399545946940375413, 95064299908563335107025603 ],,,,,, 
  [ 523026643189157092877 ],,,,,,,,,,,,,,,,,,,,,,,,,,,,,,,,,,,, 
  [ 1201811384627783263 ],,,,,,,,,,,,,,,,,,,, [ 859756342892567 ],,,, 
  [ 323561722079909513 ] ];
