BRENTFACTORS[952]:=[ ,,,,,,,,,,,,,, [ 16585698721 ],,,, 
  [ 49329724663, 66413058798677505407 ],,, [ 7178884351 ], [ 56385387964589 ],
  , [ 460897848001, 85917719860151 ], [ 684308420693 ], 
  [ 34212474523, 119496337287312421 ],, [ 3873536453023, 31346692302091 ],, 
  [ 603860536403 ],, [ 1751276014687 ], [ 35285027162531 ], 
  [ 15733967409791, 236456022157321 ],, 
  [ 8313054403, 19571989309, 204408604161634627255327 ],,, 
  [ 563936879768401 ], [ 48419664600298898111066514804139083800833 ], 
  [ 69464732737, 453512085601 ], 
  [ 78062725011459885230738026314601, 8744761770977129475268322362608531148876\
3 ], [ 958154211454578941568173 ],, [ 7045211237 ], 
  [ 1088831329, 7105805275667507 ],, 
  [ 15970954475858262391009676432263, 4372242413401074837864004741116079 ],, 
  [ 4094689759093, 2151783031269295912936957 ],, 
  [ 88741693824243346847951039051 ], [ 35819891011, 12763900524972043 ],,, 
  [ 78642277333, 2901668583230682439747 ],, 
  [ 298078101863, 1652711497424071257542390113 ], [ 24284870566921 ], 
  [ 560441265635653 ], [ 5791215773216478131 ], [ 48787582663 ], 
  [ 60186659713, 6150259244371649756104513 ], [ 1797193886281 ], 
  [ 11703436926316613453977 ],, [ 327374656221005669747309792479117 ], 
  [ 247337874371908939, 164757237315032487872295975421539746991372901 ],, 
  [ 132695558071231, 3779666657459959445149 ], [ 2663985241, 38657831977 ],, 
  [ 298840610216629275291011950664168068882866614167 ], 
  [ 880186831603348778425422151, 9623170962285407978439421501 ], 
  [ 1658035153, 2323613540041504837740199429 ],,, 
  [ 123886692421, 111572158450273, 202302723885329 ], 
  [ 1445474561, 99092981016417361 ], 
  [ 354470608027, 967494837997, 118787840158093931766973813164781219 ], 
  [ 18996962112615339692639, 794516701814974799811434503304924916091979 ], 
  [ 12231563068496159473 ], [ 248506737697, 34388050288745885346133 ], 
  [ 1845838604650669801, 810969117072017044051 ], 
  [ 1633348637, 437649912421, 45539223436691, 2092736230048993, 
      149098234445233924391, 662629507601763928431206657 ], 
  [ 309037751889379 ], 
  [ 2346589961, 4282552033, 765426188807173566641, 672863211458546201528749402\
52273 ], [ 38269414981544866121 ],,, [ 1888179389 ],,, 
  [ 2683307491, 251325090668871306778451 ], [ 4782859796161 ], 
  [ 81515361420617, 873279072723637 ],, [ 25064124950577191784259681 ], 
  [ 89289366301 ], [ 8532425781787 ], 
  [ 9725381257549, 16882974836863951, 35423473997971348879 ], [ 1979162923 ], 
  [ 36704484181354289 ], 
  [ 1727421991, 733727541375719170351, 3710941609399265095305808132441 ],,,,, 
  [ 337005645425867229153537691, 86710746770780195913342628448318171 ],, 
  [ 9148407865684121850913337633 ], [ 1525685321, 194874693757 ], 
  [ 21739710639733, 164811364344353680683767210689 ], 
  [ 12974789441, 245894723485451, 100103989617381354881 ], 
  [ 1319842781, 17972904924949875036099965333 ],, 
  [ 5410563377, 9102191651431, 269980092290171, 1676550482455592357, 
      93945728613614960254886381 ],, [ 61145541118188106035121 ],,,, 
  [ 176566788661, 57102560225429, 112535235510972941, 
      629015834445981670047421 ], [ 1692628501, 2382034001 ],,, 
  [ 59653714049, 1265862053633, 14366342397313, 2440662156373535584769281 ], 
  [ 5718135984661, 507760444676449, 2026271374308343, 344395217046579157, 
      34354771051203823267 ], [ 179263552233344799714301081 ],, 
  [ 173392124929, 6452799949163026109113, 629226343960090719731923282347529 ],
  , [ 3532843537, 5277487031870010187 ], [ 4481165526391 ], 
  [ 7784268313, 179079672529, 261447996097, 85166970372035637881, 
      94084423715515148195993, 834346912326113314137677093177, 
      400751724703565650617987550492447657 ],, 
  [ 54946106737777, 556496853905742261901, 
      1210515099633578711286961526181113450621071 ],, 
  [ 5739281839481, 26699109232760721121, 
      16383217211061660794037872582157932784455436001 ], [ 5165149828327 ], 
  [ 258711546373446830382921685296461 ], [ 11786091035091517 ],,, 
  [ 5147229973130430539 ], [ 7369443397 ], [ 19195268333 ],,,, 
  [ 5488309846262059201097, 1473845904332338339049321 ], 
  [ 1151744833, 101089280744191 ],, [ 1421880101, 19049479811215901 ], 
  [ 45485593453, 76096400173, 64029536693719730900757698046177939449077 ],,, 
  [ 5161434469 ], [ 7758242317326881, 10249380960046668666580961 ],, 
  [ 330484518546101072109341847403548589 ],,, 
  [ 1093816105801, 3882061813613281 ], [ 2926672893345689 ],,,,, 
  [ 24209756947 ],,, 
  [ 23732407579, 1272774535147, 3137264231213773, 11969118141357841 ],, 
  [ 1930923457, 3206588598049 ], [ 1835238316609299289 ],,, 
  [ 2829958652712558061, 7986512096114582291581 ],, 
  [ 399593498851, 58194167981179464781 ],, [ 2989325513572436201 ],, 
  [ 31927063309, 184526424597364395180493 ],, [ 214062859179422641 ],, 
  [ 969816862169377066681 ],, [ 1200172588325940144961 ],, 
  [ 61052103247609, 625987614509301787210851841 ], 
  [ 1729000846359151, 3270989584603651 ],,, [ 5835905372498488148018317249 ],
  , [ 81411170801 ],, [ 39628924187, 70498614889, 178279354387939603159 ],,,,,
  ,,, [ 71099491651398885151, 85739122713871564981 ],, [ 8570976833 ],, 
  [ 704351942867, 803699875103, 33866361829789, 602659213896239 ],, 
  [ 27597011402070917464969 ],,,, 
  [ 23710644854821, 11971035318740588861, 117170484811700316701, 
      2433936339179513911601, 139534909572108469018381 ],, [ 7354605589 ],, 
  [ 2391306074753 ], [ 17429725801 ],,,,, 
  [ 2614747181, 1132862582742551, 9639799531989526832860451 ],,,, 
  [ 284125295143 ],, [ 4185101277169, 17927393771009 ],, 
  [ 4620867343, 8982488663, 46872735803904123251814943 ],, 
  [ 41054034481, 21005045545674241, 519362203325502525768319201 ],, 
  [ 638476500682901 ],,,,,, [ 4497230513, 2264830063921 ],, 
  [ 45191724744114178001 ],, [ 22411801150957 ],,, [ 54633362401 ], 
  [ 13372367873 ],, [ 10255509221970577 ],, [ 13273831719420221 ],,,,,,,,,, 
  [ 1600795411848991, 9839824333080248217688521211 ],,,,,,,,,,,, 
  [ 5287358732676599197 ],,,,,,,, [ 307555001357311 ],,,, [ 1244126269 ],,,,,
  , [ 271150211401, 89170346083201 ],,,,,, [ 478566966817 ],,,,,,,,,,,, 
  [ 36597983047, 1492551464038771 ],,,,,, [ 23010299857 ],,,,,, 
  [ 1957137285019969186201 ],,,,,, [ 28235940765220778353 ],,,,,,,,,,,, 
  [ 56176033981 ],,,,,, [ 724498321867 ],,,,,,,,,,,,,,,,,,,,,,,, 
  [ 85350856249 ],,,,,,,,,,,,,,,,,,,,,,,,,,,,,, [ 10614965377 ],,,,,,,,,,,,,,,
  ,,,,,,,,,,,,,,,,,,,,,,,,,,,,,,,,,,,,,,, [ 888018691561 ] ];
