BRENTFACTORS[102]:=[ ,,,,,,,,,,,,,,,,,,,,,,,,,,,,,, 
  [ 5534307153675667412977 ], [ 28934486753 ], 
  [ 184741257953292613, 187586957750708077 ], [ 16256027233 ], 
  [ 1405123733021 ], [ 985220900029 ], [ 3959539842989208911401075718609 ],,,
  , [ 47710102067, 61579585862717354219 ],, 
  [ 18545517390952654001, 8693529770256312753637 ],, 
  [ 53034048469351, 160717026084661 ], [ 2185674430427 ], 
  [ 6882073823893, 2565989311795938956989958495047 ],, [ 396724239798391 ], 
  [ 2318030201 ], [ 1730094931 ],, [ 991825626287 ], [ 311993374528117 ], 
  [ 127625574985591 ], [ 1525873687546937 ],, [ 2303169897807905573 ],,, 
  [ 1784304901 ], [ 146124956309, 37350990493543 ], 
  [ 52293937751623, 13807526864520439 ], [ 2301613936848828840536050561 ],, 
  [ 36170594575677745327 ],, [ 67503758176259689 ], [ 604630010099503 ], 
  [ 82135083762551, 13071092890887333331 ], 
  [ 26580407741, 4883636637723086509919, 7184091813810587669413422011, 
      555057077683272479624060057491 ], [ 571452650620273 ],, 
  [ 1586057079549124484083073 ], [ 11710321351 ], [ 4402924082057 ],, 
  [ 5454011863 ],, [ 68676959041 ],, [ 10209867723509 ], 
  [ 4302394309, 209359271432735481419 ],, 
  [ 15066550391, 26318620412529464471 ], [ 43448846299 ], 
  [ 6287370289, 22585642710345943616329687051, 66340972319863090846644292819 ]
    , [ 23566435302087938647041591132946201 ], [ 33315457428359503 ],, 
  [ 3427170217199, 986723334818131 ], [ 770622242701 ],, [ 44588185886701 ], 
  [ 233208807810643451, 154471008061557210898451, 
      11435646444808003421278800848218711 ],, [ 887097403245373 ], 
  [ 135183300744269 ], [ 2535993691748469968599 ], [ 4571133999528006509701 ],
  [ 1314520253, 251375790817, 22241849257120905235513 ],, [ 14673741697891 ],
  , [ 105822706402769988941224628519932419428191 ], [ 2229476377 ], 
  [ 1123686827779 ], [ 20697869953, 21667018861 ],, 
  [ 486475978711031, 85485325630552101871 ], 
  [ 511735968451, 43863815383561, 1085308955501986906371883, 
      42209117060646690768723533653 ], [ 550206322542827706896449 ], 
  [ 10065609923 ],,, 
  [ 3523679801, 93074688697, 102141220917713, 698859887655293737, 
      10011534682404595266993509 ], [ 9496609888296259 ], 
  [ 9411801815212799819786101206317, 43346900551498085011879465813951 ], 
  [ 5178278813, 66998111194393 ],,, 
  [ 305970398958763168444281862043818062672804396353665033049 ],,, 
  [ 6614577013410251 ], [ 148122079263421579, 10894677549292317997819 ], 
  [ 839864600431 ],, [ 52386664191093937 ], 
  [ 81857167833112006798005150674154793490991011 ],, 
  [ 94828376361779830737817866853 ], 
  [ 1528649599, 59312160286807, 2163477091777715113 ],,, [ 10072834520384017 ]
   ,, [ 138007429698367437520412475131167 ],, [ 25689734039201 ],, 
  [ 1555277863, 209858667481 ],, [ 606107119797628884872214274801 ],, 
  [ 278966551308088204655336051 ], [ 35947779165108007 ],,, 
  [ 19111548237785724751 ],, [ 32449931389206424683929 ], [ 24953328451 ],,, 
  [ 38561340634348818444477174337 ],,,, 
  [ 2786284975681, 598575105028625107046090881404013020641 ],, 
  [ 9798851966860203971257, 105254907036981769941545083513429 ],, 
  [ 274948788795214517 ], [ 318171704737261 ], [ 57141497629537747736567 ],, 
  [ 933769889827155661985401989897687707620086841 ],,,, 
  [ 165351521740189, 11008747625721140413 ],,, [ 1126081762182301 ], 
  [ 1583135542327349081022689 ],, [ 122701876005984218387806543 ],, 
  [ 45275599605421, 804268200316084893412535949328261 ],, 
  [ 868347244222459, 10440980203358244100289, 901400687999409561719845181, 
      2520181793796367806159741689003 ],, 
  [ 45262802823066449, 54247292400543062063849 ],,,, 
  [ 48253444693, 6353883542569 ], [ 17105500567, 27695493757, 72543709533709 ]
   ,,,,, [ 82878603037, 621520169323 ], [ 3645986761 ],,,,, 
  [ 456789840601, 17926829360364601 ],, 
  [ 4527803741, 27986448474556117789164247 ],, 
  [ 162846625489, 1421563960190593, 10482980226378437016010378429666009 ],,,, 
  [ 1313747563441, 9547512593009 ],, 
  [ 5007223105711, 13736500452897698778148771 ],,,, [ 1272958243, 3109691353 ]
   ,, 
  [ 19950454751257, 13415213390673198961, 26127864820720479097, 15590279042167\
14933356383272647713 ],, [ 1524562727, 14861387537153 ],, 
  [ 12067448353722521, 75700799486027196555479681 ],, [ 260070067128208489 ],
  , [ 9158705473, 162007758529 ], [ 16513544489851 ], 
  [ 9863830343, 3097353500837, 178526636003021, 15908881220409210893 ],, 
  [ 24354819769228060201, 31390407185198273389978513, 
      128400914408616596530135917148273393083277993 ],,, 
  [ 345785769899114161 ], [ 1228742993 ],, 
  [ 13231300684177287466959289297447 ],, [ 1526181557, 2523218621173 ],, 
  [ 57751072046599 ],, [ 6345964835396892053892276573601 ],, 
  [ 1034816973012373 ],,,,,, 
  [ 1237321849, 4571071023858641, 4863625882750191537981847009 ],,,, 
  [ 2023057513, 8457130286525161333, 2472065458416982209601, 
      96386596386812059452178321 ],, 
  [ 55288790363, 27735525956361149, 102432492307017391, 20943466698104357063 ]
    , [ 163778943543022921 ],,, [ 13216713738350371 ],, 
  [ 47745007843781, 11634490874157061 ],,,, [ 41248456671049 ],, 
  [ 43022699422047563 ],,,, [ 38036642461811551 ],, [ 1027417169 ],,,,,,,,,, 
  [ 37796946108499, 7862664987637911306588367 ],,,, [ 545929917677 ],,,,,,,,,,
  ,,,,,,,,,, [ 1949622812281, 135008690018959, 194814667197343 ],,,, 
  [ 286760717475931 ],, [ 160523853361, 35895051452833 ],,,,,, 
  [ 3620048726587 ],,,,,,,,,,,,,,,,,,,,,, [ 157704487861 ],,,,,,,,,, 
  [ 1739495801, 35552998822970118701 ],,,, [ 1125190063 ],,,,,, 
  [ 73570201921, 5152692944521 ],,,,,, 
  [ 2657380699, 161297122321, 19106050341709 ],,,,,, [ 854177681495521 ],,,,,,
  ,,,,,, [ 15556970677249 ],,,,,,,,,,,, [ 317078154053497 ],,,,,,,,,,,,,,,,,,,
  ,,,,,,,,,,,,,,,,,,,,,,,,,,,,,,,,,,,,,,,,,,,,,,,,,,,,,,,,,,,,,,,,, 
  [ 9699554401 ],,,,,,,,,,,,,,,,,,,,,,,,,,,,,,,,,,,,,,,,,,,,,,,,,,,,,,,,,,,,,,
  ,,,,,,,,,,,,,,,,,,,,,,,,,,,,,,,,,,,,,,,,,,,,,,,,,,,,,,,,,,,,,,,,,,,,,,,,,,,,
  ,,,,,,,,,,,,,,,,,,,,,,,,,,,,,,,,,,,,,,,,,,,,,,,,,,,,,, [ 403729273921 ] ];
