BRENTFACTORS[4049]:=
[ ,,,,,,,,,,,,,,,, [ 20869169809, 198824236781, 37711183570573 ],, 
  [ 1005408827, 3035749169, 9252258203, 4453019837028593 ],,,, 
  [ 258319031949871, 1038536760308961083 ],,,,,, [ 3282805570321 ],, 
  [ 125645056659599, 5339307355773528337343291, 8080417458643092292433413 ],,,
  ,,, [ 3309135053561383, 6706874600598361961705457408376091 ],,,, 
  [ 1747988510330374920902082403400685297011 ],, 
  [ 1238631083, 5260955710392901045814227, 7418708286287343139565101, 
      216930159377887700073428856138238757, 
      34967461953701567008298383526425950727574816927 ],,,, 
  [ 209029934083, 666271215897957758417576749 ],,,,,, 
  [ 213883385653081, 519696820049059679354980919, 
      59836451564756472213071734895293 ],,,,,, 
  [ 27016235170417, 1395459183540439, 5018584802880651324181 ],,,,,,,, 
  [ 11385251443, 629517078561737030647 ],,,, 
  [ 522142536427643867128201, 465836449921784600264444557 ],, 
  [ 6257424250223, 139821918973247141, 942577104473686341061 ],,,,,, 
  [ 249373304849, 12292097092537946842003 ],,,,,,,,,, [ 25735701719363 ],,,,,,
  ,, [ 124282850730827603 ],,,, [ 21405037314319, 25538178013376797 ],,,,,,,,,
  ,,,,,,,,,,,,,,,,,,,,,,,,,,, [ 533498225311 ],,,,,,,,,,,,,, 
  [ 37669848779617 ],,,,,, [ 5564908581268273 ],,,,,,,,,,,,,,,,,,,,,,,,,,,,,,,
  ,,,,,,,,, [ 17540562464485823731 ] ];
