BRENTFACTORS[636]:=[ ,,,,,,,,,, [ 48078676603 ],,,,,, [ 6152951891929 ],, 
  [ 58016901889 ],, [ 12955417523119 ],, [ 837585099391309 ],,,, 
  [ 3856628107, 12587238768799 ],, 
  [ 9834118100614645514107, 135147581816838309894211 ],, [ 6074265536994757 ],
  [ 406330864975297 ], [ 259896189392797 ], [ 237500727647 ], 
  [ 8375570981, 87819945397115681 ],, [ 218622074555439694507 ], 
  [ 43201829619574183 ],, [ 6843907080263041 ], [ 181657259638615589863 ], 
  [ 3100119812161 ], [ 1374533821738979544088207, 446157072392246468061493283 
     ], [ 1799364049253, 21272105991349313 ], [ 194239082623742426814031 ], 
  [ 53886965377313, 55604581972239166741247 ], 
  [ 247375040770839484707550919 ], [ 9258949206277153 ], 
  [ 48620641924118957071361053749632097613 ],, 
  [ 1783766081521, 6973927808546011, 30808988101539342996079 ], 
  [ 1437937955533, 377590288571590537 ], 
  [ 51389900309688332963132171218523353 ], [ 196726044785325193 ], 
  [ 3102068181183370102001 ], [ 1090256081106809, 17631602152725233 ],,, 
  [ 12256828765506426763 ],, 
  [ 119386528829475285636529, 50620113973965682149026413047890251 ], 
  [ 1498216361, 4312824653826833971 ], [ 606260108161 ], 
  [ 34722620167089089, 19194949794215990273 ], 
  [ 135042665291, 13070606771994337267882353421, 
      90310948974692141588277086170876811 ], 
  [ 109654171573, 9624442506578093075509 ],, 
  [ 48900097237, 1310139421038343393 ], 
  [ 4630541641917904639, 162878794016834613518582791 ],, [ 56745988597 ],, 
  [ 544584577393 ], [ 2529176959 ], 
  [ 79849006464476251, 792052257302688001, 11560049377426546072501 ], 
  [ 1415728837, 381419965807273, 313903767749550412429 ], [ 70217784976571 ], 
  [ 399129155565154599107225041 ],,,, 
  [ 399537985122817924338248020264204052596619 ],, [ 92028275317021 ], 
  [ 17026095073263541 ], [ 1203065956655485749604680323 ], [ 11005848707137 ],
  [ 259714092933301039475641, 8294770949253497013383134230245219809 ],, 
  [ 39901155510691 ], [ 5316605829809, 466850734259164665268762643567101 ],, 
  [ 22607495854303627 ], [ 95433689333038378494952180219409 ],, 
  [ 1305413648094337, 651753359682448321 ], 
  [ 19854385645705482247, 333282313825948645463 ], 
  [ 23525569963771, 319306606710376936126519 ], 
  [ 299215352426580408658662853955755095277 ], 
  [ 109838983236245801, 2555654746776730265889217601 ],, 
  [ 118704229827280267, 2014362011549894556541, 12938686124129226109843 ], 
  [ 1504060862951, 10218912730057 ], [ 87526684753 ],, 
  [ 829911516158256910237, 1941622554048640845636009818137, 
      1441924505500595398616526583983199 ], [ 12642314077 ], 
  [ 527241792915469 ], [ 34738363003 ], 
  [ 18822081175728050809959958831, 915851556376407241050289728251 ], 
  [ 6823808055973, 14022348878071, 123570396778021, 148641519413384227 ], 
  [ 152775345015217, 473586816622193, 65577352616801586422578537297 ],, 
  [ 149883580857840187, 4306294183734419581451738983 ],, 
  [ 13209134539681, 61301722414393, 5792173385802571070835277 ], 
  [ 403812300279259, 201878261182229485307234023153 ],, 
  [ 2853550467994532237, 138438578715704225267 ], [ 1060269601 ],, 
  [ 3143696834794151, 46986683988361609, 7802505343670814503881683784999 ],,, 
  [ 4287138001, 122029451955251 ], [ 73576607604823 ],,,, 
  [ 276645434991107299809130217916452468964215941909976085879221411 ],, 
  [ 41843190577, 1275414558879266221848913263144857750274578593 ], 
  [ 281066727667643 ], [ 67201072398809559319 ], [ 1277576128261 ],,,,, 
  [ 1592196901, 4380211922850961, 300924906360856327397074405041393443472301 ]
    , [ 126268174339406533831 ],,, 
  [ 4765696417, 124141834513, 1569186105287008177, 
      5195441129289955062145661867761 ],, [ 559648719413967713331857219 ], 
  [ 105054636919 ], [ 21166639918530256143473 ],, 
  [ 511721187563171636553751, 299308282851935554784822795956183845451 ],,, 
  [ 34455528091, 538486985291347 ],,, 
  [ 116161950799441, 6861836714631511084577509, 
      64765550218658826624802383059297723701 ],, 
  [ 7738946993948147, 141238039145815147 ], [ 1325093281 ], 
  [ 16441437281, 1733749574172791751841 ],,,,, [ 23292983011 ], 
  [ 80146439976749, 210106602812314514057 ],,,,,, [ 90419876445899149 ],, 
  [ 1136560748186341 ],,, [ 7224459334970221 ], 
  [ 284041855637, 28414180479871, 31194081000115571 ],,,,, [ 13369530553 ],,, 
  [ 1945553156897884181881 ],,, [ 319828675444867 ],,,,, 
  [ 138232752629, 935958906351127730633 ], [ 2954101761781 ], 
  [ 1215904598690489 ],, [ 16583744380049601283 ],,,, [ 1154487167 ],,,, 
  [ 3980052085901377 ],, [ 1307095769201 ],,,,,, 
  [ 7158256559, 161420354883043133 ],, [ 4213897398822375044353 ],,,, 
  [ 323785003031328961, 508612671499689228341 ],,,, 
  [ 13302082753, 103871923457 ],,,,,, [ 201037753875328187641 ], 
  [ 2403940911373 ], [ 31124902153 ],, 
  [ 62210324894563, 25758523848470766530835529 ],, [ 220306183609 ],,,, 
  [ 24076012801, 1216162194137521, 116714862262882561 ],,,,,,,,,, 
  [ 726018342507251 ],,,,, [ 866819869021, 4386434126791, 1334635744062451 ], 
  [ 8392207310849 ],,,, [ 17473509127185281, 36070426424000668185721 ],,,, 
  [ 83937052924561 ],, [ 1409593319, 6506024309, 250335729757 ],,,,,,,,,,,,,, 
  [ 26463770528207756521 ],, [ 6933076572578110711, 1287385310735571550729 ],,
  ,, [ 38495242787, 3472554282341 ],, 
  [ 11163800449, 62445328129, 185986114796519813089 ],,,,,,,,,,,, 
  [ 4266557101 ],,,,,, [ 407378602115047 ],,,, [ 30002864231 ],,,,,,,, 
  [ 84369978247 ],,,,,,,,,,,, [ 2737801398248990701 ],,,,,,,,,, 
  [ 2178615961 ],,,,,,,, [ 35323744306398733 ],, [ 1402969751, 1523775751 ],,,
  , [ 162548272849, 214671047707, 13192125641977 ],,,,,, 
  [ 77426075161, 5067366166081 ],,,,,,,,,,,,,,,,,,,,,,,,,,,,,, 
  [ 718618063411 ],,,,,,,,,,,,,,,,,,,,,,,,,,,,,, 
  [ 16052923741, 6167403165614881 ] ];
