BRENTFACTORS[7717]:=[ ,,,,,,,,,, [ 308709882493 ],,,,,, 
  [ 3921388682030266239134448257 ],, [ 6685590981143216843 ],,,, 
  [ 14152212981033183660002211676463 ],,,,,, 
  [ 328531096836248810811977574063463 ],, 
  [ 67719288949624476511, 101001667541633665224457392011 ],,,,,, 
  [ 64855309697 ],,,, [ 1755381350399, 185484115941031 ],, 
  [ 29920734884709626014120617902764223875329586774387480774341753656727613 ],
  ,,, [ 284173497893 ],,,,,,,,,,,, [ 44497107223 ],, 
  [ 65809847927, 13977554227082788495835005018613 ],,,,,, [ 1464155910967 ],,,
  , [ 7889512085822663669369 ],, [ 7903285068078181283104949 ],,,,,, 
  [ 4778247964393, 898639307093867 ],,,,,,,,,, [ 2136414029 ],,,,,,,,,,,,,,,,,
  ,,,,,,, [ 299949523507 ],,,,,,,,,,,,,,,,,, [ 7584498951361 ],,,,,,,,,,,,,,,,
  ,,,, [ 3714155849507 ],,,,,,,,,,,,,,,, [ 13482666511 ],,,,,,,,,,,, 
  [ 6798418927 ] ];
