BRENTFACTORS[914]:=[ ,,,,,,,,,, [ 3727773061 ],,,,,, 
  [ 72284848531767012282697 ],, [ 9116880391 ],, [ 9458141533 ],, 
  [ 5545795762609, 10681637348127173 ],, [ 3466462707939151001 ], 
  [ 1546106329646477 ], [ 1487603225053277903071 ], 
  [ 16179130633, 44550763069 ], 
  [ 6234969029, 177092978009161987, 84401021172962808996083 ], [ 9647312791 ],
  ,,, [ 137832632532574961 ], [ 600479894265332761 ], [ 59076708176662273 ], 
  [ 2741614753, 10969194699719 ], [ 11439063871838271797 ], 
  [ 304027426951, 4587149076277, 21110350684567 ],, [ 310502988421 ],, 
  [ 1756765448749, 2881543077064741, 7231120730214097 ], 
  [ 6085331631599823410120633 ], [ 35793106080788252553571 ], 
  [ 224331705140640182581309339 ], [ 82847683965862217, 93842680930515551 ], 
  [ 252495745921 ], [ 192548009052200878786140729885334557727 ],,, 
  [ 151547842213, 23598455085257053 ], 
  [ 540895947769595333, 13767836776206960032949595483 ], [ 1022528376841339 ],
  [ 1295827831, 16154711440891 ],,, [ 131058099783562494595454411507 ], 
  [ 12136111342342812833 ],, 
  [ 106424245727, 199324612344289, 1500811887391903876901362253, 
      44455053516191029746062388773863 ], [ 51253330979855678730472329120643 ]
    , [ 58315553876235727 ], [ 5487010769629671666076557905957633 ], 
  [ 1802603401, 2675800531, 1555576995179351, 109352499849088081 ], 
  [ 126785463612356405473 ], [ 1301775698011, 655526677429070279928034777 ], 
  [ 18662410553, 35677144559517864099449 ], [ 25097629303 ], 
  [ 9232763554018079261260718071 ], 
  [ 14712269490660039167, 377395501685374278163 ], 
  [ 9482513516353, 9958806768241 ], [ 189187282969, 342167518163039 ], 
  [ 638595313179372013, 63168846417914199475401392842567193 ], 
  [ 23080842901, 253422149976466675153451310451, 
      34556371389913844883750636344701 ],, [ 1495012436317608928968931607 ], 
  [ 16629403363, 324243004879, 3834259202370013 ],, 
  [ 22982185742945323971446679644161 ], 
  [ 262779513874578991, 10073780666807346475527898008703 ], 
  [ 790902245756509, 3334242806145596621, 16594915547596975373 ], 
  [ 165742474241, 7736316979957919 ],, [ 1164570721, 3552371120933679281 ], 
  [ 258530202413244466189060767381485948951 ],, 
  [ 21047062415369, 2401408903192287232280873 ], 
  [ 5024133661, 16678470335462477 ], [ 566470982784669802779471031 ], 
  [ 168473499483199, 2071081616571690997, 44316405655954658923674979, 
      545488762822099109623172837 ], 
  [ 2246667339946738354176151354643281728014856262853 ],, 
  [ 8870799929, 106511227259704279161889, 4463625747124548041762879603353 ],, 
  [ 10788042049 ],,, [ 9362497167754163698519, 1065402782225205380120516221 ],
  [ 3313762901, 64566717121400468411666328422737128723101 ], 
  [ 160214367411355769 ], [ 5215485334539077763043519 ],, 
  [ 8587333457, 968919265910110462448860210148441 ], 
  [ 2378146542251322901093470751, 5260714767176399154436218243482130571 ], 
  [ 2522211209009, 5137960931076889488011 ],, [ 60394769474992783713973 ],, 
  [ 1179561606850624691, 2233563866989532579736191 ], 
  [ 179554557614068600981 ], 
  [ 10670430961, 140883072298983595084399779458878178395073 ],, 
  [ 450209480742826300316116160383029385330470720379 ], [ 2827668761 ], 
  [ 33365487277, 125869140446945881 ],, 
  [ 8450536416392999, 20640601378402870391 ], [ 4889288151165391 ], 
  [ 453023186818799252548801 ],, [ 2667721346009021, 155840397579543857 ], 
  [ 1296486923749207987189 ],, [ 15337371001 ], [ 1947856303 ],,, 
  [ 2889980809, 7141788301 ], 
  [ 418750956131, 25653810464881, 270095892956464629067442982895031135371901 ]
   ,, [ 31477659049, 24401977832263439851900256358901 ], [ 2133909457 ], 
  [ 806595127081 ],, [ 1469418935338633 ],, 
  [ 2748592369, 2966207998293942312802039 ],, 
  [ 18733083181, 643328956518399061, 12349760337975691616012166157061 ],,,,,, 
  [ 77271738975857 ], [ 39244282477, 228987235691837214271 ],,, 
  [ 32418715432164596080047655643360251 ],, [ 5177664161 ], [ 13217923063 ],,
  , [ 3537978863523678601, 32940822210631417425831792642557815637039555233 ],
  , [ 35661785791 ], [ 56557441545271 ],,,,, 
  [ 596557160077, 13275161133737, 21281946812978553221573 ], 
  [ 12107130120031, 42261531882571, 987709986467821, 1215368591087223871, 
      47183142408801828001 ],,, 
  [ 11717264329, 2594967936824751088588649689653561108551665406013185134598317\
93 ],, [ 24611082241, 25538197777297946495281, 211222680563866599048422321 ],
  , [ 1473788594309, 4846398078974686255739526481 ],, [ 11450875022540029 ],, 
  [ 671149972417, 154145298598144579147075457 ], [ 6283055731 ],,,,,, 
  [ 141624193003, 753559620157 ], [ 75260656031787428349295121 ],,,,, 
  [ 130337055451 ], [ 2920401271, 173694633630541711 ],, 
  [ 244799356334547649 ],, [ 364561957528511923 ],, 
  [ 17833972398817, 7101205076920774513 ],, 
  [ 3871510114901617, 2955659715479878586980763293 ],,,, 
  [ 72530077428757147, 176320695768381796717 ],,,, 
  [ 44958365779451, 33525914246942661043, 46206342784815868817 ],, 
  [ 3691523681, 13370253521 ],, 
  [ 611751389178898334644677211, 7522183112816768667362139581821 ],,,, 
  [ 1933038461 ],, 
  [ 242476773964166377, 53418961154975768857, 760656979086869659357785169 ],,,
  , [ 27178904281 ],,,, [ 7131732949246753 ],, [ 182009154919 ],,,, 
  [ 4447186315021, 501310757859236434941182671 ], 
  [ 108713021341, 8968188855781, 101327598403417 ], 
  [ 4135507417, 11049568633 ],, [ 112885938290826091 ],,,, 
  [ 1873217072501573 ],,,,,, [ 1236234541, 65503344294301 ],, 
  [ 43200496991203, 1242346042647569879401 ],, [ 398383541009, 1816274886137 ]
   ,,,, [ 203653471090549563918073 ],,,, [ 4659081473 ],, 
  [ 178444358715391316006502656647159 ],,,,,, 
  [ 17979856077955910196433, 152307663498838288705173097 ],,,,,, 
  [ 854128571581 ],, [ 1658501233 ],,,,,,,,,, [ 95991232676614270363 ],,,,,,,
  , [ 105679262734411931 ],,,,,,,,,, [ 501365471701 ],,,,,, [ 1016551279 ],, 
  [ 560586788609 ],,,,,,,,,,,,,,,,,,,,,,,,,,,, [ 28291555727569 ],,,,,,,,,,,, 
  [ 590032927117 ],,,,,,,,,,,, 
  [ 420940724401, 2014811535601, 1181359570345861321 ],,,,,, 
  [ 160283292279889 ],,,,,,,,,,,, [ 6614621623 ],,,,,,,,,,,,,,,,,, 
  [ 10730124109, 685276984261, 29411064557821, 650292199542613 ],,,,,,,,,,,, 
  [ 973362253177 ],,,,,,,,,,,, [ 38285800981 ],,,,,,,,,,,,,,,,,,,,,,,,,,,,,,,,
  ,,,,,,,,,, [ 336598808728936909 ],,,,,,,,,,,,,,,,,,,,,,,,,,,,,,,,,,,,,,,,,,,
  ,,,,, [ 7131022471 ] ];
