BRENTFACTORS[2297]:=[ ,,,,,,,,,, [ 2040395677 ],, [ 2177186528609 ],,,,,,,,,, 
  [ 33574291919110528289240468089, 
      2628597821189685295341078861971676024612183463 ],,,,,, 
  [ 503545877288189, 3276248168549096219 ],, 
  [ 21040185958666324199, 789946879482395473997 ],,,,,,,,,,,, 
  [ 120392192233, 5671563241452218837, 10104474686473575453573320707 ],,,, 
  [ 12303540288529510049 ],,,,,,,,,,,, [ 3934296307214049353639 ],, 
  [ 1306183607, 119231638647363439 ],,,,,, 
  [ 807583650660069809, 31812811905861711643 ],,,, 
  [ 315006988101672539, 140536858785781180205773267 ],, 
  [ 693995562983, 123409364667674272388254586158388611 ],,,,,, 
  [ 103181059757, 354215373443395121586972939001, 
      1050306597222840373654396981343 ],,,, 
  [ 6981501841, 25845832226503, 4716130339565352899, 
      247949150043382129058458627651 ],,,,,, [ 124866069773 ],,,,,,,, 
  [ 991899835307, 2712293087037263 ],,,,,, [ 2279407853667877559797 ],,,, 
  [ 4135249885613259817 ],,,,,,,,,,,,,,,,,,,,,,,,,,,,,,,,,,,,,,,,,,,,,,,,,,,,,
  ,,,,,,,,,,,,,,,,,,,,,,,,,,,,,,, [ 18814456448927 ] ];
