BRENTFACTORS[526]:=[ ,,,,,,,,,, [ 3224249579 ],,,,,, [ 17136825997 ],, 
  [ 101471112797, 57603811968804463 ],,,,,,,, [ 2455285885323697 ],, 
  [ 113283978530251, 98078556068859077, 12487166112815550931 ],, 
  [ 285526315061970481085154871 ], [ 2763824737, 6468586433 ],, 
  [ 6676098265162201 ], [ 1047906139050464401 ], [ 1864812349 ], 
  [ 35041921771228891, 281210700326123193246919 ],, 
  [ 331188643178037855253323883957771 ], [ 95118031300441 ],, [ 253892722903 ]
   ,, [ 1736373975029 ], [ 8756764994618274174948991 ], 
  [ 67317607425689492143 ], 
  [ 3306074446813961, 1787434881418068450155899815282007 ], [ 12372309601 ], 
  [ 934409118968441789 ], [ 6111777568826673001 ],,,,, 
  [ 14427736951, 27618018434821, 2207351730113688753211 ], 
  [ 56271789169, 249278913241 ], 
  [ 918415046508656116645005912392117142697303 ], 
  [ 24779184721506623447962513082663 ], [ 223919122201123721 ],, 
  [ 3908639783, 7137524331264013, 3190654904209508357377523, 
      642068649725860413964833611452889 ], 
  [ 1027804720656816790005277788740397721 ], 
  [ 3948019219247071879, 321076422221672395783 ], 
  [ 1867150173282241, 248605347605223747451457 ], 
  [ 51166147631, 48499847335856801, 1254861423770653730071, 
      216288590600878959490036820199181 ], [ 22219809529278104942287 ], 
  [ 100719199962813877, 243136521839901927317 ],, 
  [ 969161141264761971499, 70528798727953720042690356529513351 ], 
  [ 3440319289423668961 ], 
  [ 533862739637, 24778255805021558857, 179513804084099677969577747 ], 
  [ 174040309122212575096849 ], [ 16608490475243 ], 
  [ 283358598568004035308644380653619875337 ], 
  [ 180950794834054117479751725733501 ], 
  [ 142245028361941677244673233, 96216995563552047383767781862024293 ], 
  [ 12598935545295331, 553331322627038749949, 8429978820887357248046650273, 
      107959136860453546080356755781509 ], [ 4077800972893284139917727 ], 
  [ 73806719654786539, 7308559035391291980473, 137664704407459224504059 ],, 
  [ 4103649156547, 6131712738380535341813179 ], [ 48807258541 ], 
  [ 171469934538449683 ],,, 
  [ 2105075951438836631531, 412877049536565245041741, 
      859123684760710829145029080070869 ], [ 9104960119 ], 
  [ 30098666107977815170866814638916000836005761 ], 
  [ 28158585306141154617731333893 ], [ 46241058432241 ], 
  [ 6455939702101891, 1606348353592557121 ],,, 
  [ 18804854465009204578153, 775568190201607989829497149677 ], 
  [ 4062903191, 43349229031, 49215379799461, 241906358647496778038071, 
      323986579756188115037106151 ],, [ 9696736528121 ],,, [ 152044062701 ], 
  [ 17685405317201591 ],,, 
  [ 9799190915026807841, 491323335795708853215664408121 ], 
  [ 4028097781, 28174161331, 3582873098281 ], [ 20311298740270256816281 ],, 
  [ 5925830629274173, 6736295831792179951974044640737593 ],, 
  [ 6110122199669454011, 10028035648011414532999335902441 ], 
  [ 515584359726481, 9355540419335932963 ], [ 52161160203377 ], 
  [ 1221434683597 ], [ 60628307869, 6535975258201 ], 
  [ 79297422461, 4495561786628441, 1933361464963247052511, 
      1301846128100631639085751 ],,,, 
  [ 670993847292679, 2507317015199809, 98153339277040097 ], 
  [ 247283112648937801 ],, [ 70881815858215894776787 ], 
  [ 2679488764747, 15399717400049113 ],, 
  [ 24270695560751, 328694154395022659251 ], 
  [ 166868365987, 6845618913337, 132317825055067 ], 
  [ 89521565179, 3013369503430070957 ], 
  [ 143917972320769, 1792178728004993, 57148571728937717429150081, 
      3841407985034061414406908161 ], [ 18290248231, 28024324036900120201 ], 
  [ 1188191260459864352403801938155665151 ],,,,, 
  [ 34417785938695045819592941 ], [ 39899515577 ],, 
  [ 3203027913793680681534753890491 ],, [ 1255737007763740635701 ], 
  [ 11037977285145001, 411748732163151081379 ],, [ 56113556929 ], 
  [ 1377376352146275121 ], [ 30516637651 ], [ 1824494945970837905567286383 ], 
  [ 447681668029, 58945953236905888819 ],,, [ 67746357451 ],, 
  [ 30591866051030801969 ], [ 7136017070851, 26604411644211967 ], 
  [ 17048057027, 108918734233, 318593965999, 5977491776273182557701, 
      101367266491412115333274764465415742087 ],, [ 471111521791341913 ],, 
  [ 34767646253 ], 
  [ 62829687931, 3717213581113, 7833490930087, 188934962433453139 ], 
  [ 164506447519524001 ],, [ 272410489909, 7640209716751 ],, 
  [ 40559352109681, 21792162491981414611517 ],, [ 11913794305020523 ],, 
  [ 1044150087487753, 241137722867926911194854929310912302493570270807635649 ]
   ,, [ 6017000401, 328082803381693421 ], [ 1860286429, 269591231269 ], 
  [ 33804201352157 ],,,,, [ 7635754702347217 ], 
  [ 119305899793, 334736808162381511, 141859509432998206081 ],, 
  [ 5480929900281346555501, 79596167939918266163292361, 
      20695744101751281342427866148024741 ],, 
  [ 533778546684182067451, 1655455570829689917335690371 ],, 
  [ 3267971256217, 3939002199340561 ],, 
  [ 2558416423, 98041462631959792248496914793 ],,,,,, 
  [ 776181477121, 1140363775641793, 42433356625948609 ],,,, [ 4979201053 ],,,
  , [ 32827230001 ],,,, [ 62071165650869413 ],,,,,, 
  [ 5456101729471, 4098530174583082750368781 ],, [ 2885056697, 2592033282233 ]
   ,,,,,,,, [ 3732331937584390801 ],,,, [ 40498043713 ], [ 302951089351 ],,, 
  [ 11556091537, 356005413857058613 ],,, [ 39193450297 ],,,,, [ 89483242553 ],
  ,,, [ 249545689488241 ],,,,,, [ 1537173067, 609657159926544619 ],,,, 
  [ 37308445501 ],, [ 7809817937293 ],, [ 2729295533 ],,,, [ 1174901557 ],,,,,
  , [ 3320593846417, 6839885598686449, 23855926994726321404537 ],,,,,,,, 
  [ 86520193313 ],,,, [ 30157221172969789 ],,,, 
  [ 1072711056481, 283324797269081681 ],, 
  [ 1879001850707425345207, 107097405353458804566913 ],,,, 
  [ 2436619901, 1190515859963, 8994006715022295603781 ],, 
  [ 11490256732033, 1292205570810510529, 19593025297208856745619476609 ],, 
  [ 2312921833991, 244795314681818101 ],,,, [ 3418300663 ],,,,,, 
  [ 2207652063681901 ],,,,,, [ 3529026492230269 ],, [ 137834012489713 ],, 
  [ 18017855862971 ],,,,,,,,,,,,,,,,,,,, 
  [ 1938865501, 26776548481, 117571497808585921 ],,,,,,,,,,,,,,,,,, 
  [ 152550904813, 1255089451804261 ],,,,,,,,,,,, [ 6001880629321 ],,,,,,,,,,,
  , [ 1493853793, 386697841273 ],,,,,, [ 215424519556675339 ],,,,,, 
  [ 199300838725899468673 ],,,,,,,,,,,,,,,,,,,,,,,, 
  [ 6420170089, 546975020401 ],,,,,,,,,,,, [ 1224381481 ],,,,,,,,,,,,,,,,,,,,,
  ,,,,,,,,, [ 1089461497951 ] ];
