BRENTFACTORS[1283]:=[ ,,,,,,,,,, [ 7405691261 ],,,,,,,,,,,, 
  [ 594415174060928887, 5691407730331615728497 ],,,,,, 
  [ 1578532031543793617, 162271429920238625454977, 
      6524543196263622239328070169563 ],, 
  [ 12266078389, 96353796876113521939 ],,,,,, [ 2602874447, 4738006733 ],,,, 
  [ 1429620668102591, 221142587410370990864549754496074837277159, 
      110540215920985798177831409398408948582359253 ],, 
  [ 60841088807, 37699225360312151, 19122563348362287087893, 
      42231866051732830242798235803424068491, 
      18973279964583266842859661778929016816238203 ],,,,,,,,,, 
  [ 9647939801, 64213408028281952330369, 383947109309461060519248683 ],,,,,, 
  [ 241643054293, 86952584937222163933, 33019015171188560697901544951 ],, 
  [ 1500367591, 2645107667589239549 ],,,,,,,,,, 
  [ 1220903225468616078997, 43417218098117041444746069099379 ],,,,,,,,,,,,,,,,
  ,,,,,,,,,, [ 58420648064071 ],,,,,,,,,,,, [ 55056745187, 923186767549 ],,,, 
  [ 1676122688547835939 ],,,,,,,,,,,,,, [ 121095819023 ],,,,,,,,,, 
  [ 1153927711, 1650609703, 2051901883, 45456041563818953 ],,,,,,,,, 
  [ 1802511888229917829 ],,, [ 2344953888143, 149609691183820963 ],,,,,,,, 
  [ 319668633523 ],,,,,,,,,,,,,,,,,,,,,,,,,,,,,,,,,,,,,,,, [ 13358181517 ],,,,
  ,,,,,,,,,,,,,,,,,,,,,, [ 460363760041 ],,,, [ 304957874921344627 ],, 
  [ 56369605837 ] ];
