BRENTFACTORS[3167]:=[ ,,,,,,,,,, [ 8394212773 ],,,,,, 
  [ 852917055467, 11256786024431 ],, 
  [ 4993165941243330866003689, 459511159564243481623473667 ], [ 603656297021 ]
   ,,,,, [ 112445884020147151, 197790363622495601 ],,, [ 38022723257 ],,, 
  [ 123144722848934417853913479588301 ],,,,,,,,,, 
  [ 2769445965183547253, 732946014174596706144858503 ],,,,,,,,, 
  [ 56796686157593041429798351 ],,, [ 351755582914244855661817376076677 ],,,,,
  ,,,,,,,,, [ 1840966140547443881532455119 ],,, 
  [ 52919423353971829002542643518271511 ],,, [ 6779613077, 513082393183 ],,,,,
  ,,,,,,,,,,,,,,,,,,,,,, 
  [ 17002539206779001, 3224565786828781959940704873690982247883508482701 ],,,,
  ,,,,, [ 4500244633 ],,,,,,,,,,,,,,,,,,,,,,,,,,,,,,, 
  [ 31297279479868781, 1033113818281362581, 9598261419966616175521, 
      23401335674410563571270537589695656470291915710241 ],,,,,,,,,,,,,,,,,,,,
  ,,,,,,,,,,,,,,, [ 1088426501, 5760072151, 105527466101 ] ];
