BRENTFACTORS[2917]:=[ ,,,,,,,,,,,,,,,, [ 704796178530701 ],, [ 146450834009 ],
  ,,, 
  [ 9898488749, 438730200071, 45063130785008994680857, 70382010056653908858909\
7 ],,,,,, [ 76758307038133751 ],, 
  [ 42469206581721014347846751, 8717456254614623473435300484823342809503208376\
2685186056276884967 ],,,,,, [ 112223391607 ],,,, 
  [ 24994254878077, 36256158513379457, 965827250583068381166443, 
      200905926603397803414885197237, 
      2506920185273729284245706334403065265937 ],, 
  [ 264496173229, 3317331557549382754618889 ],,,,,,,,,,,,,,,, 
  [ 20212335160540662236293741 ],, 
  [ 1391302519, 31266372769, 7675661499634007616204187 ],,,,,,,,,, 
  [ 251921850649471 ],, [ 60264242158277, 632712505615879467350239587460483 ],
  ,,,,, [ 27874291323522139384909, 34669112605321704578785299439 ],,,, 
  [ 9826790884115896662371, 5320796556301618293354167956543 ],,,,,, 
  [ 309745207658681, 8567001380133491 ],,,,,,,,,,,,,,,,,, 
  [ 1353052879, 54437708197, 4925114212103, 24777443662277861 ],, 
  [ 4006117331, 10875889201, 82756944617 ],,,, [ 502819243241340963463 ],,,,,,
  ,,,,,,,, [ 109701624615109 ],,,,,,,,,,,, [ 26213694193 ] ];
