BRENTFACTORS[18]:=[ ,,,,,,,,,,,,,,,,,,,,,,,,,,,, [ 1505548068007783 ],, 
  [ 1276827537047 ], [ 3930785153 ],,,,,,, [ 7424759473 ],,,, 
  [ 4464951753212028068412713 ], [ 55547468813 ],,,,, [ 32401295018849 ],, 
  [ 10413571416962911 ], [ 5601346141 ], [ 4239894319 ], [ 31865908033 ], 
  [ 125500908706801 ],, [ 1288363483639 ],, 
  [ 4295428888967, 128998224914431, 312278175742409 ],, 
  [ 4110876980385153863 ],,,, [ 260674349667764744544365521 ],, 
  [ 14184594510552113, 562081533912939823 ], [ 1292838509 ],,, 
  [ 171677613761, 23821298356519, 8313279867213693856690162577 ],,,, 
  [ 78180455401 ], [ 6261053129 ],,, 
  [ 12802037494726063, 9886837665707422272737 ],, 
  [ 1964508729666289645801020967 ], [ 4354359491, 24997711153 ], 
  [ 86802964875867109109279559751944809 ],, [ 23718627631 ], 
  [ 5129762401, 597455435179 ], [ 20423794322970766662747461449 ],, 
  [ 1412957489047649, 36037321554594103, 2373467556415439369, 
      17280008471529631881887 ],, [ 107888439023 ], [ 5184266309231761249 ], 
  [ 2031563183945918294071, 361794341647699905505399 ], [ 1286609209 ], 
  [ 460137572778371557785054623257871 ], [ 41448704449 ], 
  [ 130958018700810567361260919261914712849 ], [ 86651455669280587 ], 
  [ 4893407785654797223 ], [ 1437058645425001 ], 
  [ 1872059039, 3649599443759 ], [ 28281862627 ], 
  [ 16327518523053828584399, 9780184826774860381450393, 
      15936754604932361311519937275763087 ], [ 260800658620746193 ], 
  [ 6391293850256281 ], [ 144828226935207572844491 ], 
  [ 69973191647290497588630127823, 540918390282121562487078958501625881 ],, 
  [ 163382228315181914965513289 ], [ 6749141521 ], 
  [ 6613356544591, 2756670060171673 ], [ 6139221193320769 ], [ 172438769983 ],
  , [ 82393874808821351987834521 ], [ 678538785553421893 ], 
  [ 1993017556871641, 7035278398590069608527 ],, 
  [ 5616807617, 54458809889863 ], [ 495520919281 ],, 
  [ 42043094784045697444762222723 ], 
  [ 1064115526969448071, 3690199547499754891800937863511 ],, 
  [ 74813517001, 36775924395863544366841001 ],, 
  [ 11366990729, 44818659041360657 ],, 
  [ 1830508640697003889, 18929430509608545389368331983 ], 
  [ 2570316451, 3242950762090314211 ], 
  [ 83265325271, 5429089043897, 5930563297848664945072061558646032207791111439\
4209 ], [ 1527087937, 8941138915237 ], [ 49070090119, 3522349102008270555071 ]
    , [ 14597889070451, 17412147374909347 ], 
  [ 157538228874391, 19604926044098138791, 2267163273850729470001 ], 
  [ 3670499942033 ], [ 19200881188957829725805247071484410657 ], 
  [ 824418892380831861979 ], 
  [ 3673904096631593189690128995143882476819326980784414950924123497 ], 
  [ 22576710941 ], 
  [ 2265788967915227678109312241889713, 1168075952295286774045290370148972359 
     ], [ 1206599617106390561, 99988492874568924239703307744649 ], 
  [ 1080002298233, 45456394926471841639167439134165631 ], 
  [ 994416129981667873 ], [ 4542493092455856362519026681 ],,, 
  [ 2790448537, 10763275729 ], 
  [ 6240284418223, 28836157900907730847114445717893484522671774404847044330042\
019761653582081 ],, 
  [ 406249039793, 78373400333814916269683486438417885224418718983258911361, 
      194417769489944940386335408155252347659053233827877641423 ],, 
  [ 25383561616923867703, 213818099127345344099315823804116404264567927 ], 
  [ 8575134569 ], 
  [ 1107229481, 4069317457763949581396117495290099929231469953601 ], 
  [ 5210864257 ], 
  [ 512827566190506799, 53078483693266259467586958497, 76540940022500855980147\
89228777137123501123152816279 ], [ 1735973262881810486884626006469367486329 ],
  [ 3429183529 ], [ 17619087361, 545145333573761 ], 
  [ 60226429201, 7701002411155649, 
      60597911009221555241268443356470120479697190071627155794893088601 ], 
  [ 3211621489, 2822726926367077537 ], 
  [ 460220533264379449, 657150340817630535751823, 
      4251032259169521505833244313, 1703876868956679644571293566676233 ], 
  [ 117012619172903468336363755054149226979817746816041 ], 
  [ 25158058915441, 180281596523246195671, 430892998397907888091194741841 ], 
  [ 531646634129969 ], 
  [ 18784995335047759, 410837730722982607633347170445951007, 
      16130066136752922910049615835299594860434852120377 ],, 
  [ 198383812344828058391, 4307879238838868183806405247, 
      563915195408451484310296017487, 8921092532746312807529605079688457 ],, 
  [ 109030539183149105839 ], 
  [ 9581702213, 43983075563266931110717441203192765085093 ], 
  [ 85205658777352805361851273, 16000644557667169300792913112120863 ], 
  [ 3687163849968995658130764979 ], 
  [ 1006771151, 142822063586538248694069751 ],, [ 198911602474703432401 ], 
  [ 5913313191525493627, 19707963950138874818292198421797573337 ], 
  [ 76241499555542964692198593564231594027444853461260598256606742425522073531\
995512176599 ], [ 872666624341 ], 
  [ 65536068769, 346355593522241, 250524183190568846758799 ],, 
  [ 4169249212024569235842583, 
      648170347116311073991134744471511980194247734257 ], 
  [ 18313945455473, 124292740483707572652291223230113 ], [ 140077676551 ],, 
  [ 279084170477311, 84688124912529896476569181570824417302559780435315045751 
     ], [ 2156450281888888469625703321842052657 ], 
  [ 10346280217687, 43237127713829239, 75072892952027455633 ], 
  [ 542059346041565200721 ],, [ 11434008961, 2650133387965577743576091197441 ]
    , [ 24697464417501280623919, 35642806830567716625687623 ], 
  [ 11299071543690131 ],, [ 120572959504483361, 834031516079989193 ], 
  [ 3768811729, 2961269699543 ], [ 2126524541648886863763049 ], 
  [ 2035622847075108410915725757499803891878451833 ],, [ 2740105903681 ], 
  [ 2292936589673, 18109050910739018194102682075265193 ], 
  [ 15414623572633391, 34287729886764649, 28254435065806562749858639, 
      999683789031940741556445143, 3104954045496996685797001293567232231 ], 
  [ 2842438795870273, 17947966945702190647093 ], [ 6386425681 ], 
  [ 513473199237485886299 ],, [ 4558459777 ],,,, 
  [ 244148373164317, 1198108158698393, 18219491741615249, 
      1525232544818439249731353 ],, 
  [ 832761290363531, 7731874493772323357347 ],, 
  [ 6672771423562679212753, 16297894989684166066993 ],, 
  [ 8953511131739512054889, 29206017033755091451623143713, 
      169490612692287574588118884321 ],, 
  [ 4969929912382242483969355497060426638861 ],, 
  [ 57095169829153516132919139336069139 ],, 
  [ 469692013656380929, 2263132116914116673, 1212757384379976518273 ], 
  [ 52745811435001, 1425616856701549185601 ], 
  [ 1684892449074870904774581891396161 ],, 
  [ 55580803513, 22295249525073672646621933 ],, 
  [ 1930773408050211089575377161, 7516342403453194393474042331 ],, 
  [ 51523455970414686913 ],, [ 786564396307, 454154940405739 ],, 
  [ 5324131927614977 ],, 
  [ 6407827084457, 9553228880989692242072057106316140044705248099 ],,,, 
  [ 15084343033, 1246146170990257045549178839518663949276163 ],, 
  [ 529719294127200118153 ],,,,,, 
  [ 19301767104251, 180182156384572588430251, 8404798426684218799994459622001 
     ],, [ 939208692997, 21899652142038022239553 ],, 
  [ 326813520888984977, 2224113911952795497, 
      4017882819509660635131381483969043 ], [ 1489856496481, 3464341027951 ], 
  [ 13183521051511297, 4944182613719870977 ],, 
  [ 23533969551787559303015556601 ],, 
  [ 1468823240041, 19550753008230882123401, 
      127359418819403064186024966593282777801 ],,,, 
  [ 7227531624968689, 49123471916529578833 ],, 
  [ 28421443006771760661619, 2456720450029173606256217 ],, 
  [ 8120113241, 14559334701001, 30099888863129 ],, 
  [ 336661563382460774011, 3658486243767581360997361 ],, 
  [ 109098022067869366514981110337, 25865309036957194492766472107975713 ],, 
  [ 17085673603, 20870479169, 467370716917593379513782965506783498615559416523
     ],, [ 1234155529, 23119301658166980615359635821933664621 ],, 
  [ 95799161123, 1125273264569, 143644541940923 ],, [ 6601276054801 ],, 
  [ 516850501955569 ],, 
  [ 27294590209, 40658768837, 26048642634589, 64847572636954189, 
      26310357525674657574901, 238282166345470862080681 ],, 
  [ 1120928953, 11262115410193327169990297256356379145854303318328010726712701\
257 ],,,, [ 21584216281, 312275133902139621761, 1586801117788981679412251 ],, 
  [ 536940143828660069022493 ],, [ 758731371523702913633641 ],, 
  [ 10680607288185043256027569 ],, [ 67448833423217, 646725044657873 ],, 
  [ 201870485101, 240320568001, 673445124601, 27902025782474101 ],,,,,, 
  [ 590126284009, 1543034531047775257, 7290066101612459257, 
      36996512544106327243 ],, 
  [ 3837898440029262533, 1678375623559585016168401000058126617 ],, 
  [ 984938339908206953441, 1216473020300826022855249568544847446401 ],, 
  [ 113633993486079374108113 ],, [ 835102540794307 ],, 
  [ 185026990267721725625447928330141280148587909, 
      3735633632419115668144385885859007488592446776521 ],,,, 
  [ 1434683436161, 58247889674277761, 13349280905191088232004843517040641, 
      2969659448067234231522118920873449494243811201 ],, 
  [ 1865040051943737561257 ],, [ 23207841037 ],, 
  [ 7233389243123479470058450076083787 ],, [ 1103301473, 6567382040161 ],, 
  [ 16172723046811 ],,,,,, 
  [ 44363539957177959540736657058216966536919376666199888513 ],, 
  [ 1582836763, 291237055097, 8010909801337, 430608464433811, 
      1783136240301993953256739 ],, [ 85541066136957490580054601901 ],, 
  [ 11106469565612704573867 ],, 
  [ 11579603892455472867559263640163477032074250216461049395161331279700390486\
6183601 ],, [ 22185435577, 3366351987318908383751104842047882414006644219 ],, 
  [ 5260668935161777, 49904091065414005320673 ],, 
  [ 2444675801, 23484480749801, 3481006881736240218478809001, 
      581592082203072152538700016757937201 ],, 
  [ 38033293099649, 110216823276588063936653633, 
      364959412424843254531572427457 ],, 
  [ 556368754393, 107422007758522041898154002993147, 
      65847933180681676193175718947793712638963 ],, 
  [ 55549978697, 43117865855616361729, 1933225518425821219764654901340101 ],, 
  [ 2043301177747126709233 ],, [ 553141343663281, 459390320979771734960401 ],
  , 
  [ 5085109086273659366850369361, 49965318626092073130488765204772755087759171\
2254319457 ],, 
  [ 340384248614957, 1045708568010712061, 10859270175991845304601383753 ],, 
  [ 515812522463132659477986859, 17787122597406129282933751519651, 
      27627689739510346063023047168753689 ],, 
  [ 7309231059435841, 5034160949052476449940737, 
      577719515978349067464415637569, 
      520289690568382566967263240224457543382721 ],, 
  [ 2349203171201, 7551941844211, 79689223024651, 994856436823481, 
      120707777382159453881 ],, [ 4646294881, 1099746040963046723993137 ],, 
  [ 2594256611 ],, [ 1410240077028737 ],, 
  [ 443134151361467421266377, 438367952373320063196326319859 ],, 
  [ 223962569921, 3189146193161, 54531393851401, 3697367283002441, 
      1659352458887702863021373641 ],, [ 56654219178017 ],, 
  [ 1942245618327159091654657, 131126070859614425948166105749761 ],, 
  [ 19140705907 ],, 
  [ 3852395353, 285724807097, 11986688438966689033246328331593 ],, 
  [ 49919095201, 136411378479356976346325521 ],, 
  [ 881340928049, 1278601804033 ],, 
  [ 5938866182119884484492819527816226786607051 ],, 
  [ 55512346060810981, 70250785809906403798948366813 ],, 
  [ 101591285827, 4065950527919003 ],, 
  [ 56992423751374087823201, 9669699494601450679790264365744681226327444801, 
      48992436948764823420024724203426077695412421761992351587968801 ],, 
  [ 189969530324617, 1336491284237505041267852297885131, 
      8971792730671659474418726977715102932931 ],, 
  [ 2216967373, 32377310801681, 277299490468807757, 743231905853117173, 
      1742887706977500301, 14736017334293270749, 
      2774869759829103602071626256997, 
      2010440841790254466728111858936696442769713 ],, 
  [ 976506995059, 754198508658783203, 8947927079940560539894088950717931 ],,,,
  ,, [ 2374011569, 22241736076837 ],,,,,,,, 
  [ 3493264321, 14044784041, 947051449771981, 472787139819941941, 
      33421946175915890041, 129495438280295715181 ],,,,,,,,,,,,,,,,,,,,,,,,,,,
  ,,, [ 520007906970451 ],,,,,,,,,,,,,,,,,,,,,,,,,,,,,, 
  [ 3325685761, 22901515275841 ] ];
