BRENTFACTORS[621]:=[ ,,,,,,,,,,,,,,,,,, [ 26368486491680803279 ],,,, 
  [ 508235407296841033 ],,, [ 16037810959, 16775618471 ], [ 4157773849 ], 
  [ 1893970457 ], [ 9691486491784892711901487 ],, [ 17501285178058446403 ], 
  [ 21049242689 ], [ 3222257083, 144069577807 ],, [ 947899480501 ], 
  [ 6249571777 ], [ 714601737613, 66081880831263740288000031828101240203 ], 
  [ 52406273891299879 ], [ 19560420283 ], [ 309412608900761 ], 
  [ 51157501592469631923855149 ],, 
  [ 1093862381, 1427678621580027716203581388564057993859497711 ], 
  [ 199984938473 ], [ 40681632967561 ], [ 9577875333471827 ],, 
  [ 29550416449 ], [ 435484301477, 8075232546407209 ], [ 152771007966151 ],, 
  [ 2356716701, 225474853553, 11972023843313 ],,, 
  [ 271854242288329529639988761 ], [ 795590263853164753 ],, 
  [ 90638969028906586806276107287 ], [ 20254510617523572638527 ],, 
  [ 17123456776765037 ],, [ 1295898787 ], 
  [ 7523126735229697, 106656354822879361 ], 
  [ 1676667879541932945922808411261, 5677619170091162410348716282608291 ], 
  [ 299962223605243 ], 
  [ 2013757367773, 1180298717209307, 109852068150482184884993 ], 
  [ 37032969187861706421605731998471424357 ], 
  [ 3410899627392060493, 75426180058678453331784491893 ], 
  [ 129350589493625221 ], [ 26482101637695542110915271 ],, 
  [ 767748412567, 137091885942631, 747224971332651871 ], 
  [ 17761837312331517108167207 ],,, [ 33782221397 ], 
  [ 279902053471, 110973127122834289 ], [ 10952896067 ], 
  [ 59101671281, 262535661089438627504521238805521 ], 
  [ 567067004671794979267, 39390998512135721465929519094221 ], 
  [ 8931701171, 47508679166180746963151 ], 
  [ 1015266793446991, 2525737482279943511 ],, [ 336302671910801 ],,, 
  [ 67993500759807315089, 16897627159532984658351636497 ],, 
  [ 1719240523817672071 ],, [ 109966056853257528005456713 ], 
  [ 8706283321215299929 ], 
  [ 5510820407, 685155477397112260816235569968977701327334653 ],, 
  [ 60839440854529, 111745042540758817, 91945129311491302124752129 ], 
  [ 51108771739, 8869362955501, 19480033826485901 ], 
  [ 417689229653357917399479716998074204671 ], [ 1312668085213 ], 
  [ 2543601591001 ], [ 7016957116537 ], 
  [ 9799679377, 49005985242379917220665913 ],, 
  [ 38517182497, 286983335497, 644086377169 ],, [ 19030014964997 ],, 
  [ 641650653131734310809177 ], [ 1121618149277, 1650841017961 ], 
  [ 9760385911, 3565754461825211487784655521036021064548211 ], 
  [ 2722075830037, 28442963375573738814619 ],, 
  [ 490194471386281, 409632267537406387 ],, [ 2580896954611 ],, 
  [ 21095395309 ], [ 59159204303, 1511940051277, 40441514436438127642296323 ],
  [ 32637924869592683593 ], [ 1267626961 ],, 
  [ 1449775710731, 653709842073567959 ], 
  [ 2029282010732929, 8635426682017231, 1398299571660057949, 
      19801707696939546762577, 27324122301267256212092239 ], 
  [ 6268796444238218941 ], 
  [ 4921063452251, 42830300234251, 725248247712780003670751 ], 
  [ 142598546763079681, 41081428279898546684887 ],, 
  [ 691117333889786625528891649 ], [ 69420431779 ], 
  [ 6357877341217827634982456910383954074427557083630761 ],, 
  [ 355777649318964841 ],,, [ 131294883633928291, 352292217666165631 ], 
  [ 2898461663369 ],, [ 155502225981015847675741 ],, 
  [ 13206215047572604224373904374454456561 ],, 
  [ 194327373091820981, 480576726116697103, 99818877983340317944349, 
      1909097104289214509381878309193 ],, 
  [ 143511407479214319066381527142105063073 ],, [ 3486412863174640387404707 ],
  [ 65276299014361 ], [ 105238284034561 ],,,, [ 2138669033 ],, 
  [ 14001428057, 28602316206462461, 35839322111803454889724003 ],, 
  [ 83789643757, 44162494139753653, 42772743755993926429 ],, 
  [ 160556939021572374013 ], [ 42241604731 ], [ 65907652531412512956281441 ],
  , [ 2166494689 ],, [ 67708250177, 35655675505635574663317453284657 ], 
  [ 342483269625751 ],,, 
  [ 234136891801, 71260437888730875314209, 38621820042237027495663968223021983\
0478553 ],, [ 114523460058356210021 ],, 
  [ 55039821043289, 19968772261047662197 ],, 
  [ 2846740921, 69418405499740528522147 ],,, [ 312539487787 ],,, 
  [ 74974486888601575798752915938471521, 
      2784592891953752031218952679809085932112079041 ],, [ 2871320987263 ],, 
  [ 4605623888222153 ],, 
  [ 3430046647, 407963685936643, 5105800741359455453299 ],,,,,, 
  [ 1050557848098116727937 ],,,,,,,, [ 123990982001 ],,,,,,,, 
  [ 2240768924448289, 82155139114308537708289, 753465488664696047803399409 ],
  , 
  [ 35508138996541, 30194697955839176904000050732550391, 496065469089070249536\
70312161693931 ],,,, [ 266295643952857 ],, [ 426854789057102621473 ],,,, 
  [ 45342275782981 ],,,, [ 62440559523162913 ],, 
  [ 10483445729, 249952483105069 ],,,, [ 135214323634441 ],,,,,,,,,, 
  [ 43380247951810209787497222001 ],, [ 47294485518957359 ],, 
  [ 55877850072661, 2541328281721037 ],, [ 4827907687 ],, [ 3832630937 ],, 
  [ 2138943597001 ],,,,,, [ 993678604801 ],,,, 
  [ 583870530101, 82625563719921821 ],,,,,,,,,, [ 35457703346346031 ],, 
  [ 210472163102457857 ],,,, [ 6874263620586162289, 664366931062409690617 ],,,
  ,,, [ 504510766141 ],,,, [ 1674745227013 ],, [ 9618070091168430433 ],,,,,, 
  [ 79867446225841, 790052410741023904915813 ],,,,,, 
  [ 177532810501, 454694085369913201 ],,,,,, [ 19015178437 ],, [ 8045203013 ],
  ,,,,,,,,, [ 58846070131 ],, [ 313764921601 ],,,,,,,,,,,,,,,,,,,,,, 
  [ 6847839667 ],,,,,, [ 1111690012093, 176304313449109 ],,,,,, 
  [ 181570771527165113323 ],,,,,, [ 39952039443116761 ],,,,,,,,,,,,,,,,,,,,,,,
  , [ 8921974291201 ],,,,,, [ 31214711581 ],,,,,, [ 304963247557 ],,,,,,,,,,,,
  ,,,,,,,,,,,, [ 45467873641 ],,,,,,,,,,,,,,,,,,,,,,,,,,,,,, [ 1895582251 ],,,
  ,,,,,,,,,,,,,,,,,,,,,,,,,,, [ 406700286721, 3601556569441 ] ];
