BRENTFACTORS[949]:=[ ,,,,,,,,,, [ 1516967767877 ],, 
  [ 140744674939287277, 3795075776233061113 ],,,,,, [ 206852436951174739 ],,,,
  ,, [ 198372079749934247701 ],, [ 4149068941, 142977281159746963 ], 
  [ 1757866755401 ],,, [ 431343381378101 ],,, [ 6226713217 ], 
  [ 69717000201360759661 ], [ 119162927593 ], 
  [ 1142342283296472438337167200111209 ], [ 1319090496401 ], 
  [ 190637955970723 ],, [ 5327916286277302994782275399474656373823045474861 ],
  , 
  [ 72038980687891405933, 12601725284323068493341463, 413917163050126183398862\
43 ], [ 199282788233, 1499026990668593 ], [ 1213773450121, 3081066966098101 ],
  [ 94900735740554939224665157 ], 
  [ 8782174903450713374059, 9827977809800053552292759906867 ], 
  [ 538370994097 ], [ 74384609153, 495847946126843542253018178923522663 ], 
  [ 6200268001, 2265474507845355362832251 ], [ 15466302531851455351042784929 ]
    , [ 359095080364707272911417 ],, [ 227095554966142123 ],, 
  [ 39455067333809, 65548558124957395641197801 ], [ 6174046040986422727 ], 
  [ 74820996673, 216578333015651 ], 
  [ 11939034209, 21719798301001997237574107768257 ], [ 5887841125052506561 ],
  , [ 166938773735401, 5399543704846506852469447273 ], 
  [ 325428340191949, 269803999457311902617791 ], [ 853246980217460199617 ], 
  [ 1032089900531, 250479748570806661359350413574113017248393972602271 ], 
  [ 5307959965907317242019 ], [ 14989695199, 5803913142029 ], 
  [ 7753021781945628494754377 ], [ 28203177813662783593 ], [ 23566737001501 ],
  [ 160774264987673 ], [ 12831822793, 30895290933808927943850684049 ], 
  [ 9474785747883121 ], 
  [ 6761331054551, 112360754834827, 541537132809616473542569, 
      54902722769302302964232083 ], [ 2266940101 ],, 
  [ 60323016257659, 1179538787466870139, 1490405759871700764025627 ],, 
  [ 5250585797858410774575563 ], [ 1814928749281, 7114589250468881 ], 
  [ 24385434103, 9714505634023560607, 22287910886989072399, 
      17027192145822594120994951, 20738131837842497251166567137 ], 
  [ 1535680439350495803481, 7049541860379604141129053312727 ],, 
  [ 136315639573, 178609549678857109, 1423699327774381057 ], 
  [ 4184201501, 1487570309331341, 109884501014727811, 
      221053096976845489719515433551 ], [ 13589510222609 ], 
  [ 1152513373246572151, 132858412284760420969 ], 
  [ 58126982439523226575244311073 ], [ 8284757933450195693380567 ],,, 
  [ 11562226385921 ],, 
  [ 341412038359463849, 16830371701208303857618160659196216346074347385677 ], 
  [ 733061281301 ], [ 30803791009 ],, 
  [ 9470104185739, 9005103096237351383287704994504351401890365250439811 ],, 
  [ 13127530812370012301 ], [ 665235579579143009 ],,, 
  [ 9478870734985478174999041, 2162451171558504210038301218417 ], 
  [ 28296061141951, 368011645922018934992519365280671 ],,, 
  [ 786042999901, 26132282971021, 1842365606953393, 
      34722225652621426165717664797 ], [ 574113060047 ], 
  [ 269407231541015648035350456064631 ],,, 
  [ 9339134053, 8366334894023, 34958068548919 ], 
  [ 3221321003745931, 6183587766053614304024127735257669413 ],,, 
  [ 6591833027013691268137, 16901788445137146862117 ], 
  [ 6178918510399823, 197102157849037211, 4476984295968295525352537, 
      88211305162758694959100032218681 ],,,, [ 993799521224233183 ], 
  [ 3179001667, 4105711165034486984167 ], 
  [ 35662999711741, 4671476046572433017 ], 
  [ 2365952775751, 1773830833934307751 ], 
  [ 622235931366169, 241252999153478012638637116145349636079 ],, 
  [ 118848096769, 205121478297089, 408606987548769074518913 ],, 
  [ 3491929351, 8255588414430455423407811 ],, 
  [ 262407972289, 2514518860893316962169 ],, 
  [ 1221638291531317441, 14343056136707463330479 ], 
  [ 57911709599549858905696548558631 ], 
  [ 2507616961, 96824768845577475881, 2044618535375620168513 ],, 
  [ 147734509441027291 ],, [ 27246489906498111726488074989496870601 ],, 
  [ 4061583156187 ], [ 7957279309981 ], 
  [ 278110521209698517964400649817464397556151094666817 ], [ 8773158881 ], 
  [ 4612906100727423642983040463 ],, [ 465420650590429 ],, 
  [ 10945142512839619047553660067886679179293531551 ],,,, 
  [ 153830645947659719194794105161 ],, 
  [ 3554644302268188889157821815369549157 ],,,, 
  [ 3110396579681, 48980746059041, 53379708547739521, 
      4483074225078374849524001 ],,,, [ 36442740613, 86738053481 ], 
  [ 1954897642171 ], [ 1663224801444517 ],, 
  [ 327081706244017222419595365786685417 ],, [ 1088370042061 ],, 
  [ 900875392622129 ],, 
  [ 4530770341, 22669571557, 596483711805847, 175509417057613822938511903 ],, 
  [ 6600359569, 69793332000558482152321 ],, 
  [ 215356018697597, 114893800070335759523 ],, 
  [ 93480760671927107820113701, 81393094386087849185142158656201 ],,,, 
  [ 12142607489, 4413915856615337, 5748059893951549873 ],, [ 228611209467163 ]
   ,, [ 178766550182677, 3762396118338641149 ],, 
  [ 135416562010106077679428721 ],,,,, [ 40687036261 ],,,,,,,,,,,,,,, 
  [ 186003470534281, 1696196586240547708921792692211 ],,,,,,,, 
  [ 4866356824487 ],, [ 8026240861 ],,,, [ 457693700430164129 ], 
  [ 2785986901, 2960890614299701 ], [ 12142755307314610062607 ],, 
  [ 60334834540069 ],, [ 2374183503331, 23484603999435011 ], [ 10527737221 ], 
  [ 22246995041 ],, [ 5765956181857 ],,,, [ 1685800320039809 ],, 
  [ 479355275514042978360241, 4883928875778080776454881 ],,,, [ 19211619137 ],
  ,,,,,,, [ 15825862081 ],,,, [ 157309625857 ],,,, [ 8154114104339367184541 ],
  ,,, [ 1379425889689, 273230849338921 ],,,,,, 
  [ 30267698491, 383898150994951, 15211326118060023605831432701 ],,,,,, 
  [ 20219106433 ],,,,,, [ 5017373611 ],,,, [ 293150581153 ],, 
  [ 5328595285159969 ],, [ 12331275311 ],,,, [ 2825373674173 ],,,,,,,,,,,,,,,
  , [ 1510403701 ],, [ 9497053801 ],,,,,, [ 315663280351 ],, 
  [ 60541389761, 5767275172642241 ],,,,,,,,,,,,,,,,,,,, [ 121220221165336261 ]
   ,, [ 928189360605277, 1037500532403661 ],,,,,, 
  [ 3076934569, 9253294772585293 ],, [ 25152167543840401 ],,,, 
  [ 16782278011, 16944274686067 ],,,,,, [ 12798169561 ],,,,,,,,,,,,,,,,,,,,,,,
  ,,,,,,, [ 275919573245941 ],,,,,,,,,,,,,,,,,,,,,,,,,,,,,, 
  [ 58615741801, 24710854074061 ],,,,,,,,,,,,,,,,,,,,,,,,,,,,,,,,,,,,,,,,,,,,,
  ,,,,,,,,,,,,,,,,,,,,,,,,,,,,,,,,,,,,,,,,,,,,,,,,,,,,,,,,,,,,,,,,,,,,,,,,,,,,
  ,,,,,,,,,,,,,,,,,,,,,,,,,,,,,,,,,,,,,,,,,,,,,,,,,,,,,,,,,,,,,,,,,,,,,,,,,,,,
  ,,,,,,,,,,,,,,,,,,,,,,,, [ 20550496279319 ],,,,,,,,,,,,,,,,,,,,,,,,,,,,,,,,,
  ,,,,,,,,,,,,,,,,,,,,,,,,,,,,,,,,,,,,,,,,,,,,,,,,,,,,,,,,,,,,,,,,,,,,,,,,,,,,
  ,,,,,,,,,,,,,,,,,,,,,,,,,,,,,,,,,,,,,,,,,,,,,,,,,,,,,,,,,,,,,,,,,,,,,,,,,,,,
  ,,,,,,,,,,,,,,,,,,,,,,,,,,,,,,,,,,,,,,,,,,,,,,,,,,,,,,,,,,,,,,,,,,,,,,,,,,,,
  ,,,,,,,,,,,,,,,,,,,,,,,,,,,,,,,,,,,,,,,,,,,,,,,,,,,,,,,,,,,,,,,,,,,,,,,,,,,,
  ,,,,,,,,,,,,,,,,,,,,,,,,,,,,,,,,,,,,,,,,,,,,,,,,,,,,,,,,,,,,,,,,,,,,,,,,,,,,
  ,,,,,,,,,,,,,,,,,,,,,,,,,,,,,,,,,,,,,,,,,,,,,,,,,,,,,,,,,,,,,,,,,,,,,,,,,,,,
  ,,,,,,,,,,,,,,,,,,,,,,,,,,,,,,,,,,,,,,,,,,,,,,,,,,,,,,,,,,,,,,,,,,,,,,,,,,,,
  ,,,,,,,,,,,,,,,,,,,,,,,,,,,,,,,,,,,,,,,,,,,,,,,,,,,,,,,,,,,,,,,,,,,,,,,,,,,
  , [ 103900639963, 2375380501493 ] ];
