BRENTFACTORS[5843]:=[ ,,,,,,,,,,,,,,,,,, [ 259123681554468045181 ],,,, 
  [ 50190094809598210969 ],,,,,, [ 1372982729, 9759184745561863281210198421 ],
  , [ 261544495139, 7360223666995521479 ],,,,,,,,,, 
  [ 516524816976521, 9799786604349318841721994811, 
      24912214727020012763267718323676770859104697370751 ],,,,,, 
  [ 1113630409, 35247198614531327 ],,,,,,,,,,,, [ 99955275836596253 ],, 
  [ 715445771390081749382371 ],,,,,,,,,, [ 8422252739 ],, 
  [ 650634919787449, 1195716971443700327 ],,,,,,,,,, [ 46681032641 ],,,,,, 
  [ 90374996896727 ],,,,,,,,,,,,,,,,,,,, [ 6944132718288971 ],,,,,,,,,,,,,,,,,
  ,,,,,,,,,,,,, [ 1066031033 ],,,,,,,,,,,,,,,,,,,,,,,,,,,, [ 533074729751 ] ];
