BRENTFACTORS[9629]:=[ ,,,,,,,,,, [ 5001363797, 82542771936694499 ],,,,,, 
  [ 6036204362519, 904857431404565456783588036812317979158333833275319 ],,,,,
  , 
  [ 2352765857250395443867, 170086150561694221478949694385024832931782584417 ]
   ,,,,,,,, [ 14646376503015465077267017679 ],,,,,,,,,, [ 875446120921439 ],, 
  [ 24798506716385161709, 119257150736880497167 ],,,,,,,,,, 
  [ 109050861702339803 ],,,,,,,,,,,,,,,,,, [ 41992568470709 ],, 
  [ 3290069527268753 ],,,,,,,,,, [ 17332896351161 ],,,,,, 
  [ 1741543196299, 11721135835010316859 ],,,,,,,, 
  [ 4184367377, 6690709814093 ],,,, [ 146790257083 ] ];
