BRENTFACTORS[6949]:=[ ,,,,,, [ 10417800737 ],,,,,,,,,, [ 41711814143 ],, 
  [ 27008844540625676297707217, 4880783582740364397624873302742421116113 ],,,
  , 
  [ 17712921277, 90563830774261300472097074876437958738627747156567453832203 ]
   ,,,,,, 
  [ 79463689381, 1837383149851, 7187729229244391, 1244903462935927480867623045\
778932348710572458582015211 ],,,,,,,, 
  [ 1492057561, 17167168598826090577, 24639326162676619480183 ],,,, 
  [ 20643179735650531130416882654189608620637705101 ],, 
  [ 12382831691, 2970043929952767499747 ],,,,,,,,,,,,,,,, [ 16604787013 ],,,,,
  ,,,,,,, [ 187181547773310958817 ],,,,,,,,,,,,,,,,,,,,,,,,,,,,,,,, 
  [ 69325387458726583 ],,,,,, [ 19939324439 ],,,,,,,,,,,,,,,,,,,,,,,,,,,,,, 
  [ 43054925297 ],,,,,,,,,,,,,,,,,,,,,,,,,,,, [ 531209127661 ] ];
