BRENTFACTORS[365]:=[ ,,,,,,,,,,,, [ 14002505557 ],,,,,, [ 86000696037419 ],,,
  , [ 346327145782676543 ],, [ 21335128947915851 ],, [ 24855660012633791347 ],
  , [ 255136625511143 ],,, [ 28072775681 ], [ 4541780074842880597003 ],, 
  [ 2928823591 ], [ 3676470013 ], 
  [ 1216054192053890963, 39687989970039900061845818647 ],, 
  [ 23326544749, 3678241920523 ], [ 8620617822167641 ], 
  [ 23065095487870986715679355820900868231 ],, 
  [ 2600194951, 400725780063765009089, 2773771843113507714592722522460913 ],, 
  [ 36909811322568214207269185971 ], [ 2057408099 ], 
  [ 1258741389298192543, 438705717107005704811097 ],, [ 8931329863 ],, 
  [ 58084486597251372457 ],, [ 67308911816669507797655138339844343819455353 ],
  , [ 4109318401, 6031236091231746766217112067118113095817541 ], 
  [ 4747406236203737 ], [ 335288601897253, 528606256388291685305995499008807 ]
    , [ 67437203549, 1086121120703, 1797756496049 ], [ 4537669351 ],, 
  [ 9862202573, 126492428929335681071, 3341491584616763599949, 
      75077233931145266131637834029090411 ], 
  [ 2897172457, 20263424262192143873 ],, [ 39196213116638515393 ], 
  [ 7207544501, 5438349130041101, 53961061327669211 ], [ 2399420563 ],, 
  [ 8323360078877113 ], [ 225345141049807783453 ], 
  [ 1831477111312320458071331 ], 
  [ 1908583537255542947296113281268859940973601 ], [ 32959076833 ], 
  [ 144668530038289, 23736709319022121 ], 
  [ 17098291914457703, 2643549806020735396225839929 ], 
  [ 22387714416268419427501, 165060843063818355701987720034601 ], 
  [ 14431995950870732405737, 99451623254485157416411146361 ],, 
  [ 1921448550685776061 ], [ 3057285149 ], 
  [ 1022042561, 15702857670334560246401 ],,, [ 791976857971973 ],, 
  [ 13316263076132937831350521 ], [ 485502185759 ], 
  [ 542080359317143919281, 2537488523117121203789630059, 
      7911117882210420893361314265843774661753 ], 
  [ 1536774710717248966333132179366137 ], [ 7796935762379 ], 
  [ 12159142328414000341 ], [ 1187680593847974610222348550951 ], 
  [ 2041406074321, 5457310325714893 ], [ 839608700972557 ],,,,, 
  [ 2487980489, 10123522109, 3649517872997001208885852310972371 ], 
  [ 30355033948714927 ], [ 3463674099601, 11251814324113125587430820801 ], 
  [ 4739009689 ],, [ 2425780488847 ],, [ 2195270943209209027471 ],,, 
  [ 1100232937, 74370250333, 599917330477, 381007325254383631761040189 ],, 
  [ 47241740033291 ],, [ 77731143617, 485750412449, 2288859792232463521 ], 
  [ 6320085029 ], 
  [ 1382270179, 2880977376751, 5906034174709, 50534799876670741, 
      7024606787150799157 ], [ 3077891873397476826006241 ], 
  [ 1687936893896780503311972057241, 32382045485075158213022760723630768613 ],
  , [ 10198048639 ], [ 53375255203010581 ], [ 5681514763112161 ],, 
  [ 109004139589 ],,,, [ 8938883143, 3586552455121903 ],,, [ 6244418964499 ], 
  [ 4220350016872889092512049524595621 ],, 
  [ 31259175817, 435198894560893, 5976224917986577, 49265860950295022336557 ],
  , [ 260830373081396528513, 394516837467179957937936800111 ], 
  [ 503459432551 ], [ 9100055555473 ],, 
  [ 353782005533881, 235932134952081840967, 
      5039309018498878157199155945874601471 ],, [ 32169136612672361 ],,,, 
  [ 293019418842673681, 13160290106027167283254897, 
      933329128955094126554917537 ], [ 2262343588230001, 33549574011845761 ], 
  [ 3258843746481993202699703 ], [ 19716963403663 ], [ 66302467028137 ],, 
  [ 4642346753851, 9327348804217739551, 205449872118857225290168501 ],, 
  [ 36159185197535160877705057791409 ],,, [ 1188858371, 423340974525361 ], 
  [ 598614998212453, 2671016563199557 ],, [ 1646710603, 49709229373193707 ],, 
  [ 237124854881 ],, [ 2493603884786797, 4598021719260641598103 ],, 
  [ 82703445659366789 ], [ 1008167303404353181 ], [ 378841229779 ],, 
  [ 421955109244538136121 ],, [ 234915343344064242911 ],, [ 1378669613 ],, 
  [ 8997300105614008543 ],,, [ 1645715176867, 403702759423279 ], 
  [ 4360527012349 ],, [ 2460597557810237778051873488025001 ],, 
  [ 121282381185844522158607, 28218543956079634981584872021 ], 
  [ 10137243898933, 147197039042533 ], [ 216529718796408094274339137 ],, 
  [ 1593762949 ],,,, [ 5476589303308411 ],, [ 76295950945038618433 ],, 
  [ 2630806259, 24221917337, 92173403579 ], [ 1002411541 ], 
  [ 2310700847194769 ],, 
  [ 17459409473749, 191811320935940773, 41885059441581129493963, 
      3236230717666523372249774445709 ],,,,,, 
  [ 112105333913860561, 80179155456968071011564037 ],,,, 
  [ 195671539645101937 ],, [ 66880767451, 2067368666544939681119894634409831 ]
   ,, [ 825176525837 ],, [ 290296668433, 53220624871546631 ],, 
  [ 5520345786073, 86786973318210791259001897 ],,,,,,,, 
  [ 34707314055233, 37372071944680481 ], [ 4750938001 ],,, 
  [ 12092907595281228569389381182553 ],,,, [ 48876923177 ],,,, 
  [ 521151210949 ],,,, [ 402383259841 ],,,,,, 
  [ 305784477732271, 14163128279220701545721713 ],, 
  [ 12228097561, 64901857177 ],,,, [ 55689295789, 9128347197204862167913 ],,, 
  [ 132173081041 ], [ 56162957057 ],,,, [ 538471031801 ],,,, 
  [ 4374703609, 23867313097 ],, [ 51683911014569 ],,,,,, 
  [ 1197766278913, 3236128038714929 ],,,,,,,, [ 208249568521 ],, 
  [ 412001699953, 17323763478490477 ],,,, [ 23024194337 ],, 
  [ 1081945507393, 14783866983649, 1587332737465921 ],, 
  [ 4094390231, 865188585931, 31851007706237101 ],,,, 
  [ 23807171851, 12729304273141, 10834864964008328564539 ],,,,,, 
  [ 353520675601, 32896041610972220956501 ],,,,,, [ 1210211641 ],,,, 
  [ 13243187521261 ],, [ 667468198489 ],,,,,, [ 1818864161161 ],,,,,,,,,,,, 
  [ 39270733399823798731 ],,,,,,,,,, [ 118019943541 ],, [ 464995649857807 ],,,
  ,,,,,,,,, [ 30683303647 ],,,,,, [ 1088942388371641, 91551812097482281 ],,,,,
  , [ 25109379040723 ],,,,,,,,,,,, [ 2503154405622907, 3414591463507183 ] ];
