BRENTFACTORS[836]:=[ ,,,,,,,,,,,, [ 2637549227 ],,,,,, 
  [ 152445520627, 39229406909028659 ],,,, [ 2938190277511, 6822078195811 ],, 
  [ 21873596968001 ],, [ 523343288594793781 ], [ 5526631558309 ], 
  [ 81888389106470111292947873 ],, 
  [ 26727641343914872157650635927662620506589 ], 
  [ 17147254913, 35814371852353 ], [ 1531549120993, 8485036747309 ], 
  [ 708504143223497991479 ], [ 1915305349301, 36689090206231 ],, 
  [ 1340887697 ],, [ 421193622807644193547 ], [ 8994888417630961 ], 
  [ 128263093249, 37899215653298785231498656693327617 ], [ 28428111307 ], 
  [ 15059229797165729406473420380623501115644109444927 ],, 
  [ 90932792761, 325538389441, 6879608485378471 ], 
  [ 619767046397767, 1662618340259683 ],, [ 8120655889, 110195237857 ],, 
  [ 3949170751 ], [ 22184709097 ], 
  [ 471491243556841, 9634469995513020979298693 ], 
  [ 508776940544410272246420113, 1811009067666583209018678937639, 
      90666596688681968515279899300362117011 ],, [ 44095883591 ], 
  [ 152070091489, 3239378079498859395309521 ], 
  [ 10998852046180701419728592762988983266299757 ], 
  [ 42911206447, 4236256689869 ],,,, 
  [ 1220682632969, 96544307931938563, 354548582910959462158621 ], 
  [ 17964962947, 648940431263429089, 304711861431765170823931 ], 
  [ 160473238273, 9089867839873 ], [ 14184955591, 19209909282092939861112091 ]
    , [ 129710001588553 ], [ 7412610774655825282121 ], 
  [ 684000782664910705400094528037865815129073 ],, 
  [ 3976058575686377704585264001 ], [ 10875596298014540744219 ], 
  [ 165545778368275273 ], [ 2766578237, 121490767851197 ], 
  [ 89722927187, 16468967524026257 ],, 
  [ 575282222843556029, 449920998734168135501043161 ], 
  [ 231365048990385773, 1607109845140053409 ], 
  [ 279096081031, 3819648377097307, 34835227288439059 ],, 
  [ 102690825408004321, 11776186172961393361 ],, 
  [ 402402188644147, 1932781603846806485962177606099 ],, [ 316261372897 ], 
  [ 498703144021, 168939415872631, 2553324474932900011359931 ], 
  [ 15291926094381833880854463401899, 50575816473172388328957322485897361 ], 
  [ 1635075172373911430962495183393 ], 
  [ 2090244306765447917458243790283585659655329 ],, [ 259830364191301 ], 
  [ 4892998355433817531267, 5936663610990570375752927 ], 
  [ 26107665149, 48640105711974397 ], [ 129500309736686098817026099 ], 
  [ 113514655347958688089845922420940479411718108517252400419880242349 ], 
  [ 1141902851, 18780277212821, 474655399238771 ], 
  [ 73574255581033153, 166642393538366689, 26120778543557962392781729 ], 
  [ 7047742193, 1317681600386587 ], 
  [ 555837376550370470182797304030636239154636502767 ], 
  [ 748075427947, 625312512342299278416547 ], [ 42506595601, 85624273853501 ],
  [ 201139702674624364127779 ], [ 46155132505549 ], [ 26675382984415402031 ], 
  [ 5078965455097 ], [ 84234389016686635966142085267835913900211257581 ], 
  [ 7867643161099588879 ],, [ 1650995021798631505424305696100080789 ],, 
  [ 84139898451398643481 ], [ 206915601281606389 ], 
  [ 32990490735131328417294817467965977009 ], [ 75313054262880923633 ], 
  [ 748580964719755861454750596073809 ],,, [ 321711312272923 ], 
  [ 272034575895160493 ], 
  [ 45779133163, 148994294007343, 2568128080811834417805629 ], 
  [ 109258026206794592394866637488923801 ],, [ 2095444901566891627 ], 
  [ 4265728561, 840725640012513187 ], [ 989727505454781677 ], 
  [ 8307060976751 ], [ 10453119851070195380239663 ],, 
  [ 2268205251048206849, 20769893624999946566754049, 
      23699289371293084691597340289 ],, 
  [ 17245103536740581267851417040271879172787741133379589092225144181 ],, 
  [ 678009526657, 2823828049681, 278180215028497, 58268973622845026841757 ], 
  [ 33352538213 ],,, [ 19168885275037598309771551062649 ],, 
  [ 3650763091, 1047882536296460459794183 ],, 
  [ 4598080048039534648664638610566397838481, 
      3804344704675330584956115098649100545020676181 ], 
  [ 426742007743, 2312088734323 ], [ 3118324351153739223421 ],, 
  [ 106616035297, 2765031381259918273 ], [ 68189715211 ],, [ 1756556509 ],,, 
  [ 84968091930241243316658134014201, 159785522826078670403919636429451 ],,,, 
  [ 292255377387359 ], [ 95102090119391 ], 
  [ 1704066090949, 8412042120554789749205069840268260343665401 ],,, 
  [ 5287085491 ], [ 15370371533468447335841, 141741010749246180053748641 ],, 
  [ 455096734201, 68882681861130863944456057 ],,, [ 1669683091293092041 ], 
  [ 2933504027 ],, [ 4486156624827794637268562904121 ],, 
  [ 686203257579901, 18481918077896883351101 ], [ 14936582618576083 ],,, 
  [ 43864942258897, 6425523414014262690403963171401119199349 ], 
  [ 19833405901 ],,,,, [ 385350399361, 4076168900379067998721 ],, 
  [ 67499174591663992469596669 ],,,, 
  [ 844985763619, 10746512331081780158768681733679, 
      14144720476252301488424188040641 ],, [ 437626057531724933 ],, 
  [ 120404373302263767044245490621 ],, [ 886000154497, 54579818403833857 ],,,,
  ,, [ 263330022979, 416829459146426371 ],, [ 1410538798688801 ],,,,,,,, 
  [ 72906923750913409 ],, 
  [ 106310997674690971, 171568575319294883941, 24944003288329407023281 ],,,, 
  [ 16202174117, 5225022114661 ],, [ 1493897473, 7437736441 ],, 
  [ 872551527139, 21703171736791 ],,,, 
  [ 221958457106479, 556960373227616059937146123 ],,, [ 417133614601351 ],,, 
  [ 4699366597 ],, [ 9727220835988081, 11125946815010851 ],,,, 
  [ 334345755757460396937859 ],,,, [ 487462350978709 ],,,, [ 3936863557661 ],
  , [ 1095290488337 ],,,, [ 52328255689, 59031054361, 171175978425833 ],, 
  [ 4962393171241305251 ],, 
  [ 3538400797, 22306086002089, 4908616411946838504481 ],, [ 124630753279 ],,,
  , [ 3603006161023, 19653769614246728712799 ],, [ 11719035316561 ],,,, 
  [ 1411446943442203004041, 3033959328388333978961857 ],,,,,, 
  [ 10047872439091, 12328619553541 ],, [ 4744348070037841 ],,,, 
  [ 3648219610897 ],,,, [ 280770175841 ],,,,,, 
  [ 13626847807, 2286997847701139 ],, 
  [ 390215223361, 1519584257265121, 660996053492675800555079713 ],,,,,, 
  [ 12371832422775883 ],,,,,, [ 16961535901 ],,,,,,,,,, [ 102540596581 ],,,,,,
  ,,,,,,,,,,,,,,,,,,,,,,,,,,,,,,,,,,,,,, [ 2093620783, 307322238973 ],,,,,, 
  [ 16422720966095080321 ],,,,,,,,,,,,,,,,,,,,,,,, [ 6021510529 ],,,,,,,,,,,,,
  ,,,,,,,,,,, [ 40018994856234049 ],,,,,,,,,,,,,,,,,,,,,,,,,,,,,,,,,,,,,,,,,,,
  ,,,,,,,,,,, [ 1880751749647 ],,,,,,,,,,,,,,,,,, 
  [ 4843474081, 225568004601601 ] ];
