BRENTFACTORS[5689]:=[ ,,,,,,,,,, [ 1705733773591, 39361239230966376970709 ],, 
  [ 32321323490117761997 ],,,,,, 
  [ 1008348992061193, 14580842151592237, 29298622054429562013917 ],,,, 
  [ 206319910057, 964955111059 ],,,,,, 
  [ 1883980013, 149569746995563484270546983531831, 
      82460940853632048128623859230266037929691676571127 ],, 
  [ 45383561723, 326033635427, 1564014129949, 1133349553473433, 
      5490709119360936195433299544421467410758958515671060132091213 ],,,,,, 
  [ 435657288171263, 814861730666621981027, 4426839884715254288552083211, 
      435009441630549013866451135623224704762114488088280114926638128437751 ],
  ,,, [ 616720675285834319 ],, [ 81046568430227 ],,,, [ 1654958267 ],,,,,,,,,,
  ,, [ 479925065261, 7736559614049352923303542191 ],, [ 104072321797 ],,,,,, 
  [ 101740632558353 ],,,, [ 5400494805753632033 ],, [ 533687321207 ],,,,,,,,,,
  ,,,,,,,,,,,,,,,,,, [ 2317834457 ],,,,,,,,,,,,,,,,,,,,,,,,,, 
  [ 9218923598389741 ],,,,,,,,,,,,,,,,,,,,,,,, [ 625487093131 ] ];
