BRENTFACTORS[24]:=[ ,,,,,,,,,,,,,,,,,,,,,,,, [ 1661037601 ],,,,,, 
  [ 4045774723, 9509803897151 ],, [ 690674662129 ],, [ 1892603411161 ],, 
  [ 48844975391 ],,,, [ 40462534363, 5079389540237737 ],,,,,,,, 
  [ 125931208613032365313 ],, [ 6166060753 ], [ 30030953107741 ],,, 
  [ 340245936911, 105562680440614871 ],, [ 112950414769 ],, 
  [ 40322995067713, 20058520782729629621 ],, 
  [ 1416951311, 1858425216920537117, 3111460356271636883680109 ], 
  [ 9289629982951807 ], [ 7851475297 ], [ 12234999233, 1377485825682881 ], 
  [ 1679822951 ],, [ 96677174494301 ], [ 7409898733 ], [ 502514966805721 ],,,,
  , [ 3487604250233977 ],,, [ 381000640372162273, 3103766366465410644478943 ],
  , [ 413846919804499727099665581797563 ],, [ 323640485558628743847259 ],,, 
  [ 22165394411334301 ], [ 34543383674351, 4705462289480379685171 ],, 
  [ 2054968537, 2314958633630081906377 ], [ 10720347881 ], 
  [ 14921174492669807, 261755490695291198774120959505377 ],, 
  [ 2427296327, 23045040383, 8576886453409, 15342966686333527854523 ], 
  [ 57162680989 ], [ 14757569352866497 ], [ 12844652726099 ], 
  [ 204956205349305191, 296965367177701495117200406242831243551 ], 
  [ 13240554433, 1216141647361 ], 
  [ 69291447660895432806381824641, 735188076230554847645434565498487568795271 
     ], [ 41006447819, 5010044015761 ], [ 163369391329 ],, 
  [ 1491813460011762079864482428886709534266083059290451776466459726559 ], 
  [ 1585038487 ], [ 474351156091, 54144698905819 ], [ 64223630017 ],,, 
  [ 10066705949, 247528789079201840261, 
      82466827912979838014514678047904565262808645431 ], 
  [ 7973048859509888389 ], 
  [ 5449327253, 6639169291, 11290904027914827389, 527454078571971053333, 
      75294105085463689224779559136415429 ],, 
  [ 49955829499, 211905972652074960927395011 ], [ 12175852634824817 ], 
  [ 1148617846731612995621975603957, 876426568428666728286026510491877 ], 
  [ 3810589537, 121954170337 ], 
  [ 5576648219381, 34280564819457878501, 823726680813589047661907783761 ],,, 
  [ 103947039333204799, 32161793704106598258806381 ],, [ 1147229924161 ], 
  [ 5613671765131, 309561811860644832259, 
      129788113291562045978980640026265327 ], 
  [ 977208959123, 61357956800593, 1460314542488141 ], 
  [ 27686031035363235611677891, 90435365932534444012977337 ], 
  [ 89621300725940655868216717 ], 
  [ 4029238751, 5879203751, 79738522751, 265302061751 ], 
  [ 3711692194858030321 ], 
  [ 176955773617954019851635624040018581506591194473376448553153902399 ], 
  [ 4749538561, 86970465821421497857 ], 
  [ 8078961691, 461737676329, 648496403617, 84661888995427651 ], 
  [ 619691539831653045336579590501 ], [ 2540569723 ],, 
  [ 3440943107872269212670452486321397347845076008529392207268563171579 ], 
  [ 2853572850064208346290342691280609 ], [ 1656768093832648777312531 ], 
  [ 13961078641, 138814016717177 ], 
  [ 62339055816063364857733115416341116435816446817791131180671574970608519843\
791 ], [ 1397136559673839 ], 
  [ 7685573513674850550751218728401, 11728348949713221288737695815644429 ],, 
  [ 1216879633, 578020035794478063361780384263764059, 
      10876063341661522788883332111170747899 ], 
  [ 39293109082181, 57009162013493, 48375351973455191295830483416567 ], 
  [ 95553090177938865448686532681, 896167034932242786712331243803923461 ],,, 
  [ 1034657962731961050103352235001 ], 
  [ 9442346121566761873, 109572221574315102314989029523 ], 
  [ 62039080369751004680569 ], 
  [ 41082354174356606233363, 14092647204654437066933569969 ], 
  [ 18538334327856439351 ], [ 2429781824663, 193894513435035694877999813 ],, 
  [ 16533114211, 178335684937, 61083809012629860337, 
      14009384780947966376136889 ],, 
  [ 59214065499650312844885906721, 2853018346326060219819798518418204416603486\
339594971 ], [ 95795485657 ], 
  [ 68623141622623263947646320759031289116705003096902503534973070341957 ], 
  [ 23730124048998313, 47712719059683445353810081439 ], 
  [ 1451641462296811, 23367564239187403, 212494984277571019 ], 
  [ 4282104840001, 6364949350197998100975747660124591296961 ], 
  [ 87557940066983 ],, [ 30989724031637824401349545541819 ], 
  [ 1030041917593441, 11478771073354909 ], 
  [ 6640497088754068015737494204106189356611 ], [ 385527642974564510114281 ], 
  [ 5679128842847, 12050744577933911163603146056487 ], [ 1056641713 ],, 
  [ 5152845076471 ], [ 979716070750789569518949241751490721 ], 
  [ 3752741581 ], 
  [ 4084781817071, 767927496418037, 7659080369233577306625859, 
      43338346071917689431842518373, 109202383747435756333561435389361 ],, 
  [ 20850579182079007727953649972217731967306163801 ], 
  [ 4306637281, 3523985587771583917179178179339603104369 ], 
  [ 155993712571, 10326478712952941483977, 
      449734058821398262754939858856047608093379243725507 ], 
  [ 4775077129, 655253934254987 ],,, 
  [ 2080072997, 1584919006963, 270618412523761, 8066607765349462192301, 
      12348535421414968650603715967332987 ], 
  [ 127494610835674993, 2220071233366184456987 ],, 
  [ 319450184013149177, 4533131025237192598063562585025900950659393 ], 
  [ 31846056570311 ],,, 
  [ 67702624698697, 1025751380659925913184912486632311700470126620992013 ], 
  [ 218947540041406387 ], [ 255859561919869188851 ],,,, 
  [ 311785405199908338937317426616432463795355989 ],,,, 
  [ 22705217767, 35443905220832069435167 ],, [ 157657180841801 ],, 
  [ 5225862612935168717 ],, [ 1530572917342597201963190591737 ],, 
  [ 1210702491479452001119785437713 ],, 
  [ 2599263473, 3380092707925929556799057 ],,,, 
  [ 152010807624705722836249, 978604952927952381405478537, 
      6187278699385820229002534626554013 ],, 
  [ 1713486933076256705126290626262431007, 
      2446274235609289625040447255386865105104459 ],, 
  [ 101611758035521, 213069751616028318695713, 377988824364409346206939489 ],
  , [ 3653147407544683700001832561, 25288982524482034441820933473 ],, 
  [ 295446846682556794232996358481, 19589718617112409010327710423765861 ],, 
  [ 41849838271, 92530086890623, 1327187965305991, 167103266515500271399 ],, 
  [ 446839545624518415611873 ], [ 2898275851, 41493602862451 ], 
  [ 80438852477, 205842102561384701, 26520848092753869657567871, 
      1259993064322401029195031139089857986373 ],, 
  [ 7864428853, 343564489228993, 1321688211041257, 208711622274009721 ],, 
  [ 124281991781, 492913612417684781, 2489094227090357421904887101 ], 
  [ 190440105140220937 ], 
  [ 104012554897, 40935488775689, 94784642187412252625127985624996917661405114\
0616593 ],, [ 514549209992716980538996587813809152993 ],, 
  [ 28098022878742415459915929297482287509514500039871566859463556862462430175\
7977 ],, 
  [ 11314257830387, 143237427994430981, 5964268885472808247, 82647146564287661\
16533, 405371350675087822906621231 ],, [ 1215405601 ],, 
  [ 2472379770448061, 662926550178509475639682769961460088456141816377 ],, 
  [ 920620294089481 ],, 
  [ 1965895379719, 26482124101804471, 115888656780525140119, 
      461031088720414360613026731913 ],,,, 
  [ 1458251299382174656724501, 2482980588578783441009160751 ],, 
  [ 3622264719193, 8773983071402977, 27383641853878054081 ],, 
  [ 17473248773, 40508472803569, 56980978571706221, 
      11746888295953162236179597498387 ],, 
  [ 109622687233, 213489965156632342154361892190421761 ],, 
  [ 6559590140985663005209 ],, 
  [ 680640416821, 27044102599337764964721361, 68498992864419400178507592265644\
6841 ],, 
  [ 2672579209, 449812236247222109006598103, 123726212229796980006876274096918\
33246377371662997 ],, [ 9591727729 ],, 
  [ 22540487551, 277191907499963978278095683, 
      21614596026958580115801525312204764049452908612320247643 ],, 
  [ 958027571007421 ],, [ 11311614910972795771818188175522474706106108431 ],,,
  ,,, [ 18367852717, 402666441433, 3325984561220149, 3719028178650997 ],, 
  [ 321673712431, 2993249218283, 
      89461252130520157583167563981346709886614994705934156013907405457921 ],
  , 
  [ 259784733296417095844111766707081, 9739063209543549845836350230727154321 ]
   ,, [ 857469439154338058761, 4535561710737959832540109835094079 ],, 
  [ 20489047427450579051989683686453370154126820104624537 ],, 
  [ 9487036716587, 292694916600537459711267168319, 
      2166170498036676451196826530200445073649585656153346135043 ],, 
  [ 1719691754689, 14499137918017, 29754067200769, 29446799425050925604161 ],
  , 
  [ 128236292537358704747981, 555366623580606418022670177150121768842127564108\
233237810814096441 ],, [ 9298611149286626677, 47895097382102727637 ],, 
  [ 476658427969762902215548097119 ],, 
  [ 7138475417, 52324311468848874052633940771032674232322754830016126614489 ],
  , [ 442839640821116781994818557 ],, 
  [ 829410975239719581008242175600555778547045707598501 ],, 
  [ 80105059460912287798229802996182441125493 ],, 
  [ 245876724169131498480845176765814960929 ],, 
  [ 4146858975988480745287927, 3064508337513936879174218887, 
      9523474038825959061918023113 ],, 
  [ 1374124786713429050917, 31083421303458348569053 ],, 
  [ 4961274097599656671, 28811354490061505966472883107878458301, 
      38870104984154036164505120641959986021 ],, 
  [ 14694225937, 456617644577953, 156981927006735707137 ],,,, 
  [ 69863518827769, 50543888727429738355558253509003573 ],, 
  [ 1918728367, 818799399503055904719731503, 846456874695347740148407861447 ],
  , [ 68899150402408321, 863420178086855857527739410261035938241 ],, 
  [ 321896778058087, 1697006325070883, 
      2146786810273388469571017112314556218717490790877891860047408932127 ],, 
  [ 40735434767114522185387587253 ],, [ 33084012907345543883437661 ],, 
  [ 162468360049, 34065658948369 ],, 
  [ 11135075053055350258751725441, 16368540352878007335186846657001 ],, 
  [ 209462335801, 368446251438964578639368810900075062992816189966661 ],, 
  [ 473838765293, 1296063326345817971027941609 ],, 
  [ 247636920746190091066653238214113 ],,,, 
  [ 34052812391761, 931991272180775000926981, 
      1020871706647192508167762274845320957249324567001 ],, 
  [ 161253533521, 58471309535428106600058577 ],, 
  [ 4223355236503016426809048369, 636686443804739449012439774934213401089 ],, 
  [ 9066555629, 42958186114729, 39836872755249154473224813, 
      11556244391244955581623477960794303, 
      89404485827080872568739650555853617493 ],, 
  [ 12137544658069, 52057217527573, 814101762419394697 ],, [ 1051344877801 ],,
  ,, [ 509666095505151777807003418543609 ],, 
  [ 48253648704286760187761294059339701659881 ],, 
  [ 50555643593054213219, 120157856401645999161889, 
      682914593939265784630515679 ],, [ 19882294561 ],, 
  [ 20721989654167, 179077773420866679083 ],,,, 
  [ 1871923550547484694424702457, 722650318335406567736295334365558930275167, 
      2200429667111175342546028736249863659854473 ],, [ 42744355889 ],,,, 
  [ 9200779417, 4362918437641, 8809029476953, 8310713639396197, 
      31556266636994293, 1017773376759366589 ],,,,,, 
  [ 1166703049, 101941195580911 ],,,,,, [ 7577634416641 ],,,,,, 
  [ 73999378688282371626957812639271271, 
      8754410471404809473687540293982659508047440631 ],,,,,, 
  [ 1187697853, 91098010957537 ],,,,,,,,,,,, [ 21086945521, 47542062913 ],,,,,
  ,,,,,,, 
  [ 59349661141, 1115981263741, 6604909015321, 5705230588323001, 9436614392010\
69837439639830895941544621 ],,,,,,,,,,,,,,,,,,,,,,,,,,,,,,,,,,,,,,,,,, 
  [ 40290418605361 ],,,,,,,,,,,,,,,,,,,,,,,,,,,,,,,,,,,,,,,,,,,,,,,,,,,,,,,,,,
  ,,,,,,,,,,,,,,,,,,,,,,,,,,,,,,,,,,,,,,,,,,,,,,,,,,,,,,,,,,,,,,,,,,,,,,,,,,,,
  ,,,,,,,,,,,,,,,,,,,,,,,,,,,,,,,,,,,,,,,,,,,,,,,,,,,,,,,, [ 1178466529 ] ];
