BRENTFACTORS[444]:=
[ ,,,,,,,,,, [ 4148822921 ],, [ 257906399011, 985934227253 ],,,, 
  [ 4891314927943 ],, [ 961597533342491 ],,,, [ 3187049111798609 ],, 
  [ 37300444487804905687351 ],,, [ 28996490461 ], 
  [ 3597665740574641, 9187513290366157479880721797 ], [ 1671889441 ],, 
  [ 108435485281 ],, [ 472404897853309728563 ], [ 3337913461, 5393703771821 ],
  [ 8949968353 ],,,,, [ 115578558127667 ], [ 855743495041 ], 
  [ 1125258401, 2655699714834017 ],,, [ 10505514843681321942694356619 ], 
  [ 1310973182587, 67848941407223, 216773871116834963, 
      759331039134007503224085603560210389 ], [ 2074918801, 53813524273 ], 
  [ 3373762442359 ], [ 10414682951 ], [ 1295508464863 ],, 
  [ 6564949199, 88303018989222825709, 
      2710297922191926572087149192341328557331 ], [ 1105399927 ], 
  [ 1583175197231, 6233436484378996075481, 191289123092864835074191 ],, 
  [ 15981363533512807106629481691319 ], [ 2643514663, 13331678893267727 ], 
  [ 9833168757652044392250331, 7109694057812729652248603915461 ],,, 
  [ 379577378730405827727969390277291 ],, 
  [ 26854628993, 213544147051649, 19409705751101093548279361 ], 
  [ 1265514043472737619987011 ], [ 95683837073121859 ], 
  [ 17759901180450832302199 ], [ 2064810277, 1113701803460574197852473 ],, 
  [ 261268016242730844195941 ], [ 111550819301 ], 
  [ 4453423561, 1049952918626041609 ], 
  [ 111359188052627658731087600679606403 ], 
  [ 45464826109, 803397501455458051, 127736591780479883941145585617 ], 
  [ 279878277807071145206256644092588351 ], [ 17765245663878597252077 ], 
  [ 1073804768191 ], [ 817278343719935471052398345887 ], 
  [ 45306021003217190743841 ], 
  [ 3072543281, 2039591720081, 4577773154247521, 2618420324845451846081 ],, 
  [ 240836947704573422648113599537443 ], 
  [ 83070148102547, 562545256045713251 ],,,,, [ 91728058820760230465521 ], 
  [ 6722074237, 123863088207196490163013 ], 
  [ 15598164719881, 13614731325753804827551 ],, 
  [ 17342951533544921415673, 13914135891422853794203164111253 ], 
  [ 2421498847, 133789151757911380418983 ], 
  [ 232035248979727, 1731206240256828767, 295436694243004033477 ], 
  [ 3728556581, 2084155324088547338441 ], [ 4425925415794310798862842689 ], 
  [ 542626369937 ], 
  [ 67270189192691717, 51981056158689005440009, 2506838061667868471442817 ], 
  [ 39404241131194369 ], 
  [ 17430721001, 5386121989901, 10837202603076193263173201 ], 
  [ 101122419246651223 ], [ 201642264545240023, 157688230181279969319769 ],, 
  [ 15039711926295563841857973498290069153 ],, 
  [ 103969388741, 177576790214892660306812261422333, 
      3330696382181732243178346357625277915949951463 ], 
  [ 34866247033, 35760182813 ], [ 3094622977141 ], [ 1084966381 ], 
  [ 70712065051, 50198187970348165331 ],, 
  [ 2167244056629569, 2262010597802702591596779889 ],, 
  [ 122976207296609766517144366775735447540971 ], 
  [ 13549098751, 11090308863408821, 259474514782397133781 ], 
  [ 120351099698568353, 85799197084213822294649, 
      78310521782843041814372615917828110300032657 ], [ 10753401573721 ], 
  [ 61559686886029, 63513554670817 ],, 
  [ 2443674869012281, 2343691361484867379902121 ],, 
  [ 12459683101, 228843392458633, 42052099839658855300056140773 ],, 
  [ 4394996903461, 780913987358158533137 ],, [ 18862249267 ],, 
  [ 1205935144321, 9509451930113 ], 
  [ 16621597550259478326031, 16883763592900414719793, 
      1466293182240743753924947 ], [ 114217291891 ],,,,, [ 18891311401 ],,, 
  [ 1573093274922613, 177078878596257657503410063 ],,,, 
  [ 45377277607, 3584817234320045231782928281 ], [ 4357078122725091193 ],,,, 
  [ 8821255087, 52805975215393912597 ], [ 279603746463292541 ],, 
  [ 525692065651, 87256004226409264201, 255412309757249805598951 ],, 
  [ 434793518449, 1235307623377, 244158938296555860762958201 ], 
  [ 1947476107, 488787048274585300453 ], 
  [ 405541516073, 898380052879, 14216600318795029 ],, 
  [ 3146266657, 2554717073021790310189771801 ],, 
  [ 108105860216071, 649011581398568465887 ], [ 1497023161 ], 
  [ 1242522881, 8987234561, 157488578081 ],, 
  [ 3730990553533, 1032387931566217, 21503263030698079 ],,, 
  [ 90271540327651 ], [ 566245970331452540261749 ],, 
  [ 1304506729, 29138643260278441 ],, 
  [ 3375502339969873466741, 14064166475868149510101 ],, 
  [ 12114176033, 365557646833 ],, [ 3773631358043347 ],, [ 4515660412710833 ],
  ,,, [ 485175820501, 246973971679008661 ],, [ 1482447149 ],, 
  [ 15553994108201 ],, [ 21295614586627, 61327877832164689 ],, 
  [ 14050101229 ], [ 8978438249163811 ], [ 795953714275651 ],, 
  [ 356000105473 ],, [ 168298081691 ],, [ 14074832439623929 ],,,, 
  [ 489355685632201, 1753921806881758201 ],, [ 2579860979 ],,,,,, 
  [ 4197431942497, 66735084059179537 ],, [ 11588875600710241 ],, 
  [ 98208868018881965987233 ],,,, 
  [ 1801190089, 2125465231143789598675631405689 ],,,, [ 6113953309421 ],, 
  [ 91992892357, 21712447171537, 2226623405858758213579, 
      144913253858193532803062038563193, 
      1217117784346273530913903919995467639223 ],,, [ 5574853367703901 ],,, 
  [ 4178113453 ],, [ 64193534250443544761, 3424997412422265086083799261 ], 
  [ 3267518563, 2317231686001 ], [ 87340717386821226617 ],,,,,, 
  [ 69799382171, 7238609467281641 ],,,, [ 172856703559, 1253819747305420747 ],
  ,,, 
  [ 4131452129839, 4968323481770131699, 7203198512363107987, 72663139596550738\
2645853619827 ],,,, [ 58810762229501, 200391482323965386334508657501 ],, 
  [ 23779407709 ],,,,,, [ 67984705897, 224236360441 ],, [ 7656535416401 ],,,, 
  [ 692793519529, 2163359681737, 160167224088169 ],,,,,,,,,,,, 
  [ 3835851594504217 ],,,, [ 4462850198919001 ],, [ 5788170062911 ],,,,,, 
  [ 2241239617 ],, [ 4049087011, 14532559751 ],,,,,,,,,,,,,,,, 
  [ 169557823711 ],, [ 27269038139729 ],,,,,,,,,,,,,,,,,,,,,, 
  [ 3446731496671 ],,,,,,,,,,,,,,,,,,,, [ 184457450816101 ],,,, 
  [ 62903894419, 311374055359 ],,,,,, [ 23369350681 ],,,,,,,,,,,, 
  [ 1274109673 ],,,,,,,,,,,,,,,,,,,,,,,,,,,,,,,,,,,,,,,,,,,,,,,, 
  [ 1068978985017301 ],,,,,,,,,,,,,,,,,,,,,,,,,,,,,, [ 17773389124651 ],,,,,,,
  ,,,,,,,,,,,,,,,,,,,,,,, [ 1091973924001 ],,,,,,,,,,,,,,,,,,,,,,,,,,,,,, 
  [ 2263606951 ] ];
