BRENTFACTORS[284]:=[ ,,,,,,,,,,,,,,,, [ 77888999621 ],, [ 206976828739 ],,,, 
  [ 10246146282403 ],, [ 3897952001 ],, [ 27957461005269361 ],, 
  [ 918819767309, 4658881673689163 ],, [ 2079522223, 3470484659 ], 
  [ 25467754177 ], [ 567672646861 ],, [ 349632238621 ],, [ 21263034497 ], 
  [ 15754219128163 ],, [ 5087008321 ], [ 3940276007671 ],, 
  [ 611699382920215913, 221580915677610437163975013, 
      230812040791146913227894041 ],,,, 
  [ 25973271977, 233424957910931, 1017983014193994323 ], [ 9832984417 ], 
  [ 8683124539441425991123733765918262746816633 ], [ 20082084551 ], 
  [ 2872407333752623, 75385700476241196031 ], [ 288119839533709 ], 
  [ 1581391541424668583044342741036312205226720823324364122183 ],, 
  [ 82814658222563521, 37730826284112905594311 ], [ 64390071794380897601 ], 
  [ 223070614591567 ], [ 2522339433709, 57211047012213206089 ], 
  [ 78115217291723, 77119587953298192688142850151, 
      32855852876953853284429179331074204305550903764443 ], 
  [ 625685011741, 1656266153041 ], 
  [ 145865775379776514717558654245611925751566250471237887623981525764427891 ]
   ,, [ 403033332367, 19820162628193939201 ], 
  [ 5766464513, 865610944494944598093313 ], 
  [ 750554609633826010242914946860593021 ], [ 64321150101027969980161 ],,, 
  [ 23339964841, 427520792606521006217863 ], [ 2168338689851035827580020721 ],
  [ 15887943493, 2349878716232171815057 ],,, [ 1886103787 ], 
  [ 1174146635557323151 ], [ 4134213500008007012679354815605208959609 ],,, 
  [ 90165259716110691137 ], [ 508783130161, 47558964101008014961 ], 
  [ 1349934013, 66956954671, 88137124823989, 12082604584849170544153, 
      21132326227565282308442749 ], 
  [ 6730170989631466901, 483795757802913913384121 ],,, 
  [ 13055026921, 112785157171, 327908489552675770587931391 ], [ 2066971301 ],
  , [ 88783928201, 21372062615971055796281 ], 
  [ 331432805969, 22308554583097, 13689341733292014122897 ], [ 331735130101 ],
  [ 4809780690607621 ], [ 5967532669968697, 20584361515163561 ], 
  [ 48391536443945530201 ], [ 7990921109761, 459465421781848986223631389 ], 
  [ 873325568155471 ],, 
  [ 8559539242589, 856434405433679, 1094233127743997, 14663426022904459, 
      8378899062898567277 ], [ 3698097279364650233 ],, 
  [ 93822812375987547863828402401 ],, 
  [ 2046633877, 2624192761, 229635909697, 37239375570170580132727 ],, 
  [ 2547000457, 3077029730920601, 822041698326650124649 ], 
  [ 181342233305049891832591, 45485904534521835449817604992301 ], 
  [ 513954725411, 5020559106007, 610564306675061, 769914589102367, 
      1070772983840603955940481 ], [ 7243240242281, 3488799295181423 ], 
  [ 58438303741 ],, [ 893898858003663317147658897645528645472913711 ], 
  [ 484313724047014646316787 ], 
  [ 16917485396897, 167711852951329, 17348310421031020787382033694928034193 ],
  [ 6040226046376747 ], [ 35602555861136240587909 ], 
  [ 7518431854315876261, 207607071463407925271 ],, 
  [ 1321092676333, 7373638873927, 210501632438097391 ], 
  [ 48015430015363, 1418161625823853, 1573037750206913 ], 
  [ 160132800110730091 ], [ 212836900681 ],, [ 2312198852140327811 ],,, 
  [ 129675462751, 132630791556751 ], 
  [ 112449115549, 15779173406853702007, 5116093323824342314803727 ],,, 
  [ 3819992893 ], 
  [ 2235793101319880458721, 580369374791289632533531, 519018917482622920177337\
90367901 ],,,, [ 3650021772301, 321300955583501 ], 
  [ 2420899111, 97313149981, 104467717171 ], 
  [ 668406881689, 2019866136740393, 395961591338311339361 ],, 
  [ 306584032099, 44319600458247833007517758911001739 ],, 
  [ 1556878261, 119916478501, 10317724972420741 ],, 
  [ 508192233935282354104655369677, 
      87590640998139500420253528470393484387482350224632482651 ],,, 
  [ 1465976971, 5073070921, 100765889236171 ], 
  [ 3530182237963, 249686715540923, 18377735928790573794245624029 ],,,, 
  [ 2304479640141751, 8051767621376109292247407501 ],,,, 
  [ 483722008067064335801 ], [ 591711580541 ], 
  [ 99805056255402901202441842178161 ],, [ 282839120306011 ], 
  [ 16360257082349671 ],,, [ 179811903049651 ],, 
  [ 47293904519665102865660844697 ],, [ 1341745826711 ],, 
  [ 385987849506299713 ],, 
  [ 5710144227938816869981, 59404437714291390473636171 ],,,,,,,, 
  [ 42017444012501 ],, 
  [ 12629123229822481, 4329966829671252845868383966701, 3692367930622400125421\
83612439221 ],,,,,, 
  [ 1263697490114153509936871293, 75855712674567017156832568711, 
      35249411841626844966940712882101 ],, [ 36239818309 ],, 
  [ 2331757711, 1294930327441, 935435828135918831 ],, [ 62767343130128450497 ]
   ,, [ 133342757783 ],, [ 34602275911733377 ],,,, [ 13988245738551515884601 ]
   ,, [ 20034113387291, 79254638229007, 98304111694079647 ],,,,,,,, 
  [ 216556148052719041707176821 ],,,, [ 2265669615089, 952807489784438263 ],, 
  [ 2001311929 ],,,,,,,, [ 3728468129 ],,,, 
  [ 118552522969, 71142463346522269837 ],, 
  [ 6529864681, 38203919165561, 252248219159731 ],,,, [ 3529782146090718883 ],
  ,,,,, [ 218205220081, 34832299573743213361 ],,,,,, [ 14354685065369094937 ],
  ,,, [ 14972836095751 ],, [ 17081961028021, 18664415005091097061 ],,,, 
  [ 103137046273 ],, [ 5895608312323, 743896105121424727 ],, 
  [ 175924759714861 ],,,, [ 2001025753, 45114966591599273766681769 ],, 
  [ 3552500865061 ],,,, [ 158290145118181 ],,,,,, 
  [ 3058863289, 5271840321481 ],,,, 
  [ 7025879281, 5633327701088641, 17235886143011201, 192342838366890121 ],, 
  [ 1806063361 ],,,, [ 836147291981 ],, [ 4720403517090049 ],, 
  [ 543898695499057421 ],,,,,,,,,, [ 6222486001, 43566325474106073901 ],,,,,, 
  [ 377429914153 ],,, [ 11885548165531, 2255370118786617559 ], 
  [ 8261337871, 96682610271390991 ],, [ 169696093498067449 ],,,,,, 
  [ 9152288359, 39014561401, 577347882841 ],,,,,,,,,,,, [ 9107950229071 ],,,,,
  ,,,,, [ 705606898605761 ],,,,,,,, [ 65204170378033 ],, [ 110572561430101 ],,
  ,,,,,,,,,,,,,,,,,,,,,,,,,, [ 408449601757, 57959429856021163 ],,,,,, 
  [ 3619501057, 1023138602881, 27901573461889 ],,,,,, [ 21956438401 ],,,,,,,,,
  ,,,,,,,,,,,,,,,,,,,,, [ 3971335507263181 ],,,,,,,,,,,,,,,,,,,,,,,,,,,,,,,,,,
  ,,,,,,,, [ 143742210151, 52334893835697397 ],,,,,,,,,,,,,,,,,,,,,,,,,,,,,,,,
  ,,,,,,,,,,,,,,,,,,,,,,,,,,,,,,,,,,,,,,,,,,,,,,,,,,,,,,,,,,,,,,,,,,,,,,,,,,,,
  ,,,,,,,,,,,,,,,,,,,,,,,,,,,,,,,,,,,,,,,,,,,,,,,, [ 22516660392894211 ],,,,,,
  ,,,,,,,,,,,,,,,,,,,,,,,,,,,,,,,,,,,,,,,,,,,,,,,,,,,,,,,,,,,,,,,,,,,,,,,,,,,,
  ,,,,,,,,,,,,,,,,,,,,,,,,,,,,,,,,,,,,,,,,,,,,,,,,,,,,,,,,,,,,,,,,,,,,,,,,,,,,
  ,,,,,,,,,,,,,,,,,,,,,,,,,,,,,,,,,,,,,,,,,,,,,,,, [ 29164447760369 ],,,,,,,,,
  ,,,,,,,,,,,,,,,,,,,,,,,,,,,,,,,,,,,,,,,,,,,,,,,,,,,,,,,,,,,,,,,,,,,,,,,,,,,,
  ,,,,,,,,,,,,,,,,,,,,,,,,,,,,,,,,,,,,,,,,,,,,,,,,,,,,,,,,,,,,,,,,,,,,,,,,,,,,
  ,,,,,,,,,,,,,,,,,,,,,,,,,,,,,,,,,,,,,,,,,,,,,,,,,,,,,,,,,,,,,,,,,,,,,,,,,,,,
  ,,,,,,,,,,,,,,,,,,,,,,,,,,,,,,,,,,,,,,,,,,,,,,,,,,,,,,,,,,,,,,,,,,,,,,,,,,,,
  ,,,,,,,,,,,,,,,,,,,,,,,,,,,,,,,,,,,,,,,,,,,,,,,,,,,,,,,,,,,,,,,,,,,,,,,,,,,,
  ,,,,,,,,,,,,,,,,,,,,,,,,,,,,,,,,,,,,,,,,,,,,,,,,,,,,,,,,,,,,,,,,,,,,,,,,,,,,
  ,,,,,,,,,,,,,,,,,,,,,,,,,,,,,,,,,,,,,,,,,,,,,,,,,,,,,,,,,,,,,,,,,,,,,,,,,,,,
  ,,,,,,,,,,,,,,,,,,,,,,,,,,,,,,,,,,,,,,,,,,,,,,,,,,,,,,,,,,,,,,,,,,,,,,,,,,,,
  ,,,,,,,,,,,,,,,,,,,,,,,,,,,,,,,,,,,,,,,,,,,,,,,,,,,,,,,,,,,,,,,,,,,,,,,,,,,,
  ,,,,,,,,,,,,,,,,,,,,,,,,,,,,,,,,,,,,,,,,,,,,,,,,,,,,,,,,,,,,,,,,,,,,,,,,,,,,
  ,,,,,,,,,,,,,,,,,,,,,,,,,,,,,,,,,,,,,,,,,,,,,,,,,,,,,,,,,,,,,,,,,,,,,,,,,,,,
  ,,,,,,,,,,,,,,,,,,,,,,,,,,,,,,,,,,,,,,,,,,,,,,,,,,,,,,,,,,,,,,,,,,,,,,,,,,,,
  ,,,,,,,,,,,,,,,,,,,,,,,,,,,,,,,,,,,,,,,,,,,,,,,,,,,,,,,,,,,,,,,,,,,,,,,,,,,,
  ,,,,,,,,,,,,,,,,,,,,,,,,,,,,,,,,,,,,,,,,,,,,,,,,,,,,,,,,,,,,,,,,,,,,,,,,,,,,
  ,,,,,,,,,,,,,,,,,,,,,,,,,,,,,,,,,,,,,,,,,,,,,,,,,,,,,,,,,,,,,,,,,,,,,,,,,,,,
  ,,,,,,,,,,,,,,,,,,,,,,,,,,,,,,,,,,,,,,,,,,,,,,,,,,,,,,,,,,,,,,,,,,,,,,,,,,,,
  ,,,,,,,,,,,,,,,,,,,,,,,,,,,,,,,,,,,,,,,,,,,,,,,,,,,,,,,,,,,,,,,,,,,,,,,,,,,,
  ,,,,,,,,,,,,,,,,,,,,,,,,,,,,,,,,,,,,,,,,,,,,,,,,,,,,,,,,,,,,,,,,,,,,,,,,,,,,
  ,,,,,,,,,,,,,,,,,,,,,,,,,,,,,,,,,,,,,,,,,,,,,,,,,,,,,,,,,,,,,,,,,,,,,,,,,,,,
  ,,,,,,,,,,,,,,,,,,,,,,,,,,,,,,,,,,,,,,,,,,,,,,,,,,,,,,,,,,,,,,,,,,,,,,,,,,,,
  ,,,,,,,,,,,,,,,,,,,,,,,,,,,,,,,,,,,,,,,,,,,,,,,,,,,,,,,,,,,,,,,,,,,,,,,,,,,,
  ,,,,,,,,,,,,,,,,,,,,,,,,,,,,,,,,,,,,,,,,,,, [ 1782289753, 4176026233 ] ];
