BRENTFACTORS[990]:=
[ ,,,,,,,,,,,,,,,,,,,,,, [ 7743747875434211, 23998447264011923 ],, 
  [ 17771761751, 82527621901, 2399757186301 ],, [ 3315120600010411 ],, 
  [ 368172359369251340263843891 ],,,, [ 48770146482619, 287858974651941529 ], 
  [ 2322037976188488721 ],, [ 188735860290815713 ], 
  [ 366796691486907257161, 17567024115558243507227, 496137828317673046058887 ]
    , [ 410747546899, 47925572620343323 ], [ 201995740590402956167552504651 ],
  , [ 15170468881127850112304182750801335836240303946739 ],, 
  [ 690512074541483 ], [ 231118627375676660224309 ],, [ 373495784957 ], 
  [ 9169602782381, 5703179187937833468758234811452462171 ],, 
  [ 781962640230873697, 52292678711136284025179 ], [ 446979117401 ], 
  [ 484404707511229, 7371253553656224409 ],, [ 324649498004999579 ],, 
  [ 23679192048931, 11249649422695477135711129770131 ],, 
  [ 129599047159, 6180432685657 ],,, [ 410430803354933761 ],, 
  [ 136375636357, 2830126356800596537, 6578024371706320186583117 ], 
  [ 219885606571810033 ],, 
  [ 1583070851259084686240746015861641778232720952322991314571882051 ],,, 
  [ 27039851297, 176793538652921 ],, [ 7749971881, 257680561398442403971 ],, 
  [ 191082445265211171945740261605100089 ],,, 
  [ 6596176051, 231328318411834755312167534401 ], [ 6820017397 ],, 
  [ 477073216933, 709189560140865337 ],, [ 34306227521, 456964980868241 ], 
  [ 7166541425571810019, 11659377529847123641 ],,, 
  [ 24703699693, 460996543309, 223320080738167057 ], [ 97941581671 ],, 
  [ 2072266171453 ], 
  [ 59651586457, 494885026625089, 77607890004437244028091592793 ], 
  [ 1728369677, 9228797553883 ], [ 586577966581 ], 
  [ 722208908583709, 7996001417945768501 ], 
  [ 669403668106210364259901, 12303731252400330744210658109, 
      149833667180355380180548355799728197 ], [ 53103843128877196787147227 ], 
  [ 1378839941, 1893742954407127, 
      28738502077747151507659650727110881474285275383571 ],, 
  [ 1516636942100077249, 1498333052964345629738928947025697 ], 
  [ 5760743754197, 24661427889962907227 ], [ 972757117654381193 ], 
  [ 166110376807, 536097542328683247331 ], [ 13321242001 ], 
  [ 8654446823789549, 1238974967223389497 ], [ 2006262441482105467 ],, 
  [ 16139510366904162597305651707553922103029166888409 ], 
  [ 17545982161, 188818970551, 1368195317371, 2264109091582205686945941265081,
      652191710302939684044389898447451 ], 
  [ 23971336585743412562268450752807 ],, [ 133434371617337701 ],, 
  [ 59100647824915221612122243789249642439922232049031991 ], 
  [ 69445937881, 24020995867093 ], 
  [ 51786402529, 109060184539910099876503244260195220527836929 ],, 
  [ 19827939631, 29885741849835751759003 ], [ 111170114291, 7668890386333531 ]
   ,,, [ 32707001364589, 291771374294462909621909 ], 
  [ 1202763647023, 56344736016937243 ], [ 26207896081, 22762090835521 ],, 
  [ 6956473673, 1497115464064027 ],,,,,, [ 22424877717495671909761 ],, 
  [ 27690633381479570920374621330402491, 
      16310902954133273487761081081111719140130043794901 ],, 
  [ 318719269540377530472121, 6502830743593311054575686755456012682179541 ],, 
  [ 1724303291 ], [ 112622169512864881 ],,, 
  [ 2144645316803246943976388771838890806453, 
      284651443372729821877723492340703960144691 ],, 
  [ 983109863261, 12342920777395380853482341, 
      6237832958661298032249846296103121 ], [ 1192026406703797921579 ], 
  [ 681570243617, 615025865169877586438140553 ],, 
  [ 1930952593, 1047562681379041, 803332546767537121, 
      5351123196875772350445259987849804810177 ],, [ 13871299693 ], 
  [ 10679850469, 17007764262259, 243275225586109142513863526437 ], 
  [ 199551950077 ],, [ 99383072399100093205873590001 ],, [ 1403907569 ], 
  [ 1593820775251 ], [ 7379374003, 6462120883959953399573 ],, 
  [ 1968615013, 35945312155596637, 1833815400786607057, 
      3075637875287957494633 ],, [ 1392659327321, 392785628423477 ], 
  [ 899247558949879 ],,,,, [ 95574232277, 72345709359289 ], 
  [ 7595162299891, 11281354068601 ], 
  [ 814691082546350563, 24068952608837046515597, 290970657530027620180369 ],, 
  [ 125508699851937647650593654419595045030543965352925993 ],, 
  [ 22230718947054398541047810791 ],,,, 
  [ 357351104521, 160426940174836555027 ], [ 118096158034731451 ],, 
  [ 123352913179, 40266486151081 ], [ 28899283492187 ],, 
  [ 21938851371364905781, 937715561043792909381532621 ],, 
  [ 82334871347, 528992555605273943 ],,,, [ 2620056248797359866959033 ],, 
  [ 7717988441, 33983490061 ], 
  [ 22571266411, 26308712360273617, 29469057023663083 ],,, 
  [ 1917275329, 310348395457 ],, [ 4517644753697553343031 ], 
  [ 2529518618120521 ],,, [ 2767125043 ],,,, [ 56627393537237465987417 ],, 
  [ 48819879541, 45408313214486012641 ],,,, 
  [ 1716569089, 47711669985789609444992881 ],,,, [ 44691114874409 ],, 
  [ 523697377499 ],,,, [ 5219475901 ],, 
  [ 1303351061, 674720989141, 46818403261081, 
      364673687652253557333753442714721, 
      31928996084717096106803609401328376506302211678539321 ],,,,, 
  [ 3506904229051 ],,, [ 34392605281, 304180092109 ],, 
  [ 437869457293921, 1185484690337741 ],,,,,, 
  [ 167434750789, 65183979417153689 ],,,,,, [ 3002466413, 2486517140270791 ],
  , [ 51093474300961 ],, [ 952803483714279696434587 ],,,, 
  [ 587419620756330251 ],, [ 2988684656697349 ],,, [ 44113709701 ],,, 
  [ 167798337420079, 4150557040126963, 44554368214859654034127 ],, 
  [ 391691946361, 6165955195484050517981, 31154823590856756160433765873081 ],,
  ,,,,,,,, [ 286797368904467234941 ],,,,,, [ 304895866464672619818937 ],,,, 
  [ 17113086945193121 ],, [ 1568241469611403 ],,,, [ 2052762312173 ],, 
  [ 10394188972932673, 32148793949081679068633281 ],,,,,, 
  [ 631309136202238661915203, 1001224112470257465365941 ],,,,,, 
  [ 35664235635601 ],,,,,, [ 178642241841619 ],, [ 16330692841 ],, 
  [ 3626703963999911 ],, [ 10327666015369 ],,,,,, [ 66333286913592132787 ],,,,
  ,,,,,,,,,,,,,,,,,,,,,,,,,, [ 122616914404381 ],, [ 1253073851 ],,,, 
  [ 451950441358621, 35666047612211101 ],,,,,,,,,,,,,,,,,,,,,,,, 
  [ 1085497687 ],,,,,,,,,,,, [ 58920881974891 ],,,,,,,,,,,,,,,,,, 
  [ 687319829346731114041 ],,,,,,,,,,,, [ 12032165944261 ],,,,,,,,,,,,,,,,,,,,
  ,,,,,,,,,,,,,,,,,,,,,, [ 2014127225374040239, 6079858106432084437 ],,,,,,,,,
  ,,,,,,,,, [ 479662020001, 196349957772278881 ] ];
