BRENTFACTORS[7607]:=[ ,,,,,,,,,, [ 683452271645771 ],,,,,, 
  [ 87878746512551, 35319738434752963379549891023084800227077 ],,,,,, 
  [ 95377808429 ],,,,,, [ 10630295670437483 ],, 
  [ 3808535613059, 312097473707710511, 
      442425667714830977347964793520162777465963806377491507661894839 ],,,,,,,
  ,,, [ 141081762191 ],, [ 15703206514553209, 1660789798612400717 ],,,,,,,,,,,
  ,,,,, [ 5640484787539697, 110447000519879676277 ],, [ 633876118093 ],,,,,, 
  [ 1277922686532474439, 2072541706362877583 ],,,,,,,,,,,, 
  [ 390753292644458305736803 ],,,, 
  [ 363246709264231339, 16297600890688211047 ],,,,,,,,,,,,,,,,,,,,,,,,,,,,,,,,
  ,,,,,,,,,,,,,,,,,,,,,,,,,,,,,,,,,,,, [ 38099546117239507 ] ];
