BRENTFACTORS[677]:=[ ,,,,,,,,,,,,,,,, [ 16841781051432209 ],,,,, 
  [ 1112073733 ],,, [ 2506577253151 ], [ 11457047083 ],,, 
  [ 226024997558351570719289 ],, [ 4489411631, 13141188859, 563167814329 ], 
  [ 1002789889 ], [ 17483484659653, 962188586683369 ],,,, 
  [ 96493587225603156257940469723373 ], [ 20255265806539657 ], 
  [ 1949696120418619, 5663393027744713 ],,, [ 2758571551 ], 
  [ 286871820241, 396451325311437616939 ], [ 10981360193 ], 
  [ 974817567324170284649172524101 ], [ 1015942539022417439 ], 
  [ 45076764172628712132761819478740951939239 ], [ 4500961249, 10611768001 ], 
  [ 476944978885350389 ],, [ 884238267507853 ], [ 2571251352511077318161 ],, 
  [ 232502232365610164881741 ], 
  [ 93821152040360458891, 30971211152173427357311 ], [ 4583771752561 ],, 
  [ 69356710301, 39821197351889, 16144485728931019263320821 ], 
  [ 75857956420399736489 ], [ 20095420441, 41444864641 ], [ 2044715720803519 ]
   ,, [ 7163193794524489, 16098914514112638741149419645556743 ], 
  [ 158088854536930433, 9708817355673038849 ], 
  [ 20251340274491, 5443492815090331 ], [ 1466239348715606998480267 ], 
  [ 7331647643993, 14000884130635271619740467828290623 ], 
  [ 3491135158762210241, 3935144257402549417, 1527273288376522573134421 ], 
  [ 1026650311 ], [ 188284958092044871, 2212948362227071981 ], 
  [ 110956873717177, 300438382849319425877, 85866061618409121460295106517 ], 
  [ 4901468972118279774840235486729 ], 
  [ 108230969399860236991, 34127454207188105766387689125522453427123 ], 
  [ 121976403203, 864646718619913500759813607 ], 
  [ 1875024447413138343901, 1413404613506774846747523580051 ],,, 
  [ 29643697032681421, 50855367702607652418859 ], 
  [ 3149718212548409, 731855973971524921177652738891 ], 
  [ 6279720641, 17240587455281, 2954437259652704856796219841 ], 
  [ 11154066283, 27485449271199089297985604545397, 
      697349540715146307061438205824826509 ], [ 1369974083, 407737576301299 ],
  [ 9092069313443359, 32936760802434155567584109 ], 
  [ 133293963013, 607363848570529 ], 
  [ 3637764721, 1855186557756506801, 28484603982852700301, 
      32772239523626857231, 
      6654751261921850175642605562453864229222251273810421 ], [ 5145041677 ], 
  [ 20336945177851, 
      480343903627202721153765570202002227666345573719879222630987 ], 
  [ 16251424202863493478070726007565679323434826337 ], 
  [ 43713649617616037, 19335737999814608733667 ],,, [ 67792548096597661 ],, 
  [ 393353848423817, 29997363437612859089 ],,,, [ 2838851837641961884227941 ],
  , [ 76733232101, 8282789473760982601 ], 
  [ 532796102537, 10215567216871, 18431042881283, 
      164045920463911991066430350143356558719 ], 
  [ 50638322281, 58422983990186678945893 ],, 
  [ 4234402849, 3209727053549017, 911780210003709829513073285617937991977 ], 
  [ 22548437066361826341378511, 56702816204156520447207030080550721 ], 
  [ 532296806303047, 17987405362095825365325697089893055797 ],, 
  [ 251069041477, 4938565312552283101, 8294613210270267490333563313933 ], 
  [ 123359168942468707, 12745217843845726397777 ], 
  [ 118909607508451, 14491851260924461799281700321261463841 ], 
  [ 408984555765022597 ], 
  [ 1072402129, 1653331024913, 1705677210049, 3621853421859793, 
      2372365859926138990005232001 ], [ 12571868438909498985767753878942579 ],
  [ 3420889082687009407 ],, [ 815124094120490904138919729 ],, 
  [ 104297728346885820061397 ], [ 711140443153053103 ], 
  [ 208504357596280971241, 22819904589831051107161 ],, 
  [ 2556134205079267526269415543, 
      935490170490471273272156710513206349386085570050699929 ],, 
  [ 58108040508841, 396103728068055884757833 ],,, 
  [ 34308042920227, 2488527501392753, 310821405987743164972750177 ], 
  [ 6127066241 ], [ 3948982841857939 ], [ 1363848821524770929011 ],, 
  [ 20105034181, 58317330193, 82906440937, 226667827672367157194581 ], 
  [ 111710962651, 14902311125749699 ], [ 9121204737266697398162027 ], 
  [ 7152459368581, 54484594491511 ], [ 180619974937, 475658465377 ], 
  [ 3708546161 ], 
  [ 4934298469, 50386339732129, 215628157256139080897519211421, 
      2944390277206199723808887042138617, 
      805051389677586117870371737806879421 ], [ 660754390969, 10179101977999 ]
    , [ 42615875170902565141 ], [ 38071521109, 10581995200633 ], 
  [ 1333337856247 ],, 
  [ 96573171145423302003773233, 2125331385689554080191419802237172222815459592\
1 ],, 
  [ 5644851029675075951, 138564399061151828304809, 100190318579205991513280167\
412662977072487, 19193526438345782932195654863821132052187102471 ], 
  [ 571381442113338242233 ], [ 2948885437135063553641 ],, 
  [ 879175693746806277886881184854276705622678460850001 ], 
  [ 339897795513637 ], [ 20617200216781102815912746236549169 ], 
  [ 1511092567 ], [ 15056463202397 ],, [ 1907364475186402675676920597 ],, 
  [ 202030704201541377131 ], [ 2194598773 ], 
  [ 82898730154081, 400913767366949609482561 ],, 
  [ 1141718653, 70576862505863560085300108903029, 
      16845496862354998912386631654009545588051997891 ], 
  [ 797028988063099777 ], [ 480371274209537 ], [ 129351758911 ], 
  [ 300548590919629439423384021 ],, [ 80621713201 ],, 
  [ 5929169873301090114835570751, 592697936272175532478501102057216562251, 
      589431607642918522575733364908559121578388093151 ],,,, 
  [ 81837084529, 8180003186850619, 228398972039267585636186145521137, 
      1374118569340118196125309150375666083 ], [ 1080649501 ],,, 
  [ 176851442588417 ],, [ 87100774381 ],, [ 12035801756469212475937 ], 
  [ 94042529899 ], [ 386678713081 ],, 
  [ 19880745752710267, 14887947712561574769157789 ],,, [ 171771069583 ], 
  [ 14739512581, 2580583474611918015292141 ],,,, [ 440834987114061139 ], 
  [ 120113008861 ], [ 177080929884531388280041, 606791686764199013395501 ], 
  [ 29081404597414943 ],,, [ 74697390289103463157201 ],,,,,,,,,, 
  [ 2802264781, 797407318650982411 ], [ 48153285337169108731 ],,,,, 
  [ 5452551106594202007079823619289 ],,,, [ 3611457961, 100638505441 ],, 
  [ 1172584622511331 ],, [ 1026386369, 746973481379329 ], [ 65705638501 ], 
  [ 195414456216342719 ],, [ 411764322542173, 502872494338789 ],, 
  [ 538672711087143481, 19030777321047849652584098611 ],, [ 666355812329 ],, 
  [ 2253857581 ],,,,,, [ 2906834918075224285441 ],,,,,, 
  [ 203335334432719, 665775272977249 ],,,, [ 543848188001, 22294260757538501 ]
   ,, [ 2152394063177548429, 128803532986923284045617004917 ],, 
  [ 163669430572346441707 ], [ 334009980710203201 ],, [ 24660155899 ],,,,,,, 
  [ 15836805735348049 ],, [ 78222189613 ],,,, [ 66891950193959447106331 ],, 
  [ 2116513057 ],,,, [ 1591691173 ],,,,,,,,,,,, [ 112145841793 ],, 
  [ 2627864138041 ],,,,,,,,,,,,,,,,,, [ 8574973177 ],, [ 529280084119531 ],,,,
  ,,,, [ 2820746179, 8391323581 ],,,,,, [ 122192629574077 ],,,,,,,,,,,,,,,, 
  [ 916658978801 ],, [ 25961977189 ],,,,,, [ 16239299374849 ],,,,,, 
  [ 54997268746952536093 ],,,,,,,,,,,,,,,,,, [ 5463166465978033 ],,,,,,,,,,,, 
  [ 14116343809 ],,,,,,,,,,,, [ 3521197083889, 1389964205584024093 ],,,,,,,,,,
  ,,,,,,,,,,,,,, [ 282397006557846461821 ],,,,,,,,,,,,,,,,,,,,,,,,,,,,,, 
  [ 196054238665191507751 ],,,,,,,,,,,,,,,,,,,,,,,,,,,,,,,,,,,,,,,,,,,,,,,,,,,
  ,,,,,,,,, [ 53045394781 ] ];
