BRENTFACTORS[5737]:=[ ,,,,,,,,,, [ 383853763312273 ],,,,,, [ 3172045267 ],, 
  [ 53888778945361, 403991542288979378186423 ],,,, 
  [ 206051110591567508252077, 
      5070719499418545401225866722346632257776523043431638040053 ],,,,,, 
  [ 1745238097, 5781130385308221349009, 60063602522759515936849, 
      88162314671556115249209011450819036424109449823 ],, [ 6426584161517857 ]
   ,,,,,, [ 222036178823 ],,,, 
  [ 6040989887981, 28748914812132023, 1234885678026979639466170979, 
      205506095567398234179200643195659305235041 ],,,,,, 
  [ 414667531041218207 ],,,,,, [ 401072699511857, 36085848605052495731 ],,,,,,
  ,, [ 22866282247, 54061486681 ],,,,,,,,,, [ 484207688802096336447859637 ],,,
  ,,,,, [ 128368809694933, 758430006664069567 ],,,,,,,,,,,,,,,,,,,,,,,,,,,,,,,
  ,,,,,,,,,,,,,,,,, [ 7572622565419 ],,,, [ 2963633385108763943 ],,,,,,,,,,,,,
  ,,,,, [ 17376421721 ],,,,,,,,,,,,,,,,,,,,,,,,,,,,,,,,,,,,,,,,,,,,,,,,,, 
  [ 33105691690649 ] ];
