BRENTFACTORS[320]:=[ ,,,,,,,,,,,,,,,, [ 329845046771 ],, [ 5788384429 ],, 
  [ 39898295179 ],, [ 3101583518459939027503091 ],, [ 31241183956954801 ],,,, 
  [ 1408991971, 8843774171, 52696631178245261 ],,,,, [ 15733430743 ], 
  [ 17306052346801, 278233462879891 ],,,, [ 2031861600211, 268611578546221 ], 
  [ 1101210674401 ], [ 32435916178490369, 1489813815917650590227699 ],, 
  [ 757448034656918281455154009211176229 ], [ 61436072809, 100646584831409 ], 
  [ 21770875891, 3643598667061 ],, [ 634162103391902807602680430518259 ],, 
  [ 21650067739730210111053211609115363004211 ], [ 448692199099801 ],, 
  [ 37450783813, 2262266051293 ], 
  [ 22425387218050777538324454976592952078926811037390301 ], [ 4427282449 ], 
  [ 40759927231, 6591359871534861740563621 ],, 
  [ 72906134659, 7000122385262269, 148856528285850077106563131 ], 
  [ 4503263538275069 ], [ 168290343631488476451544437634861 ],, 
  [ 99898991791, 373413044093492349911, 38094981601436651641047841 ], 
  [ 14244146680295209, 89715132226936293522547 ], 
  [ 2667514384049851839889, 56525205938796521854830379 ],, 
  [ 159222064691, 84327137973241825089594781167785367131231 ], 
  [ 461917338060949 ],,, 
  [ 99072911978071, 59539984670934454114154190688542333146371 ], 
  [ 226878539616285901 ], [ 456346465794368017031 ], 
  [ 7322077826929, 255485940138937 ], [ 16194764029515812414718101 ],, 
  [ 1700579851, 7845215251, 18196067101, 2318593162520137415087701 ], 
  [ 3511507909729409 ],, [ 74616364447 ], 
  [ 3375935660411, 13920579443231, 46307860353420782359891 ],, 
  [ 51005055291342499, 52457848384139494080137158817548977659357245235895619 ]
   ,, [ 252929996122709, 1414480389240232591 ], [ 30093229237 ], 
  [ 103509251161, 12952133510504979972691, 
      96065825317700695300741001898043630355529817051 ],, 
  [ 4017247856017154671579 ], 
  [ 4832876338414697, 16062437878723484777, 9107959866174956191074640081 ], 
  [ 82927851476189 ], [ 6830475055381, 142576571287990665869221 ], 
  [ 6982998751, 20658117481, 44486799631, 7864283754427637629 ], 
  [ 40612308329, 18823209670144893361 ], [ 456969971928085100042292054739 ], 
  [ 3305214617384143880972239169 ], 
  [ 2466472228391, 226136399038376886836324091596951, 
      967247757257413864808484272877211, 4062024206347408610974889194023611 ],
  ,, [ 11867265126265695472627275661 ],, 
  [ 4122746507602598531936013771717601 ],, [ 428810349183970854784609 ],, 
  [ 314795503750313, 13040799926299766609, 892452047417873139392835499008137 ]
    , 
  [ 3690592434481, 256434068991465121, 9002299320122393041, 478636306290098199\
61 ], [ 32296834469539342865686429 ], [ 29705435659, 108985030831 ], 
  [ 17571944197, 150393323990345041, 777239753997407472001 ], 
  [ 252722994439 ], [ 20512050241, 3889134396181 ], [ 19245137869315814821 ], 
  [ 1865150897, 588718687649 ], [ 1268096171 ],, 
  [ 15784017031, 5678231851561, 38190330615601, 
      8067277318466777272799397011351, 
      4963883852501236043230180400033060049251, 
      5377470918116651283691469187846703211150561 ], 
  [ 36712826692249, 1490528412063035941613 ], 
  [ 10049039911, 4475627904555005830399, 5018099737465048522159 ],, 
  [ 349331123671934142131 ], [ 262849388161 ],, 
  [ 43396284623, 302783115435345465234089 ], [ 47938716863312940481 ], 
  [ 11950456477, 5165882101422773, 1954783039864461841 ], 
  [ 35967769001, 758050629009678634894933661590751, 
      4272701046841867371645068008323683580763863359596001, 
      148516533597656893334535744309034119467539179069552690800394001 ],, 
  [ 19639388459, 479995135259 ],,, 
  [ 57976325628432189189270651773065448093141 ],, 
  [ 1839076306796084339408904151201 ],, [ 1758737347721, 6106577202307 ], 
  [ 4270969800973171, 729903362503432569931, 
      2099586903707339271165343098015348451633526034282137160414960191087971 ]
    , [ 283277331140137, 135365535001638449 ],, [ 12790824137631543668227 ],,,
  , [ 76321273067706203, 221351158460221706701, 483257991645602166512941, 
      16118872193138420701293674198769734027 ],, 
  [ 81153623075234237779514822402894705468301572593 ], [ 18148111067441 ], 
  [ 1961727541, 18822860083694609603 ], [ 21044980041499 ], [ 35972349008413 ]
   ,, [ 3650893501, 2171028526201 ],, [ 6829683999540489193 ],, 
  [ 1309055234282027 ],, 
  [ 1031952354733, 115758451506517, 2144546265572169733 ],, 
  [ 186884672385259547 ], [ 210476344713877407631 ], 
  [ 27100486081, 184122442849601 ],, 
  [ 2224915129, 10483396920593095051958869 ],,, 
  [ 815575549469011, 37695946498528399725271 ],,, 
  [ 805717721733341761, 212732753244179924953 ],,, [ 61708660561 ],,,, 
  [ 18611296901, 119111717551 ],, 
  [ 2991369997704274831, 15316724652610657291 ], 
  [ 2270879051263, 627288736312328229487, 302319051042554067730667 ],, 
  [ 357198569573591539113841, 891672108466328857437727591739914833601 ],, 
  [ 1294632867164729 ], [ 1351604268709 ],,, [ 4655710387, 551100848383 ],, 
  [ 9287286293 ], [ 15789143132029 ],,, 
  [ 198827176147393, 1222719818805889, 3042954439682014657, 
      18482957316244999497684673 ],, [ 4718111623 ], [ 44552908622618761 ], 
  [ 367474566068059129 ],, [ 65678703949 ],, 
  [ 9531067201, 86446750001, 1910994308801 ],,,, [ 2721162193441 ],, 
  [ 35221939594567466981 ],,,, 
  [ 116934722319972713811389641952832578677026281281 ],, [ 1352484655267841 ],
  , [ 10679730678329026121 ],,,,,, [ 15005801801, 9087641573075695081 ],,,, 
  [ 72053002337, 939922580092758529 ],, [ 168851014756429 ],, 
  [ 9397383766411731361, 81888267196316232121 ],, 
  [ 83127471241, 1195529879946641 ], [ 199751807877710551 ], 
  [ 25930192740348137 ],,,,,,,, [ 1348249501441, 86948567956321 ],,,,,, 
  [ 884571873363781 ],,,,,,,,,,,,,, [ 1484620407164724950641 ],,,, 
  [ 5767186342369 ],, [ 390803853126375781 ],,,, 
  [ 2344734001, 8069451332434861853881, 226261882888725960189884521, 
      147858835953316051560813120774541 ],, [ 66088667969 ],,,, 
  [ 338439789397 ],,,,,,,,,,,,,,,,,, [ 5202332295432361424330101 ],,,,,, 
  [ 13403099991601, 15822675761231401, 176810051775427985997601 ],,,,,, 
  [ 831601695601, 345906207533253598849 ],, [ 1604636573 ],, [ 4300956917321 ]
   ,,,,,,,,,,,,,,,,,,,, [ 200510114439361 ],,,,,, [ 66220468609 ],,,, 
  [ 4011371008772681 ],, [ 182997477099361549 ],,,,,, [ 14855865969397 ],,,,,
  , [ 4173716641, 42822864616003 ],,,,,,,,,,,,,,,,,,,,,,,,,,,,,,,,,,,,,,,,,,,,
  ,,,,,,,,,,,,,,,,,,,,,, [ 78958637021881 ],,,,,,,,,,,,,,,,,,,,,,,,,,,,,,,,,,,
  ,,,,,,,,,,,,,,,,,,,,,,,,, [ 7790705281 ] ];
