BRENTFACTORS[6917]:=[ ,,,,,,,,,,,, [ 2786531693089 ],,,, [ 2727544323488269 ],
  ,,,,, [ 6919062539, 132246971821 ],,,,,, [ 6100564515677 ],, 
  [ 243237293177, 29832974761375166990067675040639, 
      35479200787769460364054753430261 ],,,,,,,,,, 
  [ 136165415537, 449951185682837, 7410189795776023, 
      136741393115328204717428492651 ],, 
  [ 8016752473, 451956272388541, 5068084619013761, 271566861836804201, 
      807476624591291830079383, 28351777768614503448281759, 
      3158652409018364707766129935309170383419729 ],,,, 
  [ 1941718991, 1971456453202825951 ],,,,,, [ 2273830063, 306986505131 ],,,,,,
  ,, [ 2148060542983 ],,,,,, [ 104727355391353381307661636931 ],,,, 
  [ 82575835349216016747481 ],, [ 163402342793413 ],,,,,,,,,,,,,,,, 
  [ 69322466828031542819 ],,,,,,,,,,,, [ 46111275887 ],,,,,, 
  [ 3477740210796383663 ],,,,,, [ 20216142509, 81553833747436937 ],,,,,,,,,,,,
  ,,,,,, [ 17887812629 ],,,,,,,,,,,,,,,,,,,, [ 71837448191 ] ];
