BRENTFACTORS[391]:=[ ,,,,,,,,,,,, [ 12810102631 ],,,, [ 3573589687 ],, 
  [ 22306898321 ],,, [ 1260098863 ],,, [ 10671532234001 ],,, 
  [ 54576504186653 ], [ 250965952924937827 ],, 
  [ 23168571247538903, 241430551423278817 ],,, 
  [ 24125129557, 84939735649673 ], 
  [ 6131389601, 342102813571, 44927449981740901 ],, 
  [ 23542516064219879731484882987779 ],,,, [ 86460382462203235303 ],, 
  [ 1128662436693346889194435079 ],,,, [ 26870740233039111291564680027 ], 
  [ 96704446279893217 ], [ 139770438767, 279117085737337 ], 
  [ 132386935816632541058351 ],, [ 18320117542836208529 ], 
  [ 366215040221, 289580856275386207007326264725344932906313753 ], 
  [ 6453011881, 283334527998829 ], 
  [ 4745844401, 2123329392581, 2687857106111, 37130709271408842688194808411 ],
  [ 71640847130788147990121 ], [ 1690026642806346634982479010864224150954621 ]
   ,, [ 43652050482877379778914123 ],, 
  [ 343696140251067209, 21068296134906394347327371 ], 
  [ 1882848613, 14152729244366655836958017 ], 
  [ 47023414327, 163363977883, 3845113225376954924865599443 ], 
  [ 1708279553, 4986095517910735169 ],, [ 1544842333, 49417339291 ], 
  [ 125127933166218763427083 ], [ 822020425451539079544113 ], 
  [ 783419384705044851191143, 34506051665628576950907816430456765122397 ], 
  [ 3953752651403069989815391 ],, [ 29015846137 ], [ 741050272801 ],, 
  [ 7008264109464930187609051 ], 
  [ 17094450481, 8339944343813, 1407512169731401, 16618771073834925578441 ], 
  [ 11740513010843, 25195712135441, 100510545165755341 ], [ 1478659807 ], 
  [ 2051051879, 1640880754451436137 ], [ 1578572881 ], 
  [ 473701729375027853715944360858712228880579374949464980222077035751 ], 
  [ 38287655743 ], [ 212683145976871 ],, [ 9224891051 ], 
  [ 3418860390515197, 77300825867452700156083066714082071824192773 ], 
  [ 5292735563280518233, 1616112086012301204672157, 
      334942759263037524861772245252740265068881 ], 
  [ 1930350625312443439687203481475606175038432393 ], 
  [ 125040414591065546743 ], [ 1725837571, 2011276661802927121 ],, 
  [ 1331614348555100033, 12402949374519097187077, 
      16655184458552979320386106777 ], 
  [ 830568685084805101, 88741765055040875794937752822142701 ],,, 
  [ 2279593982685515294593 ], [ 64405412991571 ],, 
  [ 2203799599, 2642722838911, 52703483583170014836517 ], 
  [ 608863289905103201, 3256611938705726119317029954201 ], 
  [ 3246288827576159 ], [ 829759443817, 199786071957929237354983 ],, 
  [ 8770547173649, 26826518882920459561, 100453707970888924913 ], 
  [ 5166082896649805429446141 ], 
  [ 25916557451, 198966268654451, 18701835941759789963174391958286623 ],, 
  [ 664092049141, 3991037707299637 ],, 
  [ 3926936418930529157561, 41975078805462132895713611 ],, 
  [ 1113877503663901201, 4590648353683167621606369841 ], 
  [ 181671793674430901 ], [ 407673761821 ],,, [ 379141744250694815970929623 ],
  [ 1699469524833183363637389889 ], [ 30384991446935526899 ], 
  [ 19896813721, 81194482801681, 12659765233234029390241 ],, [ 242871449981 ],
  [ 251263055600653 ], [ 8745814241, 151390788024937 ], 
  [ 1268938001, 18481096751501 ], 
  [ 19932681511, 10920329895913388749, 12853281687215715649, 
      9743340472635527569351 ], [ 1642800881 ], [ 39771998858853761 ], 
  [ 343050374671, 5336600690143 ], [ 233355075879663271 ],, 
  [ 53188900793999162809, 325126559298914763193 ],, 
  [ 336020971997, 160415259585787, 118827001361138385773 ], 
  [ 1151197298789789611, 9241412733041829031 ], 
  [ 179318654857, 4189357383415821401 ],, 
  [ 41600656003, 66889024100335255106169888485996568256375795489 ],, 
  [ 53358217611581, 924254733341941 ], [ 1549733257, 6197803992853065253 ], 
  [ 177976115351, 1472152078449316392076271328779, 
      4776869083709651827949168743531835129 ],, 
  [ 10919202327217, 1969172912901237409 ],,, [ 577233500435973491519179 ],,, 
  [ 832635742051, 8650361700601, 683452806284833093731064338256051 ],, 
  [ 635260466297, 9398056248880634813252717364857 ],, 
  [ 12955749270179717, 104480263530540477957917 ], [ 14483812665401 ],,,, 
  [ 10095110404680883 ],,, 
  [ 450553429297, 4127250009097, 1333851891477600115257778693952032447 ],, 
  [ 10074016534940889049, 164194315548545841779341333 ],, 
  [ 618449215676867490855887 ],,,, 
  [ 249201158221, 852237169571, 398922214078732295889220248521 ],, 
  [ 344135719260120854905469 ],, 
  [ 7539161387977, 6523294220048779, 3621684919286761407728779 ],, 
  [ 19361232529, 47973849793, 1829401167560033, 244171364647685729 ],, 
  [ 54139007308443589604329 ],,,, 
  [ 3667900601, 381231067309, 26951118153209251, 1607116903114273591951 ],,,,,
  , [ 2857210055689193, 55230908579990173 ],, [ 24318492161 ],, 
  [ 58682315540690689 ],, [ 10590758567 ],,,, [ 3136215298987 ],, 
  [ 5356139401 ],,,,,,,, [ 2783369473, 194546487321889, 1741013901256657 ],, 
  [ 3333244114109128762235701, 7234429383024318258270170909638210771 ],, 
  [ 6479402429 ],, [ 30131127883, 2176080272671, 4771441394611 ],, 
  [ 18239239630169353 ],,,, [ 70841541688061 ],,,,,,,, 
  [ 3061718749, 170816301769 ],, 
  [ 11430880861, 1676739403831, 21411068141313611 ],,,,,,,, 
  [ 8350141703, 575265493270934751587 ],, 
  [ 19376275777119889108079761, 6481829747148155466325886401 ],,,, 
  [ 496889585021513 ],, [ 12122337948349 ],, [ 18381720073, 175343423881 ],, 
  [ 153411207893501 ],, 
  [ 270148879348765201, 7808156236277451565509649390262209 ],,, 
  [ 1191122158076371 ], [ 101319998977, 9289670364673 ],, 
  [ 284826202039531, 55203596901951563120359 ],,,,,, 
  [ 1691213750961386521, 20997472233848800537 ],,,,,, [ 2039873409001 ],,,,,,,
  ,,,,,,,,,,,,, [ 329025378301, 836126768951 ],,,,,,,,,,,,,,,, 
  [ 1783468041422899049443 ],,,,,,,,,,,,,, [ 13379601017281 ],,,,,,,,,, 
  [ 16351428680401 ],,,,,, [ 255111946131806737 ],,,,,, 
  [ 1029088261, 7607557082413009 ],,,,,, [ 31239733801 ],, [ 14479627051 ],,,,
  ,,,,,,,,,,,, [ 6854941369 ],,,,,, [ 58334343373, 827028366763321 ],,,,,, 
  [ 2892361501 ],,,,,,,,,,,, [ 851437552019007721 ],,,,,, [ 15373857788389 ],,
  ,,,,,,,,,,,,,,,,,,,,,,,,,,,,,,,,,,,,,,,,,,,,,,,,,,,,,,,,,,,,,,,,,,,,,,,,,,,,
  ,,,,,, [ 19449945121, 575718478081 ] ];
