BRENTFACTORS[5449]:=[ ,,,,,,,,,,,, [ 61735235927 ],,,, 
  [ 6707828590571012721208837 ],, [ 19101581439071, 29891858841311 ],,,,,,,,,
  , [ 2260355517997, 314173347609649437440099929636907 ],, [ 6210091493 ],,,,,
  ,,,,, [ 609142856343979, 19694491076264009, 340306547805576549488705929127, 
      187468232170762155162645199510511267 ],, 
  [ 15141039837440411, 19820189440174516957569959, 
      105419685904479115933291006173360087865117 ],,,, 
  [ 21900560428259, 502076885699849 ],,,,,, [ 142681707359 ],,,,,,,, 
  [ 29143546093445822723, 69666362795189875877 ],,,,,, [ 1658373683 ],,,,,, 
  [ 2301172545894403757 ],,,,,, [ 660148121841669947 ],,,, 
  [ 844267330742464627488100621 ],,,,,,,,,,,,,,,,,,,,,,,,,,,,,, 
  [ 879175027174090418027 ],,,,,,,,,,,,,,,,,,,,,,,,,,,,,,,,,,,,,, 
  [ 362014218859 ],,,,,, [ 568583136167 ] ];
