BRENTFACTORS[5101]:=[ ,,,,,,,,,, [ 22792572287 ],, [ 170918342625804047 ],,,, 
  [ 816400698370907917 ],, [ 347274091708929193 ],,,, 
  [ 3043685915253864735053 ],,,,,, [ 46477140894168427 ],,,,,,,,,,,, 
  [ 951368254634873282361042913 ],,,,,, 
  [ 22800259663408043, 336162922953527333136653 ],,,,,, 
  [ 337464270395281089703 ],,,,,, [ 2015864825707641661 ],, 
  [ 449061992611, 451214838161, 8127580207679, 8471296938047806652753 ],,,,,, 
  [ 62094277957, 42305889713845631 ],,,, [ 1282071851, 1178615248387 ],, 
  [ 9208675813 ],,,,,, [ 167743181441509 ],,,,,,,,,,,,,,,,,,,,,,,,,,,,,,,,,,,,
  ,,,,,,,,,,,,,,,,,,,,,,,,,,,,,,,,,,,,,,,,,,,,,,,,,,,, [ 60970353313 ] ];
