BRENTFACTORS[8419]:=[ ,,,,,,,,,,,,,,,, [ 37470592940258759 ],, 
  [ 12197640270387349 ],,,, [ 93727844432767931 ],,,,,, 
  [ 20583502560470168506010500457927414312121167 ],, 
  [ 1774627607351, 4883906952451387549701007 ],,,,,, 
  [ 126399717461, 85821079463699, 11089686943605892138078697339 ],,,, 
  [ 83502525853 ],, [ 12712274213 ],,,, [ 217394584755241 ],,,,,, 
  [ 998319326419, 3902286328230959 ],,,,,, [ 2196906072690937 ],,,,,,,, 
  [ 4765488901 ],,,, [ 1720554361, 2977543189 ],,,,,,,, 
  [ 10605804353, 985261839485909 ],,,,,,,,,, [ 1889069857 ],,,,,,,,,,,, 
  [ 46173802361 ],,,,,,,,,,,,,,,,,,,,,,,,,,,,,,,,,,,, [ 574703536627754111 ] 
 ];
