BRENTFACTORS[524]:=[ ,,,,,,,,,,,,,,,,,, [ 1542767243051 ], 
  [ 65421199141, 86882080861 ],, [ 3166144147 ], [ 401798317243 ],, 
  [ 5033895901 ], [ 6216627509, 8985891877 ], [ 111358160047, 8561173003093 ],
  ,,, [ 38649466230953, 134804942540299 ], [ 9472478210849 ], [ 2136722611 ],
  , [ 36920167411 ], [ 2609272640701 ], 
  [ 1192739549, 88216165840506863201283268575052870661 ], [ 263071019699 ], 
  [ 45678346507, 956514317707027 ], [ 820643453625841285241 ], 
  [ 2250749021950879, 14786060387347521884349959594515401595671949 ],, 
  [ 35988238004031919 ], [ 30458697292453 ], [ 318914752791548161 ],, 
  [ 25951959436573184324936164417104190925824153130872446257 ], 
  [ 62459341453205953 ], 
  [ 7796044406026235442427210022087, 899904267228937460542008975806663 ], 
  [ 8726563541204651 ], [ 452458754967569253901618833103351 ],, 
  [ 75117950390098099243053644625549721465903708503876980219507528537 ], 
  [ 83062915129 ], [ 156773894695441, 1052237957405801 ], [ 1145359877699969 ]
   ,, [ 748638245834861 ],, [ 8596216610941 ], 
  [ 49098449089, 92156529305554040469253 ],, 
  [ 493006022712848542863921733, 74850360823217285874554591407885363 ], 
  [ 5874778369 ], [ 292334215642852338925619673271301 ],,, 
  [ 639167753601613, 35541298236709689569 ], 
  [ 3395032196998549, 96466679479789093, 122347495177254219073, 
      2107006520181501229297490639443 ],, [ 627759128770078059052054967647 ], 
  [ 407192028382679738820697 ], [ 6185798081, 97030933104851 ], 
  [ 141884878133, 969325777261, 6592014783271 ], 
  [ 2113155272888726558315078476801 ], [ 4357928164637 ], [ 11064161984261 ], 
  [ 6783424363, 58557452118699633510217 ], 
  [ 21704078205462409, 178768837001860838573, 638276724908508801737, 
      68972814535633753779329 ], [ 636173880721, 7591274832161 ],, 
  [ 16532735945678777789375669 ], [ 4087252333, 238838083079 ], 
  [ 4888040221, 8765456617, 57079599277 ], 
  [ 277110238778212904425381, 362159983766747540158591 ], 
  [ 23363671171, 28925302991951155853118597318595783 ], [ 14696662593228001 ],
  [ 740126757569, 1139883959566859988636497 ], [ 48685891789, 51038733703 ],, 
  [ 186418024384957 ], [ 7638374131698998113, 784276880956101023189 ], 
  [ 9774442440390673, 27235311482247041281, 10743786473481321119787659257, 
      931194888406322475560673478799158003 ],, [ 640710138050611 ], 
  [ 55374556801, 4130755442113, 102088790947009, 18778487412075618133729 ],, 
  [ 527371313695610418372333773, 184476809114321169541640968710591823 ], 
  [ 165705607189 ], 
  [ 5387674093498001, 1270327820772337153601, 15207797191246790757046201 ], 
  [ 5550582570952437203, 52106985076372332737 ], 
  [ 21219259138783, 118471399692622792117 ],, 
  [ 68887708553, 130466341043255341052386363453878178229978416288244569 ], 
  [ 395127228999511, 575161564263640221594332626651 ], 
  [ 553516215868813, 891599927368273 ],, 
  [ 101507716695516123026412507009970859797 ], 
  [ 27252833129, 367198820288093242441 ], [ 8788273946651, 160195494830801 ],
  , [ 200158377225361937104769305572152561 ], [ 37454711861849 ], 
  [ 273169085119634380696818955739969035633 ], [ 969450719048771 ], 
  [ 27733765555746053, 133038152365116165701, 50013903156922210667224109 ], 
  [ 52598401130334444373 ], [ 118786370436779938958701205316697507 ],, 
  [ 1075596178634592961 ],, [ 6035118481673, 981744064851343022796799 ],, 
  [ 234493739006470642133 ], 
  [ 5191137751, 116622092053751, 19305892260744929251 ], 
  [ 714340156743517588736877433 ], [ 26279691409 ],, 
  [ 1051197327914114434159111 ], 
  [ 22828281841, 1688042123177158862951464391384491 ],, 
  [ 123632943497115740161, 10534102911435022708565173 ], [ 9756588199 ], 
  [ 2848342751729 ], [ 2186580961, 8698014092701, 1068120486687421 ],,, 
  [ 133309568665873, 2121805287454058678070133807964598831475069 ],, 
  [ 1079005998121801, 67672990235567181126443298301 ],, [ 1891771003 ],, 
  [ 341719954273, 8266545991169611284673, 10753532597884899923285932717328593 
     ], [ 4275802631, 119568147821 ], 
  [ 109050340055444060262881, 1455234035627740132412158181039 ],, 
  [ 273278415737, 420608449317885482281 ],, 
  [ 3257486227600468960092213501901 ],, [ 823259538601 ], [ 7293707983 ],,,,, 
  [ 42894718639, 134276991883, 3846546432886463 ], [ 889791621163 ],,, 
  [ 17839005031 ],,,, [ 35136664399, 943178173025190767251 ],, 
  [ 10731965608057 ],,,, [ 6969913410326334529 ],, 
  [ 1916344152306605856939047696671 ],,, [ 4882388729879166031 ],,, 
  [ 36895041901, 334456993284121, 20472916271386512763622341 ],, 
  [ 3966112816199899 ],,,, 
  [ 135102603997, 14179734581619571, 897584892105765895275027058447, 
      8942227026864788158815186009919 ],, 
  [ 3183907036972320713, 23616111381047235893 ],, 
  [ 272138754086081, 6371443125355526645118525551 ],, 
  [ 9198516673, 46704274287361, 9064987954308265084491457 ],, 
  [ 1193522696970876249610948361 ], [ 7289394758664331 ], 
  [ 1726486125869, 5083211781649 ],, [ 9091055359 ],, 
  [ 2122902235801, 35038018447064201 ],,,, [ 9691854769 ],, 
  [ 150614138498519 ],,,, 
  [ 73107466129438345777875151, 971557094752649171752486484126641 ],, 
  [ 590428785911568353 ],, [ 1058845679, 1366542664819 ],,,,,,,,,, 
  [ 5669075329, 28731188417 ], [ 178841752651 ], [ 48481335359 ],,,, 
  [ 267615837118381, 3067632581458721 ],,,,,, [ 2479558011557865361 ],,,,,, 
  [ 4477450748959 ],,,,,, [ 1139211809, 2391906751177 ],, 
  [ 5757820054533405251 ],,,, [ 9197418103415803 ],,,, [ 322394271343 ],, 
  [ 1751699821, 769218437407681 ],,,, [ 23130635881, 60136220497 ],, 
  [ 8217831133 ],,,, [ 50505822271, 6500377864441 ],,,,,,,,,, 
  [ 10394874001, 2594446227876793634681 ],, 
  [ 48704449325833069, 69508554607749788123338549 ],,,,,, 
  [ 2358068084359572552309542017 ],,,,,, 
  [ 31375391587, 794859318163, 19419131078383, 5168558768584485457, 
      102289601126608699483 ],,,,,, [ 750829216917908101 ],,,,,,,, 
  [ 3007508197, 6337765205773 ],, [ 84313549211, 184422446891 ],,,,,,,, 
  [ 180834578069149 ],, [ 252774585281, 1095409231361 ],,,, 
  [ 256200954913, 2851773177709 ],,,,,,,,,,,,,,,, [ 158010387901 ],, 
  [ 2863223710327, 1834420758937055249563 ],,,,,,,, [ 2707175051351 ],,,, 
  [ 697923195301, 76299600019351, 95907936390691 ],,,,,,,,,,,, [ 8333009677 ],
  ,,,,, [ 54785385997, 327347510101, 429216625477, 440441562704053 ],,,,,,,,,,
  ,,,,,,,, [ 4257324241, 3848608570710151 ],,,,,, [ 7404781429 ],,,,,,,,,,,, 
  [ 1262991597529 ],,,,,,,,,,,, [ 109485673473448021 ],,,,,,,,,,,,,,,,,,,,,,,,
  ,,,,,, [ 3016049401, 4001086801, 2655118260169201 ],,,,,,,,,,,,,,,,,,,,,,,,,
  ,,,,,,,,,,,,,,,,,,,,,,,,,,,,,,,,,,, [ 2571711211, 4393582681 ] ];
