BRENTFACTORS[235]:=[ ,,,,,,,,,,,, [ 72402668677 ],,,,,,,,,,,,,, 
  [ 2074649113, 61155871453 ],, [ 362485103339 ],, 
  [ 2019396607, 2637321161013573921373 ],, [ 129893743717, 857314950229 ], 
  [ 71386584281 ], [ 3212822201, 79028417636034782231 ],, 
  [ 1065756769001, 6213899829245621, 872646134892268462871 ],, 
  [ 93391996691777067103 ],, 
  [ 11826848029, 442072731673577, 1970823089980816009774831169457671 ],, 
  [ 10549827949, 4191742777781969, 12130387193163511177 ], [ 6002622437417 ], 
  [ 200158178851, 1495741535461 ], [ 13175540891081 ],,, 
  [ 1436507251280543194849560777186333036683 ],, 
  [ 105436447729, 4197334480081, 30123477681405907 ], [ 1132647101 ],, 
  [ 16958898937 ], [ 28674438459881831 ], [ 93430998137, 23268007751890441 ], 
  [ 40676500234411 ],,, [ 9823318081 ],,,, 
  [ 13486037953, 87932480513, 305221310885761 ], 
  [ 1277230841267361732229155362101 ], [ 4886121967 ],,, 
  [ 93787924516513, 290351906032246230405601397849221 ], [ 27778086701 ],,, 
  [ 284749304637307091009, 317714411584576158638494248343 ], 
  [ 283685857211, 1236271706681807, 328937548260162467 ], 
  [ 12290603934231151, 25144231832416415271399336001 ],,, [ 9059329579 ], 
  [ 146939478601, 11822074330502864140253 ], 
  [ 785744867203015742824956648961 ], 
  [ 1083007465071095671826796489400439221 ], 
  [ 3481840259854569501680611, 7063923133430582636023771 ],, 
  [ 7617783433912716877 ],, [ 109374213633507355821560208670890547719649 ], 
  [ 4491593706005269907259127, 840967869924993827984360089, 
      237881357182716754717333938170249359 ], [ 63786179161 ],,, 
  [ 972365466983 ], [ 85331529541320591043581821869 ], 
  [ 19790019845678347, 150509286205936820416013405357953820184241 ], 
  [ 3503599563234931, 12894001925880701, 102285463350243462963595433119 ], 
  [ 20351293779941, 25732882830322121, 101299776904371879011 ], 
  [ 590834856605569 ], [ 6505769243, 171009019067, 7383194130020736499 ],, 
  [ 70145517223 ], [ 1679570118418090798354256401 ],, 
  [ 31324205935193970940283203 ], [ 854280899393719393709 ], 
  [ 10093665279569, 598656842745201143593 ], 
  [ 1838154781, 1080861064775823299582051741675380838141261740368691 ], 
  [ 3463979463106539144326289485477013986701035229171 ], 
  [ 94454013959, 963923399517853 ],, [ 1301967156727 ],,, 
  [ 703055032499843027201, 1000648045028826098925732148740999265862881 ], 
  [ 1378117717 ], [ 515910926959 ], [ 153381672867793363332318871 ],, 
  [ 71396973649, 134692102638722984918473, 3875024526114601148270437 ], 
  [ 33164211403 ], [ 416179992319668851 ], 
  [ 4695573121, 29262556681, 52912360180395721 ],,, [ 62173513353493459921 ],
  , [ 2327525510501, 286396636938517751 ],,, 
  [ 110969065729, 3150469168513, 2178482243423463218272465537 ],, 
  [ 680077247399700457595552301465193658489320390811 ],, 
  [ 276683540101, 8586073824109 ],, [ 79287035485711024836517 ], 
  [ 11866876146425701 ], 
  [ 2231199551073089, 11259858437682918901697, 4389935615018339944030398481 ],
  , [ 23311630628396557 ],, [ 295771807680419296923709597139675465876441 ], 
  [ 19135801188398581 ], [ 42572230378956490336471 ], 
  [ 25029131557, 43020153751099711759 ], 
  [ 3611199592332658795052602855716543649, 
      44777691579058417506822230175307370929 ], [ 4239130199471 ], 
  [ 631818225433 ],, [ 428133963671763026840458529 ],,,,,, [ 26213068267 ], 
  [ 31408723531 ], 
  [ 35619864541, 554139630743001312517, 6019338238122227697901 ],, 
  [ 135686881732685711047940237 ],, [ 83895261079361, 215409459727361 ],, 
  [ 212185028556343 ],,,, [ 115259700139, 1578674093567 ],, 
  [ 1037669641, 2766995441281 ],, [ 6234298991, 60155368624223861 ], 
  [ 969852284407 ], [ 3444575122601, 18822842468533, 3535296111614257 ],, 
  [ 144161699687781133, 13514805812644016017 ], [ 664210078970551 ],, 
  [ 1251857281, 4277726427841 ], [ 2305847532594897701 ],, 
  [ 232019816274721, 905755480761421, 904496925252846076192111322815598341 ],
  , [ 93646151961822255221609 ], [ 4820892916621 ],,, 
  [ 19243022089, 5388837724769970763 ],,,, [ 14250036626575769611 ],, 
  [ 581634692350058696992922497 ],,,, [ 497307119515529 ],, 
  [ 7715752111, 131364289947727, 841550678587081, 
      37333058808048939430907588429525911 ],, 
  [ 1385365801, 2454159399125112198601 ],,,,,,,, 
  [ 82732199642353, 5668928526547972268748049 ],, 
  [ 37896789421, 547046825050474848961 ],, [ 10815293633 ],,,, 
  [ 15029660253529 ],, [ 4986020573 ],, [ 3574509401 ],, 
  [ 9780717880239476341, 197854957259837465332651 ],,,,,, 
  [ 50506983833089944709, 639729644197135279441 ],,,,,, 
  [ 89638238957264144317 ], [ 8567223366341, 22872536219547375041 ],,, 
  [ 242079011791, 68668579726741, 749350644624865025513 ],, 
  [ 17864114437719623377441 ],,,, [ 396433862093, 8655618948365761 ],, 
  [ 1110379655763420476299 ],,,, [ 596493314522170209004501 ],, 
  [ 268547759215017913 ],,,,,, [ 937818643784797 ],, [ 496500331601 ],,,,,,,,,
  ,,, [ 566211611393, 29880332139617, 56809191736049 ],,,, 
  [ 1462050937, 233785735084801 ],,,,,,,,,, [ 138947949601891 ],,,, 
  [ 128600863081, 2061819651912121 ],,,, [ 39685206753981997343563 ],,,,,, 
  [ 61936551301 ],,,,,,,,,,,, [ 6364211881, 284985738740411593 ],,,,,, 
  [ 11449991780917 ],,,,,,,,,,,,,,,,,, 
  [ 14038582827697, 1245874402295002118689 ],,,,,, [ 1036991539 ],,,,,, 
  [ 62796006661 ],,,,,,,,,,,,,,,,,,,,,,,, [ 120147815257 ],,,,,, 
  [ 26047037089963 ],,,,,, [ 11580319873 ],,,,,, 
  [ 13914091621, 583315667219611 ],,,,,, [ 16864634953, 584626681297394209 ],,
  ,,,,,,,,,,,,,,,,,,,,,, [ 1267783441 ] ];
