BRENTFACTORS[879]:=[ ,,,,,,,,,,,,,,,, [ 4101707131, 28627231873 ],, 
  [ 1359251686931, 1102266094423698499 ],,,, [ 377307510787753981 ],,,, 
  [ 592313383873, 697136921839 ],, [ 135017893942991 ],, 
  [ 25535374136791411 ], [ 8827783491665100257 ], [ 828781290597371913583 ],, 
  [ 9493947961, 15134418069947611 ], [ 39783532429 ], 
  [ 298040789539, 254519749477138706599, 60536105900855749302601 ],, 
  [ 3940359679155291275477413 ],, [ 16877016951144154405680119 ],, 
  [ 222561707897 ], [ 245314726195386748297 ], [ 1565410681 ], 
  [ 975846532367299, 24551600413881540817 ], [ 699907633707893283317 ],, 
  [ 2646981079, 1927735998141259869023298854032147411673 ], 
  [ 8865405001, 1885515866605001 ], [ 72613742634465383557 ], 
  [ 13264114657, 1562152204594658041 ], [ 8162138734718851704527 ],,, 
  [ 3236553533156609 ], [ 246796754748094617901 ], 
  [ 2425062593, 4290861549516135527 ], 
  [ 611271003844468819, 561190487351904892645395467 ], [ 1607031061 ], 
  [ 15847948841, 168972468033614570604500396521 ], 
  [ 957402816685451506703713 ],, [ 11555289831250831110531535297 ],, 
  [ 1776045268346977 ], [ 76702512278451450764239 ], 
  [ 516262239567257, 5039742351005837, 4787253846864229998337 ], 
  [ 10390274227220431, 398946716170050091, 1586864838077678855091366972691 ], 
  [ 21647565214871, 25221385612604514551 ], [ 24777837731, 145147324921 ], 
  [ 659930115241, 4383975993358216480993 ],,,,,,, [ 94708827254507 ], 
  [ 1891815361, 174218331361, 4854959404588687227266271361 ], 
  [ 12158574499, 1511874868740139, 2831139737910217, 5766548922519606253 ], 
  [ 12225215591, 210973018677692669 ],, [ 265054145993696251875637428601 ], 
  [ 16774903511 ], 
  [ 27342485103633976003592229715332633552623504170295028606013 ], 
  [ 47810414131, 51278046037219, 52415114731963, 66046150682156791, 
      265146137528095018891, 2746417390126182844257960404384563933 ], 
  [ 289678906159897, 82059411654047114452174823881 ], [ 93191116321497197 ],,
  , [ 4680176621 ], [ 5874630008452883437 ], 
  [ 1765353371, 205375135297956460290772999220609 ], 
  [ 39974107031, 2382398741741, 25729238574268321, 22168146669291162417181 ], 
  [ 2574448417, 1722643635841, 1041312477636481, 7793814224632129 ], 
  [ 8559501677981 ],,, [ 158428134777051301 ], [ 1443012251, 135062407561 ],,
  , [ 317799137866215467289486807763858498789873 ], [ 41938445714131 ], 
  [ 34355785196071, 240550917739361, 868181662629467795048799701, 
      130222088292608843877026741394928336541404027 ], [ 4208302036633 ], 
  [ 1547067060001, 84170710214142193, 36083434203223157138969223289 ], 
  [ 690957857236789617733 ], [ 44252090642042200562296961 ], 
  [ 218513957536219 ], 
  [ 9111967145152041336092323006053890657, 55398921219427354703497085829723857\
5903019479793 ],, [ 2542628299 ], [ 26252803981, 304841799752107931 ], 
  [ 5100333086955601780316029 ],, [ 30911258775577 ],,, [ 108438608609 ], 
  [ 11759441212630242247 ],, 
  [ 36138621034031902977817, 385293225765703015763672297 ], 
  [ 56244447159000251 ], [ 863611187117167693 ],, [ 8444447150849 ], 
  [ 297689679990907 ], 
  [ 6691726412281, 41832354147454838456062496920377395933985501055571 ],, 
  [ 2201919193 ], [ 216759818311 ], [ 783004815290762161 ],,,, 
  [ 1240002690181531280733535487911 ],, 
  [ 90842449741, 85581833390201, 108643442622410122666200559501 ],, 
  [ 355403129750621471, 10017664123958325138342719301935026721 ], 
  [ 6021796639 ], 
  [ 3413546834402851594993, 72118213617652074367974701979642001, 
      107783860720565403267297333854986657 ],, 
  [ 24339332347640201093, 683789395876823341598361889 ], 
  [ 90524692961847553963, 215470264540010859079 ],,,,, [ 3540660793 ], 
  [ 84468938599 ], [ 47545366412699 ],, 
  [ 599978540149, 95607860627962219771417 ],,,, 
  [ 602239616303187521, 21924383900727846721 ],, 
  [ 143827104749322986064803053 ],, [ 1206660734851710092982864209 ], 
  [ 4308475711, 85537828861, 525516976381 ],,, 
  [ 3509592111688958781077820989905727797235964117426873889 ],, 
  [ 12484234241, 10084121343991, 562885588390281714841, 
      87038371030450130613341, 1382663515392606273325481, 
      1056760184481178069120796064461 ],, 
  [ 1746799762901, 21125343008883122881 ],, [ 12727858141 ],,,, 
  [ 69145729644113 ],, [ 1749172141, 1263238001632450417872421 ],,, 
  [ 1310924319232327 ],,, 
  [ 14587233648958699, 82656867389097033888016606633, 404148493258495927855716\
85435357 ],,,, [ 1616983411, 33060907002354001 ],, 
  [ 815521906764905353512001, 2183212389578330612601211926348673 ],, 
  [ 1187143619, 27035233137342181 ],,,,,, 
  [ 7982830657554601, 44959581292297801, 257530392067115549966401 ],, 
  [ 2806050565390453 ],, [ 52089470773 ],, [ 1664565665101 ],, 
  [ 209746421041, 1294555805168497 ],, 
  [ 362437290817981, 29804805355540951, 131932660130085562651, 
      7904529709886678719831 ],,,, [ 304244122927, 15755744362560551 ],, 
  [ 4835348499819281401 ],,,, 
  [ 17624769361, 20630330360201, 7747058223516041, 199381778063036974332841 ],
  ,,,, [ 2319854401 ], [ 3371201321, 1579111940619637663 ],, 
  [ 9431577700540882849 ],, 
  [ 3442922787301, 36567701743291211, 23291545337697008231 ], [ 15127750639 ],
  ,,,,,,,,,,,, [ 6324878658913 ],,,, [ 1409117836729 ],,,, 
  [ 2919189586069, 34935134378257, 64146798191449 ],, [ 1501186483 ],, 
  [ 19535864961793 ],,,, [ 8415274141, 31677633650521 ],,,,,,,,,,,,,,,, 
  [ 3886527916050356749, 2877877203959215948333 ],,,, 
  [ 617786176561, 842992620121 ],, [ 1083928746802261093 ],,,, 
  [ 1755983087, 17574002447 ],, 
  [ 151738130881, 19740024474512799507568060321 ],, [ 2143225346747788231 ],,,
  , [ 8015588405161 ],,,,,, [ 270905633976565801, 739150699722901225801 ],,,,,
  ,,,,,,, [ 410260105009 ],,,,,, [ 8166095819437 ],,,,,, [ 8475349082329 ],,,,
  ,,,,,,,,,,,,,, [ 177534244477, 1446406462278829 ],,,,,, [ 58969402837 ],, 
  [ 29839514951 ],,,, [ 1127982061 ],,,,,, [ 2607015810094921 ],,,,,, 
  [ 15249175159, 325645345963159, 853120741919902639 ],,,,,,,,,,,, 
  [ 82144747567, 529564739383 ],,,,,,,,,,,,,,,,,, [ 40862991709 ],,,,,,,,,,,, 
  [ 25702179913 ],,,,,,,,,,,,,,,,,,,,,,,,,,,,,,,,,,,,,,,,,,,,,,,,,,,,,,,,,,,,,
  ,,,,,,,,,,, [ 2737342561 ] ];
