BRENTFACTORS[2221]:=[ ,,,,,,,,,,,,,,,, [ 297865685641, 52023538485262301 ],, 
  [ 1050944569 ],,,, [ 474649267399641721 ],,,,,, [ 20476659709095299341 ],,,,
  ,,,,,,,, 
  [ 1532221631711, 204034388760023, 10052823954614520407, 21485351422664534659\
68169, 1024628040155941242143337040141 ],,,,,, 
  [ 333411150216523, 10681820945375353, 12013838195894274805824424714513 ],,,,
  ,,,,,,,,,,,,,,,, [ 266467340122213, 12913153278833389 ],,,, 
  [ 3077974819, 3644659655891 ],, [ 11285192734901 ],,,,,, 
  [ 5772547364244799637 ],,,, [ 1635388841, 697284084415304904014579 ],,,,,, 
  [ 47878060861, 41082710280071582658517799 ],,,,,,,, [ 19761023759129 ] ];
