BRENTFACTORS[9293]:=[ ,,,,,,,,,,,, [ 162795119527 ],,,,,, 
  [ 200250801813141383 ],,,, [ 64630010455019 ],,,,,, 
  [ 4409333212590226369251044023 ],, 
  [ 91612288238985857128429179692443030227153458174812957 ],,,,,, 
  [ 224925200243, 830926214478958693473896590529 ],,,, [ 2608632043637 ],, 
  [ 73236384160270523, 648409373543950646479, 
      243335035514811879535924960829398003 ],,,, 
  [ 1844979079, 431662342427, 568007346619 ],,,,,,,,,,,,,, [ 11183761961 ],,,,
  ,, [ 56577563306565727 ],,,, [ 634116684469 ],,,,,,,, 
  [ 1012069159, 2560303891 ],,,, [ 79350960067513 ],,,,,, 
  [ 15120382769827, 33452869944089, 405932559680491, 35349179936768083 ],,,,,,
  ,, [ 568085118947 ],,,,,,,,,,,,,,,,,,,,,,,,,,,,,,,,,,,,,,,,,, 
  [ 667983109484454793 ],,,,,,,,,,,, [ 39581588023 ],,,,,, [ 1723799713 ] ];
