BRENTFACTORS[2437]:=[ ,,,,,,,,,, [ 1046663490973 ],, [ 4096293304853318011 ],,
  ,,,, [ 326225072454423203 ],,,, 
  [ 1151245957, 1449115844009, 233431814315288508347 ],,,,,,,, 
  [ 1694012052079598760379573379 ],,,,,, 
  [ 132697955125867, 3098919369740099907823328035072330421, 
      815022805294149933952699247063860798411454531287738238564802522731 ],,,
  , [ 526337521775329513241086049 ],, 
  [ 5819260511995949042995486393920269140832320148598276521 ],,,, 
  [ 3232634221169715221, 23126305547182450020423443 ],,,,,, 
  [ 1639922503, 6409778673761663 ],,,,,, 
  [ 20207671561963346692992463245373, 21313426255447728515027569780004843 ],, 
  [ 394551888811489 ],,,,,, 
  [ 61984145099, 703879371556279, 3710425920156355023681780383051197 ],,,,,,,,
  ,,,, [ 7588933867, 2158955056897 ],,,, [ 565648787447789641 ],,,,,,,,,,,,,, 
  [ 75266084994869585671669319 ],,,,,, [ 42220332572441 ],,,, [ 15591720071 ],
  , [ 1392338533 ],,,,,,,,,,,,,,,,,,,,,,,,,,,,,,,,,,,,,,,,,, [ 18128447243 ],,
  ,,,, [ 76080977676369691 ],,,,,,,,,,,,,,,,,,,,,,,,,,,,,,,,,,,,,,,,,, 
  [ 1665145668229 ] ];
