BRENTFACTORS[4339]:=[ ,,,,,,,,,, [ 313036623124633 ],,,,,, 
  [ 6140962707628717 ],, [ 24485771809, 68271950603, 8062054158171137 ],,,, 
  [ 13432282690300181444843100712129 ],,,,,, 
  [ 117634048132790868409, 7506058017252587761901 ],, 
  [ 47625742454730689, 68757541270014376123, 945978501511957031201 ],,,,,, 
  [ 29431748831225375359 ],,,, [ 1494034589 ],, 
  [ 1425519267419547224199219101086394780963131145416567342825946333454871991 
     ],,,, [ 255232309961, 2737943566500491046979, 3064168848062664113287 ],,,
  ,,, [ 39356763739474861 ],,,,,, [ 9600401413 ],, 
  [ 12175762139, 79320621881456597 ],,,,,, 
  [ 18785269721, 32923128345923484941 ],,,, [ 9202245391 ],, 
  [ 2518752289, 58894765756573597577 ],,,,,, [ 7772594195886849221 ],,,, 
  [ 366204586019 ],,,,,,,,,,,,,,,,,, [ 2506594973 ],,,,,,,,,,,,,,,,,,,,,,,,,, 
  [ 602855130280452983 ],,,, [ 418120440044873 ],,,,,,,,,,,,,,,,,,,, 
  [ 4433253430241 ],,,,,, [ 241596373429 ],,,,,,,,,,,,,,,,,,,,,,,,,,,,,,,,,,,
  , [ 19503020947 ] ];
