BRENTFACTORS[874]:=[ ,,,,,,,,,,,, [ 18159265567 ],,,,,,,,,,,,,,,,,, 
  [ 1185474778529 ], [ 218657210973402689 ],, [ 35811934940251531 ],,, 
  [ 3002960900171, 11306275656429460066527529331, 
      11854425349149043704124888561 ],, [ 3688738951, 42503349643 ], 
  [ 84480132897877459081 ], [ 2109788883578003 ], [ 64263849847 ],,, 
  [ 6851237711041 ], [ 44944296392773 ], 
  [ 1377155179, 124650696317299317435438339849003523626959 ],, 
  [ 26711500537, 6586829713836377613424139, 834607266093416143706991702071291 
     ], [ 46839035051, 89399065870748351 ], 
  [ 144024597666355243, 50876780631120313867 ], [ 104796420249907692749 ], 
  [ 4742118503 ], [ 133067998042471207 ], [ 1851041281 ], 
  [ 27225815009, 15571032474089 ], [ 20195312497 ], [ 85652062369 ], 
  [ 3477160092832805868298567 ], [ 343289311924861 ], [ 123474168091 ], 
  [ 2928127817, 67274859200410789, 35247666105887638621 ], 
  [ 1580161239847, 60402335726719936623871 ], 
  [ 8456964673, 47470595957366314177 ], 
  [ 2013681720571, 2689062921524173228160491, 4898224043329558211919608051, 
      2322266666252081021123167179911 ], [ 65262282013882850474821 ], 
  [ 35836441019, 111632968303 ], [ 1180844571383297, 93000138361951310100301 ]
    , [ 8246343871, 12756318973, 377264082187, 1885302435964509994942095931 ],
  [ 39072379360561, 3417680830936261 ], 
  [ 29443258329733, 2845788529965108061 ], 
  [ 4422351267937, 3589304710608516457 ], [ 394902252171043 ],, 
  [ 94562499601, 3638166088665912936660581820688110653212488658351 ], 
  [ 28435499313099721230022375458539937885696690833 ],,, [ 6984848201 ], 
  [ 212672853989681, 1197739958575841, 9482860596782561 ],, 
  [ 2205389685137549, 26413181783138998763, 1434984845495693294819, 
      147733144080044061165677 ],, [ 1265147941, 3406256220109 ], 
  [ 35552215403552591, 101984641763682538396841 ], 
  [ 1925052928853, 6240638144131190647 ], [ 330384092044329571 ], 
  [ 1498278892572643341077338609 ], 
  [ 1878068923, 1816527154137937, 429469619558538397 ], [ 1794613141 ], 
  [ 1450388941 ],, [ 1318419442893271 ], 
  [ 1230699237771138809329551218251375230781566131 ],, [ 12877008961 ], 
  [ 2880597092283038041 ], [ 24920781805709264233954498159123 ],,, 
  [ 76726365619395825539 ], [ 1504765813, 87788058877392424862976162880531 ],
  , [ 24912824999505036413579409282569, 2537400283771291849560287927892368377 
     ], [ 48659176651 ],,, [ 1141383003877, 3660763673316695263299649 ],, 
  [ 232109254668061, 318395435017067652421 ], [ 1077499867 ], 
  [ 191223709489, 966385173052769, 25372925526942801818599113953, 
      559273822588709002737533557057 ],,, [ 1697989696348181 ], 
  [ 1575908049173, 27187165043700025024529989622041 ], 
  [ 3146784735415933, 193554598250482790180405599 ],, 
  [ 2058232093, 577067672344030045207 ], 
  [ 193257602703682681, 239510286372095851019887201 ], [ 167010148603 ], 
  [ 147582842555370320437 ], [ 21441045651853, 3011325830106462201759487 ], 
  [ 396505234536461 ],,, [ 5254543213, 42986722003 ], 
  [ 8550504065784325572989441 ], [ 2772888549863083 ], 
  [ 23172464001655319521, 19944228922878205752780011158381 ],, 
  [ 1160759465449, 38878065886741634713513, 59342105041288665600954973 ], 
  [ 4551597669743783 ], [ 21968079277019 ], [ 21961403171011 ], 
  [ 91624862574337753, 1182332660639679617329 ],, 
  [ 330861877231, 2354932767855991, 2400468362502277, 102414886656455257237 ],
  , [ 3021556177944424519400705269461241527301 ],,, [ 58281420913 ], 
  [ 234098445465403023517761719632736203061617, 
      1446927238623723770303944220581233493601585194849 ], 
  [ 1326775609706861, 6944960689286833362361 ], [ 12483447810763 ], 
  [ 21382217116219 ], [ 2441229809, 1111068562517, 5370759049974252560473 ],,,
  ,, [ 70084481113, 855556487409691 ], 
  [ 1970617573, 7482959305412701083902825513 ],,,, [ 139481235139177492073 ],
  , [ 74638706881, 387330430469517962426081 ],, 
  [ 6631429203126380223044619012649, 11005403174515185083116642288047421 ],, 
  [ 97974958577 ], [ 339630759637945162531, 3487432265024293643352571 ],,, 
  [ 5177185441, 2450706053881, 36853656418305721, 
      334306847533781893761642403704222044713680016538089 ],, 
  [ 40681388811956351 ],,,, 
  [ 5886963751, 58846159676859649, 2369818493915530537105657 ],, 
  [ 10721173409 ],, [ 389392226662292881913 ],, 
  [ 2151566101, 8774669521, 348659816221, 995787761286961, 
      45181874633866681155481 ],,, [ 987282621733 ], [ 145314983000947747049 ]
   ,, [ 17744868643491058159, 303113464044356875808688472708147 ],, 
  [ 14509655018402417 ], [ 2074918369721663467 ], 
  [ 19078660571, 996236969742753324652921 ],, [ 1582871024360528983763329 ],, 
  [ 42958945167695061007 ], [ 2136904381 ], [ 3349829533, 222485544299110849 ]
   ,, [ 18821572470667297, 1112998978489797829 ],,,, [ 1520905194615304457 ],
  , [ 221596403929, 532585582561 ],, [ 12129170203 ],,,, 
  [ 279739657734199848583716427337002696501101688942596604009801 ],, 
  [ 7034924261, 4180740118273 ],,,,,,,, [ 2911763801 ],, [ 192494707939 ],, 
  [ 82656702343937 ], [ 1497051001 ],,, [ 159640652976913147524689881 ],,,, 
  [ 1042191212233 ],,,,,,,, 
  [ 1644494584801, 237152757015121, 62484287669800688592880801 ],, 
  [ 126462149089 ],,,, [ 35496061519 ],,,, [ 9609519708189162491295790751 ],, 
  [ 1144765441 ],,,, [ 257463010817 ],,,, 
  [ 2141366833321, 41296631006187701, 447969680941148081 ],,,, 
  [ 189061430977, 8206447454567456879929 ],,,,,,,,,,,, 
  [ 4049797957, 44488227481, 81705167823553 ],,,, [ 764412320104721 ],, 
  [ 2772973600477 ],,,,,, [ 527269189177153 ],,,,,,,,,,,,,,,,,,,, 
  [ 45804717113 ],, [ 620449736335631 ],, [ 7769680384129, 37851055077889 ],,,
  , [ 1048379051101 ],, [ 12302243241319 ],,,,,, 
  [ 27629188659361, 1160142122572307101 ],,,,,,,,,,,,,,,,,, 
  [ 13523526645283, 9033681091502251, 2145983081090083237 ],,,,,,,,,,,,,,,,,, 
  [ 75412239121 ],,,,,,,,,,,,,,,,,,,,,,,,,,,,,,,,,,,,,,,,,,,,,,,,,,,,,,,,,,,, 
  [ 213662654941 ],,,,,,,,,,,,,,,,,,,,,,,,,,,,,, [ 29291986495578373201 ],,,,,
  ,,,,,,, [ 3365091957151 ],,,,,,,,,,,,,,,,,, [ 42051261991681 ],,,,,,,,,,,,,,
  ,,,,,,,,,,,,,,,, [ 825097950181 ] ];
