BRENTFACTORS[820]:=[ ,,,,,,,,,,,,,,,,,, [ 2410073374711, 1604781451837995127 ]
   ,,,, [ 3416965193, 636741872283607 ],, [ 763133411624100184476001 ], 
  [ 7127430181, 2343294452054011 ], [ 3876548105953, 16951918920463 ],,,, 
  [ 3853673179, 76812220092781 ], [ 22715627361398955233 ], 
  [ 1569865111, 9012682992544111 ], [ 2030060713 ],,, 
  [ 170587573918108013, 291518701135994394611388592261 ], [ 12938121137 ], 
  [ 2401904311, 1668706816219, 7607688914929270753 ],,, [ 3593153656740733 ], 
  [ 10378173497, 32927792747, 627478319138314182507864317663192309460226591 ],
  [ 10309965253315421 ], [ 828483909382700666281 ], [ 2588058073 ], 
  [ 1401605996005617288214789011349 ], [ 33789250619684017 ], 
  [ 24178161492536777587, 40540671421787388391, 363616794171481957794895453 ],
  , [ 56558524096663, 1043020876420639, 137702945134012187263 ], 
  [ 20873591698909 ], 
  [ 1909747729, 461278407847730769367037926697963, 126501323143419900659924881\
53292721363722044329 ], [ 380248201518066667 ], 
  [ 592348054541, 2730150346618855684143718451 ], [ 164337384232393 ],, 
  [ 2715589871, 121506066680972172110370059921 ], 
  [ 141960141381376359319, 127329012500860971065540038573 ],, 
  [ 768079766003021 ],, [ 5691584285231419, 141994536507141510935193697 ], 
  [ 581794941628026913131544425397821183041 ],, [ 81422615843119 ], 
  [ 2757676451 ], [ 258345025129, 80245951393106479771589 ], 
  [ 64901090390037944073613, 225199487658026468968927914607, 
      197105452003944232048396812864361 ], 
  [ 3577570344071827462031, 4844976605770035502181 ], [ 261025690406683 ],, 
  [ 54009522311, 6368769016802201169566120191, 588641135104605470633347864043 
     ], [ 12229673641, 557133718147, 3093205363277873, 435878455137249511 ], 
  [ 4202384667063001 ], 
  [ 2745099902997761, 40298022104748949, 478547267061165340421 ], 
  [ 7258502380669, 33425991049991, 2052825815411792560679 ], 
  [ 206074488752731 ], [ 509261764612411 ], 
  [ 421571099651521, 24498014449561717121 ], [ 14789594467 ], 
  [ 1153276982113648740181 ], [ 1196893699, 21292040963 ], [ 1237812493 ], 
  [ 180772237991888243505742051 ], 
  [ 11669058076233707, 12301348366898391173, 806844245191648643873 ], 
  [ 32243598787 ], [ 1886345639107301208097707077017 ], [ 37144543559 ],, 
  [ 18157140312827881 ], 
  [ 23006530810314622946259385234238158317863623708218073 ], 
  [ 640531432404163 ], 
  [ 15626618830689883, 7896259565813204252857617487, 2200285296037022292660907\
47769 ],,, [ 2611208967373 ], 
  [ 5447170961410188101391708530685764829759221371323721799 ],, 
  [ 1780100757469501 ], [ 3117050891 ], [ 15854413490232620118817 ],, 
  [ 134961855766885681, 346779244668418666748852364313, 
      158363355711549200156391850269060948182417 ], 
  [ 3691258998244425332357814312214770121 ], 
  [ 1051703699, 431572960179140134801 ],,,, [ 1871424391, 125626814871911 ], 
  [ 6041557710241, 1315926748187377, 433911770087539147 ], 
  [ 19490316200321, 38797752875281 ],,, [ 16651031290771894871 ], 
  [ 1134304014460289619809755908830677, 3096372410464964581849231316934961 ],
  , [ 30555290993 ],, [ 325960515481, 209985103365952733537260425488031543841 
     ],, 
  [ 485323719917, 974968109483, 152285884753240307, 22244676068321576904719 ],
  ,, [ 2602882537501 ], [ 4538072449, 44702287939 ],, 
  [ 262570740857366277991937 ], [ 6710558587, 138471480584449 ], 
  [ 194463617096180760901, 83622357206402211220059271, 
      50762002500929827343104568521734112721 ],, 
  [ 16215885400177, 174509881042333, 302726998529856896109181 ], 
  [ 55744271647 ], [ 7181644777, 11885085634879, 202412092310655102977 ],, 
  [ 154246571683361 ],, [ 1185006001, 42031431283, 15559485031765013780411401 
     ],, [ 2741655064974725286661, 71032126480745962397452721 ],, 
  [ 91099053319, 10039181884451, 220342982258008261 ], [ 36057747172019 ], 
  [ 39908980450787782375441, 660458184431454696121740887041 ], 
  [ 13354854743081 ], [ 371732728681 ], 
  [ 352476618229, 2536287219681421638853, 934388501476018584555253 ],,, 
  [ 432420950468309872706533007395201 ],,,, 
  [ 625090512817, 119082753284614967, 42768286529703056160291377 ], 
  [ 129568139401 ], [ 20587815283346192746738953642138435453071625577 ],,, 
  [ 290021545921 ], [ 247071198294241, 22467428295816925407695464001 ],,,, 
  [ 1979596769 ],, [ 309716509099, 9234063846407 ],, 
  [ 8802786616652194079950849 ],, [ 9007362447799181, 6798073346935302331 ], 
  [ 316644975155269 ], [ 7695639137 ],, 
  [ 7665135135199, 3068190162788155006304300018154130382176927 ], 
  [ 78937349501884789651 ], [ 2490819396209 ], [ 20784962140382611 ], 
  [ 2942140245526707126698261 ],, [ 17807754328374237997215103951288321 ],,,,,
  , 
  [ 130420266076427101, 7812766065122632966369, 128141883904260311827457077, 
      743261491749949659223231969, 76073092732865057116362742810675663393 ],, 
  [ 44658349457, 54468713819021 ], [ 4353368636359387 ], 
  [ 2710638587201, 4364310278579370401 ],, [ 12123925249 ],, 
  [ 37832917826212483916787049304101 ],, 
  [ 4085615438682709, 1115711996467668918137, 85652168980396458839166349 ],, 
  [ 21538923903487 ],,,,,, [ 27193266136189 ],, [ 4026752453 ],,,, 
  [ 80597040833446172071, 2780528795324416843872357840983233711 ],,,, 
  [ 20535556428199 ],, [ 8460244364053033 ],, [ 1534079008279 ],, 
  [ 55322327941, 8879310425261, 230549801277232361, 284886381349648321 ],, 
  [ 389139595929613 ],, [ 19708809561098561 ],,,,,, [ 3785809991710727946011 ]
   ,,,, [ 111735176276413 ],,,, [ 6818345168058293227 ],, 
  [ 1248940801, 3734775497387074321 ],, [ 499511057519 ],,,, 
  [ 2317608754309, 3787517079509039083 ],, [ 158873533302457 ],, 
  [ 221254267766081233751 ],, [ 11567913337 ],,,,,,,, 
  [ 567340781087282400269501 ],,,, [ 643614731645953, 6982488347661289 ],,,,,
  , [ 2757813586013203542811891 ],,,,,, [ 15058767277 ],,,, 
  [ 5018846746966081, 20481108584719441 ],,,,,,,, [ 262411600506801811047937 ]
   ,,,,,, [ 331640179669 ],,,,,,,,,,,, [ 30835843136176697041483 ],, 
  [ 1593685405621 ],,,, [ 17757696217, 50729515201 ],,,,,, [ 10910445078961 ],
  , [ 184412908168961 ],,,,,,,,,, [ 590413042314481 ],,,,,,,,,, 
  [ 48294910361, 204457315301, 6512775892790261 ],, [ 8927536879 ],,,,,, 
  [ 16755472333, 19816922641, 510590169334657, 11546029440953737 ],,,,,, 
  [ 16786791157, 150056324654450491 ],,,,,,,,,,,, [ 161357205613 ],,,,,, 
  [ 63229855561, 2767962083881 ],,,,,, [ 28423048597668019 ],,,,,, 
  [ 18369493529473 ],,,,,, [ 25523401411 ],,,,,,,,,,,,,,,,,, 
  [ 7274431024740289, 4941498726586441598041 ],,,,,,,,,,,, [ 8278053841 ],,,,,
  ,,,,,,,,,,,,,,,,,,,,,,,,, [ 181865253398170051 ],,,,,,,,,,,, 
  [ 106008960575132539 ],,,,,,,,,,,,,,,,,,,,,,,,,,,,,,,,,,,,,,,,,,,,,,,, 
  [ 2007151411, 1082353179871 ] ];
