BRENTFACTORS[445]:=[ ,,,,,,,,,,,, [ 99729599191 ],,,,,, [ 220911798479 ],,, 
  [ 171666495991 ], [ 14158579669063 ],, [ 841430125051, 420907500167501 ],, 
  [ 1882872703 ],, [ 254016415697486320650339151 ],, [ 414847682086898747 ], 
  [ 127357220993 ], [ 95103427873960706809159 ],, 
  [ 282147938311, 6041584698048731504609231 ], [ 1535850973 ],, 
  [ 2371474409156394769 ],, [ 2043332099801 ], 
  [ 64357609431215579, 636963326375841530325575929007200753 ],, 
  [ 63716161516711278231031087, 6301013624368554564997566129434917 ], 
  [ 322675642477 ], [ 2372100967531 ],, [ 6164196111533 ], [ 2774025217 ], 
  [ 3831783029063807226907 ], [ 1085853426949810201 ], 
  [ 19033955067037, 222836482064290452158985862392073 ], 
  [ 128180157198307189 ], 
  [ 39544890420209384683477, 19158008832545203650833964912802032149896913441 ]
   ,, [ 3813104021, 355393800655422917065885095330965348835039031 ], 
  [ 1560342191370552839201 ],,, [ 1420172394342739 ], [ 1234017481 ], 
  [ 1940098291, 326472371831726064033989 ], 
  [ 1095389279, 412337896447, 450807233140133 ], 
  [ 2196568081, 85740492126410366521587193 ],, 
  [ 1091084004129888194346946075233029939580931 ],,, 
  [ 22144519665094361, 244863850536780217 ], 
  [ 4060829557487299332351424058456526160327782042827233447 ],,, 
  [ 131363364332041225777 ],, [ 364474528929189094457 ], 
  [ 900868125688906720201649211281766301 ],,,, 
  [ 1350705661, 21283159539268831571 ], [ 140040202387589858949460961 ], 
  [ 10866629259667, 26107499057991040400286418849, 
      73335028139280726758314613470961554006117 ], 
  [ 2088872128008049807, 26045484968668233985138685598491 ], [ 43208457559 ],,
  , [ 42064794979, 8220238391640761, 156059196909792491511323 ], 
  [ 3048168274936484737 ], 
  [ 222289590846049, 2131281289335101624911696769628553 ], [ 34379247521 ], 
  [ 167892654691 ], [ 264837194703439541 ], [ 6616262297016037 ], 
  [ 155646510777310537, 179842818240987751, 
      220631109543369367106601373344271115501749 ], 
  [ 87696134594340647802338226801534329 ], 
  [ 93978819541, 2068205389951524593641 ],, [ 31119254821 ], 
  [ 2171997227, 6050011577, 15825266381, 32665257063023266081553362679 ], 
  [ 55759470356701 ], [ 56471817301, 58011019201, 23316592944233801 ],, 
  [ 186890520522324559 ], [ 18936333079387921 ], [ 70121826718898033 ],,, 
  [ 7273857610049 ], [ 44582769460454025094501844521 ],, 
  [ 18869062081, 5777187132603041 ], [ 1027856811136816387549362267508387 ],, 
  [ 65625385061, 2300415193541 ], 
  [ 471877090879, 1395627872949571720097621173 ], [ 22385131886344301 ], 
  [ 923137357573841, 11949645369129700717, 27244123247115828439853 ],,,, 
  [ 32920245684241, 99691330030958401 ], [ 1714421171 ],, 
  [ 1486208509, 89962358179, 237923758993, 611455153531, 
      19523748477380730149550155749 ], [ 67181566142330242429 ], 
  [ 1993402501, 1114335657751, 4182943287751, 6944216651055001, 
      552773726168330266001, 92652791306631208410001 ],,,, [ 14772624469783 ],
  [ 4529362044611, 10559564135761185438627680302773821 ],, 
  [ 870330847531861, 94048821681861405613 ],,, 
  [ 113993581771, 7896125425681 ], 
  [ 171678691533004049, 163567418783944054764112513 ],, 
  [ 7140059281, 1238458943106031 ],, [ 3688301401, 29634438401 ], 
  [ 810848606366730936643 ],,, [ 83572269335293969, 909697894411613761 ],, 
  [ 9876174404956727330929, 333867743449477174873929570557 ],, 
  [ 4035787516750573, 26666060312998244137 ],, 
  [ 11771168225851, 31098366019616851 ],, [ 19375811665351777 ], 
  [ 7193702308951, 25524922020807457 ], [ 27604497442035053 ],,,, 
  [ 8456418594493 ], [ 31800938302586580643 ], 
  [ 39044506575377460961, 49751040611835256007013281 ],, 
  [ 13935711583, 6875946845623 ],, 
  [ 38344182902489533, 6615552206885538778909 ],,,, 
  [ 4515736177, 54550077273126231475319926274343501105951502273 ],, 
  [ 1485806707971243672060274421, 648517155190909287932209999111 ], 
  [ 35309693557, 488632270519 ], [ 15557604286892678402551483416889 ],,,, 
  [ 16710534721 ],, [ 22924799358975889 ],, 
  [ 982014833521, 30226083707764801, 
      930371469047629835777140663514780277909121 ],, [ 95845678971589 ], 
  [ 77800099183 ],,, [ 2218394291497298449 ],,,, [ 3148686271 ],, 
  [ 7469100350613044532908353 ],, [ 1422111128547693257 ],, [ 16704932960213 ]
   ,,,, [ 6005376967660801, 72783678498697294564674001 ],, 
  [ 1411113214021418707 ],,,, [ 21912859219 ],,,, 
  [ 2509216081, 936118292193775816323753862651 ],,,,,, 
  [ 236489994096665232965599153 ],,,, [ 12464004871781 ],,,, 
  [ 41334278570369 ], [ 405718092001 ], [ 159323646407309 ],, 
  [ 16926244120617715322749 ],, [ 141036496323490601 ], 
  [ 7463039018359, 648125211852427, 136278300867908893 ],,, 
  [ 610669280817238110366877291 ],, [ 1143073553, 249286628616531695377 ],, 
  [ 2355646887049, 17050197277681, 155295798633161761, 405614045551621845737 ]
   ,, [ 149730033299004001 ],,,, [ 7497902597 ],, 
  [ 71081242341954487, 49678881661068967151683 ],,,,,, [ 4936429767611917 ],,,
  ,,,,, [ 1162347428855341 ],,,,,, [ 381049457363 ],,,,,, 
  [ 20296564657, 121888237441 ],,,, [ 11169096793, 711355812446363794997449 ],
  ,,,,, [ 1361552119, 302794733914171 ],,,, 
  [ 591401651971703, 20701466154902636533 ],, 
  [ 6563377729, 122312230841456863777 ],, 
  [ 1103771611, 1809131651, 217467949201, 13959402747181 ],,,, 
  [ 451235195235306648829909 ],,,,,, [ 1711191901 ],,,,,,,, [ 3716548529 ],,,
  , [ 2010666293243672689 ],,,,,, [ 454062329599 ],, [ 962243614721 ],,,,,,,,,
  , [ 286613346127021 ],,,,,, [ 3757755153937 ],,,,,, [ 519211446700753 ],,,,,
  ,,, [ 36780985636103572151 ],,,, [ 1245452359 ],,,,,,,,,,,,,,,,,, 
  [ 134657230689589 ],,,,,, [ 57260327743207 ],,,,,,,,,,,, 
  [ 90470685486286951 ],,,,,,,,,,,,,,,,,, [ 138492236270323753 ],,,,,,,,,,,, 
  [ 1119931436401, 488814835676581 ],,,,,,,,,,,,,,,,,,,,,,,,, 
  [ 2551739471, 222942925411, 379612975205351, 7898277801227981 ],,,,,,,,,,,,,
  ,,,,,,,,,,,,,,,,,,,,,, [ 117543323041 ],,,,,,,,,,,,,,,,,,,,,,,,,,,,,,,,,,,,,
  ,,,,,,,,,,,,,,,,,,,,,,, [ 70857777188161 ] ];
