BRENTFACTORS[129]:=[ ,,,,,,,,,,,,,,,,,,,,,,,, [ 88543385695997201 ],,,, 
  [ 437989317217 ],, [ 836252907317, 28776346701175559 ], [ 55333964033 ], 
  [ 916699157683 ],, [ 2518086271 ],, 
  [ 1378626527180160492449, 3053655448940337172279 ], [ 16227808687 ],,, 
  [ 5406481319, 8713830287 ],, [ 1310015264871275073519830827 ],, 
  [ 4305029181841 ],, [ 12854817721, 87850380350776135466771944661 ], 
  [ 2396526241 ], [ 3846010099 ],, [ 704964508208179, 6564866687445727 ], 
  [ 48376759043179529 ], [ 5842249938956551243 ],, 
  [ 493431911611, 1833513766935511 ], [ 112929414240205332841 ], 
  [ 2190715324050276759535316625498284359 ], [ 6025533393067 ], 
  [ 122904329745741763229239682599 ],, 
  [ 334921095626693, 4714337246649694263715348197650383277 ], 
  [ 61751348809547690594141 ], [ 20304073605515113 ], [ 1651707640425002753 ],
  [ 1749898411, 173952979171863247852086802054852451 ],, 
  [ 2248188619, 20050735973, 813943704259739 ], [ 1451284107365957 ], 
  [ 15478348414693, 63000447823189, 273995829882019627, 767603972583800887 ],
  , [ 250745005489127005944212050879 ],, 
  [ 94797047843060492707421333497997741 ],, 
  [ 26811567449813269351, 173509433078963022488101 ], 
  [ 786899164547261584675501297 ],, [ 17583397729, 375912340722049 ], 
  [ 123000569250452241833 ], [ 9933730405697281, 893143833868276831594321 ], 
  [ 1855628383429, 2683580004451309984239717316884924263760931 ], 
  [ 15972669092277978397283 ], 
  [ 3621633614929653210451909, 37192743642914407252503652349 ], 
  [ 3929262877, 16755564754237 ], [ 1877656801 ], 
  [ 15064959713159, 1382010453653800981 ], 
  [ 513046110409827157, 304224335818309530691, 5268155813091912284619114121 ],
  [ 7611075737, 702028411241195937305269998433 ], 
  [ 1155366095084465360453393 ],, [ 335082581976143, 21600430054380500597 ],, 
  [ 1541818922870359954901724751, 1190942282471074224345671272160059245349 ], 
  [ 36611928518159 ], [ 9023510636064931, 840785483785376133931 ], 
  [ 1423306561 ], [ 146876780753 ], [ 317534295631652926087706047 ], 
  [ 15009334158905422819777999 ], [ 3141682801, 13732135829666274101 ], 
  [ 134873920957 ],,,, [ 362624560888537710187926002343945701074261 ],,, 
  [ 42188597291017, 1702729338308408644371105229 ],, 
  [ 20932355955391, 159925933083626563151, 19694489446700906806651 ], 
  [ 2848221373, 41487697044520766801812143019 ], 
  [ 6907878863006772536685599857 ], [ 2700224497 ],, [ 478118209981 ], 
  [ 62749277221, 1150763631236137 ], [ 202384544540528135767221194293 ],, 
  [ 1157453501 ], [ 10301847121 ], [ 24984349791281 ], 
  [ 86143750784269821615496281229 ],, 
  [ 1801507993910033, 544941437217527195104963493, 
      374317091251570971451332197273 ],, 
  [ 164994966109, 240430988810303675539398142579 ],, 
  [ 4339649872603649, 4117339294195619297856769 ], 
  [ 24266336287, 20548867233994531, 830971728584293453, 
      79151756626267030394607691, 
      2771753852993544296141908523380690149126603685849 ], 
  [ 35357498688040507339568611 ],, [ 200754671517830473957 ], 
  [ 1525493318077, 10767434007457 ], [ 460950625523522745696428227 ], 
  [ 272290774146841, 1688892761485922174512102891 ], 
  [ 984688263817, 15866571431630696369 ],, 
  [ 2127559939, 24380413633, 7610912613640875885386017 ],, 
  [ 1362571083018181, 1900423494433416943879752263879641 ],, 
  [ 1094790983177987 ], [ 69374686314823033 ], [ 26044584006362509199233 ], 
  [ 46327038178481 ], [ 1261565934103538731 ], [ 696275364289 ], 
  [ 244466990015789199961, 4037073531961275255677 ],,,,,, 
  [ 65039409667, 28360340034295193, 156427479857024647389560044783342256557 ],
  [ 76715992576141 ], [ 616889730913 ],, [ 54261585800183, 294068640408173 ], 
  [ 15525261565501 ], [ 638747963655520227148433396148961 ],, 
  [ 1313848513, 121388485855600828634824025570462091062604337 ],, 
  [ 172542568281049, 111843420375186293, 182503730972299337 ],, 
  [ 3343678573, 10190361521, 2636044986119 ],, [ 64982201141547967311889 ],, 
  [ 1320350221 ],, [ 15602801840051857, 7689342465750634260833381 ],,, 
  [ 27676945801 ], [ 71410036193 ],, 
  [ 14285161271, 729777461641, 61951276977133, 14764533552842077485007 ],, 
  [ 133489365060061, 10292415621154201, 39856089335128992111700621 ],,, 
  [ 893308290487189 ], [ 1636127644098596902993, 1633082830682956163469113 ],
  , [ 28430859641160336057151 ],, 
  [ 11822439890221, 80695767587761441, 109723444913035020779625857 ], 
  [ 66872056357 ], [ 614687062351 ],, 
  [ 3388334319018241, 42972548627880828708766598977 ],,, [ 1731360151 ],,, 
  [ 24869953398958669, 31128245338485036684889 ],, [ 7444780601 ],, 
  [ 1002177400774613123 ],, 
  [ 4682724121, 37558155760932757, 3325664103353535546794622097 ],,,, 
  [ 83407453169 ],, [ 566721980538522424697403258152144528863616011 ],, 
  [ 777592711905577 ],,,, [ 2830358723977, 921660293840849470690436399329 ],,,
  ,,, [ 50801339143, 84906172545213141578359 ],, [ 29596781761 ],, 
  [ 1248676669, 5113048183, 5528485451, 69856583436246552616762171 ],, 
  [ 1192510572989513933677 ],,, [ 2624880259, 4227932008609 ],,,,, 
  [ 738423664152120509 ],, [ 59816443373 ],, [ 18664749553201 ],,,,,,,,,, 
  [ 9706049251, 170684978028251, 78259154317722829501 ],,,,, [ 9300808096201 ]
   ,,, [ 287922952489 ],,,,,, [ 50345140561, 2215652173620887961697 ],, 
  [ 1960519882793189789 ],,,,,,,,,, [ 35516447946541 ],,,, 
  [ 499288174735841, 5248805839917641 ],, 
  [ 46060461259, 1289939245274108912745217 ],,,,,, 
  [ 576897730273, 1387865230561 ],, [ 5623318081 ],,,, [ 563922723883 ],,,,,, 
  [ 809822934001 ],,,,,, [ 1442544589 ],,,,,,,,,,,,,, [ 30627801601 ],,,, 
  [ 33811219909 ],,,,,,,,,,,,,,,,,,,,,,,,,, [ 2937511692151, 6879434581951 ],,
  ,, [ 44599180999, 891129165559 ],,,,,,,,,,,,,,,,,,,,,,,, [ 36395591653 ],,,,
  ,,,,,,,, [ 70843594850731 ],,,,,, [ 431255303029 ],,,,,,,,,,,, 
  [ 3805580833 ],,,,,,,,,,,,,,,,,,,,,,,,,,,,,,,,,,,,,,,,,, [ 7176460236301 ],,
  ,,,,,,,,,, [ 4427687419 ],,,,,,,,,,,,,,,,,, [ 1880300161 ] ];
