BRENTFACTORS[9151]:=[ ,,,,,,,,,, [ 103676122384979 ],, [ 3658702030824677981 ]
   ,,,,,, [ 379921250617009 ],,,, 
  [ 199686726160078431097137886433110891, 233785116873995177598898260978156451\
7671 ],,,,,, [ 62485956293, 3569585303021 ],, 
  [ 3388173981010420387355233, 2464427968777051397221487293, 
      8364159188689703497140306301721119751230635357430479268370682264949 ],,,
  ,,, [ 13342021916596111 ],,,, [ 2276484493, 410926204389737188111 ],, 
  [ 1503700799, 2418511867, 395093552113110624781603, 
      272207438526813036708316057843 ],,,,,,,,,, [ 147830354729 ],,,,,, 
  [ 2588766601, 11623173781048104340573 ],, [ 76476502102909 ],,,,,, 
  [ 2389972178851, 216505868214296961736439 ],,,, [ 1723192001197 ],,,,,,,, 
  [ 3368087423 ],,,, [ 114509423299 ],,,,,,,,,,,,,, 
  [ 964145326223249, 2336021893980359839 ],,,, [ 3236212973207 ],,,,,, 
  [ 266378896645493 ],,,,,,,,,,,,,,,,,,,,,,,,,,,,,,,,,,,,,,,,,,,,,,,,,,,,,,,,,
  ,,, [ 2198922184237 ] ];
