BRENTFACTORS[1741]:=[ ,,,,,,,,,, [ 546824756303167 ],,,,,, 
  [ 9787576907, 986104754167921343 ],, 
  [ 3123667105791593, 225309792687476053 ],,,, [ 8201700959371613008699 ],,,,,
  , [ 124299266236499, 4723967331381266117381 ],, 
  [ 27893761090022226431384707, 1880943630572453377364567279, 
      319396239831255783667402453985533848688285127 ],,,,,, [ 4543483229 ],,,
  , [ 9291795890268690782143046835397 ],,,,,, [ 2627216153 ],,,,,, 
  [ 2977164761, 14253490253929, 1055510684020549 ],,,,,, 
  [ 9671075153, 187470289781406192660353108377, 
      657884744896899099250105801147 ],,,,,,,, [ 1082168189 ],,,, 
  [ 1104145362702201122131, 38976539688351002954257 ],, 
  [ 1069494677, 232720459511195527514509417564539193 ],,,,,, 
  [ 1514999214413828302829429 ],,,, [ 5366057747922316583 ],,,,,, 
  [ 6404539423859 ],,,,,,,,,,,,,,,,,,,, 
  [ 55237055096459, 3743727411039175918536593 ],,,,,,,,,,,,,,,,,, 
  [ 40550964115072037863, 1527578279326404444383938531 ],,,,,,,,,,,,,,,,,,,,,
  , [ 6572876299943 ],, [ 7612508714059580501603 ],,,,,,,,,,,,,,,, 
  [ 185280246394421 ] ];
