BRENTFACTORS[7723]:=[ ,,,,,,,,,,,, [ 139283702469188351699 ],,,, 
  [ 109543524989, 8981169207919 ],, [ 1517183137, 2594073919093 ],,,, 
  [ 13158586440529 ],,,,,, [ 722179653067070801 ],, [ 2543902843 ],,,,,, 
  [ 2308021829851987, 68600723285973349, 568610021668700165377, 
      4543784715622743204242402073701, 
      5967879116108059850495879356636388853445291 ],,,,,, 
  [ 186169041668198952637811 ],,,, 
  [ 50251223591, 84029254843, 226104015167061780741179911 ],,,,,, 
  [ 5449433501, 46226833498884913275067 ],,,,,, [ 9318308843 ],, 
  [ 8760784414553, 73659124693643, 53668463503115861 ],,,,,,,,,, 
  [ 448010501487195457 ],, [ 7298955472004507, 294612792624731404793297 ],,,,,
  , [ 272666229383 ],,,,,,,,,,,,,,,,,, [ 23698276223 ],,,,,,,,,,,,,,,,,,,,,,,,
  ,,,,,,,,,,,,,,,,,, [ 527386856303604131 ] ];
