BRENTFACTORS[226]:=[ ,,,,,,,,,,,,,,,,,, [ 92538716543323 ],, [ 2732804761 ],, 
  [ 29604389924315319663008203 ],,,, [ 5080342586041 ], [ 41298744313 ],,, 
  [ 60584196658631620028868246826919 ], [ 186554418241 ],,, 
  [ 1687432265260511566326181 ], [ 6147364393 ], 
  [ 874910714981, 3146884752708283, 17047014864951413889849767 ], 
  [ 13596691043863 ], [ 343988930463829561 ], [ 17844308027081 ], 
  [ 13464351968009, 8044106459824735662316890142203759526207 ],, 
  [ 543480249745769175795457781 ],, [ 13650427750681 ],, 
  [ 813025606311895227958537352795132742413882716889 ],, 
  [ 845397768512792069, 15201167280016807778500872649 ],, 
  [ 1179343177, 32456942029, 9953206575313532107 ],, 
  [ 981891656072009, 12058904779647381896097524138771393383257255058201 ], 
  [ 32292774104306167 ], [ 1651076998667162928771245098704041 ],, 
  [ 9789804194694897758557 ],, [ 11497382747, 373165001861 ],, 
  [ 2499907369, 2665969163851734330291188329, 
      39594551181344937343089440693000625671 ], 
  [ 5250092359, 233554769821938391265141 ], 
  [ 157381854859027, 10015060249993429 ], [ 2953072513 ], 
  [ 21692226129771524471, 2455259943443874156925271, 
      18851620487585487377752307501 ], [ 415569665347 ], [ 4483245773 ], 
  [ 897977226845821 ], [ 1896077083 ],,, [ 7329724561 ], 
  [ 126153384144530118031 ],, [ 5795674654896310801 ], [ 4869725547204377 ], 
  [ 218399349169, 34155326000797, 122410627456652821082326794727, 
      30317726821004943186877180829642369 ], [ 1825645693 ],, 
  [ 15540118001, 1114030829921 ], 
  [ 1606791007, 502218732871, 310724351745733, 23898368902465074349 ], 
  [ 32218218713116693233089, 63915441984711946702349 ], [ 3861930407 ],, 
  [ 1211042941, 1235381671, 3345746554607873019335911 ], 
  [ 3536698201801934366085973398947 ], [ 278205740480869 ], 
  [ 59709131461166353 ], [ 15021124018265872149685057 ], [ 314803692001 ], 
  [ 124400189850301, 87826362982323858430248250203847 ], [ 456569953612373 ], 
  [ 1452879716037768423787027 ], 
  [ 191194278109, 830209724405767863661595985230153415205712341 ],, 
  [ 11354465569274881 ],, [ 124621460881, 2449069798246732032396781 ], 
  [ 4275700035692882161074537367 ],, [ 411376089666668656813 ], 
  [ 189841612078150006003 ], [ 1502360917764325147 ],, [ 202213266075241 ], 
  [ 1919328857, 543360509234630783, 14739454929309427630063 ],,, 
  [ 30145802756059 ],, [ 8191650364124448938613118210333 ], 
  [ 100519843687873, 2613878374435419841, 93505585072860371377 ], 
  [ 460555396556650807 ], 
  [ 121814275579, 78578671472752729, 5913316031080441623789619 ],, 
  [ 11496731610300351868633 ], [ 17677521650275813 ], 
  [ 5693026231, 228770977447, 130128430195016271032939628171756493 ], 
  [ 3037087366069, 93941349686388106379309897 ], 
  [ 412291669395481, 12059355080844327954572789641 ],,, 
  [ 62298533086660944552896864899 ], [ 1581635873, 4309663435922541578105041 ]
   ,, [ 2768298876253, 555494255090615192087908588123 ],, 
  [ 9189078529, 71791458388958666220669465089, 
      28224370921257494539300257607500401537 ], [ 556154330779 ], 
  [ 1432590707161920280668851 ],, 
  [ 76582672960073149, 15430362181118685788045257 ], [ 2358234971 ], 
  [ 100038496507032621331 ], [ 261151988998086048696882117191821 ], 
  [ 14023101577 ],, [ 128269524919, 17452230260396661282799532289616649732149 
     ],, [ 30822553451481196836348239803302968355192481 ],,, [ 28649947327 ],,
  , 
  [ 12419630113354805729, 861270658650822838490566381, 35231111147218457364530\
1424483 ], [ 43643980423, 48018018199744703713, 674935541212154388772369 ], 
  [ 1472260637 ],, [ 5146657861951, 198219888393235499052222451 ],, 
  [ 2825053572995009 ],, 
  [ 1025670493, 5303517143, 4446643918258441747, 230749014596451230573, 
      13333385974273171594450279 ], [ 162883047198721 ],,,, [ 170761730851 ], 
  [ 35395602306229403693281 ],, 
  [ 16322052907, 14117420250540199, 177818548685955705807261785947873 ],,,, 
  [ 21648248411, 544152266262258951551, 5087075259660668594503249793 ],, 
  [ 2030328189457, 95075345060809, 463204295649703933813931857 ],, 
  [ 27329852489864641682869021 ],, 
  [ 4802272337, 163501596961, 83198736764051549 ],, [ 49486602937 ], 
  [ 45463437251, 22556179227401 ], [ 422564468437057 ], 
  [ 21974445230869, 78848161272743887 ], 
  [ 3420325577653, 39083383724736731, 1960489665523007449 ],, 
  [ 3983011561, 446989111089210532039391370611377550711916173821 ],, 
  [ 130065094433, 2048824094721587 ],, [ 5221843623841296728347623553 ],, 
  [ 91533721106333323, 1274920809358428451525328443, 
      754917284468759001063734900438806819369 ],, 
  [ 12778086808270753, 3471493166019532481 ],, 
  [ 1442530789900806958171, 254151703037746405316651 ],, 
  [ 246360265240838401, 759338901550175205001340877181102521793, 
      32016046346094360762969583515522208569393459649 ],,,, 
  [ 486397573796082641617 ],, [ 2286395216579463707917 ],, [ 865928991601 ],, 
  [ 18139960369 ],, [ 37738681200845857 ],, [ 1883657203 ],, 
  [ 610593745620250158000209 ],, 
  [ 9714216531152789281969201092396481831044834725156041 ],,,,,, 
  [ 2021647542678011881 ],,,,,, 
  [ 340426992237285000163, 1967770750612086865360807 ],, 
  [ 371969669948404056929 ],, [ 1116059357742851 ],, 
  [ 4388786921252037553, 8732619256406863033 ],,,, 
  [ 503693920753, 559027910849 ],,,,,, [ 216725942560807, 4748451352845719 ],,
  ,,,,,,,, [ 5607041305087969 ],,,, [ 7973161144957, 1189464474273337081 ],,,,
  ,, [ 332099266177008559557067 ],, [ 25829123226657695881 ],,,, 
  [ 22774249873 ],, [ 1310236999 ],,,,,,,,,,,,,,,, [ 172908909968142637 ],,,,,
  ,,, [ 1757200700401 ],,,, [ 5436014685733843 ],,,,,, [ 2021607083862901 ],,,
  ,,, [ 24688434961 ],,,, [ 21239878930351, 13653403446527111 ],, 
  [ 60046822057 ],,,,,, [ 242455167931 ],,,,,, [ 232690273697977453 ],,,,,,,,,
  ,,, [ 195716984546497 ],,,,,,,,,,,, 
  [ 5988278557, 4014299483017, 252640414716733 ],,,,,,,,,,,,,,,,,, 
  [ 1023164713 ],,,,,,,,,,,,,,,,,,,,,,,, [ 5743449073927501 ],,,,,, 
  [ 11772580874276773 ],,,,,,,,,,,, [ 22010118678481 ],,,,,,,,,,,, 
  [ 361896862741, 375386703373081 ],,,,,,,,,,,,,,,,,,,,,,,,,,,,,,,,,,,,,,,,,, 
  [ 26108350615957303 ],,,,,,,,,,,,,,,,,, [ 12738792481 ] ];
