BRENTFACTORS[986]:=[ ,,,,,,,,,, [ 12587901041 ],,,,, [ 5159072209 ],,, 
  [ 199243168848431, 4977561944380921661 ],, [ 19387924204027 ], 
  [ 3567425093 ], [ 2665085310986395722897699349 ],, [ 9281980834620401 ], 
  [ 449708316929 ],, [ 1289305921 ],,, 
  [ 5777220486209, 128328276236013678274334019271 ],,,, 
  [ 154661227908627028898103872351 ],, [ 2940004834278890730479581161720709 ],
  [ 52672452755641 ], [ 639049860619 ],, [ 18114224057104244420091236549 ],, 
  [ 202680977218256439718364189, 4423783935090701941316530064961356875607 ], 
  [ 31592487317999237653 ], [ 2491534351, 297724000710061, 52967761094151991 ]
    , [ 33621168360607 ], [ 2417312456899 ],, 
  [ 23430844863786276830941648032893292366590088122430481 ], 
  [ 124236089299442558784190151 ], [ 6656745829, 52659422872494649 ], 
  [ 1976523077153 ], [ 171656934224843, 38620402819904202250451606694253 ], 
  [ 8792099990624539 ], [ 1755792371521 ],,, [ 168824236549300902722944007 ],,
  , [ 2133068497002334921 ],, 
  [ 709972392394776700603, 89017604679862963677654809112673 ], 
  [ 2886873541645441, 94446801473146873787713 ], 
  [ 15913491751, 318489282961926311 ], [ 1703645510453103608029 ], 
  [ 12802131799, 39337152293, 666007106831593, 4300578052835244482494349 ], 
  [ 2344609448527542577 ], 
  [ 2091412713697, 2828910899197, 258071316874369, 1998635100324696604471 ], 
  [ 582582092611 ], [ 249241503127 ], [ 78509994574757041 ],, 
  [ 39756904189, 5593020240809113187840826031 ], 
  [ 45537327912893014599901, 13589911892812256007565157545201 ], 
  [ 8440154536733, 1211241950837107631977, 25037457528923666234888713 ],, 
  [ 43885990677879864541, 127777915516316912263 ], [ 9658160579606256021023 ],
  , [ 1271588181769, 5544161424849630608122760191 ], 
  [ 1077729937, 6594478459 ], [ 278893193160678407888606051137 ],,, 
  [ 291779336310451180047194993 ], [ 263331785410741297303 ], 
  [ 81977374777, 710721298409, 8606816215273 ], 
  [ 581315974780231, 2785576020400489, 17885170909880976952023307 ], 
  [ 28007774648932622941 ], [ 480259082759, 39792828308974854669165793 ], 
  [ 12915791411223452455299231609177749 ], 
  [ 5621434477, 11703656701601805887473, 45207044374015853814202657 ], 
  [ 21804080878277345210004916794942870223440232385957253645343 ], 
  [ 137790410772833878913340490301 ], 
  [ 214708555489, 477510669217, 983559318819841 ],, 
  [ 31749701411, 196222754687, 283958949688573514939476019 ],, 
  [ 1618418209714601 ], [ 409001880745954479359 ],,, 
  [ 24762087689, 5638725489223512817, 25549396216219930812577, 
      1010260089562649320473119497 ], 
  [ 13658296004695797211, 1013207410858405365493837243876551380660532501730668\
5161 ], [ 85021717504421 ],, [ 42721807887012451428326719389447037 ],, 
  [ 2361250579601, 178148632912031, 5520235754439140781714911 ], 
  [ 7126659541, 21925134697, 123990982843393 ], 
  [ 47009890762119004702828759548897359856478059534161834040910885070622289 ],
  ,,, [ 1138857493, 27460105801 ], 
  [ 3302514523153, 19073397891694123459, 394804545441227166961, 
      33139771588938761031496303 ], 
  [ 515019020933, 17234421593867, 15514983634217549 ], [ 398311026121 ], 
  [ 97294396321, 570507088511561401 ], [ 7865462892714035731 ], 
  [ 1835620307156413 ],, [ 3243501977 ],, [ 7796133744121477567 ],, 
  [ 1150470017 ],,,, [ 1812799878683993773993 ],,,, 
  [ 4272885868764022279873217 ],, [ 31081347820124611 ],, 
  [ 92311737471745541, 1738358048288714441, 
      6640232399385084148272947032084061 ], 
  [ 12683986069, 46511033809, 317180420059687 ], [ 8413015715971506331 ], 
  [ 2764526029438603 ], 
  [ 15084550666863149473, 63503068242967672091552700049, 
      107527349571294912615148642622817208273 ],,, 
  [ 1559333831581, 584307124441923061033, 205568656563789931114669 ], 
  [ 3832641939235136343845896681 ],, [ 7213820240507559001 ],, [ 1477448513 ],
  , [ 2181662869, 5262708006766981, 9991096628759401 ],, 
  [ 180317135233, 57535257403551726397, 5245560266126358468939758041453 ],,,, 
  [ 33919538561 ],, [ 1173311417051468657270668819 ],,, 
  [ 63546128251, 10604135881021, 220889947087591, 13280810805363421 ], 
  [ 1801841357, 1043742014519597 ],, [ 828953474095218099601 ],, 
  [ 155332695874742756183463105298901 ],, [ 10503136738092075256224533 ],, 
  [ 3517927129, 30621455947, 2736791153983, 573050278458448837, 
      4485208945395455831993490416257 ],,,,,, 
  [ 1260608767741, 155306430784113181903441, 
      617294905700548521443299147806365161 ],, [ 93458125173323 ],,,,,, 
  [ 1469353539221 ], [ 1087917339979 ],,, [ 74673257089 ],, 
  [ 201556610207, 2415023972213647 ],,,,,, [ 692194256307428324728684982201 ],
  , [ 1574820887, 1238166032429 ],,,, [ 282010996933 ],,,,,, 
  [ 100283411209633 ],, [ 396636668251 ],, [ 27824519583329168905129 ],,,,,, 
  [ 1593387907, 8096341999, 8958199279, 66553555562343052005223295800543 ],, 
  [ 172679478721, 199161839969 ],, [ 236111531993, 195207500531779 ],, 
  [ 483370787821, 73377805561981 ],,, [ 2499393667, 34278202267 ], 
  [ 23361797497, 33408482675787257 ],, [ 189961752241 ],,,, 
  [ 3329998854865271 ],, [ 22020725835809195890681377601 ],, 
  [ 55295585782455217 ],, [ 1122366855256079813 ],, 
  [ 5720887933, 398539717163524478522221 ],, [ 349688660961744817 ],,,,,,, 
  [ 21091694131, 229039137991, 5076971453881 ], [ 354305259521 ],, 
  [ 2418636877157719 ],, 
  [ 2133400581001, 138648920608381, 137602438142855401, 
      32059409232307796155441 ],,,, 
  [ 1863968365520713, 372434329032199372976166361 ],, [ 11028788315620069 ],,,
  , [ 150453146505932461 ],,,,,,,,,, [ 801702532876001 ],, [ 46463879743 ],,,,
  ,,,,,,,,,,,,,, [ 131690454786372632401, 52598477917944315041701 ],,,,,, 
  [ 3755076176445589 ],,,, [ 17845278961 ],,,,,,,, [ 4858965271 ],,,,,, 
  [ 4944557755873 ],,,,,,,,,,,,,,,, [ 391609458841 ],,,,,,,, 
  [ 3980170726832269 ],, [ 55069492451 ],,,, 
  [ 144428686753639, 228830172936247, 1776063682152667 ],,,,,, 
  [ 2106886270681 ],,,,,, [ 144308464087, 55375413863047 ],,,,,,,,,,,,,,,,,, 
  [ 21081049729, 12539596982890753 ],,,,,,,,,,,,,,,,,,,,,,,, 
  [ 652919552144089 ],,,,,,,,,,,,,,,,,,,,,,,,,,,,,,,,,,,,,,,,,, 
  [ 423731445007501 ],,,,,,,,,,,, [ 1340710603 ],,,,,,,,,,,,,,,,,,,,,,,,,,,,,,
  ,,,,,,,,,,,,,,,,,, [ 2333994601 ] ];
