BRENTFACTORS[3463]:=[ ,,,,,,,,,, [ 806148143461 ],, [ 7768770101 ],,,, 
  [ 7833776869, 1374931128591905873 ],,,,,, [ 421335188154848137 ],,,,,, 
  [ 32145289019, 99352036706137501073 ],,,,,,,, [ 64060476956297543795337247 ]
   ,,,, [ 10846835340795471061477485882469 ],,,,,, 
  [ 943286501966558954550518188103 ],,,,,, 
  [ 14899632032468482781813730531019 ],,,,,,,, 
  [ 7109961911438453, 4069333693582972879, 51829242874236684068618809301, 
      5949659661149175484973268724183553 ],,,,,, 
  [ 1642266654260033, 27162537629088863, 2943154346187259867178066519 ],,,,,,,
  ,,,,, [ 91499445930360239 ],,,, [ 1832440801 ],,,,,, 
  [ 29090019576122571084908651 ],,,,,,,, [ 4925598546233 ],,,,,, 
  [ 276852317550222707 ],,,, [ 50621900947 ],, [ 6313688844613 ],,,, 
  [ 47765221772417, 10547685084098796909061 ],,,,,,,,,,,,,,,,,,,,,,,, 
  [ 455046649979 ],,,,,,,,,,,, [ 18413570789 ],,,,,,,,,,,,,,,,,, 
  [ 10715702629 ],,,,,,,,,,,, [ 78054943303189, 136603905969721 ],,,,,,,,,,,,,
  ,,,,, [ 187354743283, 187619688583 ],,,,,,,,,,,,,, [ 11438109973 ] ];
