BRENTFACTORS[73]:=[ ,,,,,,,,,,,,,,,,,,,,,,,,,, [ 13909795579 ],, 
  [ 15919793462773 ],, [ 94404837727799 ],, [ 63587701057 ], [ 8947526293 ],,
  , [ 408645381163562173 ],, [ 159726102199, 3437562935353 ],, 
  [ 104680481189 ],, [ 15963430722147024920449 ],,,, 
  [ 169522860620025239, 3148526357210879783 ],, 
  [ 2249988166074524585692202054969 ],,, [ 264786979490801 ], 
  [ 61791442841, 86967822397777, 412213180936441 ],, [ 45321802241 ],, 
  [ 120369471138508297 ],, [ 5227914900553 ],, 
  [ 5985224965467290012755797192096724293563 ], 
  [ 14365462646574575252922253 ], 
  [ 156960091865053, 66879235214332558805294263 ], [ 486736564570973238337 ], 
  [ 5201676567887671 ], [ 3972306493, 46423382815261, 101527901949673 ], 
  [ 41039507459780521873438094389, 2834842825877665201211820271542564173 ],, 
  [ 451789944841, 50239218934147, 12178305672217060622593 ], 
  [ 34400521393561 ], 
  [ 88471419039359, 19837215386958108832010755704638621119 ], 
  [ 38556082532186589457 ], 
  [ 1295720382587, 3611379501352361, 1192167517020392933, 
      2026896285132395253381459595427 ],,, 
  [ 61605625431349, 74941550849077098409 ], [ 7887573573633601 ], 
  [ 298279659289 ], [ 26261095648908587536439174630481690432579818779 ],, 
  [ 2009977828902371214483211 ],, 
  [ 510931991293, 93610714966051, 23644849300367621400973817378872960032501456\
94695078984881 ], [ 575491626807363841 ], 
  [ 12967740568396231, 14722734308685531840841, 19250592558570034555860761 ],
  , [ 9101957923902691, 10515344146182643, 6049880060771887156793278387027 ], 
  [ 241754156843057 ], [ 262665336881, 21069908626035771433 ], 
  [ 42644288251 ], 
  [ 1968654143, 53885562823, 7131850366065874962139875804163078242227 ], 
  [ 1357915807034477698944161, 64834436637643400940494417 ], 
  [ 3284456294923 ], [ 420158776072534509262249323464267 ], 
  [ 1563996781, 1141839571451, 22698013460334370106164771 ], 
  [ 20308093579681 ], 
  [ 7103414143263719, 236954268907099265807, 160271263715635431947522188449745\
2680914363673 ], [ 32495822139439, 1011612641593775915282723 ], 
  [ 5357985694715510533551673910961667820660131 ], 
  [ 55211432482060901, 105882788199925506001 ], 
  [ 7805166032416162614419126609 ],, 
  [ 44536796702677, 9726723486327079326649, 
      154475282556879202710082530699282292219, 
      61637326035287179389632669728506803999306764599541489 ], 
  [ 173860092121 ], [ 67552181204933032801089331 ], [ 324604478083 ], 
  [ 428153042206370281819707679 ],, 
  [ 144468421459, 76227040047863715568322367158695720006439518152299, 
      5148583566802133879461239511782646963197887712686185600716039554929 ], 
  [ 209975164891659723161, 2476751176864171376401 ], 
  [ 41458068765631878599657785296935881 ], 
  [ 1783266241, 11813059303361, 13910854210581850525921 ], 
  [ 18271158259, 121795234091, 47311359996576137941019, 
      2082103175235758456368907, 2433354732038186431819864708166650327 ], 
  [ 90793646522556840769 ], 
  [ 43065892490282429531, 8907028060933680346664172462756066355960834405552191\
359919374221 ], 
  [ 1443968516745477842918236813, 19788736375368452459770083706049791973 ], 
  [ 518298862228434032513041 ], 
  [ 440274128285903, 352460216963149254177908054137 ], 
  [ 4941075639958271858062013473716440959783649998062572333 ], 
  [ 4453612096475440681 ], [ 725635087717 ], 
  [ 289954641019880677, 932700571021098638040617 ], 
  [ 83212932572563, 2740623868636477674851661181383891017727884347 ], 
  [ 50672492617 ], 
  [ 127596553001, 426463794751, 19534193159687381021235251, 359631973483136105\
24976397431050928619614413167616879817751 ], [ 88647136452631 ], 
  [ 3784253611387712234045123 ], 
  [ 19076619727317467194441217, 988272925278092417415910908741922858992257 ], 
  [ 68271272393554202972802718699375773463 ], 
  [ 248380181650421165093551141, 1020117713193898296876417091 ], 
  [ 26617820234420322123736964815474597459153688841153677 ], 
  [ 9714931159675501 ], [ 3460258027004222907063524723027106235561 ], 
  [ 199263416662169, 4517800091393843724052550386409 ], 
  [ 6322420341313078081677286239276756121412802541 ], [ 20984098649 ], 
  [ 16636070473332967459249610792343983, 
      29485144726556502616270948620111819885623549 ], 
  [ 4389370286281, 7715214074028139098421 ], [ 370258302351406669 ], 
  [ 21669082784999775667414693411615940977754981 ],, 
  [ 42890395397, 18184507100719055475472759019028149396266593096782369 ],,,, 
  [ 4596369165585291112352829637852339157090144708807832677 ],, 
  [ 1673993369, 388691644249631617 ],, [ 1241851651 ], 
  [ 69881205239006711621, 134620943568132410424653 ], 
  [ 488870421877426018504007196254885209 ],, 
  [ 3195323671, 4013354731, 32630842091, 49118051919721093, 
      160443119810141939, 2158983131705505491 ], [ 2953025281, 6423822791 ], 
  [ 31578819025735303284224872741 ], [ 330772465355360541792457327 ], 
  [ 7054906812728561, 88169158547842260773 ],, [ 19655504188230580255896481 ],
  , [ 483218197723, 212057798476105167571693 ], [ 269289338927863337 ], 
  [ 34042076797, 11286185289777638361749216221 ], [ 21203654613511916701 ], 
  [ 583399492601535637, 2895805231010486251, 
      818669521665745749922543339058781214909 ], 
  [ 297930285229, 545770322394281 ], 
  [ 7185494742395695489, 328699922966965698961 ],, 
  [ 34802755811, 294534280552961 ],, [ 7386946497137444546453 ], 
  [ 11653349456215686691 ], 
  [ 67977105307, 133462179021511, 1603801131798916012224615241081 ], 
  [ 22306059265931351 ], [ 2781187970177, 495719487428070775401733961233 ],, 
  [ 7672693276447, 868043146051109524625111123408656211 ],, 
  [ 11310739347115441, 125266925544388001773627861 ], [ 66640167113187446287 ]
   ,,, 
  [ 382420441561, 664649294295784290881886940037337263761, 7353537437853444034\
339601895955746742866314512604513 ],,,, 
  [ 2376784513409, 435534443943920522904037, 
      2180695042681523745304367611191274720574362283093 ], [ 46523665063 ], 
  [ 1400587388458710548470224537989474441, 
      129080331386923205140210194033346663036806881 ],, [ 314900288102017 ],, 
  [ 727275940760962093331045239970599657967 ],, 
  [ 4150678305623191072644529130292391515579309779403901 ],, 
  [ 624323237004193944809397579632863097256109 ],, 
  [ 18166883641801, 13872830645843382401, 1906058285968586368920968801, 
      6936152509442044295286086401 ],, [ 2827373599, 43128280681 ],, 
  [ 2211112957, 1419861457780654549 ],, 
  [ 9083105677, 18865407069444991153376653694429023290232627969 ],, 
  [ 7213142708929, 230112045683547535175814707045636486211027289758978593, 
      344297694121372468878570427275507730202011394159915153 ],,, 
  [ 22446114224023206555493843 ], 
  [ 3978932389, 1160606647073, 498945895501909, 1234515551890217170347733, 
      18031846563674855422448329061, 
      9785881844532944012607761087743512395638997 ],,,, 
  [ 14355864190873, 124010655803607210228737419021387688438676073 ],,,, 
  [ 2646910032935803031101 ],, 
  [ 147595297353062878756403812693, 123729773020031689295257259393995233388955\
54887 ],, 
  [ 104039912710273, 217701754638946356741662730709647834058834173365716051749\
240121197813818851096001 ],, [ 77344965361, 1400796066359 ], 
  [ 659898717512048028437 ], [ 206957766524390439049 ],,,, 
  [ 304224233897, 82998000997823425009754569783225707206764260193 ], 
  [ 10465483645061 ], 
  [ 5884893692357941, 14916621479255715243148983435097, 8776558807252958258171\
4246291667 ],, [ 602347924741, 45046425047523062699585989 ],, [ 11218160227 ],
  , [ 13695543402772503242161, 202794713174349061840704241 ],,,,,, 
  [ 117367170371355504740071998571488495607 ],, 
  [ 486448087296664657, 31196036533707311678297 ],, 
  [ 145779474957016435456109162199672091540670580251 ],,,, 
  [ 800404546763, 38528975518321823 ], [ 10663065986843731 ], 
  [ 1957080577, 9470064001044610651082492197730534571521 ], [ 1087937027 ], 
  [ 43613761714150789558797889, 27259654651850298768460396783 ],,,, 
  [ 7566148032977671 ],, 
  [ 22522856730498470000203561, 2504859451930653309075625009 ],, 
  [ 17012585079846638928367 ],,,, 
  [ 630953558857238761, 13298756205463696857026923458003811 ],, 
  [ 17988173958913, 528310990697342540417 ],, [ 195356634442129 ],,,,,, 
  [ 45107967929064041, 70651941608683795081 ],, [ 17972324199637 ], 
  [ 2086203289943 ],,,,, [ 9652903201 ],,,,,,,,,,,, [ 61566712410294814501 ],,
  ,,,, [ 71941338764942075102770734854863 ], [ 67929739571 ],,,,, 
  [ 610551991970815138436306488921 ],,,,,,,,,,,, 
  [ 175133682793621, 13518741362628493 ],,,,,,,,,,,, [ 2066962132648812001 ], 
  [ 50934144953 ],,, [ 268953643181 ],, [ 677774367965179, 43969408082523487 ]
   ,,,,,, [ 53266039537 ],, [ 90035153251 ],,,, 
  [ 64749999101587291, 2261827073547236013067, 7466601344834028704227 ],,,,, 
  [ 131974669577 ], [ 7582891681, 545365857437421107389921 ],,,,,,,,,,,,,,,,,,
  ,,,,,,,,,,,, 
  [ 11665126981, 125026829071, 2895221551508911, 1721959539057501901 ],,,,,,,,
  ,,, [ 9979665347 ],,,,,,, [ 6954433441 ],,,,,,,,,,,, 
  [ 77964866701, 83385096474534227152081, 370336019382682210299961 ],,,,,,,,,,
  ,,,,,,,,,,,,,,,,,,,,,,,,,,,,,,,,,,,,,,,,,,,,,,,,,, [ 21674857441 ] ];
