BRENTFACTORS[799]:=[ ,,,,,,,,,, [ 46637927359 ],,,,,,,, [ 6605453601871 ],,,, 
  [ 88209329222157673466357 ],, [ 3271983401, 96803820601 ],, 
  [ 19053605511379 ],, [ 1953413252388286248743492242227757037 ],, 
  [ 533480725996840160183 ], [ 5692960513 ], [ 1779740824489 ],, 
  [ 1676167392481 ],,, [ 26875865472031 ],,, 
  [ 335732427915246418912688485676761191073 ],, [ 7685560969 ], 
  [ 710991257813 ], [ 31817604172771, 988065622831153681 ], [ 219511559873 ], 
  [ 296166809345503038426463999275337691 ],, 
  [ 224437775196097, 85935299460243769747, 
      224275585226458417571578429884652709311 ], 
  [ 1297743445253551, 1844074617988301 ], 
  [ 1046524395550771, 802722055184328145294255987911914581183 ],,, 
  [ 2966901065796087397 ],, [ 29895338838821841424615241 ], 
  [ 18239940721, 460438093078466952588893685959901884936538787 ], 
  [ 2401278533, 25709427231266183110154536733 ],,, [ 15134931112313 ], 
  [ 276255098530873488124202747 ], [ 386131860072631, 26752210995240361 ], 
  [ 304659183617, 552866416961 ], 
  [ 43679681371, 102754035327120740161, 18014397781322683391725621 ], 
  [ 58757384269, 165081387307 ], [ 33203673059601757212996603111697951399 ], 
  [ 145686104934227406457563714080173 ], [ 159198249003037 ], 
  [ 32272666021, 82813940861 ], [ 299267404198877 ], 
  [ 183160154377, 2358817266987532513 ], 
  [ 212884560197, 48839423939851147324031551 ], 
  [ 15354894551, 797638400651671951 ], 
  [ 112768947936298351, 104676284602318153955059051 ], 
  [ 51451317201368587660530380247305235881343296501 ], 
  [ 784467380159, 210085426791309785741873 ], [ 1796717797681 ], 
  [ 189916076983289, 301592006914315055651 ], 
  [ 11645266137348545248057649080081 ], 
  [ 3652581314240231221, 1195280777484124659982191709 ],, [ 18839777133943 ], 
  [ 2366411720292554092453 ], 
  [ 3961014451, 3459405322988171, 20377798466811161191 ], 
  [ 28309590139147728562862629543975775482802739469801 ], 
  [ 561301672843, 14938670000983, 3209258773128481, 10976945286253919790889, 
      637204275768712965763477689251912365587836839873 ], [ 1190597548537 ], 
  [ 27324667327 ], [ 1074807991, 2900301841 ], [ 2182622992803699060403517 ], 
  [ 72431651429, 183138748156378327529 ], 
  [ 12350448919, 3158713195861, 8575168214224078552279 ], [ 57543506431291 ],
  , [ 96207781074078678801697, 321295309800537603814369 ], [ 3625322281277 ], 
  [ 9320349683, 64097137677748683733, 3401552764103044293317 ], 
  [ 105772553147708333848963 ], [ 846791602901, 4439813583283601 ], 
  [ 46217772433039357421 ], [ 18403473545869, 75548814370759071667512449863 ],
  [ 31829675052854821 ], [ 3174830672521, 92205920020657 ], 
  [ 212814902648515441 ],, [ 20589530332697 ], [ 6722721207540194783517361 ], 
  [ 6524921159, 140935511279, 12376593251299864733 ], [ 96207885982891 ],,, 
  [ 83116439648779 ], [ 7581630193, 228078308024089, 11980123518935977 ], 
  [ 10694468895366588667211 ], 
  [ 11608036161581, 58081844485620773559215015237797, 
      18668552644672672600494787316908217 ], 
  [ 109497991939363, 2491575978733453, 712489515126182483469135455971 ],, 
  [ 2703682732241 ], [ 126110916664126625036554820285732641 ], 
  [ 285388877687 ],, [ 6116525551, 36943756513 ], 
  [ 988188132178982204389967357, 27075793997308369001236927630997 ],, 
  [ 8166903067, 14768318830609, 186384425915224283256259144119649 ],,, 
  [ 1958996117209151884723 ], [ 3566397836973126095151510243661444935888721 ],
  , [ 9838004333322397, 9288224749681161266401 ],, [ 177345865081967674403 ], 
  [ 2514322351, 32470778611 ], [ 46525734641, 806738266974199180477119249601 ]
   ,, [ 134332906729931851, 1159648772491243051, 189882572256208516373287 ],, 
  [ 1780700859070603034304344726530812937170313218957241 ], [ 102552768883 ], 
  [ 148956290321, 3999746183176213, 175702179194509361458413163 ], 
  [ 1067521313, 2211430937, 35020789519 ], 
  [ 2433028137416557726064030298327169 ], [ 18954863154361 ],, 
  [ 368376392347489 ], [ 9724455292887557, 66406652386825266061107752450137 ],
  ,,,, [ 1717587793 ],,, 
  [ 16406635174390223847072273632333422820900557218099624171920269 ],, 
  [ 4278823007450061026701866161 ],, [ 379418457893985761 ],, 
  [ 283430969209, 123514981129746025171741, 2541225330944447502283993 ],, 
  [ 102100947286055200429, 133816808901204764389 ],, [ 555340121389 ],, 
  [ 101885612703098829004177, 7588318906849054572701957956464909844129 ],, 
  [ 186707013161, 11216574245444795651 ], [ 4124415079933250491 ], 
  [ 37975329574802173 ],, [ 9372700965349 ], [ 220910135643751 ], 
  [ 71269866449, 929626582112447963729393 ],, [ 2984455430557703 ],, 
  [ 156039464701, 2769860059741, 3258132726384779789368101067544634301 ],, 
  [ 2840065291456849 ],,,, [ 10043480214926857 ],,,,,,,, 
  [ 1539439099574267, 353627013414030289 ], [ 14159262781 ], [ 2553354721 ],, 
  [ 316788800713602135337 ],, [ 12776010061201 ],,,, [ 479410380019393 ],, 
  [ 7167907609, 14204348720184043 ],,,, 
  [ 1694998487071, 6115959881611395665923501, 
      52924014093060771080499583803601 ],,,,,, 
  [ 1327337497, 39374488957249, 2245011261185244155285361817 ],, 
  [ 27998574941, 100283853464357 ],, [ 1766217641 ],,,,, [ 1612546469103151 ],
  ,, [ 14237020873, 705504153435181 ],, [ 110148573740731 ],, 
  [ 382272548233, 9909722903320481, 2298954024792505609 ],, [ 11532420667 ],,,
  , [ 4201893265389037 ],,,, [ 111729398177, 531273299789 ],,,,,,,,,, 
  [ 22087928112517 ],, [ 1936542229 ], [ 30288847471 ],,,,, 
  [ 4199089272777881 ],,,, [ 245353048502830242060769 ],, 
  [ 56682192169, 948475534193489 ],,,, [ 60216083101, 477056423537101 ],,,,,, 
  [ 37030136161, 865150846694529093157 ],,,,,, [ 162801462301 ],,,,,, 
  [ 61677696465114124517569, 2339707831448508011805697 ],, [ 679000433009491 ]
   ,,,, 
  [ 11324544841, 140051862883171, 54558272102816623, 29909364291369670011787, 
      10257632338909359088632389989 ],,,,,,,,,,,, [ 116781644467 ],,,,,, 
  [ 5233765057 ],,,,,,,, [ 18953336641, 13937801065890881 ],,,, 
  [ 823817189306620837 ],,,,,,,,,,,, [ 1887808866999553 ],,,, [ 159588951461 ]
   ,, [ 1583888869, 28124901811, 65580232799773 ],,,,,,,,,,,,,,,,,, 
  [ 133944951286441 ],,,,,,,,,,,, [ 1694815494345121 ],,,,,,,,,,,, 
  [ 124577692407937 ],,,,,, [ 126315476041 ],,,,,, [ 166331704800947401 ],,,,,
  ,,,,,,,,,,,,,,,,,,, [ 516749378881, 8603501344621 ],,,,,,,,,,,,,,,,,,,,,,,,,
  ,,,,, [ 55642595401, 34459892207197201 ],,,,,,,,,,,, [ 96468221389 ],,,,,,,,
  ,,,,,,,,,, [ 11099996904481 ] ];
