BRENTFACTORS[274]:=[ ,,,,,,,,,, [ 4537355461 ],,,,,,,, [ 1200818903703593 ],,,
  , [ 3834058831, 7919643131, 884872766081 ],,,,,,,, 
  [ 744447832005271451050662874259 ],, [ 21022929002989 ], [ 13121505829 ], 
  [ 416243182811, 340517186721642701 ], [ 6594291289 ], 
  [ 561398855719951756313221 ], [ 8373268621581117157 ], [ 41770402600369 ],, 
  [ 5263124819, 11305403797 ],, 
  [ 519103445537, 674651068649, 14359958956067, 19425386328577 ], 
  [ 163038679333993 ], [ 3179742494505211 ],, 
  [ 5469822589419434641561783, 8062478894961362624447945437011059 ],, 
  [ 2228437663646447636111 ],, [ 4213226191159, 1788000355867855351 ],, 
  [ 96751931183497382620238168383217, 39134570508472582561022491573824858169 ]
    , [ 5184657012939318914347 ], 
  [ 25912466994151, 33272088404941, 913746527562806332087111 ],,, 
  [ 105852190126981 ], [ 1575488016481, 74974759958389136897 ],, 
  [ 31960613929074893 ], [ 1041885929539370202442307 ], 
  [ 407053617391, 595977199903, 110672839357828337143 ], 
  [ 641385882515501377, 14250414764698902570689 ], [ 2603556583031 ],,,, 
  [ 1324931718062659079118444282517 ], [ 826619673638223683891 ], 
  [ 14721614268585047, 2208903145399386945451 ], [ 4457285137, 56774505313 ], 
  [ 505329980647, 7385226983161, 15570949787461 ], 
  [ 57775966956476364181, 32248206368354920954772143 ], 
  [ 33556604695210734207928051 ],, [ 2827505746061488031 ], 
  [ 633039391223149 ], [ 27867575506861, 99294408157817, 7637367812041031 ], 
  [ 420715580218721, 4245471936508412114847281 ], 
  [ 77641763653, 1329617229747697837 ],, 
  [ 5992980971, 356778738661, 606996781177981, 292361673050148178231 ], 
  [ 11434507057 ],, [ 2063897271950887, 2750632838186880257115049031 ], 
  [ 10323665689, 107174205881737, 669915239206579 ],,, [ 609775245304831 ],, 
  [ 804558440161526511208206034222540951109113277 ], [ 511686719077 ], 
  [ 2046927997505707, 40690060784411836351 ], 
  [ 5319238817700362134817071, 11460316019335479102009011 ], 
  [ 1409779297, 4481122273, 5020589635906413972907156417 ],, 
  [ 2895983811406711099999, 2512497983055995149835475298549 ],, 
  [ 32593649801, 639976955238001, 865028708408395002963784335901 ], 
  [ 275896312675697428081 ],,, 
  [ 30356696079044702329, 73056511947478129169400924828428040481 ], 
  [ 280341477491233753813686049950282903923971 ], 
  [ 650555372087, 16054979009752982508565863855081606986032324268609 ], 
  [ 632094366289, 218010399879971 ], [ 2792278375526053 ],, 
  [ 120568370212342571245346075580943831 ], [ 1974700657 ], 
  [ 32204174801, 333690762049994527014176865370330801 ],, 
  [ 938809606635335566922955631 ], [ 14045147801, 1404888840932038708756151 ],
  [ 30691114933, 36897082337, 374832760633, 11560885083835354724537, 
      14158849584981106178689 ], 
  [ 3345506757333703, 2237822209341501053896171 ], 
  [ 4498583341322351, 397855846787801962409484420449 ],,, [ 4217566079 ],, 
  [ 11689205379901993, 41323684521892483 ], [ 578134236593034172104761 ], 
  [ 55613991415119564005691251 ], [ 1696604163443911, 2668600644705451 ],,, 
  [ 223546173203867028520561 ],,, 
  [ 91394645233, 2999665470946863586585000612354908697 ],,, [ 862076004571 ],
  , [ 4630796461289 ], 
  [ 61111867561, 4839054987853, 16768312802836707983471329 ],,,,, 
  [ 6302468757443 ], [ 5971695841112161393 ],, 
  [ 147044269112821, 914367975883287030609763661 ], 
  [ 443554301989, 16872586442451050243773 ], 
  [ 34494210647873, 524016825869269322965429, 2775912354222552589636769 ],, 
  [ 190699096069781340723563701 ],, [ 9272221313, 26807182889352795175489 ],, 
  [ 1940010997, 16923833056747, 2799352569053557809139, 
      11791466459970057011112205738116239 ], [ 2079435949931 ], 
  [ 10781195663447977 ],, [ 761598529348331 ],, 
  [ 3545770108348167361, 1397647159263943223873982749761, 
      35010663743140191980809146099041 ],, [ 8074606393059326475103171 ],, 
  [ 472618133639053 ], [ 14372319933610901461 ], [ 748681255323091 ],, 
  [ 1897342775833 ],,,, [ 20802446089 ],, [ 40692312339910002895524379549 ],, 
  [ 14654059216469400641 ], [ 1356456847 ],,, 
  [ 59139620101, 14795587466281, 4735194002367841, 
      292564258713543954054157720116245359561 ],, [ 18727316007432154669 ],, 
  [ 2829142049 ],,,, [ 318458082815149 ],, [ 912893418853234331 ],, 
  [ 476280154285986108567361 ],,, 
  [ 1307414161, 14434060667815231, 95069908692236421841 ],,, 
  [ 4592506261056394627 ],,,, [ 16779138060325807 ],,,, 
  [ 1204944883, 19732144249 ],, [ 85894672306769 ],, 
  [ 234897787718161, 3399978421852005406593252771405211 ],,,,,, 
  [ 23513876641, 272927480605946656898442337 ],, [ 54031561819 ],,,,,, 
  [ 1203393857 ],, [ 3725450940749 ],, [ 1528497225137161 ],, 
  [ 169168861480269650960731, 707180613248363756308111 ],, 
  [ 1784350667518048899033073 ],,,,,, 
  [ 254645370710647603, 243382709014129370239 ],, [ 5198122801 ],,,, 
  [ 4557592054241 ],, [ 27698995333 ],, [ 201583662530177 ],, 
  [ 1292641501, 12995943251 ],, [ 38605632913 ],,,, [ 124287658241 ],, 
  [ 1339367011, 1775447899, 53112757459 ],, [ 3375915637973126821 ],,,, 
  [ 1482141097784161, 246839959738493353, 2233276869779534661193, 
      1459605222862216740425170177 ],, [ 3659680172177 ],,,, 
  [ 1931485120111, 124604740326151 ],,,, [ 6036391867049 ],,,,,,,, 
  [ 1113694423 ],,,,,, [ 26816431590995617, 450929921396216884417 ],, 
  [ 2774002585062811 ],,,, [ 3353787361, 69530389631823499 ],,,,,,,,,,,,,,,, 
  [ 5282186101, 312416870287909811 ],,,,,,,, [ 20010726217, 13944435357019 ],
  , [ 576690558555841 ],,,,,,,,,,,,,,,,,,,,,,,,,,,, [ 10318607458431577 ],,,,,
  ,,,,,,,,,,,,,,,,,,,,,,,,,,,,,,,,,,,,,,,,,,,,,,,,,,,,,,, 
  [ 121182193537513, 312882991432037628097 ],,,,,,,,,,,,,,,,,,,,,,,,,,,,,,,,,,
  ,,,,,,,,,,,,,,,,,,,, [ 68970246511783 ] ];
