BRENTFACTORS[3701]:=[ ,,,,,,,,,,,, [ 22759034117 ],,,, 
  [ 2657600663750786423319511 ],, 
  [ 1251812189, 2441421379, 46479751876851152621 ],,,, 
  [ 4493705749835293, 3904914162536548919 ],,,,,, 
  [ 43887546180351662112754152109727, 
      186513574022909642246825676409045015462263963071007954515783624934827 ],
  , [ 14528152481, 172503822551651 ],,,,,, [ 208848861167499859 ],,,,,, 
  [ 91966613437, 335529249105119480666322363605761 ],,,,,,,,,, 
  [ 42561220171, 144629675719, 8477123245013 ],,,,,, 
  [ 19402882781, 10098995696365387814193881059751 ],, 
  [ 340644839797, 432368540400334280199047 ],,,,,,,,,,,,,,,,,, 
  [ 268006395602161763577339091 ],,,,,,,,,,,,,,,,,,,,,, [ 4771873069 ],,,,,,,,
  ,,,,,,,,,,,,,,,,,,,,,,,,,,,,,, [ 47717256347 ],,,,,,,,,,,,,,,,,,,,,,,,,,,, 
  [ 1450506557 ] ];
