BRENTFACTORS[401]:=[ ,,,,,,,,,,,,,,,, [ 1431667411, 184360851491 ],,,,,,,, 
  [ 19770093101651 ],, [ 1701473662881252436321 ], [ 35368701626021 ], 
  [ 2379503303, 1874672506158155042561909 ],,, [ 68586611660288321 ],, 
  [ 309584595283 ],,, [ 18410751721989693193, 1193110729427553933011393390479 
     ],, [ 2522758346847549618330277 ], [ 56870727061636681 ], 
  [ 14068498225297, 288677274649671343, 591316533225138384114054798581 ],, 
  [ 10430130640350668987294145919, 68201642949875251996507736183 ],, 
  [ 39758120191 ], [ 286596604711098769 ],,,,, 
  [ 82280305348561, 55163096062049491 ], [ 65591757887594950596737465561 ], 
  [ 167658459587, 32531360938765482327194329242910629173 ], 
  [ 689001328528993 ], [ 35397342293171, 72514639206059749429391 ], 
  [ 1383305628158417765201 ], [ 87670875211, 685942619053 ], 
  [ 27285727134937, 22004868627491969 ], 
  [ 304680806167305447131731879121, 2168984341828663477513860919926116569 ], 
  [ 39588472266661 ], 
  [ 21236034311, 1968867914734445588310048215759, 3489235459065071901982209519\
70169 ], [ 107266540877, 51748539954116798955336737885461 ], 
  [ 43787808176002381 ], [ 2737066433 ], 
  [ 5712532736821, 25927049959681450775108168036292138077096100740583571 ], 
  [ 49201789346293, 84563541506599 ], 
  [ 45463087213099, 34037213299686587629, 1996325394012158422627026412561, 
      1927753468240334063059584784051824515048700664817 ], [ 128994663461 ], 
  [ 5736969343174877088571 ], [ 87463691981, 1145832239453371 ], 
  [ 2423167073269, 12886305840821916730178268890535622399 ],, 
  [ 74953253595173 ],, [ 169322899397101 ],, 
  [ 312352382341621639249, 332194000474632068947131741705809689862689057411510\
464288353 ], [ 1414194401101, 1101870509844574159 ], 
  [ 163059263909201195078659 ],, 
  [ 5637230527119447979, 53734740891438622892779173469740166872058233356033924\
805931 ],, [ 2679958607782969 ], [ 1501593241, 23734504501, 800586554276209 ],
  [ 5410348073171 ], [ 122104172638949, 14764088371134209741990401 ], 
  [ 290849649016963697603534162619566160919 ], [ 2320816576937 ], 
  [ 113411326019, 5731246564091, 114442844801921407327256941, 
      89265872241435803537017090918792217 ],, 
  [ 9224810159298553, 11867530017103269577507647391, 
      379156443982271597867757769520597310533447 ], 
  [ 1593417875197, 3473165063176855595504024544305390279943409 ], 
  [ 97077978577, 116565231913153 ], 
  [ 1588387678817, 70523027907900563, 14052244639894848206873606858604553 ], 
  [ 13151089266241, 28033236098401181 ], [ 25519535460305231639137 ],, 
  [ 60846221365707755147663109109014879728827 ], 
  [ 209574364429, 876964280743 ],, 
  [ 7699918417, 824343710921, 1580739082001, 82519377313092509946737461, 
      500300414750038317510153217 ],, 
  [ 86937402903673709731, 1977957127643583948076595652050405791 ],,, 
  [ 58151990056536026972168627389299459275950404197325158085083 ],,,, 
  [ 189156776099420105914728709881553141 ],, 
  [ 2084646257, 2264777652431366689 ], [ 181183452371140683913920626131399 ], 
  [ 2590512393704550594871 ], [ 134436227741, 969383732121359033741 ], 
  [ 1872938423009, 899095344030856876894419201783611389 ], 
  [ 3201737293, 3646825604342551865989 ],, 
  [ 2779271657, 1694356662238843, 2929100737546625167 ], 
  [ 34036823761, 1329649238161, 8139554306641 ],, [ 124863498747208099453 ], 
  [ 7690530744868236047360059 ], 
  [ 22150096440869, 1228444079911096005773, 1545348999320464315008777308411205\
13 ],, [ 247379841104361587452766251 ],, 
  [ 9413890817, 22967564193648431989507467017469687044700468894721 ], 
  [ 18738754973857 ], 
  [ 1325464090238526912241231, 1033586901880050109046488528301 ], 
  [ 75370220677, 27955923811440697 ], 
  [ 952924018069, 2888828837528037263277192789552625033 ],, 
  [ 1738831136962473565756950445817078619577383101, 
      389224189266507046021590746282874925879091805407611271 ], 
  [ 565621395739474944402721 ], 
  [ 122725101448398324721, 1150446140836193214932074525962793, 
      14037271335335292213617498451999964361 ],,, 
  [ 11311428577, 360081317287, 5213013155834250168393353 ], 
  [ 11877469683539321, 17487531405477660423829391684587601 ],, 
  [ 76243173153877057, 122293082483283895819, 
      227563749026162340099204251356411981 ], [ 29050753875859 ], 
  [ 25629902497, 102191752520695738513, 319671486383738607998475485239873 ], 
  [ 1527202931, 401173599311, 226404438897061 ], 
  [ 1350973787521, 14449487909713, 2608684690190135719, 
      13876701234497084334513181, 3835929059213912449327766329, 
      1824032978663884436011470486977 ], [ 1677763921 ], 
  [ 138609675651147338325210337006393674493 ],, 
  [ 9878149172701, 1069416969827794144453410301 ],, 
  [ 1199165393, 86346411089, 5389603623781558095945005281, 
      22283220494542034473176170235152171683432031702348320081 ], 
  [ 2111738131, 3310313990563 ], 
  [ 2346788599, 67044598086555629, 1441705363027154519449 ], 
  [ 990612885394051 ], [ 1280368413688953733 ],, [ 309974630501 ], 
  [ 1321088742324187, 192397461463164157 ], 
  [ 6381201223029908799884041369578721 ],, [ 631902942091 ], [ 2425871299 ], 
  [ 1985044357, 93640335550832669986417, 
      7738096478892416272126894803169017757 ], [ 10901271151, 43892096491 ],, 
  [ 2168722789, 18287789600864339642747 ], 
  [ 86278654393, 2831147695657, 64266236322121, 
      139570176920666674963677467070929425965193 ],,,, 
  [ 5093345662298923566515521, 277054427679396353958314418041 ], 
  [ 1042198130362099766300376928177986191 ], 
  [ 43562675676234769, 1659840904922740501795969, 
      212956989374428187186072761990477 ],, 
  [ 718223055617, 28293825234960913, 1339501449798424220202418033841 ],, 
  [ 16731542897, 523664339985899843013961 ], [ 28630222131803 ],,, 
  [ 92868500453 ], [ 16004799983190397 ], 
  [ 1301137735241, 3639630209576330369 ],, 
  [ 138006082783, 1264454077759, 2250253299376662562505399313799, 
      213362481206293494554213343674761648427294863719601 ],, 
  [ 1315654023038721895773578277091457 ],, [ 56474418391, 30339173900461 ],, 
  [ 60827287582593736900535816426139457, 5052629203251440794004916408104165761
        , 31884322298799050763581972109484871098561 ],, 
  [ 13554445879338941657097039856741688385413573 ], [ 16091704853641 ],,, 
  [ 61458525670941331108903 ],, [ 2450811591601 ],, [ 2205981412121 ],, 
  [ 1473718237 ],, [ 444659751911 ],,,, 
  [ 5780672873413688203131106698070373957163112890790346341 ],,,,,,,, 
  [ 159865267253, 8316798461663 ],,,, [ 1017691957 ],,,, [ 84871576927 ], 
  [ 43220522153 ], [ 944243464284457 ], [ 4513089407 ], 
  [ 1001864135857385846506616711 ], [ 2746222711 ], [ 2642959313 ],, 
  [ 4656632293 ],,,, [ 6507907463, 466205181877 ],, 
  [ 14062612609951170443906440081 ],,,,,,,,,, [ 1251384499925249903251 ],, 
  [ 186659367512941, 12451676970069035497 ],, [ 26982877963 ], 
  [ 42963860432614111 ], [ 11301196536577 ],, 
  [ 4987967623755871, 18805150910512279 ],, [ 23772715201 ],,, 
  [ 306363832825217 ], [ 646029457921 ],, [ 266530392563 ],,,, 
  [ 47069420221 ], [ 59854607411 ],,,,,,,,,,,, [ 15757615764509 ],,, 
  [ 2092065691 ],,,,,,,,,,,,,, [ 174575502601 ],,,,,, [ 12924431449008463 ],,,
  ,,,,,,,,,,,,,,, [ 33642944677 ],,,,,, [ 3025043341 ],,,,,,,,,,,,,,,, 
  [ 85660987758281979674688326402829982118897 ], [ 232553733131897 ], 
  [ 42654139369, 46260769609 ],, [ 37756818363601 ],,,,,,,,,, [ 17053370281 ],
  ,,,,, [ 2595138373 ],,,,,,,,,,,,,,,,,, [ 849218829313 ],,,,,,,,,,,,,,,,, 
  [ 2585298329 ],,,,,,, [ 8290352646241 ],,,,,,,,,,,, [ 1286118618541 ],,,,,,,
  ,,,,,,,,,,,,,,,,,,,,,,,,,,,,,,,,,,, [ 2055953131, 4238106181 ],,,,,,,,,,,,,,
  ,,,, [ 932491882561 ],,,,,,,,,,,,,,,,,,,,,,,,,,,,,,,,,,,,,,,,,,,,,,,,,,,,,,,
  ,,,,,,,,,,,,,,,,,,,,,,,,,,,,,,,,,,,,,,,,,,,,,,,,,,,,,,,,,,,,,,,,,,,,,,,,,,,,
  ,,,,,,,,,,,,,,,,,,,,,,,,,,,,,,,,,,,,,,,,,,,,,,,,,,,,,,,,,,,,,,,,,,,,,,,,,,,,
  ,,,,,,,,,,,,,,,,,,,,,,,,,,,,,,,,,,,,,,,,,,,,,,,,,,,,,,,,,,,,,,,,,,,,,,,,,,,,
  ,,,,,,,,,,,,,,,,,,,,,,,,,,,,,,,,,,,,,,,,,,,,,,,,,,,,,,,,,,,,,,,,,,,,,,,,,,,,
  ,,,,,,,,,,,,,,,,,,,,,,,,,,,,,,,,,,,,,,,,,,,,,,,,,,,,,,,,,,,,,,,,,,,,,,,,,,,,
  ,,,,,,,,,,,,,,,,,,,,,,,,,,,,,,,,,,,,,,,,,,,,,,,,,,,,,,,,,,,,,,,,,,,,,,,,,,,,
  ,,,,,,,,,,,,,,,,,,,,,,,,,,,,,,,,,,,,,,,,,,,,,,,,,,,,,,,,,,,,,,,,,,,,,,,,,,,,
  ,,,,,,,,,,,,,,,,,,,,,,,,,,,,,,,,,,,,,,,,,,,,,,,,,,,,,,,,,,,,,,,,,,,,,,,,,,,,
  ,,,,,,,,,,,,,,,,,,,,,,,,,,,,,,,,,,,,,,,,,,,,,,,,,,,,,,,,,,,,,,,,,,,,,,,,,,,,
  ,,,,,,,,,,,,,,,,,,,,,,,,,,,,,,,,,,,,,,,,,,,,,,,,,,,,,,,,,,,,,,,,,,,,,,,,,,,,
  ,,,,,,,,,,,,,,,,,,,,,,,,,,,,,,,,,,,,,,,,,,,,,,,,,,,,,,,,,,,,,,,,,,,,,,,,,,,,
  ,,,,,,,,,,,,,,,,,,,,,,,,,,,,,,,,,,,,,,,,,,,,,,,,,,,,,,,,,,,,,,,,,,,,,,,,,,,,
  ,,,,,,,,,,,,,,,,,,,,,,,,,,,,,,,,,,,,,,,,,,,,,,,,,,,,,,,,,,,,,,,,,,,,,,,,,,,,
  ,,,,,,,,,,,,,,,,,,,,,,,,,,,,,,,,,,,,,,,,,,,,,,,,,,,,,,,,,,,,,,,,,,,,,,,,,,,,
  ,,,,,,,,,,,,,,,,,,,,,,,,,,,,,,,,,,,,,,,,,,,,,,,,,,,,,,,,,,,,,,,,,,,,,,,,,,,,
  ,,,,,,,,,,,,,,,,,,,,,,,,,,,,,,,,,,,,,,,,,,,,,,,,,,,,,,,,,,,,,,,,,,,,,,,,,,,,
  ,,,,,,,,,,,,,,,,,,,,,,,,,,,,,,,,,,,,,,,,,,,,,,,,,,,,,,,,,,,,,,,,,,,,,,,,,,,,
  ,,,,,,,,,,,,,,,,,,,,,,,,,,,,,,,,,,,,,,,,,,,,,,,,,,,,,,,,,,,,,,,,,,,,,,,,,,,,
  ,,,,,,,,,,,,,,,,,,,,,,,,,,,,,,,,,,,,,,,,,,,,,,,,,,,,,,,,,,,,,,,,,,,,,,,,,,,,
  ,,,,,,,,,,,,,,,,,,,,,,,,,,,,,,,,,,,,,,,,,,,,,,,,,,,,,,,,,,,,,,,,,,,,,,,,,,,,
  ,,,,,,,,,,,,,,,,,,,,,,,,,,,,,,,,,,,,,,,,,,,,,,,,,,,,,,,,,,,,,,,,,,,,,,,,,,,,
  ,,,,,,,,,,,,,,,,,,,,,,,,,,,,,,,,,,,,,,,,,,,,,,,,,,,,,,,,,,,,,,,,,,,,,,,,,,,,
  ,,,,,,,,,,,,,,,,,,,,,,,,,,,,,,,,,,,,,,,,,,,,,,,,,,,,,,,,,,,,,,,,,,,,,,,,,,,,
  ,,,,,,,,,,,,,,,,,,,,,,,,,,,,,,,,,,,,,,,,,,,,,,,,,,,,,,,,,,,,,,,,,,,,,,,,,,,,
  ,,,,,,,,,,,,,,,,,,,,,,,,,,,,,,,,,,,,,,,,,,,,,,,,,,,,,,,,,,,,,,,,,,,,,,,,,,,,
  ,,,,,,,,,,,,,,,,,,,,,,,,,,,,,,,,,,,,,,,,,,,,,,,,,,,,,,,,,,,,,,,,,,,,,,,,,,,,
  ,,,,,,,,,,,,,,,,,,,,,,,,,,,,,,,,,,,,,,,,,,,,,,,,,,,,,,,,,,,,,,,,,,,,,,,,,,,,
  ,,,,,,,,,,,,,,,,,,,,,,,,,,,,,,,,,,,,,,,,,,,,,,,,,,,,,,,,,,,,,,,,,,,,,,,,,,,,
  ,,,,,,,,,,,,,,,,,,,,,,,,,,,,,,,,,,,,,,,,,,,,,,,,,,,,,,,,,,,,,,,,,,,,,,,,,,,,
  ,,,,,,,,,,,,,,,,,,,,,,,,,,,,,,,,,,,,,,,,,,,,,,,,,,,,,,,,,,,,,,,,,,,,,,,,,,,,
  ,,,,,,,,,,,,,,,,,,,,,,,,,,,,,,,,,,,,,,,,,,,,,,,,,,,,,,,,,,,,,,,,,,,,,,,,,,,,
  ,,,,,,,,,,,,,,,,,,,,,,,,,,,,,,,,,,,,,,,,,,,,,,,,,,,,,,,,,,,,,,,,,,,,,,,,,,,,
  ,,,,,,,,,,,,,,,,,,,,,,,,,,,,,,,,,,,,,,,,,,,,,,,,,,,,,,,,,,,,,,,,,,,,,,,,,,,,
  ,,,,,,,,,,,,,,,,,,,,,,,,,,,,,,,,,,,,,,,,,,,,,,,,,,,,,,,,,,,,,,,,,,,,,,,,,,,,
  ,,,,,,,,,,,,,,,,,,,,,,,,,,,,,,,,,,,,,,,,,,,,,,,,,,,,,,,,,,,,,,,,,,,,,,,,,,,,
  ,,,,,,,,,,,,,,,,,,,,,,,,,,,,,,,,,,,,,,,,,,,,,,,,,,,,,,,,,,,,,,,,,,,,,,,,,,,,
  ,,,,,,,,,,,,,,,,,,,,,,,,,,,,,,,,,,,,,,,,,,,,,,,,,,,,,,,,,,,,,,,,,,,,,,,,,,,,
  ,,,,,,,,,,,,,,,,,,,,,,,,,,,,,,,,,,,,,,,,,,,,,,,,,,,,,,,,,,,,,,,,,,,,,,,,,,,,
  ,,,,,,,,,,,,,,,,,,,,,,,,,,,,,,,,,,,,,,,,,,,,,,,,,,,,,,,,,,,,,,,,,,,,,,,,,,,,
  ,,,,,,,,,,,,,,,,,,,,,,,,,,,,,,,,,,,,,,,,,,,,,,,,,,,,,,,,,,,,,,,,,,,,,,,,,,,,
  ,,,,,,,,,,,,,,,,,,,,,,,,,,,,,,,,,,,,,,,,,,,,,,,,,,,,,,,,,,,,,,,,,,,,,,,,,,,,
  ,,,,,,,,,,,,,,,,,,,,,,,,,,,,,,,,,,,,,,,,,,,,,,,,,,,,,,,,,,,,,,,,,,,,,,,,,,,,
  ,,,,,,,,,,,,,,,,,,,,,,,,,,,,,,,,,,,,,,,,,,,,,,,,,,,,,,,,,,,,,,,,,,,,,,,,,,,,
  ,,,,,,,,,,,,,,,,,,,,,,,,,,,,,,,,,,,,,,,,,,,,,,,,,,,,,,,,,,,,,,,,,,,,,,,,,,,,
  ,,,,,,,,,,,,,,,,,,,,,,,,,,,,,,,,,,,,,,,,,,,,,,,,,,,,,,,,,,,,,,,,,,,,,,,,,,,,
  ,,,,,,,,,,,,,,,,,,,,,,,,,,,,,,,,,,,,,,,,,,,,,,,,,,,,,,,,,,,,,,,,,,,,,,,,,,,,
  ,,,,,,,,,,,,,,,,,,,,,,,,,,,,,,,,,,,,,,,,,,,,,,,,,,,,,,,,,,,,,,,,,,,,,,,,,,,,
  ,,,,,,,,,,,,,,,,,,,,,,,,,,,,,,,,,,,,,,,,,,,,,,,,,,,,,,,,,,,,,,,,,,,,,,,,,,,,
  ,,,,,,,,,,,,,,,,,,,,,,,,,,,,,,,,,,,,,,,,,,,,,,,,,,,,,,,,,,,,,,,,,,,,,,,,,,,,
  ,,,,,,,,,,,,,,,,,,,,,,,,,,,,,,,,,,,,,,,,,,,,,,,,,,,,,,,,,,,,,,,,,,,,,,,,,,,,
  ,,,,,,,,,,,,,,,,,,,,,,,,,,,,,,,,,,,,,,,,,,,,,,,,,,,,,,,,,,,,,,,,,,,,,,,,,,,,
  ,,,,,,,,,,,,,,,,,,,,,,,,,,,,,,,,,,,,,,,,,,,,,,,,,,,,,,,,,,,,,,,,,,,,,,,,,,,,
  ,,,,,,,,,,,,,,,,,,,,,,,,,,,,,,,,,,,,,,,,,,,,,,,,,,,,,,,,,,,,,,,,,,,,,,,,,,,,
  ,,,,,,,,,,,,,,,,,,,,,,,,,,,,,,,,,,,,,,,,,,,,,,,,,,,,,,,,,,,,,,,,,,,,,,,,,,,,
  ,,,,,,,,,,,,,,,,,,,,,,,,,,,,,,,,,,,,,,,,,,,,,,,,,,,,,,,,,,,,,,,,,,,,,,,,,,,,
  ,,,,,,,,,,,,,,,,,,,,,,,,,,,,,,,,,,,,,,,,,,,,,,,,,,,,,,,,,,,,,,,,,,,,,,,,,,,,
  ,,,,,,,,,,,,,,,,,,,,,,,,,,,,,,,,,,,,,,,,,,,,,,,,,,,,,,,,,,,,,,,,,,,,,,,,,,,,
  ,,,,,,,,,,,,,,,,,,,,,,,,,,,,,,,,,,,,,,,,,,,,,,,,,,,,,,,,,,,,,,,,,,,,,,,,,,,,
  ,,,,,,,,,,,,,,,,,,,,,,,,,,,,,,,,,,,,,,,,,,,,,,,,,,,,,,,,,,,,,,,,,,,,,,,,,,,,
  ,,,,,,,,,,,,,,,,,,,,,,,,,,,,,,,,,,,,,,,,,,,,,,,,,,,,,,,,,,,,,,,,,,,,,,,,,,,,
  ,,,,,,,,,,,,,,,,,,,,,,,,,,,,,,,,,,,,,,,,,,,,,,,,,,,,,,,,,,,,,,,,,,,,,,,,,,,,
  ,,,,,,,,,,,,,,,,,,,,,,,,,,,,,,,,,,,,,,,,,,,,,,,,,,,,,,,,,,,,,,,,,,,,,,,,,,,,
  ,,,,,,,,,,,,,,,,,,,,,,,,,,,,,,,,,,,,,,,,,,,,,,,,,,,,,,,,,,,,,,,,,,,,,,,,,,,,
  ,,,,,,,,,,,,,,,,,,,,,,,,,,,,,,,,,,,,,,,,,,,,,,,,,,,,,,,,,,,,,,,,,,,,,,,,,,,,
  ,,,,,,,,,,,,,,,,,,,,,,,,,,,,,,,,,,,,,,,,,,,,,,,,,,,,,,,,,,,,,,,,,,,,,,,,,,,,
  ,,,,,,,,,,,,,,,,,,,,,,,,,,,,,,,,,,,,,,,,,,,,,,,,,,,,,,,,,,,,,,,,,,,,,,,,,,,,
  ,,,,,,,,,,,,,,,,,,,,,,,,,,,,,,,,,,,,,,,,,,,,,,,,,,,,,,,,,,,,,,,,,,,,,,,,,,,,
  ,,,,,,,,,,,,,,,,,,,,,,,,,,,,,,,,,,,,,,,,,,,,,,,,,,,,,,,,,,,,,,,,,,,,,,,,,,,,
  ,,,,,,,,,,,,,,,,,,,,,,,,,,,,,,,,,,,,,,,,,,,,,,,,,,,,,,,,,,,,,,,,,,,,,,,,,,,,
  ,,,,,,,,,,,,,,,,,,,,,,,,,,,,,,,,,,,,,,,,,,,,,,,,,,,,,,,,,,,,,,,,,,,,,,,,,,,,
  ,,,,,,,,,,,,,,,,,,,,,,,,,,,,,,,,,,,,,,,,,,,,,,,,,,,,,,,,,,,,,,,,,,,,,,,,,,,,
  ,,,,,,,,,,,,,,,,,,,,,,,,,,,,,,,,,,,,,,,,,,,,,,,,,,,,,,,,,,,,,,,,,,,,,,,,,,,,
  ,,,,,,,,,,,,,,,,,,,,,,,,,,,,,,,,,,,,,,,,,,,,,,,,,,,,,,,,,,,,,,,,,,,,,,,,,,,,
  ,,,,,,,,,,,,,,,,,,,,,,,,,,,,,,,,,,,,,,,,,,,,,,,,,,,,,,,,,,,,,,,,,,,,,,,,,,,,
  ,,,,,,,,,,,,,,,,,,,,,,,,,,,,,,,,,,,,,,,,,,,,,,,,,,,,,,,,,,,,,,,,,,,,,,,,,,,,
  ,,,,,,,,,,,,,,,,,,,,,,,,,,,,,,,,,,,,,,,,,,,,,,,,,,,,,,,,,,,,,,,,,,,,,,,,,,,,
  ,,,,,,,,,,,,,,,,,,,,,,,,,,,,,,,,,,,,,,,,,,,,,,,,,,,,,,,,,,,,,,,,,,,,,,,,,,,,
  ,,,,,,,,,,,,,,,,,,,,,,,,,,,,,,,,,,,,,,,,,,,,,,,,, 
  [ 10825870040077, 2281662728455331265637 ] ];
