BRENTFACTORS[965]:=[ ,,,,,,,,,, [ 3324501414389 ],,,,,, [ 5066606731 ],, 
  [ 3849975131 ],,,,,,, [ 1394840761913 ], [ 234896819262915763 ],, 
  [ 103431943688228063837657973431871323 ],, 
  [ 3458194027, 874522459587385838763797 ],,, [ 5659695107547490643 ],, 
  [ 89432555574133 ],, [ 129735368756458349 ], 
  [ 477493790604079237, 3461599076748208615363 ], [ 1193818534001 ], 
  [ 20307834641, 6207720740589780382471 ], [ 8309158618363 ],,, 
  [ 21320341235982638191 ],, 
  [ 40675027665381741241720384176499, 45319836318330467835458518024711, 
      4560947069415052366540995726409921 ],, 
  [ 720519951131504227063902666450761 ], [ 290702943419091635664875801 ], 
  [ 316674573923858475766552630339 ], 
  [ 153350039308337, 398971516888390872869 ], 
  [ 782021947094432581692736072249 ],, [ 3943024069601 ], 
  [ 124470225434408393 ], [ 516472888960729 ], [ 1513825637 ], 
  [ 2093687559448032557597266594103 ],, [ 20810473034614142412363916231 ], 
  [ 391047449537 ],, [ 432654628645064255868144113831617 ], 
  [ 19403195385184843715310569086475903111 ], [ 459314572201 ], 
  [ 14688372749 ],, [ 241223594416759 ],, [ 21919867145497 ], 
  [ 607837529394217, 114204722860346471281 ], [ 2190053212647862831991 ], 
  [ 3557553957841321913, 2371960160535099206110333 ], 
  [ 1285418993168551, 16942894027054351 ], 
  [ 4260311557, 1824518551882570509502657793 ],,, 
  [ 179291018399, 83179624015665173461 ], 
  [ 108287190241, 308867225921, 46319275721022001 ], 
  [ 225997946314674033937357 ], [ 4232338571, 13352520389083, 49503389891533 ]
    , [ 69337346761, 8516804867887 ],,, [ 3567064829, 14605447823094507661 ], 
  [ 111322371333369536817661 ], 
  [ 3534492809, 1192393776113, 1227805720241, 3665883538954609633 ], 
  [ 152220372593726629 ],,, 
  [ 120912668329, 186712741135985661122350746677168859617461373932021 ],, 
  [ 363686613458759, 4508833266341043900544245963285463103 ], 
  [ 308108540903291 ], [ 249886084394176796686465038074215038363361 ], 
  [ 2050223966323114903740073 ], [ 303489202068832193 ], 
  [ 1047477898916595137230323352687 ], 
  [ 1132494131687134201, 163414360565106898901, 
      396629355458253796071591279485461201 ], [ 5537094721 ], 
  [ 1043245087, 238891588597, 10328232755229695473 ],, 
  [ 1092978329, 25816888332559169, 250999070219581984349367933069224878623217 
     ],,,, [ 70564363954873219424449 ],, [ 12544235771 ],, 
  [ 3100586565857873, 1294639032550690861793070929, 
      26757168766951405838016992167886093115233 ], [ 1580895785730353 ], 
  [ 56302767973633995101492285660443 ], 
  [ 45217552651, 4350809792267611, 4533495936893051 ], 
  [ 5742289537, 1044628883677 ],, [ 5113116638510659, 3592460486771877239 ], 
  [ 8177719649813339347, 163045929482542048900063 ], 
  [ 465533776441, 80954199095773211483627730108757801 ],, [ 45105419797231 ],
  , [ 897826725662040878729 ], [ 8745967815013335357251 ], 
  [ 267125368357, 448145122699 ], [ 2551309349784863 ],,, 
  [ 48495063124351099852172400721 ],, 
  [ 2785740143734462806147682442796443939436613 ], [ 394822446859 ], 
  [ 220138569154974247, 20025028973271396497 ], [ 160825909295971 ], 
  [ 27052625233 ],, [ 2583965959, 112679537959, 7799892388858526841484111 ],, 
  [ 209030028255798999061, 611515433066172412541, 54127563972312845911202881 ]
   ,,,, [ 4899708721, 24020065750641656833 ],, [ 1107543515165657 ], 
  [ 4222512967, 11505624735789554849137 ], 
  [ 28031617374949, 94344830759897, 88192152471886534009 ],, 
  [ 166376403723654720451, 22675080954702407156753647951, 
      25959385110705593306456843551 ],,,, 
  [ 74043036684648571, 96805639827595564867 ],, 
  [ 5805610846166913062090757244945474082569 ],, 
  [ 6122344954761319, 9953372015140753343 ], [ 105750937409839 ], 
  [ 243369428161, 272137535041, 12481231043470876801, 
      284984253129898610899523201 ],, [ 1782296359147063, 311572657142126407 ]
   ,,,,,, [ 4150678393 ],, 
  [ 1000084331, 6337279721, 92602269611, 6109721580875441 ], 
  [ 5327233991866837 ], [ 1522473653 ],, 
  [ 446585742847, 1445286779210917, 710557986104266392337508947 ], 
  [ 18013200340451 ], [ 25817605825600833856214417 ],, [ 484025856969839 ],, 
  [ 414610311745747801 ],, [ 4845502117, 3886381095037906911354151063549 ],, 
  [ 78206393183041 ],, 
  [ 12724182997, 7375590729882163, 9620911757708461983072583341853 ],,, 
  [ 5196955681 ], [ 1240934934431, 14479062488906441 ],, 
  [ 908960401316108161 ],,, [ 559806216061, 2617075988281 ],,, 
  [ 155233285175038951, 1547879662534023523, 394129724900471878401073 ],,,, 
  [ 871513227828689 ],, [ 17361857904361 ],, [ 700137813459419 ],, 
  [ 471563139672769 ],, 
  [ 1197680191, 349756056634531, 264824769519588036534389952230976567159952197\
478713760171 ],, [ 3779341164793, 2930635404805309 ],,,, 
  [ 16198900361170351057 ],,,,,, 
  [ 13153176346886355181, 12799840899082458725737, 1534329154210644297158227 ]
   ,,, [ 21122004601 ], [ 5004497886961, 10337872703047 ],, 
  [ 2808093601, 808132399253663288257 ],,, [ 3641853743866801 ], 
  [ 7321750409, 10777079993, 30792982769 ],,,,,, [ 3449392911799300359629 ],, 
  [ 6032899937041, 1096465514642685536601478541281 ],, [ 8205323076621859 ],, 
  [ 6442612601, 43812961837, 19942978402493, 2209188257504213 ],,,,,,,, 
  [ 5295959677 ],, [ 12524944217 ], [ 284679417871 ], [ 38855054081 ],,,, 
  [ 84429287021 ],,,, [ 439812956451793, 1119897621811970086009 ], 
  [ 36719195531, 44339992799348306311841 ],,,,,,, [ 1852228337 ],,,,,,,,,,,,,
  , [ 244404080779, 1190138103727 ],, 
  [ 1010826721, 220626003961828819033862267233 ],, 
  [ 48630468011, 7436148171341 ],,,,,,,,,, 
  [ 1439937783596334981001, 13951296679675696407901 ],,,,,,,,,,,,,,,,,,,,,,,, 
  [ 1679799697309 ],,,,,, [ 2751812790853501 ],,,,,, 
  [ 1717428721, 32750286580369 ],,,,,,,,,,,, [ 9134334973, 7569142722180037 ],
  ,,,,, [ 44714924087157859, 446241960884997073 ],,,,,, [ 37415497081321 ],,,,
  ,,,,,,,,,,,,,, [ 240409886599 ],,,,,,,,,,,, [ 3155552791 ],,,,,, 
  [ 22636140004369 ],,,,,,,,,,,,,,,,,,,,,,,,,,,,,,,,,,,,,,,,,,,,,,,,,,,,,, 
  [ 483042083782501 ],,,,,,,,,,,,,,,,,,,,,,,,,,,,,, [ 13054822139521 ],,,,,,,,
  ,,,,,,,,,,,,,,,,,,,,,,,,,,,,,,,,,,,,,,,,,, [ 106546221095201 ],,,,,,,,,,,,,,
  ,,,,,,,,,,,,,,,,,,,,,,,,,,,,,,,,,,,,,,,,,,,,,,,,,,,,,,,,,,,,,,,,,,,,,,,,,,,,
  ,,,,,,,,,,,,,,,,,,,,,,,,,,,,,,,,,,,,,,,,,,,,,,,,,,,,,,,,,,,,,,,,,,,,,,,,,,,,
  ,,,,,,,,,,,,,,,,,,,,,,,,,,,,,,,,,,,,,,,,,,,,,,,,,,,,,,,,,,,,,,,,,,,,,,,,,,,,
  ,,,,,,,,,,,,,,,,,,,,,,,,,,,,,,,,,,,,,,,,,,,,,,,,,,,,,,,,,,,,,,,,,,,,,,,,,,,,
  ,,,,,,,,,,,,,,,,,,,,,,,,,,,,,,,,,,,,,,,,,,,,,,,,,,,,,,,,,,,,,,,,,,,,,,,,,,,,
  ,,,,,,,,,,,,,,,,,,,,,,,,,,,,,,,,,,,,,,,,,,,,,,,,,,,,,,,,,,,,,,,,,,,,,,,,,,,,
  ,,,,,,,,,,,,,,,,,,,,,,,,,,,,,,,,,,,,,,,,,,,,,,,,,,,,,,,,,,,, 
  [ 785185903453121, 310783941680107308341 ] ];
