BRENTFACTORS[9791]:=[ ,,,,,,,,,, [ 9967941391937 ],,,,,,,, 
  [ 111272704091, 686916650577827333801003 ],,,, [ 915200981550372218609 ],,,,
  ,, [ 352810805032241478233 ],,,,,,,, [ 1121885850311435173 ],,,, 
  [ 845790485077920947, 93248098208099448359211563794121 ],, 
  [ 4217115781, 4635191610162131219 ],,,,,,,,,,,,,,,, 
  [ 4263136487969634912019, 11556911067339838630344475064617 ],, 
  [ 1166943787, 141414832153664033 ],,,,,,,,,, [ 1942901227 ],, 
  [ 4231164389, 209499761478149 ],,,,,,,,,, [ 2690729857, 933736964315647 ],,,
  ,,, [ 6981596101, 4380281428556699 ],,,,,,,, [ 1390227863 ],,,, 
  [ 74462402134079 ],,,,,,,,,,,,,,,,,,,,,,,,,,,,,,,,,,,,,,,,,,,,,,,, 
  [ 74111549429609 ],, [ 37661562623 ] ];
