BRENTFACTORS[9043]:=[ ,,,,,,,,,,,, [ 893165457523 ],,,,,, 
  [ 120089148798174900817942058874451, 
      1361977135321568024335306222409227505743 ],,,, 
  [ 544310626588643237, 1772685709543489661599925429395171, 
      1133561663465112522434214120755590459 ],,,,,, 
  [ 811445450285345389693, 467623568753845747932094216100907559, 
      68010062738811536577804013991812387383680719 ],, 
  [ 874236434270603693, 2362835394297945971771, 
      650138063032625792474881195520586158500976318260711402927860381505433 ],
  ,,,,, [ 99210654056352961, 100274602005841803972067703 ],,,, 
  [ 30704562658643 ],, 
  [ 1629281869, 45000971461, 76707168667284977, 1106715692100174454938949 ],,,
  , [ 819163682347, 2622680823952324413484147 ],,,,,, [ 86121350599106611 ],,,
  ,,,,, [ 37396169859579541 ],,,,,, 
  [ 13378339961951, 3458205747657970966511, 14770331871810896525770163 ],,,, 
  [ 63683141722687 ],, [ 21954820269509 ],,,,,,,,,,,,,,,,,,,,,,,,,,,, 
  [ 101138782714483 ],,,,,,,, [ 1461610383754741567 ],,,,,,,,,,,,,,,,,, 
  [ 69004910391479 ],,,,,,,,,,,,,,,,,,,,,,,,,,,,,, [ 441535436886133921 ] ];
