BRENTFACTORS[1297]:=[ ,,,,,,,,,, [ 22573059389 ],,,,,, 
  [ 65227975411, 6074710995986597 ],, [ 9330553481655295697 ],,,, 
  [ 253225846345867, 3377763500882865085457 ],,,,,,,,,,,,,, 
  [ 4724110939, 99453985129, 70717173153701, 27751585565536814691982483187929,
      1232429904321405524169441460850465831 ],,,, 
  [ 1069896028443458631181970496493566409 ],,,,,, 
  [ 8436775327, 137015211957769892063 ],,,,,, 
  [ 57611017959581, 36742972096211536003 ],,,,,, 
  [ 4589662157, 597048431461, 29871359736104453337457 ],, [ 25168236563 ],,,,,
  ,,,,, [ 86718796874822491 ],, [ 7138834573569143 ],,,,,, [ 3533238029 ],,,,,
  ,,,,, [ 3906268231869631 ],,,,,,,,,,,, 
  [ 200430562375217, 113626388279541416221, 1126878790808934876008760313 ],, 
  [ 400228255702993231, 64871675840287156995149 ],,,, 
  [ 4330935515807, 870386184535498691 ],, 
  [ 110135832757, 7369322711693192196936637716947 ],,,, 
  [ 8415801338251278381958553, 220884923530828661142853457 ],,,,,,,,,,,,,, 
  [ 15949736839097, 826371731854224720797, 
      25927015290771841397121488304453314191 ],,,,,,,,,,,,,,,,,,,,,, 
  [ 46004644001, 232187983995174209992696907, 2751871608280843686208620799 ],,
  ,,,,,,,,,,,,,,,,,,,,,,,,,,,,,,,,,,,,,,,,,, [ 19008623303899 ] ];
