BRENTFACTORS[448]:=[ ,,,,,,,,,,,,,,,, [ 825110363002293761 ],, 
  [ 10641116930923 ],,,, [ 960262425269691051469447 ],,, [ 656241814099 ],,, 
  [ 583244348437, 351990573123737, 22259667712995131 ],,, 
  [ 77616490766610017 ], [ 182431335043 ], [ 780454403128880321 ],, 
  [ 12494395369 ], [ 30710446510234073749494751, 136505244602652924041371337 ]
    , [ 88014036833 ],, [ 25089741641 ],,,, 
  [ 7729084001, 345154211056124860501 ], [ 3063880167326063011 ], 
  [ 34541087569 ], [ 792445531529, 617868996432657947, 118329766174988711053 ]
   ,, [ 870374978699282664015174397, 17574476543878558753032036293 ], 
  [ 1754724768701, 26435680509001 ],, [ 7456782812470306849 ], 
  [ 792261677244287175035569 ],, 
  [ 32822949315641, 114193087990178926192643008158451 ],, 
  [ 1670886094842859, 11291302559838114493 ], [ 29692777753, 529010715433 ], 
  [ 2809954890355131000250772621159 ],, 
  [ 270828011447065381288585104883260433 ], 
  [ 8588936633, 1443700544369734561379939 ],,, 
  [ 2347385362663771, 59468171962872791, 7173172424588772031 ], 
  [ 14743992861511, 25472114705269 ], [ 1064809561 ], [ 342417466709 ],, 
  [ 481843551862478226134771 ], 
  [ 224914461214767551, 376522721739202149283833161 ], [ 101457449045553889 ],
  [ 6822943541, 4214507993585063, 537184091706730829, 
      2479156918322958245968129 ],,, [ 11707329247167588370295351416913957 ], 
  [ 177500213320948871444477 ],,,, [ 7740982567 ],, 
  [ 40100417445958378584165583 ], [ 9688728169 ], [ 817417717645804351 ], 
  [ 55012995385531, 365221333329612271035664729243 ],, [ 531660368981549809 ],
  [ 3588463229329293214909 ], [ 18262513051381 ],, 
  [ 35592744721, 197999708449, 16257760971377524096107576374625172264201 ],,,
  , [ 9426164707620766932057702778081 ], [ 10994184310719179 ], 
  [ 389120526401183977, 428516578848227584163, 24405724136987948797721970089 ]
   ,,, [ 851988761541364357 ], [ 12139524036597031, 22652035446650971 ],, 
  [ 7194055575162783512953, 3777693041924532383533118801797921808057 ], 
  [ 373179368941, 24780726494837283484081 ],, [ 174253497934519 ], 
  [ 2206215197352600074902546983433, 18102700879986560545010911372021 ],, 
  [ 58894923957682121, 106370146122517101820381 ], 
  [ 18446420449, 830780766057154189, 83546689786130077021 ], 
  [ 126145059066855137, 19572213169939598172929, 
      448832744776560560216489105721697 ], [ 22068542017, 31467008527 ], 
  [ 1254812707, 1502246070037829407999 ],,, [ 1697049558380606509 ], 
  [ 236032809936657763 ], [ 2303658169 ], [ 21297594481, 50203556314335841 ],,
  , [ 1148861083, 77614237381 ], [ 61317836862871878126108961 ], 
  [ 20122814839432941001 ], [ 386561861269515037, 101707906073659055983 ], 
  [ 8830728593, 47539972993, 706715587583 ],, [ 125305956001 ], 
  [ 1337476248684811 ],,,, 
  [ 46739144684213081, 20736195863299379297597821, 700297832247496666877171424\
1339498891 ], [ 16369135151571946951002721 ], 
  [ 32170977889, 8532706716433, 364629871243706778481 ],, 
  [ 2163418328322603513961669 ],, [ 207389940024699696601 ],, 
  [ 171386604059653088397235120283 ], [ 2738564687, 182441821058641 ], 
  [ 125122008097, 684332067169, 106648837927541527491912052513, 
      30018181612865346713887611793777 ], [ 6391238081, 20744735881 ], 
  [ 93497393680693, 648431301936017872131449 ], 
  [ 4502447713, 183004075810363327381, 1909946905955352997433326501 ], 
  [ 1075307173, 2773993045356786750181, 23591144500926969378779797 ],, 
  [ 153009384976137450017334001, 12042020007450800696242917901 ],, 
  [ 1091197361, 12244773585331838737 ], [ 141484830437521 ], 
  [ 344432164601580094326247118339531197, 
      15183538593571692998556370300033670393 ],, 
  [ 1013851801, 519482764301749 ],, 
  [ 8866118297144320959749, 10451272312626504614971 ], [ 3770747975096611 ], 
  [ 1780776161 ],, [ 25869844132399 ],, 
  [ 17514904617148693, 13344756439920828636617, 542198916659832884309597849, 
      2890486439412945827647661333 ], [ 6237814353189078661 ], 
  [ 32645778536179 ],, 
  [ 451085632369, 781942673217889, 4442361354546075480431521 ],,, 
  [ 49682276731 ],,, [ 5423455069, 35942154271 ], [ 105452375701 ],,, 
  [ 42148076923 ],, [ 4115272654981, 417307474772821 ],, 
  [ 76886445464557, 242063405974522861, 241201649186822223901, 
      15779151578471872720702818794045229461, 
      2794135075440980649786665059922641766609 ], [ 35306648599 ], 
  [ 246086297140961, 4177799946430849, 1052225053110103601 ],,,, 
  [ 18522653491988857, 238075456375875537821 ], [ 2309067433 ],,,,, 
  [ 33364101780152136616823831 ],,,, 
  [ 824620356559793971, 4170666857496629022531205131871 ],, 
  [ 8829330226250801 ],, [ 1801316466656753, 7831703841398263 ],,,, 
  [ 19322451340840068961 ],, [ 30439758337, 14733294794401, 21698728211976401 
     ],, [ 36706763764745264282741251, 87349165593338437861771861 ],, 
  [ 136598099541744301 ],, [ 4533074261 ],, [ 2111788153 ],,,, 
  [ 259107313182477435420361 ],, [ 99025377121267 ],, 
  [ 83338777537, 5103134107565560193 ],,,,,,,, [ 664272530513 ],,,, 
  [ 47600545337 ],, 
  [ 6389340816481939, 1348259934001971303848900782383629382016746438029041 ],,
  ,,,, [ 119440362653, 1562685356474814277 ],,,, [ 7173173495153 ],, 
  [ 1189227251, 1555749828752855832345256838546501 ],, [ 240508209313 ],, 
  [ 1296623519 ], [ 326724426811 ], [ 27964753013761 ],,,, 
  [ 2715048181, 9620816639657341, 199525990842405761, 2755172350702489616081 ]
   ,,,, [ 143983650696337 ],,,,,, 
  [ 1684277778691, 17686446981662071, 908228229823748894761, 
      157261928376359712573361, 829948537650618936343208251, 
      296840430949416246085813725823831 ],,,,,, 
  [ 157901764687085055009838573 ],,,, [ 1332646428401, 42074550518491121 ],,,,
  ,,,,,, [ 301309114334491 ],,,, 
  [ 1705912951, 9641990962633, 2298620159356333, 
      350356454842020410578174415967331, 
      9457587855356354326113365552156157787774516303 ],,,,,,,,,,,,,, 
  [ 2547657185921 ], [ 8170620459789499 ],,, 
  [ 18942134329, 203370904110571081 ],,,,,, [ 1188845525557 ],,,,,,,,,,,, 
  [ 1262259797433783757291 ],,,,,,,,,, [ 14866536721, 2084942692165481 ],, 
  [ 421348578697, 1212371431111 ],,,,,,,, [ 4311159301 ],,,, [ 44968660003 ],,
  ,,,,,,,,,,,,,,,,,,,,,, 
  [ 1085795173, 2330539723, 95896667287, 541488661687, 9104684832181 ],,,,,, 
  [ 38101860078721 ],,,,,, [ 18120594571 ],,,,,,,,,,,,,,,,,, [ 162342453769 ],
  ,,,,,,,,,,, [ 1169687063269201 ],,,,,,,,,,,,,,,,,,,,,,,,,,,,,, 
  [ 7317492751 ],,,,,,,,,,,,,,,,,,,,,,,,,,,,,,,,,,,,,,,,,,,,,,,,,,,,,,,,,,,,,,
  ,,,,,,,,,,,,,,,,,,,,,,,,,,,,,,,,,,,,,,, [ 453648986253917833 ] ];
