BRENTFACTORS[101]:=[ ,,,,,,,,,,,,,,,,,, [ 1808982826037837 ],,,,,,,,,, 
  [ 10824711302231307209 ],, [ 184087221748933, 70458026227904971 ],, 
  [ 60876405613 ],, [ 671890664201 ],, [ 275066876202623893829603 ],, 
  [ 611379791569 ],, [ 1063643813, 48862849949, 6080012361443260953036287 ],,,
  , [ 100886538061 ],, [ 903805807601 ],, [ 46817742626071729689535061401 ],, 
  [ 2272510327 ], [ 17981408233153 ], 
  [ 330153673551523323744293, 7932302461642031327184839 ], [ 10142336647 ], 
  [ 11678691529121 ], [ 83433753257 ], [ 10793510443237144651532293 ], 
  [ 7975327499026231 ], [ 6860752868546848078333769508816328564568584593779 ],
  [ 3421747201 ], [ 4215994014857403809306993 ],, 
  [ 2909772850232209215106367903486953 ], [ 1273395829559120706264641 ], 
  [ 500162953811 ],, [ 97128914605045013113 ],, [ 13945928293201 ], 
  [ 8359737401681 ], 
  [ 4421150879843, 18491661686075576000531, 3764732645176085855545795619465119\
9452340583 ], [ 2185679233 ], [ 3034206457 ], [ 2011651135354867839016761583 ]
   ,,, [ 115974272776363 ],,, [ 12551492734090801, 431814840473873688961 ], 
  [ 1737126498328514374214017 ], [ 21587227703328821952030527314507 ],, 
  [ 62246997793 ], [ 1471454969337235153306259932263673423498569241 ], 
  [ 7406459391369762207558757, 561037028037033116179596433186333743727 ], 
  [ 219194391548193759147346010108061502291 ], [ 10940643737 ], 
  [ 4674293903536222489970024139293643887 ],, 
  [ 15041312128453157, 4119680105247902256222811152440908314629834641 ], 
  [ 5055227086093 ], 
  [ 412992585571, 27034057434839491, 10159144584090773107210711 ], 
  [ 37159772691233107 ],, [ 9889703713, 151248601177359334657 ], 
  [ 3811278610198528921 ], 
  [ 236623230187, 3541612402979561, 3021282559110125857 ],,, 
  [ 9931988588681, 102208068907493, 393101595766008847, 
      12602965626536109872384216297085760308823294522746017 ], 
  [ 1022523774527620177 ], 
  [ 6750057588504537431, 259534568307863019082232422030703, 
      82150871992620741422258415279362816045039, 
      97007723174542776808871548380139792009852883 ], 
  [ 168644709947946923938883941398673319235041873497 ], 
  [ 152818618445913021818721979693442791 ], 
  [ 2749638753163092555700502573, 117295916544584620961720464021345751 ], 
  [ 1175326185047893040713 ], [ 17653123645608277, 57758493961955233 ], 
  [ 644598589771, 1028608511139482090146770733, 
      940609467969353023333596826489 ], 
  [ 1178641289765941, 382410341059495011451 ],, [ 6934497137 ], 
  [ 1441444426546259, 263368182737642394823 ], [ 155533824049057 ], 
  [ 31756242139407521, 2957631852942421072936574461 ], 
  [ 8185797869, 13196448828202423921273, 1326412972804990698575636175314921 ],
  [ 2963940046939 ], 
  [ 5689761997, 2135164239601, 2341792835220611, 723847122153514153 ], 
  [ 11816216623, 3667106565572315419, 1915045360396895069447411539 ],,,,,,, 
  [ 3876633016297273 ],, 
  [ 54049826689, 6313157850440283738881, 35955683853676991428038529, 
      411795353143006819617497089 ],, [ 133394065166229403022111 ], 
  [ 81630212663659481 ], [ 4423445682246666109, 16358935527670065660939181 ],
  , [ 95080691869, 198818328581 ], 
  [ 307825267681, 31816166955901080272371, 7015902368003109507056491 ],, 
  [ 2975343666376639419508750843, 8938887732921315586562312247023 ], 
  [ 268484674837, 13272653480211403, 187162079956856069101 ], 
  [ 3917618926626907 ], [ 53246899721, 25936478468969365864259281 ],, 
  [ 569868397767126658568517007600161142035558360626449691939 ], 
  [ 128434984393 ], 
  [ 455373229555806391964881, 104136668939355935704116526218817 ], 
  [ 7517757001, 34165362841 ], 
  [ 148838327747, 981338201089, 5137004958319980832033, 
      135126223833225392443834370677 ],, 
  [ 6869670094389818320123910606129430780212738233 ], [ 3844286123 ], 
  [ 2576172949155685351 ], [ 5208461435911933 ], 
  [ 3500947435553816377, 2767632354737793915380499833, 
      2358333664302949024242229656654985225827241 ],, 
  [ 198156826596053013345204254431386241125365252215091 ],, 
  [ 1270452034827715638121232170507789 ], 
  [ 3439210090292279, 7304741195961199 ], [ 255476690009 ], 
  [ 25687134973, 1051517763229217912911 ],,, 
  [ 337481013561265087324929788504668975085719168279 ], [ 365361991214189 ], 
  [ 117443575576937, 30293660439278573500356419552409006037 ], 
  [ 1170382336835911 ], 
  [ 443322923064800897, 1363145503710830249413, 152174200475721510876668642055\
137698292261 ], [ 1232283649, 3208320990859975870990763775716339 ], 
  [ 3310133709130546204293913, 5558395253065384896485593 ], 
  [ 159902542297109 ], [ 12192133122781 ], [ 325364437369 ], 
  [ 3448030337, 254181177074769361, 445000697378531208970752049 ], 
  [ 5978354415339270982947224491308232657 ], 
  [ 196240878780430088947, 591597309298927043290700618650958497 ],, 
  [ 155942527749882127758769, 29373603056111752273893290193244358273 ],,, 
  [ 55299267983 ], [ 3900729408753631265737276075259949721 ], 
  [ 384911639131158402296339903, 164586530348758386473074349387278313 ], 
  [ 5226857162239987, 30395480915915169673711, 
      311996595412525091681830970418646891 ],, [ 2022208632759401 ],, 
  [ 354012652145057864269 ],, 
  [ 30877715773, 22539361498757183089808441, 169990090484852868491038162747697
     ], [ 731332872901, 96989437908217 ],, 
  [ 108222906105733, 286015738520927, 435133413968951 ], 
  [ 65065083277472208577, 1710206880416502799030174201480504715329 ], 
  [ 329721046709827631361949 ], [ 5256695879264915122077437 ],, 
  [ 6225389437, 1000998771137142896195857333, 
      1373357661587945926858478998432090093987326139540243688437 ], 
  [ 22827194241662506642187921, 211123493169307707323061137234862783211 ], 
  [ 8852673758478661, 98096458661639950695416635447 ], 
  [ 973643664271, 260360050695109 ], 
  [ 377251571401, 186139807909001, 1564212176211001, 
      5797478764145048001418801 ],, [ 10741549365517, 266345719946724536329 ],
  ,,, [ 31665316164679 ],,,, [ 17628541351 ], [ 11056913791331 ],,,,,,,,, 
  [ 3039584729090314681 ],,,,, [ 10523422072859851 ],,, 
  [ 38083414827966351234409 ],, 
  [ 78580578816132244001, 250239563965491717251 ],, [ 177634219913 ],, 
  [ 528785543917829953 ],, [ 14217954757, 2420610704957 ],, 
  [ 1391854571325791914951 ],, [ 119327952001, 3920571745239841 ], 
  [ 2757213224053 ], [ 102659440973 ],, [ 42955572433, 237564757418436449 ],, 
  [ 1155588199 ],,,, [ 769211448251 ],, 
  [ 1648753839143713, 545752489271208157 ],, [ 943129760423 ],, 
  [ 1827604481, 438937184081022736129, 5667176055732059424248310162315521, 
      28035008152173772315682650796846593 ],, 
  [ 9699230071, 29480212271873262123703 ],,,, 
  [ 196369425227, 12600724455342813359741 ],,,,,, 
  [ 18601550629, 76472621569843133 ], [ 2470974283 ], 
  [ 12666199771, 680520557481301, 783582719826871, 
      8189553089393458362061829466024529441 ],,,,,,,,,, 
  [ 6014832425561, 10840425209321 ],, [ 995728705231543, 63062085572427001 ],,
  ,,,, [ 31816540656577, 2918463170789075613348097 ],, [ 27825252987457481 ],,
  ,, [ 2567287381, 611643450440211623621041 ],,,,,,,,,,,,,, 
  [ 42903891639124092193 ],,, [ 3991519373525891 ], [ 65927792113 ], 
  [ 298865050741979 ],,,, [ 96071991514297 ], [ 336902819998884697 ],, 
  [ 1354926721 ],,,, [ 2304594829 ],,,,,,,,,,,, [ 2161147633 ],, 
  [ 11845942447 ],,,, [ 1335218079309319 ],,,,, [ 2414531489 ],,, 
  [ 1709636251, 55559218712447101 ],,,,,,,,, [ 9469797063485047 ],,,,,,, 
  [ 6554393149 ],,,,,,,,,,,,,,,,,,,,,,,,,,,,,, [ 37174181617 ],,,,,,,,,,,, 
  [ 1920642049 ],,,,,,,,,,,, [ 44908828921741 ],,,,,,,,,,,,,,,,,,,,,,,,,,,,,,,
  ,,,,,,,,,,,,,,,,,,,,,,,,,,,,,,,,,,,,,,,,,,,,,,,,,,,,,,,,,,,,,,,,,,,,,,,,,,,,
  ,,,,,,,,,,,,,,,,,,,,,,,,,,,,,,,,,,,,,,,,,,,,,,,,,,,,,,,,,,,,,,, 
  [ 12023553598210862986591 ],,,,,,,,,,,,,,,,,,,,,,,,,,,,,,,,,,,,,,,,,,,,,,,,,
  ,,,,,,,,,,,,,,,,,,,,,,,,,,,,,,,,,,,,, [ 206328485847797 ] ];
