BRENTFACTORS[166]:=[ ,,,,,,,,,,,,,,,, [ 77833152037 ],,,,,,,, 
  [ 29813798401, 746590261860451 ],,, [ 1534935949 ], 
  [ 69290505452467720932403 ],,,, [ 2077784660491 ],,, [ 42844690477 ], 
  [ 97381894236169, 49383659486613878189 ], [ 533194285437187723 ],,,,,,, 
  [ 1162410211, 4205080542130561 ], [ 5205379953609337 ], 
  [ 23761493807, 61790670923, 100595272651, 293411977149879629 ],, 
  [ 152880612829035589, 13322827787337270447167651 ], 
  [ 96756017251, 143164331801 ],,, 
  [ 76720217391179292236458688327149459, 9422361888142671741667122178718639291
     ],, [ 1426419691353356031278141471 ], [ 11024047295411809 ],,, 
  [ 2445154937, 36626146937203 ],,,, [ 78409790551 ], 
  [ 521794385215799303581280119361 ], 
  [ 20838251851, 514863546273182158651, 1074085107451424788678017815000701 ], 
  [ 151392582067 ], 
  [ 6537458062508719189599911, 74418836931497712627617258479 ], 
  [ 196719954341, 4114764272540353 ], [ 350035372237857522574648448437 ],, 
  [ 310469817623863615519, 2832499243916133930814073 ], [ 525631751123833 ],, 
  [ 2569303465945904587 ], [ 2369319151, 2728291000951 ], 
  [ 32286288917, 383260672162993012118912969 ],,,, 
  [ 2262884801, 1421054550683632659521 ], 
  [ 121149848355076531, 6264873848076863789270737, 
      107919769283084191973481661501 ], 
  [ 608067862763, 281040423390488592570743 ],,, 
  [ 4574251442641511, 340880778716157705929951, 
      134792962628203370400403186661 ], [ 442093375951995773 ], 
  [ 3515820173669311 ], [ 1010695489, 3052217513543582900810537 ], 
  [ 4877051971539431 ], [ 1038848590870451731 ],, 
  [ 60718363847069, 728539032870829280183244061 ],, 
  [ 3029827076831, 495712089460589, 9131404525420884068597 ], 
  [ 1844186171, 17493026113523491571, 18073944013816992494251 ], 
  [ 1139454102433, 29112608944398618049 ], [ 207446173951 ], 
  [ 3216540138667421626366099795093 ],, 
  [ 22536135305566054801, 54980927443680699701 ],, [ 2472130992223363 ], 
  [ 2574808534009259 ], [ 1675255297 ], 
  [ 5675131176866224957758744451, 16222563389502086728708420321 ], 
  [ 1546675681, 8448217257996563700998650355921863 ], [ 65324525748439 ], 
  [ 6429426517 ],, [ 4889282641, 6696772778092321 ], 
  [ 957999248349889, 4620374932707525613 ], [ 263140008097 ], 
  [ 12118547141, 210217923931 ], [ 50302627267451533543 ], 
  [ 1161955739072778128166491 ], [ 8906100957661784508433657 ], 
  [ 5668059151, 3316046068646299, 30969695057254930155583 ], 
  [ 17815767323, 11758571511776169007077259, 
      35390033830304758081335033384411478687 ], 
  [ 12739030402589, 3567646948757137 ], [ 26564594757232198995841 ], 
  [ 852359571391967, 38356231911418428481 ],, [ 815998096994763499 ],, 
  [ 5403646751, 66698450272216001 ], 
  [ 23282594505532027, 134437543502309109648181 ],,, 
  [ 6364329553, 12608390083, 28354019401, 24103203938798671, 
      123421020617633191, 329908478652172417, 2048364141566985391 ], 
  [ 48923148742289926850734070886311 ],, 
  [ 18084578216101, 5064223070422121967001609 ],, [ 3156881881 ], 
  [ 437287422100861 ], [ 26541788969 ],, [ 734896963011703 ],, 
  [ 30790196313968281, 3115459935618748237077748961 ], 
  [ 6790382059, 1850558703493, 587449616403073 ], 
  [ 5311632973, 254636619572580423465336821 ],, 
  [ 33046027012525407172212029129274709729 ], 
  [ 7476814801, 38110290263792911 ],, [ 235328842898983 ],,, 
  [ 5652713253001, 3405544512785851 ],, [ 65824972752281 ],, 
  [ 351006619625509 ],, [ 910513239842969522160594664492491725581 ],, 
  [ 88789573157112586621339, 1113654288020698848700307 ],, 
  [ 385147903841, 1856459040017775952544943841, 
      143958661185985965033985971683790721 ],, 
  [ 5734089584979958838394307, 20028372040782027582389496315605380123 ],, 
  [ 2678180608417207855417 ], [ 12193412392261 ], 
  [ 647402705303, 2068772893648079, 51589246741019960085954713 ],,,,, 
  [ 1049684869 ], [ 176552897009725722077 ],,, [ 1629454318801 ], 
  [ 55042847552881, 1906594351505009 ], [ 44061338179, 2325838202041993 ],,,,
  , [ 5482054765427454118997 ], [ 5826175027 ], [ 653143955993 ],,,, 
  [ 62414041475102633669 ], [ 4665838843, 34470778231 ], 
  [ 850451837082990481, 251052795574766130431 ],, 
  [ 30089068349214913, 16196784184999166964097, 16641181684355489130433, 
      1438494167711290181492677343809 ],,, 
  [ 35947351441, 35373498728707543009321 ],,, 
  [ 1084576483, 16004650861, 17648212358107, 1573910931354088032748262689921 ]
   ,,,, [ 113185551985763 ],, [ 4476861397, 356845110961, 4406067275772376189 
     ],, [ 9618312139781 ],,,, 
  [ 9860874494941, 11445415501591, 829848833747945783428654831 ],,,, 
  [ 386514118147 ],, [ 11276996041 ],, [ 8395255450237, 46287394517880976211 ]
   ,,,,,, [ 1995555073, 12957218375137 ], [ 2160243451 ], [ 45616007467 ],, 
  [ 3701548993 ],,,,,, [ 250591722499, 44970500110069, 25174011179694079 ],,,,
  ,,,,,,,,,,,, [ 264059971469251 ],, 
  [ 40331381581, 7797155331145318537141, 19542222842632322967037, 
      2337951961125847785342549319129 ],,,,,, [ 72269122320916849 ],, 
  [ 2773262441, 3666948932837788880621 ],,,, 
  [ 1593766986054673, 101270685751144009 ],,,,,, 
  [ 188524867392918383857179931 ],,,,,, 
  [ 55980227418613, 4487186617474357, 105870327892885839588661 ],,,,,, 
  [ 7994170123 ],,,, [ 3334212253710877397 ],, 
  [ 14597529152281436241313633, 198485315683463831196278017 ],,,,,,,,,,,, 
  [ 8731833997063201, 1593048997462422030901 ],,,,,,,,,,,,,,,,,, 
  [ 2159698273 ],,,,,, [ 856039117789117 ],,,,,,,,,,,, 
  [ 1321272961, 379115833615122913 ],,,,,, [ 24293296738030843 ],,,,,,,,,,,, 
  [ 19754997259 ],,,,,, [ 57065588967601 ],,,,,,,,,,,,,,,,,,,,,,,,,,,,,,,,,,,,
  ,,,,,,,,,,,,,,,,,,,,,,,,,,,,,,,,,,,,,,,,,,,,,,,,,,,,,, 
  [ 1264573263660760351 ],,,,,,,,,,,,,,,,,,,,,,,,,,,,,,,,,,,,,,,,,,,,,,,,,,,,,
  ,,,,,,,,,,,,,,,,,,,,,,,,,,,,,,,,,,,,,,,,,,,,,,,,,,,,,,,,,,,,,,,,,,,,,,,,,,,,
  ,,,,,,,,,,,,,,,,,,,,,,,,,,,,,,,,,,,,,,,,,,,,,,,,,,,,,,,,,,,,,,,,,,,,,,,,,,,,
  ,,,,,,,,,,,,,,,,,,,,,,,,,,,,,,,,,,,,,,,,,,,,,,,,,,,,,,,,,,,,,,,,,,,,,,,,,,,,
  ,,,,,,,,,,,,,,,,,,,,,,,,,,,,,,,,,,,,,,,,,,,,,,,,,,,,,,,,,,,,,,,,,,,,,,,,,,,,
  ,,,,,,,,,,,,,,,,,,,,,,,,,,,,,,,,,,,,,,,,,,,,,,,,,,,,,,,,,,,,,,,,,,,,,,,,,,,,
  ,,,,,,,,,,,,,,,,,,,,,,,,,,,,,,,,,,,,,,,,,,,,,,,,,,,,,,,,,,,,,,,,,,,,,,,,,,,,
  ,,,,,,,,,,,,,,,,,,,,,,,,,,,,,,,,,,,,,,,,,,,,,,,,,,,,,,,,,,,,,,,,,,,,,,,,,,,,
  ,,,,,,,,,,,,,,,,,,,,,,,,,,,,,,,,,,,,,,,,,,,,,,,,,,,,,,,,,,,,,,,,,,,,,,,,,,,,
  ,,,,,,,,,,,,,,,,,,,,,,,,,,,,,,,,,,,,,,,,,,,,,,,,,,,,,,,,,,,,,,,,,,,,,,,,,,,,
  ,,,,,,,,,,,,,,,,,,,,,,,,,,,,,,,,,,,,,,,,,,,,,,,,,,,,,,,,,,,,,,,,,,,,,,,,,,,,
  ,,,,,,,,,,,,,,,,,,,,,,,,, [ 743164496873, 3050337678361 ] ];
