BRENTFACTORS[623]:=[ ,,,,,,,,,, [ 2329356041 ],,,,,, [ 2619255096401 ],, 
  [ 9799292453411 ],, [ 5372360911 ], [ 4554311554673 ], 
  [ 59035582634012386813 ],, [ 3189108257401931459351 ],,, [ 95141798518313 ],
  [ 383586007846187 ],, 
  [ 3347739281197, 15617731201693367, 674980674304384419920708909 ], 
  [ 7507961569, 891693337697 ], [ 3508934083184480250367 ],, 
  [ 10777819361, 66422440228814550791 ], [ 185347847329741 ], [ 16732395523 ],
  [ 124396345210909 ], [ 1713440899, 12851647381, 3814727829048943 ],, 
  [ 1219656716084879 ],, 
  [ 626066125019, 4673850977507923, 3984616554350966133956487751 ], 
  [ 693707255836556507789 ], [ 450758501280647081101 ], 
  [ 807507623685657175027 ], [ 115119631539397391 ], [ 3661101577297 ], 
  [ 590050573671917, 8979258007698528551 ], [ 2995965473688401 ],, 
  [ 7676335114479888788465561 ],, [ 8443985401, 18665928037 ], 
  [ 1262370841862785601, 2413422057507496686835109081656548401 ],,, 
  [ 126985510823 ], [ 1989702825301, 8705306657237778911591378042887 ], 
  [ 122288554939261 ], 
  [ 5807018709587, 3423306246333148978723, 630803473843243494550383667 ], 
  [ 2443113349, 2104776961674623, 455305125501008077703 ], 
  [ 90722032381, 133948680643, 143939422369, 280578140263, 45126124821163 ], 
  [ 2530635938018199402497 ], [ 54343885631246458977676440396761 ], 
  [ 6573283531 ], [ 424401244845156203 ], 
  [ 105320607601099407226388634211940487667481 ], 
  [ 2606898317034811, 924653811668951557607522287, 
      126863418434798709387178944178561 ], [ 1189643474671 ], 
  [ 20418018287280289679 ], [ 24641214705361 ], [ 34637964143647 ], 
  [ 270973137958459320103, 2695066940767015944698453129456201 ], 
  [ 777808765979345844001, 16005639034922802213778197831595201 ],, 
  [ 1476047249745550722241 ],, [ 1040610911, 2648261630323, 369682141180129 ],
  [ 13453562962321 ], 
  [ 540291068101, 1426001459014703341, 3050781254761858382454211 ], 
  [ 39177314333, 960772273609, 176597837419547, 534514334565647, 
      675580085218183 ], [ 59990816693 ], [ 2668131397 ], [ 360132646359931 ],
  , [ 226173072109, 860701406419 ], [ 4373701480968514121082611737 ],,, 
  [ 16438142214876828184419227, 50126749071900598905766141 ],, 
  [ 581584809301, 2970098408320723, 1073011258664494931671, 
      2495547848172800460961, 13151858183160832031269 ],,, 
  [ 94927409097187075364332428059809 ],, 
  [ 4623006137, 17565941172422305172485627 ], [ 38980831138593623731 ], 
  [ 1613458843501, 303119067538497305677702981501 ],,, [ 288842986727 ], 
  [ 4858784723911963183249, 32037522282948180843212369 ], 
  [ 2482493022871, 3080951574924555974459920160941, 
      1760032399846164002384102549010387391 ], 
  [ 1877062713649, 2104416236210794270106423438983 ], 
  [ 278991700063, 683171624371261 ],, [ 699231633209, 60688519108159 ], 
  [ 1088714685559053857785801 ], [ 66386832335491 ], 
  [ 12020935517675133589161434401, 
      10876355267866679591305320744701586183777313 ],, [ 3651251470039 ], 
  [ 78187963956481 ], [ 4908751469, 1130917251507596955361741 ], 
  [ 206582565853, 1866339625915909, 66914374227312963976327, 
      3380662951686250478772031, 1980752014285006683266115419539 ], 
  [ 1047967691526677 ], [ 4117322556467 ], [ 2662200818245975336801 ],, 
  [ 37785573751837158363672767 ],, [ 31851210844725518261 ], 
  [ 3604025251, 6027700983117251 ], [ 11110169197 ],,,, 
  [ 1127554530426156963224251 ],, [ 96222853170525313 ],,,, 
  [ 9576630709949441 ],, [ 10127072138864453661479827 ],,, [ 31118088343 ], 
  [ 114583692647, 194493752512033734814195820057 ], [ 726568164323 ], 
  [ 391381066081, 4803574017073643569, 6558466834587954065966310097 ], 
  [ 1918541111, 195378097116639461 ], 
  [ 4752312557, 1135902193475804501, 17253388054115888113 ], 
  [ 5406784069, 284747584801, 3338682203843732338061869 ],,, 
  [ 548306579251, 64425458974882651 ],,,,,, 
  [ 83807589346196330385846037, 18286853386365943052377480424597373956890801 ]
   ,, [ 385223683505267239 ],, [ 228378627361, 1868220371768914035361 ],, 
  [ 183021731628733, 27024762893996302920353721403 ],,, 
  [ 992669547871, 69339437744615643702241 ], [ 16002952545341703951829494239 ]
   ,, [ 2012939840689, 2852114664679247334272143445089 ],, 
  [ 56550825041, 248711812176371 ], [ 64529452234567 ], 
  [ 282970530153819171306341 ],, [ 1139413771 ], [ 4933865688151 ], 
  [ 2901880257761 ],,,, 
  [ 1418585401, 234219153601, 5037820538781203633441167059734819204941 ],, 
  [ 14717148811 ], [ 53644875103 ], 
  [ 277547142473, 888922664593, 20906704593521 ],,,,, [ 184839212629 ],,, 
  [ 6744977089 ],,, [ 176144708757400891 ], 
  [ 5783821429, 1751299772815720849 ],, 
  [ 17268790641571459, 19751195019863241758539 ],, [ 16139039280214001 ],, 
  [ 1109114129, 319822780787, 97741438902841 ],, [ 7011099133 ],,,, 
  [ 10779455406398017 ],, 
  [ 124925965126372656380874819113971583495153164764090729061 ],,,, 
  [ 7318977218502617 ],, [ 297216496300910401, 377058395618157533482729 ],, 
  [ 118605855209 ],,,, [ 2436778099573, 2710800250237 ],, 
  [ 47209485622933537, 28628545942965665588417 ], [ 2473112701 ],,, 
  [ 1784374513, 343322706692594320717 ],, 
  [ 395635792831, 549181932361, 1846295994269348932128835411 ], 
  [ 2669389532245129 ],,, [ 288759769396245703643257 ],, [ 988195948213 ],, 
  [ 4148589431617, 5214604357873 ],, 
  [ 259578611795203155361, 2439424801730884555134961, 
      11278304946758299495347121, 11360595683014348076001945841, 
      3884961569095826952963909814636674648721 ],, [ 576556947209 ],, 
  [ 597370802293 ],,,,,, 
  [ 33223102574908003001, 248809437788314498151680073501 ],,,,,,,,,, 
  [ 99210912546721 ],,,,,, [ 1201604461, 418964514923347, 429779552495357 ],,,
  ,,,,,,, [ 13037453285192381640037 ],,,, [ 20401158961, 3296768985755305481 ]
   ,,,,,,,, [ 3544539971041 ],, [ 5990126146430009606921 ],,,, 
  [ 6621189846013 ],,,,,,,,,,,, [ 18059986192321 ],,,, [ 116283286871 ],, 
  [ 114338693398030609 ],,,,,,,,,,,,,,,,,, 
  [ 894097798441, 272930676819227118764491 ],,,,,,,,,,,,,,,,,, 
  [ 1624976068719839413 ],,,,,, [ 33452236423 ],,,,,, [ 1089077959067041 ],,,,
  ,, [ 37892598907, 19803789496021 ],,,,,, 
  [ 13416657649, 126443049613, 627947497777, 13728817372190929 ],,,,,, 
  [ 100153263673 ],,,,,,,,,,,, 
  [ 3362497321, 158839524833561911, 196844080678378339441 ],,,,,,,,,,,,,,,,,,,
  ,,,,,,,,,,, [ 386032660861 ],,,,,,,,,,,,,,,,,,,,,,,,,,,,,,,,,,,,,,,,,, 
  [ 43872825613, 59633587434961 ],,,,,,,,,,,,,,,,,, [ 1040058143041 ] ];
