BRENTFACTORS[948]:=[ ,,,,,,,,,, [ 12155135653 ],, [ 1838923887659 ],,,,,,,,, 
  [ 42603634789 ], [ 1227716252869 ],, [ 144171329546917301 ], 
  [ 51670702123 ], [ 1042656409, 12464170921, 19265618416249 ], 
  [ 93132994333 ], [ 1546514837767, 360902281115558356285252633 ],, 
  [ 12101639492015389247171 ], [ 4215559937 ], 
  [ 753481612817807941, 26981212303979567041 ],,,, 
  [ 191716776581667564266154463760914227427686268259 ],, [ 31076524753 ],, 
  [ 1017734789833, 721654578418242496027139622764380136988991 ],, 
  [ 643954905928435229 ],, [ 5878144379161, 2949523789289096538271 ], 
  [ 620374044535886625161 ], 
  [ 11796621879801766089628641877133177250813273612273912230535361 ], 
  [ 13661739361 ], [ 27058156547110175079885633139 ], [ 3139888541070484601 ],
  [ 2774657270317, 4880177053243, 14114413056899101 ], 
  [ 2781470505997, 17028105761941 ], 
  [ 205157906489, 4465252275079, 356144667758160485985559 ], [ 32036262157 ],
  , [ 2064164537 ], [ 1430591614142497, 3181007889017191, 6131827700002309 ], 
  [ 11208764481771737360878987159300049 ], 
  [ 10801426303429, 32653713975106648790022077 ], 
  [ 3165042301, 100471857962041 ], [ 20783806693477, 3535538729107539267709 ],
  [ 1591046150658538601391755035506965881 ],, 
  [ 88850244097, 36221699259150793294540295873 ], 
  [ 331586897020937447568288181651 ], [ 93962230693, 2085448202166517 ],,, 
  [ 506521739174071681, 7049876118227158693, 10066449871711548829, 
      4342466987796848293901437 ],, [ 21353148721483 ], 
  [ 6080050719026255666432396847673 ], [ 148365086581687792354206439 ], 
  [ 2206996721, 1328858954783, 252201020463385937 ], 
  [ 1863397307027623335613818430801, 5967789320970977789616304251464401 ],, 
  [ 1034924816949948541, 24371581990325851667, 185248756709702767313, 
      41956165382844124789763 ], [ 2166307863487, 41863874931855289 ], 
  [ 27341288798751971290777, 7894185310417816918922033773 ], 
  [ 250600656219568251841, 86241524990488960700401 ],, 
  [ 35515112114845387, 189222529757102446000650379883, 
      127176256041708724582357353714421 ], [ 65558286286535629 ],, 
  [ 44844355124619446611, 2934106079581846975436722061 ], 
  [ 545414080663877, 19507377972721476887751496712302728649 ], 
  [ 1110333151, 1801852224919, 93807804047879339402813871961 ], 
  [ 51925852404977, 33837498192985783913 ], [ 411484626586043742793375297 ], 
  [ 2219447071, 106732441182645181 ], [ 73280996572845568661832380431 ],, 
  [ 4138776795157, 7501854722407 ], 
  [ 5523776897, 627085460387, 2452675212104933, 2350740711958428445267, 
      4983080688020907847373 ], [ 4571791591, 99282665004701 ], 
  [ 2606859553, 107284842337, 9183979656832993, 15536597955574825523151369217 
     ], [ 111019605744449, 614486447592839 ], [ 7186846158348193 ],, 
  [ 18737902902075317823901, 10912004118367846727094479262374542863936401 ], 
  [ 83411083409789, 291155854771613107 ], 
  [ 2928455243160157, 1914921757182998852378443 ], 
  [ 3166639351523, 48628069094828233 ], 
  [ 73595120920008790558305947382567330507531939747417577 ], 
  [ 52433867636470763781241 ], [ 425739031231 ], [ 288958377703 ], 
  [ 22127173490701, 45994676055504609596868433 ],, 
  [ 6766964086198866266341489591 ],, 
  [ 2088417912001, 499729187747216001378612864161, 
      127446532057435832592693117317137 ], [ 2298018851, 439497088333 ], 
  [ 17438307615595988673417157 ],, [ 15570611561, 931786296725393 ], 
  [ 1004311153, 14610966121207, 39239959878523, 47075644603261, 
      332072613492355009 ], [ 52097880871 ], 
  [ 593360548719121, 8805930106385063 ], [ 400883379454511010853432801 ], 
  [ 53790678456989 ],, [ 4617318632503 ],, 
  [ 9777601013753501, 11960737424136001 ], [ 76160402432227 ],, 
  [ 430994408828161 ], [ 1026387185491 ], 
  [ 329080705282318991, 1323594716482338884677421381, 
      7048383888446965079476236514332424438647521 ],, 
  [ 3596667889, 2600924075201292373263462868194924177591577 ],, 
  [ 2827348679, 54977313641 ], 
  [ 48480927597811, 18704331299824343101, 91307540510670921345106242481 ], 
  [ 1035218537, 8081537627549411553949866689 ],, 
  [ 80944272187, 69380743064598053287, 2431456804453451452333 ],, 
  [ 15581847961, 62537455261, 1988542929101, 484246191291661, 
      4611515925000991585313136963355411093121 ],, 
  [ 72990937556585537, 288427353860074841858126717 ], [ 659023449943 ], 
  [ 290059525297, 222858898300907156593 ], [ 1896297714151 ], 
  [ 15671109169512542495162011 ],, 
  [ 3083736937129, 2945479085569338648069640246564633 ],, 
  [ 258923678701, 118698366855301, 2025879328417596901, 
      86951473919169853521184201 ],,, [ 9644383159039 ],,, 
  [ 4050130525857523337819916714880208420487589 ],, 
  [ 2009949443, 160783219679783, 225632029677781680493, 
      6536471244378628341889, 3478997642550743712783949 ], 
  [ 48942549736027, 717554705859559, 4142321704503668227, 
      10688496374433156739 ], 
  [ 309703164481, 1286734981121, 3852151754700481, 13874226036088083521, 
      104109498153267171316645474241 ],, 
  [ 20855840977927, 417514611438273927601, 1099969981082061752600688916694773 
     ],,, [ 21186517435135838693795581 ],,, 
  [ 844759396993, 4140954709761913, 4756116195689970526633 ],,,, 
  [ 4600868376690401, 5988874780340125540249 ],,, [ 3807622299251 ],,, 
  [ 21002250439 ],, [ 3710244740590691999244461230499570134776625981 ],,, 
  [ 18856114309 ],,, [ 3747478080468431736033727567 ],,, [ 51012666433 ], 
  [ 1079410141, 5459327633142600251 ],, 
  [ 100230122477761, 155589203904274753 ],, 
  [ 19851015524423737, 28990757556934363 ], [ 1376677819141 ],,, 
  [ 1937709978909943591, 1613511065910809844332137 ],,,, [ 1309550860909 ],, 
  [ 71177811973, 18122446224637 ],,,, [ 85493592540721 ],, 
  [ 2408558057094505051, 2124378241885671561328516547576620321 ],, 
  [ 17241188738701 ],,,, [ 2854428297394336114033 ],, [ 57515886439257949 ],, 
  [ 32172987661, 2101251472289201, 15038657182228612021, 
      3516653152794446333681 ],, [ 2227083922099 ],, 
  [ 107594031699617, 41951806464125342795809 ],,,, [ 9516087073 ],,, 
  [ 8803326856633 ], [ 129415464560729 ],,,,,,,,,, [ 1823338122062632781 ],, 
  [ 36419293357 ],, [ 53369476566811 ],, [ 32598972509677310641 ],,,, 
  [ 14155265686650733, 3686647283336878309, 92458817661561026509, 
      853190375372025387481 ],, [ 7345752899 ],,,,,, [ 17619250658265881 ],,,
  , [ 13025112937 ],, [ 4726564109, 22778717613107 ],,,,,,,,,,,,,,,, 
  [ 345194077951, 100175291142469, 445782252191359419662609653 ],,,, 
  [ 2299903321, 108153783167 ],, [ 1754414970318127620314749153 ],,,,,, 
  [ 39008286066785869 ],,,,,, [ 22626522130501 ],,,,,,,, [ 115233224569 ],,,, 
  [ 2636161009, 23284742521, 57185957082697 ],,,,,,,,,,,, [ 25301945701 ],,,,,
  , [ 38034913951 ],,,,,, [ 1520027713 ],,,, [ 1787116501 ],,,,,,,, 
  [ 1100289012877 ],, [ 118357176001 ],,,,,,,,,, 
  [ 22565666161, 5576000250241 ],,,,,, [ 847327566607, 242421227169469 ],,,,,,
  ,,,,,,,,,,,,,,,,,, [ 1683535759231, 25987736756281 ],,,,,, [ 21641321593 ],,
  ,,,,,,,,,, [ 78443878547233 ] ];
