BRENTFACTORS[28]:=[ ,,,,,,,,,,,,,,,,,,,,,,,, [ 6813064001, 7984305701 ],,,,,,,
  ,,,,, [ 36129368689 ],,,,,, [ 105942074311, 23321405465263 ],,, 
  [ 140668620541, 4099849287367 ], [ 21277176429749, 3425165712672937943 ],, 
  [ 319343666713 ],, [ 8061059901399457 ], [ 78296083533149 ],, 
  [ 2320484707 ], [ 16071033331, 829366011211, 5906633396655970661 ],, 
  [ 62830837877749 ],, [ 87134177825869551823 ],, 
  [ 584814157619, 108152440326426913 ], [ 68690971367 ], 
  [ 154154940307497300453157 ], [ 2716827163186049 ], [ 90216355836698261 ],, 
  [ 39629149774235919086803410436533512071 ],, [ 224727078564911869 ], 
  [ 31384274881 ], [ 25828494169, 37313251966817, 857600610882384989993501 ],
  , [ 1924218827, 1395719566812246425341583, 33669332701243432328246627927 ], 
  [ 1004690609843 ], [ 171813927594772108174052851 ], 
  [ 4295845129, 47560093775549 ], 
  [ 15215787226333, 8043246179584357573185817 ],,, [ 4411542432420060881 ],, 
  [ 9048878843, 164175956442953113 ], 
  [ 21661517621, 65642602122533083476691308195970252142124523 ], 
  [ 40860961267393 ],,, [ 5506203727 ], [ 59716358541760548549065761 ], 
  [ 174429180502286655544684177 ],,, [ 6013890309283753610697077 ], 
  [ 9751283154942605850592828466642659513447 ], 
  [ 175323719489, 1892292333735833 ], [ 18876519380766175812534662561 ],, 
  [ 1077512962627 ], [ 5966523512629 ], [ 4376814093829 ], 
  [ 192184659301, 360728480233546501 ], 
  [ 115153341293, 15570953871919, 1574238349821667 ],, 
  [ 150116896618839783414413815639723722503874563 ], 
  [ 3398337641329450355189472420954977 ], [ 98336245890572745925217555761 ], 
  [ 2336285687, 309617974423 ], 
  [ 183787279483, 6102359176190553076504783383990134923678943943876340342187 ]
    , [ 235922815189, 428485444021 ], 
  [ 258694036490465188007661621181, 312157663312579469579427293531072544195884\
92535361428593 ], [ 346438463911 ], [ 5478984908421979 ],,,, 
  [ 1344840641680376608506117263739531145118237262742589311 ], 
  [ 708359326721 ], [ 360548139979, 2441437589227959094240729 ], 
  [ 2357237985408057691, 32838214266689135929 ], 
  [ 1676112251373701, 44211612789526421, 176991400091091853, 
      653386914001297841, 9208413547092739531146589 ], [ 7257822361 ], 
  [ 2510904286447886473, 334379886633189962093, 6046830224300802402489629 ],, 
  [ 763210858591, 7535061144448219855718938274686920931447 ], 
  [ 41183608552636142233 ], [ 1606876519751 ], [ 1994659633, 1266889762657 ], 
  [ 27512697935838477793807367, 
      344447951127378870001590288205144270684880590492124834263903 ], 
  [ 33056264688182274910972033 ], 
  [ 1709917733284391730017137, 164657088579005200672613311 ], 
  [ 115508406521 ], [ 56897145979336067, 24538826471975158928090069 ],, 
  [ 530795452578128557 ], [ 1313661738407, 308410564740709 ], 
  [ 5220455384797651, 91140307249283821 ], [ 5407933749161794928137748158777 ]
    , [ 1739404883, 17307984225361, 808124617464954587015149218600004561, 
      37284618416750132520337321551009840187507110341 ], [ 255595103341 ], 
  [ 1849232948929997, 
      864308482295794251045623382707239999094760221455045952301820214164491892\
6379 ],, [ 191773449880214016325731433845127 ], [ 2651845457, 4252745790841 ],
  [ 4230382497214749175565322370827229, 
      165110049920843462221312019272275955104957595751425961 ], 
  [ 1350615169 ], 
  [ 279071175543028128073558728091, 120916993479567133508760596726594813267406\
2887032789276705259971341 ], [ 8196570580777833295687571 ], 
  [ 991322283651723729605072437657, 16651838915665484336259585989031118393 ],,
  ,, [ 12392588423, 26991035025461754006311, 3921876525626984750820893612423, 
      916826970770008164675732506398062574305085212335904122771671 ], 
  [ 701915664419811894321721233008794537 ], 
  [ 366725909655733758769, 1707336094899200333664552684944445714046121929 ], 
  [ 38286319457, 60219997983486828103 ], 
  [ 416524723519646267659397583333812081, 
      192862818423813730952021099305030832126612640341 ],,, 
  [ 210997273888433 ], 
  [ 90349859930791199292781650091017442339736481601467694712401 ], 
  [ 383290827691270854721 ], 
  [ 6961066730472989, 119711833813864153, 504014143379662254738274886140789618\
784757605057931001 ], [ 48455787277, 12471074794365391 ], 
  [ 29402949949, 8485249329556067873508962395021922884108111 ], 
  [ 12903372235376872347241937999231008831884805129840357 ], 
  [ 38681906982937869421, 75223260922213952461, 
      4554890187723982098962291325301 ], 
  [ 54719250172702697, 1305184467040286965673 ], 
  [ 153771283546887295553345637486169, 
      23532183568921977860252613960844422502534867727 ], 
  [ 1043370300810769, 148193546048624098783489 ], 
  [ 4700985788104603463580349, 122829740061075340511071299072199 ], 
  [ 444007193911, 2956126339800478546451 ], 
  [ 2177760100436602723, 31382755830911122867 ], 
  [ 280931610243662693509, 6614496361616478724735573264857257 ], 
  [ 123736064025936372104807, 47796907665088802896382708202126443769728895881 
     ], [ 78986076594620414501936740817451437263 ], 
  [ 5277241901, 30087331411201, 10420018720731016427597701 ], 
  [ 13553512906360241, 5450021641260691824488849292762369003377 ],, 
  [ 13132072291620102937, 1464915243919865660862563717 ],,, 
  [ 1190098531, 2086770923807, 7711134201229 ], 
  [ 6550508651233, 595781405652343 ], [ 1802055901 ], 
  [ 13675021313, 452369327439935809, 7353697549144438330337 ],, 
  [ 2222222702307007, 88371476775688842981939845083 ],, 
  [ 6672276551574795883972235893, 
      75764711938856160324817699082756442359519489 ], 
  [ 10773834771944357821 ], [ 26449432601 ],, 
  [ 637975560961, 135266433293390919717121, 292157123117644992355969 ],,, 
  [ 2783743024141, 1934714657710381, 96992972494256001931 ], [ 1249329089 ],, 
  [ 6715287557697371797, 40605883588556366257 ],, 
  [ 24946065401, 1515138072601, 54979382922948140609798201 ],, 
  [ 2855702184253, 4769180867662554906245832577, 
      3701989015882167181421404680381354157 ],,,,,, 
  [ 19789341205087347551633, 283501771410663683568913, 
      912733575646067804541998667318264025954769 ],, 
  [ 14961516151, 317689739221, 105632155735261 ],, 
  [ 51896704369906982166374374981930109070398379130537 ],, 
  [ 4043254583, 15468214205115032095625543, 185037789791955268688604373 ],, 
  [ 1088419897, 221635039321 ],, 
  [ 116573926477, 24652851471194674096518495172640669 ],, 
  [ 845628636631651934504927886799751875681499063835527561 ],, 
  [ 57930214687, 1089656681875662196152019, 9326836611649785960038304217039 ],
  , [ 13807994072906881, 1421378441690122049 ],, 
  [ 9672514872073, 11826254004041 ],, 
  [ 44759782454592457409650649228382743175133 ],, 
  [ 9222651551, 4002150181261 ], [ 177222314809 ], 
  [ 75256480949897109673, 535524950217468393953, 
      4796451555404169647721594506932121054377 ],, 
  [ 1672698885245389, 362421235545671159911 ],, 
  [ 486500427641, 186013903801127485918899868498913 ], 
  [ 17135578267, 14499091194787, 480017111116436011 ], 
  [ 274617072311, 144580610814949, 160213861129312229, 21577998627933032027 ],
  ,,, [ 821712594553489 ],,,, 
  [ 3871316023, 296179414197575581, 51645219211926479921779 ],, 
  [ 5169432529, 86548101993906356734139321964429422523637841, 
      1592340800012622170002135801379339422838859913 ],, 
  [ 10477992868501, 155389757939666251 ],, 
  [ 7227134916773607244081, 119112991233132018711961, 
      127642530877568016164549839369 ],, 
  [ 134962522535137711, 781092868510268651, 
      4487938741894196184364163265621345485447 ],, 
  [ 2381648711681, 1280408985396537454555438337 ],,,,,, 
  [ 1217801939, 27692428995529817, 62592619260976971033572823746698130061787, 
      30804318778524824473245421396282340906724849608499861587 ],, 
  [ 878210088751600066179419875616704572986588209033 ],, 
  [ 2298760031, 1340134333297229, 352839207641408377 ],, 
  [ 8790632089, 11112480612990130458797, 32245332393952828598809, 
      2584374183981117282063066367234633, 
      7949556033336813725827107334431478849 ],, 
  [ 3593689985668141776715473099227801881861 ],, 
  [ 2057592961, 22424412441693402825594895044711155723867615223931456868105136\
1 ],, [ 19583627794844159, 179007827745279405349 ],,,, 
  [ 25290348571505346926324725005198535044661267311469057375457336477810169384\
20243897041 ],, 
  [ 15463990974881, 3003033748840445350801, 488349141962958580399201 ],, 
  [ 29837733926988190223311, 11193961815268113648003741481441 ],,,, 
  [ 19578806729494452631907, 326718118876965644610639001 ],,,, 
  [ 245681335071811, 8177803045607381, 15490614825662562881, 
      3232214812371191632102003601479471938552047016991 ],, 
  [ 8239940117, 39947800367337308029001945875601324131343598347098889 ],, 
  [ 2607528735841, 17733447184020195312619959151 ],, [ 1129241863259617 ],, 
  [ 821178761162075453 ],, 
  [ 198150196501, 225566643512101, 3779203810704375601 ],, 
  [ 3912622419553, 4180822876721 ],, 
  [ 93115138441348071525230621317840841493980897 ],, 
  [ 146081770543, 14355190742383 ],, 
  [ 3323986030471682700786256413689848243372715523859561 ],,,, 
  [ 45631002457, 601352884485289, 5935493333359200313, 
      886440096062065149288338518033 ],, [ 2872567457 ],, 
  [ 6105120001, 178569437519413, 82964684195316953 ],,,, [ 88984704961 ],, 
  [ 1490362205711, 536040416747899465689376645876122041, 
      138091054920126109539774449081329277913451 ],, 
  [ 1490377643353, 320353460708401 ],,,, 
  [ 4003497693529, 79939452679153, 2069388837704273, 964703361819010275793 ],
  , [ 5925845311, 12655430041, 1548465957061, 46205382491949111421 ],, 
  [ 13323553037537, 1894318151480706437, 104948308361432779755969577, 
      11734519142245897035128632500546039439693 ],, 
  [ 136859903461, 101900415621491, 
      3034404084215887593255465213252547813245403 ],,,, 
  [ 829098999747253, 287099878522536064323599 ],, 
  [ 12384607251106312764457801 ],, 
  [ 1420383799, 266886167665254589, 320085042409214842230280405341735366269485\
2976005331 ],, [ 1392096449, 276629984753390963314801605757308133486649 ],, 
  [ 7330557533390317, 925672093418562305243, 
      4434837408475297943186412611416147 ],, 
  [ 741399733704231907110769364138317, 
      207241429607426572728259640934771215941 ],, 
  [ 131435513227201, 161360021191153051 ],, 
  [ 1113035644744321, 9322693790553541578049, 632680277474052879831937 ],, 
  [ 193551066451 ],, [ 8793836173, 14764374473 ],, 
  [ 40512908543, 79345287839773 ],,,,,,,,,,,,,, 
  [ 36328198159009, 70549177614483289 ],,,,,, [ 15731360557954273 ],,,,,,,,,,,
  , [ 84069182547815011, 155608656711540171423133238234065093750715956651 ],,,
  ,,, [ 460449608653 ],,,,,,,,,,,, [ 3477048123497017 ],,,,,,,,,,,, 
  [ 24155172245401, 186588025377723189289148440439335730789668617380687881 ],,
  ,,,,,,,,,,,,,,,,,,,,,,,,,,,, [ 150417579601 ],,,,,,,,,,,,,,,,,,,,,,,,,,,,,, 
  [ 235210745761 ] ];
