BRENTFACTORS[4547]:=
[ ,,,,,,,,,,,, [ 5267583361, 5333135107, 52471695844464538136951 ],,,,,,,,,,,,
  ,,,, 
  [ 7988846028104196108401, 16812911553992249819503644266483093, 3291662119674\
65106293861033700994373550219983 ],, [ 168078800085528162967 ],,,,,, 
  [ 67453696311991129501997, 334810778693525428735027, 
      1367454058713451341845767, 7109572352210304153537518569, 
      2170863253505326725499818047765393 ],,,, [ 1096451868829 ],, 
  [ 220647381750503, 20338494154965895639150501 ],,,, 
  [ 33089025339603447207611533 ],,,,,, [ 13121272271269512272503396511 ],,,,,
  , [ 42599377919065489, 1576182938316486407, 257839686095800110373, 
      49914358604361897797425163699 ],, [ 1407424559227775941242913 ],,,,,, 
  [ 920237504309 ],,,, [ 815411426152301681, 15187537306747038257 ],, 
  [ 1547462213669 ],,,,,,,,,,,,,,,,,,,,,,,, [ 7514429315444483809393 ],,,,,,,,
  ,, [ 1023916813, 4982774809778187878941 ],,,,,,,,,,,,,,,,,,,,,,,,,,,,,,,,,,,
  ,,,,,,,,, [ 5589392742377 ],,,,,,,,,,,,,,,,,,,,,,,,,,,,,,,,,,,,,,,,,,,,,, 
  [ 18406668997 ] ];
