BRENTFACTORS[5981]:=[ ,,,,,,,,,,,,,,,, [ 5908240872453421231 ],, 
  [ 1310756456954317 ],,,, 
  [ 111230215184596140016854272696057, 368610779222917080785846846891055164508\
2338007 ],,,,,,,, 
  [ 14107769293, 228645266381069, 3497537621014403370836099938019485129, 
      437800890303818613381770478870518827714489309 ],,,,,, 
  [ 1529061409, 136743516001812916038539 ],,,,,, [ 1725003223, 1215305952247 ]
   ,,,, [ 82525334622527 ],,,,,, [ 51444567131 ],,,,,, [ 2873066621801527 ],,,
  ,,,,,,,,, [ 25002395638456174553 ],, [ 2597247400126864579 ],,,,,, 
  [ 19798432847, 144817102808116003 ],,,, [ 32552768657 ],,,,,,,,,,,,,,,,,,,, 
  [ 11685144764879 ],,,,,,,,,,,,,,,,,,,,,,,,,,,,,,,,,, [ 122659285652507 ],,,,
  ,,,,,,,,,,,,,,,,,,,,,, [ 6952149132213337518563 ],,,, [ 76164671295341 ] ];
