BRENTFACTORS[2341]:=[ ,,,,,, [ 1209256049 ],,,, [ 39265970347759 ],, 
  [ 1367977876981 ],,,, [ 18328390406026804601 ],, [ 92111836386546282277 ],,,
  , [ 9562302251986392269 ],,,,,, [ 68662983857949109906576875139 ],, 
  [ 37159883158371733 ],,,,,, 
  [ 25274496987087241, 6137742202903899938339470462070223517364549429891 ],,,
  , 
  [ 1048826602159969, 1551228616856093251, 11083276061065294710678728156443411\
559 ],, [ 17397595321, 825550874361537179735331898315910092450133868608561773 
     ],,,, [ 9789194593, 35579351690278103613121, 4624918014256015540636681, 
      50080748595388961022282420769714211117 ],,,,,, 
  [ 416831176474105207, 12248542283917911015067, 
      10007392475446101511858284718244083985252333729 ] ];
