BRENTFACTORS[154]:=[ ,,,,,,,,,,,,,,,,,,,,,,,, [ 27301679701 ], 
  [ 5041419553 ], [ 2710332847 ],, [ 197008544484431, 395680344823037 ],, 
  [ 6858731693748343886849 ], [ 6083951233 ],, [ 127783180821869 ],,, 
  [ 18749083039, 17348206646227, 34535094162124051 ],,,, 
  [ 15690558551, 76747369133, 7694322501218669 ],, 
  [ 15172511129, 127725639346477, 5229158673162396410063 ], 
  [ 537928922213, 10489981192637 ], [ 827312156560621 ],, 
  [ 17900376341100563 ], [ 2247208324849 ], 
  [ 81269900797, 228801426445585989580581280523 ],,,, [ 330175705006240013 ],,
  ,, [ 71321448890414885707507 ],, [ 592186507079, 456912816898085893651 ],,,
  , [ 44801035273 ], [ 51576761555393 ], 
  [ 22964441248776339952931869937747762070944131 ], [ 6925839535930591 ],, 
  [ 196752943782510329 ],, [ 6180497051, 220664349633491 ], 
  [ 16341964637, 806372113422539458404329601539723930876617 ],, 
  [ 316092099765321961, 18810838617754730804497, 
      35056542374531281217545478711962543 ], 
  [ 40720844235419, 165001470243664811624914919 ], 
  [ 73131018151, 5223104446951, 227421687257399178211677601 ], 
  [ 45960160733, 805028096581 ], [ 4224256961 ], 
  [ 1697266507, 2113587011602639 ], 
  [ 21176736447160493, 3305109982877478766189 ], [ 17414720615915281 ], 
  [ 1421035897230575846914577590755435233267299 ], 
  [ 1496343032321, 2444946637949, 2285743531620733 ], [ 204454589897 ],,, 
  [ 10762408875247771031 ], [ 12139468183633447 ], 
  [ 435055465417, 835831870457, 20611246232250387778353521 ], 
  [ 9981606499, 13796043740414711 ], [ 998665317541 ], 
  [ 3121577732729, 111078545803383887, 246025314681805751 ], 
  [ 5902323941, 292996923078069978942553, 1225677076338152548094429 ], 
  [ 1077992666629, 22817270732099551 ], 
  [ 200154150839, 94475274245488892144282514700549 ], 
  [ 839496342001, 86318897611104097326437741, 5338007821150898718044764471 ], 
  [ 20199703054841006395201 ], [ 52748170918561, 5329106298241433 ], 
  [ 4912934793323747, 3258683266534507659969221563 ], 
  [ 1896340843, 30334054244268678113990727487 ], 
  [ 284916963292518701, 35795388937007080177801 ], [ 447475578739247 ], 
  [ 13304495257, 234379927283191 ], [ 10734442259, 94954733449, 204274200187 ]
   ,, [ 16708887931, 72562499941 ], [ 386974897862447471 ], 
  [ 1396393593614507 ], [ 153553506447997501391383371565808509 ],,, 
  [ 36771065146919057460043723 ], 
  [ 865829609238886678289, 6283078601262444244369 ], [ 12232377220373 ], 
  [ 14001645871, 62370822949 ],, [ 40198504513 ],, 
  [ 86831570770543574703841 ], [ 2918153007222787489, 2870725696707310937881 ]
    , [ 951584065328455223136249221281 ], [ 42996241227391 ], 
  [ 217715644603243, 3122237185322243173747, 158965443582776282497540930559 ],
  [ 10765490379894681973997002056679 ],,, 
  [ 14862644749, 379377101840796257739913 ], [ 1683388298191 ], 
  [ 208684361854079183877225298434342861299201, 
      779647503994827709380912477332607735378351361 ], 
  [ 8177068983392442421, 24734000188727536835959, 4194778778244133831728001 ],
  [ 3177211859733341, 179309801071576501 ],, [ 1944920763729259274085073 ],,, 
  [ 9915027632415266778789571, 46574365290238031339140651 ], 
  [ 156402280288337 ],, [ 2388353607187 ],, 
  [ 13871764511128953860614284781, 1455898399763257123064376484801 ], 
  [ 96728839758875953, 5701309580373199529505427 ], [ 1583410903 ],, 
  [ 191965319568289 ],, [ 40994128639, 315888982731698000798779 ], 
  [ 125109784472401, 29337134159566070419, 259193092331143160317 ], 
  [ 572672028266609 ],, [ 18514400345251, 91483681924501 ],, 
  [ 72498477127273, 253230403386377 ],, [ 3197935106575196868497 ], 
  [ 15091809582581 ], [ 1261849153813, 721654072677177706873 ],, 
  [ 1056172980682063317061 ],, 
  [ 603242807752035567521, 27556391659731729566561, 5684572888870597476227041 
     ],, 
  [ 196068998197, 6887356544215846479908863, 5627803958897289144778158823 ],,
  , [ 1075557451 ],,, [ 13206541536307009829297017 ],, 
  [ 40229630602270180735082281 ],,,,,, [ 6690756337 ], [ 1269733573 ], 
  [ 333872570412939713 ],, [ 396741674881, 1387813730414236659718021 ],, 
  [ 3199056120092197 ], [ 381274721959 ], [ 37344146513 ],, [ 87477807127 ],, 
  [ 705770150581900199293321 ],, 
  [ 3077448431, 113387480628650951, 42235923919214635365001 ],, 
  [ 13150596097, 7270025942448001, 1452602455686207452161 ],, 
  [ 25536486557, 9021763803194521787, 724840381170313084771 ], 
  [ 1633466344269631 ],,,,, 
  [ 84744703601, 5140641459616107001, 20854733813463357601 ],, 
  [ 9204950149897, 1295334489180065671739 ],, 
  [ 26219004529, 47627556467439975241, 
      66721346975467494404213843343565011069074874793 ],,,, 
  [ 106866321982577 ],, [ 2033500008478965829914674011 ],,,, [ 3815492243 ],, 
  [ 1562328958432230649 ],,,, [ 5490678687595201 ],, [ 83337944121281408491 ],
  , [ 43287593245374689, 94585633165147937 ], [ 205775360136001 ],,,,,,, 
  [ 93511147049 ],,,,,,,, [ 30543472020001 ],, [ 35277619525391 ],,,, 
  [ 1026310771, 11531992900298107, 1303349024299795538999191 ],, 
  [ 13827753113, 2186513655113 ],, 
  [ 5481514220962501, 49127604056923726531506570526327361501 ],, 
  [ 23972792761, 167686396392817 ],,,, [ 11173268443090433 ],, 
  [ 3506986385806454329, 1476762632523606136249861 ],, 
  [ 7622825341, 12385848834061, 41748992931410701, 7370367130535567233921 ],,,
  , [ 2839934800527529 ],, [ 2216324237, 3186503394089 ],,,, [ 531736168861 ],
  , [ 9194507604977, 28179828324353 ],,,, 
  [ 1612363849, 1194907562325369421777 ],,,, [ 4747060361 ],,,,,,,, 
  [ 5850931644001, 11763749120220441793 ],, [ 2084143001, 2636362804091 ],,,, 
  [ 420876365447008213 ],,,,,, [ 152844964761519928215601 ],,,,,, 
  [ 88659340500691 ],, [ 9089879569, 378166272233597 ],, [ 4567884721 ],, 
  [ 139321558493752753 ],,,,,, [ 104109487592904301 ],, [ 15309600357761 ],,,,
  ,,,,,,,,,,,, [ 573610726754353, 4851937424930056273 ],,,,,,,,,,,,,,,,,, 
  [ 2881210603 ],,,,,, [ 20968555917601 ],,,,,, [ 7945473220717 ],,,,,, 
  [ 1056154663255177 ],,,,,, [ 4236140539, 741142779931 ],,,,,,,,,,,,,,,,,,,,,
  ,,,,,,,,,,,,,,,,,,,,,,,,,,,,,,,,,,,,,,,,,,,,,,,,,,, [ 5555880901 ],,,,,,,,,,
  ,, [ 23521035984231787 ],,,,,,,,,,,,,,,,,, [ 1553547841, 4214949790561 ] ];
