BRENTFACTORS[846]:=[ ,,,,,,,,,, [ 4611350173 ],,,,,,,,,,,,,,,,, 
  [ 1017354596552729 ],,, [ 44593545828689306766635214546111821 ],,, 
  [ 704263607851 ], [ 59006808468790419397280891611 ], [ 2137405434767677 ], 
  [ 317611862344668610949953568548059752006561 ],, 
  [ 68978379601, 2228666851145183761091022829 ], [ 12666477641 ], 
  [ 3928155587507 ], [ 21621374251639 ], 
  [ 2383539107, 5509144349, 10312292046308930125001 ], 
  [ 476489427205573, 27492643827878858509 ], [ 62622032385107616287158699831 ]
   ,, 
  [ 8322587041, 710905670949152161919257, 927034960129247611945549507111019817\
192859 ],, [ 1591001642983817, 4702749371769266614379659343683930118641 ], 
  [ 1582002011251 ], [ 97034508774451 ], 
  [ 2922889242420109, 21220398069181508287637 ], 
  [ 21505985379121, 154125944206772535043589, 1786964319518804034366463687417,
      461871076926230241509900299609784259497531 ], [ 16226518584425419 ], 
  [ 588674451641 ], [ 1440440676917201, 30722634360801976128337649 ], 
  [ 93304781645387953 ], [ 612737483169421, 19142641726721236566393995351 ], 
  [ 1818728573, 80867139439 ], [ 14525799636256819081 ],, [ 1484354153 ], 
  [ 691406898821824353355772421103 ],,, [ 2936933869, 750128903844547063 ], 
  [ 249728173734126473 ], [ 2847591121 ], 
  [ 12361336741550761881621792768202718314750979218093 ],, 
  [ 29021621393390856002467214413 ], [ 243339527939796517454209 ], 
  [ 66098867503734361 ], [ 153687356371291273127 ], 
  [ 1548474103801, 11752953434073601, 
      114789268623887867914706968347165242148901 ], 
  [ 215925644222466675282796301 ], [ 925116457474743073079 ], 
  [ 14888887721707318527328351531 ], [ 324338010637779383611 ], 
  [ 3364594988035765055681, 741732099992803710233524917361 ], 
  [ 95857135369929425971, 690046272640263258187399 ], 
  [ 15317398937, 21802184519, 241053653274847218716493170343237358095389 ], 
  [ 194041525704825001521467 ],, 
  [ 23294041250720371, 195895506427316631078877931 ], 
  [ 1222539657179023838521002499455076681 ], [ 18449916896235308538749612887 ]
    , [ 5054551250914793 ],, [ 20195446798428439051 ], 
  [ 9404447417, 4760463972629, 180643554617586607 ], 
  [ 743802689689327134265284706253, 189582338219823307530113535755077 ],, 
  [ 9051226658953 ], [ 275323808325958201 ], [ 1941221713766661415259069281 ],
  [ 5084325471859 ], [ 1201494859955965517155613 ], 
  [ 1700120467, 1208280386200718773174321, 3260335677709614316940763901 ], 
  [ 292067076101, 1770364149551953116551318728851633170768801 ],,, 
  [ 2827413184733, 23599780152083321 ],, 
  [ 2673579692134944181, 8166854247312615627948820358043729631 ], 
  [ 22059234216700094139701 ],, [ 3185034937570995883830164347129297 ],, 
  [ 58265192551552031, 72058677931032460306981 ], 
  [ 448236815286269389, 61092988086187323151, 82129031688198876883, 
      25944124000378868048350466017 ], 
  [ 1679618850128180868330888560947722641337793 ],, [ 300991873261 ],,,, 
  [ 2333706160074857, 19270499676372811 ], [ 106892568721, 23274125572279 ],, 
  [ 4948935066354965533 ],, [ 46164593947, 32312753616097 ], 
  [ 7340610653, 172302647521 ], [ 313499142751 ], 
  [ 40115468359, 361296002346135110330581 ],, [ 1852051051917148097921 ], 
  [ 418233700849 ], [ 2403853879819098708844571 ],, 
  [ 1160252950948941037, 617933956127052524287223649083757823969 ],,,, 
  [ 1053259781780329, 211856993619963521255114041, 
      1994758422835009418855835469369 ],, 
  [ 8638458116975779, 309062031073905667, 
      9905627329976016364968846277657010551 ],, 
  [ 7247296561, 136028820275264958044203766867469467428804094138321 ],,, 
  [ 327776025721, 64337619217873 ], 
  [ 1167128497, 2042592412897, 912601385071489 ], 
  [ 126128519701, 2512217599354727501 ], [ 74172696880027821144735409 ], 
  [ 1049939491999877431 ], [ 2781868285953843394850013377 ],, 
  [ 106192384801, 49502544438817031884501 ],, 
  [ 288141701049295903614769, 523692253226678087980474129, 
      27023483164087975948612715758537 ], [ 54817929625267064899 ],, 
  [ 19413517811 ],,, [ 44546761109 ],, [ 3326607973912701601 ],, 
  [ 49587930109, 188262157983889592455417 ],, 
  [ 2369033137, 373921204253, 970066508951493517 ], [ 2396841481 ],,, 
  [ 10078114840029937 ],,, [ 48257693857 ],,, [ 405853749304183 ], 
  [ 1364433001 ], [ 42663686167877898817 ], [ 1213922641, 15574741531 ], 
  [ 639433010651871529 ],, [ 321015346968406539129993541 ],,, 
  [ 407992379749 ], [ 18344724929, 1238826717514685189115913 ],, 
  [ 721523512385014483 ],, 
  [ 21131123706593, 109416545214673589, 34838904614577210524252401 ], 
  [ 3956220577 ], [ 4817465201, 105448114069691 ],, 
  [ 8389748961712698380452449547777 ],, 
  [ 62029990289006387, 1882705149816608416237 ], 
  [ 1259793991, 1073321150071, 15523580423521 ],,,,, [ 50514391801 ],, 
  [ 9919726065763, 1191646902169699, 4829588763593697116521 ],,,,,,,, 
  [ 3597805261 ],, [ 716958559247401 ],,,,,,,, 
  [ 8783175721, 81034751384844856721 ],, 
  [ 19394749837, 188388215696623, 348540455487391, 22279108257420114577 ],, 
  [ 465812093377 ],,,, [ 3498722473, 1918833771433 ],, 
  [ 295715283962169941, 4051042415328880878932071 ],, 
  [ 271601790769, 343304975487697 ],, 
  [ 1065117422539, 78210661800774673, 10761895311261273271, 
      932467762784016584669233, 5851662656333098304695087 ],,,, 
  [ 512895736753, 3669336807588565261, 200039202345751887161, 
      522995865348364048733 ],,,, [ 1826905348511 ],,,,,,,, 
  [ 1390864751, 85249159542636237725094489001 ],,,, [ 129192385253 ],,,, 
  [ 287875187928026929, 14967034104351272085451 ],, 
  [ 3453186022219360232382461 ],,,, [ 410038446313, 14351426007337 ],,,,,,,,,,
  ,, [ 24245764515157 ],,,, [ 358951236841 ],,,,,, [ 65474505127747 ],,,,,,,,,
  ,,,,,,,,,,,,, [ 20745723461 ],, [ 4092579502895491 ],,,,,,,,,,,,,, 
  [ 6748545494093653 ],,,,,, [ 3572408731, 40641889861 ],,,,,, 
  [ 389046273841, 230605937925553, 841001169878689 ],,,,,,,,,,,,,,,,,,,,,,,,,,
  ,,,,,,,,,,,,,,,, [ 11340192781, 323759570779 ],,,,,, [ 4496709445633 ],,,,,,
  ,,,,,,,,,,,,,,,,,,,,,,,,,,,,,, [ 20434141141, 47908943881, 67732578061 ],,,,
  ,,,,,,,,,,,,,,,,,,,,,,,,,, [ 2344627801, 5143472101 ],,,,,,,,,,,, 
  [ 340860422827, 775904920561 ],,,,,,,,,,,,,,,,,,,,,,,,,,,,,,,,,,,,,,,,,,,,,,
  ,, [ 149122852802033441341 ],,,,,,,,,,,,,,,,,,,,,,,,,,,,,,,,,,,,,,,,,,,,,,,,
  ,,,,,,,,,,,,,,,,,,,,,,,,,,,,,,,,,,,,,,,,,,,,,,,,,,,,, 
  [ 3725114251, 340360356302227, 132073102075824443 ],,,,,,,,,,,,,,,,,,,,,,,,,
  ,,,,,,,,,,,,,,,,,,,,,,,,,,,,,,,,,,,,,,,,,,,,,,,,,,,,,,,,,,,,,,,,,,,,,,,,,,,,
  ,,,,,,,,,,,,,,,,,,,,,,,,,,,,,,,,,,,,,,,,,,,,,,,,,,,,,,,,,,,,,,,,,,,,,,,,,,,,
  ,,,,,,,,,,,,,,,,,,,,,,,,,,,,,,,,,,,,,,,,,,,,,,,,,,,,,,,,,,,,,,,,,,,,,,,,,,,,
  ,,,,,,,,,,,,,,,,,,,,,,,,,,,,,,,,,,,,,,,,,,,,,,,,,,,,,,,,,,,,,,,,,,,,,,,,,,,,
  ,,,,,,,,,,,,,,,,,,,,,,,,,,,,,,,,,,,,,,,,,,,,,,,,,,,,,,,,,,,,,,,,,,,,,,,,,,,,
  ,,,,,,,,,,,,,,,,,,,,,,,,,,,,,,,,,,,,,,,,,,,,,,,,,,,,,,,,,,,,,,,,,,,,,,,,,,,,
  ,,,,,,,,,,,,,,,,,,,,,,,,,,,,,,,,,,,,,,,,,,,,,,,,,,,,,,,,,,,,,,,,,,,,,,,,,,,,
  ,,,,,,,,,,,,,,,,,,,,,,,,,,,,,,,,,,,,,,,,,,,,,,,,,,,,,, [ 2899103565073 ] ];
