BRENTFACTORS[947]:=[ ,,,,,,,,,,,,,,,, [ 191038934359769 ],, [ 1972699891 ],,, 
  [ 321077483057 ], [ 50749214203, 14349726663969101891 ],, 
  [ 429240506081201 ],,, [ 91440666073 ], 
  [ 3841590058263751, 59511486468632411 ],, 
  [ 3858399439, 51059539129796058785710903 ],,,,, [ 17838960301 ], 
  [ 2631649939, 635776811777771893, 1490004586942176883102073 ], 
  [ 1591480085452883, 8148668193560891 ], [ 100424139954577082062927 ], 
  [ 3894939919963721 ],,, [ 319746046511 ], [ 1060873872982929098947349 ], 
  [ 793973861602733883373899731011 ], [ 45865369185741117039325583 ],,, 
  [ 4060518537273762257 ], [ 793172629230301 ], [ 3583552700832103 ], 
  [ 1505029131481357 ], 
  [ 4823387537, 7895538367, 1089720319115630641414085026315793897 ], 
  [ 4359033361, 1149119819495443 ], 
  [ 34481360007986684101, 2489593578480355774938661653691, 
      344836311912367670364396995465921 ], [ 174339214001, 861672670446617 ], 
  [ 1093505443 ], [ 11102338889, 47881995368070580801495794830483 ], 
  [ 7322394966382079981 ], [ 24727993627321 ],, [ 140133476797277 ], 
  [ 182415486563713449903151, 6062548037071066889728806674893 ], 
  [ 49146060701593550977, 460392226263573774507978242573761 ], 
  [ 154993352156349461, 109469916716248886981 ], [ 16113117560431 ], 
  [ 152497795935694347736015013 ], 
  [ 538557543779821, 1589389306208580466599158411674081 ], 
  [ 4028036951557, 36163057046765797, 48310098388159179391, 
      15173915133701451944968819 ],,,, [ 1625203557415259 ],,, 
  [ 5409739889, 2522604940527417269477, 973758233974387830860197 ], 
  [ 4528971196674471567993589, 
      1608349321104130641033326456121122366047894664911717 ], 
  [ 7334122530716823222230579717319931 ],, 
  [ 5833779825591574351681, 231269716695429520577098561 ], 
  [ 1787205061, 11281826991511, 13035301554907, 
      5438808224278129468340467464956533899152439684774379231 ], 
  [ 26067573608551140311399696798009983 ], 
  [ 19806448154177, 141146569669051, 766902168437679895409 ],, 
  [ 112302764495139611, 2950406485090170661 ], 
  [ 754645931019166964811351244144653151 ],, 
  [ 140452281091400923773201925397127807193 ], 
  [ 1952453521, 2683470151, 6851582387025973910046872054065075279, 
      496564177264082828613204132157903751753 ], [ 48872881261 ], 
  [ 76999603241862386177, 108938803529037303951770551 ], 
  [ 99332171077950782299373, 
      115231481225863827671967138030344172682169310540469 ], 
  [ 13889341108198852088043571 ],, [ 31221308800811, 60251697189841 ],, 
  [ 174480486107, 4956344241340733, 12694171738599996515749, 
      30861545862163679189757157266211 ], [ 114244460126017421431554088067 ], 
  [ 1028683328311, 10409103286957, 270347514946344397, 
      195008152559722862765755006801, 
      342019680354383121973895170021895940875803 ], 
  [ 21630615795985906897599920106960135841131569401 ], 
  [ 492151586183, 78289672290986017033871 ], [ 42478163773 ], 
  [ 17863092859, 54235755191 ], 
  [ 724887269809, 994212198996641353, 1382108472695754857, 
      106204963826148721119041 ], [ 25707001966606210742859324514833490831 ], 
  [ 2145598243446065911, 3761409870558028950145186275418241, 
      6500928111538221655908621176492063837718023 ], [ 1147936112803 ], 
  [ 162533056938877 ],,,,,, 
  [ 120813980508156421330634719, 5102860623371915471504791441189 ],, 
  [ 3404309323141, 18199375555301955071297, 86774394721589111883668765961361, 
      246287476009532153089998073651628281 ],, 
  [ 261374734633, 2761318835058341140926899, 
      1492779239706869322714357111328075570592578010310881 ], [ 12734710031 ],
  [ 308323867807261460521 ], [ 596830795345951 ], 
  [ 3620642627939255812008133943 ],, [ 2501939197 ], 
  [ 210711017782265997327281501 ], [ 46391268673, 253403684748691093 ],, 
  [ 9730246435295806081 ],,,, 
  [ 3483964001969276426188583362098073, 914792705570621681332390694155807177 ]
   ,,, [ 697061513723108282364331 ], 
  [ 42501586546345337, 7714500906516915761, 55669285045194891211177 ],, 
  [ 186092809423 ],, 
  [ 1290484350104254124951741, 355808892392295967437666522901 ],, 
  [ 1455467143884511, 1969117082927615245906191601 ], [ 1675447362733 ], 
  [ 1306478951577955297 ], [ 21346795419041, 165672811666301, 395905008694081 
     ], [ 11925100968182551 ], [ 22626317323 ],,, 
  [ 568459580730658395451, 29519358976131986220751 ], [ 147750544153559 ], 
  [ 2898694350759755529613830788153 ],, 
  [ 553554239239, 14858746740827683, 1740610691436395096473, 
      27136395915157640518318626023 ],, 
  [ 837007039679840049351472641848250870988806786001 ],, 
  [ 1950981802622269, 72935518988148511555542220703 ], 
  [ 1678448839, 388495654783, 1594000062217, 160341390778411 ], 
  [ 1801038406669428160001, 3462016370497430581189128450721, 
      27778611433822853767894236533493662704808284362173357761 ],, 
  [ 14484508232977 ],,, [ 3613593432667780749331 ], [ 165145243322860824097 ],
  [ 7766072143 ], 
  [ 3482777135255496713322241, 27077340616813906692112761769, 3085531919974274\
5358605884957478692361 ],, 
  [ 34016410219198688521, 282814143855278525283994841 ],, 
  [ 1739910499508172097 ],, 
  [ 664931141709319, 1148480581492177, 1678191519910272453624537974371 ], 
  [ 868352634451 ], [ 3170585410754413505337793 ],, 
  [ 1203552848903, 4053744020834863, 53914455072604890031951, 
      22309476426484569571576247 ],, 
  [ 180837013823727270211443961, 51934383322271116214632202161911450601 ],,, 
  [ 136168340594901463 ], [ 120911415473 ],, 
  [ 7431624806985277, 517795777000508221104533468779 ],, 
  [ 42324084120138512057 ],, [ 25160678941, 2055610697621675582046481 ],, 
  [ 4993206529 ],,,,,, [ 22771551643448225509 ],,,, [ 8210388648807467 ],,,, 
  [ 82450055913427 ],, [ 103922467791377 ],, 
  [ 164680942428936652303791680216401 ],, [ 49940249573429, 7910149379710517 ]
   ,,,, [ 66285236586843116785729 ],, [ 326022336491 ],,,, [ 62996559298861 ],
  ,,, [ 3796078157, 44514440288701 ],, [ 5557707693829801, 45218764014385033 ]
    , [ 12882168666019 ], [ 32366191151291 ], 
  [ 8821797601, 133756197037, 199007152205528437 ],,, 
  [ 112011264387726672413251 ],,,, [ 444236837969 ], [ 3738937986089 ], 
  [ 213848793841 ],, [ 129594446323 ],, [ 3929452976389, 5915575204783693 ],,,
  , [ 419689439993 ],, 
  [ 172120775704762200879001, 398542027327504365002149758061751 ], 
  [ 17263553599, 4930017072892452022901 ],,, [ 1879095811, 22923440968877 ], 
  [ 33837133377991 ],,,,, [ 415007038741602061 ],,,,,, [ 1064938394319871 ],,,
  , [ 8586172785938976181 ],,,,,, 
  [ 1037198019841, 5539398133117, 20249325086444749, 184757880198919501, 
      3013123232870781572732329 ],,,, [ 6089767601 ],, 
  [ 184942128030889939, 400400551040828878987 ],,,,,,,, [ 2820001151476471 ],,
  ,, [ 422383770943, 7039953482059, 89791045310149 ],,,,,, 
  [ 132863842764902139001 ],,,,,, [ 1909623153013560613 ],,,,,,,,,,,, 
  [ 898352656891 ],,,,,,,,,,,, [ 159132372916771 ],,,,,, [ 7834302001 ],,,,,,,
  ,,,,,,,,,,, [ 4377687058897, 169755856937683 ],,,,,, [ 13582338344777161 ],,
  ,,,, [ 990644272727311 ],,,,,, [ 87972211510741 ],,,,,, [ 7950745027 ] ];
