BRENTFACTORS[3847]:=[ ,,,,,,,,,,,,,,,, [ 11151994346030539656353 ],, 
  [ 21356870747612793773 ],,,, [ 9975669481, 21204564324855929293915147 ],,,,,
  , [ 24507876697951727, 6956935515795066383, 124583109304397453057 ],, 
  [ 3485677664087051, 592528801009898310028242853782859 ],,,,,, 
  [ 7306691540331383 ],,,, [ 1785345282737 ],, 
  [ 1118345683580033, 91189276925177839 ],,,, [ 1329586877940203 ],,,,,,,,,,,
  , [ 372173411399 ],,,,,,,, [ 8355799946068693, 65672562484146547389307 ],,,
  , [ 4793932365833003137, 18689685548021236760519, 139785457384148795253607 ]
   ,, [ 129520246107787 ],,,,,, [ 43245581497, 267822062639427913 ],,,,,,,,,, 
  [ 3154499879900087321 ],,,,,,,, 
  [ 22338413593669567, 2010362517175319550724891 ],,,, [ 49905046730579899 ],,
  ,,,, [ 7676786477 ],, [ 2542208102439132593591 ],,,, 
  [ 648190955962883, 53618743778502893 ],,,,,,,,,,,,,, 
  [ 19610843078522733437 ],,,, [ 95748196981814513 ],,,,,, [ 23178619823 ],, 
  [ 20943522080081, 4670211165858167, 88318315343793547, 153197342605730491 ],
  ,,,,,,,,, [ 629153027011213 ],, [ 2824876597670353 ],,,,,, 
  [ 24995323789, 621725166926584999, 2073332054659679357 ],,,,,, 
  [ 2180544889, 658149532693721, 4999365556574910527 ],,,, 
  [ 185238380381191, 1153873412689401557 ],,,,,,,,,,,,,,,,,,,,,,,,,,,,,,,, 
  [ 19765143700249 ] ];
