BRENTFACTORS[48]:=[ ,,,,,,,,,,,,,,,, [ 1356350177521 ],,,,,, 
  [ 26808466547, 165374783771 ],, [ 95877899651 ],,,, 
  [ 3190120273272418851359 ],,,,,,,, [ 19819857637 ],, [ 6399102331261239757 ]
   ,,,, [ 80854908865294909 ], [ 16415574869 ], 
  [ 104283948421, 407565142561 ], [ 12761271590843473 ], [ 12121306957 ],, 
  [ 69178543169487767, 96313641291003767 ],, [ 4072835692996489 ],, 
  [ 9013085165975591837557 ], [ 1352605396893697 ], 
  [ 133346010356326028004534788938271 ],, [ 39166598329 ],, 
  [ 2265887836608864040905434730500399 ],, 
  [ 6295979327493762037, 3318484479336240782385604991 ],, 
  [ 1687867926697, 11463867371190997981 ],, [ 352117439762401 ], 
  [ 73822362307 ], 
  [ 23237274733, 371090708084147, 35750748665248736305173739734831287 ],, 
  [ 264220802709065943877 ],, 
  [ 32832012401339, 367039451115109683425496739151353403190983238803 ],, 
  [ 292944651683, 51577085552086923203, 646113161323644351556787, 
      73939661219892732024148919 ], [ 4947215336162956097993953 ], 
  [ 14699431690183008304885201 ], [ 13796411198041, 39380963349241153 ], 
  [ 12625444003242391867284383489983013164509683 ],, [ 283589166474468577 ], 
  [ 376279296997841 ], [ 705707512940527417, 9543191682098948349381593125861 ]
    , [ 11003064020413 ], 
  [ 1036025257, 8640831774471025854185361157, 20614187046333194205951817656525\
2778683 ], [ 1072578193 ], [ 67312979341, 31858432490180111 ],, 
  [ 848557916903565703727413 ],, 
  [ 706754734271, 813157425861856547957759, 4703766082376872913135741404021 ],
  , [ 1250142349, 1810004030108166357193 ], [ 945830298888042849557 ], 
  [ 60382750957, 106484750017, 11229489686276101 ], 
  [ 1219614913317086629177, 14357051244898307574973 ],, [ 2492087396737 ], 
  [ 4318844710437184280430899 ], 
  [ 121472224903, 11495423671999, 279307608307476013861 ], 
  [ 6635417453677, 9443403748153, 579245512003472479871703493 ], 
  [ 1326539778001, 8095020975930143401 ], [ 1198938479 ], 
  [ 3385995061, 15046928594194747 ],, 
  [ 83853960863089, 942499063408906797898417 ], 
  [ 95525875237061641, 13537746567872078581 ], 
  [ 385735606172209, 1446050602074967789 ], 
  [ 135056548967, 532174849827949, 135550625722479047, 
      295872733977749072819009005441357, 
      4352563785041748911153105198339202742019 ], 
  [ 294676606848817, 2115306485221840921 ], 
  [ 26727429818989177, 399803884336021208697259742587193088744370201, 
      10920635947943223928855683369437149209727270403 ], 
  [ 28224390310692207088269781 ], 
  [ 274958378945152069, 13039505587931936666466853 ], 
  [ 3673834143379637783333671969 ], 
  [ 2640319166238194648390812661219375087, 16672991430438256365982754852292988\
4410073396101 ], [ 6632395513 ], 
  [ 1332911641, 1506304338662964263800052901794122980721 ], 
  [ 6183985351233699601 ], [ 10763298076906909 ], [ 947530325982934315368121 ]
   ,, [ 13427893441, 212536121402641 ], 
  [ 1322303278187, 367593301364052761395775987618299919, 
      457571799097206117987684058335840345886038335581582249 ], 
  [ 12494240785597, 125857943168739619 ], 
  [ 2058441901, 140309433626098632394005677072754040459993 ], [ 7610326277 ], 
  [ 69729285795251, 16160017883964421605680784726251 ], [ 3062033466409 ], 
  [ 24752062158529847186139235333390248598029899 ], 
  [ 417813806500107334422529, 171384369229251163605657601 ], 
  [ 171820374850249, 4982493903645962214196117, 22925064352219864543352547457 
     ], [ 42089011957773243468857494891 ], 
  [ 121736434823, 170796471815640577 ], [ 84060818911873 ], 
  [ 25308200963039, 7271729845035467910025033 ], 
  [ 1239936656006667118209397 ], 
  [ 236441905741, 5304275652231532215981557106494214241 ], 
  [ 20098184481655402257929 ], 
  [ 409916036821, 888083028191, 638296755877078290624667358207 ],, 
  [ 1824199086531469062016753, 129119910446361967486860097 ], 
  [ 320400641752661, 22510579079929647467297741 ], 
  [ 479989321769550973, 518123230342849144281517, 
      1982960614553080204864199950800237277 ], 
  [ 48628680617825849222822943816304274431172688697 ],, 
  [ 1890017860028435319421441 ], 
  [ 3345351873897399361, 39624061741103253580315631 ], 
  [ 2412609277681, 1915718315110517716364389566100921 ], 
  [ 1679466432552453227677, 2360954879167458361554740817515751577, 
      23912435750037490239118606436745891673 ], 
  [ 9717733520501, 119369915421989, 18031781756372514577728788771141 ],, 
  [ 72173688151, 113325779472601 ], 
  [ 38976431168686095971, 282889396572311367923119670889725531, 
      4062981471699148120370110302462831626159, 
      505391639922953188859593100295969316227581969939377 ], 
  [ 16341411017, 39986966380937, 5404868180956712984378881 ], 
  [ 32152724173, 8715148307533 ], 
  [ 61372621551821240431, 3224590896954934485840296282463314623 ], 
  [ 206470319088433021 ], [ 2030595315287446753 ],, 
  [ 3107180180635675510791302028079 ],, [ 624233897375041 ], [ 1139431586987 ]
   ,, [ 1631863417 ], 
  [ 61628181581, 146221851596003034869, 11256694859184805704498747327936559683\
1771245433709 ], [ 77197082359396379423951467561 ], 
  [ 2231153209843, 183893115800039602309, 
      87961108690577391042202524119638008673 ],, 
  [ 32851266002689, 951021490624529521, 74440100746807673473 ],, 
  [ 7728126535618454382217914661863833206621 ], [ 73898096653 ], 
  [ 840315888751146701, 21692499711527162464163011129278289 ],, 
  [ 169584612019 ],, [ 4464648416273, 14140059079954176981052919809 ], 
  [ 51258387217 ], [ 615665543287, 265620987707426380466137 ],, 
  [ 20258173183046041 ],, 
  [ 1388269468728871, 5235593972465679733, 13939810916673894130967089 ], 
  [ 399143859073, 2654601114661, 4550481665857 ], 
  [ 336239116687057, 67543477355871754751077873 ],, [ 8479624757563 ],, 
  [ 12007721729720651418454990052808601821426737579411632177 ],, 
  [ 3249282721, 9270261085258501 ], [ 59371422581929, 164668346076253 ], 
  [ 21353864578791830657707160550608139764353 ],, 
  [ 75852750377963765089673268845689, 30817116744583227604721084798485021 ],, 
  [ 692064339961, 458685176767263293 ],, [ 18307302751 ],, 
  [ 2882869290886058478812438081668601, 
      1229228512187875570316762081328791879598889201 ],,,, 
  [ 2098948849564604119635541128671207449162633 ],, [ 155691083761 ],, 
  [ 1222444746389786493601 ],, [ 5272896091, 14776134999595261321 ],, 
  [ 224220569213755759695376657826452541, 
      68724781396995583109648084118333369462883358741 ],, 
  [ 63134413652051954253888888103, 
      3486334580909609306216069033566123605634524215251551523 ],, 
  [ 18117069885073, 294171134997485193839699377969 ], 
  [ 145369028687, 310270735153 ], [ 5367207896027315154262965814388701 ],, 
  [ 323069350561, 2779826911089819581 ],, 
  [ 627679603164703, 5222200024397453281878649 ],, 
  [ 37172861377, 272669629211612064978842689 ],, 
  [ 16150003328947, 39553755361476098332771, 529875465517967540871217, 
      208171796809968904585189595341299344848867 ],, [ 341932349498473 ],, 
  [ 118102872027818173550269785751 ],, 
  [ 245877221521, 12283835067560503430297 ],, 
  [ 6415307263, 1062312570307, 222154306005801984487236253, 
      15145852527865768046947999826062069 ],, 
  [ 453397473572809, 1772681068755415166420295102715856789 ],, 
  [ 818648497755483624931451696610890241877, 
      8027593722322405565947115502844798533836467 ],,,, 
  [ 7406745726009649279789, 1046900439547093751067212903161 ],, 
  [ 101008927728568679189, 123680191666637024764890577, 
      5980974818013763326126593237 ],, 
  [ 1788006967, 340721248597, 513032659646209, 
      142817456008568086721363934945121 ],, 
  [ 472822333953528759649, 1444352635414618390369, 
      289542804637447267139826473, 1703203050479197263333875517361 ],, 
  [ 858422830876758093855001, 16164079440762109760361751 ],,,,,, 
  [ 96441306605569, 7937848288406017, 33012005351855617, 
      996908831499779651336335038538638593 ],, 
  [ 50943739208419, 1042511044395005745239479877012553497475570013467671346223
     ],, [ 180931665696804121214252889137527779821 ],,,,,, 
  [ 914538587483641, 4405929039207109, 290864139657890053390872190231, 
      169483426446735763839748165870827932909951966528980849 ],,,, 
  [ 20797722811, 36008148355313528569233781 ],, 
  [ 1303276506913, 11921411051865313, 3396357975589484833 ],, 
  [ 122557766059, 2021525321291782677345911389, 
      2610519709655337185903076072162523849, 
      15467795052242319438991883829997945015743763261 ],, 
  [ 355900400857, 9396661840793209, 1113323866484332479167473 ],, 
  [ 8706871975471, 3037055585031699806332184708269 ],, 
  [ 1172083372429807511270341433081, 1848323525620012783201559014184733136841,
      2434761687411664522899407790146785488481 ],, 
  [ 136370523628123, 615299237243011, 13669449435238241599, 
      20331570282128163892380534365688348639485113 ],,,,,, 
  [ 142144434098912563149889 ],, 
  [ 2082136625783355544488204880886398444448371 ],, [ 1991222639489752729 ],, 
  [ 65010665917, 472553746261695430487759659931936553456133359757 ],,,, 
  [ 1632289764808394787353239 ],, [ 264873576849516988941260401 ],,,,,, 
  [ 1661233841173, 
      299839356745776912027463530137971612085273276417080011691613150216701 ],
  , [ 485318202601, 877880243549, 11301385630921, 93685741172717 ],, 
  [ 884307159091 ],,,,,,,,,,,,,,,,,,,, 
  [ 9585368431, 39479668141, 27282132670651, 
      90282058699511198732935786619260300973175811 ],,,,,, 
  [ 32882626103713, 2200954455286273 ],,,,,, [ 69773020561, 12371863481983 ],,
  ,,,, [ 479450243216689 ],, [ 2955772037582640151 ],,,, 
  [ 106621929061, 129334936298370559 ],,,,,, 
  [ 3832349023533603578258821681, 45656154005151504579203743830728720924118552\
1 ],,,,,, [ 15203947441, 17281192826539, 41230764649791751 ],,,,,,,,,,,,,,,,,
  , [ 11037556993, 4722505470721 ],,,,,, 
  [ 79911902811491960673673521710191, 930116650871735765791388561707642239871,
      74181981016965338638888111019596208262573618963291147403627051968669901 
     ],,,,,,,,,,,,,,,,,, [ 62127299953 ],,,,,,,,,,,,,,,,,,,,,,,,,,,,,,,,,,,,,,
  ,,,, [ 25466315090851 ] ];
