BRENTFACTORS[4817]:=[ ,,,,,,,,,, [ 1192288043 ],, [ 80297786574487 ],,,, 
  [ 132166770519498119 ],, [ 228651622786661, 4773747723835037 ],,,,,,,,,, 
  [ 5798177467, 269963944893204156083453834633, 
      151541873796050929622160303246146361228381928739143 ],, 
  [ 7939203932561167918863753013, 
      39666590346912039776244671145312363297478906407371617890047 ],,,,,,,,,, 
  [ 381334212697 ],, [ 4341117428009, 3560418419336983, 25164556051616963 ],,,
  , [ 299996369644449412001 ],,,,,,,,,,,,,, [ 8250186272511671291429 ],,,,,, 
  [ 1028286276691527963713315038426247 ],,,, 
  [ 109367877439357596971, 18946409168446214905204409 ],, 
  [ 1321377452577046177 ],,,,,, [ 28687549596251947856743 ],,,, 
  [ 10924601101 ],,,,,, [ 71916879979897913 ],,,,,,,, 
  [ 123114720629, 30694750201826097733, 44840486489566468730883629 ],,,,,,,,,,
  ,,,,,,,,,,,,,,,,,,,, [ 11880837113884549 ],,,,,,,,,,,,,,,,,,,,,,,, 
  [ 37075334388217 ] ];
