BRENTFACTORS[42]:=[ ,,,,,,,,,,,,,,,,,, [ 1482402079 ],,,, [ 241391288891 ],, 
  [ 134475618065651 ],,,,,, [ 26051177423 ],,,, 
  [ 209388486581, 2064058539341 ],, [ 1920380291, 2429335789, 43059534339617 ]
   ,,, [ 51536026081 ], [ 828769232849, 399117075942382166881 ],, 
  [ 3542371317981806123086359389 ], [ 1418881993 ], [ 23214437040060361 ], 
  [ 2026691783 ], [ 476181198178427051 ],,,,, [ 14240965493, 14555124533 ], 
  [ 2969688024031, 1313372442855743981 ],,,,,,,, 
  [ 853814767889, 3011347243007, 380374960373003, 81759426276425182777 ], 
  [ 1196618911 ], [ 1985468030407 ],, [ 34492551826295291 ], [ 160640573413 ],
  [ 13361935412165990230552514221797560879 ], [ 2635459477030656434633 ], 
  [ 2001592081963, 252093501527562388819 ],, [ 5958768641294017244091463 ], 
  [ 45331106719321 ], [ 107962601897, 132132726824059229 ], 
  [ 66576169588193 ], [ 2399499269851, 961288902706592101 ], 
  [ 702368735493955315832860301 ],, [ 58465998631 ], 
  [ 660574049895481, 25811771416851428847341301341700629265898403816347 ],, 
  [ 121541129533, 12705810946903, 560961210132690414543714583 ], 
  [ 3299581344571 ], 
  [ 3128876732619743377408105201, 15090582881760554568834969721, 
      30938036124273758938264175707288661 ], [ 985023610958941 ], 
  [ 8233632101, 218269855421, 1751213833395557228146137678467341 ], 
  [ 216803431799147308608401 ], [ 35918136703, 3651703581583 ],, 
  [ 18698582905289477, 14444379222199215931, 
      5735037882936470515855886923634466519997049 ], [ 27171831445741 ], 
  [ 27022015343838524148433897554238305475734147013398836309 ], 
  [ 173735224109, 267249548501187589 ], [ 5351336500729, 17214603734147011 ],
  , [ 102696171422104463986904170781328596751870731 ], [ 97921741921 ], 
  [ 24381429986184461, 46190532124990391411467, 1079650278318606699092022251, 
      17226761180341004526485947731719037932471 ], [ 3262238798491 ], 
  [ 234373090934137193434426100841739 ], [ 58728331301 ], 
  [ 72343254277331, 770405866326240857 ], [ 89188964023736497 ], 
  [ 454315547730883, 8376530141991377267465577473 ],, 
  [ 19234605792687574641676801 ], [ 15810572130737, 402070443112853237 ], 
  [ 5399951881 ], [ 242939258767771734529 ], [ 301451064247 ],, 
  [ 12825935396608668109, 357176948305271777719, 
      40244387113216549081740968881 ], [ 2552816449, 5538775313 ], 
  [ 106459144286951671624637 ], [ 1531094329, 455459569835623 ], 
  [ 384850697752640098018651, 8605134781061747580055809288252412434191 ],, 
  [ 2045631925226938556760559714529929 ], [ 747270440711 ], 
  [ 6807525265001446301, 8464626895959295917596283299, 
      62543983423201664451980683345651811462015237531 ],, 
  [ 16418246251942801597742863, 
      2635459299916441985876199813543685033773376236715392402967649079988963 ]
    , [ 17863283569307161736407 ], 
  [ 1576303384692551751684511900137451131637 ], 
  [ 4947196423396642966182984831168841 ], 
  [ 82562246188360501, 271146041603042119249786100816335130251 ], 
  [ 1579727718577 ], 
  [ 278839927740163, 51825543417388080896437241, 11721264187849129219980957116\
41373, 1769071135587570863978332688746614466639 ], 
  [ 720569345052631937, 59532284236561896692702595847851521 ], 
  [ 85537465575949754701144812470641 ], [ 367645736101541 ], 
  [ 3627155179839447241457653 ],, 
  [ 439730815231121506735653851, 1024330935114514951403560879 ],, 
  [ 457182759300031, 2013320670646580935802461527392291434251409346131 ], 
  [ 622354927246293001, 6088347637355187137, 982289514124867099849 ], 
  [ 26993416368991, 2497737430672849, 8969183144151553 ],, 
  [ 604653897839, 674916192034213, 472548566708466820363024287842804459 ], 
  [ 383425547951516342373155731368301 ], 
  [ 873834312271, 2549197992707677391719, 5115096199119525700071306659538781 ]
    , [ 1316591151899237791, 3589406053057926886457013867048374983 ], 
  [ 660754423590691 ], [ 38680733804833 ], 
  [ 21739147676261, 580750018568211355747167057112391005378031, 
      227900034852881024522110992722753835345270307171685311 ], 
  [ 14466235327009612050469, 18483720164101215791756623 ], 
  [ 199968854497068526637973951840792424652689 ],, 
  [ 478594084971367, 71237856693168838472177461 ], [ 90154089885751 ], 
  [ 36412670790388537 ],, 
  [ 5660834149, 1354583463652016251903, 1652433471612707262685828183, 
      11584385060546808708361238233, 230769076336508502091275607459 ], 
  [ 6200139810227903 ],, [ 79362049573, 18905020982173 ], 
  [ 1497078081888503416733, 318907201996449722540331199811550347 ], 
  [ 79543986484742002765297757130592026320876923401280201 ],, 
  [ 10043121927253601, 23229276764984558747824749716321 ],, 
  [ 2823396913, 406497454453, 3855247223098087 ],, 
  [ 45676172916135264172887757, 1602464562207341700373738762979734472344789 ],
  [ 9032256607858546775150885208535595057583287076511 ], 
  [ 47543671084663933191696637271683 ],, [ 115092931286572849 ],, 
  [ 147201012701, 148501056998171, 2593626609933611801, 
      7691873892771087667830234931 ],, 
  [ 37623572450841070056601997306133626080065097 ],, [ 33415055701 ],, 
  [ 104793876353, 568664178168903697 ],, 
  [ 5694458699, 41781486991, 349035763041748093601885641969575494566839149471 
     ],, [ 5463399479729007961, 246778237173570716881 ],, 
  [ 963920450929160345071356472693510110468439838141 ], [ 11037733573 ], 
  [ 37124746685464681 ],, 
  [ 226634051949035225389, 4682209247052541960246153960553101 ],, 
  [ 498980585372177, 8058570744078961, 563797868431463411088116021 ],, 
  [ 77955685201 ],, 
  [ 1946070532186324993, 39469030165867548167057661254690553409 ],,, 
  [ 110408801251813742536951, 4211419897162170182848110204511184893010491 ], 
  [ 13917225081498283357083295102887783074671811958712590847904033702749 ],, 
  [ 67998722221, 94823844391, 151729049917567 ],, 
  [ 329713535414201, 114919215143967827647801, 
      317524831209485963952705891613308001 ],, [ 2217299617083966599 ],, 
  [ 2965496625457, 9747407063293 ],, 
  [ 3205759730446358353, 215143266272643357851021, 
      24556305100797071022251827813652561255801 ],, 
  [ 12503118161, 85452333420581713 ],,,, 
  [ 48960591536729, 1443333690970906010917541, 397854175495361485133414773, 
      16887196118269175077993127690114875985514937 ],,,, 
  [ 1098087663565153, 13751834575120526263809889 ],, 
  [ 6676107289571, 4062800967857230293967, 180299012862828975679613167, 
      3359543478302537497406822866519438997492592060137 ],, 
  [ 559190601421, 950251235341, 20728825857511335919741, 
      520933948645207524548132881 ],, [ 34208760331, 17818197148819 ],, 
  [ 9592051370630996737, 196467371693291927201, 41199420369201919809601, 
      180446682003077915759174004548210272097 ],, 
  [ 1420251283392801066186687056732633652823273631, 
      422761575886759572850744613755906902228949584463 ],, 
  [ 9159471589, 97477686282649, 594483630356669257, 
      3106488147506407386032160129637 ],, [ 551900541387977160991 ], 
  [ 28388990479543 ], 
  [ 45779933643003424649, 384075353239526523879747983067179976473 ],, 
  [ 127491369088639336093, 31022764759320433622489757486543772527487 ],, 
  [ 478982133735163352055397768862527946108881543659671769483901373 ],, 
  [ 15854233627, 39439458001189945609, 
      193160563536675476982884597328674106117837135741742876603 ],, 
  [ 28317010558532161 ],, [ 824013198995699858003, 1082939056358140717751599 ]
   ,, [ 1305816934839137389 ],, [ 98042176721973572428039652098444235683 ],, 
  [ 35430820879694756489, 9555134291983055763628313, 
      8174749577057811461010773213055337 ],, 
  [ 20072658398286170766841427251, 42144318122943424077866484251 ],, 
  [ 26707553655025699314585170516675038623792875746634810360773 ],, 
  [ 12568649469151155218213, 48333244047647770848542761151060384944435333 ],, 
  [ 59194609921, 1522583549441, 2604710637339378433, 179116624156560666196993 
     ],, [ 1521398813763300839697748687 ],, 
  [ 6602642057699253333301, 16489272058110191157905051649927904643129460738698\
40142541 ],, [ 590922774706210193701713533, 1757022359057976555341991718003 ],
  , [ 28154369604689699680728610190473 ],, 
  [ 27396937659841, 7241896978893089428819461864183396072658713661277 ],, 
  [ 13749958443853 ],, [ 23233031821, 16570115069249649387048301 ],, 
  [ 14878809831965206534916511674097454831489 ],, [ 119677356677 ],, 
  [ 1757235897757, 3503058210728390231017, 
      4293850521266133098668465720085312115908521 ],, 
  [ 52543822259557900165734753987926495515547 ],, 
  [ 202902419734007561, 31829200926197318813947369201, 
      434824124449232262133966534647708048270545785481 ],, 
  [ 1000908241, 419788881511, 13597337887681, 
      244510032728458242303570483072932749, 
      995393681242705862848165037545561447 ],, 
  [ 15326024852176856537, 882652440005303338467217843189238880915835361 ],, 
  [ 252886631999, 272074965851833 ],, 
  [ 562195514590273, 12025507657999368739681, 
      213955128312198003410727212732930401 ],, 
  [ 1388728617805351778311, 2498558422619802498348545561 ],, 
  [ 614829567029, 4099209378222529, 8489409919633361 ],, 
  [ 63845012659, 77871643883881, 63388273191590591543674138681 ],, 
  [ 20009600297, 3124524138214255001, 131603492628069328308217 ],,,, 
  [ 1135927501, 1751794128703501, 795961133043159001 ],, 
  [ 132272202882072359 ],, 
  [ 4121532887489, 15209451569761, 107685225924123227953, 
      502891471596166379504359830156641, 13899186660994990492652411067264017 ]
   ,, [ 114543871669, 264752658397 ],, [ 2328382255805451294373 ],, 
  [ 812076430901, 756829560804988831, 953757344265957961, 984150415252261531 ]
   ,, [ 290446789217833 ],, [ 4241957471887732850220437177968399679107 ],, 
  [ 9147630844501, 2950068506418750654456221 ],, [ 2117084777757411013 ],,,,,
  , [ 17239461661 ],, [ 26160855499 ],,,, 
  [ 3025765051, 13437870923472149428891 ],,,,,, 
  [ 1607055307182682876513, 7039348074751818263763587137 ],,,,,, 
  [ 270076238569, 835119965791 ],,,,,, [ 344680806921193 ],,,,,,,,,,,, 
  [ 84197736474272443933570246664059201, 
      115456071956291054362018387138932953946327156966287139241 ],,,,,, 
  [ 1766828986333 ],,,,,,,,,,,,,,,,,,,,,,,, 
  [ 569920822203103113991, 3040058748880596259543670425217971 ],,,,,, 
  [ 12049853509 ],,,,,,,,,,,, [ 35610793599289 ],,,,,,,,,,,, 
  [ 1276601539410121, 2402534446521733021, 
      2139282906590773855232001018281174975101 ],,,,,,,,,,,,,,,,,,,,,,,,,,,,,
  , [ 140517978290101 ] ];
