BRENTFACTORS[1217]:=[ ,,,,,,,,,, [ 61576671817 ],,,,,, [ 2468931397744371767 ]
   ,,,,,, [ 130563677593866751469, 521456223134752370123 ],,,,,, 
  [ 5656627758517, 34104880533961, 71984266913124472195403 ],, 
  [ 41968141464350800868803, 3807391008566148795069829 ],,,,,, 
  [ 45231173329, 2666173110641, 8634309994091, 42438757561180021 ],,,, 
  [ 3461981140811, 23778858721951 ],, [ 20575553149, 922070147743914431 ],,,, 
  [ 3381688971426549107032276427, 7176297124321013548530447315187955689 ],,,,,
  , [ 33909571403, 8443199664471179 ],,,,,, 
  [ 17802765687933510099063813025951497246533963 ],, 
  [ 217299356086367, 696741095609731, 71148103122011681801786209 ],,,,,,,,,, 
  [ 5715141977752657, 205672127690403961, 384685460632421607943, 
      898385584072822903451, 27511681560339678243208399 ],, 
  [ 94544063389, 86887742041975682102914343089 ],,,,,, 
  [ 15969346298937030064291081 ],,,, 
  [ 7115123707, 20328501101, 3212931906824222806021 ],,,,,, 
  [ 1035552131968700119, 58960184547876921863, 23853201590707324722829 ],,,,,,
  ,, 
  [ 3371572367, 1125100463063, 13654604051870620829, 164170857974848022756387 
     ],,,, [ 2654964463645612075870045537 ],, [ 211672477708331 ],,,, 
  [ 15455120046900132735221, 141222845598247146878728760666687 ],,,,,,,,,,,,,,
  ,,,,,,,,,, [ 1036026077, 33591013687420539166429 ],,,,,,,, [ 353971766053 ],
  ,,,,,,,,,,, [ 546561710706003253, 355087275949523914787 ],,,,,,,,,,,,,,,, 
  [ 931917120347 ],,,,,,,,,,,,,,,,,,,,,,,,,,,,,,,,,,,,,,,,,,,,,,,,,,,,,,,,,,,
  , [ 274301170358549801 ],,,,,,,,,,,, [ 56543969034249683929 ] ];
