BRENTFACTORS[5657]:=[ ,,,,,,,,,,,,,,,, [ 16795789099 ],, 
  [ 18854622573646681, 119908801446157099 ],,,,,,,,,, 
  [ 383360290441, 392219704593825298128736211, 
      828138353905679716655267846012143 ],, 
  [ 5313552149, 368008490593, 27860884552223 ],,,,,,,,,, 
  [ 258724033030442381, 
      1956452794433235275324542501636374804263730019055192903 ],,,,,, 
  [ 32487753413 ],,,,,, [ 43673356483, 182121572305215663236172887 ],,,,,, 
  [ 11821101587, 507664217360867239 ],, [ 292985778690245401746017 ],,,,,, 
  [ 19800429351431 ],,,, 
  [ 26027060863, 132577813108271, 72069638253418829533685789 ],,,,,,,, 
  [ 3257418506351 ],,,,,,,,,, [ 3484133775234170007029421688598891 ],,,,,,,,,,
  ,,,,,,,,,, [ 2957261249351 ],,,,,,,,,,,,,,,,,,,,,,,,,,,,,,,,,,,,,,,,,,,,,,,,
  ,,,,,, [ 1518060403 ] ];
