BRENTFACTORS[665]:=[ ,,,,,,,,,, [ 48188532701 ],, [ 3191991947, 93508196497 ],
  ,,, [ 17255876657 ],, [ 89974356361, 240889067317 ],,, [ 43178777687 ],,, 
  [ 155089987567823212301 ], [ 120639163009 ],,, [ 20952122846359 ],, 
  [ 22950319157 ], [ 17470769539009 ], [ 144388772419 ], [ 1577039339247887 ],
  [ 556415649637638782298638941 ], [ 179494678621 ], 
  [ 145271774757735242415525257372036105741139602159423 ],, 
  [ 124113955447, 295848838376599, 2051380359362959 ], [ 1451033946361 ], 
  [ 73224737611, 46238730134945720803752032861 ],,,, [ 2126817687871 ], 
  [ 2981752899190584767 ], 
  [ 1372646563, 2516993304780241373, 112427218867971099981451 ],, 
  [ 6226956945906185551800182971, 777784105639762810688863426027 ], 
  [ 162267053332652995151 ], 
  [ 566600168798373977221, 7338412841989206291066127 ], 
  [ 3362830472551510198191664705957 ], 
  [ 535062426971, 1663379898207947, 380716142291190049 ],, 
  [ 251312981671002957882953921 ], 
  [ 198427519540097, 120603617813621455854713 ],, 
  [ 289096521141388901701, 40933117451760678692966709743 ],,,,, 
  [ 953619707955123317669178842066368639 ], 
  [ 15778033573848645646931955725518994773070657 ], 
  [ 8826913367881316993108267137372971150535923952519386691 ], 
  [ 8622931928557 ], [ 9223443076501 ],, 
  [ 45909928137553696792489, 1574372189604147109138049499663510267642031 ], 
  [ 359119658994605111 ], [ 4202888381569 ], 
  [ 149428843849, 9666306821689417 ], [ 24536744137381781 ], 
  [ 2801646721717, 1828312636246753, 869962682889308731 ], 
  [ 13326752601423637501, 502960443514743744601, 2670388795687909357598211151 
     ], [ 8783219266458566221, 3617193249726807185303307192973 ], 
  [ 23280099613 ], [ 857684727591277 ], [ 904272772253 ], 
  [ 382835364929518918874246641 ],, 
  [ 83383028341043, 3410800670682852261832867, 25709140242427440578914853 ],, 
  [ 5346596870413, 98874711724850731069 ], 
  [ 1204911623101, 2608665931109381410788721 ],, 
  [ 22716516848569, 2514674069919299863 ], 
  [ 26043037997694904836634549669241924079211337 ], [ 1267575203 ], 
  [ 172656011437111 ],, 
  [ 2495239209292376168682373834661270406385386264742389737 ],, 
  [ 650605234603, 150002043610811153, 
      35243830574400595413965441387543883419487513683 ], 
  [ 1348810428871672765931 ], [ 3128847937, 387275984024737 ], 
  [ 26230228229, 46203397543 ],, [ 63062839621, 179663011434612477700170859 ],
  [ 6702397790440201, 232490092610649001, 177295978817164114721201 ], 
  [ 329012770181, 5199977639905781, 48614920435055058203296601 ], 
  [ 76124438080770229356037598313266215411 ], [ 1052566477, 71862380237 ], 
  [ 4415653009, 30916740089, 4306692100161581729, 60042674308252113713 ], 
  [ 15771553291364029741, 156175955154860438701, 
      5010833997076171709541735197260185961 ],,, 
  [ 6569630075396593, 62585056612626409 ],, 
  [ 13643856491, 3990422767211, 150274152578441 ], 
  [ 443986809435795976748921078581 ], [ 2436091173713, 357512611602482113 ],, 
  [ 249225952437019 ], [ 149687109371, 3534975767111, 258156751584002468311 ],
  [ 5502000526845481 ], [ 57378322655025986249843542373377 ], 
  [ 7944417508273, 397707704429633719673, 3718456161364203542025920231 ],, 
  [ 267303499459877281, 758040121646127297101281 ],, 
  [ 14981074547, 515525082949, 566300512816272479590321349, 
      1386280126325430994997381821, 
      535218803914757664700023948155971250523850751 ], [ 177847035781 ],, 
  [ 15976157251 ], [ 3727179541, 1909323029608157899 ],, 
  [ 14885756033, 25028692993 ],, [ 5323710820538111 ],,,, 
  [ 16595961373, 163003932037, 1278882849241, 11637091029613210717, 
      669509027840768560903897, 1688563654334375605397815891 ], 
  [ 2018278514739013724864230593751 ], [ 1439486397619784737557001 ],, 
  [ 55013690189032417, 42241802966394269021005777, 
      3309171894187667643912402468194563 ],, 
  [ 13628961952800952051373917317137258907314459728954348848961 ], 
  [ 43694066719 ], [ 1846613385047, 2004665576818829, 9296090708034967 ],, 
  [ 13175048467729, 677976905763460302481, 296986279474859338357921 ],, 
  [ 5071727034109 ], [ 16760003034815167 ], [ 1036237785178560856937 ],, 
  [ 1536278851 ],, [ 1166114372009, 9560251772339249, 33639154916539097 ], 
  [ 4188284700013, 71896392206623 ], [ 22468028097352387932454528457 ],, 
  [ 76240337317, 67802157537292761876275535339363033745183603501 ],, 
  [ 28479659561845801 ],, [ 252336782190721 ],, 
  [ 181697074399, 323056640178433751031527872084399 ],,,, [ 7704182177 ],,,,,
  , [ 13863914289857, 935232618112871755390097 ],,, [ 26349413384351 ],, 
  [ 13929302152411 ], [ 1244311623082463279523805471 ],, 
  [ 3375894601, 548696496052600707961 ],, [ 676986651240297736766331359 ], 
  [ 17508770221 ], [ 14254392049, 143197131062761 ],,,,,,,,,,,, 
  [ 4086746292662325937, 116783764363065485969936101 ],, [ 912056353363 ],, 
  [ 635338093001, 7253920598931796129001, 69092011414468357314605303801 ],, 
  [ 567036856534545433 ],, [ 14897108367653564013742993 ],,,, 
  [ 282090362863458236257 ],, 
  [ 15212445202770542381643146636251359517516117891 ],,,, [ 265875721169 ],, 
  [ 705610495081, 2883018412657, 6359103912550177, 3320457011727980041 ],, 
  [ 36517966327 ],, [ 54952552209587341 ],, 
  [ 609210727009, 15714609979571887 ],, 
  [ 948160612079548548353, 1009135545508900972122913 ],, [ 1690457401 ],, 
  [ 3952211737, 75197392729, 25424429278972837 ],, [ 29158107401 ],,,, 
  [ 1670288230756549, 1614714181912205691409, 3109238856781914607687 ],,,, 
  [ 42374296524955487 ],, [ 62092318081 ],,,, [ 371019309070373 ],,,,,, 
  [ 2155484917109136495251 ],, [ 25607613510361, 50042526419089 ],,, 
  [ 3618017521 ],,, [ 335599510930378095735937 ],, [ 3516657301 ],,,, 
  [ 1070268020499476481937 ],,,,,, 
  [ 79471861566310384464511, 605083052307589840544737628881 ],,,,,, 
  [ 59482457820901 ],,,, [ 20374607072225182284313121 ],, 
  [ 15628324100087321566051 ],,,,,, [ 68526010706328010546750420285249 ],, 
  [ 38896726181 ],,,, [ 27772443343, 988469555015167 ],,,,,,,,,,,,,, 
  [ 9631247044477151017849 ],, [ 4171315051 ],,,,, [ 346261832911 ],,, 
  [ 241314926143, 27215035679509 ],,,,,, [ 6244913053 ],,,,,, [ 22801476391 ],
  ,,,,,,,,, [ 1344255961 ],, [ 11369947540249 ],,,,,, [ 157642638973 ],, 
  [ 26291177851 ],,,, [ 134603647723 ],,,,,, 
  [ 1371194732881, 264974270031721 ],,,,,, [ 580752131808439 ],,,,,, 
  [ 3127717502754109 ],,,,,,,,,,,,,,,,,, [ 1342795492880791 ],,,,,,,,,,,,,,,,,
  , [ 61651682129137 ],,,,,,,,,,,, [ 1408500661, 26990194060201 ] ];
