BRENTFACTORS[54]:=[ ,,,,,,,,,,,,,,,,,, [ 1397884427780837 ],,,, 
  [ 1082115547 ],, [ 2862908351 ],,, [ 1010072029 ], 
  [ 3466267049821960127683 ],, [ 127434059207370200227 ],,,, 
  [ 38873377734941 ],, [ 3030800093, 141362224423742107 ],,,, 
  [ 60413020133476551165451 ],, [ 1011950574340642238711 ],,,,,,, 
  [ 596945139813751, 14892608421824107451 ],,, 
  [ 6894640527668267993302319242909127261 ],,, [ 107318238599184817 ],, 
  [ 421422699282677 ], [ 3107096944460816323298986967 ],, 
  [ 32904029059528723344352074697 ], [ 8231056086247 ], 
  [ 19105846633441, 3495845318902147 ],, [ 15185123592341 ],, 
  [ 106517687723052678547, 1050445009419437545768796471 ],, 
  [ 157528850646793, 7144370503768184098969 ],,,, 
  [ 80107501483, 19488327970343, 4011878164774845538194840762226632246817 ], 
  [ 9523534754549 ], [ 174713627662931452651 ], 
  [ 13924259978095060647520849 ], 
  [ 5149932139980883659199588387989642224843329 ], [ 60039747769 ], 
  [ 254814276120210415314479, 15360808263637150931763890567, 
      2231217917221511370132426634843 ],,, [ 115989440308175060771 ], 
  [ 37695892873, 459466997079191436847347287 ], [ 3563992741 ], 
  [ 2145778421, 2684619601, 126567354137453469671, 296533006795980474076681 ],
  [ 1998057437, 3261347987, 24813564779 ], 
  [ 1022400836917644493892338133546381376721 ], 
  [ 273592166319293886428394097 ], [ 1571967823477598398207079 ], 
  [ 1651755455355961 ], [ 116588789591 ],,,, 
  [ 1635889307058569950668543743375787911 ],, 
  [ 565442216662871, 241390514089757965534231677959 ], [ 5452518064787977 ], 
  [ 6156213440537633519377 ],, [ 7557334965417781993 ],, 
  [ 427602459407261, 89068228876514243948957 ], [ 5591921701284129982288753 ],
  [ 839200442022969151211731, 3353171631789531190661401 ], [ 1251023237 ], 
  [ 128757474366423985394617693511, 
      50528841928436868814066576890187121645074135870896753762523 ],, 
  [ 2073820267, 1106797138446221, 1135357123920707179509499, 
      44801995291336858881440862341, 332370117231225888166982324803 ],,, 
  [ 181196478954035444944590621654811625681 ],, 
  [ 2595530911, 25087002870289750231 ], 
  [ 4940477741, 29047354127131, 999682714404168539220355380225003431 ], 
  [ 3918911156341 ], 
  [ 44913243961, 18826425813313, 3951020667307941864697941295434163 ], 
  [ 207439587020189, 391600580957541681107, 3173348287333655783884840344347 ],
  [ 1772984287410689304043, 
      3040612303542998414596967794339170614180979223146026905589321279 ],, 
  [ 370291620931 ], [ 8072710111 ], 
  [ 344210443963, 687837740989063392358594155433, 
      179346348702805421001508265711270218312722091 ], 
  [ 4458230758773551238806221 ], 
  [ 393553126697216501, 853063741464888001, 2284436782164365896507386418630607\
722533309005501 ], [ 29091554983, 237107326681 ],, [ 1228323841 ], 
  [ 25682261064289, 21089352541948699, 
      70443837474956411953110661495357600768962667 ], 
  [ 1051194821, 7787128441, 419494353721 ], 
  [ 323698697093706885489555133880833424245487 ], 
  [ 68375843581, 2285762335726665662593 ], [ 139845951196868141262354241 ],, 
  [ 35809988761, 302366875875338971 ],,,, 
  [ 5886502531843, 2473018794107939133037769272167009334459 ], 
  [ 1074592494361 ], [ 62284437601, 68803377588679873 ], 
  [ 153080499755961747293, 1001447668488266726361978256153 ], 
  [ 3166325382339775609313865649, 
      200534072030771200041284371646965724521710220906295087813877219509118421\
151598197 ], [ 57898262593, 44116576005689720353 ],, 
  [ 6438765773451803890295459 ], 
  [ 1369352654718721, 4111536955334593, 13514513518053978193, 
      9338809408557913141734787, 271456794459827800076072737 ], 
  [ 1490699981116954981409337864670325309611984971289 ], [ 6503767414436329 ],
  [ 1404672601, 2997528476401 ],, 
  [ 22752625713739561729, 25293925073127463130142473999982266021033 ], 
  [ 108430144589971, 1817035968744614584009 ], 
  [ 208385831423510460006216805877 ],,,, 
  [ 29630631214482464306621098331888309366006887 ],, 
  [ 161019141207591521, 5994536046495833388554881 ],, [ 87670676367312450193 ]
   ,, 
  [ 2339288293, 711711126769723354043410700124553, 416562247777331386623103011\
47646493 ], 
  [ 3654076000806503527898562685781841211, 20894639920017570128611875553296556\
656132981961 ], [ 7902086185617703254715956497483 ],,,, 
  [ 73876707391, 469695843177764886244502741459641 ], 
  [ 698111552221201, 1977518838775177 ], 
  [ 86044179638437, 5650943461564030061339827664477737 ],, 
  [ 291772129062333304451022144511 ],, 
  [ 46343916961, 319199382833, 76102646639924459131420902433 ], 
  [ 39073568912803 ], 
  [ 1463869711723422952733, 7492053862858994490905496065427338617 ],, 
  [ 290908365841 ],, [ 41088375511, 1448883039196555873 ],, 
  [ 127138398069217, 223004774901752741561, 9488128373728604761433849 ],, 
  [ 121116125898457 ],, [ 46795302382178097879728926856945164969 ],, 
  [ 845065924684172861, 19396164242031894213342660733352521 ],, 
  [ 1669090197734704897, 5068653019812620929, 1700281224496730921473 ],, 
  [ 33691070568248018329 ],, [ 3286319108827515784297 ],, 
  [ 27296600124385879284392366865881262463 ],, 
  [ 61692046601, 997316786560000228601 ],, 
  [ 30456847951, 189682883050637, 34311120883067879313462845660068809829136153\
829457418017524164477 ],, 
  [ 425677221181, 483448276045494591029685619968108589 ],, 
  [ 2515742785929486410616899, 7632603909242964980367315688168327 ],, 
  [ 19981892236305793, 3175050406722240891937 ],, 
  [ 5178386431, 52454026158055559299218301101961 ],, 
  [ 493000989531279354277679713, 
      1528169167560233646613530887225101002598496019528769848037496885313013 ]
   ,, [ 29650633469, 467915161793544582775514822039983 ],, 
  [ 1590246127009, 4075356118070161, 
      736423057849749568043986979757302484597051169 ],, 
  [ 3298756716950425568871701, 
      12696085963118344245236785292100700234511318218684762807 ],, 
  [ 28854489841 ],,,, [ 57781239451937, 132046203281938177 ],, 
  [ 98693471588561745959420668131252987558361063, 
      615943338306176001268326854730619104598323618717606727 ],, 
  [ 6446996503054918607164477, 72979240609781598230922694081 ],, 
  [ 35261796112708922291 ], [ 43594844833 ], 
  [ 610231418649588735392962567577, 1063601688450908342736725967601, 
      8345102184426133116184859766288021888432961 ],, 
  [ 4871021651263, 511253590054663, 32443939622457945495343, 
      16731287010449074053387601543 ],, 
  [ 47504495461, 137096353237, 712727300553353386873940293 ],,,, 
  [ 1269416641, 2067065489767448261857255060801 ],, 
  [ 560671358167146073, 8394003224255412347 ],, 
  [ 1184744929, 28704771254893, 173855567096330593562307601 ],, 
  [ 1292158297, 4286374774126283962087325433304879 ],, [ 5892583073997190177 ]
   ,,,, 
  [ 1214505925208101, 8503837218078049, 9495938606438003581, 28598396763808695\
75957099649 ],, 
  [ 585422252796754949, 28931093397553282423, 10965692106038923279111 ],, 
  [ 10016286875393, 247613693361406545024422587649 ],, 
  [ 3369009409, 239940898737265291325688148951 ],, 
  [ 1128045361, 146304048463748761, 47965376825807892483258853381, 
      8971124795273286306990318795890761 ],, [ 6109392461558359 ],,,,,, 
  [ 50225777425462921 ],, [ 3256098754065044105795992590618271 ],, 
  [ 853797114931009, 320812977762457608190248097 ],, 
  [ 150481144271006743723073982238870927 ],, 
  [ 97273776997, 7327640368994491038373, 
      16891387934040105359738643521696861548645621 ],,,, 
  [ 718588627681, 35166369220698394561 ],, 
  [ 1848143304121, 14188415762078574256189870949569 ],, 
  [ 25606311509330100930663980521321, 707652158096087115330996017915869 ],,,, 
  [ 23812499447110069487919945437184566494849, 
      27776171407810810571161877020162602644858591741664001 ],, 
  [ 837759098204141, 18673164486304300266975360608499121, 
      668918832822588864138550657958369161 ],, 
  [ 143799875867589271469592530607985854541 ],, 
  [ 693180847496504909333677907184397543, 
      24627164336797553232478318590609574587520179095521 ],, 
  [ 226855436593, 20070649785401, 12567058222163089 ],, 
  [ 47419866563, 1179201520204348807 ],, 
  [ 1914554250097226389801, 1645126020386943323956201, 
      758255731207411211545162669201, 1882282161751796501714959822892101 ],,,,
  ,,,,,,,,,,,,,,,,,,,, [ 22968924733 ],,,,,, 
  [ 329823537907268873054567787841, 
      6609649670306818379231692025128936904822739901670551 ],,,,,, 
  [ 56697277729 ],,,,,,,,,,,, [ 1133391109 ],,,,,, 
  [ 635468382747361, 1984462056215707231, 343794796444818252799 ],,,,,, 
  [ 782857192321 ],,,,,, [ 859701147509137, 37405842953516333641 ],,,,,,,,,,,,
  ,,,,,, [ 445522629889, 514219265659399681 ],,,,,, [ 1506585096413173767121 ]
   ,,,,,,,,,,,,,,,,,, [ 231179748011235217, 332568130507575172849 ],,,,,,,,,,,
  , 
  [ 4560495241, 3106925829001, 11792176246533901, 3162469420052169315384031360\
81 ],,,,,,,,,,,,,,,,,,,,,,,,,,,,,, [ 5575177911601, 495797161721387401 ],,,,,,
  ,,,,,, [ 7655973294817 ] ];
