BRENTFACTORS[336]:=[ ,,,,,,,,,,,,,,,, [ 328821741359 ],,,, [ 9334858513 ],, 
  [ 204102350843, 290305174811433978437 ],, [ 3631201524213925451 ],, 
  [ 14952416509 ],, [ 4721108000936501 ],, [ 946337905511, 588821570859061 ], 
  [ 2048568137249 ],,, [ 45197637241, 15938866147051, 49270073927131 ], 
  [ 1360226737 ],,, [ 1907026843957, 477063887110678687 ],, 
  [ 18501446957359 ], [ 7955763397 ], 
  [ 7459183427, 88161815369, 15764372513353 ], [ 24289517336173 ], 
  [ 10118101771, 25202466451 ], [ 1203137228202089 ], 
  [ 247564303859, 141772127930857, 23774518482418703, 
      702409554679656523034617 ], [ 3398911403089 ], 
  [ 1576662127072427146249 ], [ 99607505955628051 ], [ 163599660277 ], 
  [ 79963280195917 ], [ 36095655619, 949839157400227021 ],, 
  [ 402670277016522880746070081743572651 ], 
  [ 1179395561, 200961889379926201000601 ], [ 56786658766561288530937549 ], 
  [ 67958748017 ],, [ 1425776901361 ],, [ 1458567956460010811 ], 
  [ 26244931118229736042527863803 ], 
  [ 1988399617, 1872401573694172289, 577550508502251014516417 ], 
  [ 2078889932491602981311938651, 83572032925395018535289896886743801 ], 
  [ 127318125806996653 ], [ 20898267042223, 257651016218571235339 ],, 
  [ 9244476067, 3981974726819646327573313417 ],,, [ 7209385201 ], 
  [ 2414224949652018196151, 4060306730209315206640079368031, 
      323858581998222693868908026369159 ], 
  [ 480539750382143297, 967278568175925849917375910401 ],,, 
  [ 13881352570958797 ], [ 3347196730783068896209790821 ],, 
  [ 1921509841, 6643790931055807899695519041 ], 
  [ 4158175235844954507865212282951187 ], 
  [ 441501983545201884259, 14148977088828540950399 ],, 
  [ 366266979121, 399628693129, 247960253837353 ], [ 899256224079575291 ], 
  [ 4284331747, 3357398796799 ], 
  [ 24086064319, 16942523404363, 8020548567711232009, 27445386279194896756543,
      10928228227145013444655927 ], 
  [ 1706285355693194321, 336405210021016862238041, 4684305900324816141315721 ]
    , [ 7969815967, 366708059209 ], [ 740845820138100221431 ],, 
  [ 1284689277316040985467080991125974887621 ], 
  [ 2189031769, 104880724209466549, 105214625491051492921 ], 
  [ 889404033607376327071 ],, [ 1996567177202969701061289240137281 ], 
  [ 3899329483384649 ],, [ 84124512095779, 1221924061744849 ], 
  [ 1509805201, 2254398001 ], [ 114547257852334365557893 ], 
  [ 180637683510667492291027 ],, [ 3344641708682873 ], 
  [ 1572975036991, 463512733424388405303250333937644137396028771 ], 
  [ 93252274853, 396487015885218098671, 58111620701022009887645497, 
      2406397121655382741418905549 ],,,,, [ 912688520767, 151200403017673 ], 
  [ 136825766382817 ], [ 308075631367447633 ], 
  [ 75184306835634058417537792699 ], [ 4729945631 ], 
  [ 11373080808883743070624943631533587817805002982557, 
      26477794324587772709662239079131738880651238573153 ],,,, 
  [ 37356593761, 12131788247641, 1290657066570311521 ],,, 
  [ 757129569298295908432741 ], [ 319891139315774557 ], 
  [ 1378315210246298251 ],,, 
  [ 6323135233, 37379861377, 90116428105880199927809, 
      4497559641385939472871041, 15638850088064557080325216665651424001 ], 
  [ 127008701047 ], 
  [ 833040547872391, 2931611383904806311931, 790874270068755757125964388832184\
21 ],, [ 9784881481, 6986789718877, 321497801023724293 ],, 
  [ 31269833155827938881067821 ], [ 13079445976081 ],,,,, 
  [ 6916261661, 1064187901070912831583581 ], 
  [ 4062461936464759, 29594487230805403, 8314087353436592937631, 
      34967983617327273298039 ], [ 405144780552391963 ],, 
  [ 317716444367308168931382234481 ], [ 39032550191981 ], 
  [ 9573761807, 2793252931087 ], 
  [ 1717736810329, 722217766173908593, 27086685724947187402519, 
      380074723774697630059927569933373462094228800058975599 ],,, 
  [ 2177355417097946101, 2893825513011074708218100847857401 ],, 
  [ 14192670504767617, 2151252680366890481, 
      3601280617750927131441587487277727489, 
      3228037413582349709737273205739508159249627356001 ],, 
  [ 57805035289, 256503930299, 175691738373759301 ],, 
  [ 88700381953, 34039191480062653 ],,,,,, [ 284594772079081 ],, 
  [ 20088115123982693 ], [ 326718765784086061 ], [ 1331737132305953492299 ],, 
  [ 7324854199489 ],, 
  [ 11428790941, 14580124121, 21834954494641, 81968489698243331477311, 
      2337101272056111696028001, 15107849225481707393388445401532441 ],,,,,, 
  [ 22381104593, 918980003569 ],,,,,, 
  [ 106781959103, 425056185320219746251323 ], [ 284064936031 ], 
  [ 5270244289 ],,,, [ 32314466669, 15133175813991373, 6007062862242073949 ],,
  ,,,, [ 20117514013721028439, 50365394878576367667691 ],, 
  [ 21478985562077, 4593482261460089117 ],,,,,,,,,, 
  [ 96890590639, 806141584373 ],, [ 1468579942638420490579793 ],, 
  [ 1098822481, 312847636148849667181 ],,,, [ 27369002903684274191 ],,,, 
  [ 5120731493, 5750896290653 ],,,, [ 3564729451320931 ],, [ 3801562913 ],,,, 
  [ 1612850526961 ],,, [ 160830950823313 ],,, [ 105034102199209 ],, 
  [ 31196376461795813 ],, [ 13338903637753 ],, 
  [ 59750652688081, 88443642060059856694035988081 ],,,, [ 10468140983289721 ],
  , [ 1174874954522204239, 8253897856904552009032884823 ],,,, 
  [ 27536068881398046751, 22352046666308828913200501 ],,,, [ 1717420493 ],,,, 
  [ 2717073011437, 4232312359911397627, 10779473899505960135469559 ],, 
  [ 1169823595403321 ],,,, [ 329864459233, 36643000253693632864315801 ],, 
  [ 73357136640551 ],,,, [ 4658408281, 1582761775332266801203951 ],, 
  [ 9334241681 ],,,,,,,, [ 14165652944312154041 ],,,,,,,, 
  [ 274289993929729, 2314124452110487774706863489 ],,,,,,,,,,,, 
  [ 8497428070058242501201 ],,,,,, [ 5468735195983 ],, 
  [ 1070897213, 3593418624678653 ],,,,,,,,,,,,,,,, [ 20706693229 ],,,,,, 
  [ 800287510540981, 955451008413001 ],,,,,, 
  [ 94573520884051777, 578419365466801153 ],,,,,, 
  [ 90490209553, 108391883545859113 ],,,,,, [ 520787104970689 ],,,,,, 
  [ 7124514231301171, 715845989337464917 ],,,,,, 
  [ 7576651081, 29319229617481 ],,,,,, [ 105438895939724761 ],,,,,,,,,,,, 
  [ 99088675502489412450229 ],,,,,, [ 3898741633, 5870650030081 ],,,,,, 
  [ 1365562771 ],,,,,,,,,,,,,,,,,,,,,,,,,,,,,, 
  [ 2188101829201, 193320486911020561 ],,,,,,,,,,,,,,,,,,,,,,,,,,,,,, 
  [ 28690563151 ],,,,,,,,,,,,,,,,,,,,,,,,,,,,,,,,,,,,,,,,,,,,,,,,,,,,,,,,,,,,,
  ,,,,,,,,,,,,,,,,,,,,,,,,,,,,,,,,,,,,,,,, [ 7511146643489 ],,,,,,,,,,,,,,,,,,
  ,,,,,, [ 245853251401 ],,,,,,,,,,,,,,,,,,,,,,,,,,,,,,,,,,,,,,,,,,,,,,,,,,,,,
  ,,,,,,,,,,,,,,,,,,,,,,,,,,,,,,,,,,,,,,,,,,,,,,,,,,,,,,,,,,,,,,,,,,,,,,,,,,,,
  ,,,,,,,,,,,,,,,,,,,,,,,,,,,,,,,,,,,,,,,,,,,,,,,,,,,,,,,,,,,,,,,,,,,,,,,,,,,,
  ,,,,,,,,,,,,,,,,,,,,,,,,,,,,,,,,,,,,,,,,,,,,,,,,,,,,,,,,,,,,,,,,,,,,,,,,,,,,
  ,,,,,,,,,,,,,,,,,,,,,,,,,,,,,,,,,,,,,,,,,,,,,,,,,,,,,,,,,,,,,,,,,,,,,,,,,,,,
  ,,,,,,,,,,,,,,,,,,,,,,,,,,,,,,,,,,,,,,,,,,,,,,,,,,,,,,,,,,,,,,,,,,,,,,,,,,,,
  ,,,,,,,,,,,,,,,,,,,,,,,,,,,,,,,,,,,,,,,,,,,,,,,,,,,,,,,,,,,,,,,,,,,,,,,,,,,,
  ,,,,,,,,,,,,,,,,,, [ 16704766576721 ],,,,,,,,,,,,,,,,,,,,,,,,,,,,,,,,,,,,,,,
  ,,,,,,,,, [ 18654522617279580301 ] ];
