BRENTFACTORS[7537]:=[ ,,,,,,,,,,,, [ 63701904268237 ],,,, 
  [ 53236170773761, 4824677636505523 ],,,,,,,,,,,, 
  [ 116371294911758599, 83676807511736657539 ],,,,,,,, 
  [ 15882638353, 4517427038169001913733160073 ],,,, 
  [ 4418671680402949, 50738723990066086855331177 ],, 
  [ 179854413971, 55445927943047, 23862534892836847847, 
      59864301486681258347863934695990600977212622575351461, 
      103623143461775724311698558496597499531305463391833619005377 ],,,, 
  [ 23779404154512949441734729164707 ],,,,,, [ 13076995664991047 ],,,,,, 
  [ 23245834919 ],, [ 18974842391 ],,,,,, [ 65531794071362221093 ],,,, 
  [ 28239973669, 330013347058262393 ],, 
  [ 16676013859, 153442113048840122335407041 ],,,,,, [ 235979537880988397891 ]
   ,,,, [ 14022633371 ],,,,,,,,,,,,,,,,,,,,,,,,,, [ 119854880457379 ],,,, 
  [ 5946323208641 ],,,,,,,,,,,,,,,,,,,,,,,,,, [ 1821142973113 ],,,,,,,,,,,, 
  [ 165467764521779 ] ];
