BRENTFACTORS[786]:=[ ,,,,,,,,,,,,,,,, [ 1558550243, 3826010923327 ],, 
  [ 1180730279747 ],,,, [ 101814107683, 75881637652427 ],, [ 4123744501 ], 
  [ 70406841649 ],,, [ 1423963145819, 3322355807963 ],, 
  [ 47524596253, 9900413320717 ],, [ 454691112146371 ], 
  [ 90034364481227395693 ],, [ 13250735857 ], 
  [ 16796310374432969965576121573932797896717 ],, 
  [ 14797598401, 45596883209047 ],, [ 196146282537241 ],, 
  [ 230042303565623, 1706559175204399613, 1563869562615252777130963 ], 
  [ 3411848309, 4251233604773 ],, [ 89104695049, 3526134190357969839305323 ], 
  [ 47707525630281313, 273406559500804766419238942380591359060042517604690257 
     ], [ 809275048609201 ], [ 2636599043444143, 140330950067143041053 ], 
  [ 1635325593172151 ], [ 1155763903868504983392725856843873462914023 ], 
  [ 556094138497 ], [ 2425807669, 6622897094215301460412514491 ],, 
  [ 11757603373885849396174721 ], 
  [ 124217653057, 1537768207529, 1172101708428337 ],, 
  [ 1023567394021, 2229581533631262869 ], [ 252934521772841 ],,, 
  [ 113812473914652190397, 543764266338852996139 ], 
  [ 12197660915675742892168897 ], [ 188351700334125366977 ], 
  [ 15052912313414170041096889374937891 ], [ 280494626237576048768647 ], 
  [ 9376646445505634547444931811 ], [ 498311415082116245816045938733 ], 
  [ 1253405287, 977256008779, 78521994502052832946987, 
      229225401329365826808733 ],, [ 2508274774135865160219233029 ], 
  [ 698533980408995238987481 ], 
  [ 58421248161977, 11919669904151110879942736195927 ], [ 286765758905321 ], 
  [ 2542505640313024264775025093923428325518893033966747601 ], 
  [ 118551065420508293156354738799301 ],, [ 56419106719 ], [ 572035695431 ], 
  [ 27416553408285361 ], [ 75037376190781, 1394258305976180812171553940217 ], 
  [ 244884122107, 143385182366893801360348415633 ],, [ 29302742529481 ], 
  [ 478138324295488928102779621 ], 
  [ 1737984581441, 271712773729684698233830478666491 ], 
  [ 11945286733653907, 417298366089631783, 1092734130944651443 ], 
  [ 759450230353, 27618187582931361613876537 ], [ 360188621953 ], 
  [ 521093465371, 3065005935441486225599167081 ], [ 189622006393 ], 
  [ 198861683681, 420561305356448002009815905992417734819749 ],, 
  [ 58234721141, 279381456853, 2081540006093, 102870275317949, 
      1715722892010119, 2288709676096785533 ], [ 47295531086332593010631911 ],
  [ 5590469418591020151058561 ],, 
  [ 2044171844070959, 40708466969818621, 31481924651263048411387 ],, 
  [ 1234695401, 9479608818401, 2362124573815801, 94882227729808218281194801 ],
  ,,, [ 952488274810943910522064921 ], [ 339344201385084349794009391 ], 
  [ 151270806481 ],, [ 71176296454103521 ], [ 3359740924289 ], 
  [ 196230071731 ], [ 540378757657, 162933840980162881483 ], 
  [ 1426664556674113, 16139693806072527765952238865281, 
      2146148223065722012690612845368689 ],, 
  [ 43455317317, 28389692245554775561, 43340062456050498660440911 ], 
  [ 271068220543061, 59238528166263758165621, 7563559838865121814698691 ], 
  [ 828079809536388596981 ],,, [ 1390202379433267, 6657582475098367 ], 
  [ 2631158370785246521 ],, [ 30789796744547558131 ], 
  [ 431477352343, 3835806266097581189988331 ], [ 7908703261 ], 
  [ 11946534751 ], [ 752341067631096777923029331024062762327 ],, 
  [ 2797582721 ], [ 260534097212705515692443527 ], 
  [ 160701753031, 91611075936251, 2167946441652135884631637331 ],, 
  [ 26885820314239566369757, 23603722162219809495792457 ], 
  [ 25416081881, 165684636419 ], [ 29977447531, 6563987472160124426756123 ], 
  [ 43898218384775415392221381 ], [ 34245883715802597396449 ],,,, 
  [ 15986460256989464298232119161, 1365734608832175551347203414684219181 ],, 
  [ 122672536769, 3480500912453, 145407652970603, 
      1822601311062901278012956497767060709 ], [ 3995319901 ], 
  [ 2807824753, 2413076263201, 4051351205281, 104632263993828097, 
      276312410200022257, 271328570678527956498648477889 ], 
  [ 907481088953381 ], [ 42259815960397222717, 109662825045223514417 ],,,, 
  [ 5663245839684810031490856351736051 ],, [ 47858925761963722359937 ], 
  [ 52098052195711 ], [ 55320239591 ], [ 1119820772321 ], 
  [ 10364087867780492790112897, 3219894527151518515243352921874091556280781 ],
  , [ 7130980508039869769, 972951181051416535721959 ],,,, 
  [ 1994349439, 155668135741784893 ],,,, 
  [ 5942290049, 145782745722542714047941747044243 ],, 
  [ 105679417160194033968797126131845095680072348343272868953 ],,,, 
  [ 14224862235209 ],,, [ 30871230601 ],, [ 2125474411 ], 
  [ 460181413659634068969251 ],, [ 53067968886746412043613835226704129372841 ]
   ,,,, [ 1727487497, 134653270369 ],, 
  [ 124238320189, 3611811349938323472551593 ],, [ 27068301853 ], 
  [ 297320356830470023 ], [ 6624391290606836697564851 ],, 
  [ 1231929217, 32106333399937 ],,,, [ 170010534457, 973542503081989 ],, 
  [ 460099973323, 4601964524981758165721953, 54152677582629218996118409, 
      24740039813074784475374385456182620545830624911 ],, 
  [ 12188873057681878798605601 ],,,, [ 1069032615026128537 ],, 
  [ 267978277885022333 ],,,, 
  [ 24183854941, 186408346221496710342461711356377572139459869588013317511781 
     ],, [ 32417555789, 4727966218813609 ],,,, 
  [ 6876358627269889, 596103501107968129 ],,,, [ 2371489781, 27001622146181 ],
  , [ 4065886749181669 ],, [ 2556669706107553, 121081559608618561 ],, 
  [ 2183355193489, 22652444181853 ],, 
  [ 261161236789, 3825094719073, 3291679814539981, 5770093551983649937, 
      49470473189742057241, 167719514064705446432737 ],, 
  [ 1606290031522395091 ], [ 152278955599 ],,, [ 2127725774470895743 ],,,, 
  [ 3325000183, 20699296493, 113355750509, 21312222316897 ],, 
  [ 1252714321091652961 ],, [ 7641787651191521147 ],,,,,,,, 
  [ 187013486959299751, 44969023539467012904251 ],, 
  [ 242720196517, 753326418601, 3369666008521 ],, [ 120307503607 ], 
  [ 3654456511 ],,,,, [ 7066205499341, 1958958403258392080221 ],,,,,, 
  [ 132117726679 ],,,, [ 310786815331 ],, [ 37046105932369 ],,,, 
  [ 157616770657, 68776695927705238887302149 ],,,, 
  [ 352763896575721, 337262290784899201, 149577167634620606718601 ],, 
  [ 562796253662131 ],,,,,, [ 6776604001, 551620934335428091471873 ],, 
  [ 423328230557851 ],,,, [ 148005268559107394359 ],,,,,,,,,,,,,,,,,,,,,,,,,,,
  ,,,,,,,,, [ 252437143049833831, 127614241919856927841 ],,,,,, 
  [ 191373468278497, 3360303880834993 ],,,,,, 
  [ 117221571487, 2231072642038213, 95244511589137333 ],,,,,,,,,,,,,,,,,, 
  [ 295670539081 ],,,,,,,,,,,,,,,,,,,,,,,,,,,,,,,,,,,, [ 1028733435788494789 ]
   ,,,,,,,,,,,,,,,,,,,,,,,, [ 4492749029341375321 ],,,,,,,,,,,,,,,,,,,,,,,,,,,
  ,,,,,,,,,,,,,,, [ 25857396364801 ],,,,,,,,,,,,,,,,,,,,,,,,,,,,,,,,,,,,,,,,,,
  ,,,,,, [ 221354888941, 397483709221 ] ];
