BRENTFACTORS[8537]:=[ ,,,,,,,,,, [ 544712260721861 ],, 
  [ 13738489489408901309 ],,,, [ 410137602713 ],, [ 266651052294371 ],,,,,,,,,
  , 
  [ 3008011777, 138679822250403409147632919, 453517936330764796755512961974807\
6773745556174931478551728920003597 ],, 
  [ 394293025909, 31692085899621463593257 ],,,,,, 
  [ 30541446365098741, 246468872828493313 ],,,, 
  [ 459917011199, 12267589844729, 747307839366659516381 ],, [ 2495964413 ],,,
  , [ 1388176303 ],,,,,, [ 558736965347731367, 581478819438428665536397 ],,,,,
  , [ 39843259214323180141 ],, [ 4113653756753, 310001386281481869913 ],,,,,, 
  [ 381375361513477, 2360136921265733 ],,,,,,,,,,,, 
  [ 4592026325613779003860330439 ],,,, [ 52103283905999 ],,,,,, 
  [ 8267099479979 ] ];
