BRENTFACTORS[4451]:=[ ,,,,,,,,,, [ 111268813858247 ],,,,,, 
  [ 8306293739, 947179504157681, 22205072918528141 ],, 
  [ 224778389413, 296000756003, 626165303971, 245949982059037 ],,,, 
  [ 3757971237502360032262637 ],,,,,,,,,,,,,, 
  [ 11883709541003, 15744168786158396079620942681, 
      1084512856483179189027002662669, 
      1089593509023746746896680583006633896438833165799674271720911 ],,,, 
  [ 13967854456391784380005160771151647 ],, [ 12331247706641 ],,,,,,,,,, 
  [ 5532682403, 1724032259681, 62549500414301, 18852579462671300509 ],,,,,, 
  [ 998207494429 ],, [ 2374120418827 ],,,,,, [ 250767088509069963042859 ],,,, 
  [ 2468200422036354492043603 ],, [ 7013740716497 ],,,,,,,,,,,,,,,,,,,,,,,, 
  [ 7516409608131107263 ],,,,,,,,,,,,,,,,,,,,,,,,,,,,,,,,,,,,,,,,,,,,,,,,,,,,,
  ,,,,,,,,,,,,,,,,, [ 33452751700420879 ] ];
