BRENTFACTORS[9479]:=[ ,,,,,,,,,, [ 31601078213 ],, [ 18408001757777795671 ],,,
  ,,, [ 9189598673672191 ],,,, 
  [ 3762127757, 427727600192579611, 1115717244210005737, 4474574439562012297 ]
   ,,,,,, [ 9474252499, 33811271971, 19064094654817, 73413234841486059367021, 
      4986541751320722079969345553425591088946239827759629277 ],, 
  [ 69428419182813724174675769273977 ],,,,,, [ 3658718452014548309 ],,,, 
  [ 598471295303036471 ],, [ 34436797451282342904666033769 ],,,, 
  [ 166572538822337, 679632223907771132577211873 ],,,,,, [ 3629568791 ],,,,,,,
  , [ 61264297905673, 32487759976335131051 ],,,,,,,,,, [ 3763218113 ],, 
  [ 11111693249 ],,,,,,,,,,,,,,,,,,,,,,,,,,,,,,,,,,,,,,,,,,,,,,,,,,,,,, 
  [ 131408773542863 ],,,,,,,,,,,,,,,,,,,,,,,, [ 1502158873 ],,,,,, 
  [ 25169151677 ] ];
