BRENTFACTORS[3697]:=[ ,,,,,,,,,,,, [ 807451199959 ],,,, 
  [ 277568058235787288546141 ],,,,,, [ 110655990208243, 4512105038481900227 ],
  ,,,,, [ 1865877853097, 497923859049215518949177 ],,,,,,,, 
  [ 366339378640554733992569390849 ],,,, 
  [ 2451412879, 1268913576329792042326319, 2349456603912038772112729543, 
      20811561370057573471175788366126267619 ],, 
  [ 4063053798110623787143, 18744321838122475169606833 ],,,, 
  [ 337883884543635733, 7487003453816571113604385245482247412059683 ],,,,,, 
  [ 70030896733917927599252469155063531 ],,,,,,,, 
  [ 1488550270190629, 14426839037608381 ],,,,,,,,,,,,,,,,,, 
  [ 293520955659629 ],,,,,,,,,, 
  [ 195338435014397216897, 9248819227943639716649 ],,,,,,,,,,,,,,,,,, 
  [ 13507808401, 25437143031329, 40066333990320329 ],,,,,,,,,,,,,,,,,,,,,,,,,,
  ,,,,,,,,,,,,,,,,,,,,,,,, [ 23436899218079 ],,,,,,,,,, [ 8018282557 ],,,,,, 
  [ 1062639007 ] ];
