BRENTFACTORS[654]:=[ ,,,,,,,,,,,,,,,, [ 11584183019623 ],, [ 264199283991143 ]
   ,, [ 736561848634207 ],, [ 58774108000102357361 ],, 
  [ 403617142001, 37792366756363501 ], [ 342564776433829 ],,,,,, 
  [ 12521394226721 ],,,,, 
  [ 1807200878261, 6884225321489, 30958890088869588909565247 ], 
  [ 19864870115593 ], [ 87417369453570547 ], [ 349008245404955321 ], 
  [ 497858306731 ],, 
  [ 261085665463377777097, 159127870436042011762792303690316454191699047 ], 
  [ 687350924657 ], [ 69645422010215431 ], [ 731744272788643620001 ], 
  [ 499805103919322074083817, 2019399338685613306644294599 ], 
  [ 181853887160397601 ], [ 51675062968652619538095988623780024176548397 ], 
  [ 89020359800534534851 ], [ 4923507293972341412754582139 ],, 
  [ 684058921800834232308603056674776262827223943863995281173370347 ],, 
  [ 8534704861, 8403394144774861 ],, [ 1729799179, 11363623353427 ], 
  [ 2127164443 ], [ 21170540048947, 18635434794300266818715447 ], 
  [ 27521757806281 ],, [ 46977999589291 ], 
  [ 8212736071, 485911796512612943467 ],, 
  [ 1838110691, 9312390881, 336028866281324971 ],, 
  [ 190192939799, 1488048566493460709 ], 
  [ 689292542968017087624869105844472857937 ], 
  [ 3741661394356965103045548673 ], [ 624664092838451 ], [ 348134507049491 ], 
  [ 22054106161, 143383600790202601 ], 
  [ 793452436206679, 1772034746045227, 52346016791861579 ], 
  [ 8702846643208939570161153231135067 ], 
  [ 9476169254320301673601, 7504476934753057599684957236740570351 ], 
  [ 1039954929317, 3514966604373893, 13409819732334343917642276217 ], 
  [ 2559266711, 10258710617, 2035280539909, 340810747777501, 
      574658186989131631, 8661757876176377761269856121526781 ], 
  [ 102495351583, 1001384501321541013 ], [ 26333144951405248273 ], 
  [ 78929084621712796817072098000561 ], [ 23027834413, 77611362012894799 ], 
  [ 90681214921711, 128972616993611, 336334917473994461609976714746658890381 ]
   ,, [ 196141786340214678487235629 ],, [ 2629324441 ], 
  [ 6494426227175699027110219, 158251201113368657885892307 ], 
  [ 391099343141384955617 ],, [ 161636547821595031 ], [ 52398748949 ], 
  [ 59412450737 ], [ 4251655217611, 3827676189064972801 ],, 
  [ 465788027660071, 3552312884300648591 ], [ 392183969392294451847169 ], 
  [ 33163946533, 1104347243897443919473 ], 
  [ 1840319840777840321731994654005893238445340342827 ],,, 
  [ 136115367844326935534153 ], [ 4595941501, 4792405934722387 ], 
  [ 1222947223 ], [ 895378822083409, 224857852896703799508361037830995617 ], 
  [ 864737802719378006153465709013771, 
      106286673407870290132244927312765969953756173818191 ], 
  [ 85186484600311, 30813082415280142751 ], [ 1077808219 ], 
  [ 30933268413143594532716881 ],, [ 1175208431 ],, 
  [ 16954300721, 1187485327235439399292405231301990808780193 ],, 
  [ 2803401239559851784707697032083 ], [ 1671877591 ], 
  [ 2293303078849, 30752061999612713, 179833106335123753, 
      69194722769671617076769826115884713 ], 
  [ 44513139129231943, 6915193250022491383 ], [ 20576407841864715655679741 ], 
  [ 874113945937, 12826080418227937357771 ], [ 64143339410264035860518942281 ]
    , [ 28816316278927, 889218564392269 ], 
  [ 162186606997, 896308851953938171835839013 ], [ 168990241571961349 ], 
  [ 2132463589, 22389130249, 24534820332362817452533 ], [ 172560528428251 ], 
  [ 40677554203836733, 165116430926129565919 ],, 
  [ 9667124993, 111912028946417281 ], [ 5452158450084332251 ], [ 1897206611 ],
  , [ 12182066293 ],, [ 189839477377027 ], 
  [ 2263530329490121561, 2505338003045773903688523001, 
      56402687740514473893948937021 ], [ 2289251009 ],, 
  [ 3412768819783, 37191989490197652921385877463968327299 ],,, 
  [ 1400404357870699939, 106604755908609752197, 327351804935744093977, 
      526052183185077262117 ], [ 609334188233893072169 ], [ 3057816763 ], 
  [ 89504359778881, 214918463940790033, 
      1975080812581757483805186128384526985204289321089 ],, 
  [ 8788071713, 12255110153532027674621790883 ], 
  [ 2256067619336119, 24161953607290658840563 ], 
  [ 1153181221, 145730089369, 17520922771657, 34204838098381, 234297088457849,
      823675142948231304541, 4605748974917563408777, 
      9009951463449932479262492759213162209237369 ],, 
  [ 42427678201, 2347415207127086073169206816751 ],,, 
  [ 200180664469, 423226394555491 ], [ 399796674377563 ], 
  [ 768852529857094829420111 ], 
  [ 9082883971356462642385808462341, 47646308182468635392868047896393 ],, 
  [ 13493358616243570081, 333667054256587163087, 9146876630566741670339 ], 
  [ 6102994627 ], [ 127294142561, 37678890442561 ],, 
  [ 32691863535607, 120624508031917898409475447, 
      16069585346892177535195947019 ],,,, 
  [ 120126038611, 9077327263620612981889 ],, [ 982549631705863683067029313 ],
  , [ 1608035874429884531 ],, [ 37717375697 ],, [ 1134418474214780803564783 ],
  [ 191972549755351 ],,, [ 824093638535627153 ],, 
  [ 7076545381, 282076030801, 159552449715961, 399566196149221, 
      17182556569048501 ],, [ 2115594391, 2752825531 ],, 
  [ 641576457458744076713 ],,,,, [ 2086354101889 ], [ 2658232690301 ],, 
  [ 5246955032833 ],,, [ 148277079224041 ],,, 
  [ 3100810949281, 6298130390311, 9197929900963 ],,,, [ 710977785587870693 ],
  , [ 40556155172473, 38059161135810883368268741 ],, [ 635911439411 ],, 
  [ 28856774753 ],, 
  [ 1548865522051, 780991408098122651011, 68869350977790310855895191 ],,,,,, 
  [ 10492182073 ],, [ 205042100127977933 ],, [ 3355941965794661 ],, 
  [ 86614547419, 990512789263, 102822041248458731467216827973 ],, 
  [ 2264105537 ],, [ 14514562303, 4341253923709 ],, 
  [ 15563669197, 16229285101 ],, 
  [ 136355817401, 3418224948767971, 105794157079670275259568281 ],, 
  [ 1229032535478289 ],, 
  [ 1444722787, 2771291953, 1358255731717, 1025596566016749952504272397 ],, 
  [ 425467558097, 22060762975599277, 6598578585138465449, 
      923311144251459179569 ],,,, 
  [ 121177904531273292721, 12302428789228525964161 ],, [ 189629995567 ],,,, 
  [ 12388915738238401 ],, [ 471120790537 ],, [ 1598745666376604985251 ],,,, 
  [ 3264275159 ], [ 167430926714851 ], [ 11005732097 ],,,, [ 12896267801 ],,,,
  ,,,,,,,,,,,, [ 5781288992449, 336581773654057, 164917753281185147570196997 ]
   ,,,,,,,,,,,,,,,,,,,,,,,, [ 2584990172292919970101 ],,,,,, 
  [ 3682762021, 6735732587323956037 ],,,, [ 128944935551, 117848659412881 ],,,
  ,,,,,,, [ 2856381761 ],,,,,,,,,,,, [ 13763291175234737 ],,,,,,,,,, 
  [ 203347186957 ],,,,,, [ 4972930093, 890973495073 ],, 
  [ 241987695802626091501 ],,,,,,,,,,,,,,,, [ 5476759413079 ],,,,,,,,,,,, 
  [ 32236326404731 ],,,,,, [ 67118192472193 ],,,,,,,,,,,,,,,,,,,,,,,,,,,,,,,,,
  ,,,,,,,,,,,,,,,,,,,,,,,,,,,,,,,,,,,,,,,,,,,,,,,,,,,,,,,,,,,,,,,,,,,,,,,,,,,,
  ,,,,, [ 1353258727 ],,,,,,,,,,,,,,,,,,,,,,,,,,,,,,,,,,,,,,,,,,,,,,,,,,,,,,,,
  ,,,,,,,,,,,,,,,,,,,,,,,,,,,,,,,,,,,,,,,,,,,,,,,,,,,,,,,,,,,,,,,,,,,,,,,,,,,,
  ,,,,,,,,,,,,,,,,,,,,,,,,,,,,,,,,,,,,,,,,,,,,,,,,,,,,,,,,,,,,,,,,,,,,,,,,,,,,
  ,,,,,,,,,,,,,,,,,,,,,,,,,,,,,,,,,,,,,,,,,,,,,,,,,,,,,,,,,,,,,,,,,,,,,,,,,,,,
  ,,,,,,,,,,,,,,,,,,,,,,,,,,,,,,,,,,,,,,,,,,,,,,,,,,,,,,,,,,,,,,,,,,,,,,,,,,,,
  ,,,,,,,,,,,,,,,,,,,,,,,,,,,,,,,,,,,,,,,,,,,,,,,,,,,,,,,,,,,,,,,,,,,,,,,,,,,,
  ,,,,,,,,,,,,,,,,,,,,,,,,,,,,,,,,,,,,,,,,,,,,,,,,,,,,,,,,,,,,,, 
  [ 16706119153 ] ];
