BRENTFACTORS[485]:=[ ,,,,,,,,,,,,,,,, [ 15364538801 ],,,, [ 2543037337 ],,,, 
  [ 19855843099951, 33540673588451 ], [ 16355089349 ],, [ 670532060036329 ], 
  [ 3087031596137, 4263507757096732503874348399 ],,,,,, [ 1002290691641 ],, 
  [ 418092707874463, 3890274133063994419 ],, [ 2596687645891 ], 
  [ 1063254121, 4776621738210121 ], 
  [ 588072812777, 57958026182069556000622601028077 ],, [ 3265124397103 ], 
  [ 272292103381, 147843092724053 ], [ 336787063677244414081 ],, 
  [ 132151137688859816104462501542790509537686797 ],, 
  [ 1406264623, 684593545651, 3251419893912079, 201246701505952397, 
      2876115673921835927 ], [ 22991827352801 ], [ 19719526294276503132037 ], 
  [ 7341561787918582771381116686561 ], [ 6018045089243378899 ],, 
  [ 8408429371, 1195091135982481, 71879607997048391, 304143665385317671 ], 
  [ 3056452393 ], [ 71214921320042779, 260918453865718086883 ], 
  [ 6511662901, 219066688158493787 ], [ 1308316608077 ],, [ 597705602867 ], 
  [ 64683461920313, 745196365386359, 18419078852650633 ], 
  [ 3553852567205835087471092019255240031406209 ], 
  [ 12519362535310122695299569726977 ], [ 6816997741057190890021218517235821 ]
    , [ 1747057585258035469 ], 
  [ 23382724776731, 1082737167629112263178751, 2434904940095870241819571 ], 
  [ 4097378194513, 152690407121393667811849 ],, [ 213997546788131 ],, 
  [ 272130851377657 ], [ 9461809883, 444297564305141 ], 
  [ 147189295147, 39183031949360971585243935071 ], 
  [ 986112443997697113773267134039631872002466651 ], 
  [ 6801409709, 57674998945021610306064505266137 ], 
  [ 3767674483189, 16692171755953, 1457558728367743 ],,,, 
  [ 835906065068993131 ], [ 1836143598585042033647500709441 ], 
  [ 4797939661187 ], [ 10886309113, 63688283569, 188932833937 ], 
  [ 4330899376042171, 15865632381548591, 546873585330129491801212331 ], 
  [ 411547389017 ], [ 33643827073, 319284261155511240814231 ], 
  [ 50283664151689 ],, [ 6360808141 ], 
  [ 37205813191, 525343590779725228967, 2615250730714871117233, 
      26356495363326072521559347 ], 
  [ 257711757521939080221103299906262816578587773 ], 
  [ 2114277609307, 259764297206172841, 81856339791214180131928141 ], 
  [ 170143317133538699, 213668930259510720887 ], 
  [ 4638674062236109225181, 220365573663725919818387591 ], 
  [ 7365937210835786977, 1352188075449221926177 ],, 
  [ 96409483752384186682049639708399032980745088074297 ], 
  [ 1017983314063, 4140569945915193742997319560287 ], 
  [ 4057645980626547610901401, 74025819196672110099610464129401 ], 
  [ 7010116697 ], [ 5930590303936313713, 36137440180301459313628399 ],, 
  [ 7600437725392752040455345376297, 13766054951008078413611965860137 ], 
  [ 3427118465821, 16474970872891112246205436007793622443533101981 ],,,, 
  [ 1673136336532325387 ], [ 1343117159552389820281 ],, 
  [ 212337052933304109837336577, 446327682594988770785954977 ],, 
  [ 17203804197979538451265074673 ], [ 546691211424241828114687151 ],, 
  [ 495790122439, 17842651435122126913 ],, [ 61079469201409 ],,, 
  [ 1485318647, 36416861531, 455530193067362843 ], [ 14177192046343 ],, 
  [ 27507208428751 ], [ 1762246506534881030776392967 ],,, [ 33977697001 ], 
  [ 2001132314351, 1464059660288510941241 ],, 
  [ 128911167236053347036748153441, 9305406209295485040120484272301 ],, 
  [ 59485177821383, 11411741926680966092081, 7416638739993787197722959705567 ]
    , [ 8882539107287895439381 ], [ 10024763477489 ],, 
  [ 5713599171073, 59316406097227673077 ],, 
  [ 10172505701, 715784293282116661 ],, 
  [ 1284122623053895577, 32205189573015580913505397, 
      2193768760781264679375195663773 ], 
  [ 254398447733, 467723286889, 23431736635059611 ], 
  [ 108679226401, 1336313207809, 38684222615713198712977, 
      2326980047939656044958329212213938369 ],, [ 51660389154536682019 ], 
  [ 18648637156927, 25898659418415012223 ], [ 2494299019339768373009177 ],, 
  [ 11205267873653199761296277116465501 ],,,, [ 3256312527007 ],, 
  [ 2940713337277, 20156930636046517, 5008969349380863880008863713 ],,,, 
  [ 87094399681, 1000628146241, 7911251323841 ],,,, 
  [ 43300596734121581, 12786017003078824919641 ],, [ 4988236501847 ],,,, 
  [ 1510981802629711, 912259130030275993890360164337841 ],,,, 
  [ 697224417991, 801620575027, 577521308360791 ],, 
  [ 145486535138033, 459964573037794663377793 ],, 
  [ 56385418493, 265940958921739 ],, 
  [ 14524515541, 35388512561341, 9481812919615261, 3981363628224429901 ],, 
  [ 2142355003985883074389, 6297423819876861189337, 
      105073330430793950584327697, 2745157851128143732500425389, 
      3071316931255233504655872501619488609423307 ],, 
  [ 21846199481, 183856333066266953, 363885055787255801 ],, 
  [ 70882824631, 72969016441 ],, [ 24397636697957 ],, 
  [ 71381047592814690104911 ],, [ 35563609682799751778881 ],,, 
  [ 88574788513381 ], [ 4059892461173469217501 ],,,, 
  [ 669686770881118674001001 ],, [ 111583674659 ],, 
  [ 6771129820634593, 651530422806721216669 ],, [ 18822859631 ],, 
  [ 272857264988257, 23467674877740913 ],, 
  [ 9670166101, 1152418729141, 45964527450228275615799871 ],, [ 31437685429 ],
  , [ 61513305757 ],, [ 227353136041 ],,,, [ 2563182161, 2534757074081 ],,,, 
  [ 108847590433, 610901569397729 ],,,, 
  [ 765714771367753, 12163470091292181229 ],,, [ 4328387449, 24702888673 ],,,,
  ,,,,,,, [ 7242389458657 ],, [ 16768647461 ],, 
  [ 29845541149, 1438715719219, 3838192271203921, 757137788722876711 ],, 
  [ 41646544769 ],, [ 107265239868032501 ],, 
  [ 3105411860377, 8443439674489, 32792726342377, 721690963120357777 ],, 
  [ 271192237626379 ], [ 2702853121, 1432088655211 ], 
  [ 915754784513, 74887765062401 ],, [ 13629805802539 ],, 
  [ 2995683559067681, 11723591698626341 ],,,, [ 321477322321 ],,,,,,,,,,,, 
  [ 131982439621 ],,,, [ 1096423697321 ],, [ 113633659054733059848643 ],,,,,, 
  [ 81175133395237347922705633 ],,,,,, [ 51838230522837361 ],,,,,, 
  [ 2880140757131649731148901 ],,,,,, [ 21681940591 ],,,,,, [ 43354739656801 ]
   ,,,,,,,,,,,,,,,,,,,,,,,, [ 3850648369, 76160381227387297 ],,,,,,,,,,,, 
  [ 473274707548141 ],,,,,,,,,,,, [ 8084211481, 222879672721 ],,,,,,,,,,,,,,,,
  ,, [ 14277298680163 ],,,,,,,,,,,, [ 27953091422881 ],,,,,, 
  [ 315303199201, 20057828956309 ],,,,,,,,,,,, [ 17529313617104329 ],,,,,,,,,,
  ,, [ 2220788641, 32272309441 ],,,,,,,,,,,,,,,,,,,,,,,,,,,,,,,,,,,,,,,,,,,,,,
  ,,,,,,,,,,,,,,,,,,, [ 1224379591, 113801208011, 133838372881 ],,,,,,,,,,,,,,
  ,,,,,,,,,,, [ 51984825811 ] ];
