BRENTFACTORS[768]:=[ ,,,,,,,,,,,,,,,, [ 64021967531, 149450382661 ],,,,, 
  [ 872476255927 ],,, [ 1738989079280753207351 ],, [ 358228838084869 ], 
  [ 6433150613 ], [ 3074045225442601240993 ],,,, [ 81444986761727293 ], 
  [ 676617681505067514673 ], [ 24910557135417615495611 ],, 
  [ 3927456423537656841821242231570666826670365951167787 ], 
  [ 599729848357360098478249 ],,, 
  [ 12794060059679, 51943855652329723446577042189, 
      6876384497662130146068588189664523 ], [ 31224481510341127 ], 
  [ 325451852821 ], [ 7528581791873336041 ], [ 1196414915427991261 ],, 
  [ 368715154893671 ],, [ 171872140025511361083262088867 ], 
  [ 1749523201, 96981853615864201 ], [ 149830609651041397810338864639457 ],, 
  [ 5308096762655101, 795318550226121419933781816047 ], [ 93054081476452519 ],
  [ 1168987271, 278011958224170356970889711250323031 ], 
  [ 11212415321907323625093663497 ], [ 1614236843530153 ],, [ 3382237777 ], 
  [ 1161624601 ], [ 2836055239729 ], [ 1089066993463888987 ], 
  [ 45493930189, 143748826957, 464408413057, 994552139647837 ], 
  [ 4753410758495681, 578737441191533515777 ], 
  [ 260795955421, 61619256374051995372891559144593208076181 ], 
  [ 3490775377, 6225472359502243 ], 
  [ 140369847049, 56696541621443, 176072346949697385170449, 
      224796209863880043004557673 ], [ 6395536345029893, 34343173014323597 ],
  , [ 19414701332226481, 9024032426715147853201 ],, [ 3614636096618808529 ],,
  , [ 3540350606101, 338714465493258203643327765814691078810823001 ], 
  [ 7124623801, 64764183657340764595312297 ],, [ 2559133279, 696948250129 ], 
  [ 20559607643 ],, [ 10116441541 ], 
  [ 39804819437691322249, 189146321322584481781 ], 
  [ 51536243137, 1347985702967 ],, [ 4388817241 ], 
  [ 264144200857, 473121408071739744697, 
      7232130180355346382283322793286201747 ], [ 1444478053 ], 
  [ 1538204895091487327321, 77632087596534084642527856288722891885753 ], 
  [ 528900671843 ], [ 39092179591, 302116988431, 3564792584281 ], 
  [ 238327520341, 22069509662747, 240138666851937001331, 
      54518835134454050908525167897253 ], 
  [ 2658103226594373329860043740304824462314643818422461507877 ], 
  [ 15124430796482089 ], [ 12953271657642601927 ], [ 230655679291364461 ], 
  [ 7062680187562369, 140100776543955524359588993 ], 
  [ 956432118072649, 119783267473485383 ], 
  [ 848449422923131, 184406124215579239, 11123336781319506936464401058975809 ]
    , [ 7999005169 ], [ 260236307425201, 16763977289604594001 ], 
  [ 19583530258676821, 3706833228188651026033 ], 
  [ 133061423898698767, 712646125288364863, 10015729396666987538851 ], 
  [ 159597680327 ], [ 56686405900274022949961 ],, 
  [ 15531883975577197, 109080032373549082775731 ], [ 6883683217 ],, 
  [ 38487343883, 3484445268255449369423 ], 
  [ 128064757591, 786269745292687624402184580275491 ], [ 98371415893 ], 
  [ 3729111569, 35251580917988526449, 18109797544078723449457313761 ],, 
  [ 32051176249160491, 31309859242142059729993, 
      293931953273295286140592366249 ], [ 6288726011, 1792150442351 ],,,,, 
  [ 18721927990321, 752176030241161011354081291298410961 ], 
  [ 1020858147151657 ], [ 1210366393, 8733296476213, 41839631610343934578489 ]
    , [ 1159528836406753 ], [ 1056624739993 ], [ 208429554893907251 ], 
  [ 92474214337, 6657199856387684212176258139 ],, 
  [ 391434571824995986931473178173351975681 ], [ 4075021981680277 ], 
  [ 4078272973711, 396421957083751, 74965573085007123827884088693311 ],, 
  [ 187373840221657, 1066820795003534094312097, 
      545250762609500969623689581737 ],, [ 1046174843167 ], 
  [ 2936066645663193757468321 ], [ 31206893233083688033 ],, 
  [ 3744266152633717, 73954216341190745696190823171651 ],, 
  [ 38756525163651939003882491663261, 
      33640641250746194305583223770964093356318281 ],, 
  [ 760902115937833, 47042847928447242256927 ],, [ 714836682294100706676097 ],
  , [ 2177919428752193297909974030633 ],,,, 
  [ 797309158951, 10842470344534979308764901, 
      469998209737810375924559348453101 ],,,,,, 
  [ 178990891519753, 8854871730898441 ],, [ 7157148929072564141833 ], 
  [ 17056693342847644741 ], [ 135273966256704001, 181183456031219627521 ],, 
  [ 254089405954201825243, 827783904117668883666013, 
      81199746231524353341582481, 838241979327446006382926903149838797 ],, 
  [ 3879383001437, 3670765281227669629177, 4068457060621995189581 ], 
  [ 20572366771521841 ],,, 
  [ 724861196986114267633, 27909584360485837992193, 35163905029852743272104773\
4890816287137 ],, [ 21635983452151, 86752834893301 ],, [ 3805074817 ],, 
  [ 2113408177, 54035212296225320977, 
      293349262718394932131949263361129644803424329781559311 ],, 
  [ 6778037236609, 229504337613030785247361 ], [ 250425016201 ], 
  [ 744054062179 ],, 
  [ 1101688921, 245637493206300361, 67037874713644834722810021845368681 ],,,, 
  [ 2568526841 ],, 
  [ 1395351541, 25284809049457404112831021105747, 2083944316822150922208584616\
841571681811133 ],,,, [ 7419887221 ],, 
  [ 6877248380161, 5318859825053358848869728573688677889 ],, 
  [ 5327046639635884861 ],, [ 15226342196533133, 22428355304325433 ],, 
  [ 456978670039, 1994069935243, 792824317848671691795301, 
      2800252644963968763480189285268736017697560961677 ],, 
  [ 943010922827927360401 ],,,, [ 1441087640401 ],, 
  [ 3785787043, 762902868499, 118907470611751 ],, [ 10460499089 ],, 
  [ 46650778324484298676745845846763579020969900173242424451 ],, 
  [ 6074709269 ],, [ 114480514105645111 ],, 
  [ 144653681089, 810923965921, 12750800438161 ],, [ 826012730833 ],,,, 
  [ 2638343881311319171, 2790312418567893194778043, 
      2086689199127695332907650210029077317787, 
      20443717685909692639480464524899178695054277317 ],, 
  [ 62928975690895954529, 2773681494933998503457 ],, [ 1877779987 ],, 
  [ 10822459731505969 ],,, [ 145946561377, 567503949013, 10781412955237 ], 
  [ 11774350402830527727161 ],, 
  [ 11702071550989, 8514333310737151, 3179682032245554701906587 ],,,,,, 
  [ 203306767201, 849230504022149761, 5463174649977482860303520161 ],, 
  [ 10581657637, 56905347973, 236470764883 ],, [ 14957550799191988441 ],, 
  [ 172684935088221317385044401, 3182530313460516650981491286690617, 
      688940119360226710558194855982706610874381663 ],,,, [ 7131874501 ],, 
  [ 228069477114435582697, 109711182029427810478669500073 ],,,,,, 
  [ 790840652269, 11477839509001298640298002343, 
      199812399682899815877086908735432249, 
      2512063775361809472784368649553716591 ],,,,,, 
  [ 7555644249925150792513, 86032008571751244318097 ],,,,,, 
  [ 5889306421, 1421765801497891, 3780043305919232970896902835191, 
      2358386231958962624580465972045720516896263937401 ],, [ 3599702630113 ],
  ,,, [ 32471884705504812313 ],,,, [ 270482619041880228481 ],, 
  [ 166268965321, 96976144570854319, 281978530299742327, 
      602920609596945119548282164703153, 
      1827271179633487962766238062775168430093210733517804353 ],,,,,, 
  [ 86215822282183887361 ],,,,,, 
  [ 15450626994349, 58244126442027079, 140360394539661872187980980061149648668\
8000143, 3844488903393263962614047804353542786772353295209514729129900558687 ]
   ,,,,,,,,,,,, [ 1777520119681, 17148526212157822009020583 ],,,, 
  [ 5818965911491, 112406004786091 ],,,,,,,, [ 16237282714417456717 ],,,,,,,,,
  ,,, [ 26438219551047720022426381 ],,,,,, 
  [ 2189770612006657, 27557872805215201 ],,,,,, [ 2099279107, 31426685246287 ]
   ,,,,,, [ 6842607592944169 ],, [ 37976821752451, 96581688847351 ],,,,,,,,,,,
  ,,,,, [ 31548114079 ],,,,,, [ 612810764953, 49765093226956304401 ],,,,,,,,,,
  ,,,,,,,, [ 1313789041501 ],,,,,, [ 2405139902353 ],,,,,,,,,,,,,,,,,,,,,,,,,,
  ,,,,,,,,,,,,,,,,,,,,,,,,,,,, [ 3906937923751, 211796207483851 ],,,,,,,,,,,,,
  ,,,,,,,,,,,,,,,,, [ 9174964881704423041 ],,,,,,,,,,,,,,,,,,,,,,,,,,,,,, 
  [ 68896324926901 ] ];
