BRENTFACTORS[366]:=[ ,,,,,,,,,,,,,,,,,,, [ 2020178521 ], [ 431014812343963 ],,
  ,, [ 77471628262693206901 ],, [ 1048962982519, 52832835146647 ],, 
  [ 1158218531 ],,, [ 1961045729 ], 
  [ 1196525419, 29259824221, 62795630482201 ], [ 7841368568609 ],,, 
  [ 20536789945967, 25019159521387, 784521248366008627 ], 
  [ 6860263948854139 ], [ 74881805406409 ],, 
  [ 1302929236507, 48865297684437439, 31661944054252133647356973 ], 
  [ 28659820727539, 34130511161503 ], 
  [ 59692444487482949, 396156163443966672366235523177 ],,, 
  [ 37275029471947, 28178202016779617161 ], [ 51371836841004473713421 ], 
  [ 383927649174577 ], [ 267328709088799112441042271754778643607 ], 
  [ 23509360051 ], [ 5411417371777 ], [ 1500259489 ],, 
  [ 5469970069, 918882798620401 ], 
  [ 366233982731, 538235660713789623332890451 ], 
  [ 4218644566856839629095388016817 ], [ 60861800278054869564616070172727 ],, 
  [ 22646967350149822248307 ],, [ 6456977581434021994061355077 ], 
  [ 57111103797653 ],,, 
  [ 1265347725702111862079571042867123925112921997865241431 ],, 
  [ 2730103807, 189429894348621593 ], 
  [ 215081426375917, 198324853246207098746179067913301 ], 
  [ 252887157631, 414644376016618563048806197 ], [ 1725227407192805982481 ], 
  [ 50667639175928922770873, 347252644312416532573831 ], 
  [ 14225889917886841 ], [ 10155230738759, 611113039074557, 28342372346487149 
     ], [ 7356319175291, 67687944729120007 ], 
  [ 49149780151, 22329745835225472613947916159984501 ], 
  [ 17526111023013654750743430737727886328461 ], 
  [ 5972556104173583, 2310967948663516249339 ], 
  [ 2786025581509, 20741560486392613141 ], [ 98760239744572733 ], 
  [ 8087384199982573193634282577601 ], 
  [ 10109219581, 100804916770314769, 5156843101227586492366775436439895269 ],
  , [ 2462781235744520573 ], [ 2479871689 ],, 
  [ 20631392261, 17650525246947585007, 5539839256018580461678061 ], 
  [ 7753821747823 ], [ 25346021100663565836337 ],, [ 306641996859733291 ], 
  [ 58874195590344911667983 ], 
  [ 24481049235562489, 134473271542076347215867809, 
      386231871247583492600261581 ], [ 23209121107, 66504784484989 ], 
  [ 121138574606611368589261 ], [ 89762135101, 24693443030461 ],, 
  [ 3273939733, 23835513181, 93452690100499859 ], 
  [ 5412130504362821, 524568935598446588809, 2857242286920576316243848983 ], 
  [ 618775440690088441 ], [ 21857331109501, 2707006757567401 ], 
  [ 641532403075517627587, 813064964033191451821 ], 
  [ 33570352641075159546320514049 ], [ 1751604207889 ], 
  [ 7185220588131531394697 ], 
  [ 719099785951, 1279614153368904078486487202849326257571 ], 
  [ 5956613503, 249081359159 ],, [ 1219641386978923610833 ], 
  [ 2636853807983592091 ], 
  [ 13158158323032416851219788881, 9498051319378776821449378745829461 ],, 
  [ 119065502756317489 ],, [ 32764491304338767534309317 ],, [ 258078027281 ], 
  [ 70805663808452814595303 ], [ 4854773489942183 ], 
  [ 50389077019, 1484828584497837202159831 ],, [ 3617940091657 ],, 
  [ 6819984260413756801087 ],,, [ 105664245653708401492477 ], [ 1181367463 ],,
  , [ 58773165123321137191, 49572787461044697060165631 ],, 
  [ 20115094488400033, 550962839334477809612209 ], 
  [ 1189691651, 4292597361975217 ], 
  [ 1043288545670374639, 748566993514135995653 ],, [ 42170316276329 ],, 
  [ 1491133578011118978919054680253 ],, [ 37668648221, 19869209602332248201 ],
  , [ 183138792790103, 2787174394809845383726884557249 ],,, [ 1903573921 ], 
  [ 183045729493017586081 ], 
  [ 31904544253, 56487539473, 532525964821862246721571 ], 
  [ 918558627481765625858941 ],,,,,, [ 687876218569 ], [ 28096924091 ], 
  [ 14066095412366211463973675603341, 
      143482580433056859083702694618312245083693 ],,,, [ 2040292481 ],, 
  [ 22044560508754759 ],, [ 17300760817, 5908634946809069 ], 
  [ 306096507421, 134189790346472191 ], [ 33356685843917 ],, 
  [ 34775038201, 5057153901267454233185951684281 ],,,, 
  [ 16510272365442881, 12944505160061200673, 9228636598070938744789 ],, 
  [ 953608232925373, 587928773544186817, 81526655664313272691, 
      848746193352569882233 ], [ 35156205645401 ], 
  [ 14414887456289, 4480751195232580732403633, 11873778292035750218753857, 
      2309440000400044729302981281 ], [ 19365556792261 ], 
  [ 47857318699, 22138369247321, 157306863203859876937674089 ],, 
  [ 1728046008438286349161, 1433819268396636839119981 ],,,, 
  [ 3955542605699809, 296071758001752505214249 ],, [ 1414143295236367 ],, 
  [ 109050037399317953 ],, [ 64191159728015463511, 3322675507559204756240161 ]
   ,, [ 197866852481212179809281 ],, [ 29582802563, 1841509900163 ], 
  [ 513742895641, 736592959831, 887735284265701 ], 
  [ 31405331444873, 17828402384242201785223429 ],, 
  [ 114440314413322863769246741 ],, [ 1751704001 ],, [ 178730211355629247151 ]
   ,, [ 275083242061 ],,,, [ 422841600481 ],, 
  [ 11339105065891, 195507525266544190106113349581 ],,,, [ 8207478871 ],,,, 
  [ 33476352572813 ],, [ 30566401125487811197241 ],,,, 
  [ 11717329578529, 48744664700948833 ], [ 1214907929101 ], [ 6438616270651 ],
  ,,,,,,, [ 4362207654011510382869557 ],,,,,,,,,,,, [ 4925841310837 ],,,,,, 
  [ 1197151957, 25280052890646198961, 54250113456997801561 ],,,, 
  [ 39477829111741364737 ],, [ 1817981152804730982510709 ],, 
  [ 278240280819554209001 ],,,, 
  [ 146362860601, 4712911507657, 49649180896436089 ],,,,,, 
  [ 416805728376226114441 ],,,,,, [ 15915810440533 ],,,,,,,,,,,, 
  [ 9809280715260868417 ],, [ 10226869746391, 24152977808809741 ],,,, 
  [ 82075069152721 ],,,,,,,,,,,,,, [ 3114607679569 ],, [ 9999345801779591 ],, 
  [ 493092632658601 ],,,,,,,,,,,, [ 7066568953 ],,,,,, [ 4318444021 ],,,,,,,,,
  ,,,,,,,,, [ 13196583446401 ],,,,,, [ 149449668008159079621528019 ],,,,,, 
  [ 21349782001, 6954928729019400005641 ],,,,,, [ 5711029231, 265841463337 ],,
  ,,,,,,,,,, [ 13264579441 ],,,,,, [ 22428606337 ],,,,,, [ 12787770451 ],,,,,,
  ,,,,,,,,,,,,,,,,,,,,,,,, [ 13624332464813281 ],,,,,,,,,,,,,,,,,,,,,,,,,,,,,
  , [ 1554079614301, 7228699264257301 ],,,,,,,,,,,, [ 833000746117 ] ];
