BRENTFACTORS[899]:=[ ,,,,,,,,,,,,,,,, [ 5978971027 ],,,,,, 
  [ 572540066971, 1783337783843521233187 ],,, [ 2744814073 ], 
  [ 13032109759726441, 70612824465571753 ],, 
  [ 61190570257, 2800610632604100907207 ],, 
  [ 4645141208677, 28362955072787, 153572193159173 ], 
  [ 18186728449, 68023254049 ], [ 17009685859 ], [ 16286038989229 ], 
  [ 51201500556221 ],, [ 1349363879 ],, 
  [ 378273203792078323, 73390960896744362122837 ], 
  [ 13066875721, 6353989734041 ],, [ 18519476265571 ],,,,, 
  [ 264770925517516589, 4716133978060050402859, 
      1243360403951723615706445572384150333563 ], [ 2627914897, 11606316961 ],
  [ 3937701267280285710726797799174252397083955801977341 ], 
  [ 1124569665490986401 ], 
  [ 13082305597, 540604819145081569183, 6737799881291167592581 ], 
  [ 2650533987401 ], [ 318081180737, 39443959225801826040277369 ], 
  [ 210012385879 ],, [ 201890316601 ], 
  [ 17219193012440626361704880653, 109152853997542459964950443537091 ], 
  [ 415016568583, 100489286172052156800496561 ], 
  [ 26977349547310346423, 1830441808192669823832210757 ],, 
  [ 16159002281307523691 ], [ 664815846137, 20677228424257353437 ],, 
  [ 20509402894081, 150950584665815281789249 ], 
  [ 4445706721, 425990524181, 429191677591, 788778702164701 ],, 
  [ 19397508619 ], [ 120177147707573700902132684759845133848361 ], 
  [ 25567037378283687486628954407869089 ], [ 171677741341, 1680928124471 ], 
  [ 7303114387, 4118793043447, 1847959876993421632163544461 ], 
  [ 3225890886121, 68184317768204233 ], [ 132005835314117, 140828904753569 ], 
  [ 25213729336703472943638884414055953 ], [ 10911826190150530747870923601 ], 
  [ 30859898117, 1537056252881 ],, [ 1027481793859, 9097787309011194613 ], 
  [ 4153940476897, 4082207856762907 ], 
  [ 4236166204485313841, 126899637924732417009704988007448401 ],, 
  [ 801072102122693, 41895838275648474316013733468839 ],, 
  [ 32782292632573367202733 ], [ 3577124191 ], [ 10466197240777 ], 
  [ 166292485039, 2926210638829, 324797492181381391 ], 
  [ 77749259633, 100040154137549473 ], [ 193198462369218046966317167 ], 
  [ 174125515655434030561 ], [ 28093318709, 33208425740168771 ],,, 
  [ 27212147242692031, 289382579758075050753494279 ], [ 43516952861 ], 
  [ 289676479009, 26316263363275173452652769 ], [ 1144375397574049573 ], 
  [ 72317005722432011479, 5055716823489345438979, 264911536764059160696491 ], 
  [ 68678420779, 1148670997651, 938524923737281, 3767495975853052165273, 
      3904024253204674668763 ], 
  [ 2441282101, 327230453401, 796444632423884239834552591339601 ],, 
  [ 507978333481, 371128150319491039021 ], 
  [ 49022667073, 138135141847, 260050616128553, 1137940289260613 ], 
  [ 378923087620681969, 781380101077560351121, 1734175184181657230729, 
      13190377734022044155904709883713 ],, 
  [ 3938145081484351, 11234108989912342951818377 ],,,, 
  [ 22330493162231, 4934432035545462451, 297406791903223195381 ], 
  [ 224120763337, 4331759090149, 370357722516735631 ], 
  [ 5866905189486705399281 ],, [ 5521447159, 4112258860640038159 ],, 
  [ 5612891220561145721225607962617 ], 
  [ 3364476571, 355786285060221930981822601 ], 
  [ 10628888840173, 219291418790992767763 ], [ 4211717909210080543 ], 
  [ 77050494879458037636581688981740739841 ], [ 757904843986579301 ],, 
  [ 65797950810202813, 153240719279363917 ], [ 59521546901 ], 
  [ 1250932929751, 66706627818993697001 ], 
  [ 3496018624065577, 1486019478181662795421 ],,, 
  [ 7414048409953, 1039212396350611016041 ], 
  [ 1180834034540267039616515127723866514882242944561 ],,, 
  [ 8924157820032239 ], 
  [ 402830534765660346479, 98669548967645882838678233777 ],,,, 
  [ 10508748853, 12276809037664351627295317297 ],, 
  [ 34096534036865102927156560483491252221 ], 
  [ 6966339343, 11192032639, 34683236673880939 ], 
  [ 199781765297422644794868049198883 ],,, [ 3802339294297961 ], 
  [ 7528382825927 ],, [ 395840820153901, 3977812301175397 ],, 
  [ 49627747651, 1074822819309472286701 ],,,, [ 31867401438564847 ], 
  [ 1095349042357861, 27801440271959891 ], [ 826567160752318860461398501 ],,, 
  [ 25125538558039, 55642818169387 ], [ 152082080443681 ],,,, 
  [ 51770738991329, 40104883741702380987742553 ],,,, 
  [ 2365909448589016532162310944202271043798629379941310377 ],,,, 
  [ 6310168712629 ],, 
  [ 5158330630391172007464794713, 37022657535698931471897571430611 ],, 
  [ 3348285326299141642129 ], [ 688247696683, 177628436586075423601 ],,,,,, 
  [ 142466796739 ], [ 2141671571779849, 2002265743635769750868417 ],,,,,, 
  [ 572549031960341 ],, 
  [ 1800040241091679087489537, 1286738958507109906245371137 ],, 
  [ 12688524592943, 4525777272643447 ],, [ 41914841738474603389 ],,,, 
  [ 136683875058001, 65217777585806401 ],,,, [ 8694473269 ],,,, 
  [ 4131348598417 ],, [ 3752980351, 2915156407147906872210382628521 ],,,,,, 
  [ 36562079294667037081 ],,,,,, 
  [ 3374302057700411501317, 1468638401274178613068357 ],, 
  [ 1893591617, 2163195329 ],,,, [ 322658639161, 468391606353679644157 ],, 
  [ 951794991293831160217201 ],,,,,,,, [ 1513916985407, 2298094457233 ],, 
  [ 499588702882145262167012641 ],,,,,, [ 19716480079 ],,,, 
  [ 34790148469751, 7838967612345558280236077501 ], 
  [ 1221591901, 689224849703916679 ], [ 3102744961 ],,,,,,,,,,,, 
  [ 9836261891738833 ],, [ 72770120240190526735121 ],,,, 
  [ 4137201631, 787724093705611659661 ],,,,,, [ 42898481833 ],,,,,, 
  [ 202538647203247 ],,,,,, 
  [ 2629883242942345614355489, 156761762883534866231853336577 ],, 
  [ 79445749641571, 314733926096861 ],,,,,,,,,, [ 9714494238901 ],,,,,, 
  [ 514652832307 ],, [ 846817470269 ],, [ 10705736159213981 ],,,,,,,, 
  [ 94615967821 ],,,,,,,,,,,,,,,,,, 
  [ 935715779041, 34728236549329, 5722956235235635537 ],,,, [ 319245668321 ],
  , [ 1827407233 ],,,,,,,,,,,,,,,,,, [ 5662539361, 13914722009521 ],,,,,, 
  [ 107349679178323, 274532807658793, 47114873607818473 ],,,,,,,,,,,,,,,,,,,,,
  ,,,,,,,,,,,,,,,,,,,,, [ 74192929266051793 ],,,,,,,,,,,, [ 9213030159736201 ]
   ,,,,,,,,,,,,,,,,,,,,,,,,,,,,,, [ 1049557501, 7443550008451 ],,,,,,,,,,,,,,,
  ,,,,,,,,,,,,,,,,,,,,,,,,,,,,,,,,,,,,,,,,,,,,, [ 2102173081 ] ];
