BRENTFACTORS[7013]:=[ ,,,,,,,,,, [ 16098242023909 ],, 
  [ 115851708304673910427, 122181529136887466712386623 ],,,, 
  [ 329839975201704367, 63437126707351819826004570780169 ],, 
  [ 172477657589, 12466862556716884893761, 
      783142899537270887408334024515472787 ],,,, 
  [ 30353338373, 179820492811727, 362855979941449, 620239179865607, 
      173328461565930879990253 ],,,,,, [ 4709292079, 5777685197 ],,,,,,,, 
  [ 11504772379 ],,,, [ 397674334247 ],,,,,, [ 21723546829 ],,,,,,,,,,,,,,,,,,
  ,,,,,,,,,,,,,, [ 2181955223389 ],,,,,,,,,,,,,,,,,,,,,,,, [ 150083566475449 ]
   ,,,,,,,,,,,,,,,,,,,,,,,,,,,,,,,,,,,,,,,,,,,,,,,,,,,,,, [ 61623155947 ] ];
