BRENTFACTORS[622]:=[ ,,,,,,,,,,,,,,,, [ 8455556357 ],,,,,, 
  [ 22002081437616408727441 ],, [ 91480153725422951 ],, [ 1070411871526579 ],
  , [ 129649699900510216479195455857 ],, 
  [ 43175205056229203, 3756818870192886349 ], [ 144393987791045406721 ], 
  [ 6744875017 ],,,, [ 38458093074707, 46017342107840326730514875100863939 ], 
  [ 342521568155113244951 ], [ 15032956605011853379 ],, 
  [ 16667256041, 6081960174347333, 164944899494745622267271 ],, 
  [ 1703812393, 27119686009369014052034335547939903 ], 
  [ 44428260720536167597 ], [ 71717012134847641 ],, 
  [ 19088334268599884516399, 872658696401619988634045350344556077998731 ],, 
  [ 15600645242401396810697, 88209726331675124100501568466140652778919 ], 
  [ 1890781578664351050001 ], [ 2754927283, 4723753226893 ], 
  [ 567232161077063717 ], [ 9298987057100147027 ], [ 41583422521 ], 
  [ 8372668624582681, 6065409471872451361 ], 
  [ 863714104961, 70658256031848577 ], [ 13753143708400676886727 ],, 
  [ 737789406335329944256943 ],, [ 16847086976547306772439 ],, 
  [ 61906734365491, 2133143315880378772951, 40614075438632071644871 ],,, 
  [ 3845852352563827 ],, [ 22601086493, 710095624801298390710058525473249 ], 
  [ 1387872892476047491, 1442872523873133965540500623769 ],, 
  [ 6106395329, 570511990642192417475448778517 ], [ 853508980795609 ], 
  [ 19075385743 ], [ 2800223277817657 ], 
  [ 40948395137068598557920197136751, 40262870401344474658035114272685001 ], 
  [ 5314491092328045146116225656361883045581 ], 
  [ 33816339943, 364518611531498624347234627 ], [ 184189467929143 ], 
  [ 169665674041 ], [ 1196861041, 30890620961, 574002581281 ], 
  [ 237776814631, 11052681050843800777 ],, [ 9094386733172757856983961 ], 
  [ 74467070482897 ], [ 6621894477677281918861, 27142145880802006244401 ], 
  [ 5912999586804166947085830993855823921871 ], 
  [ 380522732719, 702259415971, 39552609543144619 ], [ 29051628944096357017 ],
  [ 317437940983, 24432889700731 ], 
  [ 171520301635841971, 3652932816514503721 ],,, [ 483245725085550273058801 ],
  [ 189651176090983133349223062369034893547528319 ],, [ 19318880984257 ],, 
  [ 706112811962210873386811 ], 
  [ 22811895019, 223157604979, 28189027696303, 48454109437577089841415822871, 
      366047659921039776095796818170758474571 ], 
  [ 3047531092786467401, 35623380193464542933933568023007913201 ],, 
  [ 2320762957, 1182364319178737004943 ],, 
  [ 5185909873, 38346253448136007800643419073, 
      28943391043435319180202168558097 ], 
  [ 126178013137124020333801, 8756929758573914900686007275732391400085488061 ]
    , [ 24941450361439 ],, [ 61095196769473, 7116657632369636149 ], 
  [ 1410307767767, 8578395379361 ], 
  [ 1338510753691, 166121174875512035042936656296911664511 ], 
  [ 452641372201 ], [ 3802710970801 ],, 
  [ 1489565269, 45677177657341651, 68575180201878177696960420740569 ],,, 
  [ 38484032346040087 ], [ 291497738987885973264613597 ], 
  [ 10034897037664633 ],, [ 3925345513, 918109867412284097 ], 
  [ 8183811851, 36021850142281 ], [ 2684368237, 86589241813600877542021 ], 
  [ 3367516779493 ],, [ 1183414681, 46128313012933729762200659287 ],,, 
  [ 76815172026014927040973 ], 
  [ 192601989061, 3850814799911, 174902343823436884166274675935172938008336866\
791 ],, [ 20438672740935671592613, 5121870571599177575406349 ], 
  [ 12491265556967 ], [ 239648552753412419, 565677944489042683 ],, 
  [ 7967921083537 ],, [ 3258478081, 240152028870543611719101889648288873 ],, 
  [ 36837929563681, 154028600186441, 76028497388333762861, 
      54116165569357154508701, 22234437454813497510503760001 ], 
  [ 4749115121470127977 ], 
  [ 3337538723871715406079182361707, 2728813328654474436565854390801791 ],, 
  [ 14009614067443537, 10582015774044198064177 ],, 
  [ 13772380202501, 4484044160128231 ],, [ 10139881673 ],, 
  [ 1877107675501, 331943960057661901, 502442769483662401 ],, 
  [ 1191381113969873838746300165833 ], 
  [ 7296935131747, 1302523778022024460519 ], [ 5371898071 ],,,, 
  [ 248330170073582509511 ],, 
  [ 58565217784001, 154001835987521, 269163114191558663201, 
      458024485306975430035483201 ],, [ 14281663408558993 ],, [ 1197880601 ],
  , [ 1680033835654697, 40261704703566066710615068343 ],, [ 14580571498249 ],
  , [ 699033972186537581861014880501 ],,,, 
  [ 7043201929, 858320786491417, 22073606470583149, 724873286666060113 ], 
  [ 7370563901 ],,, [ 141176056871, 5552632309943, 286766685017831 ],,,,,, 
  [ 32584657699255766449 ],, [ 2031802842016483 ],, [ 4340108946744613969 ], 
  [ 26223423818887, 72827102978911 ],,, 
  [ 2301002113, 111714899137, 29241659668801, 230539688451890948486401 ],,, 
  [ 47475043201 ],,, [ 1899024831793, 221737574211290677 ],, 
  [ 281820667801, 503565204159618401, 1349645105950107922801, 
      663753182480528973514601 ],,,,,, [ 274246720716973 ],,,, 
  [ 128609641651, 135129917067488363793813181, 
      159450300672283964734023564127030591 ],,,,,, [ 877921789996441 ],, 
  [ 2442694361 ],,,,,,,,,,,, 
  [ 519458055239731, 36320114380296509575531001, 75605107680952791502416421 ],
  ,,,,, [ 185946502516921 ],, [ 14783321526541 ],,,,,,,, [ 612552997411 ],, 
  [ 3149020673 ],, [ 2921664148028138852501 ],,,,,, 
  [ 670071890177, 1523234295583489 ],,,,,,,, 
  [ 9526992289, 3675745078814035657, 25473602588165960713, 
      243390607486269283393, 12732239241385410233742553 ],,,,,, 
  [ 1437635681731 ],,,,,,,,,, [ 693428702872361, 1360886259132121 ],,,,,, 
  [ 6819037369 ],, [ 7305183937, 44518804321757262054158017 ],, 
  [ 482483181611, 2151496185971221 ],,,, [ 19309960242427 ],,,,,,,,,,,,,,,,,, 
  [ 5065060417 ],,,,,,,, [ 176049622081, 21733188274691521, 70839500245163201 
     ],,,, [ 25875404420653 ],,,,,, [ 35075355481, 2337484182661 ],,,,,,,,,, 
  [ 46378842061 ],,,,,,,,,, [ 9554932467851 ],,,, [ 2891844592789 ],,,,,,,,,,,
  ,,,,,,, [ 1604287825543518319849 ],,,,,, [ 498191504077 ],,,,,, 
  [ 6597796948993 ],,,,,, [ 9424156561 ],,,,,,,,,,,,,,,,,,,,,,,,,,,,,,,,,,,,,,
  ,,,,,,,,,,,,,,,,,,,,,, [ 75960788851 ],,,,,,,,,,,, 
  [ 47540493463, 3060341031133 ] ];
