BRENTFACTORS[3109]:=[ ,,,,,,,,,, [ 24200180507527553 ],, [ 3927922051 ],,,, 
  [ 5242783817 ],,,,,,,,,,,, [ 5368631652140453918659 ],, 
  [ 64996662617, 2192696076577870057271259174304208657, 
      14437027786945222444975991645898455495532530505028399 ],,,,,,,,,, 
  [ 31587691194931122799, 79592270559473981119991, 1591257261701847143262659, 
      12794668109349881409715703, 11587708115477226262151939770030431313547 ],
  , [ 14668253349276982338199438419231841 ],,,, [ 321454728355595683 ],,,,,, 
  [ 4408084943, 629802895611619, 492365530911612988477655583037 ],,,,,, 
  [ 945567165317, 227230013697241, 6365644739011331849 ],,,,,,,, 
  [ 5016269393402600082275878927 ],,,, [ 385069773082747901756677 ],,,,,,,,,,,
  , [ 3581417208029 ],,,,,,,,,,,,,,,,,, [ 1324330181 ],,,,,,,,,,,,,,,,,,,,,,,,
  ,,,,,,,,,,,,,,,,,,,,,,,, [ 7792160573529881 ],,,,,,,,,,,,,,,,,,,,,,,,,,,,,,,
  ,,,,,,,,,,, [ 145389866591, 1383446941847, 14468759884433 ] ];
