BRENTFACTORS[9029]:=[ ,,,,,,,,,, [ 27371550332266229 ],,,,,, 
  [ 35733178597673 ],,,,,, [ 13247230948859477757014716573525106195731 ],,,,,
  , [ 267939350359375734701341 ],, 
  [ 248927147368425145376911565025168848386378006047695610943 ],,,,,, 
  [ 78491723847766857065873, 4357384173115337394520307 ],,,, 
  [ 209059422146007752912123 ],, [ 629342490957495179 ],,,, 
  [ 2913959380333849, 995536245640865403168433 ],,,,,,,,,,,,,, 
  [ 50285311693, 3479923035089, 211985941576589, 
      253674791142888159615939629587303 ],,,,,, 
  [ 29856811753, 2133447013128356795819, 11364729535021111721617 ],,,, 
  [ 1082530327, 234181699517 ],, [ 2604676459267 ],,,,,, [ 70297200737 ],,,, 
  [ 127782659743703 ],,,,,,,,,,,,,,,,,, [ 324978033089 ],, [ 13823063707 ],,,,
  ,,,,,,,,,,,,,,,,,,,,,,,, [ 1118576339960535889 ],,,,,,,,,,,,,,,,,, 
  [ 6827956589 ],,,,,,,,,,,,,,,,,, [ 114286736573 ] ];
