BRENTFACTORS[2593]:=[ ,,,,,,,,,, [ 105115637441 ],, [ 104794419679 ],,,,,, 
  [ 10068006860794337407 ],,,, [ 654971930593191881 ],,,,,, 
  [ 2653309847324327005871851 ],, 
  [ 365828732373643936097, 4835309209040922290179331, 
      95061473418893460956093859933602152752006259 ],,,,,, 
  [ 118159708508161061099, 1177128223225714689866249552839 ],,,,,, 
  [ 2720411513, 551978445345643197809 ],,,,,,,,,, 
  [ 204339868979, 453086675266207 ],,,,,, 
  [ 8961410742649, 35638135078954366416411269, 4474015480259600559769703087, 
      95274239980210079707079428847 ],,,,,,,,,,,,,,,,,,,,,,,,,,,,,,,,,,,,,,,,,
  ,,,,,,, [ 770352850897536061 ],, [ 17316162629407, 248715252028373401 ],,,, 
  [ 54866453017, 21266749131751 ],,,,,,,,,,,,,,,,,,,,,,,,,, 
  [ 63322421304089812477 ],,,,,,,,,,,,,,,,,,,,,,,,,,,,,,,,,,,,,,,,,,,,,,,,,,,,
  ,,,,,,,,,,,,,,,,,,,, [ 848340759939469 ] ];
