BRENTFACTORS[780]:=[ ,,,,,,,,,,,,,,,, [ 5664094817, 173426782413701 ],,,, 
  [ 1128200179 ],, [ 1928652811, 91099237063 ],, [ 15768756151 ],, 
  [ 43230267001, 3811412752357447 ],, [ 5464179971407 ],, 
  [ 7695772429439366052173867, 1012247053067385402236276884069 ],,,, 
  [ 683028346710373721, 36376336867210523191 ],, 
  [ 38593113589, 25410149791551749765366057251771 ],,,, 
  [ 83787954492949983719, 13517880274239023343959172751613686292860261 ],, 
  [ 2428905139, 3256398060529852469339 ],, [ 101574168150556305255061 ], 
  [ 14662378202790911 ], [ 253401200496649 ],, 
  [ 7339290524329, 1837486457493349937, 478388110067015704276002940687 ], 
  [ 114162850522297706942651 ], [ 271979561236336002855412022278504027 ], 
  [ 124441483928732153 ], 
  [ 1849144944828798828649, 80933027726046772505133426229923852729933409 ], 
  [ 2122940534869896877 ], [ 27919387211, 42017840923300016176315298771 ], 
  [ 14990395285847297, 229292285353488337 ], 
  [ 2850686737, 9869944971811, 285522405852000566198863 ],, 
  [ 51457447057109, 379986438622397 ], [ 131194425375841 ], 
  [ 1938900841787596531067 ], 
  [ 114408186523, 6974393434228588369, 10229605362474105127151 ],, 
  [ 2267827791078529 ], [ 6898241221, 190083075492311 ], [ 1796328610159117 ],
  [ 11000773209766665202480983847 ], [ 3090632180674382561842578760808190689 ]
   ,, [ 14735237861 ], [ 8381232437023 ], [ 23141555680773912337 ], 
  [ 4563462623805403230461734109 ], [ 762431373877705997 ], 
  [ 1212776101, 238540381587032448567451 ], 
  [ 1267869237286573, 11574205081980397, 884687188986595165094795463877 ],,, 
  [ 1973922484241 ], [ 889407374983119663779871281 ], [ 9267830137 ], 
  [ 16000448302827390163718591 ], 
  [ 507098362330997491, 183379433685452359864549, 791341678043538914311913 ], 
  [ 3414475999405759620333875329 ], 
  [ 2297373710063306130511, 20309438544186750806591 ], 
  [ 10155502791357928691 ], [ 35016158794495339 ], 
  [ 2380559085257, 1858436251082717237801 ],, [ 26109652565660491 ], 
  [ 16125707811541351608677, 62677713450907319862917, 
      504054518079613042218991133 ], [ 394318367554693, 175520759286349289 ], 
  [ 291864478509546487 ], [ 1330203915517968174804408669216299403318107 ], 
  [ 270529861061, 3076110268245878021, 34107964169021411108434801 ], 
  [ 1850223595873, 1123235203733473, 15346396110283220466522721 ], 
  [ 135780402509, 14878526400731489004997 ], 
  [ 1345776304046539, 24852075727938506363 ], 
  [ 1554986690193421, 3660068215026557376191307007070930677 ], 
  [ 232467081859151245201, 1767215883059954676072293501 ],, 
  [ 176612568437125395377986728661 ],,, 
  [ 12149659468662451, 79807138142700949080626427612980372627637119675221141 ]
    , [ 46981190186537356241 ],, 
  [ 4476193321726333, 4163273336389512849357618108793 ],, [ 348825623464781 ],
  [ 1886365303 ], [ 1521118155320411201 ], 
  [ 4877353009, 32887002330006157, 3610867576418638469 ],,, 
  [ 513826078641044329, 2325095204099202028118117813 ], [ 515827633017056023 ]
   ,,, [ 119730623040008179681, 138664239251151113162281 ], 
  [ 2145270469, 692719570321021 ], [ 7050431565342617561556977 ], 
  [ 3822961578222091 ], 
  [ 141777233093, 125678753335940457721, 114815738640778403838749 ],, 
  [ 7291882459, 377736572431, 133359920308241929 ], 
  [ 1749000313, 250393595987, 22090267660627 ], [ 98578205953 ], 
  [ 420883697587537 ], [ 15651340040076227269771 ],, 
  [ 9178010557, 353241687846708264449341 ],, 
  [ 52002012790302997, 515292473667069233864053177 ], 
  [ 1629622628517535262101, 9281276419242608067590650801 ], 
  [ 11794959313, 418345250435503491079615529 ],, 
  [ 9858518453347, 129071382361446886741 ],, [ 150715860961 ], 
  [ 4418470589569 ], [ 163358468501 ],, 
  [ 1335354193, 15675952321, 83532187671307584932840294581071761695681 ], 
  [ 18543140925691, 25896948318811, 1065874406986321 ], [ 12057065439563 ],,,
  , [ 5135417356341775701701551, 50433076381147104031362314551 ],, 
  [ 336878965873, 67330707942594113 ], 
  [ 1030578931, 14244237565291, 140267119564639 ],,, 
  [ 10554175053819498978887401, 838478094625876228001551626602894209 ],, 
  [ 23551055692674959 ], [ 97518433602703 ],,, [ 537494150899 ],,, 
  [ 5113402141 ], [ 41156762963 ],, [ 257060220100284860965777 ],, 
  [ 1844290901 ],, [ 828542593368733 ],,,, 
  [ 869687833873, 77782222473681378020897 ],, 
  [ 48626311807, 30582667771928917399 ],, [ 10370154870541 ],, 
  [ 10400255316779782808537 ], [ 53955645026617639 ], 
  [ 365358998496790513, 38673075035105758241112049 ],, [ 35839082794381 ],, 
  [ 2188699354451101, 1141370271343511589377, 77684641402895205613661 ],, 
  [ 19816335797389472431 ],, [ 2908801537 ],, 
  [ 6241255481, 127129228261046764537, 775949012255936858117 ], 
  [ 5927326163592711536881 ], [ 91881124794766790057 ],, 
  [ 776902490000143453, 997932927639967206236911 ],, [ 114067680528401 ],,,, 
  [ 156320801061002785057, 5528031489412043294259922453 ],,,, 
  [ 28486919254769 ],, 
  [ 170892391531, 1881645522439411, 151264037274293744096390431 ],,,,,, 
  [ 41607853266433177 ],, [ 22828988837041 ],, 
  [ 4479025424648534761, 14088651604025029667137921 ],, 
  [ 127861412821, 86401113197198893, 1161050184672610575563452951 ],, 
  [ 339425705156750464897 ],, 
  [ 4780746371, 573245352341243, 2894051137030333549 ],, [ 91701027721 ],,,,,,
  ,, [ 2476893098353422841 ],, [ 30178835803366993 ],, 
  [ 10677139201, 13269344266670161 ],,,, [ 1442717833, 4152099401057 ],,,,,, 
  [ 250712338946019112501 ],,,,,,,,,,,,,, 
  [ 5012851537, 55582980895970287816057 ],, [ 4304542607, 316642322566766113 ]
   ,,,,,,,,,, [ 1572861349, 18672888193, 5413381827920149 ],,,,,,,,,,,, 
  [ 32218628731025819255382241, 1783568237580039332049061537 ],, 
  [ 783968942861201 ],,,, [ 1008996298507 ],,,,,, 
  [ 511591616625999001, 3551623354624513501 ],,,,,, 
  [ 40553685199, 573719599513 ],,,, [ 7760359389242741 ],, 
  [ 227448060529, 36227084631817 ],,,,,,,,,,,, [ 4071430981 ],,,,,, 
  [ 133821216541 ],,,,,,,,,,,,,,,,,, [ 67709481649, 1944318740069617 ],,,,,, 
  [ 92190982361131 ],,,,,,,,,,,,,,,,,, [ 1686132878581 ],,,,,, [ 2446170679 ],
  ,,,,, [ 2471808769 ],,,,,, [ 128611537861, 216367551943141 ],,,,,, 
  [ 313626329709064417 ],,,,,,,,,,,,,,,,,,,,,,,, [ 326400986521 ],,,,,,,,,,,,,
  ,,,,,,,,,,,,,,,,,,,,,,,,,,,,,,,,,,,,,,,,,,,,,,,,,,,,,,,,,,,,,,,,,,,,,,,,,,,,
  ,,,,,,,,,,,,,,,,,,,,,,,,,,,,,,,,,,,,,,,,,,,,,,,,,,,,,,,,,,,,,,,,,,,,,,,,,,,,
  ,,,,,,,,,,,,,,,,,,,,,,,,,,,,,,,,,,,,,,,,,,,,,,,,,,,,,,,,,,,,,,,,,,,,,,,,,,,,
  ,,,,,, [ 147949559144185427, 52826506228648314539137 ],,,,,,,,,,,,,,,,,,,,,,
  ,,,,,,,,,,,,,,,,,,,,,,,,,,,,,,,,,,,,,,,,,,,,,,,,,,,,,,,,,,,,,,,,,,,,,,,,,,,,
  ,,,,,,,,,,,,,,,,,,,,,,,,,,,,,,,,,,,,,,,,,,,,,,,,,,,,,,,,,,,,,,,,,,,,,,,,,,,,
  ,,,,,,,,,,,,,,,,,,,,,,,,,,,,,,,,,,,,,,,,,,,,,,,,,,,,,,,,,,,,,,,,,,,,,,,,,,,,
  ,,,,,,,,,,,,,,,,,,,,,,,,,,,,,,,,,,,,,,,,,,,,,,,,,,,,,,,,,,,,,,,,,,,,,,,,,,,,
  ,,,,,,,,,,,,,,,,,,,,,,,,,,,,,,,,,,,,,,,,,,,,,,,,,,,,,,,,,,,,,,,,,,,,,,,,,,,,
  ,,,,,,,,,,,,,,,,,,,,,,,,,,,,,,,,,,,,,,,,,,,,,,,,,,,,,,,,,,,,,,,,,,,,,,,,,,,,
  ,,,,,,,,,,,,,,,,,,,,,,,,,,,,,,,,,,,,,,,,,,,,,,,,,,,,,,,,,,,,,,,,,,,,,,,,,,,,
  ,,,,,,,,,,,,,,,,,,,,,,,,,,,,,,,,,,,,,,,,,,,,,,,,,,,,,,,,,,,,,,,,,,,,,,,,,,,,
  ,,,,,,,,,,,,,,,,,,,,,,,,,,,,,,,,,,,,,,,,,,,,,,,,,,,,,,,,,,,,,,,,,,,,,,,,,,,,
  ,,,,,,,,,,,,,,,,,,,,,,,,,,,,,,,,,,,,,,,,,,,,,,,,,,,,,,,,,,,,,,,,,,,,,,,,,,,,
  ,,,,,,,,,,,,,,,,,,,,,,,,,,,,,,,,,,,,,,,,,,,,,,,,,,,,,,,,,,,,,,,,,,,,,,,,,,,,
  ,,,,,,,,,,,,,,,,,,,,,,,,,,,,,,,,,,,,,,,,,,,,,,,,,,,,,,,,,,,,,,,,,,,,,,,,,,,,
  ,,,,,,,,,,,,,,,,,,,,,,,,,,,,,,,,,,,,,,,,,,,,,,,,,,,,,,,,,,,,,,,,,,,,,,,,,,,,
  ,,,,,,,,,,,,,,,,,,,,,,,,,,,,,,,,,,,,,,,,,,,,,,,,,,,,,,,,,,,,,,,,,,,,,,,,,,,,
  ,,,,,,,,,,,,,,,,,,,,,,,,,,,,,,,,,,,,,,,,,,,,,,,,,,,,,,,,,,,,,,,,,,,,,,,,,,,,
  ,,,,,,,,,,,,,,,,,,,,,,,,,,,,,,,,,,,,,,,,,,,,,,,,,,,,,,,,,,,,,,,,,,,,,,,,,,,,
  ,,,,,,,,,,,,,,,,,,,,,,,,,,,,,,,,,,,,,,,,,,,,,,,,,,,,,,,,,,,,,,,,,,,,,,,,,,,,
  ,,,,,,,,,,,,,,,,,,,,,,,,,,,,,,,,,,,,,,,,,,,,,,,,,,,,,,,,,,,,,,,,,,,,,,,,,,,,
  ,,,,,,,,,,,,,,,,,,,,,,,,,,,,,,,,,,,,,,,,,,,,,,,,,,,,,,,,,,,,,,,,,,,,,,,,,,,,
  ,,,,,,,,,,,,,,,,,,,,,,,,,,,,,,,,,,,,,,,,,,,,,,,,,,,,,,,,,,,,,,,,,,,,,,,,,,,,
  ,,,,,,,,,,,,,,,,,,,,,,,,,,,,,,,,,,,,,,,,,,,,,,,,,,,,,,,,,,,,,,,,,,,,,,,,,,,,
  ,,,,,,,,,,,,,,,,,,,,,,,,,,,,,,,,,,,,,,,,,,,,,,,,,,,,,,,,,,,,,,,,,,,,,,,,,,,,
  ,,,,,,,,,,,,,,,,,,,,,,,,,,,,,,,,,,,,,,,,,,,,,,,,,,,,,,,,,,,,,,,,,,,,,,,,,,,,
  ,,,,,,,,,,,,,,,,,,,,,,,,,,,,,,,,,,,,,,,,,,,,,,,,,,,,,,,,,,,,,,,,,,,,,,,,,,,,
  ,,,,,,,,,,,,,,,,,,,,,,,,,,,,,,,,,,,,,,,,,,,,,,,,,,,,,,,,,,,,,,,,,,,,,,,,,,,,
  ,,,,,,,,,,,,,,,,,,,,,,,,,,,,,,,,,,,,,,,,,,,,,,,,,,,,,,,,,,,,,,,,,,,,,,,,,,,,
  ,,,,,,,,,,,,,,,,,,,,,,,,,,,,,,,,,,,,,,,,,,,,,,,,,,,,,,,,,,,,,,,,,,,,,,,,,,,,
  ,,,,,,,,,,,,,,,,,,,,,,,,,,,,,,,,,,,,,,,,,,,,,,,,,,,,,,,,,,,,,,,,,,,,,,,,,,,,
  ,,,,,,,,,,,,,,,,,,,,,,,,,,,,,,,,,,,,,,,,,,,,,,,,,,,,,,,,,,,,,,,,,,,,,,,,,,,,
  ,,,,,,,,,,,,,,,,,,,,,,,,,,,,,,,,,,,,,,,,,,,,,,,,,,,,,,,,,,,,,,,,,,,,,,,,,,,,
  ,,,,,,,,,,,,,,,,,,,,,,,,,,,,,,,,,,,,,,,,,,,,,,,,,,,,,,,,,,,,,,,,,,,,,,,,,,,,
  ,,,,,,,,,,,,,,,,,,,,,,,,,,,,,,,,,,,,,,,,,,,,,,,,,,,,,,,,,,,,,,,,,,,,,,,,,,,,
  ,,,,,,,,,,,,,,,,,,,,,,,,,,,,,,,,,,,,,,,,,,,,,,,,,,,,,,,,,,,,,,,,,,,,,,,,,,,,
  ,,,,,,,,,,,,,,,,,,,,,,,,,,,,,,,,,,,,,,,,,,,,,,,,,,,,,,,,,,,,,,,,,,,,,,,,,,,,
  ,,,,,,,,,,,,,,,,,,,,,,,,,,,,,,,,,,,,,,,,,,,,,,,,,,,,,,,,,,,,,,,,,,,,,,,,,,,,
  ,,,,,,,,,,,,,,,,,,,,,,,,,,,,,,,,,,,,,,,,,,,,,,,,,,,,,,,,,,,,,,,,,,,,,,,,,,,,
  ,,,,,,,,,,,,,,,,,,,,,,,,,,,,,,,,,,,,,,,,,,,,,,,,,,,,,,,,,,,,,,,,,,,,,,,,,,,,
  ,,,,,,,,,,,,,,,,,,,,,,,,,,,,,,,,,,,,,,,,,,,,,,,,,,,,,,,,,,,,,,,,,,,,,,,,,,,,
  ,,,,,,,,,,,,,,,,,,,,,,,,,,,,,,,,,,,,,,,,,,,,,,,,,,,,,,,,,,,,,,,,,,,,,,,,,,,,
  ,,,,,,,,,,,,,,,,,,,,,,,,,,,,,,,,,,,,,,,,,,,,,,,,,,,,,,,,,,,,,,,,,,,,,,,,,,,,
  ,,,,,,,,,,,,,,,,,,,,,,,,,,,,,,,,,,,,,,,,,,,,,,,,,,,,,,,,,,,,,,,,,,,,,,,,,,,,
  ,,,,,,,,,,,,,,,,,,,,,,,,,,,,,,,,,,,,,,,,,,,,,,,,,,,,,,,,,,,,,,,,,,,,,,,,,,,,
  ,,,,,,,,,,,,,,,,,,,,,,,,,,,,,,,,,,,,,,,,,,,,,,,,,,,,,,,,,,,,,,,,,,,,,,,,,,,,
  ,,,,,,,,,,,,,,,,,,,,,,,,,,,,,,,,,,,,,,,,,,,,, [ 154394946762874471 ] ];
