BRENTFACTORS[6911]:=[ ,,,,,,,,,,,,,,,, [ 1482016235813, 4979209710073111 ],,,,
  ,, 
  [ 10460440953149506943023312608053389, 461684323054562140035204050199792301 
     ],,,,,, [ 56667282027883, 21524459834709523, 523981595576205887 ],,,,,,,
  , [ 127514716031389 ],,,, [ 2210272919815661506847929583010163 ],, 
  [ 8552147792442283, 20094644983423829393279 ],,,,,,,,,, 
  [ 11245508201, 1522547706432397227615549019 ],,,,,, 
  [ 1302171419, 160168300169, 1041031498768906003862909503 ],, 
  [ 327150697957 ],,,,,, [ 1492413647591805636641 ],,,, 
  [ 41784690341974683790252123457 ],,,,,,,, [ 180288432676072411 ],,,,,,,,,,,,
  ,,,,,,,,,,,,,,,,,,,,,,,,,,,,,,,,,,,,,,,,,,,,,,,,,,,,,,,,,,,,,,,,,,,,,,,,,,,,
  ,,,,,,,,,,,,,, [ 16937362724479 ] ];
