BRENTFACTORS[7853]:=
[ ,,,,,,,,,,,,,,,,,, [ 25428634911095247803741597, 507426348046408816751494892\
798354547171716339 ],,,, [ 2289609613, 24347604163097, 19369867170552991 ],,,,
  ,, [ 4459924559, 27234676139682107, 50124846520684833126813369901, 
      12487568448695803728948808490100655651647914404897 ],, 
  [ 1229931008723713931911, 612023240183076493277392721510178879379214723 ],,,
  ,,,,,,, [ 279092205799122916360382953 ],,,,,, [ 418290835691738369551 ],,,,,
  ,,,,,,,,, [ 23135273093, 23271416739271 ],,,,,, [ 676147132180099 ],,,,,,,,,
  ,,, [ 200382384324713 ],,,,,,,,,,,,,,,,,,,,,, [ 3501632833 ],,,,,, 
  [ 905577801217913 ],,,,,,,,,,,,,,,,,,,,,,,, [ 21892835281 ],,,,,, 
  [ 27069016730505019 ],, [ 65094842224203091 ],,,,,,,,,,,,,,,,,,,,,,,,,,,,,,,
  ,,,,,,,,, [ 75532667233 ] ];
