BRENTFACTORS[4721]:=[ ,,,,,,,,,, [ 1003921843, 474253162021 ],, 
  [ 477077361983 ],,,,,, [ 2443895749, 1943018797789 ],,,, 
  [ 42641932805316203020601670382074700847, 
      55399008336004129534537478050439743519 ],,,,,, 
  [ 22376073598945448093, 88340841213976548587796701, 
      88467268872940529917283074682279183399214847490196437 ],,,,,,,, 
  [ 302775514519, 9181258163526482568818044505600953 ],,,, [ 2075535211 ],, 
  [ 49973978243137957 ],,,, [ 522285565951, 343326681950004970306747445873 ],,
  ,,,,,,,,,,,, [ 33309611999006671 ],,,,,, [ 119499079747315908368257 ],,,, 
  [ 191429842200329 ],,,,,,,,,,,,,,,,,,,,,,,,,,,,,,,,,,,,,,,,,,,,,,,,,,,,,,,,,
  ,,,,,,,,,,, [ 68490827753 ],,,,,,,,,,,,,,,,,,,,,,,,,,,,,,,,,,,,,,,,,,,,,,,,,
  ,,,,,,,,, [ 47321983459 ] ];
