BRENTFACTORS[1871]:=[ ,,,,,,,,,,,,,,,,,, [ 63841814638781852577761767 ],,,, 
  [ 49337734793 ],,,,,, [ 414417998084059 ],, 
  [ 12755848877, 21258365066478798343933037819 ],,,,,, 
  [ 1735589341, 73056885679328748599, 143466413885030432851 ],,,, 
  [ 46721146608986897486111, 205309018689811602800951176119016273486483079, 
      957758779307040155791930199134991019706320350674344080113 ],,,,,, 
  [ 79780595611231, 1786352985292297, 800574714751102331, 
      1255585632567981124659546142589, 
      12839473478497649504280371194078892451806349027367319243483454916249 ],,
  ,,,, [ 5163359429 ],,,,,, [ 817060793058581963121757391 ],, 
  [ 3212421720439261798602082117709389 ],,,,,,,,,, 
  [ 6706127080498713781, 837643182124339171079, 89277727799767628230463, 
      5546483317750138156957583429 ],,,,,,,, [ 17115075815054496701 ],,,, 
  [ 107465242630699 ],,,,,,,,,,,,,,,,,, [ 411776353185444253459 ],, 
  [ 19301945210140739 ],,,, [ 9805322049169, 562129038023099453 ],, 
  [ 187484968003, 671412042417965944836589, 1251944525672800092270629 ],,,,,,,
  ,,,,,,,,,,,,,,, [ 618951704009, 484216045186427701429 ],,,,,, 
  [ 1778744707, 143999822653 ],, [ 3262168443617431685740037 ],,,,,,,,,,,,,,,,
  ,,,,,,,, [ 14879897057 ],,,, [ 6482724571 ],,,,,,,,,,,,,, [ 20628072613 ],,,
  ,,,,,,,,,,,,, [ 92529082238114677 ] ];
