BRENTFACTORS[632]:=[ ,,,,,,,,,, [ 4627406653 ],,,,,, [ 710624812130626187 ],,,
  ,, [ 44661510961 ],,,, [ 22604734751 ],, [ 2218993698870173 ],,, 
  [ 30531786874476778873, 314777484990599574767 ], [ 231047412353 ],,, 
  [ 28879385597641432979371 ],, [ 257575420621654461781339 ],, 
  [ 28273443538090453 ],, 
  [ 3016366721, 1579695995737414949, 301118447044914502037 ],, 
  [ 1001594701, 50895110719, 473779857289, 3855303999049, 16138033174441, 
      346677923229221626618403 ], [ 30094647160381 ], 
  [ 75639868651, 9004211210547271, 148095068740869261061 ], 
  [ 2984919886639, 1039964382135191 ], 
  [ 24679210261, 1441550482609, 1919432747893, 4803244063777 ], 
  [ 167400986772577 ], [ 7566298433261 ], [ 36427953622051 ], 
  [ 18379489314963752666996533 ], [ 57236035937262943042008689 ], 
  [ 3319180943796758143089249494340630007 ],, 
  [ 1927620421, 25431053341, 4851080262560824590871, 
      37613961970237570930714901 ], [ 1208301587351343913 ],,,, 
  [ 574289908261 ],, 
  [ 5204861437, 154716933605257241, 46274924238092621536966751 ], 
  [ 6313945299002279761204719193249 ], [ 11142309099457 ], 
  [ 5497243441, 590633192090583685890138505537260953494430231312733766301 ],, 
  [ 611596118761, 5604789316414508906341 ],, 
  [ 57464568409, 18203935689067, 24865654368361, 17800026266316176628284767 ],
  [ 37006689686821 ], [ 184240321867413011383793 ], 
  [ 1051536062089, 316751336084182969 ],, 
  [ 58130561604321145878419127321573838992509 ], 
  [ 97549885651, 29847692577159556747951 ],, [ 726618101749 ], 
  [ 13470553123, 493359617479, 837716576190831013 ],, 
  [ 192234994936606134618973732051694875201 ], [ 6373622865869212537 ], 
  [ 38668464727, 3340791181479811, 50201249189226679 ], [ 4668588649 ],,, 
  [ 37986095683, 20542594284143 ], [ 921233258089 ], 
  [ 1337802929, 31797957987137 ],, [ 5170028088077641 ], [ 2293018547 ], 
  [ 570611428592506522507506150763530372673, 
      88959557202989181524411632961861070716209 ],, 
  [ 10632855613939639, 345820991372238643 ], [ 5320905107561 ], 
  [ 6416210881, 1315511632129, 546387796420371937 ], 
  [ 7717034239, 1204733849616643, 2490199984648819 ], [ 343048514974608871 ],
  , [ 132077756138230135043335957102299215144670601 ],, 
  [ 702420238352920756523411438395181867323 ], 
  [ 300543712979, 136516974657380122859 ], 
  [ 4843247137, 606451688753, 134602311625902901975922501715742326862337 ],,, 
  [ 41700714101, 641537862079 ], [ 24702976074238093 ],,,, 
  [ 95175128497, 149368302881685270326161 ],, 
  [ 237754328947, 291162002101, 2729131840001378354858171653 ], 
  [ 593976269371, 3144455481373310667322901 ], 
  [ 18435943003216150357595473713935081 ], 
  [ 723104005339, 1690067216917, 4234769142435001 ], 
  [ 316748107688406347909562137, 2925454455532708344887705237 ], 
  [ 209977660327, 6205565207059, 34119150915513007 ], [ 48457464001 ],, 
  [ 2553357882016457 ],,, [ 998949530841751 ], 
  [ 610288022107, 629218068139405318771 ],,, [ 40579336995090736237 ], 
  [ 586551948214181 ],, [ 5858760045218653 ], [ 1179722237 ],,,,, 
  [ 1385623906490046595685243224229743351 ],, 
  [ 3891109647881, 432171001319764006041654335641 ], 
  [ 2496030392431684351, 764086982957387212969, 3715196708176036602847 ], 
  [ 20850177371, 5074769189653704802839104833 ], 
  [ 781948952357, 3113759635334595391 ], [ 16062018914070182881 ],,,, 
  [ 88505265978819624533 ],, 
  [ 38522654701, 977901386198920583373901, 3053435044053096822899263703251 ],,
  , [ 1514668559837833 ], [ 139179675251, 2827164425128457718767 ],, 
  [ 138851747728128593771620957, 68875595672423307182045806237428913 ],,,,,, 
  [ 65964160962584047 ],,,, [ 3824183343546661, 1048889204555861241763 ],, 
  [ 6754799521, 33345895370177666371107845291795617, 
      75787855833038229717813397904631941017 ],, [ 26451596115006571 ],,,, 
  [ 44729490613, 57298849891, 754889844911228129972811307 ],, 
  [ 1570474355473 ],, [ 191203910529743 ],,,,,, [ 2539483808578623565289497 ],
  ,,, [ 8612159681, 886682106217, 5446379223001, 36301418335549 ], 
  [ 166612494889 ], [ 28077511061, 874038442039751 ],, [ 21698012961409 ],, 
  [ 6981181170107, 127746789290785374426799 ], [ 1170828361, 6206383980031 ], 
  [ 89388108009641813 ],,,, [ 121769021048201 ],, [ 19596732487479541813 ],, 
  [ 1388615091647985061257624552673 ],,,, [ 6512443393 ],, 
  [ 190910956130014916883686877027343100218773070579711 ],,,, 
  [ 14833143817170857 ],, [ 550309571712877897, 1803110457763010608489 ],, 
  [ 2683341166613 ],,,, [ 7013866687837732281613750321 ],, 
  [ 15289173313, 1383989874499457 ], [ 16384033864801 ], [ 94128594316667 ],, 
  [ 13703557863911017 ],, [ 21402155903591754341, 2825900045984737409851 ],, 
  [ 1911079269641 ],, [ 3583967136820378354801 ],, 
  [ 2761085069, 1188996151226017 ],,,, [ 1030198616477016523444774536001 ],, 
  [ 45186786679, 9725718034517 ],, [ 1261714464481 ],, 
  [ 15077518843, 17025691489, 53182377047557729 ],,,, 
  [ 1561320183657719318820251 ],,,,,,,, [ 674490477787261 ],,,,,, 
  [ 1293790905793 ],,,,,,,,,,,, [ 111281856101194953241 ],,,,,, 
  [ 4903857331, 57171678337, 3086770420901803 ],,,, [ 7862992567 ],, 
  [ 115636716289, 47045197625761 ],,,,,, [ 2299954033483 ],,,,,,,,,,,,,, 
  [ 13550135947349 ],,,, [ 129702058513, 711641282353 ],,,,,, 
  [ 5826877746458432017 ],,,,,,,,,,,,,,,,,,,,,,,,,,,,,, [ 33668547163609 ],,,,
  ,,,,,,,,,,,,,, [ 3584316691 ],,,,,,,,,,,, 
  [ 10799451480944449, 642681951315468373 ],,,,,,,,,,,,,,,,,, 
  [ 5370287869, 54873726337 ],,,,,,,,,,,,,,,,,,,,,,,,,,,,,,,,,,,,,,,,,,,,,,,,,
  ,,,,,,,,,,,,,,,,, [ 2957238626497 ] ];
