BRENTFACTORS[465]:=[ ,,,,,,,,,,,,,,,, [ 462686772563713 ],, 
  [ 3785867474631043 ],,,,,, [ 13602901374420200501 ], [ 1405946444023811 ],,
  , [ 21226405523, 10205704213707869969 ],, [ 1069535102479, 530635825063943 ]
   ,, [ 98366889919, 42842573793416431 ], [ 6670896408800283307 ], 
  [ 13299939311 ],, [ 8683612637873, 49095173473939834898543591495762314939 ],
  [ 34996819175468399 ],,, [ 94453489790924371266427 ], [ 149668238371 ], 
  [ 12793110792555793677561811, 5275502786881448935573572773, 
      9564499441837542861459314807, 96830154900108393398445617327 ],, 
  [ 1792478118635686891 ],, 
  [ 16697467973, 12528083596403946154060323438037183 ],, 
  [ 902953523963, 255077897523828261737, 50723438356947251087891380573314277 ]
    , [ 34713212851 ], [ 839242413521053 ], [ 3327125477600549 ], 
  [ 3103522093709, 837191864833332673732247002350581 ], [ 8900036858683 ], 
  [ 38500780510815041 ], [ 60464303873, 95717408921 ], 
  [ 1517029235944455446314766878201682557 ], [ 61161997372304761 ], 
  [ 714640483875523663 ],, 
  [ 13454564873534680009, 4646506621618779278618083112701 ], 
  [ 181688029147, 61927197672888667933516621 ],, 
  [ 5784286913, 21187924703809 ], 
  [ 1053209561, 69066301613143202480425567405870861200460359775351 ],, 
  [ 14213196078569, 279305412037969, 452023466979659123 ], 
  [ 1027421825300732245605984647897 ], 
  [ 18595682203333, 125450560620690105101852113679485693 ], 
  [ 7411675253783342046456911 ], [ 95307821672489 ],, 
  [ 508351919878449649, 1832043119637378953386942373 ],, 
  [ 76207613009882352449659488855717156821419651 ], [ 3397325894968487609 ],, 
  [ 7991226992146211960644377127 ],, 
  [ 303509593845281, 201884124541263571673879979553841 ], 
  [ 6272283924649, 280864317660337, 5555792340630566203051639, 
      78358163600158761869816072876944582987 ], 
  [ 8067936965663, 40065947965649751199 ],, [ 2810335801452148667209 ],, 
  [ 3064097441 ], [ 98466000571, 365448510331 ], 
  [ 1009809057689640082536069051953 ], [ 30750314612213105809 ],, 
  [ 29226587037971051 ], 
  [ 547093223181121, 1238111659961857, 9040949276189910723334849 ], 
  [ 6006958648531, 1002515339432531568691, 29037484731390567736399 ],,,,, 
  [ 224114489436620151884375687990899 ],, [ 552695898468385614597901 ],, 
  [ 4968815211403430208801829276743616981 ], [ 1417265273460053 ], 
  [ 769523756242820029009052972279881 ],, 
  [ 9041270217398069702207476501581319 ],, 
  [ 90321789969449029, 113604574064979648421 ], [ 25767772003 ],,,,, 
  [ 246594720797270353, 5144489430905091061, 176355281025208468021 ], 
  [ 49998942836822654651 ], [ 23594929365044984009511644487961 ],,,, 
  [ 509504684159192267813758078139767972441 ],, 
  [ 325241612921, 29984362504199278997 ],,, [ 73984067938600534501 ],, 
  [ 174889205842937 ], [ 9621256497409, 426353623949569 ], [ 1137507037 ], 
  [ 564850295542651, 66012494012444670763028817714399659314899315931 ],, 
  [ 5141435478362537799347045851065631615453 ], [ 10663950098440166683 ],, 
  [ 2040898681, 2741842171 ],,, [ 3341604098694986160297916973719 ],, 
  [ 793357779606268558263018500802464071512019756286915865404701 ], 
  [ 2818815645403 ], 
  [ 399235256280054153989, 1821382075232632201771, 1368856790885005277155159 ]
   ,, [ 8944251749927533945266464737, 776157904795241406815977722129212680513 
     ], [ 1658836441845356345731 ], [ 1108457989 ], 
  [ 327403110763, 21317751069102385483783 ], [ 26087786290889957 ],, 
  [ 75823174825484844281710543216164179851 ],,,,, 
  [ 15987712771, 46100975340181 ], 
  [ 31917946795017383608661977361996982367897 ],, 
  [ 16181438021313407, 27521246987137664412371821 ], [ 5504083603 ],,, 
  [ 16515021799 ],, [ 11242891589, 1723918855433, 358237221960754091441 ], 
  [ 56496342662873082421 ], 
  [ 6612307717503903318623, 238407028758822177013849, 
      57898752093875598660713723 ],, 
  [ 333600602880270601, 1051763917566159685273, 44071953131165599926783169, 
      2122871528970325763765876466601 ],, 
  [ 3980739499626886901, 266757140897366183068831, 
      13587300891707586042637171614082756081 ],, [ 2449668914854157 ],, 
  [ 2335145356413973275166143421455721 ], 
  [ 103522317851, 149463774601, 2078606753651, 508987112965846201 ], 
  [ 741154429860962657 ], [ 316344126268980463 ],,, 
  [ 4655866599541, 12164158876223100708901 ],, [ 1736725537 ],, 
  [ 572853182651939527921073 ],, [ 40646005447541973109 ],, [ 81325945409 ], 
  [ 197107376509 ], [ 2533706051, 15649691436271, 123904429473631 ],, 
  [ 913999025621866405918849, 6555447637551197981335289455046017 ],,, 
  [ 155238805886191 ],,, 
  [ 122534677683793, 390793129780973041, 17742460512674482003, 
      315156873318113659321301077, 8839291366655410999837555378880911 ],, 
  [ 169734981601, 39863935925201 ],, [ 16044795736933 ],,,,,, 
  [ 2425828081, 208056484481 ],, 
  [ 83141817986740394123237705956445014050392267595419047154587771 ],,,, 
  [ 494648348674171, 6871076808590669 ],, [ 2270768473, 71604446149081 ],,,, 
  [ 135545969021, 568718340301, 3840374789755901 ],,,, [ 1762631809 ], 
  [ 1156170964051, 64283330284951853701 ],,, [ 135196947604861501 ],, 
  [ 6027766861 ], [ 8285918607121 ], [ 433469707967497 ],,,,,, [ 5406546517 ],
  , [ 3381865474084948801 ],,,,,, 
  [ 411121648630240095043, 2493806098202605043239 ],, 
  [ 140959151153, 155788546878977 ],, 
  [ 9174207001, 121241469046012501, 5699518743449833501, 
      7328600904774476204542751 ],,,,, 
  [ 35972682211, 349221129121, 442641129331 ],,, 
  [ 46347282789237515582967451 ],, 
  [ 609385726598750336561, 11843191080403997440303756541 ],,,,,,,,,,,,,,,, 
  [ 42635821491885726241 ],,,, [ 19159784561 ],,,,,, [ 2373898957 ],,,, 
  [ 1151409331, 1813309391, 447691308671791 ],,,, 
  [ 77561264424757, 15950101507252905049, 3160764170253776230537 ],,,,,, 
  [ 141457175265337302566401 ],,,,,,,,,,,, [ 2352548329, 13292881895593 ],,,,,
  ,,,,,,,,,,,,, [ 10889662741 ],,,,,,,,,,,, [ 23555909018339821 ],,,,,,,, 
  [ 814130413951 ],,,,,,,,,,,,,,,, [ 7136216599693, 13396270090762911619171 ],
  ,,,,, [ 336702411487129 ],,,,,, [ 52260189068431 ],,,,,,,,,,,,,,,,,, 
  [ 8486495821 ],,,,,,,,,,,, [ 18836091342954790153 ],,,,,,,,,,,,,,,,,,,,,,,,,
  ,,,,,,,,,,,,,,,,,,,,,,,,,,,,,,,, [ 1166858911, 15986078761 ] ];
