BRENTFACTORS[2903]:=[ ,,,,,,,,,,,, [ 319607528691049 ],,,,,, 
  [ 12852407104587575384179 ],,,, [ 5014275788548811474071 ],,,,,, 
  [ 1887754431949 ],, 
  [ 7160189745878358221, 2686651517583071093080141, 43555491851449336336436501\
29 ],,,,,,,,,,,, [ 3260944998439085041992184842030976315297381791679 ],,,,,,,,
  ,, [ 92989302421 ],,,,,,,,,,,,,,,,,,,, [ 3639777557170487 ],,,,,,,,,,,,,,,,,
  ,,,,,,,,,,,,,,,,,,, [ 1106152057, 2563352874301201 ],,,, 
  [ 13704402519427701951594343 ],,,,,,,,,,,,,, [ 179080373752834877 ],,,,,,,,,
  , [ 215467936153045637 ],,,,,,,,,,,,,,,,,,,,,,,,,,,,,,,,,,,,,,,,,,,,,,,,,,,,
  ,,,,,,,, [ 137403699418728221410417 ] ];
