BRENTFACTORS[6073]:=[ ,,,,,,,,,, [ 3925100671823 ],, [ 1910331582415162583 ],,
  ,, [ 80408084080272840349 ],, [ 4418900065929682250746040969 ],,,,,,,,,, 
  [ 10471263895093, 19154000280735002137657 ],, 
  [ 52352577657971350539601505539965894150809876071 ],,,,,, 
  [ 15712349640124622318033, 1947598982810635305323126565144974889509 ],,,, 
  [ 62098144659295418036353, 
      67096329186616839888441016695174053775470792657876905703 ],, 
  [ 2064200380001 ],,,,,,,,,,,,,,,,,,,,,,,, [ 3349447953697206443921 ],,,,,, 
  [ 1227858351771751763939272532674014598933 ],,,,,, [ 1275705733547028709 ],,
  ,, [ 144427922351 ] ];
