BRENTFACTORS[7027]:=
[ ,,,,,,,,,,,,,,,, [ 3087640965347, 14357970428771, 22576605349567 ],,,,,, 
  [ 14384490960397, 126288357369282973703 ],,,,,,,, 
  [ 22037201473822586507857, 267761992447852306216307773464325364263, 
      77882968737808155916989882793865474407944281598931 ],,,,,, 
  [ 8478180593 ],,,,,, 
  [ 1023626651711, 103632872432681, 3292506360647191180502147 ],,,,,,,,,, 
  [ 4422423838154142349 ],,,,,, [ 436317158576550910973 ],, 
  [ 225329889299110854646998847 ],,,,,, 
  [ 41528380770367994693, 106273998123232724309843 ],,,, 
  [ 786622812264031, 23305562271093191 ],, [ 1272168490991 ],,,,,, 
  [ 111831103973717 ],,,,,,,,,,,,,,,,,,,,,,,,,,,,,, [ 178942054492269917 ],,,
  , [ 3506187731 ],,,,,,,,,,,,,, [ 1063240699 ],,,,,,,,,,,,,,,,,,,,,,,,,,,,,,,
  ,,,,,,,,,,,,,,,,,,,,, [ 1613225687 ] ];
