BRENTFACTORS[375]:=[ ,,,,,,,,,,,,,,,,,, [ 66148274875228636230311 ],,,, 
  [ 4235451511147 ],,, [ 24815162243 ],,, [ 110288096544161329 ],,,,, 
  [ 11897368741 ], [ 10477729921, 1211550048785024322851 ],, 
  [ 171570161683074006001, 648319945771625402806147 ], [ 37795923927125941 ], 
  [ 2789511329697118494335785789 ],, 
  [ 5459383382455902266993, 18785956190933905546073 ],,, 
  [ 39205324293016921093693 ], 
  [ 20923015501, 530262235591021, 771894269951401 ], [ 333638842223431 ], 
  [ 1166306411, 43033323686990701, 41840901410601492189621200157010952362609 ]
    , [ 1055273240118960337 ], [ 88200413331463828788709 ], [ 2582640301 ], 
  [ 103718582285520384503197267 ], [ 20622317873, 25790528775160969 ], 
  [ 4980122905460508045919489 ], [ 991970483041 ], 
  [ 62509803008669831, 29584993521608611213381, 119155204596228613660357621 ],
  , [ 2720415403, 32022237367, 29681684594761, 23711821601773807 ], 
  [ 164104637299053459990115323484613 ], [ 25344166709227 ], [ 746543571481 ],
  [ 6197921227 ], [ 296587336945400717 ], 
  [ 180883088611581992864509, 7068000656578005055792176040963 ], 
  [ 167710744994497, 5733681013378172438593 ], 
  [ 146044381211, 17009651938132751, 48301260348312112441 ],,, 
  [ 1659058422789737 ],, [ 6062834967421 ], 
  [ 13570360511633, 14348756774641, 32538989220703659763510621, 
      82835973588044673580895079923837 ], [ 366793145281 ], 
  [ 8715034656179, 1058484415100819241162784463941 ], 
  [ 13335891077138333863798971924386590642889512667 ], 
  [ 2319683875518264301, 38509640663211226156201 ], 
  [ 185307444601, 3327851021897 ],, [ 4932112588807249 ],, [ 6803953441 ], 
  [ 2644420528621, 724448211485271676257090403 ], 
  [ 19308006919, 7066402663763 ], 
  [ 5940333484542295497223, 105462821481394820602666305787 ],, 
  [ 980320198511 ], 
  [ 1290720006951376441456779443, 1868417033074274053912551962656667 ], 
  [ 6051078217804056502381 ], [ 14660517295513, 119655118310373684343746761 ],
  [ 1011734023, 1161348621281209 ], [ 7203825618751 ],, 
  [ 86456565279650246801953550975603583204529 ], 
  [ 898327241244709, 8802323379125461, 3155147237532093001416151729 ], 
  [ 205765346608695220547 ], [ 913648726148563871, 3191253327147604045040171 ]
    , [ 1933561923325070497 ], [ 10310550114514692239 ], 
  [ 39084887607997511747830963489 ], [ 223719734798058218377805929 ], 
  [ 108141737241001, 27219332455944186631859982844201 ],, 
  [ 359417035163843606984214199 ], [ 2834327633, 7925268391549 ], 
  [ 4580756076801001033 ], [ 2747733661, 1358857407181 ],,,,, 
  [ 224978987641, 6974596421761 ], 
  [ 52922831527, 137959735011748747549, 386809244901400544700128193469 ], 
  [ 94132480466817882614490113 ], [ 291283347847, 2993511844191365711 ],, 
  [ 803009327821710421 ], [ 518180834776457 ],,,,, [ 1501172707 ], 
  [ 1274440793, 23545579226747604300865051849 ],, 
  [ 79053604247861, 64267488079754929, 1270747300157991546181249597 ], 
  [ 48449075217969001 ],, [ 499940094607 ],,, 
  [ 21393111111451, 384800693037495061754209724087313571 ],, [ 9972348409 ], 
  [ 34035283871 ],, [ 7404249961 ], 
  [ 1842056105722431960593, 227460485060432946963434657 ],, 
  [ 16949456011, 571621327831 ],,,,,, 
  [ 13449724940634897600454391187169891164153553 ], 
  [ 143745356471, 688497020821, 86166453760381 ], 
  [ 9901190646327434512310847559, 91473684045230595011994264113 ], 
  [ 3036094489, 303124480807, 369865992049, 4069122808315321, 
      34973964570054007, 161645181051304144069 ], 
  [ 2080223917, 12499499597873, 56811673059733 ],, 
  [ 14697626401, 112817333325193501, 533713917617757601, 1391587497653132701 ]
   ,, [ 307623118482857497, 2743805402905707160581610638697 ], 
  [ 2701671487741 ],, [ 73133897334431 ], 
  [ 2363960399431801, 172245303517054093, 94059507127069395090040681 ],, 
  [ 864560862864164795123 ],,,,,,,, [ 1422967403971 ],, 
  [ 6237236819236592401, 106729198208873291317094360523861930481 ],, 
  [ 54558692281, 4780381943613183001 ],, [ 41719480813 ],, 
  [ 19255070551, 6798378992491, 106396527342529 ], [ 4770646352975256601 ],,, 
  [ 1212237500344808694227957, 2895559552503995132240869 ],,,,,, 
  [ 4953412693524089 ],, [ 5242888579 ],, 
  [ 84936054701, 7433710983109553, 66310656006711676251821 ],, 
  [ 13901874211 ],,,, [ 3800706769, 5711029231, 18735825723418889731 ],,,,,,,
  , [ 5836669609, 30321019402999789 ],,,, [ 7513487679167 ],,,, 
  [ 7229521283461, 16066512252686637825996385042138346750114262121 ],,,, 
  [ 29641146696635447 ],, [ 32321118961, 538357215673, 3618575824278528699337 
     ],, [ 154135226851 ],,,,,, [ 16634340570736542977 ],, [ 6921080959459 ],
  , [ 1765285063573, 31452309825364576273219453 ],, 
  [ 12172100251, 149042579931609914131081 ], [ 2301623941 ], 
  [ 156596428170755281 ],, [ 115254989461, 55827633703281945045216391 ],,,, 
  [ 1654605225014730621151, 1718933599451354159397049 ],, 
  [ 133868334201615102853559041 ],, [ 179249267325437, 48444545935764661 ],, 
  [ 32164228692137 ],, [ 1671695461, 189547567876448209 ],,,, 
  [ 846939554298372361501 ],, [ 377985091683795747982923561841 ],,,,,,,,,,,,,,
  ,,,, 
  [ 12164089681, 31386499264441, 4082004479326803301, 229329744929585854722940\
68988838213131, 780868966463301923413716757023319458061, 
      4933263497149743422119033575054211738471 ],, [ 686071582549697 ],,,,,,,
  , [ 902695727134601 ],, [ 114613330195159, 75317748976439539 ],,,,,, 
  [ 1354651201 ],,,,,,,,,,,,,,,,,,,,,,,,,,,,,,,, [ 1501399931201 ],,,, 
  [ 253832111581249 ],,,,,, [ 9648179726461 ],, 
  [ 479413532449, 47709845622289 ],,,,,,,,,,,,,,,, [ 5536496574769 ],,,,,,,,,,
  ,, [ 550040460481, 2777917859548561, 26495367207016675059361 ],,,,,,,,,,,,,,
  ,,,,,,,,,,,,,,,, [ 1911108811 ],,,,,, [ 76240827037 ],,,,,,,,,,,, 
  [ 4737089747507130557228161 ],,,,,,,,,,,, [ 8071915721981161 ],,,,,,,,,,,,,,
  ,,,,,,,,,,,,,,,, [ 825132888001, 284986093074263101 ],,,,,,,,,,,, 
  [ 1663250821 ],,,,,,,,,,,,,,,,,,,,,,,,,,,,,,,,,,,,,,,,,,,,,,,,,,,,,,,,,,,,,,
  ,,,,,,,,,,,,,,,,,,,,,,,,,,,,,,,,,,,,,,,,,,,,,,,,,,,,,,,,,,,,,,,,,,,,,,,,,,,,
  ,,,,,,,,,,,,,,,,,,,,,,,,,,,,,,,,,,,,,,,,,,,,,,,,,,,,,,,,,,,,,,,, 
  [ 1254768769, 7331996897 ],,,,,,,,,,,,,,,,,,,,,,,,,,,,,,,,,,,,,,,,,,,,,,,,,,
  ,,,,,,,,,,,,,,,,,,,,,,,,,,,,,,,,,,,,,,,,,,,,,,,,,,,,,,,,,,,,,,,,,,,,,,,,,,,,
  ,,,,,,,,,,,,,,,,,,,,,,,,,,,,,,,,,,,,,,,,,,,,,,,,,,,,,,,,,,,,,,,,,,,,,,,,,,,,
  ,,,,,,,,,,,,,,,,,,,,,,,,,,,,,,,,,,,,,,,,,,,,,,,,,,,,,,,,,,,,,,,,,,,,,,,,,,,,
  ,,,,,,,,,,,,,,,,,,,,,,,,,,,,,,,,,,,,,,,,,,,,,,,,,,,,,,,,,,,,,,,,,,,,,,,,,,,,
  ,,,,,,,,,,,,,,,,,,,,,,,,,,,,,,,,,,,,,,,,,,,,,,,,,,,,,,,,,,,,,,,,,,,,,,,,,,,,
  ,,,,,,,,,,,,,,,,,,,,,,,,,,,,,,,,,,,,,,,,,,,,,,,,,,,,,,,,,,,,,,,,,,,,,,,,,,,,
  ,,,,,,,,,,,,,,,,,,,,,,,,,,,,,,,,,,,,,,,,,,,,,,,,,,,,,,,,,,,,,,,,,,,,,,,,,,,,
  ,,,,,,,,,,,,,,,,,,,,,,,,,,,,,,,,,,,,,,,,,,,,,,,,,,,,,,,,,,,,,,,,,,,,,,,,,,,,
  ,,,,,,,,,,,,,,,,,,,,,,,,,,,,,,,,,,,,,,,,,,,,,,,,,,,,,,,,,,,,,,,,,,,,,,,,,,,,
  ,,,,,,,,,,,,,,,,,,,,,,,,,,,,,,,,,,,,,,,,,,,,,,,,,,,,,,,,,,,,,,,,,,,,,,,,,,,,
  ,,,,,,,,,,,,,,,,,,,,,,,,,,,,,,,,,,,,,,,,,,,,,,,,,,,,,,,,,,,,,,,,,,,,,,,,,,,,
  ,,,,,,,,,,,,,,,,,,,,,,,,,,,,,,,,,,,,,,,,,,,,,,,,,,,,,,,,,,,,,,,,,,,,,,,,,,,,
  ,,,,,,,,,,,,,,,,,,,,,,,,,,,,,,,,,,,,,,,,,,,,,,,,,,,,,,,,,,,,,,,,,,,,,,,,,,,,
  ,,,,,,,,,,,,,,,,,,,,,,,,,,,,,,,,,,,,,,,,,,,,,,,,,,,,,,,,,,,,,,,,,,,,,,,,,,,,
  ,,,,,,,,,,,,,,,,,,,,,,,,,,,,,,,,,,,,,,,,,,,,,,,,,,,,,,,,,,,,,,,,,,,,,,,,,,,,
  ,,,,,,,,,,,,,,,,,,,,,,,,,,,,,,,,,,,,,,,,,,,,,,,,,,,,,,,,,,,,,,,,,,,,,,,,,,,,
  ,,,,,,,,,,,,,,,,,,,,,,,,,,,,,,,,,,,,,,,,,,,,,,,,,,,,,,,,,,,,,, 
  [ 517606002402529, 205318239777933913 ] ];
