BRENTFACTORS[5743]:=[ ,,,,,,,,,, [ 8219248577 ],, [ 4029009427613 ],,,, 
  [ 5025617521, 169912826857 ],, [ 2618294279 ],,,,,,,,,, [ 3951428003 ],, 
  [ 319446094919740880757703, 6151219979386021410129581537168524748906093, 
      30260860577297791297648714458586697496892604867 ],,,,,, 
  [ 525257948488603140906408869 ],,,, [ 273364150099090571 ],, 
  [ 91009825243573, 191739603733776299 ],,,,,,,,,, 
  [ 31753337819765662996673138477, 22696734070440546176220473986113281 ],,,,,
  , [ 2440051205154384288647515331 ],,,,,,,,,,,, [ 3049812620147 ],,,,,,,,,,,
  , [ 23342807872313 ],,,,,,,,,,,,,,,,,,,,,,,,,, [ 1547824853 ],,,, 
  [ 3787591435309589 ],,,,,,,,,,,,,,,,,,,,,,,, [ 414494003887 ],,,,,,,,,,,,,, 
  [ 2405173607437 ],,,,,,,,,,,, [ 16305589930151 ],,,,,,,,,,,,,,,,,, 
  [ 2564417413 ],,,,,,,,,,,,,,,, [ 4348843590994593017 ] ];
