BRENTFACTORS[3119]:=[ ,,,,,,,,,,,, [ 320552845237, 595206660076190128357 ],,,
  , [ 1071735113539643589662711, 2675491205106217980653957257 ],, 
  [ 400848765893, 1354930806263, 44371923697961303, 32389935560559148699373 ],
  ,,, [ 59114769084731, 116183393641569082264802720393921303569015909 ],,,,,, 
  [ 1351113392653, 26789955905680733, 
      64740792021236089562020150748539948075037230353043929616420369 ],, 
  [ 1705163064261502140533699, 8728160400975802586267237441417, 
      436169748556592826276046624892180537 ],,,,,, [ 878268497467 ],,,, 
  [ 16403544112940483002410419 ],,,,,, 
  [ 933070172519574725743, 3274378048413437532781 ],,,,,,,,,,,,,,,,,,,, 
  [ 3733408456319592368323 ],,,, 
  [ 1947702157375926737, 324806022827202637649 ],,,,,,,,,,,,,,,,,,,,,,,,,,,,,,
  ,,,,,,,, [ 1481649863, 34583951761418835013621 ],,,,,,,,,,,,,,,,,,,,,,,,,,,,
  ,, [ 15186075489591583 ],,,,,,,,,,,,,,,,,, [ 1074454194204697 ],,,,,,,,,,,,,
  ,,, [ 48217468969163357 ],,,,,,,, [ 19424362782484391 ],,,,,,,,,,,,,,,,,, 
  [ 104583374888173 ] ];
