BRENTFACTORS[355]:=[ ,,,,,,,,,,,,,,,,,, [ 1122554946473 ],, [ 46466550523 ],,,
  , [ 72593170523027201 ], [ 40678906907159 ], [ 1127937788862499 ],, 
  [ 50299624201, 1812493817045257 ],,,, [ 19564306662075275517172669 ], 
  [ 1796734727 ], [ 4393777358239391501 ],, 
  [ 352866547777493, 532896731904333660074612587 ],,,, [ 3575646428009 ],, 
  [ 363854322088920980507105264299706872275855537487 ],, [ 98178970192438501 ]
   ,, [ 719113634885557, 7595456863134484111 ], 
  [ 226359459217, 428734999729 ], [ 12847210531, 1775506501393494652721 ],, 
  [ 991697862937 ], [ 82253464155236356736965069 ], [ 327542283666212009 ], 
  [ 352185757186303 ],,, 
  [ 78834523049456059, 759149702465516293, 2073441422973507217 ], 
  [ 25267016345801759 ], [ 46174133019281124779958346489810381 ], 
  [ 98969118481 ], [ 788758587163, 1337277860966792673137723035762951 ],, 
  [ 70706198683, 97948923923730491767 ], [ 5180840535748292866795073 ], 
  [ 920468291341, 6667792795287521, 410986674479218221988054751 ], 
  [ 1437126109, 18963144043009 ], [ 201749004659 ], [ 215352322318712881 ], 
  [ 511621476001, 1573069523211290857573, 20102459565535612152031 ], 
  [ 54995485424740001, 67679879168499991 ], 
  [ 440075795284487594481863, 16088353346890473767916143309 ],, 
  [ 28135634808169074104911607 ], [ 1814668109 ], 
  [ 231559456201, 1308511380178351, 569200490017010782823701 ], 
  [ 128084848657, 12758048980318622821, 240409886519935631689 ], 
  [ 10365521321, 2301975003672510336479, 12134172553441072582141 ], 
  [ 1460935623733, 3844274287933 ], 
  [ 39987899214328541963, 67944076367095171426507, 168671492201740837492457 ],
  [ 212207781494869466503921 ], [ 474046624956163249 ],,, 
  [ 1568509595941, 315176319677017 ], 
  [ 41545412771, 7625817910896121, 28517916793651272037552361 ], 
  [ 331080874633 ], [ 7801195652774646517, 580700137504710285293752513 ], 
  [ 2887557682858609075256249723257867201 ], 
  [ 247112504601103, 4835032883761901 ],, [ 347666343389, 9219265713113 ], 
  [ 18263585710883186355252493961670173997060016487353 ], [ 186402742453 ], 
  [ 36664551857, 78409027109663 ], [ 6243920196251 ], [ 13720767646837732513 ]
   ,,, [ 10706722506802108609848037, 313976553135407547807773620767527173 ],,
  , [ 461411120207991973 ],, [ 337035733101391383481089944367937 ], 
  [ 447554198839153340031957320335529829802451671 ], [ 141905396749 ],, 
  [ 3230744941 ], [ 16827664478281, 219510720418151 ], 
  [ 3651063791, 662760807255809475221646410238841 ], 
  [ 51530363831578867, 185975005435651260931 ], 
  [ 251817958483729099936661452701486340109941532937457 ], 
  [ 18605546899117759981 ], [ 1164500384083300711, 28360948949836377422491 ],,
  ,, 
  [ 2114321422509953, 5213378661373364291397067687, 83176663274266943845096172\
591, 738327835931927391581185188348259 ],,,,,,,, [ 53213788279 ],, 
  [ 80000285569, 682183390771457 ], [ 67761508194799 ], 
  [ 33151102531, 293504752501032671 ],, 
  [ 40132497109, 20812121692630664650752990412273 ],, [ 32185475143 ], 
  [ 28790778113921423161 ], [ 161532873629692361, 3325684312475293384645993 ],
  , [ 12982896343, 106021498893573608349694249967659028698351 ],, 
  [ 474821765417574154441, 681720723066797134195441, 
      1850435030199920129665074242242201 ], [ 777107030017, 41962040184517 ],
  , [ 2118920519, 239350981871 ], [ 10408895569 ], 
  [ 208525958411, 186783697940009878608521 ], [ 46933858319 ], 
  [ 418065389895978682753813 ], 
  [ 78821359297, 571274034936221, 5970252325538649631664537869 ],, 
  [ 9045992776351, 59969863871959051, 4244317674715688125178724792751 ],, 
  [ 836774864832483601, 114215784901609927946353 ], [ 2483891875624899799 ], 
  [ 752840234589040896133529 ], [ 2184137551, 25370636895181 ], 
  [ 1078574173, 619688027089, 375506515538593921, 897309517779698713 ],, 
  [ 1396600553 ],,,, 
  [ 702783687097, 4687479798810733, 25599219634313096205717919, 
      60958531552421054375483658067 ],,, 
  [ 280835042553451, 68726590848482335246831 ],,,,, [ 142471441681 ],, 
  [ 2827226093 ],, [ 551333206049950606548212761 ], 
  [ 4657911301, 8607384451 ], [ 566647799183477949447137 ],,,, 
  [ 60024913366446526681, 3307087792890992064781 ],,,,,,,, 
  [ 7364256155594206621 ], [ 29405206657, 9946888864291 ], 
  [ 12623386489991596541, 588997511602169214451 ],, 
  [ 22648566799898965793304193 ],,, [ 12825585435781, 18703094497621 ],,, 
  [ 3396400728797341 ],, [ 390303786253205615801 ],, [ 69868879590859 ],,,,,,,
  , [ 168571078803664954343851, 6383189896343757620703162314402097841 ],,,,,, 
  [ 33451616539441, 363153477157709372097423193 ],,,,,, 
  [ 691794415367115283, 9011353003514914953700651 ],, 
  [ 447468184397473, 905644380942082657 ],, [ 7455080522509 ],,,, 
  [ 2039781895605451, 2765373616878811, 278530045753998390521021 ],, 
  [ 16896465809 ],, [ 157996200961, 56075436933533466316385311 ],, 
  [ 122452072741, 309940515013, 577944616849 ],, [ 1906432123 ],, 
  [ 1562286241 ],,,, [ 7465599785546593 ],, [ 2843672897326141 ],,,, 
  [ 4214576417407816471624751, 870867827768239974580316251 ],, 
  [ 922672194158779377517 ],, [ 9142603550419 ],,,, [ 9276543177944107456981 ]
   ,,,,,,,,,,,,,,,,,,,,,, [ 3184888485521 ],,,,,,,, [ 6848920032958732650913 ]
   ,,,,,, [ 48507476100553 ],,,,,, [ 25387425901 ],,,,,, 
  [ 3743102773, 1998186095307637 ],, [ 2337975624120200283913 ],,,,,,,,,,,,,,,
  ,,,,,,,,,,,,, [ 417337519085682721, 175667471183782997329 ],,,,,, 
  [ 338478999193, 69290195901981517 ],,,,,,,,,,,, [ 3344248713457 ],,,,,,,,,,,
  ,,,,,,, [ 39114472333, 4981855650828757 ],,,,,, [ 10032422779 ],,,,,, 
  [ 41931701254537729 ],,,,,,,,,,,, [ 1565403531121, 25739750951606737 ],,,,,,
  ,,,,,, [ 58949539729 ],,,,,,,,,,,, [ 113258371801 ],,,,,,,,,,,,,,,,,,,,,,,,,
  ,,,,,,,,,,,,,,,,,,,,,,,,,,,,,,,,,,,,,,,,,,,,,,,,,,,,,,,,,,,,,,,,,,,,,,,,,,,,
  ,,,,,,,,,,,,,,,,,,,,,,,,,,,,,,,,, [ 3004425592141469 ],,,,,,,,,,,,,,,,,,,,,,
  ,,,,,,,,,,,,,,,,,,,,,,,,,,,,,,,,,,,,,,,,,,,,,,,,,,,,,,,,,,,,,,,,,,,,,,,,,,,,
  ,,,,,,,,,,,,,,,,,,,,,,,,,,,,,,,,,,,,,,,,,,,,,,,,,,,,,,,,,,,,,,,,,,,,,,,,,,,,
  ,,,,,,,,,,,,,,,,,,,,,,,,,,,,,,,,,,,,,,,,,,,,,,,,,,,,,,,,,,,,,,,,,,,,,,,,,,,,
  ,,,,,,,,,,,,,,,,,,,,,,,,,,,,,,,,,,,,,,,,,,,,,,,,,,,,,,,,,,,,,,,,,,,,,,,,,,,,
  ,,,,,,,,,,,,,,,,,,,,,,,,,,,,,,,,,,,,,,,,,,,,,,,,,,,,,,,,,,,,,,,,,,,,,,,,,,,,
  ,,,,,,,,,,,,,,,,,,,,,,,,,,,,,,,,,,,,,,,,,,,,,,,,,,,,,,,,,,,,,,,,,,,,,,,,,,,,
  ,,,,,,,,,,,,,,,,,,,,,,,,,,,,,,,,,,,,,,,,,,,,,,,,,,,,,,,,,,,,,,,,,,,,,,,,,,,
  , [ 923997553481, 147436345553669 ] ];
