BRENTFACTORS[497]:=[ ,,,,,,,,,,,,,,,,,, [ 4579886606159 ],, [ 2557062397 ],,,
  , [ 1872560201, 64631880290701 ],, [ 3971548153 ],, [ 25579596172993 ],,, 
  [ 44817837438067314913 ], [ 119758982622379, 210031159506367 ], 
  [ 1619266321 ], [ 12464848271, 18588891494881 ], 
  [ 16810208281, 52920360901 ], [ 15623464601 ], [ 27502786408352999 ],, 
  [ 9926064521, 63553862441 ],,, [ 3356999876513227409 ], 
  [ 1100183394116489 ], [ 2526555326679613351, 5911762801035061801 ],, 
  [ 37999299017567, 21349561598423465355071 ],, [ 6282707677 ],, 
  [ 31631292523 ], [ 863651632533868673821 ],,, 
  [ 311380899611, 91852337276403422798659031727499136111 ],,, 
  [ 973074762952099 ], 
  [ 28821111427, 1253041348051, 593749811937399683, 22402944911612189358899057\
57607106999 ], [ 1030304116788681704821 ], 
  [ 35392376055300369524981, 1211185468980486220193996337373564243 ], 
  [ 44336067631 ],, [ 1445930707649 ], 
  [ 8880429640439198275572841, 19766386252497762604760594104918878791171 ], 
  [ 26178255027871, 337434765874844881 ],,, 
  [ 31550899767327675234880153, 6759533266873872274268491841563159 ], 
  [ 44341585121, 1644471206738501 ], [ 433774240410955289198779693 ],, 
  [ 40292219039, 17043840801698902259 ], 
  [ 174686554733, 2632784561993490701833 ], [ 125842649195012418253951 ], 
  [ 722052640662497, 370331710864456530172872850933 ], 
  [ 7494109547, 15916458495390257267, 954999076166273039734757, 
      3973732872803583504193811 ], [ 9180846923057997077281 ], 
  [ 7881350173983238501427 ], [ 5556652442472810026081 ], 
  [ 83560531595151893131, 36612710330904856028397799, 
      88144125650871797475738604099 ], 
  [ 36296690804371, 803936135703422523694063054073411725183 ], 
  [ 340077555716560257743677 ], [ 156424494409 ], [ 45913167066761641 ], 
  [ 129303373057512772367, 2190268924397114951103389629103075379379423 ], 
  [ 72104387221 ], [ 792188541688721, 2831944926831192517948218672929137 ], 
  [ 100500369586602281 ], [ 17416562121631, 202581363522781 ],,, 
  [ 647867677593112872259622359 ], 
  [ 2021119269833, 39361725611160332444794052962060073 ], 
  [ 3655212727889651, 1216596610159325581601 ], [ 2673963073 ],, 
  [ 33403982683625008968059 ],, 
  [ 12082203320501, 3152262744627030401, 126752513373053234672701 ],, 
  [ 1701354799, 85819344139, 1519351804351 ], [ 3463782442663 ], 
  [ 1854838129, 150410361174737 ], [ 297353339044715741433036615001 ],,,, 
  [ 1729212253183 ], 
  [ 29229047820818341, 152881492012880731, 160803167763013271, 
      19511756032990887161 ], 
  [ 91745353033, 5810665022979517, 91043429125560190165832346883 ], 
  [ 206038254689, 27243857642344897, 125991070122181128945424855439935900321 ]
   ,, [ 55393518157, 463229461963, 144177738978349 ], 
  [ 10494645848383113544741631 ], [ 130805222797, 2273772369157 ], 
  [ 2263053529621, 207916650808483077043831 ],,, [ 683421531770161 ],, 
  [ 2130268878679233782201274089 ], [ 4012222363, 13574340003422323123 ], 
  [ 1289239037, 7349341873720654844027463473 ], [ 5296733477501 ], 
  [ 1572314306122373941 ],, [ 118804374529, 310730956930798337 ], 
  [ 1391723209, 111330723164835907 ],,, 
  [ 175882186338118636861, 730297480635031277520816133 ], [ 358528165109087 ],
  [ 57494741356847418084619169001039341 ], 
  [ 779498268751, 1725684617430274861 ], 
  [ 2389545569, 136520204602226604102657201097 ],, 
  [ 294760557109, 76363347556321528771 ],,, [ 1467936603921863131471 ],,, 
  [ 6064262209 ], [ 2515854401, 25824670270874921, 4908828145855944952781 ], 
  [ 646958401051, 117372315327563 ], [ 130384817224166029337359 ],,, 
  [ 168475615459888473846973033801 ],, [ 6336724049 ],, [ 3559924475256689 ],
  , [ 2283101571661 ],, 
  [ 3411823561, 2928232423591, 129119557441508981, 193436680605459266542696999\
9 ], [ 25901310695671, 43537927878703, 2089416273693781 ], 
  [ 12173986081, 12167883666794562984964981601 ],, 
  [ 52450155829, 25787422608804493968718603 ],, 
  [ 79046429910837848141, 87803904772894136266849, 
      2130708931715281579512086771489 ], [ 313085829526801, 474191373264841 ],
  ,, [ 750044654057772765999409562945066131624537 ],, 
  [ 4149152422476540691, 1773444211906066170973022796391 ], 
  [ 3590283366598177693 ],,, [ 172128133753, 19615983356569 ], 
  [ 439072583103701, 474679441638100651 ], [ 2794053135281 ],, 
  [ 13016964037211 ],,,, [ 1666133011904590844969173 ],,,,,, 
  [ 134143050235711517863657 ], [ 232909476409, 2897122465189 ], 
  [ 911487370895771, 8435944289602288278181 ],, [ 17484891076915364134539457 ]
   ,, [ 251144760404075999 ],,,, [ 1586415601 ],, [ 4077108553201 ],,,,,,,,,, 
  [ 167630037370531 ],,,, [ 569872518731, 850215940591 ],, 
  [ 140338779202787833, 151406217985321729, 2431497678261580047627508393 ],,,,
  ,, [ 3737935213 ],,,, [ 15897190729853, 47323800702467 ],, 
  [ 5428560848797, 613205758138741, 1201768257727329157, 
      2420775389908878768852589 ],,, [ 2077203870589 ],,, 
  [ 2086714769959, 196025925599266933, 197546921903636742343177441 ],, 
  [ 2109402929, 142404558114931621 ],, [ 72776558045839702004497 ],, 
  [ 1025206644680161, 2167757535539521, 5129930568514561, 
      73758472880937908070481 ],, [ 1160705569 ],,,, [ 17071234998613 ],,,, 
  [ 19091701388694682751, 5641434220727231474113751, 
      13855816286967357341096278819751 ],, [ 539290868993436120373 ],,, 
  [ 11273054259601 ],,, [ 1164876451, 18812711601696499 ],, 
  [ 17475881281, 624028008761 ],,,,,,,,,, [ 2030445631 ],,,,,, 
  [ 78791571828751255606213, 309599523729062907669961990873 ],,,,,, 
  [ 54809264227, 89661409039 ],,,, [ 1008157151 ],, 
  [ 3951036818497, 22322078251777 ],, [ 572188258330981 ],,,,,,,,,,,,,,,,,,,,,
  ,,,,,,, [ 4109458033 ],,,,,,,,,,,, [ 12917841604266083776831 ],,,,,,,,,,,, 
  [ 24154821829 ],,,,,,,,,,,, [ 3576437070967 ],,,,,, 
  [ 81685146241, 479251685306643481 ],,,,,, [ 426773734508818849 ],,,,,, 
  [ 608390676368053 ],,,,,, [ 20034203258871397 ],,,,,,,,,,,,,,,,,,,,,,,,,,,,,
  ,,,,,,,,,,,,, [ 9982762441 ],,,,,,,,,,,,,,,,,,,,,,,,,,,,,,,,,,,,,,,,,,,,,,,,
  ,,,,,,,,,,,,,,,,,,,,,,,,,,,,, [ 200223376193 ],,,,,,,,,,,,, [ 1410054631 ] 
 ];
