BRENTFACTORS[937]:=[ ,,,,,,,,,,,,,,,,,, [ 5043076561865171 ],, 
  [ 45684481333, 271213230499, 36925958618767 ],, [ 191700450371 ],,, 
  [ 352226360901689 ], [ 534265333867, 2037934629849061 ],, [ 33252388767007 ]
   ,, [ 252451344623, 3920587417996327681, 99310124651133481308614843 ], 
  [ 803214949635937 ],,, [ 411963027616276410965576761 ],, 
  [ 966320045945679198336483490224250276783 ],, 
  [ 1705509859, 371691031515165493 ], [ 17617428335081 ], 
  [ 260750831581, 43297921279869414673081591920223 ], [ 7620580171 ], 
  [ 383223669223, 6604976671990134174550447, 
      93533816429507057747477886329783315369 ], [ 2145737339874217 ], 
  [ 248461463102785741 ], [ 178492640111 ], [ 69948489902953 ],,,, 
  [ 130727928698809996355944297 ], 
  [ 199071475721, 87896268194333, 270944539260097 ], [ 1643366443 ], 
  [ 1264691881, 462151881068491 ],,, 
  [ 27459362292712420182699070054187457877 ],, 
  [ 124029325969693, 17045319434740747 ],,, [ 167270768740844833 ], 
  [ 6549630118921, 3939718013010304561 ], 
  [ 14538828108481, 1400435126901761, 11273209777623393379457 ], 
  [ 53290228872998221642402411 ], [ 31040865203439103 ], [ 32250834983 ], 
  [ 338455687494876789784435381 ], 
  [ 37483436491, 175646272987757675364716050702642102093 ], 
  [ 103578574961, 519570976815845394371 ], 
  [ 23378779190204219292649, 129150889328553619302387671, 
      13496691472352880572981273431 ], [ 9916270633 ],, 
  [ 14066581253685289382615348103579385341608191 ], 
  [ 992847395721693199862634756374251 ], 
  [ 118445353849, 19160702680377879749, 3180842093813396350957, 
      224375093741450516354533 ],, [ 2062208935879, 816763122726225559 ], 
  [ 27041233006608197184935428356203666605944675687190254488284107230694979211\
417083669797007121 ], [ 2331302144132081, 2692501682437153240899864001 ], 
  [ 4000493364409 ], [ 41469708878888510711371 ], 
  [ 983724030430757653098043, 768999578162826906631892159317891 ], 
  [ 11563717200103993 ], 
  [ 48947996857091, 1264210660365221, 272239055866249449450452820571 ], 
  [ 1456744870438700415406983310429183, 41395602230294756688186178964372903 ],
  , [ 41285420751565467504649513, 300035016482664877753071443813873 ], 
  [ 13843542203 ], [ 366370433114185703439631 ],, 
  [ 300916229177, 2740663464289, 3665563549337, 2642795068307868924298797133 ]
    , [ 1243067226553, 480710650710139 ], [ 11656492179583, 5360582724129247 ]
    , [ 124434320232331 ], [ 5395011687841 ], [ 1290637963 ], 
  [ 6839412470786334811532651, 437099936035453236992597100812225335613154277 ]
    , [ 150406998712741 ], [ 2256859673323878154253413166956301 ], 
  [ 3453255584819428811, 133777369878494270737, 1410252740907079780283, 
      99355766556523996698833 ],, [ 18564833713, 19771235452987 ], 
  [ 58718218313, 1374951838417, 87673658886577922892108833271100346657569297 ]
    , [ 1779257615274701589105359248655086828348900094213661979201 ],, 
  [ 355189337213 ], [ 2178235702024577419246453 ], 
  [ 158853710110789987, 215744165618980277, 5385583228740336887 ], 
  [ 52095958717955351 ], [ 1171879171, 34645313582804738659 ],, 
  [ 74885330521 ], [ 257439248143471204656650049740212584901 ],, 
  [ 5485764701, 5985193421, 227929441217 ], [ 293465002429 ], 
  [ 210787545364647839121770564759707937, 
      338255199417017743614541517987040666005077 ], [ 6760257597031 ],, 
  [ 566238851575197859147 ], [ 19324147123711, 78335752513056764917 ],, 
  [ 67674111812462015741 ],, [ 6691262254473259, 42177706497119427647485717 ],
  [ 3947956237199948274179 ], [ 1602406260118094508797569 ], 
  [ 7744467529, 34545156649, 1301877345277 ], [ 854759370839758368701471 ],, 
  [ 428044470637584808035107010545044729 ], [ 2498435334641, 145325814543827 ]
    , [ 57478723399, 4518240335116117219073, 48075992348824694667096501626797 
     ], [ 687868460776531 ], [ 53689802561, 14508430306931823199303093564273 ]
   ,, 
  [ 2261654677, 4326466238907156466303, 4099065018305521380219272201424571 ], 
  [ 6641863967 ], [ 104105307278151424369321 ],, 
  [ 3957266083, 248630228036962909309101089869 ], [ 4707316043 ], 
  [ 54263671226127293273968016409960996869791249 ], [ 943014187379271671 ], 
  [ 260253574239341173304061793339 ], [ 32229538484347, 1060354885526413 ],,, 
  [ 1014949051 ],, 
  [ 11601554134122409, 10975886433148223868937, 147750983595921073629079416393\
7 ],, [ 28935277282451 ],, 
  [ 5090943060529, 385349299752123553204489, 672121441917161326016967094847746\
432621117 ],, [ 46842021263 ], [ 5799023080667058526960603 ], 
  [ 44432908001, 39748060607584720409281 ],, 
  [ 7480478443800035312178813605979303850279 ],, 
  [ 12876847015622678557121, 14813704757349185582453059101737 ], 
  [ 315807811771 ], 
  [ 36783205047981531199356437, 27356536001979403752103922269484945968150333 ]
   ,, [ 811272722211814142155739748705191165501036928361 ],, 
  [ 96049123685126251, 1427878751199729211 ],,,, 
  [ 2440321291, 296647224793, 98638672754928198645163 ], [ 797070714042751 ],
  , [ 4232453743789 ], [ 1337929169 ],, 
  [ 109567966263715984741921, 93673491380454644419562232903063443521 ],, 
  [ 22470055427, 226371669889, 3256455070963238873, 3557148592958236459, 
      135034730329815475121327 ], [ 15894621350635249 ], 
  [ 6399264874433, 65377659311255729 ],,,,, 
  [ 2039489929, 2708524603, 29242804249 ], [ 2657058064511 ],,,, 
  [ 39893216875403, 265951317481589 ],,,, 
  [ 10476191730313, 1552493265218904097 ],, [ 23037683157054001 ],, 
  [ 145061415401096419 ],, [ 408113085457792909429 ],, [ 304639263869 ],, 
  [ 61231162398017 ],, [ 327645280201 ], [ 18778927417 ], 
  [ 36065080816780361 ],, [ 36435545590049 ],,,, 
  [ 256736645413, 84015417059601761 ],, 
  [ 3927674182535401, 211184028440575961 ],, 
  [ 89150042121714439, 1215136620698157167080108261 ], [ 2668718883526933 ],, 
  [ 3239026724342251 ],,, [ 247972906477 ],,,, [ 16744129239863865529 ],, 
  [ 206157219841, 611993170153 ],,,,, [ 17459373509 ], [ 14379021124319521 ],,
  ,,,,,, [ 504439572606309281 ],,, [ 545248906151009 ], [ 4794730588134901 ],,
  ,,,, [ 4166331577 ],, [ 4678019167709941, 2277095875784514461 ],,,, 
  [ 48631790593, 1511511800459966353753 ],,,,,, [ 451240288561 ],,,,,, 
  [ 39652941253, 541560876013, 99863294186437, 331995476001751537 ],,,,,, 
  [ 5430301319272873 ],,,, [ 13038584603549363, 69213532918358165767 ],, 
  [ 1211109110663533065093616417, 1273206918812154424776890697889 ],,,,,, 
  [ 21754403574949985521 ],,,,,,,,,,,, [ 3242362600567 ],, [ 2421513557 ],, 
  [ 905164400531 ],, [ 2417788967784529, 2797971767452530241 ],,,,, 
  [ 55654879628760813917 ], [ 67825070976007 ],, [ 74480076902401 ],,,,,,,,,, 
  [ 268430629349521 ],,,,,,,,,,,, [ 4404785299561, 1363042044812233603 ],,,,,
  , [ 31777452961 ],,,,,,,,,,,, [ 1526486441401, 631396194504090481 ],,,,,,,,,
  ,,,,,,,,,,,,,,, [ 3121686913 ],,,,,,,,,,,,,,,,,,,,,,,,,,,,,,,,,,,, 
  [ 29643286898821, 8662282739354887861 ],,,,,,,,,,,,,,,,,,,,,,,,,,,,,, 
  [ 1674201094177951 ],,,,,,,,,,,, [ 1821427147 ],,,,,,,,,,,,,,,,,, 
  [ 23965023381601, 33706715440932481 ],,,,,,,,,,,,,,,,,,,,,,,,,,,,,, 
  [ 2516701081 ],,,,,,,,,,,,,,,,,,,,,,,,,,,,,,,,,,,,,,,,,,,,,,,,,,,,,,,,,,,,,,
  ,,,,,,,,,,,,,,,,,,,,,,,,,,,,,,,,,,,,,,,,,,,,,,,,,,,,,,,,,,,,,, 
  [ 27431675541501113 ],,,,,,,,,,,,,,,,,,,,,,,,,,,,,,,,,,,,,,,,,,,,,,,,,,,,,,,
  ,,,,,,,,,,,,,,,,,,,,,,,,,,,,,,,,,,,,,,,,,,,,,,,,,,,,,,,,,,,,,,,,,,,,,,,,,,,,
  ,,,,,,,,,,,,,,,,,,,,,,,,,,,,,,,,,,,,,,,,,,,,,,,,,,,,,,,,,,,,,,,,,,,,,,,,,,,,
  ,,,,,,,,,,,,,,,,,,,,,,,,,,,,,,,,,,,,,,,,,,,,,,,,,,,,,,,,,,,,,,,,,,,,,,,,,,,,
  ,,,,,,,,,,,,,,,,,,,,,,,,,,,,,,,,,,,,,,,,,,,,,,,,,,,,,,,,,,,,,,,,,,,,,,,,,,,,
  ,,,,,,,,,,,,,,,,,,,,,,,,,,,,,,,,,,,,,,,,,,,,,,,,,,,,,,,,,,,,,,,,,,,,,,,,,,,,
  ,,,,,,,,,,,,,,,,,,,,,,,,,,,,,,,,,,,,,,,,,,,,,,,,,,,,,,,,,,,,,,,,,,,,,,,,,,,,
  ,,,,,,,,,,,,,,,,,,,,,,,,,,,,,,,,,,,,,,,,,,,,,,,,,,,,,,,,,,,,,,,,,,,,,,,,,,,,
  ,,,,,,,,,,,,,,,,,,,,,,,,,,,,,,,,,,,,,,,,,,,,,,,,,,,,,,,,,,,,,,,,,,,,,,,,,,,,
  ,,,,,,,,,,,,,,,,,,,,,,,,,,,,,,,,,,,,,,,,,,,,,,,,,,,,,,,,,,,,,,,,,,,,,,,,,,,,
  ,,,,,,,,,,,,,,,,,,,,,,,,,,,,,,,,,,,,,,,,,,,,,,,,,,,,,,,,,,,,,,,,,,,,,,,,,,,,
  ,,,,,,,,,,,,,,,,,,,,,,,,,,,,,,,,,,,,,,,,,,,,,,,,,,,,,,,,,,,,,,,,,,,,,,,,,,,,
  ,,,,,,,,,,,,,,,,,,,,,,,,,,,,,,,,,,,,,,,,,,,,,,,,,,,,,,,,,,,,,,,,,,,,,,,,,,,,
  ,,,,,,,,,,,,,,,,,,,,,,,,,,,,,,,,,,,,,,,,,,,,,,,,,,,,,,,,,,,,,,,,,,,,,,,,,,,,
  ,,,,,,,,,,,,,,,,,,,,,,,,,,,,,,,,,,,,,,,,,,,,,,,,,,,,,,,,,,,,,,,,,,,,,,,,,,,,
  ,,,,,,,,,,,,,,,,,,,,,,,,,,,,,,,,,,,,,,,,,,,,,,,,,,,,,,,,,,,,,,,,,,,,,,,,,,,,
  ,,,,,,,,,,,,,,,,,,,,,,,,,,,,,,,,,,,,,,,,,,,,,,,,,,,,,,,,,,,,,,,,,,,,,,,,,,,,
  ,,,,,,,,,,,,,,,,,,,,,,,,,,,,,,,,,,,,,,,,,,,,,,,,,,,,,,,,,,,,,,,,,,,,,,,,,,,,
  ,,,,,,,,,,,,,,,,,,,,,,,,,,,,,,,,,,,,,,,,,,,,,,,,,,,,,,,,,,,,,,,,,,,,,,,,,,,,
  ,,,,,,,,,,,,,,,,,,,,,,,,,,,,,,,,,,,,,,,,,,,,,,,,,,,,,,,,,,,,,,,,,,,,,,,,,,,,
  ,,,,,,,,,,,,,,,,,,,,,,,,,,,,,,,,,,,,,,,,,,,,,,,,,,,,,,,,,,,,,,,,,,,,,,,,,,,,
  ,,,,,,,,,,,,,,,,,,,,,,,,,,,,,,,,,,,,,,,,,,,,,,,,,,,,,,,,,,,,,,,,,,,,,,,,,,,,
  ,,,,,,,,,,,,,,,,,,,,,,,,,,,,,,,,,,,,,,,,,,,,,,,,,,,,,,,,,,,,,,,,,,,,,,,,,,,,
  ,,,,,,,,,,,,,,,,,,,,,,,,,,,,,,,,,,,,,,,,,,,,,,,,,,,,,,,,,,,,,,,,,,,,,,,,,,,,
  ,,,,,,,,,,,,,,,,,,,,,,,,,,,,,,,,,,,,,,,,,,,,,,,,,,,,,,,,,,,,,,,,,,,,,,,,,,,,
  ,,,,,,,,,,,,,,,,,,,,,,,,,,,,,,,,,,,,,,,,,,,,,,,,,,,,,,,,,,,,,,,,,,,,,,,,,,,,
  ,,,,,,,,,,,,,,,,,,,,,,,,,,,,,,,,,,,,,,,,,,,,,,,,,,,,,,,,,,,,,,,,,,,,,,,,,,,,
  ,,,,,,,,,,,,,,,,,,,,,,,,,,,,,,,,,,,,,,,,,,,,,,,,,,,,,,,,,,,,,,,,,,,,,,,,,,,,
  ,,,,,,,,,,,,,,,,,,,,,,,,,,,,,,,,,,,,,,,,,,,,,,,,,,,,,,,,,,,,,,,,,,,,,,,,,,,,
  ,,,,,,,,,,,,,,,,,,,,,,,,,,,,,,,,,,,,,,,,,,,,,,,,,,,,,,,,,,,,,,,,,,,,,,,,,,,,
  ,,,,,,,,,,,,,,,,,,,,,,,,,,,,,,,,,,,,,,,,,,,,,,,,,,,,,,,,,,,,,,,,,,,,,,,,,,,,
  ,,,,,,,,,,,,,,,,,,,,,,,,,,,,,,,,,,,,,,,,,,,,,,,,,,,,,,,,,,,,,,,,,,,,,,,,,,,,
  ,,,,,,,,,,,,,,,,,,,,,,,,,,,,,,,,,,,,,,,,,,,,,,,,,,,,,,,,,,,,,,,,,,,,,,,,,,,,
  ,,,,,,,,,,,,,,,,,,,,,,,,,,,,,,,,,,,,,,,,,,,,,,,,,,,,,,,,,,,,,,,,,,,,,,,,,,,,
  ,,,,,,,,,,,,,,,,,,,,,,,,,,,,,,,,,,,,,,,,,,,,,,,,,,,,,,,,,,,,,,,,,,,,,,,,,,,,
  ,,,,,,,,,,,,,,,,,,,,,,,,,,,,,,,,,,,,,,,,,,,,,,,,,,,,,,,,,,,,,,,,,,,,,,,,,,,,
  ,,,,,,,,,,,,,,,,,,,,,,,,,,,,,,,,,,,,,,,,,,,,,,,,,,,,,,,,,,,,,,,,,,,,,,,,,,,,
  ,,,,,,,,,,,,,,,,,,,,,,,,,,,,,,,,,,,,,,,,,,,,,,,,,,,,,,,,,,,,,,,,,,,,,,,,,,,,
  ,,,,,,,,,,,,,,,,,,,,,,,,,,,,,,,,,,,,,,,,,,,,,,,,,,,,,,,,,,,,,,,,,,,,,,,,,,,,
  ,,,,,,,,,,,,,,,,,,,,,,,,,,,,,,,,,,,,,,,,,,,,,,,,,,,,,,,,,,,,,,,,,,,,,,,,,,,,
  ,,,,,,,,,,,,,,,,,,,,,,,,,,,,,,,,,,,,,,,,,,,,,,,,,,,,,,,,,,,,,,,,,,,,,,,,,, 
  [ 11516221289 ] ];
