BRENTFACTORS[4801]:=[ ,,,,,,,,,,,, [ 17112232309948439 ],,,,,, 
  [ 24832841237, 1794396172619, 519264576894612313 ],,,, 
  [ 51854044927988702273714113072837, 54497819448469865202377638246963337687 ]
   ,,,,,, [ 199292911595912063, 89620478500209448622071 ],,,,,,,,,,,,,, 
  [ 2562952896830017514425427441247883262539 ],,,, [ 9270740137333 ],,,,,, 
  [ 1159417613, 57312463937831, 63040848914515057 ],,,,,, 
  [ 4715602946244046362667351277 ],,,,,,,,,,,, 
  [ 2102929973, 1422847529106961 ],,,,,,,, [ 280611793739 ],,,,,,,,,,,,,,,,,,,
  ,,,,,,,,,,,,,,,,,,,,,,,,,,,,,,,,,,,,,,,,,,,,,,,,,,,,,,,,,,, [ 780529221529 ]
   ,,,,,,,,,, [ 342667698797 ] ];
