BRENTFACTORS[285]:=[ ,,,,,,,,,,,,,,,,,, [ 1100549487379159 ],,,, 
  [ 80154395650897, 126866835976418611 ],, [ 4113737255501 ],, 
  [ 18043320209266117 ], [ 678615862849 ], [ 11704613711093 ],, 
  [ 229993860277405174546693 ],, [ 145265849389 ], [ 29185298489 ], 
  [ 2004276105823094321 ],,,, [ 6596822527311979 ],, 
  [ 8308986210908543, 1203642236454897701428083754099 ],, 
  [ 1252567727, 6179840203 ],,, [ 14867852833 ], 
  [ 8182293024134999621138570879069 ], [ 3020162459953 ], 
  [ 17753785939, 764445781316932640255471 ],, [ 3197552732299 ], 
  [ 1170043733, 46347361516986816157 ],, [ 4167357549031 ], 
  [ 15807038045954021348402251 ], [ 1935090361 ], 
  [ 338957812189, 29740105814505565473331 ],, 
  [ 42658880402870654631710371, 45804471724899420750541573 ],, 
  [ 7420424592044699 ], [ 259726595929 ], [ 9824857001162659 ], 
  [ 9326910691268566683738792060440339713 ], 
  [ 1185392513111, 56947526346101, 1287501678644962951, 
      63496173808988498903261 ],, [ 73177794847081 ], [ 9143144942431517 ], 
  [ 3604658626282505852151095265677596264920187205978521 ],, 
  [ 1607640594825709635348383317341433 ],,, 
  [ 7347709482343, 277114386650360885807 ], [ 2285122433810453694451 ], 
  [ 21699958777080204977 ], [ 145029086357, 3337183271710212079 ], 
  [ 246091167739, 12635829130081 ],,, 
  [ 10081997264165889654070522291, 6260555165466869295364772696362321 ], 
  [ 5443261461000059, 41823101565828775219 ], [ 10649075351808169141 ],, 
  [ 322148535945721 ],, [ 1090936501, 59212347520159 ], 
  [ 379250280054750917140702193285439881513 ], [ 35067650158187581073 ], 
  [ 3833773511997151 ], [ 15917315779, 16438857748086047, 282283500914179493 ]
    , [ 174182810928761203146937, 816238845607127448768499115632609 ], 
  [ 305552041036057 ], 
  [ 336646437288358439239, 29409978853612712319288929347980269 ], 
  [ 2569556461857241 ], [ 6768078763069783969 ],, [ 12969206262628445747 ],, 
  [ 1592364106788401, 1676622585859834801 ],, 
  [ 5344757161, 234564647881779413737783 ], [ 1128495811 ], 
  [ 1889452876562724477722657993 ], 
  [ 32287588831, 155533816396500976643216529059153701 ], 
  [ 63100684294888481 ], [ 30653149211 ], [ 21131651197, 1066789227349 ], 
  [ 104878779979 ], [ 28996142503201769501, 4116289714844969883211 ],,, 
  [ 277761876016381 ], [ 15263626642921, 198189386782951916701 ],, 
  [ 31655384653, 54548885393, 1080873969350542281379308941 ],, [ 3220043237 ],
  ,,, [ 11831211214594928884712118271, 89471992639548992074886876639, 
      23436534524778897947380811524523 ],, 
  [ 573450636161101, 100821579065135161813, 325732095893510176777, 
      173330288783315385116067561582478649 ], 
  [ 30122142364001, 17755971557994674179001 ], [ 56731394638801 ],, 
  [ 5465352833 ],, [ 103411189181, 149657575152791151150698920291 ],, 
  [ 683791786921, 189724604078035753 ], [ 1906036542061 ], 
  [ 2736200996737477, 52166046642307548442229779963 ],,,, 
  [ 60807146388244832383 ],, [ 1573327641800211623147885645578781 ],, 
  [ 57585957626368657613324137813 ],, [ 54467940276415144476824668561 ],, 
  [ 46817196889227380052683669849, 319709668949581810931327213843 ], 
  [ 1254796999, 72900040668184339 ], [ 198059180933 ],, 
  [ 843514668065701, 31429963465157536145101 ],, [ 459818202761 ], 
  [ 18998679223 ], 
  [ 1142360143, 1355233573, 25445569843, 2120095396971829373713, 
      21233964512103362011464899197 ],, 
  [ 31395460669, 436832245184176594117, 13856073971695306523966433189353157515\
9749 ],, [ 66958245197 ], [ 9702306883 ], [ 344044576961 ],, 
  [ 16089799177, 742207871096945619447799 ],, [ 12751970451825105322229 ], 
  [ 108741345812427403021 ], [ 75647694124501 ],, [ 4007532313 ],,,, 
  [ 35301798871759129, 6646340117563848133087141 ],, 
  [ 5684168491, 136107270110397768399769837, 
      1318928492602497296326636989993871 ], [ 395403835751 ], 
  [ 2938659932209 ],, [ 8776821331 ],, [ 43272997472701 ],, 
  [ 14198928829216951 ], [ 7658984077, 5020120280947 ], 
  [ 329752523245841, 2430190289730634033, 24768922145777457329497 ],, 
  [ 364610696347, 2475248789448067 ],, [ 14115625817664578041 ],, 
  [ 4102693227727811 ],, 
  [ 65156068609, 4161169639681, 33917075645858290456897, 
      21317668577757355349129178055134529 ],,, [ 8031571537471 ], 
  [ 278611770413532020837 ],, 
  [ 4266725563, 440786850067873, 101770927863180603805085717179 ],, 
  [ 4325505503401, 11034501250286824986001, 29614403956204471788001 ],,,, 
  [ 5190859969, 22093906140289, 4185658832810209 ],,,,,, [ 26348547751 ],,,, 
  [ 405447921157 ],, [ 124304902081605463272193 ],,,, 
  [ 9500544461, 17131426917881 ],,,, [ 109760107969 ], [ 3806359651 ],,, 
  [ 41257641049 ],, [ 557776700011 ], [ 725014410557977 ],,, 
  [ 510041715123051194383, 22242709367987806933561 ],,,, [ 109328640614411 ],
  , [ 47976532321 ],,,,,,,,,, 
  [ 70153767424001, 619485430826033501, 189152470864876523432345095001 ],,,,,
  , [ 3043716353, 49972035073 ],,,, [ 1406065486076135561 ],,,, 
  [ 3745995740521 ],,,,,, [ 14106855919248991, 857414985139813141 ],,,,,,,,,,,
  ,,,, [ 3803982211, 723722519413891994701 ], [ 7698484754819 ],, 
  [ 38584980001 ],,,,,, [ 12965376369247285899637 ],,,,,, 
  [ 38356494301, 664328834445901 ],,,,,, [ 35327811997, 230911381549 ],,,,,,,,
  ,,,,,,,,,, [ 7395436729 ],,,,,, [ 7384203108155352601 ],,,,,,,,,, 
  [ 3629060041, 2689330795050881 ],, [ 12643836787 ],,,,,, 
  [ 57530354281, 205359246397, 4641925537129, 4410229131933949 ],,,,,, 
  [ 693170052153133 ],,,,,,,,,,,, [ 699383019870899383 ],,,,,,,,,,,, 
  [ 762554051659 ],,,,,,,,,,,,,,,,,, [ 14476501361521 ],,,,,,,,,,,,,,,,,,,,,,,
  ,,,,,,,,,,,,,,,,,,,,,,,,,,,,,,,,,,,,,,,,,,,,,,,,,,,,,,,,,,,,, 
  [ 1668735361, 151923962881 ] ];
