BRENTFACTORS[339]:=[ ,,,,,,,,,,,, [ 1167326284801, 343668741980279 ],,,,,, 
  [ 256591221167, 3532280167463 ],,,, [ 650729017817 ],, 
  [ 57288850331766070151 ], [ 4017970477 ], [ 377420839417 ], [ 1466823961 ], 
  [ 18947443647157, 4404954475715402860942963 ],, 
  [ 700335601918903, 4179333722088658283 ], [ 891144638130433 ], 
  [ 267190720178581 ], [ 605208108797 ],,,, [ 364442243681, 2037030210841 ], 
  [ 3419603728196943316270099 ], [ 1030208559194761 ],,, 
  [ 766816846408297, 1354279899702061, 245280836949851080291 ],, 
  [ 405797581357546546081 ],, [ 1004440667, 10502510697921308300177 ],, 
  [ 2115555107, 333857619900595338797092911145443401 ], 
  [ 87008601751, 206373301051 ], [ 262930493579176500296421990485983 ], 
  [ 842971737401 ], 
  [ 24423182281, 2437411789526505779488692335045486147222439620791 ],, 
  [ 3661534691, 6356028677171059681369629225997541 ], 
  [ 79676962305232715977 ], [ 5691642722611176355644879349 ],, 
  [ 3333513440792264666857 ],, [ 1749321290619830658997155389982199923097 ], 
  [ 2065509851, 3109275077, 218254661884525823 ], 
  [ 3569942905899553, 68813337879619896926768697961800013 ], 
  [ 1895059819492663448392667941441 ], 
  [ 1460977118771, 27417470349274539121998908027793370381012441 ], 
  [ 97511142864433 ], 
  [ 3230620339, 174156391088988257, 200750016998911841, 3703018420429294186225\
311672187, 11638101583228296767161253861323 ], 
  [ 71554051513485889, 34799977371816082453 ], 
  [ 451292049282411858870218227345254880018415341 ], 
  [ 11960025276571, 8247595700058749161 ],,, 
  [ 8913510900728372670937, 1860920981898895175965229 ], 
  [ 54864524557, 59619186642641, 493969337796354761250064343 ], 
  [ 36542793686662226574688611978514652180524351 ], 
  [ 8395933654600410773, 197708839353431313377 ],,, 
  [ 1238022431, 9232669469614992220487 ], 
  [ 535964196961, 320868623916050713361 ], 
  [ 111692754262600471, 15243822674698188828097 ], 
  [ 3057227530816848269, 64954652655038898863648071 ], 
  [ 400986215925661, 1846564707621550993462609 ], [ 2356273515528956347297 ], 
  [ 540671100616741, 20635558117266401 ], 
  [ 111128845337, 5581257150991, 7385434161089, 80307273089011 ], 
  [ 262755819989573727604528381, 16154802987285367078577511973, 
      23588306312391924972150772109668436219257 ], [ 577167899624321809 ], 
  [ 748549945847117 ], [ 74014163349751, 21479592810389761 ], 
  [ 3384441971, 27421265818493 ], 
  [ 201698227704473, 2596311731146078698485255665229 ], 
  [ 1253348690465615827939264369, 264514165573829141897536148799541 ], 
  [ 189916478617639759651, 1169548305502435812344791 ], 
  [ 1750124656586179451 ], [ 4197217435404481, 6551581555459643196001 ],, 
  [ 557414104466782501, 9181604683569848279, 7217411104215692886829 ],, 
  [ 177890335501, 14673887932940745773618508901 ],, 
  [ 945400071199, 6636303225679891, 2883984253111053265513 ],, 
  [ 20575618553654335289 ], 
  [ 14510139657779431, 6673353814768010702549602299465808017895839251821 ], 
  [ 20587015209542851757193367163 ],, 
  [ 4937992198765401629719630949289666949 ],, 
  [ 24048911366740325158247580844921116571 ], 
  [ 8226778040947, 4088221095106283203 ], 
  [ 236127515233, 121097835302041921, 7048162910160272856785931137 ],,, 
  [ 5835410501 ], [ 49540489556468153 ], [ 168753514468543993 ], 
  [ 900578112174277, 36488831644653919 ],, [ 14100136518660738981961 ],,, 
  [ 1276052677, 1321895269 ],, [ 417650307001, 11084166803092894001 ], 
  [ 13455716729950909 ], [ 28709885431 ],, [ 16559309586348514800673 ], 
  [ 1180836420901411 ],, [ 1123775809196006248114911596012905155780080377 ], 
  [ 7074958409 ],, [ 85473388437932366371 ],,, 
  [ 13237453000244183143, 22228710524338997449603933277491 ],, 
  [ 27131411861, 14133112708689132155761, 38494824958691980701756376220681 ],
  , [ 9053715630701818412205013 ], [ 8819532102366701 ], 
  [ 16388533428408629284370309986627547873275249 ],, 
  [ 929890195630795862820547961 ], [ 36731041009040449 ], [ 75685973821 ],, 
  [ 6502695710047818312185872051 ],,,, [ 1365039850021, 564327105728387 ],, 
  [ 33207889490837696857, 42152683125482186693462487311449 ],, 
  [ 18891607918037204839, 109957197346038294029 ],,,, [ 37336280965597 ],, 
  [ 808327598793118456813 ], [ 138886949521, 14568711224322752570371 ],,,,, 
  [ 1740970288831, 31350061532201 ],, [ 179762650893666829 ],,,, 
  [ 6146023488001, 31589267585041 ], 
  [ 217587391393, 498553320757, 1341932203437811 ],,, 
  [ 1593972588294471426841 ],, 
  [ 8873636227, 11806489423, 1427400528954366585579612764659 ], 
  [ 2358938809 ], 
  [ 200969981257, 10034798653903817, 79982805315715364364296450801 ],, 
  [ 3509568343, 3218470303480459, 6283322411698364051443 ],, 
  [ 61833484303189 ],,,, 
  [ 2958237605686273, 239837963562075542285765911269407809 ],, 
  [ 14937767235247377329 ],, [ 172108867421920716502741 ],, 
  [ 906066701034067 ],, [ 17349544750112444514401, 3868482155310354692173601 ]
   ,, [ 17685987461171075273 ],, 
  [ 229986879039912217, 32618789731853567889901 ],,,, [ 49974756001 ],, 
  [ 18906366953044411, 3743253937440446810466541 ],,,, [ 6618517185981563 ],,,
  ,,, [ 13600067801, 176555218181, 6006019222819661 ],, 
  [ 3039036367, 133601746741, 43466685502081, 1464042806097700333 ],, 
  [ 14346478049, 253418743186856138753 ],, [ 3376193209, 117762868997533 ],, 
  [ 4716573539013313 ],, [ 5548030348362598794697001 ],, 
  [ 178560753673, 2599136669369, 114990066580549481, 190029544274985769 ],,,,,
  , [ 55539102851, 317528244171769, 20214460277728510291 ],,,,,, 
  [ 125888849844313, 155993098719109 ],, 
  [ 74472934477, 7069126653661, 1310821397587783, 2398182384353208997719751 ],
  , [ 63987518697218927033 ],,,, [ 2738315059957 ],, [ 24113332013 ],,,, 
  [ 22515745080403 ],, [ 658359286355591861 ],,,, 
  [ 9825523844844916297, 134594055837957840443353 ],,,,,,,,,,,,,,,,,, 
  [ 7951047659852035903 ],,,, [ 83944440581, 3189349778473 ],, 
  [ 333282602326155300473784347233 ],,,,,, [ 11677691514151686913 ],,,,,, 
  [ 77453618525838453673501 ],,,,,, [ 7954271713, 3119075504731 ],,,, 
  [ 11091650891, 69441778569835501 ],,,,,,,, [ 230649645301 ],, 
  [ 398005328641 ],,,,,,,,,,,,,,,, [ 18519069534001 ],,,,,, [ 18474804433 ],,,
  ,,, [ 382590109453609, 375583868517677101 ],,,,,, [ 190302529873 ],,,,,,,,,,
  ,,,,,,,, [ 81935707417, 4844706707989 ],,,,,, [ 59831124823, 4199460735709 ]
   ,,,,,, [ 98259700058497 ],,,,,, [ 42093797071 ],,,,,, 
  [ 181316886867128629 ],,,,,,,,,,,, [ 7839103195801 ],,,,,,,,,,,, 
  [ 57211674661 ],,,,,,,,,,,,,,,,,,,,,,,,,,,,,,,,,,,,,,,,,, 
  [ 324383735952277 ],,,,,,,,,,,,,,,,,,,,,,,,,,,,,,,,,,,,,,,,,,,,,,,,,,,,,,,,,
  ,,,,,,,,,,,,,,,,,,,,,,,,,,,,,,,,,,,,,,,,,,,,,,,,,,, 
  [ 507504371330048294311 ] ];
