BRENTFACTORS[2399]:=[ ,,,,,,,,,,,,,,,, [ 94350117203363900761143199 ],,,,,, 
  [ 42330368263, 612587885011 ],,,,,, 
  [ 2200018064350029713081132779121782783 ],, 
  [ 22768873367, 138116766679487, 30425764184410618871 ],,,,,, 
  [ 7186852018705453, 261555589990157593361639 ],,,, 
  [ 19154308001623, 18702127200737019757, 21538261878244283393847700486091 ],
  , 
  [ 188812508167, 959046170404099751, 2865634868373691951514611835032783138558\
841 ],,,, [ 103389582130777 ],,,,,, 
  [ 2280971303467099337209, 3920998181985786021353 ],,,,,,,,,,,,,, 
  [ 47718939595895577558484321123574453643391 ],,,, [ 681325333888621 ],,,,,,,
  ,,,,, [ 1556142506212309597, 10379993658315605221 ],,,,,,,,,,,,,, 
  [ 33529471051 ],,,,,,,,,,,,,,,,,,,,,,,,,,,,,,,,,,,,,,,, [ 38465873053 ],,,,,
  ,,,,,,,,,,,,,,,,,,,,, [ 6903552041 ],,,,,,,,,,,,,,,,,,,,,,,,,,,,,, 
  [ 46676098897 ] ];
