BRENTFACTORS[477]:=[ ,,,,,,,,,,,,,,,,,, [ 1432539112951577 ],, 
  [ 400970438191 ],, [ 35868162682139, 289030810187142024149 ],, 
  [ 393511393217251, 1935718770242602901 ],,,, [ 51163486633843716383 ],,,,, 
  [ 64848840493, 165304333339 ], [ 1090990788791, 428192824844155393773661 ], 
  [ 7573395763788409 ], [ 681583038452941779161819691059653397 ], 
  [ 162689892899 ],,, [ 367626824486519754261430081 ], [ 10034136337 ],,, 
  [ 12317222186730451, 15672394132492501 ], [ 1774772432152843 ], 
  [ 1723294405550397605923590606867534808884037 ], [ 1911799890577 ], 
  [ 9308465717094314472791657, 177116676021309241417245351126913 ],,, 
  [ 44246714932237481 ], 
  [ 2994968203, 40014399635429592967817731, 5376612712927833955813934083823 ],
  , [ 22616260565581 ],, [ 629109683089 ], [ 1049965069 ], [ 12350015701 ],, 
  [ 332711111111, 3042511895903320523, 1452795339304805247503 ], 
  [ 2227450672439 ], [ 4510349677, 6590299877334856375333453 ], 
  [ 3476102581954241, 2143034170807757205848920149313 ], 
  [ 3584923278226517501, 28353235277741237200160775560525610727801 ], 
  [ 2123143573 ],, [ 17729646461, 220626360102991847374884337 ], 
  [ 2752068859392340130647, 16547959061048389970648430020676299239 ], 
  [ 4692473196601, 3163452387570459461 ], [ 9890240250377 ], 
  [ 100230096296550889 ],, [ 2331358901, 643942244742353 ], 
  [ 2504391495259614622951, 24261549257744408132101 ], 
  [ 40676551531498274962574647431139372313 ], [ 24767341726117453 ],, 
  [ 2115010279, 42216238381811671, 261919293331355789 ],,, 
  [ 16868987534027447359191024259360797152566829363 ], [ 55507609921851959 ], 
  [ 5346759469988261893 ],, [ 90516329131, 237374965721 ], 
  [ 1457508043, 4934736954212984731898563, 
      20534317251873118072928802921384193 ], 
  [ 10334926220945102886076355437457, 197996744764818922219243218786977 ], 
  [ 8302343825833, 50093400079323429552316451 ], 
  [ 22872684691, 645190418919484533190141 ], [ 67352831895035597 ],, 
  [ 1310340216007, 11584849042111 ], [ 29294838296978591624587 ], 
  [ 5340372789131409151 ],, [ 8766018623, 131119258793 ], 
  [ 6322704200303, 20666905639031 ],,, [ 6065496091041056357 ], 
  [ 3715221583, 12687567943, 246636439127984947 ], [ 37857236357357 ], 
  [ 9082613707103490702447521, 141495437305130226336938609 ], 
  [ 613328269180933321, 151169827104987646036831, 
      87417100419146504598206953528681 ], [ 46377208325038830062105141 ],, 
  [ 71703004573 ],, [ 17065167993281, 14270087250668240683781 ],, 
  [ 2508693729373553, 7887451681375841 ],, [ 13943915097359227636224949 ], 
  [ 3972481571 ], [ 20585770873 ], [ 11237745330296693620277347 ], 
  [ 32493473430502393999 ], [ 71355235044514798301 ], 
  [ 43817376254610535082161674841 ], [ 2469667597, 14055155753 ], 
  [ 11620586743, 537103581203414960843 ],, 
  [ 2424637349, 1544485435594709750897 ],, 
  [ 236939287666780884906379, 281520049005326034750421 ],, [ 250635228161 ], 
  [ 1601983921, 45355658349667207 ], [ 80719780487113171 ],, 
  [ 136299604260144751109444644151776597 ],, 
  [ 17043520121732006501189411, 14855156703668209240911396257 ], 
  [ 159238590579250232221, 422202746191611029722207675651 ], [ 6516345481 ],, 
  [ 92437272919, 1747044363847, 5679475829895890851, 22586825093883912721 ],, 
  [ 23040591339641, 250263721388509964238994917532241 ], 
  [ 8541912040469030709433, 53378681634516011406121 ], [ 2068287902773 ], 
  [ 26345446596613 ], [ 125861848682580991873, 139154809948919767069570513 ], 
  [ 2135616655484311 ], [ 53482783816927194469, 9723332310631495625659 ], 
  [ 1233385258280109271 ], [ 58569672279254997085364941 ],, 
  [ 1409916306827971951, 212407087031519640122892453650314456651 ],, 
  [ 94817895092736794371849 ], 
  [ 4235852433061, 16790661958674794795836961167 ], [ 5739721238381473038697 ]
   ,,,, [ 11476577113, 19132581821 ], [ 2418783315531274171 ],,, 
  [ 3271598749 ],,,, [ 2293611468098408340469 ],, 
  [ 95846705655838141845936237097345814300857, 
      5166570172033710793895097601680927627800473 ],,,,,,,, [ 19938997409 ], 
  [ 799735269721 ],,, [ 95103285744421, 2511754104650041, 4223237249949296581 
     ],,, [ 27515467812997, 86541401036401 ], [ 15817370580420967022338337 ],
  , [ 163900278029281, 251922234756421 ],,,, [ 12762316995410154831671 ],, 
  [ 27659618937350725235216826433 ],, [ 148830544859 ],, [ 1363704889 ],, 
  [ 43455887008416850969, 495755104126407507317431, 
      683435680211407440785788189 ], 
  [ 1443706303962451, 32810473433076419, 2245100883228353788411 ], 
  [ 80658900159601, 1304814853134408012401 ],, [ 72526436531 ],, 
  [ 262192323553, 258942935406919748917693 ],,,,,, [ 2428356001 ],, 
  [ 1386689033, 568430114750742577 ],, [ 121766605643113 ],, 
  [ 43837606804897, 785283695862820896601 ],,,,,, 
  [ 2287751687827, 355392636890947, 24501037068142680813922020804319 ],, 
  [ 181938002849, 14244750616567437211841 ],,,, [ 296081294989 ],, 
  [ 6595383621803866671461 ], [ 4330065433 ],,, [ 7099485078583 ],, 
  [ 35329866456738281, 187981573503752893 ],, [ 708536624083 ],, 
  [ 94760606641, 1638481566367441, 2612969111443921 ],,,, [ 1301283929353 ],, 
  [ 4157304194720052751924573 ],, [ 950405809954001 ],, 
  [ 1263409551751, 4285354098756278181001 ],, 
  [ 420432798681253, 876029510935072982932669 ],,,,,, 
  [ 6861294254868223, 51554258521184760422209 ],, [ 923701685141 ],,,, 
  [ 1669466041, 16372898607777040804598113, 49892604943757184698074129 ],, 
  [ 71360553097 ],,,, [ 702036709779609271 ],,,,,,,,,, [ 9998229993641 ],, 
  [ 58055087304031, 697812893438288911 ],,,, [ 644022377717441867 ],,,, 
  [ 116879534621 ],,,,,,,,,, [ 145450127095497195001 ],,,,,, 
  [ 10891051021, 344981650101809808403 ],, [ 3065607632473 ],, 
  [ 73882416871 ],, [ 547399017399001 ],,,,,,,,,,,, [ 5348668789 ],,,,,, 
  [ 19047909714241 ],,,,,,,,,,,, [ 3291210570260755981 ],,,,,,,,,,,,,,,,,,,,,,
  ,,,,,,,,,,,,,, [ 94004355087217, 56578082816136169 ],,,,,,,,,,,, 
  [ 3232897981, 610594506496993591 ],,,,,,,, [ 1865148902504527 ],,,,,,,,,,,,,
  ,,,,,,,,,,,,,,,,,,,,,,,,,,,,,,,,,,,,,,, [ 141108681151351 ],,,,,,,,,,,, 
  [ 96109956559 ],,,,,,,,,,,,,,, 
  [ 5150299699, 135573987800143, 80560326700772028199, 326108346509099158471 ]
   ,,,,,,,,,,,,,,,,,,,,,,,,,,,,,,,,, [ 14635246621 ],,,,,,,,,,,,,,,,,,,,,,,,,,
  ,,,,,,,,,,,,,,,,,,,,,,,,,,,,,,,,,,,,,,,,,,,,,,,,,,,,,,,,,,,,,,,,,,,,,,,,,,,,
  ,,,,,,,,,,,,,,,,,,,,,,,,,,,,,,,,,,,,,,,,,,,,,,,,,,,,,,,,,,,,,,,,,,,,,,,,,,,,
  ,,,,,,,,,,,,,,,,,,,,,,,,,,,,,,,,,,,,,,,,,,,,,,,,,,,,,,,,,,,,,,,,,,,,,,,,,,,,
  ,,,,,,,,,,,,,,,,,,,,,,,,,,,,,,,, [ 7007424464056013 ] ];
