BRENTFACTORS[6263]:=[ ,,,,,,,,,,,, [ 29323811167031083 ],,,, 
  [ 204238195586008486751 ],, [ 18981988609, 352065960373, 87147222966971 ],,,
  , [ 45690302995402249 ],,,,,, 
  [ 3163815114623, 14096336014766060320035143, 7759031668417405673602437250269\
223677616112550193268251110776496731 ],, 
  [ 25547526484782221, 219609521419362617599051 ],,,,,, 
  [ 11975156354573411, 813237555789155597 ],,,, 
  [ 55777924767393517253, 1204322286549047728441 ],, 
  [ 2612711477, 47711242941705263153 ],,,, 
  [ 48805049322311, 2312117637546623 ],,,,,,,,,,,, 
  [ 609104007307, 21407626687229, 124945293031951417, 355934162242406161 ],, 
  [ 18138905546901983 ],,,,,, [ 379908803488921491089 ],,,,,,,,,,,,,,,,,,,,,,,
  ,,,,,,,,,,,,,,,,,,,,,,,,,,,,,,,,,,,,,,,,,,,,,,,,,,,,,,,,,,,,,,,,,,,,,,,,,,,,
  ,,,,,,,,,,,,,,,,,,,,,,,,, [ 357160924063 ] ];
