BRENTFACTORS[703]:=[ ,,,,,,,,,, [ 8327773213 ],,,,,,,,,,,, [ 150810907081 ],, 
  [ 2411568007151 ], [ 279309089827 ], [ 4110735288602106289 ],, 
  [ 54652476335972345444157713426099 ],, [ 15847118347, 58720107869 ],,,, 
  [ 12146048873217683971 ],, [ 3449680323660709452873874162181 ], 
  [ 10860142242809 ],,, 
  [ 86461539149, 68498121839080807, 4607853608959936945539919311224341613 ], 
  [ 2453195739583 ], 
  [ 356227435367, 9933152093581, 1294996943475643282346141, 
      236911276329624091473514613303 ],,, [ 68108022833, 1347265228151 ], 
  [ 37954076514139, 37255883407111949, 1343087110671227218011678294027601559 ]
    , [ 1310600922541346641 ], 
  [ 174569687321, 2375986309751273672863445393306477131 ], 
  [ 163099675573220451251 ], [ 14816987161, 568230302597795678104357 ], 
  [ 26180316397604053250681441 ], 
  [ 271195607618908650591285773685070661415283792749204508344619 ],, 
  [ 1281262680611, 117060390856421, 5076573779031186739603359052430687621 ], 
  [ 359132929493997660457 ], [ 46513414930508023, 139148992128010243 ],,,, 
  [ 308333806553330586157 ], [ 3457111717880971, 7334660394218549852085611239 
     ], [ 2356347634635042355020852269903178542940379 ], 
  [ 13058510416418403036116887073473 ], 
  [ 1425500176621, 12553458695066842541942708810038463545078681181936067660431
     ],, [ 3780351989, 127268697026264129887 ],, 
  [ 1467854958012333841315445106357442273 ],, [ 522325787850574921137783707 ],
  [ 1102944457, 490190118553, 4394933073597097 ], 
  [ 2594768357, 19797568319, 797648762741, 1000141335639398509 ],, 
  [ 13488873901, 34162252051, 25431676346880034215309751 ], 
  [ 1332489229, 11253727151888593, 1866688438745974713347000233 ], 
  [ 5483336167 ],,, [ 3098899121, 346537907847601 ], 
  [ 20207018321198465797, 2916886112229263997457 ], 
  [ 36848270692134743, 80205446216412063779, 56580071654102315530232347673 ],
  , [ 3345111673 ],, [ 12745401963858097063, 4325804779641790198624417 ],, 
  [ 87407055203291299398275077195110198335657 ],,, 
  [ 14273459201, 18203213043107 ], 
  [ 13504162714010980350930678884931732817, 3674727811763372458134266178643942\
76401 ], [ 17215643871549738920029 ], 
  [ 2207080142812919779, 7828393030749704768114386567988125478568031039903 ],
  , [ 20124733259224605192193 ], [ 9192447307, 374138723087 ], 
  [ 117102474383974875832173703415389945456759 ],, 
  [ 27907177825877457101, 69484927727170445454272678401 ],, [ 37359485886043 ]
   ,, [ 27329050718737 ], 
  [ 39082630059242594791, 2376405900730720147027741381, 
      152258513505235501257786549511 ],,, [ 6921521120504083800660679371277 ],
  [ 1944771679 ], 
  [ 1231605144309101, 10244538579656041, 554044005356020741, 21363282801731637\
3707326451 ], [ 11529156480225507313 ], 
  [ 82347895954241, 804423245798369, 74855161772921782970815873740031039547962\
577 ],, 
  [ 6627014029, 2134344593698362365828743, 14106963918714206535899770576807 ],
  [ 4806774344853176637631, 97755774278774608972923001 ], 
  [ 793634165789, 303892759548901 ], 
  [ 54775100953, 2254638237961908312791388073 ], [ 7357496353 ],, 
  [ 274455217830868867854419456521 ],, [ 1822434659, 1137667219212710869 ], 
  [ 6811183549, 84908422046584057 ], [ 68724428448569 ],, 
  [ 39354253597, 2517774829925287330312956492157667017 ],,, [ 2642627625889 ],
  [ 7242418171, 15448723811, 3491460009066121, 1389896649592738171 ],,,,, 
  [ 253104906601, 700697405710757775365317351 ],,, 
  [ 122748805173170068087213 ],, 
  [ 134699293733173359048259764546299962727191360456885081 ],,,, 
  [ 3893718656264251080502160151387845804991266833 ], [ 53899663031 ],,, 
  [ 3376912651533806630817749, 879291380817040287311559075403769 ],, 
  [ 15089306315821836987049201, 540292356875247110475693776189344951 ],, 
  [ 737474777990437766033 ], [ 6371912359, 23893925851 ],, [ 36560051191 ],,,
  , [ 1058926327 ], [ 976342967237921, 28286934053458479656641 ],, 
  [ 499549981162900101212719441, 18638764557957385660299882300967, 
      224737171588533809530913638982514763969 ],, 
  [ 35269053293, 11282882899933 ],,,, 
  [ 610798964072794550742020809, 150374591084061898406551587269036480094677930\
041 ],, [ 2146517921 ],,,, [ 14556379597, 11848800553712408495718283 ],, 
  [ 314847847893711248500512833 ],, [ 312662904593929 ],, 
  [ 1528522294308154381 ],, [ 123677657377 ],,,,,,,,,,,,,,,, 
  [ 592082924984191873 ],, [ 158917231601, 92168127719063801 ],,,,,,,,,, 
  [ 3784842181, 1188595885972531 ],,,, [ 1301535612141869651 ],,,, 
  [ 136163439182977 ],,,,,,, [ 15893469901 ], [ 1337156347 ],,,, 
  [ 6373277169971 ],,,, 
  [ 210413868491503, 17596339309320600844370211108643, 29100726001131536432980\
1006056117 ],, [ 64306041337 ],, [ 1296501907 ],, 
  [ 37348984271081833981681, 13904244342067978931897521 ],,,, 
  [ 60193699561, 84417582313 ],, [ 4009153096910893237698229 ],, 
  [ 978294990769 ], [ 25664029145127925985753855917 ],,,,, 
  [ 133786617503701, 695127176170351 ], [ 12732210293322511 ],,, 
  [ 5732492713, 23485749986974580054792131 ],, [ 1226874166181 ],,,, 
  [ 68383687699009, 3302975013794809 ],, [ 283934813098007 ],,,, 
  [ 610845944572351, 3929806490842889758711 ],,,,,,,,,,,,,,,,,, 
  [ 161684292327758209, 674494062677600833 ],,,,,, 
  [ 288607961459070504674117311 ],,,,,,,,,,,, [ 6978225349 ],,,,,,,,,,,,,, 
  [ 15240921601, 1560043739521 ],,,,,,,,,, [ 49920048457830541 ],,,,,, 
  [ 1898929537, 171552783592849 ],,,,,,,,,,,, [ 1250228543437 ],,,,,, 
  [ 3387017701299846467509 ],,,,,,,,,,,, [ 1520657654611 ],,,,,, 
  [ 3311774624377, 15161982765680437 ],,,,,, [ 16342734697507 ],,,,,,,,,,,,,,,
  ,,,,,,,,,,,,,,,,,,,,,,,,,,, [ 13151544084045361 ],,,,,,,,,,,,,,,,,,,,,,,,,,,
  ,,, [ 27817777715950351, 2996498255404599901 ],,,,,,,,,,,,,,,,,,,,,,,,,,,,,,
  ,,,,,,,,,,,,,,,,,, [ 111018984127, 11675811811097464801 ],,,,,,,,,,,,,,,,,,,
  ,,,,,,,,,,,,,,,,,,,,,,,,,,,, 
  [ 289042069991, 852250716788411, 1273483936955676429931 ],,,,,,,,,,,,,,,,,,,
  ,,,,,,,,,,,,,,,,,,,,,,,,,,,,,,,,,,,,,,,,,,,,,,,,,,,,,,,,,,,,,,,,,,,,,,,,,,,,
  ,,,,,,,,,,,,,,,,,,,,,,,,,,,,,,,,,,,,,,,,,,,,,,,,,,,,,,,,,,,,,,,,,,,,,,,,,,,,
  ,,,,,,,,,,,,,,,,,,,,,,,,,,,,,,,,,,,,,,,,,,,,,,,,,,,,,,,,,,,,,,,,,,,,,,,,,,,,
  ,,,,,,,,,,,,,,,,,,,,,,,,,,,,,,,,,,,,,,,,,,,,,,,,,,,,,,,,,,,,,,,,,,,,,,,,,,,,
  ,,,,,,,,,,,,,,,,,,,,,,,,,,,,,,,,,,,,,,,,,,,,,,,,,,,,,,,,,,,,,,,,,,,,,,,,,,,,
  ,,,,,,,,,,,,,,,,,,,,,,,,,,,,,,,,,,,,,,,,,,,,,,,,,,,,,,,,,,,,,,,,,,,,,,,,,,,,
  ,,,,,,,,,,,,,,,,,,,,,,,,,,,,,,,,,,,,,,,,,,,,,,,,,,,,,,,,,,,,,,,,,,,,,, 
  [ 120054087851, 6297862055731, 465436629251053001 ] ];
