BRENTFACTORS[3613]:=[ ,,,,,,,,,,,, [ 5633550781, 94273768577 ],,,,,, 
  [ 20161721561, 28253977513 ],,,,,,,,,,,, [ 13785154897, 5855238657652343 ],,
  ,,,,,,,, 
  [ 358710743977, 15484407925423396425800099531, 40466787489953803664042832528\
9854022623983 ],,,,,,,,,,,, [ 5024362253507 ],,,,,, 
  [ 1509359359, 354882516057843911 ],,,,,,,, 
  [ 87481407428258999474203, 4628229890395410739044827 ],,,, 
  [ 14031823236456631, 3118397627252886171113, 145632722982907104073212079 ],
  , [ 30081274475654243 ],,,,,,,,,, [ 57035146861961 ],,,,,,,,,,,,,,,,,, 
  [ 11501509071937123 ],,,,,,,,,,,, [ 30882566045677 ],,,,,,,,,,,,,,,,,,,,,,,,
  ,,,,,,,,,,,,,,,,,,,,,,,,,,,,,,,,,,,,,,,,,,,,,,,,,,,,,,,, 
  [ 106623286688363 ] ];
