BRENTFACTORS[1117]:=[ ,,,,,,,,,,,, [ 192513793603 ],,,,,, 
  [ 412116160123267, 3332206185083623 ],,,, [ 1876201403 ],,,,,, 
  [ 100913891963, 463316831166747127241500234933 ],,,,,,,, 
  [ 1671251669, 70602909529, 8865864979541 ],,,, 
  [ 3109335533, 22859679397, 586473330479696567, 9689868193084620001, 
      259980401845632597665377 ],, [ 10326546539276124677771483 ],,,, 
  [ 109796165655839227021545323968123 ],,,,,,,,,,,,,, 
  [ 153097446946465296001 ],,,,,, [ 150491454103, 2612728110895259263 ],,,, 
  [ 81524412584088781 ],, [ 149755187308986233134477 ],,,,,, 
  [ 17955622029153233 ],,,,,,,,,, [ 30075317225778089 ],,,,,,,, 
  [ 7866905447, 18037710661 ],,,, [ 155191053875428733 ] ];
