BRENTFACTORS[583]:=[ ,,,,,,,,,, [ 10612327199 ],, [ 161252667054883 ],,,, 
  [ 454311838015018271 ],, [ 133254742407185188872389 ],,,, 
  [ 338428846411, 12867704415083816027 ],, 
  [ 2138876536751, 3367301743723963951 ],, 
  [ 254585947263247, 98495546245420789 ],, [ 202371339467597418508023761 ],, 
  [ 4162666423, 51181310311, 253470374273906024714239 ], 
  [ 45498626957235443521 ],,,,, 
  [ 169410613289, 846939969503, 433355934993431 ], [ 83201832317631281 ], 
  [ 34498567819, 469347516057031 ],, 
  [ 2214918088512341, 166924417492503344357, 1132237735986537331609 ], 
  [ 29968018264759 ], 
  [ 14854808795170745552447702508353, 177851114307742420042087866229094704397 
     ], [ 12634837331557277 ], [ 1166849195559841, 169275573437744971 ],,, 
  [ 8419388401 ],, [ 23753116351, 77802430791251 ], [ 37622416682047 ], 
  [ 35075559377, 52964907160049, 36890600054127769 ], 
  [ 3208357063891641750936232713630143 ], [ 8886358594708000633 ], 
  [ 208166303621536417032151 ],, 
  [ 2996982358830185434617796663394839149770851 ], 
  [ 104053541351, 1118367784126087471 ], 
  [ 184057248916427, 21200163125051653597, 206187915197200503864972768881, 
      1426384752270493684038804376604748979 ], [ 15749544753388791361 ], 
  [ 674113352039 ], [ 729266152477 ], 
  [ 9811799981551, 1069843672876987, 13178072437644523081303 ],, 
  [ 143139123961938127921, 339959080855056002811835610758222858113940741 ], 
  [ 1927755776431, 2100355761725167 ],, 
  [ 7761266701, 147871336733671130203457507949134641 ], 
  [ 404138265138663361, 297555113502432017413 ],, [ 3687166726195821699319 ], 
  [ 63455213209499343433 ], [ 2323700965879586347392095938793 ],, 
  [ 262964084596803180865495022258428236451 ], 
  [ 152241321913541355073408474172364762651629 ], 
  [ 2927316827401121, 11674770932915868057040223, 53241881766427664339083517, 
      2020269075399914367447232739400707 ], [ 4347915079, 8100888389023 ],,, 
  [ 4886796591973976679111331, 6384036462526712332963657 ], 
  [ 748529593433, 161796722459123672668486167337 ], 
  [ 3401117058337211, 2225487655582191571 ], 
  [ 803097219121, 724642025042709986521 ], [ 4934934098701 ], 
  [ 455581949237 ], [ 976380018037, 1163123309010997 ], [ 74507273500529 ],,, 
  [ 13305515486316755521 ], 
  [ 35336239061, 14790823492009076585833, 6999075002249082747482729 ], 
  [ 1213228711 ], [ 33893238568263967, 41572982384739663679144613867 ],, 
  [ 90922132801775809 ],,, [ 2109368251, 1537337483254471905208523773 ],, 
  [ 172877768110199, 3540383165482755091 ],, 
  [ 75102288471281, 238213024139747 ], 
  [ 3707685382205796889, 389292634421673213111616000989954519490841641 ],, 
  [ 2374378483, 142943962489, 552133397099, 749597544701, 
      39667719677294701831 ],, 
  [ 66355556820954765697, 1188859097948714498339490997 ],, 
  [ 4172645926193625761440551361433998106601551 ], [ 165587192833 ], 
  [ 1793470394112140972790644809337132951388114662570818765257865073 ],, 
  [ 3256014637442281478564984839 ],, [ 63025031434199305981 ], 
  [ 29298198456826634557 ], [ 19558764439 ],, 
  [ 84099481773312386257238790443695936681 ], [ 458956538767 ],, 
  [ 1009797281206159 ],,, [ 1046595333295903875330799 ], [ 8382569768483 ], 
  [ 68330395669627454593, 14586214242743010980993, 
      115615633539975338907496193 ],, [ 1914656251 ],, 
  [ 5834619913, 14860177861, 13335889718737772186198577529898089 ],, 
  [ 3126228041, 11499963751, 9904900925018683162329973 ], 
  [ 10016906163131341, 6800068523828365511602321 ], [ 192173041317497 ],, 
  [ 9762911293, 286086782354418106687 ],,,, 
  [ 1339552845223, 5760874971903721 ], [ 1120631227 ],, [ 349237502501 ], 
  [ 407553234609528356789159 ], [ 412850255287, 18676886485027 ], 
  [ 55290556507369, 15127290744314657 ],, [ 3302623991336701 ],, 
  [ 167850927123281261114558341169 ],, [ 64919700119762150279 ],, 
  [ 3094807249, 37456165906157857 ],,, [ 1997774899, 62554570231 ], 
  [ 7200354922038910241 ],,,,, 
  [ 68509342541971, 3589163924706867414344607201571 ], 
  [ 303144629747618569, 459284798992583375827165411 ],, 
  [ 156016439313967064938594432453873577089, 
      261989542836811583523884115979044174673 ],, 
  [ 6444767221446751, 6301890646814204591, 6186805479044998789213181, 
      266563022927087829922947060421 ], [ 4925118403, 5507620669 ], 
  [ 2975338733, 19479301001 ],,,,,, [ 644416322939 ],, [ 3182325301 ],, 
  [ 13167113233, 1770310330528741 ],, [ 174201093617, 1934391284158691896841 ]
   ,, [ 1625141226045437623 ],, [ 402297348778805169281 ],, 
  [ 1039524961, 1653379433044378557601 ],,,, [ 65537110459 ],,,, 
  [ 24765107971890427414616971 ],, [ 632860688878352668777527401 ],, 
  [ 754746924629 ],, [ 15699510282715520689, 2013446481602822577887814877 ],,,
  , [ 207162833852209 ],, 
  [ 1470389681251, 2929404331351, 2077024150598988067561771 ],,,, 
  [ 7775309081 ],, [ 408393634924801 ],,,, [ 198426318641 ],,,,,,,,,, 
  [ 15640804206697801, 1279166921584809461, 2573514878108275107752971 ],,,,,,,
  ,,, [ 3274501441, 6032118838274401 ],,,,,, [ 8308169563, 7076345760313 ],, 
  [ 32010506257 ],, [ 361778631063786529501 ],, [ 6666175657 ],,,,,, 
  [ 306659858997366371888917 ],, 
  [ 25956087821, 46815483521, 104699244521, 238608781689461 ],,,, 
  [ 25789113992137 ],,,,,,,, [ 3978501619409 ],,,, 
  [ 26352810097, 20777358728449 ],,,, 
  [ 6820305241, 15978552241, 79834802911614521 ],,,,,, 
  [ 34778989961, 5337665360359333, 76732315420567985179 ],, 
  [ 1005726529, 1290940129, 854934578049889 ],, [ 4138744861, 1165879316741 ],
  ,,, [ 3673745883375893599 ],,,,,, 
  [ 431295027430947116227801, 612677244246156218501101, 
      4002786411532119039015827701 ],,,,,, [ 14397761143 ],,,, 
  [ 13570075781, 15217469101 ],, [ 32418219300169 ],,,,,, 
  [ 38583159103, 8092795231981 ],,,,,,,,,,,,,,,,,,,,,, [ 1667964521 ],, 
  [ 561814533821893456981 ],,,,,,,, [ 3660865740001 ],,,, 
  [ 1197052612859477527 ],,,,,,,,,,,, [ 74549932363141, 94854148329640753 ],,,
  ,,, [ 30809619949 ],,,,,,,,,,,,,,,,,,,,,,,,,,,,,,,,,,,,,,,,,,,,,,,,,,,,,,,,,
  ,,,,,,,,,,,,,,,,,,,,,,,,,,,,,,,,, [ 533102614969, 2295972910830061 ] ];
