BRENTFACTORS[707]:=[ ,,,,,,,,,,,, [ 10984638861353 ],,,, [ 229801670465467 ],
  , [ 2432378547793, 343725501841145939 ],,,,,, [ 4357791901 ], 
  [ 2936376213629 ],,, [ 325457811991058439188354958963613 ],,,, 
  [ 1669333407320193576853 ],, 
  [ 4113579961, 42653043581, 15579093050552195098691 ],, 
  [ 250371110575249, 22534808432088415150052231081 ],, [ 1215659563 ], 
  [ 7315878641, 27492170355761 ], 
  [ 1024279652141, 264599122288950021898042189, 
      477358296052207951155248097269380433 ],, 
  [ 30013659097, 471534180643403761530977942735482104332617717 ], 
  [ 34670930926501 ], [ 6106998159541, 39980576750671, 8634999494703210931 ],
  , 
  [ 82362467221577, 743254760043826842193709, 31087859173551259458391885481490\
67 ],, [ 78360465331, 2347746804607, 13466905212186088675355798449 ], 
  [ 93499096255094351 ], [ 1206335005790076664738574790242083 ], 
  [ 58166573921, 218817623078261334661 ], [ 11178492871097 ], 
  [ 478471740337 ], 
  [ 5855446916301866961234048440011, 329893487266163669513992024790401 ], 
  [ 3946544281, 93558543115025801 ], [ 9554121505759458031 ], 
  [ 8640772180544372296919 ],,,, [ 988245319936123 ], 
  [ 1964915989051098859273, 8521522762000449162841870198135617271 ], 
  [ 226445753265832736152106005087873 ], [ 87341102161 ], 
  [ 3081202741, 3001117877143 ],, [ 30095050021 ], [ 932626628349602341867 ], 
  [ 2676886661, 14966377651, 1142818027471, 360303126229621 ], 
  [ 100679282472859, 16778379195907348421 ], [ 14502843793 ], [ 58311619339 ],
  [ 35342091612606017 ], [ 188867271878851 ], 
  [ 14505042357819564831456219551719213 ],, [ 192040297740442664991349 ],,, 
  [ 5572205793559, 1951718626464589, 3753079620047024916579974355889, 
      4390502664103475509986690886703465936179177 ], [ 18689003351 ], 
  [ 5593329202607394557 ], [ 4226542909, 21354598777, 65504937882431041 ],, 
  [ 52811592164058644099202828652214691149 ], 
  [ 340362187177, 51423235546129, 289229245338799 ],,, 
  [ 1854760321, 3224830713008131 ], [ 2047617262648638773 ],, 
  [ 4239904597, 13493714139398149, 10116032993525458599762108103 ], 
  [ 92217304078343623 ], [ 1264990570331, 520732461315183451 ], 
  [ 174903696769, 2548361554496197057, 3497934089788843728481 ], 
  [ 100723078816410095049222727 ], 
  [ 8846909911729, 13837935497641818119770893059847501679 ], 
  [ 10710201478719718184684707, 19625282506050609977159869 ], 
  [ 556491776620402718682001 ], [ 37968849049730875562357 ],, 
  [ 89747866844563 ], [ 26798153617 ],, 
  [ 2122448830657, 6149433756107, 13790165094176539, 776405932091066740118863,
      209265013101155055774117647093869157 ],, 
  [ 3055189321, 25415735616036734080900537 ],, [ 588703311759668821 ], 
  [ 28619373091, 104970484561731287166139, 10924789435110905368485859, 
      226293077721274911079953907 ], 
  [ 163701247227663714159833051153, 46244393048182508605913829647761 ],, 
  [ 1359276572187829, 5814564846028423 ],,, [ 8347546748336443129 ], 
  [ 671980192794199 ], [ 9864514709253372257489 ], 
  [ 19828451521, 569456586001, 115388190002161, 1333960690460161 ], 
  [ 1883498485507 ], [ 19956228846460609, 29762599751405656251285467 ], 
  [ 2666305933 ], [ 5564784457 ], [ 3713984439251 ],,, 
  [ 1029726539662581874600577 ],, 
  [ 2735573027463222557296303773421022634012583550888946060870971 ],, 
  [ 21580715927018460740754515389 ],, [ 8339552579, 8426912941, 297582247763 ]
    , [ 928669120054229728081 ], [ 11807072022759046907249 ],, 
  [ 538016136732379, 574789784587991749258859487187494083841255370660603 ],, 
  [ 135226603961, 358556091410861, 557078626380106741, 
      478589728445012442991803701 ], 
  [ 47753163439, 185473128868265698573, 4291336940078906331786121 ],,, 
  [ 15972469327873, 12345097341412242556892181170209 ], 
  [ 4968398436506081611 ], 
  [ 10541164455878167726893511, 77406050103451335832369019 ], [ 2645653669 ], 
  [ 103793740668881726612878853 ],, 
  [ 16447490501572051, 13250124163481868151 ],,, [ 1322564743 ], 
  [ 612302621701, 51414467199646723019 ], [ 7684263571 ], 
  [ 1788229583369893, 2291599277534784073595169289 ],, [ 172939927917330779 ],
  [ 271783271251, 32271670951549, 1769519412561847 ], [ 35936289601 ],, 
  [ 1630809193084712424793 ],,,, [ 5054254125827 ],, [ 719041062937 ],, 
  [ 292957621421 ], [ 5899451683267 ], [ 13135539037 ],, [ 16789964701 ],,,,,
  , [ 3271622278433221 ],,,, 
  [ 937431022282529454481, 784369815437273422242337, 
      48277890751310427773336153 ],, 
  [ 35280411739, 2895440529685601761, 199273363892119579043464009386337, 
      7850019119591732817289146933708209677 ],, [ 130950037753 ],, 
  [ 3179228731621, 13851800391713655739671161 ],,,, 
  [ 175938453337, 79574301482342489 ],,,, [ 1387833877, 221774353219 ],,,, 
  [ 38609051639, 223838822176072331 ],, 
  [ 627792103910829577, 171321880859907254938623649 ],,,, [ 3754179313 ],, 
  [ 960042075200671, 99100767062361331, 145513846973962319139421 ],, 
  [ 8254339471753, 105575358303499865141 ],, [ 6044877118547 ],, 
  [ 1805867139457, 9490979122100353, 14707627834344392330641 ],,,, 
  [ 285468364856140367857561, 20695258195478939682033601 ],, [ 1831305529 ],, 
  [ 10080626753 ], [ 180298022851, 606997307701 ],,, 
  [ 1868044121288548635835717 ],, [ 1043553026557471 ], 
  [ 30381203161, 92177221013263 ],,, 
  [ 2417603527, 304550447059, 13847481171343 ],, [ 65302572243241 ],,,,,, 
  [ 1367217603599 ],,,,,, [ 10362664297633 ],, 
  [ 194233951922501, 17042791034893103196263239448501 ],, 
  [ 125401575805826797 ],, [ 161460690212849 ], [ 5049651781 ],,,,, 
  [ 101203455601 ],,,,,,,,,,,,,,,, [ 218653980217 ],,,, 
  [ 14756669510532185321 ],,,,,,,, [ 811195257889, 50753478753217 ],,,,,,,,,,,
  , [ 8802006001, 4388731809243268559523301 ],,,,,, 
  [ 177647718601, 53754646006801, 100647922038704479 ],, [ 10030852217 ],, 
  [ 1420523851 ],, [ 1622272655329, 63476905727353 ],,,,,,,, 
  [ 1147927681, 102797172161 ],,,,,,,,,,,,,,,,,,,,,, [ 35358656057479 ],,,,,,,
  , [ 35982702001, 210600897133201 ],,,,,,,,,,,,,,,, [ 24950917231 ],,,,,, 
  [ 1417501909 ],,,,,, [ 5349020356874503 ],,,,,,,,,,,, [ 497305737241 ],,,,,
  , [ 2352837088009 ],,,,,,,,,,,,,,,,,,,,,,,,,,,,,,,,,,,,,,,,,,,,,,,,,,,,,,,,,
  ,,,,,,,,, [ 1443184513 ],,,,,,,,,,,,,,,,,, [ 2746727041, 155480052001 ] ];
