BRENTFACTORS[8161]:=[ ,,,,,,,,,,,,,,,, [ 5253476273 ],, 
  [ 127439343607, 2130391276808737 ],,,, [ 49296305054372947632637 ],,,,,,,, 
  [ 10138836516565566833433657829, 50443551060783865722484349758463722236373, 
      4401095399376803478459726688629306968374799670343 ],,,,,,,,,,,, 
  [ 600439422673, 64962575176056679783, 1103465123829138140172041, 
      211342179452454078111596101, 
      1023946051734988895556940514350079800479032974939753887210338777653 ],,,
  , [ 287014027681, 7530920868426018491783 ],,,,,,,,,,,, [ 1882342257541 ],, 
  [ 54325646235640300846232054207 ],,,,,, [ 5348955319 ],,,, 
  [ 68731017053411, 3805570202332960667233 ],, [ 232868292988733 ],,,,,,,,,,,,
  ,,,,,,,,,,,,,,,,,,,,,,,,,,,,,,,,,,,,,,,,,,,,,,,,,,,,,, [ 53444867528317 ],,,
  ,,,,,,,,, [ 3547862089643101 ],,,,,,,,,,,,,,,, [ 3042041940817528127 ] ];
