BRENTFACTORS[2677]:=[ ,,,,,,,,,, [ 4079836184843 ],,,,,,,, 
  [ 150443416476094031 ],,,,,,,,,,,,,,,,,, [ 26114337431573 ],,,, 
  [ 2423352889, 7781330316222697658765547963041 ],, 
  [ 18610362152880253122977, 7715509092173780482887727309 ],,,, 
  [ 4452778027, 156247019303, 9357240586559087, 429595644810630349, 
      219802260394614940160333, 85463766799640657176081635609899, 
      74912578715496088900757167201710847098066793 ],,,,,, 
  [ 227959679060849, 4129037852729415506802729524609 ],,,,,,,, 
  [ 1011827455076077, 246400615276887361130229586838717722861 ],,,,,,,,,, 
  [ 7725467524854637 ],,,,,,,, 
  [ 749955080100738052363, 3021815871108859316017 ],,,, 
  [ 29705661094913, 2241182556086029 ],,,,,, [ 413967764310129761 ],,,,,,,, 
  [ 239384068126613, 118111033925988825898002289 ],,,,,, 
  [ 198495638435154569, 224597068635165859, 1227760593232573474341555409169 ],
  ,,,,,,,,, [ 7760006525469827 ],,,,,,,,,,,,,, 
  [ 57274039555156471253, 1259994590326851740381 ],,,, 
  [ 123948107683436312244568861 ],,,,,, 
  [ 3700491672167, 9987090109973, 1854129219072435383664731 ],,,,,,,,,,,,,,,,,
  ,,, [ 14650572043844459 ],,,,,,,,,,,,,,,,,,,,,,,, [ 1534848869 ],,,,,,,,,,,
  , [ 18678949495049 ],,,,,, [ 577374071557 ],,,,,,,,,,,, 
  [ 1326928561864967 ] ];
