BRENTFACTORS[290]:=[ ,,,,,,,,,,,,,,,, [ 4533228977 ],,,, [ 16451586061 ],,,, 
  [ 2114699651, 13909812751 ],,,, [ 21022874109441772488675694801 ],, 
  [ 427188903100307274063681199 ], [ 1357762891777 ], 
  [ 44954098333, 242750059927, 19720700512987 ],, [ 40741268758582351 ], 
  [ 2691177140629 ], [ 191784835590427763 ], [ 2904220642708094737 ], 
  [ 129129277791754423 ],, [ 1339270003 ],, 
  [ 23632505760496115144742901323768161359 ], [ 6408956141633 ], 
  [ 64261422526700341, 3827307764280843811 ], [ 357335114916054270491 ], 
  [ 111689623352013670949, 1554358037285803221067657, 
      2474491803692726525874514836863 ], [ 3273719809 ], 
  [ 711988858565027, 120253906289907875872649332708769111023 ],, 
  [ 32598859094588340909259190383 ], [ 48116894370637, 4752120587890261 ], 
  [ 9784833713, 73032454323583, 19464636671326953836173, 
      113373240605874680047184782273108703 ],, 
  [ 33682393041159296660174245541483939027365951 ], [ 3207483497 ],, 
  [ 21548332408423 ], [ 23854007810900680594705217 ], [ 7191350972770681 ], 
  [ 14279956338236955109009223 ], [ 1847323132066417 ], 
  [ 37617134652358487136423313779875653 ], 
  [ 223210436468993, 9774577743018343736449 ], 
  [ 6279249138241, 471453147677966103166455192428950694928935251 ],,, 
  [ 56776720769, 807077943639694721 ], [ 68503636683337, 31045696938097381 ], 
  [ 42402389681, 232121135044636913741 ], 
  [ 17493993739, 140944568876417809789713859571, 
      5671716704392524572078419730607503 ],, [ 76781489353 ], 
  [ 17013647984394203, 263888779786927923689 ], 
  [ 3296701501, 10466803360603534036801 ], 
  [ 59903068597, 23122855098102472939001 ], [ 25160546292716197413821 ], 
  [ 28748143256197 ], [ 3294544257023899518539 ], [ 17493297879857399671681 ],
  [ 264247827374846015049922453 ], 
  [ 25019630819, 1460718645313, 19563511148987737 ], 
  [ 2419832299, 8671535177023 ],, [ 1486854511, 7519175048201 ], 
  [ 1433856883367791 ], 
  [ 595260260983367485211902926319, 127283973019783684893646067090649253 ], 
  [ 1753218519655153, 665199138936727121 ],, [ 888441975792181 ], 
  [ 2934458086467982255273 ], 
  [ 112107854077625058173, 411106173422365700713031091066202732741 ],, 
  [ 679371458737, 128664367509752611942920342290648179027750061 ], 
  [ 168297991951, 1143052219023931468151 ], [ 6987786869761 ], 
  [ 220569274140349, 626994813511127363 ], 
  [ 6789042814429, 303560086177276774980709 ], [ 2592980247727 ],,, 
  [ 1098010213, 3356111917 ],, 
  [ 10218373230775841, 231771675774396437430768224855044697 ], 
  [ 6426476491, 535779886552541821, 291711575622594294931 ], 
  [ 124010739841, 2134073801071824730385480671 ],,, [ 1010083228927 ],, 
  [ 1431356767, 897926084839925437 ], [ 98553704587297 ],, 
  [ 5114379493, 18626584489, 54818819452055563 ], [ 112148947601 ], 
  [ 112085987039717775279384996637141 ], [ 747209643785112240075799 ], 
  [ 1519084034111207 ],,,,, [ 124496739412039 ], [ 528182744516510453 ], 
  [ 23131189617751, 616805894127251, 724430692103469062501 ],,, 
  [ 112217211917441, 178704996414337, 4314847949915521, 145130711110087169 ], 
  [ 195434837021922132403 ], [ 699869026368461 ],, 
  [ 716248230802917056965450114705189 ],, [ 181271983385611 ], [ 2950088311 ],
  ,, [ 158693629986956274787 ],, 
  [ 1334508797286977335326256381, 15833935526053744306318529881 ], 
  [ 7954181113 ],, [ 18315222635746609 ], [ 53886348334369 ],, 
  [ 64188976408472464160137 ],,,,,, 
  [ 63855130841, 5717699642129, 28335488762730291673, 24971377433321939253817 
     ],, 
  [ 629981904553, 549781561855055430671, 5883977488490162395027, 8393470267062\
200018243993634198975237952351907 ],,,, 
  [ 59287158599, 7286984676274491479713728121 ],, 
  [ 151734920641, 884362840961, 48251958171133381440001 ],, 
  [ 4250521692037733709903337491896164167199 ],, [ 2356185674153 ],, 
  [ 19589957579931707, 2501551404262777811328121 ],, [ 203840403649 ],,,, 
  [ 2604677701 ],, [ 1714091635240437961 ],,,,,,,, [ 188496142658967053 ], 
  [ 337920544783 ], [ 1517908519863695833, 10762053428666957113 ],, 
  [ 40193771776969, 43076182455724687314187 ],, [ 622080369428317 ],, 
  [ 206900267736781, 1120184231601542011 ],, 
  [ 5214699143012600346875331575617 ],, [ 11824228027, 182152832833 ],,,,,,,,,
  , [ 190082993676469 ],,,,,, 
  [ 2216804755955159890004061381845815970495252611 ],, [ 27400689346861 ],,,,,
  ,,, [ 64844343055276508718721 ],, [ 4908064704541 ],, 
  [ 4217767681, 855851131297, 997363857953, 4482889214273 ],,,,,,, 
  [ 5793869929, 23143270459, 49197315076141 ],,, 
  [ 2470707721, 1378172415504260553139 ],, [ 111082740965197 ],,,, 
  [ 1075371110641, 534599156255520224161 ],,,,,, [ 960468127813090087 ],,,, 
  [ 1366802184001, 917396520718330049460251 ],,,, [ 12557459011 ], 
  [ 474414853531 ],,,,, [ 106924949041, 64008335857599121, 136108735022161201 
     ],,,, [ 1010277995375617, 643488502720218856537 ],, [ 47369098686421 ],,,
  , [ 1278865261 ],,,,,, [ 4014120323341 ],,,,,, [ 2394051087940437031275811 ]
   ,,,,,, [ 25396729816033, 199950479705565151696215937 ],,,,,,,,,,,, 
  [ 66382452959101 ],,,,,,,,,,,, 
  [ 7596146377, 1960775788297, 1226732328512149369 ],,,,,, 
  [ 5373731808644203 ],,,,,,,,,,,,,,,,,, [ 14180115601 ],,,, [ 44971428041 ],
  , [ 225204087143593 ],,,,,,,, [ 145676125351 ],,,,,,,,,,,,,,,,,,,,,, 
  [ 201042862717, 1585450734853, 52879562200588813 ],,,,,, 
  [ 217788196322584567 ],,,,,,,,,,,, [ 35368740009331 ],,,,,, 
  [ 64033974973, 77631208381 ],,,,,,,,,,,,,,,,,,,,,,,,,,,,,,,,,,,,,,,,,,,,,,,,
  ,,,,,,,,,,,,,,,,,, [ 5786970883 ] ];
