BRENTFACTORS[3779]:=
[ ,,,,,,,,,,,,,,,, [ 20794031788297, 16286427096916464101, 
      5109526852342278307922213 ],, [ 60620794433 ],,,, 
  [ 831189799352169798717931, 3132264441803801392922909233320522127 ],,,,,, 
  [ 1616907708055389313, 164493402222871340401 ],,,,,,,, 
  [ 1578767579, 178408439681255773608137, 414515683788256455981398293139, 
      1239364237838938759435427954633664657233052937578857870995020227 ],,,,,
  , [ 50714589053006692571511936673539953 ],,,, 
  [ 456238042513869641, 543796340082103019 ],,,,,, 
  [ 3092488544063, 4887561759121667, 65330735375080487832077 ],,,,,,,, 
  [ 1404983046046991, 10106375542320587, 8653440686235899436689 ],,,,,, 
  [ 5801681413606573777, 64836051482789953697 ],,,,,, 
  [ 416127664172419, 8807521381970043780287 ],,,,,,,,,,,,,,,,,,,,,,,,,,,,,,,,,
  , [ 229006537927 ],,,,,,,,,,,,,,,,,,,,,,,,,,,,,,,,,,,,,,,,,,,,,,,,,,,,,,,, 
  [ 7707266573 ],,,, [ 9557418641975971037 ],,,,,, [ 51697108369 ],,,,,,,,,,,,
  ,,,,,,,,,,,,,, [ 116422474043 ] ];
