BRENTFACTORS[8387]:=[ ,,,,,,,,,, [ 466926047052167891 ],,,,,,,, 
  [ 89030265469181240977 ],,,, 
  [ 49422741709384912164658701291649, 9765269210683462951262244480788726039772\
32789 ],,,,,, 
  [ 80865823348011505294018130587970989673509109, 2427745554204821669396869894\
871096723561689024788338610209 ],, [ 1646557131934579 ],,,,,, 
  [ 10158920113436246597, 
      226541009586942311794102636448288377122412249990737100624979, 
      3464110155459125969831829680578353863561544972680168077822969 ],,,, 
  [ 3885098993, 22867794401405881755543358827649415653 ],, 
  [ 25562996765618758221514435333923476059, 
      181969071400825351424151515050584220667 ],,,, 
  [ 101301930075391, 4228455725597179611478725314821591 ],,,,,, 
  [ 981888144859897604379795707, 3330117225320408209744675273 ],,,,,,,, 
  [ 3162527259775529 ],,,,,, 
  [ 372619028011, 19274128284051207135498957950374997 ],,,, 
  [ 32352644551, 233058926330865452693 ],, 
  [ 185350848707, 1779331925621, 4685508218717 ],,,,,, 
  [ 7431700758659, 22266552111689499373, 419997047374656874997059, 
      1615148013147130606417997 ],,,, [ 829583887085064786806043548561 ],,,,,,
  ,,,,,,,,,,,, [ 983731266127 ] ];
