BRENTFACTORS[8941]:=[ ,,,,,,,,,,,,,,,,,, [ 18273981083 ],,,, 
  [ 53641174449887, 14995356380137607, 349314221046389701 ],,,,,, 
  [ 7883317313, 34633849506159521631337398593005213165782015103, 
      89966217298255747121567272529421979015753559083 ],, 
  [ 3366879299623258224321017 ],,,,,,,,,, 
  [ 4757159355786101767, 2775521216550421959874398148877 ],,,,,, 
  [ 39841889036029, 158936121562692421 ],,,,,, 
  [ 2747776142941253, 710681393618429293499 ],,,,,,,, 
  [ 178121816249869, 6827684414248621229 ],,,,,,,,,, [ 3095097911573 ],,,,,,,
  , [ 12581252616487 ],,,,,,,,,,,,,,,,,,,,,, [ 54060051839 ],,,,,,,,,,,,,,,,,,
  ,,,,,,,,,,,,,,,,,,,,,,,,,,,,,,,,,,,,,,,,,,,,,,,, [ 230015827429 ],,,,,,,,,,,
  ,,, [ 326340961143214471 ] ];
