BRENTFACTORS[1987]:=[ ,,,,,,,,,,,,,,,, [ 38447175291135127243 ],, 
  [ 1218932843573, 72313641153339797672339 ],,,, [ 61323663597796903 ],,,,,, 
  [ 5959113257, 2102573142777391515810961, 
      8548456574016601579546558829065402094092778252829145897 ],, 
  [ 6766990187 ],,,,,, 
  [ 6179664299, 2045072875132577, 1286239486967945098032630239, 
      9509074018340680837954636178274891838584647210188805653 ],,,, 
  [ 7779076406712047363390577156050568619, 
      69133468456412491737053849905906591171, 
      18986234108436734044596272940833713526982171466678959403 ],, 
  [ 4895104899224053, 73625108033637746450576149 ],,,, [ 3445772292426179 ],,,
  ,,, [ 310908078269 ],,,,,, 
  [ 121198020939116257, 123375908410864617708975097 ],, [ 25956106120157 ],,,,
  ,,,,,, [ 16145524961, 1673323177511926978348964532389 ],, 
  [ 206508470027939848395502357 ],,,,,, [ 117685606021082705567496998269 ],,,
  , [ 205456324176607680527623, 809598019039605759157111 ],,,,,, 
  [ 162466798139, 188881548229954381, 34926468080499794801, 
      1727113027699891290337 ],,,,,,,, [ 85964110339663 ],,,,,, 
  [ 93488449139 ],,,, [ 21619893989, 468258674000274444314805049 ],,,,,,,,,,,,
  ,,,,,,,,,,,, [ 1147574149 ],,,,,,,,,,,,,,,,,, [ 1202353671151495637 ],,,,,,,
  ,,,,,,,,,,, [ 32709248955595391 ],,,,,,,,,,,,,,,,,,,,,,,,,,,,,,,,,,,,,,,,,,,
  ,,,,,,,,,,,,, [ 2099324677 ] ];
