BRENTFACTORS[983]:=[ ,,,,,,,,,,,,,,,,,,, [ 4371644861 ],,, [ 15334622101 ],,,,
  , [ 4142558729 ], [ 20502488267, 3193488577272233, 284371804154841534267887 
     ],, [ 31312573993, 672557766432596143270681 ], 
  [ 28017402209, 10930852732302977 ],,, 
  [ 1078957132751, 119858246227181574247381 ], [ 273712298573773 ], 
  [ 20884358071 ], [ 7063607429 ], [ 4972894483831 ],, 
  [ 2192148472836226313843161276315625982853 ],, 
  [ 5362850953, 15677767692976397733791959725887 ], 
  [ 420837716938329308605549 ], [ 2030015971368005305876381 ], 
  [ 18459569433662595479 ], 
  [ 9208634902367, 15900065380626073, 1947088529416025660661282008711333073966\
3119951 ],, [ 18320089261781171243 ], [ 86903397851, 22160352787825201 ], 
  [ 2561759887, 6025709195211049224697 ], [ 123859403388146490983387353 ], 
  [ 3871739147, 307856638673 ], [ 93547798837009138819 ], 
  [ 143077560714541751, 27426964229904858789423322033415016342359521511 ],,, 
  [ 10703840550696935194252599290620111 ], 
  [ 30594761115642246908560277125896143816429 ], 
  [ 19951250032741, 46278194339941 ], 
  [ 44698106501203, 81346707121727, 452571310382688349, 
      4347496418699672853223892373036167170413205747486761498046041211 ],,, 
  [ 102815124178207406745601 ], 
  [ 330311185669267256387908549128632852629395102881647715724521431 ], 
  [ 627253655413037662043761 ], [ 349446405473708033 ],, [ 4062809011 ], 
  [ 926554655662563751887444221 ], [ 1154315648502030784154471 ], 
  [ 52215314808889, 21195342798577657191721 ], 
  [ 12984221167333791929, 193317840576662310522344989633193, 
      1677140155462752840612249065075220164741, 
      614789566810309972398805211654951092407368116530300979 ],,,, 
  [ 4280969293217, 85876081947015840408391 ], 
  [ 180778643282641, 1250266987923761809 ],, 
  [ 304282728017913211681, 59078327741950515836561 ], 
  [ 2104976568036974084061789905022610145989 ], 
  [ 51415265514920939634805687 ], [ 3574993146228014293507388805523 ], 
  [ 3312676988377, 418307771221584632977 ],, 
  [ 3458813575040249, 291115289567821741115514284305418953 ], 
  [ 2580713887, 6963790558928793831944545627 ], 
  [ 4665263705966526190652769226033 ], 
  [ 63744114179, 567961429504663, 37567030002686253086837 ], 
  [ 632903117221, 764835444786782351251 ], [ 3454165079 ], 
  [ 89945739269, 445588124983134589, 472344091889990449220315906683537 ], 
  [ 1071139923465045073909 ], [ 11838202838211637126522961 ],, 
  [ 360119402017, 551790595153153, 34424657917332025817857733089 ],, 
  [ 1018737166299975424483277802193000853751176133705107 ], 
  [ 111011866417, 146398245706549 ], [ 2161283271001 ], [ 1457701805365231 ], 
  [ 264951910603, 6599090837954611 ],, 
  [ 518547190815064529, 118210292931693242281 ],, 
  [ 968490009863010497, 56071156613046081313 ],, 
  [ 860377010295901667262735071764329482162701 ],, 
  [ 4210402515787747868262631, 81372868774258147844518421, 
      118416818219905048128929220169231 ], 
  [ 926197958985666043, 1434098921868858183542647 ], [ 147001552657 ], 
  [ 4393648671188525911 ],,, [ 1164753395569, 1054385208746413 ], 
  [ 863616918306351691, 540664535452883297509 ], 
  [ 612768596703727397, 814812071492019692960105891 ], 
  [ 6077447196103753, 7639943119250107 ], 
  [ 3450747186793701800968681, 22249037070311781491077321 ],,, [ 9517025863 ],
  , [ 4126246954223501 ],, [ 35470792661, 1370453144789 ], 
  [ 4405947521, 447809109426326275380747521 ],, 
  [ 373674897709545931493935380980338950393935465082105737278091 ],, 
  [ 2897292692971909, 306181115989841588761, 6388282491512347117561, 
      833639542343228010810375913 ], [ 9702509867 ], 
  [ 2608659217133, 8186203844483690322654015557, 
      335722123324235665962368526565084592539 ],, 
  [ 512495573209, 435215243195639566441 ],, 
  [ 4806515437, 110875660333, 67789485878413952502960800134846382315434273 ], 
  [ 835290387319 ], [ 606838186095821, 3859451505800521, 6194622133960594181 ]
    , [ 73416074814972812226217 ],, [ 284831119849277 ], 
  [ 3007666794078711541629671970376021586724776232887761 ],, 
  [ 233599347089, 1585825920031097, 629119704842440420297519 ], 
  [ 1047319301335273891 ], [ 414315469061209013 ], [ 102805835749 ], 
  [ 2507441017808401, 1131351804006130051 ], [ 247807348217610593 ], 
  [ 3084142777, 155327783700206946800183349723476689, 
      201324278367445792113822440666901026195540831179337 ],, 
  [ 2362371408247759063, 2789136598824698588194961 ], [ 1365780756752592461 ],
  [ 1619569838117754277, 88547355009484456095193, 
      161755145116346551019549383483621 ], [ 17591312119 ], 
  [ 4741176188756489, 6280037754570352813867, 
      193508032232839037695094089871117 ], [ 1166564193799 ], 
  [ 233914858853024641, 24881199527110811750435681, 
      26196696939585651146179763133347415907516321 ],, [ 4992054969182909077 ]
   ,, [ 903821406561203675594595878477 ],, 
  [ 4348214069063, 4025747463830357, 1672963543097242031924269593636509 ], 
  [ 1059429406243381 ], 
  [ 209379910657, 159761051385984565043396353121667828765894157268473019311053\
7 ],, [ 7925059373733522821, 333090703510122628771 ],, [ 62854949197801 ],, 
  [ 2402096623, 537023452843 ],, [ 51690963281, 2119762797329 ],,,,, 
  [ 2515380562789961 ], [ 20464025578361, 11689389851450320392043828987 ],, 
  [ 4519000025633 ],, [ 35849598151, 6127092485849359 ],,,,,, 
  [ 4875399064163163848872203838657 ],,, [ 5511501183631 ], 
  [ 533739084817, 200273855012533 ],, [ 47790567199, 3812704015033 ],,,,,, 
  [ 7649639387977 ],, [ 11572493351141 ],, [ 43310963281, 1193022297208561 ],,
  ,,,, [ 60833839921, 111186116917, 19609405956611 ],, [ 68024375062482529 ],,
  ,,,, [ 26686910449353003349 ], [ 161031759748276427 ],,, 
  [ 2129105773, 34065700764466027 ],,,, [ 2252233141 ], [ 9646613476039 ],,, 
  [ 19578135253483 ],, [ 3557362993, 1184044626175417 ],, 
  [ 100837435143111241, 113249496433088467201 ],, [ 28956924039601 ],,,, 
  [ 443273636384009 ],, [ 78284012479, 240419263291217173 ],,,,,, 
  [ 1048995644761 ],,, [ 14485959931 ],,, [ 6708140611, 10293082603 ],,,,,, 
  [ 256883998801 ],,,,,, [ 7524112878991 ],,,,,, 
  [ 764347456669, 2417119346869, 32934564423185941, 113404456846999094461 ],,,
  ,,,,,,,,,,, [ 157627343851 ],,,,,,,,,, [ 9418193101 ],,,,,, 
  [ 50812841323, 4502069512597 ],, [ 5278133477 ],, 
  [ 316426625280211, 1007656209066961 ],,,,,,,,,,,,,, [ 767406479075461 ],,,,,
  ,,,,,,, [ 84457385377 ],,,, [ 489929677041389861 ],, 
  [ 66537015877, 96269397373 ],,,,,,,,,,,,,,,,,,,,,,,, 
  [ 8721937747, 1188689535091 ],,,,,,,,,,,,,,,,,, 
  [ 16509123073, 112209482195329 ],,,,,,,,,,,, [ 1431792894709 ],,,,,,,,,,,,,,
  ,,,,,,,,,, [ 1501789345561 ],,,,,,,,,,,,,,,,,,,,,,,,,,,,,,,,,,,,,,,,,, 
  [ 5184754768117 ],,,,,,,,,,,,,,,,,,,,,,,,,,,,,,,,,,,,,,,,,,,,,,,, 
  [ 2963538934561 ] ];
