BRENTFACTORS[875]:=[ ,,,,,,,,,, [ 43427029424791 ],, [ 14341782677 ],,,, 
  [ 945263022571166998423 ],, [ 1124832575008068693629 ],,,, 
  [ 154556246906599, 24820548452691761674081 ],, 
  [ 24127045351, 227252097855033701 ],, [ 196659426330824131 ], 
  [ 5543767601 ], [ 5022397505200485077 ],, 
  [ 324623411304611, 11525976227857715684386712101181 ],,, [ 1060222817 ], 
  [ 263703506347750981 ],, [ 36700693459 ], [ 4024096147843267 ],,, 
  [ 946245326997772574146543757184074761849292544326417 ], [ 57290682288841 ],
  [ 23523362891423216182456387199 ], [ 71080315783228640461 ], 
  [ 584504032951 ], [ 152281796723026907256149 ], 
  [ 916728473619199, 2086615422782897, 34841065198261775465313769291, 
      17252394737020481466802594324421 ], [ 4952743729 ],, 
  [ 83361566179006445685971851 ], [ 42722606612313799 ], 
  [ 499689178558051528599476873 ],,, 
  [ 5829147047351, 1120053712631797686178857717096168535421 ], 
  [ 4074633307866018787755631831577 ], 
  [ 8348479261590726945806676287926641763393 ], 
  [ 1180411709, 21396617451093366907 ], 
  [ 2784528011, 13068192493, 36197236586117023 ], [ 31664127421261 ], 
  [ 21713919729764617 ], [ 677089803857 ],, [ 27900406296769 ], 
  [ 25026023022239896411 ], [ 1287925408163461 ], 
  [ 2615067353, 2637755563, 193132699564475981, 336621803425958723 ], 
  [ 642979521146377109815121 ], 
  [ 39915627013, 1279245318566235186325605014020704547 ], 
  [ 37288526663874641, 4425309312132422911 ], [ 14867071129, 4098457012861 ],
  , [ 144836312744507815347311 ], 
  [ 14464990901, 19526457217766929487929, 74954768552493359441393 ], 
  [ 3333156240610501, 185735863730990101 ], 
  [ 228448129438394283668714700265859118755777 ], [ 10940930630043569 ], 
  [ 3629156729173, 386947927682432096987922163 ],,, 
  [ 858230130349, 1468166454991, 108519934341097 ],,, 
  [ 240880204573, 112135651066534679557 ],, [ 2290936217599492193 ],, 
  [ 68174263961, 10406637488424937, 75465224662966777 ], [ 81933808867 ],, 
  [ 9488622563390881 ], 
  [ 60293767097853582756398371053337, 790950119848838995206961905733877 ], 
  [ 349373705022847, 1416351479352571 ], 
  [ 4652348626734213756014881137752500532440629061413269963 ], 
  [ 3984547656555553769729943161401 ], 
  [ 9755803873, 128395549501880372353, 66518979830377745383424693281 ], 
  [ 391715399133654671, 233637867812216946047 ],, 
  [ 6723527446794572294731489 ], 
  [ 29050283701, 122554458674836808048646469269484119198101 ], 
  [ 6344157459191, 42526727326719343, 229800941997930434569 ], 
  [ 891933501752327206762861631609653633 ],, 
  [ 1628019641, 959379255526826279818121683100097193 ],, 
  [ 222856563037, 83876432742525246007963859959 ], 
  [ 10101391283, 110037148349 ], 
  [ 7647401296447309, 17519147174928729241, 1374973560612500326057 ], 
  [ 16216538003 ],, [ 2260619341, 14966136157764239389 ], [ 234927620503633 ],
  , [ 33475043564609164442682383832179834701 ],, 
  [ 1388151054943470580361549 ], [ 153564130377451 ],,, 
  [ 1930350841, 5532496681, 1682653002241 ],, [ 66774966915134102193889997 ],
  , [ 36291565213 ],, [ 4978293784219999279, 42552167214851874116110675711 ],,
  ,, [ 104091431607661017781, 126216086431928096111 ],, 
  [ 66813363547807889731753, 736227160975685993787465203869 ],,,, 
  [ 5862535907801, 49172974868497770468697 ],,,, 
  [ 3207012605204212666716266631892839387676639475607887136721 ], 
  [ 215435333246482471 ], [ 2840157550919498028708763289 ], [ 35200024003 ], 
  [ 129488605489, 8176294344873601 ], [ 4484484311, 301093129944656081 ],, 
  [ 5905577707, 2406178163189809 ], [ 245439205777 ],, 
  [ 1005458196057483849872485422485528209409401 ],,, [ 172920355507 ],, 
  [ 2481759871, 229531424501 ], 
  [ 409444222661917, 27175156059991439030077717 ],,, 
  [ 269243842501, 386887997732149, 5215671585378703 ], 
  [ 55607846042065947693601, 12247378827377397378668398080161 ],, 
  [ 192558972277162783, 122993186602113703269288374560787809 ],, 
  [ 17907549337 ], [ 30561186151 ], [ 15325053390127861 ],,,, 
  [ 565959787243601, 427872146854765521511542941 ],, [ 144547185707417 ],, 
  [ 62387086303, 125242043102070823, 655338182962229840719 ],, 
  [ 120463439247216913, 60224602693484381857 ],, 
  [ 6589491381001, 10620781952131720400609 ],, 
  [ 5231919961, 10497456773821, 2160645516362893319755684155467477338345201 ],
  , [ 155245755289171 ], [ 602453024491, 16577308763539 ],,,,, 
  [ 26589531748731829 ], [ 75137437621 ],,, 
  [ 3804312015608375018081757179137 ],,, [ 4322007399458110441 ], 
  [ 362904188988074077 ],, [ 107584108173610471189513 ],, 
  [ 119256390941245801 ],, [ 3814021591, 1149969821115614848793 ],, 
  [ 269011897509829, 3806676897914113 ],, [ 38660995821589 ],, 
  [ 14214387617, 11936091271864241 ],, 
  [ 1425844181036083648359552294915860146591 ],,,,,, 
  [ 353930570563432323584385841298689 ],, [ 2825408945257 ],, 
  [ 19092312610550724958883801 ],, [ 148724092591 ],, 
  [ 12545235746507917153 ], [ 2368591908751 ],,,,, 
  [ 40457247403292491264365721 ],,,, [ 726822176797886833 ],,,, 
  [ 2867917030091 ],, [ 470149522321 ],,,, [ 7649128304537 ],, 
  [ 26582117203, 112106003407, 4435233483139, 652126271442275106111403 ],, 
  [ 27369034739161 ],,,, [ 221616085672164655019120077 ],,, 
  [ 1403320081, 11810259851581 ], [ 12683875102323457, 29793161678914561 ],,,
  , [ 290251243099276967561 ],,,, [ 1952491688401, 7140018734537300123667937 ]
   ,, [ 672807076061 ],,,, [ 184525605434263501 ],,,,,, 
  [ 1696940121710404564656673 ],,,, 
  [ 1663616081, 39054885521, 403878291041, 1302773127041 ],, 
  [ 23933778898836826915429 ],,,,,,,,,,,,,,,,,, [ 1743363001 ],,,,,,,,,,,,,,,,
  ,, [ 701173678969 ],,,,,, [ 1534574214315361 ],,,,,, [ 164020487206291 ],,,,
  ,,,,,,,,,,,, [ 51044369681, 617859690778901 ],,,, [ 142739702923651 ],,,, 
  [ 367924739389 ],,,,,, [ 2399685121, 7898248738801 ],,,,,, 
  [ 16701374212722457 ],,,,,,,,,,,, [ 602349484969 ],,,,,,,,,,,, 
  [ 23429394822474342391 ],,,,,, [ 12620015893 ],,,,,,,,,,,,,,,,,,,,,,,, 
  [ 174884602121881 ],,,,,,,,,,,,,,,,,,,,,,,,,,,,,,,,,,,,,,,,,, 
  [ 195423733891, 16041143965309 ],,,,,,,,,,,,,,,,,, [ 5115317761 ] ];
