BRENTFACTORS[6037]:=[ ,,,,,,,,,,,, [ 4716369529, 125453783183 ],,,, 
  [ 1092533357, 1272772117, 12263024597 ],, [ 8948051370290252345053 ],,,, 
  [ 510597759659333, 49897924646981010147366609071, 
      18005283466180870175085887874329 ],,,,,, [ 978300293231 ],,,,,,,,,,,, 
  [ 1762238292357292919467 ],, [ 121352770344623969 ],,,,,,,,,,,,,,,, 
  [ 8441214920645035640431 ],,,,,,,,,,,, 
  [ 6375049673, 7724051364563753101, 5791400295253751120077 ],, 
  [ 40253368877 ],,,,,,,,,,,,,,,, [ 11849841811 ],,,,,,,,,,,,,,,,,,,,,,,,,,,,,
  ,,,,,,,,,,,,,,,,,,, [ 120653302982168843 ],, [ 2250500624387 ],,,,,,,,,,,, 
  [ 57905816429 ],,,,,, [ 1007935272731 ],,,,,, [ 1906644799940149 ] ];
