BRENTFACTORS[349]:=[ ,,,,,,,,,,,,,, [ 14594668651 ],,,, 
  [ 2058082831913, 153420935845357 ],,,, [ 1282994429098372621 ],,, 
  [ 1011195511 ], [ 2052952669, 77348077687 ],, 
  [ 3379900411, 21137882444072571131 ],, [ 65232827809 ], [ 2960117569 ], 
  [ 283622263123 ], [ 22239828979, 118040597827 ], [ 365663936006228231 ],, 
  [ 2197879738627, 73190942117159, 30435776683643030549 ],,,, 
  [ 6663333121, 9241093258993 ],, 
  [ 101301557725639, 537746610993447817403678701 ], 
  [ 104037195637, 10111139091053309 ],,, 
  [ 231196380988385846588959, 79621521154369919825160663812590571 ], 
  [ 2875189777, 1544927694481 ], [ 483689834027658531753819371243 ], 
  [ 3489493351, 50471067301 ], [ 16183297399404352341571203457 ], 
  [ 126713093075428740242233 ], 
  [ 65865703816587581, 34721364013707541098997, 108023751080952349011868675110\
0787 ],, [ 1126672471, 115057616851, 43693332892661, 18777638628359551051 ],, 
  [ 6647118613, 549370562737 ],, 
  [ 1476166195298831727368597, 289720523201308443953488771 ],, 
  [ 78813373521603755542937013253, 
      5128007384156610814030949396382519076169251 ], [ 15281582734588397 ],, 
  [ 106024064612913857 ], 
  [ 175898745005429228656366351, 28304916447202390884015983306869701058162661 
     ], [ 22378912371670423207 ], [ 19745557500519345910112500003 ], 
  [ 24106349249, 3403513872222613, 95395472366403058589 ], [ 4977538147 ], 
  [ 12880990557541681 ], [ 21149768900563, 19327868209040328661 ], 
  [ 1598684977, 3204364146121 ], [ 40659573860052725533913 ], 
  [ 11179032847505287658545531883 ], [ 2453375851 ],, 
  [ 18673392896818284310505203787007407171719967 ],, 
  [ 36087878927, 153284224666956655415089564748246506501 ],, 
  [ 86322237435425412328213, 179611973026821556138596113803566073 ], 
  [ 1642872871, 14434096249, 219929849403581, 126323694482474546722751401097 ]
    , [ 12945357827886879503498333 ], [ 2342238562861, 39608336568956653 ],, 
  [ 3148081209867250517286859700956726858835556533 ], 
  [ 49294034891923, 803464075744793692723135717, 
      166028461545902914244930648689801224462854623 ], 
  [ 1163501808109440361, 14078006592245009705316724952725351969 ], 
  [ 698481306225193, 19260938660075317520033, 5846390922260517196856119013879 
     ], [ 29971777738501 ], [ 11305492195999, 64937828271499 ], 
  [ 880460629973907832321556081 ], 
  [ 85833193267, 1044983645227, 7517476066554630154478769890599211710171 ], 
  [ 612580760226444469260175888194139231 ], [ 1984829491 ],, [ 329680650619 ],
  [ 86054682189609025543480067449 ], 
  [ 462721898351991380608316087159210583743086659721 ],, [ 57247556087 ], 
  [ 42622589857493383 ], [ 815334520126963957972266456855460349 ], 
  [ 6551210619929 ], [ 92682991450351 ], [ 1936524369239 ],, 
  [ 20937400094047933, 304467718903892661673 ], 
  [ 468910429843686129747733585006957 ],,, 
  [ 9665554233544743194700992840969201 ], 
  [ 580548275762717, 21130040572556801972433449 ], 
  [ 1929754892815207, 1563378351989130234139 ], 
  [ 18649222189918774455431, 417063577843093547421061 ],, 
  [ 865963179435043, 782662468048148557117, 3452790862552305925165321 ], 
  [ 5931956879 ],,,, [ 14746394737 ], [ 13083063228507859 ], 
  [ 11864986873, 26916472750066146627927929, 
      900347692980760635282388800712813 ],, 
  [ 3607483540873982994196991907560533 ],,,,,,,, 
  [ 472832206907, 169182116179970749392462470261514821 ], 
  [ 8791831261, 361381074211, 5289215418740987911 ], [ 3428230969330225313 ],
  , [ 64820500125960413431791976530815050671601459714308218857 ],, 
  [ 43619432547181 ], 
  [ 42554290444828639, 126644639827735399, 153345482580320103349 ], 
  [ 236506266923 ],,, [ 18330332270771, 1488380581520619961 ], 
  [ 72009578217293389407712601158489039 ], [ 4064369529199267 ], 
  [ 7641573001 ],, [ 48144249301 ], [ 23765534953399, 80009706325677311 ], 
  [ 6153775399810934962789527316678871569 ], [ 8820550527121 ], 
  [ 4448852635613, 68039501721250426083963390338749774759, 
      533666891783363165536798440855213426169419121 ],, [ 75409738608049 ], 
  [ 438626113301 ], 
  [ 435709722710459, 1543873539299188193, 3270170635302847582459 ], 
  [ 1016357893, 64880719256629 ], [ 794967770840765682241 ],, 
  [ 1095336433, 7387587870889195927, 
      11610220767460458441963049047437346903245281 ],, 
  [ 206997086713, 20971088487835049, 43467288699039629 ],, 
  [ 4877180429671152116421451319, 
      5374547889257105402610877344783153145852483747 ], 
  [ 649443856447694423 ], 
  [ 7737402961, 2342819466878056482566881, 12799018568197805591537766053017 ],
  , [ 124000147881151 ],, [ 9111115889, 2477764649479791039740201 ],, 
  [ 23568588993054577, 
      7386725153091544775605119092007444607763016936326879649187 ],, 
  [ 3233111377, 1944257281333841, 276250147697404849, 4803112652991728417 ], 
  [ 147466001822773 ], [ 58570118628882759798039173123 ],, 
  [ 118192596618474361, 847820445798873380591855023825948390611518041 ],,, 
  [ 12466153289139133 ], [ 597173038313 ],,,, [ 70251667520132473606541 ], 
  [ 481711647058237 ], [ 46753496218297469769179224499124071 ],,,, 
  [ 40406991241, 241402848907477351973, 
      1914329416991514106252252852302166198271 ], 
  [ 2171438667451, 104898839488557271 ], [ 108106759196437 ],, 
  [ 6500228229924463, 219515873432721817051, 91216855540176699391543, 
      9538214880779019302909806637374843639 ], [ 62116331977646899457 ],,, 
  [ 1798880903 ],, [ 6342558513106657 ],,,, 
  [ 30030412328593, 7163740323540113, 4860867549761313793 ],, 
  [ 137162407408205485622651423565701003618591975995291 ],,,, 
  [ 29820070873051 ],, [ 337564407097, 17499086189193211611709970809 ],,,,,,,
  , [ 67661842756033, 830551764270315137, 383349542073876177924769 ], 
  [ 121826083371747301 ], [ 3164420587 ],, [ 58803817151432023441 ],,,, 
  [ 98325098329 ],,,, [ 9621847093200696773 ],, 
  [ 173120582629, 15127349901829756949 ],, [ 260418440210395221375826081 ],,,
  , [ 281582274931897 ],, [ 1524079770121 ],, [ 3374554849 ],, 
  [ 13674766117751, 1131938558586543759921500576251 ], [ 3720992888602809401 ]
   ,,,,,,, [ 13151895721, 5414944086661091911, 15700305258471966792391 ],, 
  [ 5853559700890394741 ],,,, [ 4280724643361590777 ],,,,,, 
  [ 88954772671, 152459545684051 ],,,,,, [ 1495641241, 16565930147593 ],,,,,,,
  ,,, [ 382420767587 ],, [ 417326483969093620828170767809 ],, 
  [ 2435265639671 ],,,, [ 43354931089, 24301122612738184331220229 ],,,,,,,,,,,
  ,,,,,,,,,,,,,,,,,,,,,,,,, [ 1329816389053021 ],,,,,,,,,, 
  [ 50041353538901, 713137539111244601 ],, [ 47130769657 ],,,,,,,, 
  [ 71305594116401 ],,,,,,,,,, [ 29321290441 ],,,,,,,,,,,, [ 38568207144913 ],
  ,,,,, [ 4439683812439 ],,,,,,,,,,,, [ 2432176704361 ],,,,,, 
  [ 3476648190709 ],,,,,,,,,,,,,,,,,,,,,,,, [ 20921714101 ],,,,,,,,,,,,,,,,,,,
  ,,,,,,,,,,, [ 23766577651, 26035772002651 ],,,,,,,,,,,, 
  [ 150421917493, 1926122071567, 1075629931957351, 69943365576876793 ],,,,,,,,
  ,,,,,,,,,, [ 25392064920961 ] ];
