BRENTFACTORS[7177]:=[ ,,,,,,,,,, [ 228547115171 ],,,,,,,, 
  [ 60094714620318493711, 507841188957883797851 ],,,, 
  [ 156496845272945301831169657, 487686526491635914342997304791 ],,,,,, 
  [ 18656284061, 158514213650599, 3923670717057797281 ],,,,,,,, 
  [ 227794713043 ],,,, [ 5113435184181120259 ],,,,,, 
  [ 134174348471280581108649467, 1545144418520239663438750573 ],,,,,, 
  [ 1270025292187, 32456862343929433, 12573019425733700384777, 
      47331189961825319631121 ],,,,,, [ 25625062234028533 ],, 
  [ 10421009875756266079 ],,,,,, 
  [ 517449178366522904149, 48432604923000109025115361, 
      146001408638684913741083134501747 ],,,, [ 163129882642487176397 ],, 
  [ 2725455536859959 ],,,,,,,,,,,,,,,,,,,,,,,,,,,,,, [ 2332951869082291 ],,,,,
  ,,,,, [ 1881176767, 7703398259 ],,,,,,,,,,,,,,,,,,,,,,,,,,,,,,,,,,,,,,,,,,,,
  ,,,,,, [ 78774807569543 ],,,, [ 1082775563 ] ];
