BRENTFACTORS[510]:=[ ,,,,,,,,,,,,,,,,,,,, [ 31642170799 ], [ 14059606991 ], 
  [ 146043344723418997, 9817345275253978277 ],,, [ 3019319161 ],, 
  [ 3686118269 ], [ 254411033483, 8935985673697 ],, 
  [ 7871767229780759, 35525720916316344379 ], [ 3627226574977 ], 
  [ 6939759751 ], [ 108506344395131 ], 
  [ 927572626751, 21867461225471, 9865863132285712231 ], 
  [ 10123266873662317, 30585911469071653 ], 
  [ 6518841810044187177561736184979120660628469 ], 
  [ 794411344031, 3867941471101 ], [ 17676218821 ], [ 122646888041 ], 
  [ 490667603575818150198687407, 5101665446564456334439458994091677 ], 
  [ 4297014961 ], [ 305864982463981363427773, 4064092418295370067353891 ], 
  [ 861899195294369, 174694407933542597 ],, [ 6368566332494582418006118991 ], 
  [ 3184028309743, 159324890832571, 4232151695559141373, 
      24549733320066099420848040485752907 ], [ 29989274911201 ], 
  [ 301494630784859652746167677753330351703927 ], [ 810715890151 ], 
  [ 39642299100259, 6875328153076171 ], 
  [ 2488440156772441, 172381003972165613 ], 
  [ 41448571275299793929567828407, 8268082106796586849850513668416669243732503\
9 ], [ 1607561594371 ], [ 3459566546755110072601 ], [ 152552934004636537 ],, 
  [ 9817589396715141385205366832863 ], 
  [ 39249134248271, 432758175663403, 5591880004085393 ], 
  [ 195157331078047081 ], [ 554556907241 ], [ 727610412134566119967 ], 
  [ 880291041341137173561873405938989447 ],, 
  [ 109324954902598604284629117282394315903560413236316506356434401 ],,,,, 
  [ 1289378021 ], [ 2910402181, 177750375679, 3039953314452466244032667540599 
     ], [ 158516202651913 ], [ 2503908761, 1210740753839755087 ], 
  [ 24483598756211315430580423674702281 ], [ 248998152640801 ],, 
  [ 390899080336792422740409781882859 ],, 
  [ 10288182884306869, 1760931257345988198503, 3738118432985685269233483 ], 
  [ 446894549681, 13722957857670092157926321 ],, [ 213822267907 ], 
  [ 40067349451 ], [ 1310347501, 7911305019296827597 ], 
  [ 185041189880673019681, 151144542396668543692661, 
      160203668158075655799866515921 ], [ 24783966761 ], [ 420990756271 ], 
  [ 37481242170638729, 389871840057580817958649, 
      63084948654700635040522655383841 ], 
  [ 4356478979, 61552686581, 604093233559 ],, [ 2827697217117683 ],, 
  [ 3026374177044565687 ], 
  [ 13733175959649165037, 555961065525277584233, 638396439283699314695809 ], 
  [ 52482661912201, 426932984105012831 ], 
  [ 31750323446977, 364134216400390367585569 ],, 
  [ 179223095789822942066884973653926341 ], 
  [ 11391857116346196063783387728517727 ], [ 8461401774149201 ], 
  [ 149273379367487443 ], [ 992815300958452351, 10281296926666848597482173 ],,
  , [ 147096466706263831 ],,, [ 3366147241 ],, 
  [ 13185506431021, 211244884546411 ], [ 12600650550929257 ], 
  [ 342869617142397609031104772289, 
      2059368801756022301509298653381359391463153 ], [ 2063919463 ], 
  [ 287125473001, 599398732909 ], [ 5679289462880701 ],, [ 1688598991 ], 
  [ 12949748885106193, 3853318882582766028394947097129 ],,, 
  [ 101972591491, 2205048277807, 7443240974233655471 ],, 
  [ 92615890376660612749 ], [ 1205602133202907829 ], [ 8460999470251 ], 
  [ 34850776208851, 14856751167312149503551242479866956779 ],, 
  [ 730490466794002049, 42207100046638460501377 ], [ 2502863677, 8668102627 ],
  [ 59283416702500275157228474561 ],, 
  [ 25978517449116833569, 10404578880391906655669514181 ],,, [ 2953624501 ], 
  [ 15028736552025392853986729 ],, 
  [ 29836086680867239, 375207121123610287, 168717455196988389609753581958973 ]
   ,, [ 2494085161541, 2141041483579181, 1245788474422343611747541 ],, 
  [ 1789909859, 19059210304345302181751 ],, [ 51475440894668268193 ], 
  [ 9362024860921 ], [ 74586358338456959, 8747997850798360640417 ], 
  [ 1395021718153012363, 3836173646399187661 ], [ 69199364637989 ],, 
  [ 53942740801, 454893976272601, 2992288783638809857601701 ],, 
  [ 1632428994121 ],, 
  [ 143004381563911762421619709, 332088326019068163728706139 ], 
  [ 1912208651 ], [ 798374115361767877521156657118779098857 ],, 
  [ 4131280527223 ],,,,,, 
  [ 371077931221919429, 2247935115672611337733, 1463258732708688589930261 ], 
  [ 2060577091 ], [ 183650853041 ],, [ 6749932561, 8893890698582233 ],, 
  [ 2573197181 ],, [ 10856896604221, 7208911351222117 ],, [ 3389096948233 ], 
  [ 10830953024851 ],, [ 31168549811167 ], [ 67978254620191 ],, 
  [ 4555384848596521 ],, [ 682914086401, 118310995822137164950723 ], 
  [ 7534869451 ], [ 4143872909089914649697 ],,,,,, 
  [ 18146747588590978584814711 ],, [ 7451746611883075193289638017 ],,, 
  [ 2652459936645091 ],,,,, [ 6172199684778016483438601 ],, 
  [ 3453259489, 37892511390101 ],, [ 1775710495708504501 ],,,, 
  [ 236235035297, 846575094037921 ],,,, 
  [ 2690914517, 453528054937, 29045614821062941901 ],,,, 
  [ 110351798929, 1443684923351270569 ],, [ 808675218301, 2808366202137733 ],
  , [ 9405195630161 ],, 
  [ 10600198747, 100777683414864271546619167, 6634703346203541713089624693 ],,
  , [ 1255459951 ], [ 48367571654838660936412499 ],, [ 48461932452733 ],,,, 
  [ 45346648777, 302344578713 ],, 
  [ 52744574143, 426679488993251786722937547301 ],, [ 24956657527421 ],, 
  [ 1887011106908853269 ],, [ 651019308580753403209201 ],, [ 1579518029 ],,,, 
  [ 3928998667088569 ],, [ 568756787713 ],,,, 
  [ 2754982403713, 62012599631137 ],, [ 2748649438937 ],, [ 58788384001 ],, 
  [ 1009834503093079 ],, [ 5282294218953701 ],,,, [ 644217831797700495457 ],, 
  [ 315514411886143 ],,,, [ 449395198990021 ],,,,,, [ 3143918209 ],,,, 
  [ 26006391601 ],,,,,,,, [ 389337604993 ],,,,,,,,,,,,,,,,,,,,,, 
  [ 2974235791 ],,,,,,,,,, [ 752500746149441 ],,,,,,,,,, 
  [ 8969298691, 12383005214621581 ],,,,,,,,,,,, [ 39614579990968361900401 ],,,
  ,,, [ 12881324429848961462917 ],, [ 403175426601851 ],,,, 
  [ 320389107301961227 ],,,,,,,,,,,,,,,,,, [ 40383146341 ],,,,,, 
  [ 1670654539 ],,,,,,,,,,,,,,,,,, [ 1960002397 ],,,,,,,,,,,,,,,,,,,,,,,,,,,,,
  ,,,,,,,,,,,,,,,,,,,,,,,,, [ 9297668701 ],,,,,,,,,,,,,,,,,,,,,,,,,,,,,, 
  [ 6767927521 ],,,,,,,,,,,,,,,,,,,,,,,,,,,,,, [ 15606645151, 86414728441 ] ];
