BRENTFACTORS[720]:=[ ,,,,,,,,,, [ 32263578359 ],,,,,,,,,,,,,,,, 
  [ 1042471459 ],, [ 25477359446003571442166371 ],, 
  [ 6183868077109531, 8186029613324774802751671529 ], [ 70481701640641 ], 
  [ 90331430179 ],, [ 3419815631, 525716985185765801 ], [ 50253195961 ], 
  [ 84814681974048491481678480887599 ], [ 7304550647 ],, [ 16505092154401 ], 
  [ 2784709932451, 6400439023740521, 858226736216074661 ],, 
  [ 5764573429859, 230969388295244748799149041 ], 
  [ 626123997841, 9056970427517 ], [ 2763287971072577731 ], 
  [ 4150294817572194581 ], 
  [ 647110157056807109474983417949, 177908967701121532458483040291136777293008\
876991 ], [ 1741184506834369 ], 
  [ 7533526363254918596834552474937689, 15479838577981397635826508648563921491
     ], [ 816171995671601 ], [ 1040558611, 356755914676531219 ], 
  [ 52834013597, 6158546984144413 ], 
  [ 169184489224890409, 467357491166885484882380320904671, 
      2847377238895722564389932798459421 ], [ 422825625658898461 ], 
  [ 23440733268945521, 18799041089529045841, 
      8356382031080858915143078565476471 ],, 
  [ 2458599308529961, 3449499820489646991092711789241979549 ], 
  [ 1133482448141509, 317697780365234802736289 ],, [ 21459246098650201 ],,, 
  [ 9134059789, 31416894811, 160832360300012847703531 ], 
  [ 24671023297, 12813347906561, 5100325416887619245285953 ], 
  [ 1345474261, 82415729446051, 4271412584024568909811, 
      6593624995833388152251 ], [ 14819321388641947 ], [ 5781603732855499 ],, 
  [ 294646632606271504170994518418379270887564601626839755479 ],, 
  [ 26986932425659 ], [ 356672159281, 8445687221593, 1671440860973646073 ], 
  [ 10358393915643402867996101 ], 
  [ 315200284212764748780012419681658064376963 ], 
  [ 130784938072951, 70976598200083693101280967041015216040401 ], 
  [ 79180603594649, 37852984235549650606846052659662601 ], 
  [ 35917888699690691 ], [ 146365039783 ],, 
  [ 6486584654881, 1558265133645601, 3254008685437441 ],,, 
  [ 390850432051, 6710472800539, 1070771317255560953875919 ],, 
  [ 6677411581861, 97797236234865001891157758607262691, 
      71622124508125776249328845680721272230210846088351821 ], 
  [ 360459668687047, 2533608935606923473674030031223 ],, 
  [ 3584572529260653733969 ], [ 88297017158711 ],, 
  [ 46331250215018861, 3140720360734128296347223911 ], [ 111303262729749401 ],
  ,, 
  [ 4878876544313252688703821209425061, 4141075722005002572543799561975288831,
      71010691669896161549100808946565140785779296567940566421451 ],, 
  [ 1128513521, 2881966020876181, 27511110586851050459 ], [ 97294370386067 ], 
  [ 1641371695921, 672304235666791514114791 ], 
  [ 47491923001, 94452049801, 2006376961790337933934201 ], [ 3091820080001 ], 
  [ 7292231241403, 8599793326048430297216041 ],, 
  [ 1665715883037628367046560369 ], 
  [ 26384089411, 7821064883101, 74394756206930671 ],,, 
  [ 38327271012715951537892549569 ],,, [ 238828772808778812155816011 ], 
  [ 601322737842472801, 91131739277512491392140126577, 
      5229309663760392268019396944657 ], 
  [ 1836088373224829, 171431963537292509 ], [ 1086602401, 7334866532887 ], 
  [ 22289822035141, 1176261794134211, 2610405074951771, 214169410362068081, 
      36222900508159298079061 ],, [ 1963766938228759 ], 
  [ 2185574119334647100678161, 6954707766801854172605179003 ], 
  [ 3900942334381 ], [ 12787904353326020125037397478821361 ],, 
  [ 19260011520947, 179623230294014123 ], 
  [ 633458875114911679, 2038647337118073450331 ], [ 597335467241 ], 
  [ 52603327501, 2043010840501 ], [ 3720743209 ],, 
  [ 11427420929, 91354704055227540353 ], [ 53883886951, 270149416735579 ], 
  [ 1439407887184971927208116636201418598516693821 ],,,,, 
  [ 13071356371, 332052845581 ], [ 627864466771649, 773837395434693497 ],, 
  [ 196908811031467 ],, 
  [ 8308933437841, 7668244445180898041, 57383281669286878294587361 ],, 
  [ 47033158307827, 9542624537555736432788947, 685920623789396703094776703, 
      1683823049102537227054335712787206907 ], [ 2316066826063516241 ], 
  [ 60197041590829182624281355354536497 ], 
  [ 2201526053791, 24018568024111, 2269763460346192728691 ], 
  [ 111897194441, 141197663903, 3660687250663 ], [ 520695310335283705049191 ],
  [ 2409748729, 7755992612521, 19312940606712853 ],, 
  [ 8435299854901, 1991896711535759196630264788153073352605981001 ],, 
  [ 6361547997966176537, 626080097721781991657 ],, [ 1293187951441 ],, 
  [ 33716868704588362774134003079676539989782449352308637281 ],,,,,, 
  [ 99879720247, 13441473777451843, 944189649114117162631218649 ],, 
  [ 1966695056828240689 ], 
  [ 1348512001, 77229471661, 213927843361, 24789884000958390373748701 ], 
  [ 2302183777657539250026683 ],, 
  [ 104821167193, 6357074283673, 23355780910393 ],, [ 3082144816455361 ], 
  [ 12962791459, 90838989019 ], [ 902638086619853 ],, [ 345491256598303 ],,,,,
  , [ 35525352513694218841, 262802837691319635977401 ],, 
  [ 591661197786240947, 15331040061518595971467, 17674856912420618761949281, 
      6377098021550401673155605533412767, 
      17166721513804211411392991218611763194941 ],, 
  [ 43001491385061267577, 27573723393120402289273 ],, 
  [ 319170202991693557627, 18513435389415682158146881, 
      77707725073931919088100111881807, 75243621789918473177035966601483929 ],
  ,, [ 65285948701 ], [ 4158176713285469260621 ],, 
  [ 3262589569, 135382831489, 10769093547961307521, 20076229611816342337 ],, 
  [ 143082141529, 10150451048669 ], 
  [ 15519181081, 190585471441, 74201478935197911961 ], 
  [ 104133076553969, 625210468779961 ],, 
  [ 17631089587, 3095688568683943, 8477514365137699293523, 
      42078290901521650035666780986767, 6401453014596822671884412694512683 ],
  , [ 2633058401, 3108219601, 306543439439335601 ],, [ 11340513542542603 ],,,,
  ,, [ 174734983368731517889, 688352329477938456449 ],, 
  [ 285317880973619052721, 6068221686558828067741 ],,,,,, 
  [ 57876591391348969441 ],,,, 
  [ 2905202081, 131055437041, 333315307601, 81606130516241 ],, 
  [ 32577146434648086675289 ],, [ 11931589436113313, 4162430891054787651329 ],
  [ 52760291993129701 ],,, [ 409884717337950258037 ],, 
  [ 372798926317394041, 7203341437440412063141 ], [ 1811538961 ], 
  [ 26479183121, 27386021017091315329 ],, [ 139681121581 ],,,, 
  [ 1009873215023 ],, [ 1262081281 ],,,, [ 1995424154432053 ],,,,,,,, 
  [ 768545188237 ],, [ 59411499923 ], [ 922059905491 ],,, 
  [ 137950382794296605149, 37645683281578332518083 ],, [ 1937603394060881 ],,,
  , [ 972148594861489, 9405244571321510209 ],,,,,, [ 19595440888436273401 ],, 
  [ 147490828769 ],,,,,,,, [ 4359838001 ],, [ 618814219011526927 ],,,,,, 
  [ 43843387101472390753 ],, [ 11105792306551217481570921707081 ],,,, 
  [ 4554134089, 41329035301, 34036467952426245601 ],,,,,, 
  [ 15271856389463457810001 ],,,,,, [ 128019027439621 ],,,, 
  [ 132444031190521 ],, [ 7017071331817 ],,,,,, 
  [ 62272378303, 310448955847249, 124251487015046329 ],, [ 4991088001 ],,,,,,,
  ,,, [ 14111119890781, 50014141629541 ],,,,,, [ 1514865409, 1103835482401 ],,
  ,,,,,,,,,,,, [ 2390514701, 6203904001 ],,,,,,,,,,,,,,,,,,,,,, 
  [ 24667237276548733, 1580014950032728837 ],,,,,,,,,,,, [ 50458583041 ],,,,,,
  ,,,,,,,,,,,,,,,,,,,,,,,,,,,,,, [ 7932054751066576201 ],,,,,,,,,,,,,,,,,,,,,,
  ,,,,,,,, [ 11419503301 ] ];
