BRENTFACTORS[4027]:=[ ,,,,,,,,,, [ 27911023447253 ],,,,,, [ 7528312134829 ],,,
  ,,, [ 484034781161096869640241609194593 ],,,,,, 
  [ 26679663253, 176575521247346452657 ],, [ 26500310728344761870629099133 ],,
  ,,,,,,,, 
  [ 456159035987, 151713943012189, 177330287698307686760144302247448944821 ],
  , [ 35759283819059, 6574814506111104646757312141 ],,,,,,,,,, 
  [ 79352570276052718343619329 ],,,,,, 
  [ 87540295537698977, 768256545059564293807, 102597390738196892101510401239 ]
   ,,,,,,,,,,,,,,,,,,,, [ 20182864069, 32552636827 ],,,, 
  [ 739834333279, 11157456628270363 ],,,,,, 
  [ 37158203813, 193551874778270399 ],,,,,,,,,,,,,,,,,,,,,,,,,,,,,,,,,,,,,, 
  [ 178475700199 ],,,, [ 11055109127 ] ];
