BRENTFACTORS[6221]:=[ ,,,,,,,,,, [ 11473134443 ],,,,,, [ 2965712731 ],, 
  [ 14835916339, 11099834759264168942546153 ],,,, 
  [ 37134358670626798327611236483 ],,,,,, [ 17432146211 ],, 
  [ 2108298997752863, 8915149752808882507, 
      6402506411335938289026721506944857789, 
      4868686567976011954035236148804951706007 ],,,,,, 
  [ 8111560237371628528922582602633294633065886763958735852881 ],,,, 
  [ 12128765242810207, 656101207300567719245093024279971 ],, 
  [ 962937271979, 4818621253598431, 148177356212594740355587235610251, 
      35554969713566056651726568941254857, 
      145302036444825635898274538103473922250041835860919126703 ],,,, 
  [ 7705155604463, 55096951416276934184510778508789 ],,,,,, 
  [ 4141031617, 13824487883, 5968405964615578066875324319211027837 ],,,,,,,, 
  [ 7816617414884671 ],,,,,,,,,, [ 667399993868299 ],, 
  [ 20204577874339492363 ],,,,,, [ 141453114409 ],,,,,,,,,,,,,,,,,,,,,,,,,,,,,
  ,,,,,,,,,,,,,,,,,,,,,,,,,,,,,,, [ 6197599449323 ] ];
