BRENTFACTORS[314]:=[ ,,,,,,,,,,,,,,,,,, [ 4410610038158899061 ],,,, 
  [ 3589065868807 ],, [ 340747858334701 ],,, [ 240746205180461 ], 
  [ 20420528140888019 ],,,, [ 2873318648225600587 ], [ 2396039864447 ],, 
  [ 2248934581 ], [ 9295601687 ], [ 666920815147 ], 
  [ 1137416570078647, 10207431949962157 ], [ 196135541761 ], 
  [ 25661252225172393731153543 ], [ 64180110667 ],, [ 5342384081 ],,, 
  [ 18423732289 ], [ 1066902241 ], [ 4588819817 ], [ 1556664703435301 ], 
  [ 5366682367 ],,, [ 108997427044531 ], 
  [ 3749812050948234371, 28261944138345488891 ], [ 10451404489 ], 
  [ 50681885428729964884545561470493478160881 ], [ 1629200463263587 ],,, 
  [ 1983893831940913657504547 ], [ 3410919399799 ], [ 14930671905199 ], 
  [ 4188491960750081 ], [ 1616119752285730121, 90462763244716806971 ], 
  [ 7159422098665913539 ],, 
  [ 17493211452236602457, 227733230763209239798954949 ], 
  [ 459423506197, 38959134196321, 159377314429468957 ],,,, [ 9678857863 ], 
  [ 4824138959 ], [ 2307837527092847627172751 ], 
  [ 5353448067028969, 720005288748709565986469 ],, [ 153209800899386557 ], 
  [ 958037569519 ], [ 18143384024261194561 ], 
  [ 53130687859, 203783431455470929281961456334287 ], 
  [ 76386698939, 162309421887703878964657043 ], 
  [ 1975024260827, 17376034858811819 ], [ 237657092983062625069 ], 
  [ 6679102631, 116709333131, 1676367356309867276957831 ], 
  [ 187233198698170450462747483345190426032889 ], 
  [ 20868460654429, 11389514337122230247485711, 177335213727864743956346803 ],
  [ 91418975658755796041154634537 ],,, [ 30036053964247787 ], 
  [ 3469898735592197 ],, [ 2259102283, 2932591016329842619186541 ],,, 
  [ 30066235467205709 ],, [ 28537857231643, 15480248326792173541 ], 
  [ 8538829530686401, 745280891232409601 ],, 
  [ 282261845124064327842347751115933 ], [ 826945347419, 92874554046353069 ], 
  [ 12645269100101977, 2052346930740763984210547977 ], 
  [ 47876329411, 153123725232608466949690126026741005971 ], 
  [ 303716624093459 ],,, [ 20100803579, 64575393419 ], 
  [ 3782306111, 7142355717971 ], [ 1818902344532833123 ], 
  [ 137326299754673, 1548629445595513345985761, 14249190541567010686824402817 
     ], [ 9267087287 ], [ 42702810731209076848703377508311 ], 
  [ 2847638253950647852006051 ], [ 27337250201 ], 
  [ 13882436803, 8188230486302939827 ],,,,, 
  [ 500550352891, 1324239294191958225685199, 5405363051964129579925091423 ],, 
  [ 14721450253, 37598405481868448653, 40558692001030020893, 
      48701359376497459017393673, 69383254548270597598077901 ], 
  [ 2451417751, 11185522870687864431251 ], 
  [ 414824151055957231869532395744553 ],, 
  [ 171450243457, 3550779446829577441793 ], [ 1077142777, 7776288099127 ],,, 
  [ 136605166633379522475794763689120751827017 ], [ 5986132363 ], 
  [ 16898137508940817067, 283647937409101601563519 ],, 
  [ 7365046616692377044504725489 ],,,, 
  [ 607809165895869765108449091029911352868897361 ], [ 27000752137 ], 
  [ 4074254771, 21284304883, 47388985017343, 3493311248180071829374724249, 
      5659897604368737662121604679353 ],, 
  [ 44402156497, 54408191329, 23272335681619249, 
      3315052602907880284569661139540714689 ],, 
  [ 30848254024545943, 42627921862766311985249741 ],, [ 13044639009569890057 ]
   ,, [ 1004031786260551, 3741800689489193241098193771001 ],,, 
  [ 8734906783 ], [ 1034576341559964127 ],, [ 2371706968058449259629 ], 
  [ 4021877479, 16510295822417 ],,, [ 445147246617833109601 ],,,, 
  [ 4000192061 ],, 
  [ 22149651743, 106707961208641795511, 11948439211111962211673231, 
      38525161133099052090842693 ],, 
  [ 109415986308721, 833403805759514458690847963838313 ],, 
  [ 14555065248894161 ],,,, 
  [ 784441679678383, 65968994933139244654049696947693 ],,, 
  [ 249911729653, 8216702580937699 ], [ 13954844843446893414521 ],, 
  [ 7170126051421, 40029301204524474747661, 995767489491078345763577761 ],, 
  [ 218891058103389491 ], [ 824501968747368049 ],,, 
  [ 23255375989071487, 133952813444131821577 ],, [ 1022053873889 ],,,, 
  [ 3782266231718874927553, 24629647604116120925815371273079681, 
      270311046261662837157481162787062893465601 ],, [ 2214821562757043 ],, 
  [ 18979237886953 ],, 
  [ 2137347631, 546806295418169375161849, 1516906984194476199363457, 
      7371220753023351167269981756915309 ],, [ 255281333525237553601 ],, 
  [ 15361339487171, 2361376716532219 ],,,,,,,, 
  [ 3762678566272652391331, 466615324490994068650505701 ],,,, 
  [ 39010666477, 6195669186809, 155026118334583 ],, 
  [ 19881783738925754804929 ],, [ 33908363101, 122788049375689 ],, 
  [ 83358073261, 7394717377741, 92057710942121 ],,,, [ 52769465057 ],, 
  [ 5604639767 ],, [ 146195202362454153434653 ],, 
  [ 84734558981, 85664244784864807631 ],, [ 62563939961 ],,,, 
  [ 10737704293, 19058072857, 89627739849466009 ],,,, 
  [ 267259896963361, 1218458661136530001, 774685123846896577861681 ],, 
  [ 287947067431 ],, [ 122448840294556579767697 ],, 
  [ 2933956034809, 26350781148206059, 621844374531490291, 2044506881896639249 
     ],,,, [ 42450118633501, 101803159246751 ],, 
  [ 1079136866569362301, 220640403956588369180044471729 ],,, [ 654367129021 ],
  ,, [ 10003319054660721354172417 ],, [ 2920971390452441 ],,,, 
  [ 1508033847492671137, 2065742761962526784039233 ],,,,,,,,,,,,,,,, 
  [ 45216173801, 1379000139161, 1239079366933439484601 ],,,,,,,,,, 
  [ 616455261112601, 146421049303518571 ],,,,,,,,,, 
  [ 11504656201, 164643741601, 16090817124555001 ],,,,,,,,,, 
  [ 14812701481, 20441779751 ],, [ 146367089857 ],,,,,, [ 132828427234596307 ]
   ,, [ 1892761921 ],,,, [ 1065513596041, 24766800781897 ],,,,,, 
  [ 79113271381, 66546601322824591 ],,,,,,,,,,,, [ 10576023535351 ],,,,,, 
  [ 115817160754993 ],, [ 30705791252086508251 ],,,, [ 1068127033 ],,,,,, 
  [ 10382694841 ],,,,,, [ 470147843701 ],,,,,,,,,,,,,,,,,, 
  [ 3301711873, 58144977496321 ],,,,,,,,,,,, [ 1258977771757333 ],,,,,,,,,,,,,
  ,,,,,,,,,,, [ 31852413046195141 ],,,,,,,,,,,,,,,,,,,,,,,,,,,,,, 
  [ 145813571551 ] ];
