BRENTFACTORS[1307]:=
[ ,,,,,,,,,,,,,,,, [ 5095797023, 15437252393823641, 6733472941410996561311 ],,
  ,,,, [ 41487870439241, 340898107894653916659456033922885648211407298347501 ]
   ,,,,,,,, [ 1202001748327 ],,,,,, 
  [ 2005101247120451, 14931233553525853, 1167624610968723793, 
      439256632019953504249904713554377969837067369630065610080571119 ],,,, 
  [ 1807982987 ],, [ 6369579177447391 ],,,, [ 829823243093374520251 ],,,,,, 
  [ 63937803239, 17346113383204717230319, 37881169890160424561231031323 ],,,,,
  , [ 26163701333467, 777755133467369 ],, 
  [ 35258248731398267, 10848281679171449531, 530983646896415152463365211 ],,,,
  ,, [ 68539812431632603361 ],,,, [ 5571531894212639, 2980422382733053710757 ]
   ,, [ 249660516449650021, 4665261212033380831 ],,,,,, [ 5289160601 ],,,, 
  [ 20142804674230027, 34604874626004731 ],,,,,,,,,,,,,,,,,,,, [ 1288586239 ],
  ,,, [ 102936896224404173 ],, [ 255001056924155393 ],,,,,,,,,,,,,,,,,,,,,,,,,
  ,,,,, [ 1461894297597760703, 848076072870502631399 ],,,,,,,,,, 
  [ 3488712919831 ],, [ 804426280919909 ],,,,,,,,,,,, [ 14938023350003123 ],,,
  ,,,,,,,,,,,,,,,,,,,,,,,,,,,,,,, [ 1156017695718613193 ] ];
