BRENTFACTORS[8681]:=[ ,,,,,,,,,,,, [ 15206245003 ],,,,,, [ 1869073207 ],,,, 
  [ 24191859779534651 ],,,,,,,,,,,,,,,,,, 
  [ 8627860671418091863, 251985997113202103693, 875807241388270905960223 ],, 
  [ 101773237649891, 4042524394254284303, 25560612101305940958460739143 ],,,, 
  [ 30218933881 ],,,,,, [ 105798266609543, 255513457514465519 ],,,,,,,, 
  [ 63701201623021 ],,,,,, [ 15182218837319 ],,,, 
  [ 1139658179339006955459059 ],, [ 364825508539 ],,,,,, 
  [ 57305356541, 385547001189907 ],,,,,,,,,, [ 7658063896442437801 ],,,,,,,,,,
  ,,,,,,,,,, [ 2031233476373 ],,,,,,,,,,,,,,,,,,,,,,,,,,,,,,,,,,,,,,,,,,,,,,,,
  ,,,,,, [ 219452111111 ],,,,,,,,,,,,,,,, [ 1547208326118995647 ] ];
