BRENTFACTORS[398]:=[ ,,,,,,,,,,,,,,,, [ 2258501953 ],, [ 3518591145617 ],,,, 
  [ 16318375185533 ],, [ 3682599516301, 85367927788576751 ],,,,,, 
  [ 507124325821 ],, [ 50454422251035727 ],,,, [ 329919816744998338565545001 ]
   ,,,, [ 2090035840713415644258977 ],, 
  [ 24422568706619236573906303753678856117 ], [ 2856795302322905439541 ], 
  [ 10636307191 ], [ 19490442007550119729771 ], 
  [ 2409216604174049, 328934651535851274753088754001524609548727 ], 
  [ 197727710449 ], [ 158148394303845132669382279 ], 
  [ 2150406956051, 4172416927801 ], [ 151170556862950554747108746242936063 ], 
  [ 134697919409 ], [ 302399978899297, 54251624059569806291 ], 
  [ 8349523363, 16008654216889 ], [ 15008717240552311 ], [ 5601429988025257 ],
  [ 139228492943521, 37645971409438102546356747102594389689 ],, 
  [ 854078409047026694169931 ], [ 82464450307501 ], 
  [ 54526192367, 3242630590744214767, 22661284695004767382913 ], 
  [ 19861219253, 1062869269660658881 ], 
  [ 3657789341795315539, 31253221134270072210012826258315081 ],, 
  [ 5135255552992678351478432181162831239337217801 ], [ 108231632209471 ], 
  [ 101593634697785299 ], [ 193507057089729245127591573692609 ], 
  [ 3463363093 ], [ 454804950461, 459660327911 ],,, [ 51873942232033 ], 
  [ 44467474815466554067, 2131400232839081378565989454629 ],, 
  [ 32302726191525234761 ], [ 433322026024398404248965611 ],, 
  [ 512824647602118941, 7396983181264685801699 ], 
  [ 543887043805517630161441 ], 
  [ 1786968016309550129937499239103, 16783202472649781089757258843164850884813\
6916743 ], [ 212872585973, 4600785898649464752775709722421 ], [ 55509829127 ],
  [ 89855340568813 ], [ 2679715271 ], 
  [ 1282641067, 19967950606363, 4400165655616293252467576371 ], 
  [ 102025373977 ],, [ 2556071813 ],,, [ 712724078409978022613 ], 
  [ 12059496187, 11548819110090277 ], [ 5222308453729, 22894040081567 ], 
  [ 23601954281, 37880026021, 1681596768999814031 ], 
  [ 3370054998288481, 157608357557815668998620897 ], 
  [ 4883734221173, 11495440135725361 ], 
  [ 5014643651543, 12503450308462291228625209003131110500951 ],, 
  [ 1882403401, 12386445233086175982678846567168395342701 ],, 
  [ 1351840512721 ],, 
  [ 1189659113449, 2492428507145310553, 28640721268205472263015476914764764097
     ],, [ 764657872712435120346075395339 ], [ 2266268989 ], 
  [ 8134439948791806663419392607279010229 ],, [ 36792608177051 ], 
  [ 1571408532019801, 75995735375696496349440631838809 ], 
  [ 1153982655418462199865701913451153 ], [ 8732527679 ], 
  [ 109191529390505434475649877, 1640623716076687805778183030013 ], 
  [ 859309513820678101 ], [ 16952261131010197, 474597065973428994257 ], 
  [ 727242687782774281, 4921472693919564667 ], [ 6936246645563621 ],, 
  [ 363524741161, 127214939729992965748321 ], 
  [ 417200838253, 720358268198910106976387 ], [ 553161760747 ], 
  [ 75742713561601 ], [ 1441643968754657 ], 
  [ 3613534751, 106372248795307888070501 ],, [ 20676335839 ], 
  [ 90580467557633 ], [ 57342793198398073 ],,, 
  [ 375858920473948202439253675021 ],, [ 21506876109497 ], 
  [ 619813725440941 ], [ 44070256354961, 198026907532273433 ],, 
  [ 41726952213244306273, 4306626391091975866967838171459848131 ],, 
  [ 1080006549030668267417910341, 1985562983807287101347983843992561444361 ], 
  [ 1260171709 ], [ 190393249498987 ], [ 5572844121064793 ],,, 
  [ 66247772868271893233, 311183425982926953695448941 ], 
  [ 883187171915966776153 ], 
  [ 57769935793, 522413806109541178873, 21693179601956601927028127641 ],, 
  [ 3102015751, 184958498089188687020264382198874201 ],, [ 7168930783577 ], 
  [ 1941495476975731 ], [ 1505337015799 ], [ 1933201579340861 ], 
  [ 118445557108826116056421 ],, [ 183987167345357647 ],, 
  [ 420321711304223192614420001 ],, 
  [ 9083546244743973319, 131305883492205297091 ],, 
  [ 302300779425773, 13344691074272333580953 ],, [ 27316245464953 ],, 
  [ 4188847284851209 ],, [ 1273028533291 ], [ 18521710819903 ], 
  [ 10249568237, 612944457804070697 ],, [ 1419172379227, 17661985576784557 ],
  , [ 103655941489 ],, [ 99771693132169, 94798674629940919454178101 ],, 
  [ 979291107702361, 2895224163078280462504021 ],, 
  [ 1160662231, 373936016856070598797562165563 ],, [ 930299989471969 ],, 
  [ 779363179321, 1883511317277926517464771585143 ],,, [ 254867275277623 ], 
  [ 22953971764873211 ],,,,, [ 2729345581, 298470721326571 ], 
  [ 5239737105890104445087881 ],, [ 56166303116385647254387099 ],,,, 
  [ 320171957071951, 80116131081237492811 ],, 
  [ 61620218377, 1001775258687884452669 ],, [ 55432022323 ],, 
  [ 34503712179213915457 ],, [ 4535789581 ],, [ 11958126077173 ],,,, 
  [ 34130146406689 ],,,,,, 
  [ 3197515304869, 104028248275404326484318811, 169409254698077180919082099 ],
  , [ 48801590657, 31819016203696961 ],, [ 604868024941 ],, 
  [ 134681183233, 547889838169 ],, 
  [ 1451923280564467091, 760524044542231415801 ], [ 55072994131 ], 
  [ 269083373528729, 47634123763806906241 ],, [ 664290977804318593 ],, 
  [ 33561393997129, 5265571372908857 ],, [ 1042641180264503 ],,,, 
  [ 30236854364271853 ],, [ 4994227072073 ],, [ 856728174823 ],,,,,, 
  [ 24584721589 ],,,, [ 285113591297, 829513317889 ],,,,,,,,,, 
  [ 5165919851772233 ],,,,,,,,,,,,,,,, [ 12433897275703, 46434206447802463 ],,
  ,, [ 3594932935309 ],, [ 16993244611459873 ],, [ 1427282561 ],,,, 
  [ 12585863832571, 650556531226519, 112778449207530289, 2798159106053348143, 
      3668897671264800106147, 1006727340809169062544812947 ],,,,,, 
  [ 89070213775163701, 9502751387245321801 ],,,,,, [ 36425652787 ],, 
  [ 1192323133, 11898163817 ],, [ 555360521431, 28128645410903131 ],, 
  [ 211190769640112744353 ],,,,,, [ 17057958523, 531155148002427037 ],,,,,, 
  [ 2300550337 ],,,,,, [ 9922148281 ],,,,,,,,,,,, [ 593453722969 ],,,,,,,, 
  [ 11472870048151 ],,,, [ 4170213870231080431 ],,,,,,,,,,,,,,,,, 
  [ 1385567023 ],,,,,,, [ 538173271693, 524236121972389 ],,,,,, 
  [ 236845584769 ],,,,,,,,,,,, [ 1550225206108261 ],, 
  [ 8381321209, 1836717387983 ],,,,,,,,,,,,,,,,,,,,,, [ 204636643795501 ],,,,,
  ,,,,,,,,,,,,,,,,,,,,,,,,,,,,,,,,,,,,, [ 13667225657779 ] ];
