BRENTFACTORS[6547]:=[ ,,,,,,,,,, [ 2200797853, 379457395901 ],, 
  [ 3424103809543 ],,,, [ 4475177207, 65682626743 ],, [ 4322266870799 ],,,, 
  [ 6255946233814359389, 397672336557926907750181 ],,,,,, 
  [ 5147134716752515052971, 66364615581317740511728812508677928561, 
      15050184874069140377470541520748425156357353 ],, 
  [ 2322863123629769473, 107302229546290896822643, 
      12749528935826583163780713643822273, 
      953257132197703227280028100743866812871 ],,,,,, 
  [ 23244000289, 17474010634494481 ],,,, [ 10411618802412468857 ],,,,,,,,,,,, 
  [ 5433120624382001, 39928114625821616490743999131 ],,,,,,,,,,,,,,,,,,,, 
  [ 55216032532359222265712907434479 ],,,,,, [ 122170055076389 ],,,,,,,,,,,,,,
  ,,,,,,,,,,,,,,,,,,,,,,,,,,,,,,,,,,,,,,,,,,,,,,,,,,,,,,,,,,,,,,,,,,,,,,,,,, 
  [ 252739361988409 ] ];
