BRENTFACTORS[62]:=[ ,,,,,,,,,,,,,,,,,,,,,, [ 1498683775957 ],,,,,, 
  [ 208674785543017 ],, [ 14227625971784110009028459 ],,,, 
  [ 2037355633053573214411 ],, [ 522479053371529080187 ],,,, 
  [ 25673898077, 1079348012317 ],, [ 32150769420476333670908554141 ],,, 
  [ 4825281137, 23548081169 ],,,,,, [ 5149601882019401 ], 
  [ 114721532873, 62766680505846294042649 ],, 
  [ 3529503806669941, 25494602011947421 ], [ 1406575633 ], 
  [ 5091519871, 10361183629231, 1091781212096729059 ],, 
  [ 416346224106125980339 ],, [ 101762349532153, 102712329052147 ], 
  [ 1439095755817 ],, [ 137160895051425849601 ], 
  [ 7002959471, 57331681109821, 5891785026767648581, 52353346742238668881 ],,
  , [ 17984142039029887848389 ], [ 83511536971 ],, 
  [ 3623340766888740257, 23238173224132440507920836331906121414643 ], 
  [ 2702358280698841 ], 
  [ 1500213152776062716129658195989, 6690520970593335047052981261413023 ],, 
  [ 63521791686537873901 ],, [ 1646755727 ], [ 227696529607, 28604466611449 ],
  [ 30686576987461500487973123135869322306056849095584303918347 ], 
  [ 702756123761 ], [ 39637443342413243144143 ], 
  [ 69357692355601940520143869 ], 
  [ 50847633637, 896693202481, 3147670338047876848577, 4598013902236094553023,
      37625952989032573239059 ], [ 1661004157, 2588876473 ], 
  [ 127040980157119921, 820327481111405584388625697567090631 ], 
  [ 3617753307580187 ], [ 162246686977 ], 
  [ 365173971713, 3197287678553, 2048134744972273 ], 
  [ 13199053338144175145770349, 341022854370850822171851671, 
      3916898265747514256035560079891, 14787347055415598644147515432551 ],, 
  [ 742904816473, 176914849824623, 356348246013240927629, 
      23020378940434005357683 ], 
  [ 17679234213121889, 21573543755744729949975953 ], [ 3664688215777 ], 
  [ 661935645499697587 ], 
  [ 1699340152292471306369085726131, 2799659893503399884878017911638621 ], 
  [ 18508563649 ], 
  [ 41901488059961379986589824520988053182718866828828589483377175805464121 ],
  , 
  [ 1922666530850209, 128393315099563363543, 292377595463612375537753400744937
     ], [ 1628771101, 3785623201, 1997354998140701 ], 
  [ 38208009235859183348216194561633033063363602137644237128872618714750930104\
97 ], [ 19445247667, 33286189728779413 ], 
  [ 1082641920330336717150651439179896327 ], 
  [ 1430167441, 391254265273, 8384821795481, 5362339741190849, 
      60805808465796161 ], [ 27746778691396333065598501 ], 
  [ 2297286591253769, 28204499649137957 ], 
  [ 548496248064397702239830987, 341983988615308049811465456954378987525390038\
5303123 ], [ 5904180951915310990417 ], 
  [ 22457020297787, 18320791345249574149588831, 
      1350001473172528306429120579699961, 
      668554088338002180790819058335389567796132016123 ], 
  [ 199405939766498851 ], [ 1907326897455356094073 ],, 
  [ 33714002298404965862953072940646211261, 
      46049541465788017120255084609608100141463 ], 
  [ 7292983741261, 536121433441620469 ], 
  [ 93352292443031, 1074474915402246297472861 ], 
  [ 157613221837, 1234067995722488477, 23661047970805220221 ], 
  [ 189689233343808511, 2266180688811770385506157619, 
      25120634676207057184461982849 ], 
  [ 1791847819, 29556287890007, 143907540598789283 ], 
  [ 3558292781, 31383990038064047987 ], [ 831768292830604542481 ],, 
  [ 6068357227 ], 
  [ 42308105083, 16820282834669345703979, 156382840900607340072953126831334329\
293 ], [ 9523089596353, 17002791104153, 42045975115440696141373 ], 
  [ 2428440288751 ], [ 233173577696116807, 301995277816819231 ], 
  [ 47758529911391159662091680342006212585697, 
      30265953141039295581046558460787585572336615233, 
      2045059215734849060233192964545345712335555722933273281 ], 
  [ 496110207233 ], [ 621102965013331, 7212432732295713762228601477 ], 
  [ 1439106922902522842484110155444391 ], 
  [ 4703715594518701909507, 26938136944944743468516113523, 
      306261432934075439217518591957203, 
      6242042086952802989398684086197110753506087480380287 ], 
  [ 63780055450291334865259626529 ], [ 76124592781847, 84400724932049480893 ],
  [ 238181896118874631502446507 ],, [ 112325460754778202756532168878097 ],,, 
  [ 1604217359399 ], [ 1647817781, 3793385891741881 ], 
  [ 9224492413, 481765869457, 21024266546010361, 2989717583262469849, 
      477556470233854756141 ], 
  [ 1780448066299787, 1943604701430151, 159850525844393531639 ], 
  [ 5442699258004900120373 ], [ 11526665994001, 2411163022833073 ], 
  [ 56500834754011 ], 
  [ 86752070770418407, 65432313506671795111, 3666080117346530964816143 ],, 
  [ 2378776885830520001883557070375567521 ],, [ 2758214101, 75493528801 ], 
  [ 912623603344613 ], 
  [ 222685736740348949017, 53958554144998691142800447494698874504184649724609 
     ],, [ 1944570301126531071533, 12612329335902807392056883401 ],,, 
  [ 1046621033 ], [ 115072042568909299 ], [ 61498633733959 ], 
  [ 235931669921 ], [ 5036999311 ], 
  [ 44723293315793981214013, 922413536504838656150599 ],, 
  [ 20398269390189957799204080830318746560753874789921997256573421697645749 ],
  [ 134471558539617693571, 603722290261410148939108994092681, 
      870301259405893339864836843187967862721 ], 
  [ 52989101729106515210194439549011743601759814700709914859318170898063 ], 
  [ 194919380641, 355726319909, 28554338535029, 11335911437640143, 
      9879492768158327129 ],,, 
  [ 370133198381454511, 48965342603785856169054241 ],, 
  [ 4470678442555246578787475927719982609, 
      30184606666298386369444337489300431093607810257 ],, 
  [ 4155586132799343243054755452703485693 ], [ 1297283579551 ], 
  [ 67679274759713, 68062139138176029681427633371458198017, 
      1080857497075862150589680930924683475965169 ],, [ 51085908509 ],, 
  [ 2286745921, 3410666458561, 212734293503828655908161 ],, 
  [ 317450525696892148852019, 260280028020337411844687784445501, 
      54078226680081434033500631244577577 ],,,, 
  [ 12750376633, 129080752135058306201119 ],, 
  [ 345022309589, 40315230008031841, 
      81550648843778789753175629486898609830573 ],, 
  [ 10327505293540041720675696014589893874977427442639139641 ],,,, 
  [ 1706664589489 ],, [ 2528238151433, 378614585532233 ],, 
  [ 11273184402481, 70596032801026268225078280573429094502115511 ],, 
  [ 1205546895601 ],, [ 5396809435832017805926317975013 ],, 
  [ 15401298932996952252274946009701, 11646510598213736209166421796215349309 ]
   ,,,, 
  [ 39429474082961, 4764294262047906254262336292005927277712026058076176766888\
098572596563443167377 ],, [ 1970553994594906561, 1279760437453246508999791021 
     ],, 
  [ 9727847477, 20436964703704964830499846803090047191926962733996635881, 
      2729467714830970097920709072817871050130202352130455444769 ],, 
  [ 72207428911649484237431982128894513078639844452881402767194437461217906757\
27695375487460983 ],, [ 1791438784195291986241 ],, 
  [ 461355473617, 418336064806959921100313, 
      393593963786530543430781296309185599654487584838269637772747550656802962\
3270317 ],, [ 4932060645601, 555289086813261864734221 ],, 
  [ 550794095227, 995335182063757, 288124919052083896969 ],, 
  [ 2500890126393943021249 ],, [ 15280304401429 ],, 
  [ 801226217232013, 1989729251796961, 
      1131321813230599216570122647766143654672432281 ],, 
  [ 2488676131, 123517646192844017831, 
      103087201806817536713021859693459297391 ], [ 1619252319863179 ], 
  [ 62724026689, 12666959169286639220283975583375810971147761, 
      428587873686013472134384716267361369801774715040044170810529199831689 ],
  , 
  [ 265838420597819148307266510204798157, 355534666535277058928506147463114197
     ],, [ 653819194625089 ],, [ 1600745982767, 3300983447063, 5953519494973 ]
   ,, [ 4338864840721, 6967998878611953742561681 ],, 
  [ 11032894983078909629369066070666992613860028418707083 ],, [ 9412823869 ],
  , [ 70003855877702937069038660210757326103613822179067 ],, 
  [ 17652440222205531660702513567793535953 ],, 
  [ 266174565775501, 269733585738948007015501, 
      95824010512591014793364201905471606428996307839078376001 ],, 
  [ 2445523669, 34092494763300793 ],, [ 42779317541 ],, 
  [ 784417751857080367596289 ],, [ 9365276932280415128720255000788621 ],, 
  [ 8639868121, 45284830874517882165968958440890505254040101 ],, 
  [ 1266668869 ],, [ 93782279067049, 32048355301763244401761 ],, 
  [ 342054265575980269016516414919283926337 ],, 
  [ 2998599380375089, 4548078075028331633 ],, 
  [ 777714554025295914447802165618711 ],, 
  [ 1799487336103880363761, 48225455366010413010120223121, 
      16346349065488322185937142716744614811441439313, 
      528602070583729638305887190686261285192328036497 ],, 
  [ 22803403237632770486170891, 9039828821524764576314270888516875802351, 
      204499631461961155767963318664682114138330088002779 ],, 
  [ 349114720057, 58191338499191064233607381077554349430998094452965284229 ],
  , [ 377797009022755171953337301 ],, [ 6786093841379441 ],, 
  [ 31277736157, 38980591047510737936183181570578333173711, 
      38442798672541050322160451491907410974739483716159 ],, 
  [ 31673309868390585691830230508141713183926273 ],,,, 
  [ 13014418090228733829067280653599364689853534065425538387667393 ],, 
  [ 5543387701, 190233230821, 3385865435521091 ],, [ 5122300501 ],,,,,,,, 
  [ 55568213101 ],, [ 1450001963 ],, [ 37929662614544513 ],, 
  [ 218479996489820707, 123824703918814393879, 299970320569368615514520723917,
      4907352643240891858925396613127564239494353 ],,,, [ 3679583441 ],,,, 
  [ 6596788026097 ],,,, [ 4039986799, 115112373847 ],,,,,,,,,,,, 
  [ 2044085774839042822399968998725591, 
      75372343106275664840052305492369830589734318261 ],,,,,, 
  [ 436860410569501283755300134337 ],,,,,, [ 44020247851 ],,,,,, 
  [ 88220511517 ],, [ 47191628952871901 ],,,, 
  [ 31523091829, 5006812051965949033, 8342309127340776073 ],,,,,, 
  [ 3812854308841 ],,,,,, [ 2029316647, 6252873931, 11310707719 ],,,,,, 
  [ 80005811593, 2259597702777949, 6337054005043033 ],,,,,, [ 29046267307 ],,,
  ,,, [ 11966369281 ],,,,,, [ 22688766670831, 1866138086533619259947011141 ],,
  ,,,,,,,,,,,,,,,,,,,,,,,,,,,, [ 1875427448775257703901 ],,,,,,,,,,,,,,,,,,,,,
  ,,,,,,,,,,,,,,,,,,,,,,,,,,,,,,,,,,,,,,,,,,,,,,,,,,,,,,,,,,,,,,,,,,,,,,,,,,,,
  ,,,,,,,,,,,,,,,,,,,,,,,,,,,,,,,,,,,,,,,,,,,,,,,,,,,,,,,,,,,,,,,,,,,,,,,,,,,,
  ,,,,,,,,,,,,,,,,,,,,,,,,,,,,,,,,,,,,,,,,,,,,,,,,,,,,,,,,,,,,,,,,,,,,,,,,,,,,
  ,,,,,,,,,,,,,,,,,,,,,,,,,,,,,,,,,,,,,,,,,,,,,,,,,,,,,,,,,,,,,,,,,,,,,,,,,,,,
  ,,,,,,,,,,, [ 196432036726694833 ] ];
