BRENTFACTORS[795]:=[ ,,,,,,,,,,,,,,,, [ 243395461357055716757 ],, 
  [ 670226529767 ],,,, [ 4081198937 ], [ 7250687209 ], 
  [ 1322368461504803851 ], [ 4436944877 ], 
  [ 16537164056983, 90185319755452657 ], [ 17566316118821 ], 
  [ 51684530350257566323 ],, [ 4840992427, 85862374761056573 ], 
  [ 338315758369 ], [ 18597437502601 ], [ 3449839489289 ], 
  [ 6170454124113997287851 ],, 
  [ 132683404817, 20230662669394727233137467204707068737 ], 
  [ 2216788048021839763 ], [ 221940170601758080887996127 ],, [ 1038616470559 ]
   ,, [ 16144550424803892984020723763026787738547 ],, 
  [ 2176099381, 365126517047431 ],, 
  [ 6520536508209326927399766185484365544095891921 ],, 
  [ 9699561761, 66519818681, 94178640137, 40740000117220133568912692035156657 
     ], [ 14112563501 ], [ 99876903928659332654206873 ], 
  [ 91401474665989069453 ], [ 318119081583975197751469 ], 
  [ 2060112580718046697 ],, [ 3153357494168322268930353049 ], 
  [ 8168205960800188969 ],, [ 162322053086231155961563 ],, 
  [ 36718833184879, 236080309714000971644232461, 2392316524279755753363489107 
     ], [ 381400068001, 5814122669784197063 ],, 
  [ 2589605441, 755538851872577 ], [ 7452781961, 5995355274726221 ], 
  [ 20282988067, 1225747203772464958993 ], [ 104661445528399105438093413799 ],
  [ 173137288472513 ], 
  [ 280408704972357131958649036632121084217834423954136043 ], 
  [ 1272462941, 11311145441 ], [ 213872730439 ],, [ 271786994231 ], 
  [ 506683700121224144604219689822072960794211585059637 ], 
  [ 251563393651, 1664696346989701 ],,, [ 2575820131 ],,, 
  [ 9237819786672976243386197671 ], 
  [ 803672752286004883511, 1550806490561364263985209786254176367 ], 
  [ 285090756703 ], [ 45459479184427135040205469 ], 
  [ 356555471728199073912661 ], [ 873559998229, 996840591312493482263 ],, 
  [ 651744087368488753 ],,, [ 5524654713812599, 65952633436825591 ],, 
  [ 1118567917 ], [ 541892808372500559601829 ], [ 2897607731, 155966172671 ], 
  [ 157953804769, 11527484659969, 152354037867090721, 451432610422494793249 ],
  [ 7984159159297, 3343570840565556743 ], 
  [ 24555929483, 9077346928296697, 89539493536703871767, 
      30044538552469759492500563700667 ], 
  [ 24386597690146120243, 390854717957386950103 ], 
  [ 7878176101, 139086777318453314401, 7664742325698353037456668745013901 ],, 
  [ 1266680875513, 28911605365643964919 ], 
  [ 17815155311791, 2155687426216267 ], [ 1698340470321313937 ], 
  [ 8095828225368241, 16461967089967771 ], [ 31980035807 ],,, [ 14847277387 ],
  [ 14450216827867908176484615183937226001431 ], [ 989483976431383513 ], 
  [ 1012459150174193, 138165018303932454017, 85483880777769062980609, 
      64754341306050698487918097 ],, [ 34069928472945306581908123903 ],, 
  [ 1746800536624807263440450524493 ],, [ 346726480236827 ], 
  [ 477082540621, 2915492336952052947601 ], 
  [ 2228472073339201, 2974387170094171597270352106063344041 ],, 
  [ 7618139335262323302168627037 ], [ 1908381901 ],,, [ 1158505741 ], 
  [ 1663261343 ],, [ 2575502745757, 222111055044467215909 ],,, 
  [ 3403691281, 250850203839473072201248285993447016797 ],, 
  [ 33104261735366799167 ], [ 2471900523795879248063499582601 ], 
  [ 137996263937229701054473 ],, 
  [ 52941659578268779, 5679063795628484627482194810577309 ],, 
  [ 1324247945283061, 486509391219504463803809311322241041007101 ], 
  [ 52181984719, 1807805253436561, 3340063447755091 ], [ 1979840539 ],, 
  [ 1826526039694845909961269088024754343409 ],, [ 8389955402891 ], 
  [ 67187811671863 ], 
  [ 1015728293, 60357018269, 26645797587648592961, 414037476436483173424355533
     ],, [ 5078820417077326134653210930251 ],, [ 146661090593 ],,, 
  [ 7179629141 ], [ 136064696851357, 506498131948069, 711695569250797 ],,,, 
  [ 467183093055489381121, 3406107585098969225955041 ],, 
  [ 848318243311603, 2704829245807951 ],, [ 43143448021, 651701362332330941 ],
  , [ 197018924507 ],, [ 1150581228749000848102309777 ],, 
  [ 1161754331, 44450658174228511 ],,,,,, 
  [ 1061598630181057, 5131137764677327438616417 ],, 
  [ 29830606151, 1058244408302461 ],, 
  [ 2544820921, 275542056362840581, 1151407196117361155368345501, 
      2125593909024886614096484200029915641 ],, [ 6618875499419048321 ],,,, 
  [ 1714572602779 ],,, [ 7172735221 ],,, 
  [ 1033908097, 467546356527930560029168726657 ],, 
  [ 821141111038348613182291 ],, [ 3856848661335245907442049 ],, 
  [ 450017174907829 ],,,, [ 2003098459, 133528380373 ],, [ 277794442081129 ],
  , [ 5193025573 ],, [ 269370297868113987169 ],, [ 1162444711 ],,,,,, 
  [ 447310183249, 64600306642337215764702608353 ],, [ 1914767249 ],,,, 
  [ 1474203788695318963, 70446638971812872489651147677 ],, 
  [ 1174035073, 14600349190337 ], [ 364048337251, 3200827227751 ], 
  [ 2194237614368959 ],,,, [ 67722495468791, 1035301819657510631 ],, 
  [ 79947084697, 426427995793, 5506002839479169 ],,,,,, [ 4006668920339737 ],
  , [ 232501996994881, 492721287569956307455921 ],, 
  [ 203610263401117, 22634821930783987 ],, [ 1167723001 ],, 
  [ 35767536138075825970987 ],,,, [ 1679827704987076654501 ],, 
  [ 191237051377, 2548781247434831898153304249 ],, 
  [ 152806742279479, 576566554764763 ],,,,,, 
  [ 7655006581, 346463614381, 34674408666956932715141 ],,,, [ 26307280297 ],,,
  ,,, [ 82493477541679814885779921 ],,,,,, 
  [ 2004598213, 40133298001, 239279657862913 ],,,, [ 31949378145134039875321 ]
   ,,,,,,,,,,,,,,,,,,,, [ 7845030901 ],,,,,,,,,,,,,,,,,, [ 31515016669 ],,,,,,
  ,,,,,, [ 14766873001, 76411249260119790258897271 ],,,,,,,,,, [ 3070208501 ],
  ,,,,,,,,,,,,,,,,,,,,,,,,, [ 13653202485283 ],,,,,,,,,,,,,,,,,,,,,,,, 
  [ 4711962061 ],,,,,, [ 1536037789969 ],,,,,,,,,,,,,,,,,,,,,,,, 
  [ 2255576487089051350575121 ],,,,,,,,,,,,,,,,,,,,,,,,,,,,,, 
  [ 1067763652201 ],,,,,,,,,,,, [ 1116643669681, 16446030629953 ],,,,,,,,,,,,,
  ,,,,,,,,,,,,,,,,,,,,,,,,,,,,,,,,,,, [ 1476121561 ] ];
