BRENTFACTORS[5869]:=[ ,,,,,,,,,, [ 1560019121 ],,,,,, 
  [ 8386019841456997, 1055152799370843697 ],, [ 290531407482629 ],,,,,,,,,, 
  [ 15142287787765014757047520783, 1284998597429051939761219544010839, 
      8262233843977354529599964516427989413763 ],, 
  [ 40364672313819744801286542983 ],,,,,, 
  [ 3470459150251, 1775936711422657840691 ],,,,,, 
  [ 2724927631, 23705582894714887629048269 ],,,,,,,,,, 
  [ 1046089727, 1659250543, 1077178414483153, 
      68881513815236807122187069814217 ],,,,,,,, 
  [ 57395075322419, 8871420169398808001 ],,,,,,,,,,,,,,,,,, 
  [ 20347716080347179330534259097 ],,,, [ 128923669522447, 82782794706398903 ]
   ,,,,,, [ 1879075157, 1976589454481697607 ],,,,,,,, 
  [ 407612549699, 912421419404753 ],,,, 
  [ 88014958741579032941, 54204282364494339497635789381 ],,,,,, 
  [ 2044190822660846221, 47826681226773798483707 ],,,,,, 
  [ 40735398488996221881782482031 ],,,,,,,,,,,,,, [ 2307337500887 ],,,,,,,,,,,
  ,,,,,,,,,,, [ 13767834527 ],,,,,,,, [ 32805096307 ],,,,,,,,,,,,,,,,,,,,,,,,,
  ,,,,,,,,,,,,,,,,, [ 1081704368486647 ] ];
