BRENTFACTORS[9697]:=[ ,,,,,,,,,,,, [ 67126567171, 1669741811939293 ],,,,,, 
  [ 4207051307273331992795693 ],,,, 
  [ 11506197084227273, 3177758458405673803102411438780920779972017278299489697\
965332940711581 ],,,,,, 
  [ 5246425637231, 383726123691177007179894435579619633, 
      14171619356994661243555025427524312706752708812032716629 ],, 
  [ 1823748818103751219 ],,,,,, [ 19196511349988417 ],,,, [ 2777493997 ],, 
  [ 4212038776810885282427889989 ],,,, 
  [ 6744775401577, 18230682312841, 16410626990548826354549 ],,,,,, 
  [ 15137533309, 24415406651, 28181146327 ],,,,,, 
  [ 5668100941597183, 15827730897025539661963618837 ],, [ 2336960387 ],,,,,, 
  [ 14228101646021, 131833459057207, 6740270656696387, 901297287353995183 ],,,
  ,,,,,,,,, [ 2205359485783 ],,,,,,,,,, [ 12305161475202847 ],,,,,,,, 
  [ 544419552871 ],,,,,, [ 169951374227 ],,,,,,,,,,,,,,,,,,,,,,,, 
  [ 1102893393143 ],,,,,,,,,,,, [ 3829834417567 ],,,,,,,,,, [ 4749662273 ],,,,
  ,,,,,,,,,, [ 1728809758204447931 ],,,, [ 50604078105257 ] ];
