BRENTFACTORS[1811]:=[ ,,,,,,,,,,,,,,,, [ 38780065937685167 ],,,,,, 
  [ 48312325319853563, 1106790600408612254747 ],,,,,, 
  [ 6468007785091, 1170673389306307 ],,,,,,,,,,,, 
  [ 719189644769, 2006732724350586164839569493598958881706889 ],,,,,,,,,,,, 
  [ 7324807019 ],,,,,, [ 12880588187, 14584277497 ],, 
  [ 3916821347, 1395064164253 ],,,,,,,,,, [ 39389549800477 ],,,,,,,, 
  [ 167732663988229, 293023907771662339908917 ],,,,,,,,,,,,,,,,,, 
  [ 1150036354611929882684047 ],,,, [ 12491824838849 ],,,,,,,, 
  [ 7459062695229231007, 24730437395129114384047638397 ],,,,,,,,,,,,,,,,,,,,,,
  ,,,,,, [ 3251778205307 ],,,,,,,,,,,,,,,,,,,, [ 13391108452999 ],,,,,,,,,,,,,
  ,,,,,,,,,,,,,,,,,,,,,,, [ 8569286906357 ] ];
