BRENTFACTORS[1409]:=[ ,,,,,,,,,,,,,,,, [ 289422940757 ],, 
  [ 58503166198888429 ],,,, [ 119990460973, 18357867074883617 ],,,,,,,, 
  [ 29265277511, 37684982800310407, 
      18650616426500459963120282169368698712708812819146657035271010069 ],,,,,
  ,,,,,,, [ 522266843734514513897683, 1053529317620010945266202733 ],,,, 
  [ 7842378547, 42010437409028398139, 825381793665715495185251492448186581 ],,
  ,,,, [ 23479929409, 889264773391, 14887567056814531 ],,,,,,,, 
  [ 22394473477, 130961233119781, 310300030995130819 ],,,,,, [ 8328755878411 ]
   ,,,,,, [ 2070877433, 58767201829067, 178988364317531 ],,,,,, 
  [ 9570579717617, 77881517990391195483997366699 ],,,, 
  [ 23810004858351377, 50249795451527635569889, 
      629369889273301919605658276189 ],,,,,, [ 613364622065898749 ],,,,,,,, 
  [ 1876075644623657, 1645576977632987611061 ],,,, 
  [ 6496069319, 9592589006983, 2300699406214046837 ],, 
  [ 2035381894768249051488006786776033 ],,,, [ 87658379691414086355481 ],, 
  [ 112839430483267 ],,,,,,,,,,,,,,,,,,,,,,,,,,,, [ 246986260267 ],, 
  [ 4006548233, 96107604480553, 139707037449663378025211 ],,,,,,,,,, 
  [ 50002360787 ],,,,,,,,,,,,,, [ 3398889061809401 ],,,,,,,,,,,,,,,,,,,,,,,,,,
  ,,,,,,,, [ 5407969540622353 ],, [ 65623999355021 ] ];
