BRENTFACTORS[6277]:=[ ,,,,,,,,,, [ 1854782369860993 ],, [ 1011649415656751 ],,
  ,, [ 182387620681093 ],,,,,,,,,,,, 
  [ 307513473173, 42214801715020558628579, 3415001785378464932289038119, 
      490240242883636940297860068474507399507661757 ],, 
  [ 625608695826421, 26540824142705221, 
      8266822926417482398422445780986320825174299301401330249802869 ],,,,,, 
  [ 77717539461157751, 365196691345344169 ],,,,,, 
  [ 2936373275302627017751277 ],,,, [ 68954424083, 2585688468022032607541 ],,,
  ,,,,,,,,, [ 4544657783 ],,,,,,,,,,,,,,,,,,,,,,,,,,,,,,,,,,,,,, 
  [ 222835288988445712399 ],,,,,,,,,, [ 43605632480213 ],,,,,,,,,,,,,,,,,,,,,,
  ,,,,,,,,,,,,,,,,,,,, [ 12713338879 ] ];
