BRENTFACTORS[4679]:=[ ,,,,,,,,,,,, [ 6734988859, 4078806681718393 ],,,, 
  [ 2110623563465775901 ],,,,,, [ 17274759869 ],,,,,,,, 
  [ 45089541293, 618777206737, 403970984127779, 16010807639342441, 
      4192197103451450321959, 41150424567340135720003876663 ],,,,,, 
  [ 1021275000989777213189157709 ],,,, 
  [ 110555104771, 2597272268347, 591099138924337080251 ],, 
  [ 82964695447, 465220755074287809473797 ],,,, 
  [ 86744465993, 199726521576103 ],,,,,,,,,,,,,,,,,,,,,,,, [ 356705781959 ],,,
  ,,,,, [ 3332114141, 587433678503170127 ],,,,,,,,,,,,,,,,,,,,,,,,,,,,,,,,,,,,
  ,,,,,,,,,,,,,,,,,,,,,, [ 112618548401 ],, [ 13921018469 ],,,,,,,,,,,,,,,,,,,
  ,,,,,,,,, [ 8911763248931 ],,,,,,,,,,,,,,,,,,,,,,,, [ 17783520037750421 ],, 
  [ 257536490664457 ],,,, [ 69084643591 ] ];
