BRENTFACTORS[2477]:=
[ ,,,,,,,,,,,,,,,,,, [ 338987382269, 39287023010882924779 ],,,, 
  [ 227684258387, 3279121011156085019219 ],,,,,, 
  [ 1250780918410681433123567567 ],,,,,,,, 
  [ 312357290422583465333913246936925840320031909 ],,,, 
  [ 10072728793, 401458881528870533877999872912208645542422963989289 ],, 
  [ 3826286270016582217903256607686171143 ],,,, 
  [ 76579764284330412234560681, 1756308760888413435831309479573 ],,,,,, 
  [ 96932002824617, 1405285566265244816232223489, 
      102017914859596485564517408934810043895113055957139 ],,,,,, 
  [ 30721396519399, 13878290659119588811 ],, [ 70234434261932569703 ],,,,,, 
  [ 32556249134544973471 ],,,, [ 2394556561098913 ],, [ 1199680249 ],,,,,,,,,
  , [ 2021308297, 45029954985787, 439510273143101 ],,,,,, 
  [ 433836111629, 19138051628441, 410820204042624376303, 
      41053862159697642344527 ],,,,,,,,,,,, [ 652960080782510341 ],,,,,, 
  [ 410755673063, 8306222733327047 ],,,,,,,,,,,,,,,,,,,, 
  [ 1814770057, 28395386604593, 90259126011233, 7248697807644479 ],,,,,,,,,,,,
  ,,,,,,,,,, [ 19840085762604498961 ] ];
