BRENTFACTORS[742]:=[ ,,,,,,,,,,,,,,,,,, [ 49026532137851267 ],, 
  [ 269584380639463 ],, [ 75612407859925999 ],, [ 69396638005705581212701 ],, 
  [ 23373347581 ], [ 376213297741 ], [ 379703389666150007327 ], 
  [ 2780949781 ], [ 1382896330671753301269491226119 ], [ 133278938119969 ], 
  [ 37416216476522845357177 ], [ 58947161479273, 2171053018472881 ], 
  [ 1105129290422084974456831 ], [ 267189124429 ], 
  [ 39346191776351, 2716380151841723, 66520518201667235723859952360721099 ],, 
  [ 1334739690181 ], [ 1878590418741601 ], 
  [ 13441349361547, 109721208080645558315421262746276193 ],,, 
  [ 884696876092884097 ],, [ 14155308314172363581 ],,,, 
  [ 102098709716937251 ], [ 61181851243, 9707092686909313 ], 
  [ 201229877955404776839672005858021 ], 
  [ 104199684451405318103, 230651128502900962413191, 
      351740823985151338335164407499 ], [ 178727650682437 ], 
  [ 58582161612971174860067564445881752428484151 ],, 
  [ 195389518759, 26052052875478141549 ], 
  [ 5570604839, 19421620219, 48732202157 ], 
  [ 41677524481, 182438438091277763, 150922759398404052824348590729 ],, 
  [ 16156695827 ],, [ 3948417998781859 ], 
  [ 1027894912129, 1247704972289, 632763506614138216683312466433 ], 
  [ 443081336533277461971974341338654660862056297675911 ],, 
  [ 254946672712145331427, 418098230714272289483 ], [ 306010181471080992329 ],
  [ 13793497056435731779 ],,, [ 100383381143533441 ], [ 392602869071929 ], 
  [ 71866112321, 57879859551763, 843578211894214073 ], [ 3401694953851 ], 
  [ 2815260814489937260352837, 363801924442571062162825423913 ],, 
  [ 5631496761237687913 ], [ 107629968357251 ], 
  [ 4923422561, 1466305482511018001 ], 
  [ 230150609389, 72135091283512987, 4891888171778065417 ],,, 
  [ 5593392169, 6253239133, 153425381679291121 ],,,, 
  [ 305872622353, 387974454835646009 ], [ 4753854937574934329041 ], 
  [ 25266891421, 11825371901355435271 ],, [ 162554707718113, 333605685682733 ]
    , [ 99299815000751435111080747 ], 
  [ 1070838413, 200109053399, 8140741727439563354774771 ], 
  [ 3629003041, 3069944618569464885451, 17962138430038500642225301 ], 
  [ 234482031521761 ],, 
  [ 41942556853, 21498902516662704817425053560151, 788007017832467454344568884\
139351229 ], 
  [ 93624221459278089361, 10150888412575779732469, 5714346358204189980601141 ]
    , [ 4420840957878737942891160686829901 ], 
  [ 20207199022298501, 2105150240427233619671 ], [ 40571608726431669313771 ],
  , [ 521632935217209738833, 41504633558574240003396617 ],,,, 
  [ 1755232309, 136885418763711733, 3394892568998667954381205544497 ], 
  [ 65624373667 ],, [ 3405520849 ], 
  [ 134044855179802251218931601, 29399048379250651725652364722535076691457 ], 
  [ 2452717433 ],, [ 1590733698101 ], 
  [ 86916107677121, 331986854785897, 59180385487059972134897917, 
      243662088528474131932809797 ],, [ 6336136565621 ], [ 10401561997 ], 
  [ 543528050320265161 ],, 
  [ 188957820076236839489840753, 20075183687363505150835863077713 ], 
  [ 1088837083, 3852298417697503 ],, [ 1404275401751 ], [ 938165253607 ],, 
  [ 26464673168673793, 1426888904152824449, 100990587748080397441, 
      1891823072405719916038913 ], [ 182521077547, 238852157907757 ],,,,, 
  [ 3036772723, 15340646065207930870603 ], 
  [ 33973751751301, 38902346823622475451809113741 ],,, 
  [ 3479106770410717971097396883102617709881027 ],, 
  [ 2390962385137348608866721753857958925564361 ], [ 129158770933 ], 
  [ 10399158563 ], [ 1281520241 ], 
  [ 106573164572809590396794788307960818126129785629635663703870833 ], 
  [ 133085244237636162851 ],,, [ 34060737111968409917761 ],, 
  [ 1579256251, 35664023401, 418807376851, 10468861426577806501, 
      197316711705985307551 ],, [ 40915409948113 ], [ 31092749659 ], 
  [ 133818840039303134668877 ],, 
  [ 360669553813741751422429, 112948367820492257088048012266416447347383036821
     ],, [ 31350449353708007371 ],, 
  [ 222793743302561, 37861306817090879094881, 230933644776225507558335041 ],, 
  [ 481422082501, 43651434564564121 ],, 
  [ 7864359077, 31303441596001639236941 ],,,,,,, 
  [ 493982155999, 1216691070795966889 ], 
  [ 108959770537, 31800020158327493, 142877479213200973 ],, 
  [ 2288933336983, 2826034623599701, 2980756580581364135505244375633 ],, 
  [ 1203656257 ],,,,,, [ 278958312179 ],,,, 
  [ 67453378314756379549, 366128392304069502163417 ],, 
  [ 2000172118073, 25037953953193 ],, [ 55526087031941 ],, 
  [ 6773447619258018924456904513 ],,, [ 73798130251 ], [ 5571629885556701 ],, 
  [ 1236157759 ],, [ 1080488195401, 775499951207801 ],, 
  [ 23280580397, 3080348361631 ],,,,,,,,,,,, [ 1903560580164435529 ],, 
  [ 3349438337953, 4410978846509737 ],,,, [ 955490714026794590261 ],, 
  [ 21596534293, 569479692551779927, 347916121851305908993 ],,,, 
  [ 5180489521 ],, [ 1218141073, 52451364440225261197 ],, 
  [ 6135706395211, 80932978944067045931 ],,,,,,,, 
  [ 14756679503619107593307539 ],, [ 14547928110481 ],, 
  [ 3853623962175002251501 ],, [ 211799979533 ],, [ 2323027900378726033 ],,,, 
  [ 34021049806125251, 31725333401133888838092379501 ],,,,, [ 3287205511 ], 
  [ 537024946433 ],, [ 5008534874719, 7761360458411163328547971 ],,,,,, 
  [ 96264997489 ],, [ 2371968019, 160839483659 ],,,,,,,,,,,,,,,,,,,,,, 
  [ 3290098673081610883162073377 ],, [ 57821779248071 ],,,, 
  [ 392403991076161, 1095442860711487, 7125121997685217, 
      876814664742618540079 ],,,,,, [ 22643320349553903706979585701 ],,,,,, 
  [ 477559867408903 ],,,,,, [ 1936364977 ],,,,,, [ 29934563347809103 ],, 
  [ 62823881288321 ],,,,,,,,,,,,,,,, [ 660932009473 ],,,, 
  [ 130780272061, 1061287513081, 2313712497721 ],,,,,,,,,, [ 1877705201 ],,,,,
  ,,,,,,,,,,, [ 181403798971 ],,,,,,,,,,,, 
  [ 7154213735971, 1855443481884113292361 ],,,,,,,,,,,, [ 9455647131061 ],,,,,
  , [ 13168733689 ],,,,,,,,,,,,,,,,,,,,,,,,,,,,,,,,,,,,,,,,,,,,,,,,,,,,,, 
  [ 1986528096450085501 ],,,,,,,,,,,,,,,,,,,,,,,,,,,,,, 
  [ 2729432459544906721 ] ];
