BRENTFACTORS[5827]:=[ ,,,,,,,,,, [ 8227302426683803 ],, [ 43087556670759563 ],
  ,,, [ 3281455844368973671 ],, [ 265243437168971, 15741338713118762279 ],,,, 
  [ 16757045196063973 ],,,,,, 
  [ 226809648557, 213261938384003520168901, 4071479324444466937020500574729566\
603096875768400488232960291463859 ],, 
  [ 8026052831, 1766981048457397, 3168679093111811, 691476499676084072033, 
      31815780097721807165334195806535950671 ],,,,,, [ 8705295769 ],,,, 
  [ 2073147781, 18548179587527, 2031381854687276678038667, 
      422850462195847090639529028726013252611574421 ],,,,,, [ 12338038057 ],,,
  ,,, [ 106324730900488577653487 ],,,,,, [ 6036680308960019 ],, 
  [ 52232129071818743 ],,,,,, [ 1575725029, 47497235857 ],,,, 
  [ 2607403200257 ],,,,,,,, 
  [ 142265520076583, 2097242967859773780841283155876343 ],,,, 
  [ 949241820581863335317802131 ],,,,,,,,,,,,,, [ 128974111766466372799 ],,,, 
  [ 604859818652305199, 2033046969311015080543 ],,,,,,,,,,,, [ 149216687129 ],
  ,,,,,,,,,,,,, [ 16906051548638779 ],,,, [ 1465744067 ],,,,,,,,,,,,,,,,,,,,,,
  ,,,, [ 159459645211 ],,,,,,,,,, [ 76774549748269 ] ];
