BRENTFACTORS[3491]:=[ ,,,,,,,,,, [ 2118645079, 3135851687 ],,,,,,,,,,,,,,,,,, 
  [ 59545344461 ],,,,,,,, 
  [ 128754865608129181, 10143793327341383483, 13638849604114100891185139517317
     ],,,, [ 111226493885304029 ],,,,,,,,,,,, 
  [ 180541750891, 133516336887121589965219, 262717192496956973950854937 ],,,,,
  , [ 139029492504474859300592713 ],, 
  [ 1472082576636863, 31816170649783519, 5927854860635827649, 
      11257360948932945412822999674528053 ],,,,,, 
  [ 378733002991579, 100072621527337579 ],,,, [ 244909459800067619 ],,,,,,,, 
  [ 2570819897 ],,,, [ 89982226122071, 226076896304911 ],,,,,,,,,,,,,, 
  [ 4318195466138339 ],,,, [ 263845282288813 ],,,,,,,,,,,,,,,,,,,,,,,,,, 
  [ 1737004890482129 ],,,,,,,,,,,,,,,,,,,,,,,,,,,,,,,,,,,,,,,, 
  [ 1682134320869 ],,,,,, [ 3970795698734327 ],,,,,,,,,,,,,,,,,,,, 
  [ 6153924340393 ] ];
