BRENTFACTORS[1367]:=[ ,,,,,,,,,,,,,,,,,,,,,, [ 2595726532554263975073677 ],,,,
  ,, 
  [ 23386288171, 3989031956753179951564732614129052759, 6792152225612617909042\
8874147495125470629 ],,,,,,,, 
  [ 278638703695351, 127027776739591183, 1601393319390994982816274781, 
      1363157976556657334599573093048291111616001467385675757 ],,,, 
  [ 594121729168405638773 ],, [ 491761604908289, 13920378759225024469 ],,,, 
  [ 25236049324867 ],,,,,, 
  [ 2909511533, 42783544568411, 10931986388968945652119 ],,,,,, 
  [ 18188599769, 26446508827676306599, 199735036260576198041973424723 ],, 
  [ 8625911303 ],,,,,, [ 167890068641, 2918730337880317 ],,,,,, 
  [ 109734214897767571, 688618125866465616818155823 ],,,,,, [ 2102801882809 ],
  ,,, [ 33999175967297, 20093423080954564349 ],,,,,, [ 169283951922818833319 ]
   ,,,,,,,, [ 44252157772700860751229113 ],,,, 
  [ 19495768686496398285075233127569 ],,,,,,,, 
  [ 15925006302971730702118120817394839501041 ],,,, 
  [ 11212765988358505984932853051, 122516286173619601144315398319 ],,,,,,,,,,,
  ,,, [ 417610838387, 49988702221072261, 511364970587394859922470603157 ],,,,,
  ,,,,,,, [ 32219571443, 20823132165620833 ],,,,,,,,,, [ 7873912282848523 ],,,
  ,,,,, [ 36585500249 ],,,,,,,,,,,,,,,,,,,,,,,,,,,,,,,,,,,,,,,,,,,,,,,,,,,,,,,
  ,,,,,,,,,,, [ 831664222408499 ] ];
