BRENTFACTORS[835]:=[ ,,,,,,,,,,,,,,,,,, [ 22089838597 ],,,, 
  [ 6177476483, 20766147587, 1336686522131 ],, 
  [ 1933719551, 37741376363364953401 ],, [ 68312306176813 ], [ 647388031501 ],
  [ 11290688162665164333574853 ],, 
  [ 427672691157297097, 107174459347809330241763 ], [ 103296178531969 ],,, 
  [ 47798905030724401701001 ],, [ 2183068663071883716264481 ],, 
  [ 2898040258395675293225599 ], [ 169947141328201 ],, [ 747980660197 ], 
  [ 241771118085428543, 1086462209735149041162174529 ], 
  [ 34554731597, 7765898073030046049 ],, 
  [ 53808927854971, 225758664808780931 ], 
  [ 27885349920408368400283, 7910766185623281160030578947 ],, 
  [ 528907652771, 6274845503284486514989 ], 
  [ 5733214682914601, 8920928557849201 ], [ 403446529771 ], 
  [ 5927200375833049 ], [ 16149065277615447673 ],, [ 441742793132660471 ], 
  [ 57706580808241 ], [ 1378137180238153, 36358753786489840064377 ],, 
  [ 2569856662894607 ], [ 119601753700981 ], 
  [ 6258931841, 1304936640889835667442093509984209 ], 
  [ 297480491785080267653529247 ], [ 27214363521199 ], 
  [ 19676397961588282126081 ], [ 179325566051347561 ], 
  [ 153548772754702433263 ],, 
  [ 27607351261043655888949, 572498268881794582609277 ], 
  [ 80295708905953586359, 10202672011499416659293383054502206600837 ], 
  [ 3091282321, 7466980991, 1717634258201, 58856180357311 ], 
  [ 4185088743907, 16357431665958612471801359 ],, [ 679350687109 ], 
  [ 3422108171, 3794209253, 201728387936887969, 1345554316539185281 ], 
  [ 367363051620216451 ], [ 8365080186901706934102316549 ],, 
  [ 4707087560813271661 ],, [ 20586298869361, 435303051614025841 ], 
  [ 7873330249, 67232617760434412090067445603 ], [ 2958491130864869539 ], 
  [ 18631477457, 296195726393986301 ], 
  [ 454882613557, 613128562938290411456744329 ], [ 597146421547251687781711 ],
  [ 2549007406949377393, 570730921161476258133522836354920012177 ], 
  [ 33945151339189, 186565730063877382189, 104420770899666287091379 ], 
  [ 631862142649, 2846307142683049 ],, [ 1322092823796851374462681 ],, 
  [ 15685958693 ], 
  [ 31922554036109698375543, 325875190357529813137999, 11718327135866126397011\
0383 ], [ 2234169838511079653638320661, 283928422185360986453762962625521 ],, 
  [ 137964042817, 1583682269918938645406466224902561 ],, 
  [ 98282569293176666753699 ],, [ 5678663291201 ], 
  [ 3062426051, 124462426711369 ], [ 23401571239, 111089762059055839 ],, 
  [ 58216481233 ], 
  [ 27616163379631, 758740659730112894186941, 8597551767634749839552818575601 
     ],,, [ 993996404542441 ], [ 1316801533 ], 
  [ 21879857357051, 8413708796249681 ],, 
  [ 6744547171873289827114101155761700720081 ], 
  [ 245123714557, 652708698443911 ], 
  [ 329539846229216343769, 331994561270755947217 ], 
  [ 111680261829383407471271581 ], [ 69485476913 ],,,,,, 
  [ 3929430047, 2515356254963 ], [ 20084104707066725777083759 ], 
  [ 1885098384609738113, 24106277165374317898393, 
      2463839638498927699428598499873 ], [ 380089914830501 ],,, 
  [ 162263212762241, 1976913129313692929, 3031270012998728321, 
      186471869211592316998405594369 ], [ 1126008568593751 ], 
  [ 1198740389084573011, 399484102572860521668030671, 
      7766827493921673937533523993615495106881 ],, 
  [ 1520025277, 76942890949, 2970942195148363779819434773 ], [ 14078664727 ],,
  , [ 234027972544519616102641, 2637011767046758929309793 ],, 
  [ 7979573432736002007330730311433096213 ],, [ 4109182169821 ],, 
  [ 83431970639, 205126090532331064769 ], [ 9274662836297 ], 
  [ 10766223649, 8535020263593403491114110223246832177 ],, [ 372486510037 ], 
  [ 5402241364339, 40585405066123, 17834695916575147 ], [ 9251603495981437 ],
  , [ 40336385956757551, 4103857798066184580901 ],,, [ 563039822827 ], 
  [ 3181350150655447, 92119769361755983 ],, 
  [ 724699422253, 6579293678943066378857977, 5977337151288328206052246537, 
      1034487886140613940817886487917 ],,, [ 126340006523683 ],,, 
  [ 460040975497, 2338150704860427841, 4947344686345005517635487 ],, 
  [ 565367759141 ],, [ 670153196375130007433 ],, 
  [ 111672754097857, 2823580960211670478118452273 ],,, [ 7118105979277 ], 
  [ 1046043108217 ],,, [ 115014259207751 ],, [ 7661218441 ],,,,,,, 
  [ 209532247269659593, 1036087935314348794177 ],,,,,, 
  [ 1294058805782711, 36290998148740912313299751 ],, [ 58482657601 ],, 
  [ 3253364287, 15293208569 ], [ 23201356621, 33106160401367821 ],,, 
  [ 7641963451 ],, [ 11203055401, 48258017627413281105401 ],, 
  [ 427028780327, 35237040674654296804097 ],,,, [ 2933914831, 170530709263 ],,
  ,, 
  [ 223743016600216955278572990530971, 193247113020476758170077748802923789850\
6099703011 ],, [ 8214261217909031009 ],,,,,, [ 53935884038237 ],, 
  [ 9725787928121 ],,,,, [ 58233245234401 ], [ 60239767997 ],, 
  [ 13320642133, 1174841711751845268555501373 ],, 
  [ 1764189701, 20254431369480720781 ],, [ 19886782602497 ],, 
  [ 5159068890448359228967 ],,,, [ 15721151881 ],,,,,,,, 
  [ 28826040889, 1704999828307, 126134124217609, 202061821777813 ],, 
  [ 31643369041 ],, [ 492842448751 ],, 
  [ 1233498393037, 15090555323857254726241 ],, [ 3613531763, 5930762333 ], 
  [ 777236687041, 60770546220151, 2187755526181021 ],,,,,,,,,,,,,,, 
  [ 1082886841, 867494579942379745993592971 ],, [ 2374953220337 ],,,, 
  [ 1835775913 ],,,, [ 162782366881 ],, 
  [ 34283816366083, 7599388452989229296035640569 ],,,, [ 35509235191 ],, 
  [ 20008096524197070850081 ],,,,,, [ 2400551823148789178653 ],,,,,, 
  [ 5606742901 ],,,,,, [ 382341843901 ],, [ 13198840469260909 ],,,,,,,,,,,,,,,
  , [ 88636480741 ],,,,,, [ 191021984096182801 ],,,,,,,,,, 
  [ 35946810476025541 ],,,,,,,, [ 11118817514521693 ],,,,,, 
  [ 26533045293982919899 ],,,,,,,,,,,,,,,,,, [ 1110837757 ],,,,,, 
  [ 26318815867 ],,,,,, [ 250733719120513 ],,,,,,,,,,,,,,,,,,,,,,,,,,,,,,,,,,,
  ,,,,,,,,,,,,,,,,,,,,,,,,,,,,,,, [ 9404166086551 ] ];
