BRENTFACTORS[56]:=[ ,,,,,,,,,,,,,,,, [ 1195289993 ],, [ 3615436547 ],,,,,,,,,
  , [ 37924372751441855498899 ],, [ 356598037374802037 ],, [ 103372829011 ],, 
  [ 4040439971 ],,,, [ 788964522373 ],, 
  [ 15212610348663563317, 191479858277341952347 ],, 
  [ 24989724169, 196551326772928447 ],, [ 4076344280971 ],,,, 
  [ 5462447199191673415145219 ],,,, [ 2040934778651647001242890014795164381 ],
  [ 665072353801 ], [ 2520613325364432218406091 ], [ 19178507377 ], 
  [ 5224985521849 ], [ 12018409583941793 ], [ 382384535971 ],,,, 
  [ 107859301042123 ], [ 478998073521217 ], [ 75498349553243561621 ],, 
  [ 432194395365533, 26811259112895286627253785013 ], [ 5266809877343966561 ],
  [ 4684214530121491 ],, 
  [ 5927434408484958555356323547, 36140065657636058358179799426641 ],,,, 
  [ 1867219195801, 2297897155656727762201 ], 
  [ 831809011769, 1237412728180757 ], 
  [ 13824755756457603497, 3156175216671625749833, 149958792656327454075804683 
     ], [ 173604268317481 ], 
  [ 3274232553511, 97677070602539, 77086679597668061819 ],, 
  [ 203214619196467912214985700519201286263 ], 
  [ 4665781469, 55111664629311732407145569 ], 
  [ 205162739393532471272191755123460043423482979 ],, 
  [ 2131655501, 19683601527126214083141506385863201 ], [ 712407199729 ], 
  [ 4094926441, 135449083219, 358460609711355363525031, 
      1423943026098268875949543 ], [ 65914970353, 83208547480081 ], 
  [ 1065708410908913429877729695417, 
      477290036388290390122259326843702708626720845293 ], [ 10558847161 ], 
  [ 2580224349977 ], [ 14790191861, 256209500828257 ], [ 29059438365043 ], 
  [ 19971847508089, 6433691962194440329 ],, [ 29974959361 ], 
  [ 40294042963357433179287469, 6100486770067279068883093021 ], 
  [ 99269165857, 176366401651777, 6946110485664394633 ], 
  [ 57914451739, 20253459833663799903733, 20967659705735466509413 ], 
  [ 210869418808759503601 ], 
  [ 475943183978605145304420438564212132198606444475433 ],, 
  [ 574517846024011187 ], [ 103163681713 ], 
  [ 914800273801, 1348525214401, 1623309657426313921 ], 
  [ 361176115129920102949, 331252279749404198284571323 ], 
  [ 61962973825348491236722037609, 
      84438518941925597321266872333286325335428586672404893029316169787 ], 
  [ 1155871086049 ], 
  [ 33780188687234303, 6198983703562033186408566815565177378661948413015971 ],
  [ 6087283621, 585448963299967958144960821 ], 
  [ 251410770298902809576132323545596236499805841 ], 
  [ 5260913953, 116868098415713, 61716026883140982017 ], 
  [ 150484508364674859316456450583873177, 
      26200228504024262474166520117282992343088500023898694602681277 ],, 
  [ 571227550296957621491, 446745549669812384427750573509680282211, 
      891953489071128721454327030855366671711 ], 
  [ 318063070079696257, 70780928379551596652386671329 ],, 
  [ 264139083883261, 11597816857937357, 100138343014110581 ], 
  [ 34363930597415324753, 521299859893053427902316037977, 
      21848729161127865054972172381430057 ], [ 16808541046614054121 ], 
  [ 1993421052164056709199611, 1621130630264863205875220716704151658382254201,
      5333131473551370814822547710393122663998415758799871139 ], 
  [ 31301397367452880644774094242845020609837 ], 
  [ 891010864010722096081268958334789 ], 
  [ 3386129009, 2378055944233, 550386339795388324920941723693 ], 
  [ 3526492001, 118944901933011003378419848891195699046142810751 ],, 
  [ 1764182401, 455238447730042067896818866315378453801 ], 
  [ 2215526385443140481, 1120971223480359091305712645673434758493441 ], 
  [ 339596741324255917 ], [ 41135067285391 ], 
  [ 4791578022498178869763331, 23240001606360968886884437 ], 
  [ 3856997777161 ], 
  [ 1788872005642795630201, 274834747926715837167887707, 179562415117020847096\
0854108342444714209 ], [ 32153747293, 1833906230523805828807646805663498041 ],
  [ 916558049611, 16977161703467757638493513732006450860015474501851 ],, 
  [ 1006540919, 7779585561930626158972739017, 
      22653772248642532757209252291821205038546708242323, 
      297168164849844448188490592012668479892539607574710139537 ], 
  [ 536399723594500327, 73185262162930599511 ], [ 1482485104941836663 ], 
  [ 907386272521, 1291980464741 ], 
  [ 544881144481, 1560884001441297704500758459184927171561 ], 
  [ 11837087146399938956009778547280893 ], [ 139362905152109653118637391 ], 
  [ 12612977304818190913, 85119615619736578287965137 ], 
  [ 884559540481, 407374398088661 ], 
  [ 272635116762681427742303, 951830106519677341570849, 
      747420472582490132604522853 ], [ 120550716778209778921897 ], 
  [ 1552048621, 1849954152780169681337 ], [ 2034981300679 ], 
  [ 1446426384553201, 11635782482936251 ], [ 62062562851 ], 
  [ 113935456697, 1580076968377 ], [ 1813154245939 ],,, 
  [ 17202179437, 35603536380829 ],, 
  [ 1070583037, 7461358946834443483935039998020038361521968250868561 ],, 
  [ 4883291793031344827811428138266329579569079246511516961 ],, 
  [ 1460387233 ],, 
  [ 98675551335844785857, 1324698679521586531869366935105788933557422799726001\
5617 ], [ 712042986400986642422021074540926691 ], 
  [ 16198400300755689379579, 897418856269368085822656170155904587914491 ],, 
  [ 14031344414315089, 2761601720208713878285405780697233 ],,, 
  [ 12570158017 ], [ 296518196858312552166810677 ],,,, 
  [ 3246270674488222097908098516324868886055805743145198634324609 ], 
  [ 8439452412763 ], [ 36592983095059562515086426066589761531127 ],,,, 
  [ 9154782737309206383569, 48079083062064127908199 ],, 
  [ 1279142704716413485325005207305795494630407476705457 ],, 
  [ 991072699096717, 58481197332297157566066019 ],, 
  [ 599453863687665259996181, 950064170385999109576715268913354376772104797 ],
  , [ 229467181757311 ],, 
  [ 34335621206267137, 232559086557407467762901333407938321409 ],, 
  [ 2365312230888283 ], [ 67221478351, 329584746748495291 ], 
  [ 25095780221, 11343474896909, 196731047165689, 804400668072230017097 ],,,, 
  [ 1293119418426530784724507429946992831391918349546001 ],, 
  [ 7269198221569330278205886093, 380979257908023926741579462984352214019 ],, 
  [ 1387831993, 11397586489, 47118418728301, 227168051942077, 
      1251550769708580943458498133 ],, 
  [ 5965311673724362571317316330474609, 26653509268589404300708925033026532559\
942562359350803268142031 ],, 
  [ 13643383937, 424593073633, 335638760467196386513, 
      47616842734934449141458879041 ],, 
  [ 59603578947020814099241, 1038852429693865867101548784601 ],,,,,, 
  [ 77269422265903079004924816398089280538908780827441 ],, [ 27671811689 ],, 
  [ 189371667190421, 8094668621773509394682491187659834001 ],, 
  [ 8762138891584419751, 14679672305585031479899, 396306039507877703323069 ],
  , [ 4950783487422960237807784671404648480811252700260461406340358790822913 ]
   ,, 
  [ 3868361426933, 1949825913093423049400860833659, 11479023428479241790701396\
96067237425882116236763267 ],, [ 369144166309, 184018511457180812090473 ],, 
  [ 4030646123540072570105693987385152818290698740848872575696403367611 ], 
  [ 173134217543576521 ],,, 
  [ 302726400976631271540248936173, 4432999915439448232850459352029557 ],, 
  [ 4130163485933, 801696209791995453600100153 ],, 
  [ 2837505497, 77939536983463, 2364697239166754128819470359, 
      15386971936928222119964611921, 110147515942316135846464538219673643351 ]
   ,, 
  [ 129060135571275121, 37823254171349529121, 50186192879942849436954756861625\
3921 ],, [ 2621862849182910799127851454831076853 ],, 
  [ 10767141195157, 209423691288730473841309, 
      98605913865896060574280108919028298726028113 ],,,, 
  [ 116115141073, 43210523398742076241 ],, 
  [ 4304530501, 15670044670751, 15375358378785001, 
      1183830207126669199625342026236751600291334251 ],, 
  [ 106612958360748944917, 4037669092787784661117903895530173802621 ],, 
  [ 236475742441, 5262070468202140119097 ],,,, 
  [ 602930379965116057, 272954310022892304936556243 ],, 
  [ 88304366021, 709404184439790961168178041 ],, 
  [ 372960744986738407, 3652106033240057546341, 6035538600790796541560489, 
      2616828285290938340038528064367137597229151496116596039745607 ],, 
  [ 252649971315457, 526373813055219097, 4469301064702603168010499001 ],, 
  [ 76684841605853484537353, 
      50742764592107011359350649308063506314379520958685751 ],,,, 
  [ 111460472548962391 ],, 
  [ 531716167855718017, 486754540200875740567024693728998892241 ],, 
  [ 1863578340760856576158831 ],, 
  [ 7136217183406369, 46783632815591112676993, 
      631749225055813266778228928116169360414473 ],, 
  [ 2579503376034397055581036209623764583 ],, 
  [ 203385245504561, 1295561697613111279381466320674721 ],,,, 
  [ 1103686435478173 ],, [ 45887676791907127682174366889482972604539256290509 
     ],, 
  [ 18109787161165358898529, 3191024934193517178296568362269370528191535674413\
6921217 ],,,,,, [ 361237434833479, 5789044932544882370041 ],,,,,,,,,,,, 
  [ 6867146039851 ],, [ 654787399729 ],,,, 
  [ 152783078449, 20189170939634835217 ],,,,,,,,,,,,,,,,,, 
  [ 93846327025441, 3389864583950590838462731021, 
      11994906094549851115132132767977161 ],,,,,, 
  [ 399509459569249, 210393402426962497, 31167096981591340897 ],,,, 
  [ 1112649661, 4774867861 ],,,,,,,, [ 6855957987601 ],,,,,, 
  [ 2989771642422865006513 ],,,,,, [ 17685984961 ],,,,,,,,,,,, 
  [ 5693761914829 ],,,,,, [ 2031536809 ],,,,,,,,,,,,,,,,,, 
  [ 133400205577, 562022850099349 ],,,,,,,,,,,,,,,,,,,,,,,, 
  [ 2582117129018281, 16530038049436978501, 320202720006431188767541, 
      6089955794310122190849316477851537637321 ],,,,,,,,,,,,,,,,,,,,,,,,,,,,,
  , [ 1378970101, 10050387527064151 ],,,,,,,,,,,, [ 865246121133703 ],,,,,,,,,
  ,,,,,,,,,,,,,,,,,,,,,,,,,,,,,,,,,,,,,,,,,,,,,,,,,,,,,,,,,,,,,,,,,,,,,,,,,,,,
  ,,,,,,,,,,,,,,,,,,,,,,,,,,,,,,,,,,,,,,,,,,,,,,,,,,,,,,,,,,,,,,,,,,,,,,,,,,,,
  ,,,,,,,,,,,,,,,,,,,,,,,,,,,,,,,,,,,,,,,,,,,,,,,,,,,,,,,,,,,,,,,,,,,,,,, 
  [ 1178720831, 5761996073 ],,,,,,,,,,,,,,,,,,,,,,,,,,,,,,,,,,,,,,,,,,,,,,,,,,
  ,,,,,,,,,,,,,,,,,,,,,,,,,,,,,,,,,,,,,,,,,,,,,,,,,,,, [ 350957925309246217 ],
  ,,,,,,,,,,,,,,,,,,,,,,,,,,,,,,,,,,,,,,,,,,,,,,,,,,,,,,,,,,,,,,,,,,,,,,,,,,,,
  ,,,,,,,,,,,,,,,,,,,,,,,,,,,,,,,,,,,,,,,,,,,,,,,,,,,,,,,,,,,,,,,,,,,,,,,,,,,,
  ,,,,,,,,,,,,,,,,,,,,,,,,,,,,,,,,,,,,,,,,,,,,,,,,,,,,,,,,,,,,,,,,,,,,,,,,,,,,
  ,,,,,,,,,,,,,,,,,,,,,,,,,,,,,,,,,,,,,,,,,,,,,,,,,,,,,,,,,,,,,,,,,,,,,,,,,,,,
  ,,,,,,,,,,,,,,,,,,,,,,,,,,,,,,,,,,,,,,,,,,,,,,,,,,,,,,,,,,,,,,,,,,,,,,,,,,,,
  ,,,,,,,,,,,,,,,,, [ 417208321771, 8781396254233, 614119769757490567 ],,,,,,,
  ,,,,,,,,,,,,,,,,,,,,,,,,,,,,,,,,,,,,,,,,,,,,,,,,,,,,,,,,,,,,,,,,,,,,,,,,,,,,
  ,,,,,,,,,,,,,,,,,,,,,,,,,,,,,,,,,,,,,,,,,,,,,,,,,,,,,,,,,,,,,,,,,,,,,,,,,,,,
  ,,,,,,,,,,,,,,,,,,,,,,,,,,,,,,,,,,,,,,,,,,,,,,,,,,,,,,,,,,,,,,,,,,,,,,,,,,,,
  ,,,,,,,,,,,,,,,,,,,,,,,,,,,,,,,,,,,,,,,,,,,,,,,,,,,,,,,,,,,,,,,,,,,,,,,,,,,,
  ,,,,,,,,,,,,,,,,,,,,,,,,,,,,,,,,,,,,,,,,,,,,,,,,,,,,,,,,,,,,,,,,,,,,,,,,,,,,
  ,,,,,,,,,,,,,,,,,,,,,,,,,,,,,,,,,,,,,,,,,,,,,,,,,,,,,,,,,,,,,,,,,,,,,,,,,,,,
  ,,,,,,,,,,,,,,,,,,,,,,,,,,,,,,,,,,,,,,,,,,,,,,,,,,,,,,,,,,,,,,,,,,,,,,,,,,,,
  ,,,,,,,,,,,,,,,,,,,,,,,,,,,,,,,,,,,,,,,,,,,,,,,,,,,,,,,,,,,,,,,,,,,,,,,,,,,,
  ,,,,,,,,,,,,,,,,,,,,,,,,,,,,,,,,,,,,,,,,,,,,,,,,,,,,,,,,,,,,,,,,,,,,,,,,,,,,
  ,,,,,,,,,,,,,,,,,,,,,,,,,,,,,,,,,,,,,,,,,,,,,,,,,,,,,,,,,,,,,,,,,,,,,,,,,,,,
  ,,,,,,,,,,,,,,,,,,,,,,,,,,,,,,,,,,,,,,,,,,,,,,,,,,,,,,,,,,,,,,,,,,,,,,,,,,,,
  ,,,,,,,,,,,,,,,,,,,,,,,,,,,,,,,,,,,,,,,,,,,,,,,,,,,,,,,,,,,,,,,,,,,,,,,,,,,,
  ,,,,,,,,,,,,,,,,,,,,,,,,,,,,,,,,,,,,,,,,,,,,,,,,,,,,,,,,,,,,,,,,,,,,,,,,,,,,
  ,,,,,,,,,,,,,,,,,,,,,,,,,,,,,,,,,,,,,,,,,,,,,,,,,,,,,,,,,,,,,,,,,,,,,,,,,,,,
  ,,,,,,,,,,,,,,,,,,,,,,,,,,,,,,,,,,,,,,,,,,,,,,,,,,,,,,,,,,,,,,,,,,,,,,,,,,,,
  ,,,,,,,,,,,,,,,,,,,,,,,,,,,,,,,,,,,,,,,,,,,,,,, [ 1433876882929 ] ];
