BRENTFACTORS[111]:=[ ,,,,,,,,,,,,,,,,,,, [ 3703171601 ],,, 
  [ 3675459138394973 ],, [ 12938599291351 ],,,,,, [ 5941268796031 ],,,,,, 
  [ 26772899589971, 73236855813559153299590485933 ],,,, 
  [ 1889521448099, 5758397988674711813 ],, 
  [ 468828785795518663, 923078903957129401379000927136799 ], 
  [ 10683962562769 ], [ 24276000961, 11354618608651 ],, 
  [ 13594132891, 80669621993 ], [ 74887813827553 ], 
  [ 3207747236387, 12053741078558156736193 ],, 
  [ 3859721209, 12814527343, 477140721851971 ],, [ 344933760163 ], 
  [ 355112565481 ], 
  [ 228036205316041, 3570614589803141, 193817560244796572041 ],, 
  [ 12450537888026429483249719 ],, 
  [ 229832271041479, 2806006240693259007664667047257863 ], [ 4779635685541 ], 
  [ 138774465115909821008804410618245503713 ], 
  [ 70151907127, 130183589810303, 148567948526353 ], 
  [ 36808356583783, 371361832564969 ],, 
  [ 109457112311, 78159831674731, 348106440005221, 17165751252037831 ], 
  [ 27629443529491 ], [ 27930549961 ], 
  [ 19068137539193917, 2177024913855295433 ], 
  [ 9583270793033120366828428410168031562089 ],, 
  [ 402690282969976431592770479892244113108453439283849 ], 
  [ 25366071636134412049 ], [ 2417913420743 ], [ 80565101992927 ], 
  [ 2009719469851, 9025563148363267881451 ], [ 85518569429213976241 ], 
  [ 350486247516205687657, 192023665638103074734861148801891113869015713713 ],
  , [ 86472338083 ], [ 5420255681 ], 
  [ 241555083808812018319, 1185449737551406981329781824967 ], 
  [ 2865269263627, 27339111998357, 459569125902476673516283 ], 
  [ 202363408217, 539294980486043, 12432544113104771225054902447, 
      71017837354508612933049344212090299624192670451 ], [ 7025529821017 ],,, 
  [ 180420343036764121773808153 ], 
  [ 148897583560001, 136908165672558696884953 ],,, 
  [ 49725828694585646177251951 ], 
  [ 221948738497, 1609038018405003927295397509 ],, [ 1323300887 ], 
  [ 441277140541, 1575350834062631 ], [ 8273906689 ], 
  [ 474779800481645288774033 ], 
  [ 18062725635449277962411, 253467419769542695387121179 ], 
  [ 804459138319, 180712480911139, 258745949071618339, 
      454836969942152790740023 ], [ 58291016801, 21698172245294457001 ],, 
  [ 1677556515409, 15206884230193 ], [ 426944257968547962121 ], 
  [ 5473536433, 948836257327635065834827405091729753 ], 
  [ 4414336081, 25209718381, 30016080151, 8553576326842588956181 ],,, 
  [ 1878017923477, 2257141506629763349 ], [ 1023555781, 28065714581 ], 
  [ 18503255408551 ], [ 1975130449, 1330554544749502413349 ],, 
  [ 179092520507 ], [ 5363617579, 71160407855773, 16408490561943331 ],, 
  [ 5370058733471840060641 ], [ 122796242011, 104080806062767 ], 
  [ 20371748082732929919941581565879636815623700783 ],,,, 
  [ 37366430168285839323487, 2168715795903332607255093256211, 
      42817967735561777534541848999827 ], [ 53924984243035248787 ], 
  [ 667736176957, 5625263189792165241401, 283992015130808083187532541 ], 
  [ 776684272366632842103251 ], [ 913347822626097987418958067939127 ],, 
  [ 7806584833 ],, [ 1972631105487916422986191 ],, [ 187580196504097 ], 
  [ 7269079357 ], [ 6175331710017411093289 ], 
  [ 849257893910206507464900882451 ],,, 
  [ 23146669207, 3257888220940069, 10086979984062762442934017 ],, 
  [ 1123318561, 928198199939118014152097976554642941 ], [ 3191208073453 ], 
  [ 1270482778083894853193 ], [ 83693012833 ], [ 146553420105793933069052737 ]
   ,, [ 28480624105958819 ],,,,,, 
  [ 54053806311078017, 503252305356553553, 1224233326145482503892073 ], 
  [ 45213885786070531 ], [ 81137202583836631, 160642027538205382570787 ],, 
  [ 1391406589, 378716180360516846349697421773 ],, 
  [ 4140186497, 465661466514529105294489633 ], [ 193761539696653 ], 
  [ 373082769725761, 985121628379697761 ],, [ 8230696544143 ],, 
  [ 1401485785099992987097 ],,,, [ 54371222404558763593 ],,,,,, 
  [ 6976781083 ],,, [ 1389891413929 ], [ 139080631289644663 ],, 
  [ 436283860141, 118548826733525553174863384512561 ],, [ 32270725975489 ],, 
  [ 6174282427657, 794944679344758293765081 ],, [ 19133863002646837 ],, 
  [ 6614118345469 ],, [ 22771476456942555250737271 ],, 
  [ 7290832134913, 5438291214446977, 193255092706766017 ],, 
  [ 4995834388271303, 13968269122649577629 ],, 
  [ 74837293080747149, 1550066390672831973644557 ],, 
  [ 35683258388581, 11164996824595021, 5901260986578210581593, 
      184888550842876572639307273 ],, [ 4735678452064634201 ],, 
  [ 2666181841 ],, [ 4361194643257, 3462491545099996311835414849 ],,,, 
  [ 105770477489 ],, [ 1481683771 ],, [ 707298412817, 320387517862035581 ],,,
  , [ 39713733649, 4184567760232317007873 ],,,, [ 2394289774305555102461 ],, 
  [ 14343458407, 196446399589147, 
      8220899181380801056142238130119286909890464827 ],,,,,,,, 
  [ 4842544923457983157931, 1836642692405862846133229141 ], [ 3507592243 ], 
  [ 21844239349576354033 ],,,,,, [ 67116376425337471 ],, [ 508737012241 ],, 
  [ 3009796109 ],, [ 1495922033 ],,,,,,,,,, [ 785900765509 ],, 
  [ 2697217437953, 125464289479028905217 ],,,,,,,, 
  [ 3346001397452994043005001 ],,,,,, 
  [ 37525651301171799632611, 5037174350252685648112681 ],,,,,, 
  [ 515905536436191193 ],,,, [ 2989095481, 69119131748687182537096961 ],, 
  [ 81434019067321, 96991134177288691 ],,,, 
  [ 1159197820639, 9614759167729, 158336444249413 ],, 
  [ 10639048897, 24663214657 ],,,,,,,,,,,, 
  [ 34204171801, 279023717092547764307003701 ],,,,,, 
  [ 1122075514151029, 1362353081931018181 ],,,,,, [ 637019177497 ],,,,,,,, 
  [ 166486419521, 102683580665921 ],,,,,,,,,, [ 29568144211 ],,,,,,,,,, 
  [ 56361978161 ],, [ 2588642344063 ],,,,,, [ 16388326069 ],,,,,, 
  [ 81148858900904281 ],,,,,, [ 114140074025881, 1291287536395201 ],,,,,, 
  [ 5734429796119 ],,,,,,,,,,,, 
  [ 3828065030749, 7100492963635261, 136791968176304029 ],,,,,,,,,,,,,,,,,, 
  [ 1676297444977, 32294331307657 ],,,,,,,,,,,, [ 3682489428861721 ],,,,,,,,,,
  ,, [ 4640046238801 ] ];
