BRENTFACTORS[6043]:=[ ,,,,,, [ 151340199529 ],,,, [ 1887413309, 33774959747 ],
  , [ 2730352281931 ],,,, [ 72037293293533 ],, 
  [ 6993023297023, 14894831853762478619 ],,,, 
  [ 52422986908590869, 15487134062039738517564973 ],,,,,, 
  [ 10813636987, 630058771011503 ],,,,,,,, 
  [ 49313747966701, 7506983888068213 ],,,,,, 
  [ 3816606127, 529895658379, 84989849247753994320905813197, 
      9734529303049959130587148664090435488727 ],,,, 
  [ 1388030652667, 215684448352305971, 
      22086800637304111505466559866606680443227594481279 ],,,,,,,,,,,, 
  [ 10477414819, 29761771201 ],, [ 289119389077, 97478119375037021 ],,,,,,,,,,
  ,, [ 3293746746619321 ],,,,,, [ 1534201639968728569 ],,,, 
  [ 8190959635356011015817389 ],,,,,, [ 1035538267271 ],,,,,,,,,,,,,,,,,,,,,,,
  ,,,,,,,,,,,,,,,,,,,,,,,,,,, [ 3841040893637 ],,,,,,,,,,,,,,,,,,,,,,,,,,,,,,,
  ,,,,,,,,,,, [ 4173918503143267 ] ];
