BRENTFACTORS[9679]:=
[ ,,,,,,,,,,,,,,,, [ 8025016020743, 2698387940050879, 162872916394097673564571\
7 ],,,,,, 
  [ 645555452742338352322027, 755756855180794214093942289922308838425956158310\
6145256440039923 ],,,,,,,, [ 186763057189, 196834653153688609 ],,,,,, 
  [ 424502365383667486541, 1276815712109053232257788643 ],,,, 
  [ 204162606311978308493 ],, [ 1288581063200111 ],,,,,,,,,, 
  [ 6385230600067138409 ],,,,,, 
  [ 603989486503369249, 136860528504209750983, 23216997833594381989560851 ],, 
  [ 1391571638622922697 ],,,,,, [ 8381037773 ],,,,,,,,,,,, 
  [ 38551884187, 182489297452211, 103720417915901201161, 
      4462902160267190771672579 ],,,, [ 9965207844070347403 ],,,,,, 
  [ 2130839465831, 21260896154109027118357, 124083521098401198141195313, 
      1187499380985491899997151373 ],,,,,,,,,,,, [ 314661466494301 ],,,,,,,,,,
  ,, [ 169701743873 ],,,,,,,,,,,,,,,,,,,,,,,,,,,,,,,,,,,, [ 540707378720087 ],
  ,,,,,,,,,,,,,,,,,,,,,,,,,,,,,,, [ 835333737966719 ] ];
