BRENTFACTORS[4051]:=[ ,,,,,,,,,, [ 77786516968843 ],, [ 1579462951223 ],,,,,, 
  [ 12720515923, 104626727147060800777 ],,,, 
  [ 5064250567487, 11279913986891821, 1013208957189470023 ],,,,,, 
  [ 229137078475166323728491023 ],, [ 14209075743635528399354414381701979 ],,,
  ,,, [ 442960223177432958287 ],,,, 
  [ 2200924199, 6328910465081, 29098582109699406431 ],, 
  [ 2220133056282643892718157, 
      12186918671126095584561490322842098514656411226631 ],,,, 
  [ 103425387427, 8360518364335036685893619, 24041472327854178933751523, 
      10920580431208656329190211935608436239, 
      39075384680441855791761444947034646513990319632610895785356696994977 ],,
  ,,,, [ 28320964720019 ],,,,,, 
  [ 74244618579143020468637, 423221878522372222502838427523, 
      2169677934930569399475755481996656033 ],, 
  [ 81343934133994740078775597417 ],,,,,,,,,,,, 
  [ 453209094866609, 1016423459641871 ],,,,,, 
  [ 41988414681739, 2665987160967848983 ],,,,,,,,,,,,,,,,,,,,,,,,,,,,,,,,,,,,,
  ,,,,,,,,,,,,,,, [ 412940893665493 ],,,,,,,,,,,,,,,,,,,,,,,,,,,,,,,,,,,,,,,,,
  ,,,,,,,,,,,,,,,,,,,,, [ 1695133283 ] ];
