BRENTFACTORS[884]:=[ ,,,,,,,,,,,, [ 118986848969 ],,,, [ 2079769627113707 ],, 
  [ 15585888671, 57660903221 ],,,,,,,, [ 10710559847089 ],,,,, 
  [ 2154012049454188961 ],,, [ 2196933337186365991462621 ],, 
  [ 89979814152521934323 ], [ 29406665205302288344109 ], 
  [ 57615422686771, 886740694672484089309 ],, 
  [ 5628354533122375441671853, 191481061014011994976922639300335363891 ],, 
  [ 281854058737, 526403336958090022713787 ], [ 11828449450773663211549 ],,, 
  [ 1177621521497017, 121105783624264409725569508779795398166711307323154391 ]
   ,,, [ 9784228069034201 ], 
  [ 4146875428459458067, 296159828399299072681419157 ], [ 22309496873 ], 
  [ 59285598389, 85517175967, 3838082549892236011 ],, [ 25751441761 ], 
  [ 517120021536721, 613145308036577 ], 
  [ 49920888151306167726073957190769187 ], [ 63622553896231241 ], 
  [ 147876159026599 ],,, [ 323808913979, 1015429495925279 ], 
  [ 7555299459793922187395101 ],, 
  [ 611055864588185871461748007728649061, 169374318975254213583350918133371673\
48468971 ],,,, 
  [ 15639535271974100191, 223029722229880684985696398641139823391755239 ], 
  [ 21323458362991, 46175952787721 ], 
  [ 7928954027620547, 1575003557534332151 ], 
  [ 36039560761, 105482423511634552386168601 ], [ 1759579942193278333699 ], 
  [ 1090688010335321038934798875502219 ], [ 6546852796103310015413701 ], 
  [ 22881823577, 104595412458955648451101549, 
      44190629912472438073406783432261 ], 
  [ 35901350436017837, 42232614727110809, 756632328899829941050339 ],,, 
  [ 102641695441, 1712963981268095375041203415953634938881 ], 
  [ 8182393834008981109652374775733163 ], 
  [ 188857418747, 26534782623810222661, 62901157820642426947 ], 
  [ 533250869457098220680635711 ], [ 1090644241 ], 
  [ 1496077181, 16526380760581, 73335929309561, 191597319499826101 ], 
  [ 1605611886058241 ],, 
  [ 6038232289, 236522448624269897, 8591118738764999788427745455989753 ],, 
  [ 16611391465980807947401 ],,, 
  [ 28206223160316979, 2846230576511205764053, 3439417468713037055089096921, 
      12112213098052259284619370466369 ],, 
  [ 116466482693895391148081, 110179795304590074702971291, 
      928466117360111387967187625945431 ], [ 56798331355180609 ],, 
  [ 125760376910069959 ],, 
  [ 356162129201, 3997103296601, 28730355542946902695165930001 ],, 
  [ 582434288632159, 1630466971914513781, 5615899012164046789 ],, 
  [ 2202068592088062214421106281 ], [ 80768098487675170213460931631 ], 
  [ 353009926409161208558763035443 ], 
  [ 9289478279, 122623465687, 2822062309276517 ], 
  [ 28162397657888038247096738291617 ], [ 5616424409833 ], 
  [ 1191278441, 3932165785513764846429149793213761 ], 
  [ 232627838478347251017359398561 ], 
  [ 1284272849830013716012699906270080928116941946783588972501638369 ], 
  [ 4266048547 ],, [ 1416953830211, 2950264939411, 1762650509435071 ], 
  [ 30845594858032672909 ],, [ 3626471581, 21287669287, 111136671713399 ], 
  [ 2040887590373311, 25731892832849992559 ], 
  [ 172529777823529629361, 2841239737797061980245521 ],,,, 
  [ 1465175734514912705280501797 ], [ 2617548751, 3424711751 ], 
  [ 1150080831805916683 ], [ 12153437213 ],, [ 17342908071879535042987 ], 
  [ 13253303544781, 921991700853211, 65168347052963540190391091578061, 
      89296794232404999484702454468551 ],, [ 1506881733901153501 ],,, 
  [ 3054446923141 ],,, 
  [ 6622306395842333128450923078493, 245165403123889518968251854948409 ],, 
  [ 120660587158021 ],, 
  [ 17629467419, 1590563319797134560179143348771964374117753 ],, 
  [ 1126278721 ], [ 4453213890184452941 ], [ 11667451683775976197713988339 ], 
  [ 10412293506408693817, 260632633626286551466281542287 ], 
  [ 23345156304784404540976063957 ],, 
  [ 3559044679929864451, 10501646771954532451 ],, [ 2873692813900540553 ], 
  [ 3645611007373 ], [ 5639919426481158589 ], [ 4517749351, 1905588965938261 ]
    , 
  [ 3063756688409925510133, 3853623403045082289481, 7211993565813742444909 ],,
  , [ 170140096501 ], [ 10067235041, 98475928961 ],, 
  [ 268291791888439807, 337105724230693492288237 ],, 
  [ 3365326939753, 2805078289624582133 ], [ 175368341611 ], 
  [ 6218702990733433848631 ],, [ 281250984020202333864214446169 ],, 
  [ 621980004106807441 ],, 
  [ 35141481910309, 30157838560532815133, 201866452530280794257 ],, 
  [ 4581763128871, 33323610931500997, 267847838747596969, 
      605330935586974451467027 ],,,, [ 1684116347369244476497 ],, 
  [ 443315134533424871077317911310584543056652761 ],,, [ 96973682623 ],,, 
  [ 36260856184759 ],,, [ 1124229180817, 1400388754591 ], 
  [ 61361446812941121599441641 ],, [ 35184005377 ],,,, 
  [ 13375234363770049, 245775742232062477 ],, [ 15460846158086888816261863 ],
  , [ 4997092671996001, 1227306416989622924401 ],,,, 
  [ 2150281164000829753, 2156011150941205828658907517 ],, 
  [ 13329599977, 16495728719 ],, [ 787660572817, 4581877141921 ],, 
  [ 59159078788111, 263043078415807411, 116140703232326011632885508516711 ],, 
  [ 143290882223141 ],,,, [ 2144093268601, 8965604381764033 ],,,,,, 
  [ 2376359929, 4409689231, 4363936357835947 ],, 
  [ 56412575302622181217, 332525992964656347137 ], 
  [ 328395957488101, 144492788603583001 ],,, [ 3442755541 ],, 
  [ 2234990822791902869191 ],, [ 13768608008849 ],, 
  [ 4419456352327459, 1855076896877049379 ],,,, [ 30977176514465285371 ],,,,,
  , [ 3859434377 ],, [ 4262799702943 ],,,,,, [ 564030345016657 ],,,, 
  [ 120700904713217 ],, [ 8524817392783 ],,,,,, 
  [ 1521289969, 276416477312155489, 13730655988123455073969, 
      1094836144487192225910529 ],,,,,, 
  [ 13690769311, 22043555293150916973410092111 ],,,,,, [ 292813112701 ],,,,,, 
  [ 580847748765901 ],,,, [ 6606287117 ],, [ 4068336005154931969 ],,,,,,,,,,,
  , [ 5116105201, 2409068813023801 ],,,,,,,, [ 7438381721, 5042198116649 ],,,
  , [ 169069568617 ],,,,,,,,,,,,,,,,,,,,,,,, [ 12165619113744204529 ],,,,,, 
  [ 822896884331713 ],,,,,,,,,,,, [ 566659720951 ],,,,,,,,,,,,,,,,,,,,,,,, 
  [ 1280929357 ],,,,,, [ 4954547418241, 136916973987841 ],,,,,,,,,,,,,,,,,,,,,
  ,,,,,,,,,,,,,,, [ 3022441801 ] ];
