BRENTFACTORS[3121]:=[ ,,,,,, [ 16042422131 ],,,, [ 53990285156809 ],, 
  [ 44151356402557 ],,,,,,,,,, [ 6316926541, 133007694881342660167 ],,,,,,,, 
  [ 7531911439079252987 ],,,,,,,,,,,, 
  [ 130155302587, 457936792673411, 260447644900809082034547277 ],,,, 
  [ 80507351073339972107, 4616593450470687418847543543 ],,,,,,,,,,,,,,,,,,,, 
  [ 10184226953657 ],,,, [ 4830925201 ],,,,,,,, 
  [ 1965212128403254786865074171 ],,,, [ 22886587375047165727 ],,,,,,,,,,,,,, 
  [ 816019633431414463 ],,,, [ 9420925522706124089874650894671 ],,,,,,,, 
  [ 302803293621770455237 ],,,, [ 10180428997 ],,,,,,,,,,,,,,,,,,,,,,,, 
  [ 2353442091992438929 ] ];
