BRENTFACTORS[936]:=[ ,,,,,,,,,,,,,,,,,, [ 13444439863, 171033404971863683 ],,,
  ,,, [ 8977791887416088218501 ], [ 739800906833 ], [ 205654955753473563907 ],
  [ 23321007893 ], [ 42933462833362529837 ],, 
  [ 162710855766663374205647009039181601 ],, [ 4192476716617927 ], 
  [ 159984764909 ], [ 6896627921 ],, 
  [ 134879490800295067, 86467249193725193469700876699172033171 ], 
  [ 6643029167 ], [ 10764346753362104673503462263 ], [ 3618923286241 ], 
  [ 76275680638748296063703259413, 217333331396252330304381095676783149021 ],
  , [ 29286331813, 1006358484469385601580711 ], [ 9532755841752334489 ],,, 
  [ 14235334151 ], [ 314095582690369 ],, [ 242570206472206901 ],, 
  [ 209588818481849, 119455484469671741 ],, 
  [ 63923592367, 123540709943165452957 ], 
  [ 64392525095426905301, 157900083769998506289315205871 ],,, 
  [ 5799540476581544286689 ], 
  [ 311373182177117, 3577769773559923, 345722891056261462220944732945937 ],,,
  , [ 469599972607766921941277713, 481409759484267320356088554459 ],, 
  [ 233489365421219311, 8688856299597547335991 ], 
  [ 231274787539739624650267 ], 
  [ 4081765212013, 2458602566643659, 120133698591405858367892879669 ], 
  [ 2885668599241, 6997700125189170853 ], 
  [ 9544092361262842562521422263691203326501137686247540883 ], 
  [ 34180117560191, 174274787920381 ], 
  [ 366176802514973, 3137827108600989416185891 ], [ 553338689329 ], 
  [ 5242602457, 680739838824611, 5966151110212418761, 
      1962276801316535151445576093 ], 
  [ 39160386788447401, 3419913229044461676299960413719480782929 ], 
  [ 128894288577329248651, 786132356439972075834959898533867881457145151 ], 
  [ 354002222449696294281654331187902518301965113717 ], 
  [ 246961109154299, 260465534288067892187069655760387 ], 
  [ 9098802433579, 90785151706003 ],, 
  [ 60164698001, 7020059037601, 160599812056081, 25498842439561921 ],, 
  [ 79244028053, 3095005444888550387 ], [ 57100095381809480942041 ],, 
  [ 354030876037074221, 139601435688538739910687551 ], 
  [ 12850865816191654661, 172664557922265785456879 ], 
  [ 17085618209758274349443071, 133178991083554806762717519883 ], 
  [ 3544171489, 90245966659553, 113526031315766204335316912592536081 ], 
  [ 1656833206242474329441033 ], [ 16977054529145891728899541 ], 
  [ 5518106323627140067553 ], 
  [ 28314013674493, 8315775992163221, 8992788450017089, 48376022022213077, 
      294839824365768906515261 ], [ 2199583746241999675892800771 ], 
  [ 1646453147, 4946417554496581962817262430278371258812773 ], 
  [ 2076430956247449126931, 16518757299810824686724711 ], 
  [ 303493019390607944946049, 727686477422992914866219050413601 ], 
  [ 258765761027, 9240924937377989861, 23003593768985416834213 ], 
  [ 40728146753558990427521 ], 
  [ 60251905805202073909, 1574107195371561476209 ], 
  [ 332896836871410937569727390070950601, 
      4316989135139691244266920096287669301 ],, [ 601984367091501127 ], 
  [ 8023491832286927 ], 
  [ 827004520006474967918177, 37556715106156766264403810487649, 
      584966953622247048734718776069059697 ], 
  [ 40639245053109817061055116401, 2331659138986910985761048924254081 ],,, 
  [ 18741462190202257512174678653236849213 ],, 
  [ 32510086320759258319508014265641 ], [ 26494932103 ], [ 22428839419057 ], 
  [ 85126343636129 ], [ 124759382011771467183213605939504281 ],, 
  [ 41981798793541, 44223826347150553, 1216555902161664349 ], [ 1100838727 ],
  , [ 35917298999 ], [ 87074385721, 1757250964236410880350285041 ], 
  [ 2212097801, 7434813259479112519 ], 
  [ 5079070573, 13714221179, 10328881674613 ], 
  [ 28513799801230333939, 27692796336069148706557 ],, 
  [ 27720057276986837479001 ], 
  [ 1021100633911, 411648296556043, 462223248482739279800377 ],, 
  [ 9358882208521856513 ], [ 53961282049, 2019811412909509, 3966842317799941 ]
    , [ 86365128737291, 2007856731306767251, 1321797544775661621507451 ],, 
  [ 299281661459561841434628188862723826066458880770841 ],, 
  [ 109328511350372920187, 136319241709858054022594412488251 ],, 
  [ 3660742757081, 3614957439654957718897 ],, 
  [ 7019419889071, 3644026741222927 ],,,, 
  [ 155482353017, 4366152802049, 90531891151939, 4283609543282768341, 
      371916347386822049243, 10080255276438806768138441, 
      551202100393121793305571025922363, 563071731591116338815648745043843 ], 
  [ 1447066193 ], [ 35034376908961 ], [ 3036627797787939391 ], 
  [ 58980430546261267, 497404031301035029, 34503477396289862495065491377 ], 
  [ 105352892823148489 ], 
  [ 3330294799829521, 79832022636410457377, 115204820803510374989737 ],, 
  [ 1049314727165808317200788129466351 ],, 
  [ 207770227433, 60683300651918553239857481 ], 
  [ 287361135163, 17748588457279 ],,, 
  [ 1736856889, 3778391404451509, 2570530626586567298629 ],,,,,, 
  [ 38155074301, 39677874335120959809373, 1655626895962711588819789543 ],, 
  [ 350529390613 ], [ 1349687461 ],,, [ 7458792433, 39143544445657 ],, 
  [ 1102210070501, 6073169408951, 21316580700138961 ], [ 12261794119903 ], 
  [ 1053020878759769, 31639141469202657337 ],, 
  [ 3987802065810181, 5386980755485354436713, 334266294803009140170397 ],,, 
  [ 79795032739, 191080643113, 4762984074815623100460103 ],,, 
  [ 1023998320405021000471205132951065524522781, 
      117585517143619277455287289528180998278139514407121 ],, 
  [ 1655959033, 10127337403, 1040932570455475252283 ],, [ 91969219077075257 ],
  , 
  [ 22162626331, 58773885474536209, 831742812833801587, 1103084331727975895399\
866278736202749 ],, [ 29894700809 ], [ 4739988457 ], 
  [ 647359642568670041, 180656261621454463137044861 ],,,, 
  [ 86438947297, 308203282873542389 ], [ 58633902991 ], [ 543397498692721 ],, 
  [ 2242425439, 25601463434736289 ],,,,,, 
  [ 19434032391692890513, 259380634604415261364365277 ],, [ 132796686994339 ],
  , [ 17726139336673 ],, [ 372834581163587341, 1748479370843099578240322011 ],
  , [ 14956020399421 ],, [ 40095446398627 ],, 
  [ 623793145033, 130707868114801, 17327981398744153, 77462296412396113 ],,,, 
  [ 23045799481 ],,,,,, [ 12033044608591, 26710478618741 ],, 
  [ 1019676193, 6555166988341, 438653073415621 ],, [ 2353199068698011 ],,,,,,,
  , [ 15986235329, 55129533939849167 ],, [ 70421538961 ],,,, 
  [ 12787420797334179169 ],, [ 1514593957, 128314582532327839 ],,,, 
  [ 230798543739834595001 ],, [ 1462317168313 ],,,, 
  [ 9184201729, 105551861249 ],, [ 226069933371685302091 ],, 
  [ 46641787891921, 22323420955554542561141 ],,,, [ 2274952153 ],,,,,, 
  [ 273312798874990553501314805361781 ],, [ 220678724753 ],,,,,,,,,, 
  [ 5682478507 ],,,,,, [ 311282811361 ],, [ 455000394203749951 ],,,, 
  [ 3745841767249 ],,,,,, [ 1605499801, 5435697901 ],,,,,, 
  [ 4061062641458791 ],,,, [ 25094505581 ],, 
  [ 26168060881, 31411624784830369 ],,,,,,,,,,,,,,,,,, 
  [ 1620991699616135093941 ],,,,,,,,,,,,,,,,,,,,,,,, [ 1709659709183205709 ],,
  ,,,, [ 475154434843201 ],,,,,, [ 66028694821 ],,,,,, 
  [ 3370208773, 122951871277, 15817799880613 ],,,,,,,,,,,,,,,,,, 
  [ 2143721971, 23494105441 ],,,,,,,,,,,,,,,,,, [ 8506416481 ],,,,,,,,,,,,,,,,
  ,,,,,,,,,,,,,,,,,,,,,,,,,, [ 6587149951 ],,,,,,,,,,,, [ 1326507799 ],,,,,,,,
  ,,,,,,,,,, [ 17488085761, 146653071361 ] ];
