BRENTFACTORS[7883]:=[ ,,,,,,,,,, [ 1468888103 ],,,,,, 
  [ 1596027035975565583330537, 203458375838054244147243674229191 ],, 
  [ 4626707350528643 ],,,, [ 154964595899, 9610051326170819 ],,,,,, 
  [ 18397437754166437, 26022880666826569 ],, 
  [ 12430985259493086849584467, 5990266620992012740091839697826245823871837 ],
  ,,,,, [ 81085616699, 414965738286521, 102975497952377317 ],,,,,, 
  [ 232942040614469 ],,,, [ 162957201892922351 ],,,,,, 
  [ 324615090697, 220233127335601 ],,,,,, 
  [ 171212343424631981, 98968046334295491918009017099 ],,,,,,,,,,,, 
  [ 248437774108859 ],,,,,,,, [ 2498291261, 33036306180149909456338633 ],,,, 
  [ 58553744069 ],,,,,,,,,,,,,,,,,, [ 1083764523619 ],,,,,,,,,,,,,,,,,,,,,,,,,
  ,,,,,,,,,,,,,,,,,,,,,,,,,,,,,,, [ 1712201975443327 ],,,,,,,,,,,,,,,,,,,,,, 
  [ 10014049391 ] ];
