BRENTFACTORS[5701]:=[ ,,,,,, [ 1950689441 ],,,,,, [ 1474646833377901 ],,,, 
  [ 196459302827, 309240400633831 ],, [ 718571572513, 4505774092759 ],,,, 
  [ 136259085548959, 1370422098669639144558354553 ],,,,,, 
  [ 41439608323798050001 ],, 
  [ 3804185484553, 1593603378633298380983, 36327619712780135281470934283821 ],
  ,,,,, [ 2754241193457679487, 1102710688985922732156376331008429 ],,,, 
  [ 15342963391718881493140396123095547 ],,,,,, 
  [ 68217526839792733573244470885502790371806436916070788402640581363390339583
     ],,,,,, [ 88384397209 ],,,,,, [ 5234642836103081885017 ],, 
  [ 523522620197, 826997412767604507381988811 ],,,,,,,,,, 
  [ 6846425773103368117 ],, [ 4597794215347 ],,,,,, 
  [ 1616386927, 799555487224079, 4593323035445717, 67675547503958668044637 ],,
  ,, [ 3998578008316894861 ],,,,,, [ 3506956001 ],,,,,,,,,,,,,,,,,,,,,,,,,,,,,
  ,,,,,,,,,,,,,,,,,,,,,,,,,,,,,,,,,,,,,,,,,,,,,,,,, [ 5979275555911327 ] ];
