BRENTFACTORS[6133]:=[ ,,,,,,,,,,,,,,,, [ 101821304297 ],, 
  [ 1330880259314999722737439 ],,,,,,,,,, 
  [ 17691477930677813322486838064438089 ],, [ 1783931421249011095109561 ],,,,,
  , [ 2512373377883, 21463962038219 ],,,, 
  [ 3443293367122243, 1231141499899392608054490791114057 ],, 
  [ 1905222301771, 1541168225590438160469037 ],,,, [ 9156949183 ],,,,,, 
  [ 333218375587 ],,,,,, [ 7205667169, 279206508774112528207480504961141 ],, 
  [ 2107917070647687180103 ],,,,,,,,,, [ 22892208371 ],,,,,,,,,,,,,,,,,,,,,,,,
  ,,,,,,,,,,,,,,,,,,,,,,,,,,,,,,,,,,,,,,,,,,,,,,,,,,,,,,,,,,,,,,,,,,,,,,,,,,,,
  ,,,,,,,,,,,,,,,,,,,,,, [ 1195411339249 ],,,, [ 180255815937359 ] ];
