BRENTFACTORS[395]:=[ ,,,,,,,,,,,,,,,,,, [ 68052716747 ],,,, [ 235691328979 ],
  , [ 4058769159433451 ],,,, [ 491708722405984019 ],, 
  [ 23029005773071, 33262852153933, 31552409716751177 ], [ 696145112801 ], 
  [ 48500971501921027 ], [ 11370514499 ],,, [ 6209161413873445151 ], 
  [ 81713616063077239 ], [ 926520581398348802581 ],,, 
  [ 5489779849, 8967094921 ], [ 171350552982863519 ],,, [ 71353976601113 ], 
  [ 2129648053004048920593769, 472567092730725415033560059527286985641426213 ]
    , [ 15352081640593 ], [ 101885455589 ],, [ 152085788077, 17408627811769 ],
  [ 375036698370200413 ], [ 4469255702988604553 ],, 
  [ 5772077081, 414418415071, 51238716382591, 45892981749056641 ],, 
  [ 194393945136443623, 18154172522988533691652563032521 ], [ 214907102171 ], 
  [ 37080225967565399, 4956352297702594414397, 158174051574532519064257 ],, 
  [ 177911297651, 810292959717585329214517 ], 
  [ 4509599085689, 126785462247343, 1903639423013199331 ],, 
  [ 464734699034500773357569 ], [ 9725256428217998500475462798715155596321 ], 
  [ 139357326612507552781 ], [ 980061062753 ], [ 13660854036085637 ], 
  [ 69299709229 ], [ 1377321239300161 ],,,, 
  [ 560665987134975740825288260711039658362937 ],,, [ 11126223442050496319 ],
  , [ 4362833303, 77034399395669 ], 
  [ 190625996321, 4112901931752051256406651968241 ], 
  [ 22758217983659885241263014389701396955166702191697860052759 ],,, 
  [ 352015252218182476234249 ],, [ 323039140279 ],, 
  [ 369028812292264872546539657846691408593 ], 
  [ 39009373685857, 27094314980551179523837 ], 
  [ 97413248855071, 346637527094791 ], [ 35283299686301689426003766713 ], 
  [ 634652498244627940534302964637, 1075506537606072201889607310541 ], 
  [ 35953080510440868726997495559953 ], 
  [ 22845202559458952117, 157524329573206152121, 
      1823047249108316927006787834271 ], 
  [ 20399294352151721, 16492392889461060791, 11495268216991578102009581, 
      152568750072020301754152541 ],,, [ 3421148877280947583 ],, 
  [ 1206836101, 72173364101, 116972805239453455508456640172740701 ],, 
  [ 405740789245192741, 30623092222037890384955409949 ],, 
  [ 1267457890522571689942001, 6651762470848604465212997083220993 ], 
  [ 1456556851, 241160766864424261 ], 
  [ 185962746930216249317, 204311901340612414068660998419 ], 
  [ 419193350146903 ], [ 69476052241 ], [ 3922101221963 ], [ 4341786131 ], 
  [ 719041772073525757 ], [ 191435171437967399604500208424657 ], 
  [ 1410615696334755737, 710318149317600585851 ], [ 640921589713 ], 
  [ 44124781021 ],,, [ 6259092680135849 ], 
  [ 2190285917, 139589268757371748673 ], [ 28388027882014237938120121 ],,, 
  [ 148081428290659603 ], [ 4427540913432246563605008041 ], 
  [ 38426314501, 8290598456243251, 40785144365656501, 140477345917967251 ], 
  [ 36966136789, 75466436590063, 162857619266447174171779783 ],,, 
  [ 5678284333 ], [ 95240738351057911, 7803719405984176749895821801253181 ],, 
  [ 539139948262229950976727088068313 ],, 
  [ 193949077928783, 116562523446422519 ],, [ 5936356889 ],, [ 3020718069751 ]
   ,, [ 27625793161, 506063289800564021 ], [ 3393277519 ], 
  [ 14530773624913458431, 1012253193897167453291, 
      317337920602750852667514260423, 6687111992803790860479734739191 ],, 
  [ 1303801168177 ], [ 586478846061339041 ],, 
  [ 23182487240487173761, 8555283745084670933075731 ], 
  [ 1114312055629, 171425088442487941, 526479859696976374531518037 ],, 
  [ 1302131780653051 ],, [ 128012890337 ], 
  [ 2085392960857, 2295996094247679217 ], 
  [ 2867241606923, 37641618589078406879131 ],,,, 
  [ 157198286057299861658064002552909 ], [ 2094806774149, 234038774023729 ], 
  [ 459289271041 ],,,, [ 485842700033, 33885221927065574052304069 ], 
  [ 393080686351 ],,, 
  [ 100220413383889, 310840024451166006867134628456628519404769 ],, 
  [ 79524678251, 103854787518551, 700064015702431, 136434315627380741, 
      4697060746933764010961871819271 ],,,, [ 2196659347 ],, 
  [ 53729976961, 218621922641 ],, [ 2740697329, 811447180089017 ],, 
  [ 8703681731732240641 ],, [ 2186942366011180914448665412879 ], 
  [ 604402824343 ],,, [ 96209668160134381 ],, 
  [ 39195402280673, 10604227754385449 ],, [ 42964841551 ],, 
  [ 26891127973901492898241 ],,, [ 40747641481, 65689416391, 708474281111221 ]
   ,,, [ 971634261313 ],, 
  [ 378995977201, 156713567759401, 13064766689799700801 ],, 
  [ 2906722437460620329 ],, [ 2394007117, 93028418641 ],, 
  [ 833147698007, 3876535402739 ],,,, [ 756577517431, 32358330142990398961 ],
  , [ 61729558133, 1651056742849 ],, 
  [ 20449645710899, 2960143566312205935377 ],, [ 198038767415261268351241 ],,,
  ,,, [ 1332503220798811 ],,, [ 1843279201 ],,, 
  [ 121613444401, 341661012727395961057, 20524714693595995585989133 ],, 
  [ 5045211001 ], [ 1148377206439 ], [ 56598502722721 ],, 
  [ 26120530333, 1081162236647125082503 ],,,,,, 
  [ 14604718081, 70343279077681, 14013179888016854275302856951441, 
      1202655673713002841868683846261603110403326792401 ],,,,,, 
  [ 2399890889205361 ],, [ 1787556473 ],,,, 
  [ 612086783480925888241, 23928346706309138733759001 ],, 
  [ 39120177251723713 ],,,,,, [ 2771636672741 ],,,, 
  [ 4009045393, 2327829618901981171561, 4917318718139769732913 ],,,,,, 
  [ 163602717571 ],, [ 7389802897, 9598901761 ],,,, [ 9189078589 ],,,,,,,,,,,
  , [ 116780999329 ],, [ 187925745533941 ],,,, [ 2711861569936429 ],,,,,, 
  [ 70155089194005001, 6514084587694990915801, 13198024930966066878301 ],,,,,
  , [ 10537700316065671156399, 54551169327928230936829 ],,,,,,,,,,,,,, 
  [ 127863482561 ],,,,,,,,,, [ 2211255803602049821 ],,,,,, [ 9149990558017 ],,
  ,,,,,,,,,,,, [ 131688106275292290151 ],,,, [ 32429438029 ],,,,,,,,,,,,,,,,,,
  ,,,,,,,,,,,,,,,,,,,,,,,, [ 71732615067165097 ],,,,,,,,,,,, 
  [ 4468635436273, 39605516038657 ],,,,,,,,,,,, [ 22529185141 ],,,,,,,,,,,,,,,
  ,,,,,,,,,,,,,,, [ 246942111195001 ] ];
