BRENTFACTORS[8887]:=[ ,,,,,,,,,, [ 22610950429 ],, [ 23510897411 ],,,, 
  [ 35980503364573, 543794260516651 ],, [ 1382573094178990963 ],,,, 
  [ 3262078409, 6206170800611, 196602763610989, 594061874084347, 
      6695917021830003938388435023 ],,,,,, 
  [ 757419387623, 17923474234163460936013364680809478047458399 ],, 
  [ 163341397064771 ],,,,,, [ 6225652326775656913 ],,,,,,,,,, 
  [ 118641247327, 9450684874645213, 506348552863063133 ],,,,,, 
  [ 2414316303031774657 ],,,,,,,,,,,,,, [ 12061262407865636513 ],,,,,,,,,,,,,,
  ,,,,,,,,,,,,,,,, [ 35731191989, 234250179101, 2114900576617147511 ],,,,,,,,,
  ,,, [ 27690509549 ],,,,,,,,,,,,,,,,,,,,,,,,,,,,,,,,,,,,,,,,,, 
  [ 1716556223 ] ];
