BRENTFACTORS[4951]:=[ ,,,,,,,,,,,, [ 112259742408503 ],,,, 
  [ 46152419216909287 ],,,,,, [ 1332741143536631989768724639144983171439 ],,,,
  ,, [ 2035179866916366912957623531 ],, [ 67141800926548391 ],,,,,,,,,, 
  [ 2385829361, 75330332224110533631008290197576059869 ],, 
  [ 42411035466149509546870343702905870442829748109 ],,,, 
  [ 29886356665133681858921, 3146247832100032416704255082967177 ],,,,,, 
  [ 280660141699851002503, 159439642786601421979853 ],,,,,, 
  [ 59554962778179536983092644967679 ],,,,,,,, 
  [ 217598480664912059051, 14988383637303122133695717501907718939 ],,,, 
  [ 89608412437, 1123317295883613199107860351 ],, [ 117388284809 ],,,,,, 
  [ 136531135274454657051197996677888377924367859 ],,,,,,,,,,,,,,,,,,,,,, 
  [ 1238999787227, 55328822523272918171 ],,,,,,,,,,,,,,,,,,,,,,,,,,,,,, 
  [ 591991475497457699 ] ];
