BRENTFACTORS[386]:=[ ,,,,,,,,,, [ 1390260587 ],,,,,,,, [ 39589555087225463 ],
  , [ 2625551377 ],, [ 262413938181151 ],, [ 126121088824513214801 ],, 
  [ 101169381069398557 ],, 
  [ 206415215348501, 443044718965831, 955337560366226858741 ],, 
  [ 1962425119639428893 ], [ 51918815041 ], [ 24895634347 ],, 
  [ 54541672812163475212415681 ],, [ 22377556933, 732367631417 ],, 
  [ 25864933020733, 1272966086128330287877 ], [ 19356196921 ],,, 
  [ 1321582813, 57413933037677630383, 39493847902985250031687 ], 
  [ 3022121917, 1115181567546113 ],, [ 24618106426659001 ], 
  [ 19419334212281118994379491, 263345185257511641511186525978439 ],, 
  [ 37200867343640981 ], [ 18575635501, 9115653403301 ], 
  [ 4243504013035670194044613 ], [ 3033642509, 61635655038673 ], 
  [ 26657329759, 2494734126709079, 2565763220390086835020627828798081 ],, 
  [ 18775077317261 ], [ 513107102043568414817 ], 
  [ 1286154841, 1539919526053, 133720171226776715450239 ], 
  [ 2450516009, 47710673503, 3444743867692229 ], 
  [ 4110761860031265011, 5762760357731502425927293, 
      17726518910653894182206107553 ], [ 1392220783561 ],, [ 16184168077009 ],
  [ 102933409527740107, 147508599974261613659461 ],, 
  [ 317568159871, 17887069619066051 ],,, [ 992676616313, 4938915134552521 ],, 
  [ 1385702465182680024128133491 ], 
  [ 34570719132823, 8565914082276490073507165160998520276233 ],, 
  [ 48076683697221831541 ], 
  [ 508217716776943236650099, 2565006976938954312583473512267 ], 
  [ 4724038712101, 53722067285981701 ], 
  [ 3445715513, 234488598210701929, 3371117724240157089421 ], 
  [ 404024987983, 16511442561334939686931, 366926470429068028922690017 ], 
  [ 9911033402323 ], 
  [ 1440594147367, 39085525788857110489, 2475671971322812810447, 
      1705557537039430941970423 ], [ 3622360961 ], 
  [ 1011100466611, 43974750950046486883 ], [ 253998765977052497839968382807 ],
  , [ 23056229578802197 ],,,,, [ 9246814667 ], 
  [ 2054406691, 217351580186370601 ],,, [ 215498589332375896549 ],, 
  [ 21479231056035077281586741 ], [ 16060756238081829620831695006273 ],, 
  [ 21402901046347500556589048646773046351245311 ], 
  [ 13685476087145118539284051051 ], 
  [ 790274786701, 10003247313538660001, 170601623543155592101 ], 
  [ 3052429273, 4793309309, 1418803716540911 ],, [ 12673678117436881357 ], 
  [ 2982337073 ], 
  [ 83764311331, 785588054204521, 198124054742816791, 148432153772333774701, 
      523455547557271453591321 ], 
  [ 1403379543749, 3480424043647, 879679438138489, 
      889042104751953237804455669237 ],, [ 110205472537 ], [ 725379941651 ], 
  [ 1925401197722149693887221 ],, 
  [ 992507666144845952081, 4712999440612290608813631805248337 ],, 
  [ 1424350827799, 272044023509539, 750336639203935951 ],, 
  [ 2222313617, 1251087926485889, 15406366791945886995953413 ],, 
  [ 5120740607239 ],, [ 1274873632278385921 ], [ 22329861269 ], 
  [ 88324156185773, 7002952594290996031097603 ], [ 6914199739 ], 
  [ 1764289237, 257890943538224251098991333 ], [ 8422308001 ], 
  [ 447437978212563642907 ], [ 589980477391 ],, 
  [ 18768765613063, 232681629473901070300921 ],,, 
  [ 3326721345289, 253341760290031117 ],, [ 47535943240313021197037 ],, 
  [ 294079937009, 6964957073897, 1807747510499369, 1835606532764029527721, 
      334175543596625532198550283393 ],,,, 
  [ 81192805481664600638216069461, 1182268984552857483527268846626758288553479\
261 ], [ 475267943959, 34042361686867530769 ], 
  [ 105457605346326190715466337519954871603 ],,, [ 75713463315361 ], 
  [ 493509180459331585211653 ], [ 734783738539314727836091 ],,, 
  [ 1646029951, 2679430051, 4808993600233410750749434521001 ],,, 
  [ 1342945408925611 ], 
  [ 11190213959, 1437849903491, 10734410707284041317, 577644362608642415442181\
79983 ],, [ 55993054397680453, 43495893973026800246868396045448381237 ],, 
  [ 422551748080939 ], [ 4273883749 ], 
  [ 1857580801, 1032197862413761, 457032247108168481 ],, 
  [ 23810192191, 426205227563629673437, 404699290637848861727129583709, 
      375530297288966039754146877827113 ],, 
  [ 33306854074337, 409277887656373242589781 ], [ 1630763136079111 ],,, 
  [ 9615053790589297, 199876231457506650226681090678765093431865090633 ],, 
  [ 78547551461501860841 ],, [ 5400118171014109 ],, [ 13650558913 ],,, 
  [ 39029814757 ],,, 
  [ 7423708141, 46892067301, 3024885634552981, 7872360482686416121, 
      1801873101074374299615481 ],, 
  [ 6936684006425099692428391, 14545971989947926557385721 ],, 
  [ 11765789779649, 2533800242413369, 308996955025793445041 ],, 
  [ 1345925655446427163 ],,,, [ 7314335761, 3753914056951 ],, 
  [ 3468644457262725099649 ], [ 60460590875479679 ],, [ 28840158280051 ],,,,,,
  ,,,,, [ 2479536923 ],, [ 6407970817, 164314608559745382337 ],, 
  [ 29878679970109645338568048720374494888117127606054893761 ],,,,,,,,,, 
  [ 1395304700858577618121, 180830328220842301197901 ],, 
  [ 36498609806911751044731943 ],, 
  [ 45436359361, 16579218862964801, 19338767025005569 ], [ 286538998951 ], 
  [ 379543566115823 ],, [ 1967805757 ],,, [ 1665952836241 ], [ 282746131169 ],
  , [ 88798526996603558002514803 ],, 
  [ 2284163200665133, 5688252531039317, 358191366964929469 ],,,,,,,,,, 
  [ 45561399241 ],,,, 
  [ 1924912751, 938604911501, 16431267879183003251, 196532074731350176501, 
      1596022744475434767001 ],, [ 5167631449 ],,,,,, [ 79282434735571 ],, 
  [ 91772185410438521 ],,,,,, [ 116406448649 ],,,, [ 113620197477511 ],,,,,,,,
  ,,,, [ 7006362757, 85226257871509 ],,,,,,,, [ 21505322071, 6506457119861 ],,
  ,, [ 197058513877, 327994182977265483898507 ],,,,,, [ 59085415736412475801 ]
   ,,,,,, [ 7940034757 ],, [ 5585099213 ],,,, [ 1370238169 ],,,,,,,,,,,,,,,,,,
  ,,,,,, [ 1191629377, 2337935377, 13205398791649 ],,,, 
  [ 938357999461, 4849902400538761 ],,,,,,,, 
  [ 120396444313, 4345671128797585669 ],,,,,, [ 8571566475481 ],,,,,,,,,,,, 
  [ 7056418879 ],,,,,,,,,,,, [ 1981222341589 ],,,,,,,,,,,, 
  [ 1299132942332161, 11772956968833061 ] ];
