BRENTFACTORS[373]:=[ ,,,,,,,,,, [ 7734564311 ],,,,,,,, [ 3953528893 ],,,,,, 
  [ 1650111801095028001 ], [ 4619985709 ], [ 4195222741 ], [ 2704225973 ], 
  [ 10921318804270831894070700847303 ],,,, [ 64365460860712103401 ],, 
  [ 1046734151, 2905433401126621 ], [ 37346073301 ], 
  [ 312194277626882123843, 16370561473484596398359 ], 
  [ 257482181213, 1371875667939167 ],,, 
  [ 1207838927, 41927417502199, 622160469323357275681 ],,, 
  [ 16764282842911033 ], [ 40779897411399628880071 ], [ 75691659101 ],, 
  [ 62064159076849 ], [ 10497912587 ], [ 3669726158401 ], 
  [ 1781740999, 4026071887, 1290157264057, 434153878941295069 ], 
  [ 15272546875524641 ], [ 186552969318514924856580186992671170818861 ], 
  [ 3313501291 ], [ 44504912350528257251556241 ],, [ 19876048771 ],, 
  [ 1353389748701, 991792318232627710570450050797569 ], 
  [ 21721822921, 2613700553041 ], 
  [ 8913822565337, 1028177914787478930354173252543911 ], 
  [ 54011930930263793593 ],, [ 78517500128487001623811457 ],,, 
  [ 8479022638901, 39350090601217601, 
      2696236735187751003412991794145411796230839169429 ], 
  [ 320126816535212833 ],, [ 5171250421 ], 
  [ 15805607740063, 308654118842578291639 ], [ 141492020046193 ], 
  [ 3847894340338259977, 4776506629543514285897, 3475315727238177239512561589,
      69526441022096806732232185282345018888184967476371 ], 
  [ 6493965205664325001783 ], [ 12600847045051 ], 
  [ 70656068556613, 20629650639799286074417, 125709204716237158274761 ], 
  [ 1244217899275180309440075476818874461199, 
      3062896881754285244820320269822587813071741 ], [ 10193135223961 ], 
  [ 34155551946202434975210481 ], [ 51353044384246721 ], 
  [ 1625284411813, 6005465748456847741, 110778214478042409061950190905626773 ]
    , [ 158972469111797501047968775933494681561432837177773 ], 
  [ 4181324201, 4388801293, 57051299491463, 2923200201164615899, 
      5447311238444753414879131647971 ], [ 7620026570865400614036174397 ], 
  [ 30746100394364469608321257921, 
      1268014946334111899634419550314581642483209826353250961 ], 
  [ 203292812174202454572497 ], [ 17028784051, 655999078347369961 ], 
  [ 1742140553033, 492405458247319696442232497 ], 
  [ 18805679550635897, 30189285040110504252461300883114394627 ], 
  [ 8689438981 ], [ 2297595119, 4959908591838827166721833730176171347 ], 
  [ 705547449636212898889 ], [ 424433220168511471027648963 ], 
  [ 17691484954928359, 739302029493321793284748401689, 
      3388851919334793365403476611619 ],, [ 30547119597668622144365253978913 ]
    , 
  [ 61752640603895082682068810907970580002609872042580465506728066399960140057\
8778295604595959031819552412909911 ],, 
  [ 225513618445110320864681671, 65494070793942888788027173114378483504969 ], 
  [ 10231302901, 482125700101, 12044068262760704839464913831601 ], 
  [ 404286072401, 2172384365756399 ], [ 312551958883, 3422243064398585083 ],,
  , [ 3455044423029094561, 233641891476565410227548580611 ],,, 
  [ 43000354333 ],, [ 139280695191859191580061 ], [ 55693785524529301 ], 
  [ 42386149009, 28467237444353, 6221312319370414897 ], [ 845140525423 ], 
  [ 2640036653556989004666397309753 ],, 
  [ 16604739996406434433189243041516467849982869 ], 
  [ 44495833652584939, 9423321966265584313 ],, [ 1909240186461650239 ], 
  [ 1267744136542201, 347950340399871481 ],, 
  [ 123927737182547031005197, 7429405081300486565330638983207690451 ], 
  [ 1808813990234670781 ],,, 
  [ 69383253871, 499147310719, 11040079654297, 2781010802915479 ],, 
  [ 127415611459119617, 13766109310430887286181377 ],, 
  [ 1248736708806071754881 ],, 
  [ 157499112590827729915742967313640683474811089 ],, [ 863900820936651103 ], 
  [ 136532103661, 7026142816274609604061 ], [ 4638352217 ], [ 519306685477 ], 
  [ 7281943153, 1013786825126332091896668370894828535504505428399281 ],, 
  [ 5135193841, 1706588513907338435106432789181 ],, 
  [ 3401880811070757068509, 3388548077396620360549079, 
      1610910903854907797557899067447, 2182676889723710239397269327216351 ], 
  [ 20244603523, 38943860099 ], 
  [ 107833133403217, 943783758154685870127140924621100846030612383233 ], 
  [ 2402731858591, 6266992471141 ], 
  [ 2090354517884337927899376310757, 28034517540719413762539526256249 ], 
  [ 1419173869 ], 
  [ 12072334249, 104224785109, 127633763611940852050613, 170594906649616589386\
28702063741, 19848742546938186031916825439561715927933921 ],, 
  [ 16282750114801, 20382963207675001 ], [ 256627279804603 ], 
  [ 13636130944993, 9718654637792390249845999445226302181050505750355633 ], 
  [ 4532705173 ], 
  [ 6904410899, 12136191119180951219073960823, 164197673406917785565731795919 
     ], [ 15789057299311 ], [ 783256909969, 5123794195573 ], 
  [ 4306053386157433 ], [ 432743974097, 2536411464129553 ],, 
  [ 2339623681, 3731363272465918383411784052801, 
      1714334966770594409632155026830154883767201 ],,, [ 104551624631 ],,,,, 
  [ 29606304706425217, 672854842618185398095800133736363880322987505534521 ],
  , [ 13963705844363140301, 3788660339202498641631452921 ],, 
  [ 69243512335010269, 598258250353872765770413 ], [ 2628506641 ], 
  [ 7006078990243, 2689619226872956780648296576264163 ],, 
  [ 2067373498609, 961453190219281, 1850686511432087462208964191406710289 ], 
  [ 15129642109, 5396996294759383 ], 
  [ 1308862568467, 1746412452831301612601150862322288703 ],,, 
  [ 363678445394302387903 ], 
  [ 2771235013, 5768111623, 14385091506001389164253244370238426340732969 ], 
  [ 307580100506821 ], [ 10601853970935232233184912795479822183569 ],, 
  [ 155646300258561357039298186873029326953937239 ],, 
  [ 373847539873, 13032802758841, 
      2297354028468165567927008620211134214381246145515293 ],, 
  [ 1958858298061661, 487938851361691661, 5345449745601583231 ],, 
  [ 286882481003329, 1059079864646378107386241, 
      4352445688219440504193674071718905237116930460215127986177 ],, 
  [ 76837663568023, 544536737464007680812840128971, 
      446348816025616865782096791605287795549 ], [ 397265437531 ], 
  [ 185111160501748143293 ], [ 42057789647 ], [ 4882508731 ],, 
  [ 10188276401 ],,,, [ 27461109282589 ],, [ 90053981045771 ],,,, 
  [ 27752596621, 42551213461, 43690629571 ],, [ 9629151334769 ],, 
  [ 9828113069, 532431486187 ],, [ 3149713057700711338489 ],,,, 
  [ 1373848640901556485161, 4691733700286797054441 ],, 
  [ 1969347075616293269539 ],,, [ 3466252351 ],,, [ 248368884200338861 ],, 
  [ 342571305341 ],, [ 2147575049 ],,,, [ 4285029109, 37754165609 ],, 
  [ 1313099789, 21412723220531740625347 ],, 
  [ 1057890047761, 246275012416114106401 ], [ 1012284800671 ],,,,, 
  [ 10469700580422438231043 ],,,,,, [ 68999392477 ],,,,, [ 1300961243 ],,, 
  [ 1985508505920586865401 ],,,,,,,,,, [ 4689661861 ], 
  [ 180648901029316517383 ],,,,, [ 161107026731629200913 ],,,, 
  [ 2123220698694761 ],,,,,,,, [ 14986230533230306015274890050764641 ],,,,,,,,
  ,,,, [ 1205520609905718331201 ],,,,,, [ 42817335193 ],, [ 20356448580161 ],
  , [ 9938933561 ],, [ 1669161149097822297217 ],,,,,,,,,,,, [ 28708562306989 ]
   ,,,,,,,,,,,,,,,,,, [ 120459825163, 161238425671 ],,,,,, 
  [ 45298777972345633 ],,,,,, [ 108927659917 ],,,,,, [ 435120108289921 ],,,,,,
  ,,,,,,, [ 5649063367, 1282283953127582677 ],,,,, [ 130717835263 ],,,,,, 
  [ 4640873089 ],,,,,, [ 6752781751, 174959094181 ],,,,,,,,,,,,,,,,,, 
  [ 431983646087137 ] ];
