BRENTFACTORS[9467]:=[ ,,,,,,,,,, [ 550555317549335011, 52785617950015863793 ],
  , [ 613761462913, 1404154371413, 8749524319589 ],,,, 
  [ 5098024974001, 42469376770861 ],, 
  [ 15843155678695999163, 95219818951891032846182384963666799674061640033 ],,,
  , 
  [ 3718119143, 11387804141975407, 198848709036100468949, 19353308344037538858\
9935790898695331 ],,,,,, 
  [ 3756323833, 1792375711639, 647595359794598362005949 ],, 
  [ 7379878581029, 31246132527947 ],,,,,, [ 2046998606717 ],,,, 
  [ 8016190031 ],,,,,,,,,,,,,,,,,, [ 1070625211 ],,,,,,,, 
  [ 6871950677, 3352232413603 ],,,,,,,,,,,, 
  [ 2844200819, 748377597377, 567724238496937 ],,,,,,,,,,,,,,,,,, 
  [ 88314810509 ],,,, [ 187711701176821 ],,,,,,,,,,,,,,,,,,,,,,,,,,,,,,,,,,,,,
  ,,,,,,,,,,,,,,,,,,,,,,,,,,,,, [ 697637065487 ],,,,,,,,,,,,,, 
  [ 237275277330383 ] ];
