BRENTFACTORS[190]:=[ ,,,,,,,,,,,,,,,,,, [ 3656240223256531 ],,,, 
  [ 826811524681 ],, [ 72294704704751 ],, [ 874361159119999 ], 
  [ 3308298559889 ], [ 3074631847593272801229573907 ],,, [ 1089700839329 ],, 
  [ 2070513811 ], [ 6312431371, 341753902141, 677824262221 ],, 
  [ 401501539882410956981550447925981013 ],, [ 6414064333 ],, 
  [ 4600852748209, 45098986943890031046413 ], [ 3707557626991 ], 
  [ 547715702867471, 2231788504963883, 19966316972105897, 
      53704019626339537459 ],,, [ 1756517630297 ], 
  [ 1116145097, 48043516091, 10807689835420942679115422278458103 ],, 
  [ 121578575930939, 61557015744752259184107632982509 ], 
  [ 629603283246598908001 ], [ 34083052753, 423441859973843319901 ], 
  [ 6037855370915317 ], [ 10625813333, 105522478959822308311661 ], 
  [ 21114567266707 ], [ 1630576836157831 ], [ 323214790108729 ], 
  [ 79301387628707623802008204191889 ],, 
  [ 3103813903747841, 13894916546506714831512181, 
      18907985677490327178909915953844529169911 ], [ 6513290821 ],, 
  [ 10265675669, 337476872693 ], [ 111526412509 ], 
  [ 116480450749260550531698241 ], [ 2980582021, 177066808227936710706221 ], 
  [ 11715318187 ], [ 2329711329392654120999 ],, 
  [ 510457825813123, 133200568665126742333 ], [ 8055462449740907547783011 ], 
  [ 1198719271, 1707992189, 2099722332581, 24443265172093, 
      11996454052545144663669456565183769 ], [ 74956673456371513 ], 
  [ 143653109265187736839 ], [ 4205788003, 9177196538750551 ], 
  [ 259052566651, 3629865134780851 ], [ 15754994893489165309 ], 
  [ 11011070801805383 ],, [ 1331316841972036850527 ], 
  [ 3495113467921511152989917441 ], 
  [ 46574473908180571273, 5373806212282945084940723752659442793394015040177 ],
  [ 22171228178819, 165843153138719803 ],, [ 344239532583494269 ],, 
  [ 8918579510177625375342817978816113981850493 ],, 
  [ 134859866857, 4949606078026193 ],, [ 1483367542831, 73527971961421 ],, 
  [ 29021863604356101137 ],, [ 934640418724387 ],, 
  [ 63734150468449, 55937096154013441 ], 
  [ 21629216006653, 4780150720291092483439 ], 
  [ 643614589071285343807, 6581362922922388391993627945666748029 ], 
  [ 10575912799, 78257159443, 1356182360155633674775123 ], 
  [ 18979892401, 103472467575601 ],, [ 436815914104750153 ], 
  [ 76458747821, 389584277479 ], [ 173589801563462476212459449609 ], 
  [ 113732881909501, 4964654500316488718442241 ], 
  [ 478518331069, 82407130644108853187194592117 ], [ 15426855023191 ],, 
  [ 1024095767 ],,, [ 69530855969, 11136630587377, 146310738521059429969 ], 
  [ 25400783710077907 ], [ 121473147412039, 394145059064683 ], 
  [ 959980357550337956381 ], [ 1504270021, 5515235197 ], [ 1520566410178297 ],
  [ 141117723446671 ],, 
  [ 6512232500041, 205590860702454481, 164541514948437271441 ],, 
  [ 1963987419719449, 172989357997743968519 ], [ 200856196894453 ],, 
  [ 1449826751, 6300294866283519001 ], [ 6354207577873 ],, 
  [ 70959129473, 612832532900737 ],, 
  [ 8066512878513390601, 773881189388113722371 ],, 
  [ 62953278259741, 7949962325359105084441, 67802791597450772454481297 ],, 
  [ 2996300971 ], [ 229545572187331 ],,, [ 92347564501 ],,, [ 17984205961 ], 
  [ 83332641923, 323800401076317718766228969436213004598163446779 ], 
  [ 17079576229 ], [ 502717603681 ],,,, [ 555470470955202161 ],, 
  [ 20261202641512051 ],, [ 1923203002769 ], [ 886741185061 ], [ 5142245417 ],
  ,,,, [ 1047378793, 440091351332713 ], [ 1133587201, 23747797441 ],, 
  [ 11314334341, 1797197113352198427060991614948977363315478082375458463 ],, 
  [ 2432030154241 ],, [ 31862659679 ],, 
  [ 5018465885684167393, 68586341509081297327387162480841521 ],, 
  [ 1637072250660869930951 ], [ 13485087627103 ],,, 
  [ 1365086153395537, 7024723613082824718357007 ], [ 6086542029401 ], 
  [ 383921470241 ],, [ 3908857678801, 176132024266291 ],,,,,, 
  [ 1513249121, 42939958093771451450729 ],,,, [ 13103430536449784628077 ],, 
  [ 27769913791 ],, [ 781518678243649, 54888015304738177 ],, [ 2221108523 ],,,
  , [ 10129643810917569566458298775253 ],, [ 45474204480580588895801 ],, 
  [ 445225317259 ],, [ 14471569406269 ],, 
  [ 4945040332343, 5002134639323, 2345452375755259 ],, 
  [ 4076689553, 372672389897671759793 ],, [ 363394466904202798888547851 ],, 
  [ 522147870437, 1486339339319161 ],,,, 
  [ 1705838017816477844353, 16030949317431109487497, 
      623495832245669626474840755694551112651838106049 ],,,, 
  [ 1186111961, 530621223656661512219021 ],,,, [ 450029322725567971681 ],,,, 
  [ 4748125309, 328989848041 ],, [ 7486198989150481, 183987440776596038891 ], 
  [ 2966898397 ], [ 1172872792305593 ],,,,,,,, 
  [ 317211237841, 862780534801, 140905467638161, 
      86533063363235852079711250374847687253761 ],, 
  [ 6638138893, 68056202094233 ],, [ 4555001273, 107089752737489 ],, 
  [ 3187072767550251363517 ],, 
  [ 16699886993, 20934720828473, 7206741581899643460569 ],, [ 39126620275751 ]
   ,, [ 53745821351483119260949 ],, [ 599199051496631 ],,,,,, 
  [ 29097707861, 2971199585381, 36495818278921, 14600931402271187741 ],,,, 
  [ 20675823842257 ],,,,,,,,,,,, [ 1698049429, 10021830990614353 ],,,, 
  [ 58955160881, 750031956850055638361, 1617759546212178220321 ],,,,,,,, 
  [ 274026682450660007807713 ],,,,,, [ 109111005316363 ],,,,,, 
  [ 3822490801, 3058997616922929001, 353093547543662038501 ],,,,,, 
  [ 2933792749 ],, [ 98084852713 ],,,,,,,,,,,, [ 2565923062793281 ], 
  [ 508487035756314331 ],,,,,,,,,,,,,,, 
  [ 13668906301264033, 19713229914053540257 ],,,, [ 1350453023041 ],, 
  [ 12618590201677 ],,,,,, [ 2513607829 ],, [ 780466272251 ],,,, 
  [ 159748415174335789 ],,,,,,,,,,,, [ 191103429589 ],,,,,,,,,,,, 
  [ 8120883713247649 ],,,,,, [ 7148189569 ],,,,,,,,,,,, 
  [ 511787180917, 19446818399432821 ],,,,,,,,,,,,,,,,,,,,,,,, 
  [ 1616312022361 ],,,,,,,,,,,,,,,,,,,,,,,,,,,,,,,,,,,,,,,,,,,,,,,,,,,,,,,,,,,
  , [ 101248754881 ],,,,,,,,,,,,,,,,,,,,,,,,,,,,,, [ 1032010128211 ] ];
