BRENTFACTORS[9157]:=[ ,,,,,,,,,,,, [ 339889298477 ],,,, 
  [ 3720312175561, 870402765635413 ],, [ 175978090213 ],,,, 
  [ 138532888110451187201 ],,,,,, 
  [ 209140440801077221, 56288347254837320070658597, 
      103355605399505848340058780544702638674502628337676920717759359 ],, 
  [ 35569498417499, 34392221858347109766931, 
      3147770830896841675698091499043181, 42183446441467777818001432596055321 
     ],,,,,, [ 1265708432559959, 16097837806181511325273160347 ],,,, 
  [ 81019360050076769395880997671 ],,,,,,,,,,,, [ 7383926293 ],,,,,, 
  [ 609064836044489297989 ],, [ 500453482071876969191 ],,,,,, 
  [ 101927217787, 1529894603539, 173340531695177472446783, 
      1050135312887221379571664139 ],,,, [ 3807782310938239 ],, 
  [ 38473966131313683252065149 ],,,,,,,,,,,,,,,, 
  [ 1808902251577217, 1327508357805700787, 4499023272103445971607581 ],,,,,,,
  , [ 56468392214781694913 ],,,,,, [ 103244194873, 3688653443669 ],,,,,,,,,,,,
  ,,,,,,,,,,,,,,,,,,,,,,,,,,,,,,,,,,,,,,,,,, [ 3182478466361 ],,,,,,,,,,,,,,,,
  ,,,,,,,, [ 7043845957 ] ];
