BRENTFACTORS[726]:=[ ,,,,,,,,,,,,,,,,,,,,,, [ 27299453247793 ],,, 
  [ 7588557731 ], [ 15550494481, 92481632077987081 ], [ 18708251458177 ],,,, 
  [ 5209707617 ], [ 6889556059 ], [ 1554739013 ], [ 399332873151763321 ],, 
  [ 3183528767, 1397521341873525821, 2469894677370426197 ], [ 40558033423 ], 
  [ 32389405777 ], [ 71209682810113899641 ], 
  [ 338248676548536739, 5112761109542044513, 592118912573336980308629 ],, 
  [ 18193752501710543 ], [ 10954413187915957 ],, [ 5552646935841991 ], 
  [ 5429344967, 513189093120959, 24348060139445521 ],, 
  [ 1845244382381, 18258128069249037629931528683455501475231803 ],,, 
  [ 2568118177, 109106123497489 ], [ 13961685432094087680023 ],, 
  [ 2259349923853661, 10968686301244638091158443481278734732951901 ], 
  [ 2397183881 ], 
  [ 1381898083, 62375969251, 3415257768251281279114270188328063459 ], 
  [ 717192847013, 6266999484443 ], 
  [ 647666606844908837, 307792366840033428609002750881 ], 
  [ 2560320181, 6034728961 ], [ 48478960636463089275665252257 ], 
  [ 122128707661875020261, 368624839033034743779509 ], [ 7014358891 ],, 
  [ 84041991752031821, 1535409328167720562209503997121 ], 
  [ 18643782075866697707431 ], 
  [ 5938953555101111, 53165225628382204806653621861 ], 
  [ 1777522993, 114659384221, 2535946036054344349 ], 
  [ 2029391017, 8074830282589160995655861938627, 
      980949564190952411813938722063721 ],, 
  [ 1509888175583, 1623314938076119144602104244642359 ], [ 9185793553 ],, 
  [ 1241615200757, 18783551400192553443772328232065363 ], 
  [ 217348973419801, 930460154823017349886915201 ], 
  [ 663383219244233365431930482824569384289 ], 
  [ 1054041781619519662054846531, 1908457897178635028580065763099049 ], 
  [ 1272039975613993 ], [ 113814743235905649076832617 ], 
  [ 1445963041, 32204798057281, 58042799718497353618961 ], 
  [ 830651637965197987 ], [ 2278460693, 6785933486113, 3728533082090179388693 
     ], [ 56436833605725195942859 ], [ 451861479721, 28669832615005513 ], 
  [ 1461070271 ], [ 6848283093416503, 21914494116550660327 ], 
  [ 71593933694663708299 ], 
  [ 239597569817, 703329921500160025417518735837610905670993 ], 
  [ 10231161431, 122258980434163537, 5666379596710499157619 ], 
  [ 2989227961, 1026301237654591, 44392321716248161 ], 
  [ 17196762311, 103085947480517 ], 
  [ 6528640621, 5096655410317, 674191815097897, 2219446017685597 ],,,, 
  [ 9118211234012587568754527233 ], [ 48588114413, 292778798303093 ], 
  [ 7561756496264152869751, 8015734197634482581823606193, 
      6492410986761681805917574725539 ],,, [ 4672291109 ], 
  [ 425220202358515561, 117715242360185689399 ],, 
  [ 1160057081, 15326871278057, 6876587107223333002214625851139540001 ], 
  [ 251755605508706881 ], [ 107239890587 ],, 
  [ 2444057647555861, 6749300025815995217161 ],, 
  [ 256184620437181811, 2727501859683515311 ],,,,, [ 2788618208909962151 ], 
  [ 88979165089 ], [ 11741174950987 ], [ 22597920447437 ], 
  [ 1096978177, 14595491131246579 ], 
  [ 7764531304081, 710640456559199423041, 370097172534997795180801 ], 
  [ 2249243107 ],,, [ 4512939883869061, 200137490553790380921684877053561853 ]
    , [ 951145715251, 686943012098251 ], [ 39417426343, 1434965376223 ],,, 
  [ 1553372851 ], 
  [ 323922474147871, 677165721537325898336952584022661303857982313320690901794\
81 ],, [ 63194929117, 36860210465237013712632505308951948697 ], 
  [ 8290245643, 8759699781730031 ], 
  [ 345369163613, 1486169265611, 1391009310787578749013389, 
      254139857301366011819065273 ], [ 7056594523171 ], 
  [ 4941731553709625281 ],,,, [ 192885750961, 226936007192014022636392472101 ]
    , [ 1525898125321, 523476481326310995817 ], 
  [ 5297606372887, 900146978144132603, 
      20547996013309112522628040115477653154819 ],, 
  [ 2722657498854778895607614307123000289, 
      689655710412124259137105364675904082753 ],,,, [ 9432177136175368169977 ]
   ,,,, [ 36482962039602193 ], [ 3490386079946808979 ], 
  [ 13527092522483, 167008629182653049023 ], [ 305132642622701 ], 
  [ 121192802442193, 180526890264758998897, 1063999884981364560725809 ],, 
  [ 36649141537, 26202506460947, 7679898537505365061091, 
      19299256816149625999344491 ],, 
  [ 5786947809787066561, 612237570970894112214243841 ],, 
  [ 73945951908121, 129573079062578467111, 3690879497419165161131317033 ],, 
  [ 1918912242127453143457 ], [ 12290503171, 2842478224525171 ],,, 
  [ 365141763822410401 ],, 
  [ 1194542911, 1622393540856726751, 34425325500006857981 ], [ 547533113473 ],
  [ 22053821869149589 ],, 
  [ 6793371337, 812813805987319046881, 604903867067501693876017, 
      20411243465870676325897591 ], [ 1745109101 ], [ 1095033809 ], 
  [ 10075078243 ],,, 
  [ 31786068598561, 893998597703296573801, 955734356003466595017601, 
      47624663345734247615848441 ],,,, [ 22113466841 ],,,, 
  [ 406228020974732206849, 553809697851390816841 ],, [ 44666456281 ],,,, 
  [ 88168146509 ],, [ 1025327353, 366677264636790160190257 ],,,, 
  [ 1426857767875201 ],,,, 
  [ 11017196772529, 4850103331545152424465670297, 1994980008732664077539463664\
9111771109817646817445097 ],,,, [ 3517142000831822689 ],, [ 1190566231 ],,,,,
  , [ 70525078143091794822097 ],, [ 6741649822331 ],, [ 21588417841 ],,,, 
  [ 13315403475261772193 ],, [ 195296421121086419 ],, 
  [ 216972619261, 239859787309, 1336585842169, 688741859931841, 
      4594299506848838647829557, 14351014033799013125870401, 
      6870373840045135250274928059161085697 ],,,, 
  [ 226409536369, 25259243887877897 ],, 
  [ 3235859744833, 4077381995623, 1193713612616071, 9630790846448617, 
      141600940272023311 ],,,, [ 4148902892819547635977 ],, [ 252863675041 ],
  , [ 100803015363601 ],,,, [ 68681798462479, 400623106736568817 ],,,, 
  [ 194482091094251 ],, 
  [ 263628698761, 55886206063058334181, 95559906164885075764150234988133529, 
      678811898341582822633321427635499713919835972768214153453 ],,,,,,,, 
  [ 238055928390541 ],,,,,, [ 1238931558952753 ],,,,,, 
  [ 953061112529, 2043286103809, 4393091093894897 ],,,, 
  [ 579940457869, 210076519267624775892364932677665369, 
      35540972109043696847012968853832899067785226553 ],,,,,, 
  [ 65202303407829271, 65744934290174361550399 ],,,,,, [ 1550846426113 ],, 
  [ 99562157766871, 91564536853098851 ],,,,,,,,,, 
  [ 4984776148605943407935237890501, 804471760944179885019344327718328729501, 
      682823232243874901630384487466696590618357001 ],,,,,, [ 1215681391 ],,,,
  ,, [ 82198602721, 857273932643857 ],,,,,,,, [ 41910606721 ],,,,,,,,,, 
  [ 243674967473242471 ],,,,,, [ 2982627180289 ],,,,,,,,,,,, 
  [ 580666195657, 5990206626337 ],,,,,, [ 309888730308559, 1319446497153487 ],
  ,,,,, [ 399752271409681 ],,,,,, [ 1238491663, 6300258487 ],,,,,,,,,,,, 
  [ 2530387655209, 32074850702428129 ],,,,,,,,,,,,,,,,,, [ 22774755169 ],,,,,,
  ,,,,,,,,,,,,,,,,,,,,,,,,,,,,,,,,,,,,,,,,,,,,,,,,,,,,,,,,,,,,,,,,,,,,,,,,,,,,
  ,, [ 789688945921 ] ];
