BRENTFACTORS[7103]:=[ ,,,,,,,,,, [ 2864454844219, 246522363072685124530909 ],
  , [ 122321649726210247, 199191556118410057510557419 ],,,, 
  [ 5467438552890049, 5661297796809359, 3316705892140386121602299399 ],, 
  [ 23682850145970228572857, 9939223225764746336964851110197799 ],,,, 
  [ 17388568637414736899, 
      6598107356639347919230602858990975717111968103160363666423279621 ],,,,,
  , 
  [ 116858663092198957862982431, 807591825086131019403762745479263847222722253\
798594759403471795637 ],, [ 5435511865221528397 ],,,,,, 
  [ 391287430003, 2684198303666516333 ],,,, [ 79645637909767289 ],, 
  [ 47871691451, 41147587497383, 35625939963417181159 ],,,,,,,,,,,,,,,,,,,,,,,
  ,,,,,,, [ 7493682517411, 30019413979337 ],,,,,,,,,,,,,,,,,,,,,,,,,,,,,,,,,,,
  , [ 280703375971 ],,,,,,,,,,,,,,,,,,,,,,,,,,,,,, 
  [ 899415109979, 1572649063283 ] ];
