BRENTFACTORS[9613]:=
[ ,,,,,,,,,,,,,,,, [ 45836434009, 64719886245769, 2690284339627756641725275586\
4057601 ],, 
  [ 272019603256339860568612196347, 3953572788043377149802474823428930823837 ]
   ,,,, 
  [ 147380274784375295221062299196094451, 605905216021558809600495546269106559\
509710171015039 ],,,,,, [ 216143447292760886742909414841 ],, 
  [ 505160813200441, 1057987309759571 ],,,,,, 
  [ 2040581365049, 168116094852096451 ],,,,,, 
  [ 3216447301, 77024136829, 4730535709051, 10092807907677696079, 
      23435825112456082906819 ],,,,,,,,,, [ 679715284571 ],,,,,, 
  [ 384269579305597 ],, [ 57689649683 ],,,,,, [ 56301616326035310101 ],,,,,, 
  [ 4467370489 ],,,,,, [ 2782068768757, 12683201036557 ],,,, 
  [ 774694971041906938423 ],,,,,,,,,,,,,, [ 1137301424625689 ],,,, 
  [ 2541096977 ],,,,,,,,,,,,,,,,,,,,,,,,,,,,,,,,,,,,,,,,,,,,,,,,,,,,,,,,,,,,,,
  ,,,, [ 14423069897 ] ];
