BRENTFACTORS[1031]:=[ ,,,,,,,,,, [ 19840628149 ],,,,,,,, [ 2980647797417 ],,,,
  ,,,,,,,, [ 14385410754095565343041263371 ],,,,,, [ 17380172023741 ],,,, 
  [ 2197774059763801549603, 1030403441409181705164653 ],, 
  [ 51521460855006281 ],,,, 
  [ 14235310949775542667091, 10445859871885627522516690354179175100952820667 ]
   ,,,,,, 
  [ 2170250490761230961730096834049071340015132570942341711689430369693209273 
     ],,,,,, [ 2713270943727940391509476126236036399 ],, [ 87397636941259 ],,,
  ,,, [ 2390015093959, 183257111268367608251972799899 ],,,, [ 46530110713 ],, 
  [ 22102101285676823343287, 12842167616528935367165407332777161119, 
      76311034425268069337043403975444608343 ],,,,,, [ 1320251787419 ],,,, 
  [ 1265340470656583843153, 2780723097702911891311, 
      4288916693248494546120009407963, 26822209034360146560578481138007 ],,,,,
  , [ 25680981183174073730416548208963 ],,,,,,,,,,,, [ 8017258397 ],, 
  [ 2693505624533 ],,,,,, [ 3371875979, 574160384141 ],,,, 
  [ 2067161207, 346447360805243 ],,,,,,,,,,,,,,,,,,,,,,,,,,,,,,,,,,,,,, 
  [ 88596931875061394921176331 ],,,,,,,,,,,,,,,,,,,,,,,,,,,,,,,,,,,,,,,,,,,,,,
  ,,,,,,,,,,,,,,,,,,,,,,,,,,,,,,,, [ 22763423027 ] ];
