BRENTFACTORS[9739]:=[ ,,,,,,,,,, [ 1766705623 ],, [ 30026920445336179 ],,,, 
  [ 142595369743, 4261869451919 ],, [ 6388373367616500535183 ],,,,,,,,,, 
  [ 77578374312167189, 246229226884960194583, 1342905129504499687891, 
      3151151028795059472334498331618391621960620553860147 ],,,,,,,, 
  [ 11889412021 ],,,,,, 
  [ 15261699149, 272788427816539, 1955174616497293, 233654825403285833 ],,,, 
  [ 2167074116506303 ],,,,,, [ 110602584724852921 ],,,,,,,, [ 47126241619 ],,,
  ,,, [ 857362481383, 40601803506302617 ],,,, [ 1194481857941 ],,,,,,,,,,,, 
  [ 95067039046243553 ],,,,,, [ 201581339228861 ],,,,,,,,,,,,,,,,,,,,,,,,,,,,,
  ,,,,,,,,,,,,,,,,,,,,,,,,,,,,,,,,, [ 3791649555079973 ] ];
