BRENTFACTORS[107]:=[ ,,,,,,,,,,,,,,,,,,,,,, [ 2898050293273 ],,,, 
  [ 4134782990629 ],, [ 2895449386759, 14461801802737 ],, 
  [ 257112557633, 2665621722030067963 ],,,, 
  [ 101209715741, 15640271959858771 ],,,,,, [ 89190832356313 ],, 
  [ 104228906888311 ],, [ 3149126657731, 1160153848275481 ], [ 2110397140339 ]
   ,,, [ 31845615089, 343167834965407659137716870099 ], [ 1851587248801 ], 
  [ 186639727297, 19740952485993790951 ],, 
  [ 7456587491, 1212199814927030643663008730596749 ],,,, 
  [ 150243450001, 128989378189603 ], [ 2307596688227, 312275497294306292891 ],
  [ 365978510589697326954330100822369 ],, 
  [ 2049658561, 5966326671172843618541939, 126611393937751545760690032559 ], 
  [ 632118427373, 171606627621396791101 ], [ 230859309542056903 ],,,, 
  [ 19785488890516288683940617697889 ],,,, 
  [ 29245301071379998699, 1344290225255162585861 ], [ 98009818201 ], 
  [ 3186382446940692015343931, 15811277786527714746542383, 
      1843010219686144212948537131, 116042851963390937851485614653 ],, 
  [ 12655980960500551, 63788670493198801 ], [ 880394191964801 ], 
  [ 18467620584561858016929007, 3577839955954597636908148228194580629329 ], 
  [ 12689985532999477 ], 
  [ 4242851270849, 464033519407858369, 150845262700091796333073923284242325372\
399 ], [ 194980629198721, 197510972515038881 ], 
  [ 123433219711, 24584643838004037680587100031091 ], 
  [ 234674728345117, 4892724418790249094069619912009 ], 
  [ 3112670231218167881046590726889859, 
      660337428015055089346036735891910628330062672497188389 ],, 
  [ 328888728258898571, 105786051199573174901 ], 
  [ 59874868729639, 4782759474170113 ],,,, [ 9679536001, 3239993338291 ], 
  [ 940587858820429, 1519722912274352309941678444639 ], 
  [ 3619964389, 25546125123821, 110817304471614241 ], 
  [ 721040850383422452476110489 ], 
  [ 93158613991, 754178689889, 1849720235149, 6164919410410312178972857 ], 
  [ 1124274415180842241, 2457099157417398163790908511424715601 ], 
  [ 3256922114689, 257988783946835193409 ],, [ 31393344109 ], 
  [ 3293477873714160148501 ],, [ 931366353751353841220821 ],, 
  [ 5236259327807, 8296210604872813583 ], 
  [ 229175899993, 139423867615944387799159978129 ],, 
  [ 40439160872818141513818703 ], 
  [ 10508824813, 847261197784821583381604854855693 ], [ 3294575857 ], 
  [ 105128978004173681785660650527 ],, 
  [ 11472997160941861, 23894601130008121 ], [ 164748007686641 ], 
  [ 560489516515100232035441342945652375355349 ], [ 107848883067740788380097 ]
   ,, [ 100069068438024063655944630174726767658157 ], 
  [ 16175505306665796093991 ], 
  [ 4983271807, 74738374335893, 257605355074362894690080657 ],, 
  [ 1294794364200481 ],, 
  [ 690817596617523597217011693327215989, 363950152183871785079973799564940729\
36489 ],, [ 2075464333789032191028120694689604900637 ], 
  [ 2595018030268037501, 18899123500616174251 ], [ 9664321994834677003 ],,,,, 
  [ 308515490576107103 ],,, 
  [ 64565314145989, 61730764841246853791, 3116691857905056754699757, 
      335855037619553775468684637187 ], 
  [ 66132353611, 649720461820861, 25652673637353038443969381663707646383530838\
1 ], 
  [ 1865007225090595156849, 98445032308819516111381548984939302252291470009805\
833 ], [ 9588985066189 ], [ 2687922168954061153 ],, 
  [ 42540022364561, 8082291921560812399501, 7891236933054967947498822101 ], 
  [ 1370827156981075219, 96901987758587551595179 ], 
  [ 4631964055255994189, 340748366831832645841 ], [ 3065639900989979171 ], 
  [ 93061521074894407921, 16854815565025078903428336055415137, 
      15177966398928543777778130743195186753 ], [ 1175087845081 ], 
  [ 14712032663, 13548640179787, 265407378233584009, 
      117210192477038013665662298529101 ], [ 117155084930313361 ], 
  [ 1946693263577 ], [ 7172658496628323 ], 
  [ 9509372251, 89903313601, 5673685104751 ], 
  [ 10043146281576875109069043, 872869439385546506483037455801 ], 
  [ 1085182638947454337 ], [ 1970378968843 ], 
  [ 1236698937167, 875838578174869 ], [ 49370147711 ],, 
  [ 17451984911549, 41532616833603317, 33249056357946928073, 
      16817498497834046903637583 ], 
  [ 2422269877, 14533929974693, 90552303739924192884281, 
      163048653244404994902786780661117947611178100777 ], [ 20388052169119 ], 
  [ 94867694590280641, 3289728704643941761, 574891075783437286721, 
      37042191674995340641601, 247864682232657667014846401 ],,, 
  [ 758176135117, 1145122611649, 4598032444221953994337217323 ], 
  [ 391322919697 ], [ 1946042050261 ], [ 3844823111, 35044926748896091 ], 
  [ 658694433164041151, 880760005604835599, 
      147193932583047383158175040842638673633 ], 
  [ 13204391128139914401657208932159793042393 ],, 
  [ 46651973852199683913883121 ], [ 5912309269 ], 
  [ 7849328396036751205433235193 ], 
  [ 14341770006207897289, 901529718331108476331, 1475002199563179821140062919 
     ], [ 1706123459459566033, 147673482437748961891 ],, 
  [ 16001800562347601 ], [ 7339373323 ], 
  [ 4629414787610177857014049633, 11821613628982267507593218517965401 ], 
  [ 182259939767, 3809343813035209 ],, [ 55041575613060106203433297 ], 
  [ 98944814388864225215254788140629 ],,,, [ 203874024468157667051928691 ],, 
  [ 5355300968991229 ],, 
  [ 1245014328101, 3239309585041, 286669987755646956254201 ], 
  [ 229302944417, 23703699012673, 838013799408785081569 ], 
  [ 63309571470431617 ], 
  [ 14776874003, 12375639276901, 616797043243808466852471411903497 ], 
  [ 48477469929787671671101381, 682830085032444234909774599, 
      568320914851859637774615579801229, 
      29581524057268330310287422006369558775219 ], 
  [ 2440282261, 415792115701 ], [ 72316115351377504657 ], 
  [ 3601795523, 9185827109, 207591042861563252937743093933 ], 
  [ 38008357201, 4805619656483282240036735443942894520857 ], 
  [ 1092082408303, 915070886212122921173, 42771226419555124322003, 
      94892566227481165539986971483, 2831952068211148959825211366455705469 ], 
  [ 35395554724789601 ],,,, [ 398645468740033 ],,,, [ 13810400027816081 ],, 
  [ 1398935953801, 1167970055751251341 ],, [ 7382575985137 ],, 
  [ 2121939803795871061, 2286620265240211377877, 
      3211610951880144183669785219693807857, 
      2761690359015982301564877430778307467378692976317 ],, 
  [ 6549067729, 33035859065448571933729 ],, [ 1877263885804499 ],,,, 
  [ 11421384244273 ],, [ 4873641513217, 81394410716417 ],,,, 
  [ 3769924597, 11903889577 ],,, [ 37477957441 ], [ 16428693170600801 ], 
  [ 7754984669 ], [ 36806954060889604099 ],, [ 3940007911373 ],, 
  [ 968025068830051 ],, 
  [ 4121757262191601, 16061031963590768925601, 1143971929376370058654178132614\
948726612380721 ], [ 6244786699 ], 
  [ 9763396589, 67792927247, 51630776440543873 ],, 
  [ 9890358221, 105735234257, 716398953814501 ],, 
  [ 1244627524081, 237315157106244012331 ],, [ 1000995654333441761 ],, 
  [ 414943475169833501, 472498193451950888337751, 
      370946642301243679232925716251 ], [ 17658832898431 ],,,,,,, 
  [ 91071455288382024121035289 ],, 
  [ 34719142579645421, 76045031493870661, 120642401424979981 ],,,,,,,,,,, 
  [ 1016703496663363 ], [ 39853287953, 369276117800977 ],,,,,,,, 
  [ 420740023758362281 ],, [ 1188194508851342329 ],,,,,, 
  [ 745643025051121573633 ],, [ 7472085677491 ],,,, 
  [ 2480379843778944337591117 ],,,,,, 
  [ 6392096401, 4090692284194501, 5124034702514401, 
      17709365078165874081162222901, 
      376972703487529220831092768929221198945635201 ],,,,,,, 
  [ 77042603419619571056563 ],,, [ 16999215312086351 ],,,,,,,, 
  [ 117875197652410021 ],,,,,,,,,,,, [ 71309521141, 19628608545151 ],,,,,,,,,
  , [ 1118911441, 1690414381 ],,,,,,,,,,,,,,,,,,,,,,,,,, [ 113559019837 ],,,,,
  ,,,,,,, [ 2522296099 ],,,,,, [ 153955289473, 883961502564186912769 ],,,,,, 
  [ 164885958121, 1888122477931 ],,,,,,,,,,,,,,,,,,,,,,,,,,,,,, 
  [ 40455842281 ],,,,,,,,,,,,,,,,,,,,,,,,,,,,,, 
  [ 25331256901, 4890383664301, 5644998723535201 ],,,,,,,,,,,, 
  [ 4770415651, 48261711499, 1075864813717 ] ];
