BRENTFACTORS[667]:=[ ,,,,,,,,,,,,,,,, [ 3092595092422117507 ],,,,,, 
  [ 1342542487059449960029 ],, [ 28550484784896488201 ],,,, [ 3297647976743 ],
  ,, [ 220251630189953 ], [ 5891482158739, 228352719788920189 ],, 
  [ 432891469684100337489925338791 ],, [ 100782522489108628114992767754517 ], 
  [ 3613361146738253 ],, [ 989143174133201 ],,, 
  [ 2091665107810066316000129, 1402995722804303823339660528245604680893 ], 
  [ 44009067381233718200581 ],,, 
  [ 8394982927, 128655967517586971878129644365459 ],, 
  [ 1129220636727023, 645090613239353915571944360771621 ], [ 82306309681601 ],
  , [ 373839086936568768847161088169 ], 
  [ 257410827755899, 4128475583026750157, 75698887767959839081622181955165207 
     ], [ 44959514401, 3977288309881 ], 
  [ 389023232410507763145843386591343595343722263521 ], [ 48071861067721457 ],
  [ 684948677573380533824906075925470141774661199 ], [ 10823491260652885007 ],
  [ 24108954592912533905116653341 ], [ 5420510881, 42609433476781 ],, 
  [ 289330975538747526612625008076117 ],, [ 8860833601 ], 
  [ 8312165161, 108917338573333811, 10380451078513663163995291, 
      25063604728290170597263710301 ], [ 9541526367170821 ], 
  [ 8478970079101760435479591 ], 
  [ 51015293424121014701, 282217669062825552809 ], 
  [ 1691650786314082171, 443724818668930754492893, 
      1027983360453469738463635837489 ],, [ 3925197321164205611279 ], 
  [ 1534980529, 4907385289, 1991391031608980600017 ], 
  [ 6224079896430397, 61456704080906253661 ], 
  [ 1162668391, 2490050367077500115096238097909662504866393 ], 
  [ 859317574051, 667622525239139202007141774814251 ],,, [ 14837580242629 ], 
  [ 392649915662096083 ], [ 711311595122291910001 ], [ 19887253032155653 ], 
  [ 14798671338747937 ],, [ 118590798746585377455402937 ], 
  [ 4281288058449235956832181 ],, 
  [ 2841669517, 3445088288074141441981096751323 ],, [ 46490802731 ],, 
  [ 1504709788795962353333, 20727910293358439170091 ], [ 67123043406709 ], 
  [ 6424178903803, 16200576861401841739, 4985850025999025181961 ], 
  [ 289177015741386933654091272431837861332686539173603 ],, [ 4163478920929 ],
  [ 2086065722227856851 ], [ 40040157681120331473273448739183890725042572087 ]
    , [ 4961440336806713827, 9568892709117866167755314131 ], 
  [ 797249940629501, 1154373284770996122953501 ],, [ 3315083344722119437 ], 
  [ 1230488676413, 28051886104547 ], 
  [ 46654485656588057, 56543679652514959937657, 216207213170254822887593, 
      176269932015138934398490893717617 ], 
  [ 197882737908476130644462612394077311, 
      30264095288152497544520358092702304379122011941 ], 
  [ 2796656909136341756207 ], [ 114924864566597 ],,, 
  [ 61215146599117421049843220941797094438262397941 ],, 
  [ 26367009080161, 920121033478710113, 22670874621840456929 ],, 
  [ 7283044761547286647 ],, 
  [ 20287754517434990449, 3164510435057429983338440002721 ], 
  [ 398930185603, 11651501905759, 4663372895132998195515601 ], 
  [ 101808032213, 244280863638613184903718409649 ],, 
  [ 299392367938468778907909196097354593327556521 ], 
  [ 5406621947, 3205572118519 ], [ 1182756339338211128393703529 ], 
  [ 2559576373, 1839396651109233955082329 ], [ 1443919636429 ], 
  [ 2568561259501 ], 
  [ 13219485427, 988473279206608128712510327, 6504229192205180656359188047909 
     ],, [ 2518263391987201 ],,,, [ 327444746625284238364733166409 ],, 
  [ 4961328864835019069, 362991774316029871744453 ], 
  [ 164624920596521362164097441 ], [ 3271695659468497 ],, 
  [ 6406050667, 3852188635238494964874772070234252476076144656929187 ],, 
  [ 581818056369006498783320429656372999282901 ],, 
  [ 8002143041, 5999879884811474537881 ],, 
  [ 4816986218683870373856307873, 14795134286215672203546621947187579137734608\
1 ],,,, [ 662500809975533 ],, 
  [ 250878272663678851, 45012497618559585041384851 ],, 
  [ 1086852289, 8589816857, 12517714369, 74314139842586113, 
      7239640697637842073443255153 ], [ 1814579141671 ], 
  [ 427628728102446333062573359 ], [ 53749261651 ], 
  [ 8937380209391853585913, 59657911465452159647512141 ],, 
  [ 94584970297783773877 ],, [ 1226557441, 47647413221921 ],,,, 
  [ 4878983792701, 664719935221261, 16337531187146336174367149 ],,,, 
  [ 52337147998153991953, 13743251838049417093146409, 
      70083907960023083006463443094307559977 ],, 
  [ 40003259205991, 41676766609717374061, 59514389152495814497726321 ],, 
  [ 4682232689355441809642929 ],,, [ 15811763101 ], 
  [ 93904993073, 1090390474560641 ], [ 677517742757764701073 ],,, 
  [ 710636384107261 ],,, [ 4911735739 ], [ 22593217033 ],, [ 74332185535159 ],
  , [ 1950032258459393441 ],, [ 31895337431 ],, 
  [ 36826371649, 6716681876029957867496686082881, 
      478373762257862555666450183041314817, 
      6514976462062600035649397533154951041 ],, [ 5184023313653 ],,,,,,,, 
  [ 1522082101013, 1382608070161715129 ],,,,,,,, [ 493631648622219205981 ],, 
  [ 2405509647017 ],, [ 124692724777, 244970899193, 4040631777671 ],, 
  [ 82847834857 ],,,,,, [ 69724645339 ],, 
  [ 2819987969, 108817058561, 29189503176272993 ], [ 2752109943052501 ],,, 
  [ 1678953013, 37724879089 ],, 
  [ 2308512761, 15683741728284687671, 24522309520734703291 ],, 
  [ 177955444561, 26337695328122542657 ],, [ 11259278251879087 ],, 
  [ 3592823881, 216327131576312629 ],, 
  [ 37849162391279, 141456789312844573, 7364804159598641071 ],, 
  [ 6656039100123840394081, 11557073711884359501841 ],, [ 129686827117409 ],,,
  , [ 3032890634612257 ],,,, [ 2136980501, 29281716524251 ],, 
  [ 215288893154331613, 183985355328933704666764393 ],, 
  [ 51416252580729033167 ],, [ 115716691827713, 21614288571200513 ],,,, 
  [ 47494176207380269121 ],,,, [ 155188160879380175659729 ],,,,,, 
  [ 722701342353334411 ],,,,,, [ 8061567602325697, 9124835768921408929 ],,,, 
  [ 1564078194842521 ],, [ 9179002606507 ],,,,,, [ 9076650354159364286685217 ]
   ,, [ 498620839911101 ],,,,,,,,,, [ 3526906278422583601 ],,,,,,,, 
  [ 715705717189 ],,,, [ 888700855867156177 ],,,,,, [ 143649040922041 ],, 
  [ 1691105527361 ],,,, [ 164708601769 ],,,,,, [ 326741663625699991947301 ],,,
  ,,, [ 1329530161 ],,,, [ 9992395321 ],, [ 53068127689 ],,,,,,,, 
  [ 1045131945551 ],,,, [ 11045321797 ],,,,,,,,,,,,,,,,,,,,,,,,,,,,,,,,,,,,,,,
  ,,,,,,,,,,,,,,, [ 2251801686964650841 ],,,,,,,,,,,,,,,,,,,,,,,,,,,,,,,,,,,,,
  ,,,,, [ 250204284901 ],,,,,,,,,,,,,,,,,,,,,,,,,,,,,,,,,,,,,,,,,,,,,,,,,,,,,,
  ,,,,,,,,,,,,,,,,,,,,,,,,,,,,,,,,,,,,,,,,,,,,,,,,,,,,,,,,,,,,,,,,,,,,,,,,,,,,
  ,,,,,,,,,,,,,,,,,,,,,,,,,,,,,,,,,,,,,,,,,,,,,,,,,,,,,,,,,,,,,,,,,,,,,,,,,,,,
  ,,,,,,,,,,,,,,,,,,,,,,,,,,,,,,,,,,,,,,,,,,,,,,,,,,,,,,,,,,,,,,,,,,,,,,,,,,,,
  ,,,,,,,,,,,,,,,,,,,,,,,,,,,,,,,,,,,, [ 11039591709697 ] ];
