BRENTFACTORS[3659]:=[ ,,,,,,,,,, [ 113885006278513559 ],, [ 3997356949 ],,,, 
  [ 869950369891 ],,,,,,,,,,,, 
  [ 1548046391, 717745292225899277, 516217278909983057833, 
      10367625779683108506475426394476766836031541577487731 ],,,,,,,,,,,, 
  [ 70579954390940051 ],, [ 23572806143 ],,,, 
  [ 857578996517, 1113352532063, 1795378058239, 384116784600219817 ],,,,,,,,,,
  ,, [ 33103053589847347253686878622278733 ],, [ 1046699977 ],,,,,,,,,, 
  [ 1362268339, 2045308551133, 5627680502713 ],, 
  [ 2429753317, 3317549379171143 ],,,,,, 
  [ 3736338726023669, 3032776325068270062169, 18653269945305708404382147701 ],
  ,,, [ 57751450752222003628141 ],,,,,, 
  [ 69704127570113, 16981685196981206827 ],,,,,,,, 
  [ 58219624265307071892055399, 593423214118118832265510103, 
      1695935423556966812424927923 ],,,, [ 5544970004176829361649 ],,,,,,,,,,,
  ,,,,,,,,,,,,,,,,,,,,,,,,, [ 7089738493 ],,,,,,,,,,,,,,,,,,,, 
  [ 241091156221 ],,,,,,,,,, [ 2085243163 ],,,,,, [ 4234625201707 ],,,,,,,, 
  [ 2609626190865836957 ] ];
