BRENTFACTORS[4139]:=
[ ,,,,,,,,,,,,,,,,,,,,,,,,,,,, [ 746610297872269547, 1263339585337951869659568\
712998588141563, 3370627714445937819696545878923968002038659 ],, 
  [ 1316458160406537781371437 ],,,,,, [ 3714046681 ],,,, 
  [ 11307337835537, 5491730597955338657 ],, 
  [ 1235272931899, 8182528871203752671 ],,,,,,,,,, 
  [ 1085149561, 451699627326605017 ],,,,,,,,,,,,,, [ 37009628840537 ],,,, 
  [ 625298447549 ],,,,,,,, [ 467217836887 ],,,,,,,,,,,,,,,,,,,,,, 
  [ 259318180068287987 ],,,,,,,,,,,,,,,,,,,,,,,,,,,,,,,,,,,,,,,,,,,,,,,,,,,,,,
  ,,,,,,,,,,,,,,,,,,,,,,,,,, [ 890475910573 ],,,,,,,,,,,,,,,, 
  [ 752281628591 ] ];
