BRENTFACTORS[1787]:=[ ,,,,,,,,,,,, [ 132047137427531 ],,,, [ 4107580903 ],, 
  [ 6271582649495883059 ],,,, [ 31501175222037011272329105511 ],,,,,, 
  [ 2137671823550381179, 19358219232416944547 ],, 
  [ 2724520926359, 196453398873371, 800010357946139 ],,,,,, 
  [ 636014380726599421, 1961497398673889118905736831714937 ],,,, 
  [ 158686826647, 14058510799225170897159411259437007325435525227 ],, 
  [ 200213569538336781464820839876726131271 ],,,,,,,,,, [ 122274970201169 ],,,
  ,,,,, 
  [ 4057630191409, 32050870388586925968601, 11440785917299879142995764887 ],,,
  ,,, [ 3900699238327169483772863957 ],,,,,, 
  [ 929155670367359, 13165540001422447800524755383777361, 
      81431312055122505454859634550257443149511611 ],,,,,, 
  [ 46836575645339819, 20143607671306040549, 385304094341928674708394971 ],,,
  , [ 179715547283291, 163328440998634948561361 ],,,,,, 
  [ 2782962628781, 1675379084409181225676690326526741 ],,,,,,,, 
  [ 50115436280252184761, 10940767997910098625581, 
      22449254082613831972703291568893 ],,,,,, 
  [ 4159693131966834195881839099, 28690359728158670419509499214074649 ],,,, 
  [ 314157528049, 68245927292035007, 1535063164147088346808091459 ],, 
  [ 8746299739, 59369886195437 ],,,, [ 918416161287226891 ],,,,,,,,,,,,,,,,,,,
  ,,,,,,,,,,,,,,,,, [ 8461474283 ],,,,,,,,,,,,,,,,,,,,,,,,,,,,,,,,,,,,,,,,,,,,
  ,,,,,,,,,,,,,,,,,,,,,,,,,,,,,, [ 32072766778211 ] ];
