BRENTFACTORS[9007]:=[ ,,,,,,,,,,,,,,,, [ 90558744880647161230270673 ],,,,,, 
  [ 6159610845821437886647 ],,,,,, [ 107955840380624294413535880782955267509 ]
   ,, [ 30429402488937033688811, 112904612387621508921795186313944217 ],,,,,, 
  [ 157630163309 ],,,, 
  [ 211534752283, 2436422609006311571, 422904616387110393984449652142552223247\
2217689 ],, 
  [ 5725382921, 27539355161, 4684648246544663129417, 1655546435413299641724633\
164644531169 ],,,, [ 12185238586753481, 1358903210171187714186530326513219 ],,
  ,,,,,,,,,,,, [ 1959223812883 ],,,,,,,,,, [ 4092951298741037526401 ],, 
  [ 1481321708486245526129 ],,,,,, [ 2242035800230049, 211815958292996773 ],,,
  , [ 188415591877, 25544672177113 ],,,,,, [ 288213097144330231 ],,,,,,,, 
  [ 3045240774301753 ],,,, [ 1352230219, 1128510540691, 37364098426783 ],,,,,
  , [ 6138738517 ],,,,,,,,,,,,,,,,,,,, [ 17964553099 ] ];
