BRENTFACTORS[869]:=[ ,,,,,,,,,,,,,,,,,,,, [ 2457282283 ],, [ 4825862043551 ],
  , [ 34445551888072151 ],,,, [ 9133046387, 7482389082363908399837 ],, 
  [ 1154235077987335112769536483 ], [ 10030672513 ], 
  [ 67981151484729273582133 ], [ 19325006633, 302511017545151 ], 
  [ 35584554332311571545336773221 ], [ 6128989057, 5039553187588537 ], 
  [ 2443368475423380611 ],, [ 152055562968973, 1928983098484485343 ],, 
  [ 535596989986839203861115625930417718967701 ], [ 1128312327372553 ], 
  [ 3027508139, 8538034118659346604141938873 ], [ 197052068386933 ], 
  [ 1447016631481 ], [ 5732741977877, 19372462332449 ],,,, [ 182953549201 ], 
  [ 19468262216944587922125709 ], 
  [ 35691206346830910877, 167885392789800036313 ],, 
  [ 108685806373, 164851320902923 ],,, 
  [ 1152753146029, 105142265463622056238032883 ], 
  [ 18159879687767, 316904776067015053 ], [ 3046828212828705338531371 ], 
  [ 7062057728368081 ], [ 12881035469892334009, 26892941739530028700058488637 
     ], [ 28661691594539 ], [ 219474728677 ], 
  [ 89046908417, 2304408914045069657038915676993 ], 
  [ 61164853189831, 89586738589894914492894901, 162271178764125706331151811 ],
  [ 32197208980130239 ],, [ 34369659130717, 1698991125406266714580193416493 ],
  [ 916460587917313, 2084753760523423847761 ], [ 709337234828517373891 ], 
  [ 2639720048910377, 302974975424404673521 ], [ 156517666442890301523241 ], 
  [ 2193547864288503683, 5878756327871421181307491910741, 
      17815315428544528496607373541989 ], [ 90132425370090521419707133 ], 
  [ 881239301692502240742455645787425032464751 ],, 
  [ 237090591837947, 9808949387302297, 85718162480616942636823, 
      20091851958398829803743136897, 1350255488621798638882956692937661 ], 
  [ 11111053981 ], [ 5029656977, 91165966947191, 25041548439561658548641 ], 
  [ 14855173863748080785446686256443761 ], 
  [ 113217423730892728057, 503534396196033561824869, 
      3934910854554722667145352863635156114769916209 ], 
  [ 2500071023, 259571091513313, 324316149852275279 ], 
  [ 1485322725980973313605531727 ],, [ 101372836932537954642161 ], 
  [ 31838195019980710006798764974592163 ], [ 9191266033, 2454192678938443 ],, 
  [ 80570336710817 ], [ 10420717999519357676323741 ], 
  [ 48999886620148686245418851 ], [ 4246271602673, 6026176119833 ], 
  [ 285312607687, 270480399532633, 372324114246090299216873701 ], 
  [ 1447783809007626313, 1197622309985542543421490956073482183692749259453 ], 
  [ 910376208701, 58526539784479543151, 187761419191017324626847971 ], 
  [ 9474048769, 2941827510337 ],, 
  [ 2782890329074586557, 2374757701478811446155865154852037 ],,,, 
  [ 15023738673751, 260576074159543 ],, 
  [ 1033358147547341298715068122904211106486801 ], 
  [ 18940569145004669821, 121750395184507917661, 
      27092779281676531573389033481 ], 
  [ 990599984306053133, 4140119891547982187407890637 ],,,, 
  [ 42959467651, 2544852211441, 713404185340479414104353885777707740671 ],, 
  [ 128322912257, 229570142929 ], [ 17912148457109 ], 
  [ 3460893772771, 26739246096481 ], [ 1028735863061 ], [ 1588108530676273 ], 
  [ 3380060198503 ], [ 361692861793, 938362237761908456446954843 ],, 
  [ 150631445404510719154292512750396030271401 ], [ 4742337661547642773 ], 
  [ 308890785435191 ], [ 340499317532624345413 ], 
  [ 62861063258457553, 7682083569375440471713 ],, 
  [ 3604385536039, 111713313595233088089121933 ],, 
  [ 3050356609, 4414956596353 ], 
  [ 171841924712784502279, 17363460385559304397201, 104850268174239898605871 ]
    , [ 14689291058004811 ],, 
  [ 2344432729, 173204432031348169, 20684447523915559414446461351312950582981 
     ], [ 42646841819 ], [ 1014423953 ], [ 19164747814665839904061 ],,, 
  [ 30123758012396353 ],, [ 6475257591167540890064405078684641 ], 
  [ 1753342619359 ], 
  [ 1212084737, 4479893503175144237, 591095857604202042945720646417 ], 
  [ 213914106407 ], 
  [ 6418559809, 717227179323255793, 2725534513178077848193, 362889710324991434\
7217, 75507824755209931032040435222428673 ],, [ 8292472961, 77986830751 ], 
  [ 117090875497 ],,,,, 
  [ 40028371600153, 16504957907658937, 63686995272387834308529481 ], 
  [ 103403712781 ],, [ 2683156951 ],,, 
  [ 2010646937926441, 8097330957866487373 ], [ 89753601541 ], [ 8303341121 ],
  , [ 822076052437284409, 21250058841736145315975889492703877071 ],, 
  [ 27305673313 ], [ 349090349521 ],,, 
  [ 564282184537, 344047611150520989769, 2300502364947037750300617430349708092\
783091389802288281 ],, [ 117475763589391 ],,,, [ 15397633242433234766190391 ],
  , [ 27338614337, 930272535391437397892134513 ], [ 2587788499, 600440565661 ]
   ,,, 
  [ 15895091142761026127803446781, 1099111421673904669210181600637912540247437\
400028941 ],, [ 2269214039, 208473899999, 297434310629, 56208443459533 ],,,, 
  [ 8269098477421914571, 686153598710032916341 ],,, [ 61221773210977 ], 
  [ 44246568061, 222163600442219263755007181 ],, 
  [ 9853634326065523971841, 1826327314371098223581783987774209 ],, 
  [ 5897918678660847269, 261208168495132264829 ],, 
  [ 37314288768877, 694311019208324813 ],, [ 7723072434559624218938467 ],, 
  [ 1472354947136201, 957055520680856801 ],, 
  [ 41243965339673, 10843859804308776439 ],, [ 37542339321535057 ],,,, 
  [ 1879157281, 6577179233, 20174202914113 ],, 
  [ 2162579517362116016769521021402851 ],,,,,, 
  [ 997850401889833, 21154548281717089, 101665423505027521 ],, 
  [ 47736051217, 68704781295923 ],, [ 124694196504461 ],, 
  [ 35029295943071444293, 93427522200965138653, 15063692280752461940190271 ],
  , [ 2618618182657, 15592152461537, 909937314971266484449 ],, 
  [ 837928326187 ],, [ 308130962977 ],, [ 1465890118338765871 ],,,, 
  [ 1078007347, 39974531026916226763724131 ],,,, 
  [ 46760787836099, 3919490882424988473877 ],, 
  [ 14657815681, 33888904930021914793681 ],, [ 14822127887144183 ],,,, 
  [ 541521979069, 18234553738785511, 1606870308448867256623 ],,,,,,,, 
  [ 11102086001 ],,,,,, [ 1357007192339761 ],,,,,,,,,,,, [ 60104944321 ],,,, 
  [ 46579474761405758791608109 ],,,,,, [ 87852196021, 16608784617377929 ],,,, 
  [ 37094706201697 ],, [ 159120354529, 122217202493943935617 ],, 
  [ 39182236561763741 ],,,,,,,,,, [ 6811730314801, 7126879020140557801 ],,,,,
  , [ 1170195299359903 ],,,, [ 86172001691, 253046564711 ],, 
  [ 3727415017, 846037390902289 ],,,,,,,,,,,,,,,,,,,,,,,,,,,,,,,,,,,,,, 
  [ 230364003321826501 ],,,, [ 3760782056482579 ],,,,,, [ 99979507081 ],,,,,,,
  ,,,,,,,,,,,,,,,,,,,,,,,,,,,,,,,,,,,,,,,,, [ 86421001441 ],,,,,,,,,,,, 
  [ 6372560386536121, 232444639905876721 ],,,,,,,,,,,,,,,,,,,,,,,,,,,,,, 
  [ 3493611001 ],,,,,,,,,,,,,,,,,,,,,,,,,,,,,,,,,,,,,,,,,,,,,,,,,,,,,,,,,,,, 
  [ 371364828218609101 ] ];
