BRENTFACTORS[347]:=[ ,,,,,,,,,,,,,,,,,,,,,, [ 147967594269021099019 ],, 
  [ 36843708566251 ],, [ 11047321905121 ],, 
  [ 6897135080293, 137835016386781814846783 ],,,, [ 113618996833 ],, 
  [ 194395140521 ],,, [ 104769093605258449 ], [ 1942024891 ], 
  [ 81938913521561 ], [ 6396948026943735775220587474423 ],, 
  [ 109643443103, 23342436466499, 125951560230539541118855558614512363 ], 
  [ 9659189593637 ],,, 
  [ 2114427614129500146169781568618470319817891003352868247 ], 
  [ 2326712881 ], [ 1496753903, 750890872206514733, 15659910046459747391 ], 
  [ 2339929751 ], [ 17152555465522670353 ], [ 1874899001 ], 
  [ 23086401516236378529413, 28556525669268799363476421, 
      3980267860909883762559555727 ],, 
  [ 240467026141, 100285130097320191, 2928839975380615505771 ], 
  [ 126985148148206800246456677401 ], 
  [ 2585757179660309134208791630020456396835009 ],, 
  [ 2795950421287299706683466133, 380731289376383837572249884791471673842539 ]
   ,, [ 2589338249, 1650141070885223786159, 251199868057034744793499 ],, 
  [ 3394249888681, 143542362636779248297, 273090010502442155948760493 ], 
  [ 1366152449 ], [ 1051358372611 ],, [ 853571407954446447693839184131 ],, 
  [ 73630700114855359986880791878453893453 ],, [ 6960439539367976894433979 ], 
  [ 38695263705361 ], [ 335181545988767137855601344622674423 ],,, 
  [ 1342290127687166188452223140257 ], 
  [ 6145480300051349489, 2094051085188541019348518101378225938829977 ],, 
  [ 185287823998950401, 495903674805116944547, 791549298155434638554231845163 
     ],,, [ 11371686932393857399886512165026206391302533 ], 
  [ 872303869534293061018330417771, 
      130833853156708246841377816149443202583867 ],, 
  [ 17954989621, 338648853941, 52291316048861, 860320757585801, 
      154333501040371127390907125521 ], 
  [ 73327491983923, 9000208548029956926715214877241790636038469 ], 
  [ 6432825879973 ], [ 3815791372271900595641 ], [ 744370581545845085059919 ],
  , [ 3104391407690541454645050893 ], [ 315945187383006788530000185697 ], 
  [ 169494893869398028567833389848581361 ], [ 7621484281 ], 
  [ 341743427801, 7258544980506604068715277309209206461 ], 
  [ 109865242832071393, 141905130300965761 ], [ 22201179597331985494113271 ], 
  [ 76697094671, 637791929590717488378169415607163889 ], 
  [ 51969643704174862909, 31615582454492381362407083583210949 ], 
  [ 184109331376801, 988417306986844755301 ], 
  [ 38625880057, 27248521490747383810898652193 ],, 
  [ 1433810633788274450551, 1584995414263155086907107 ], 
  [ 2350555793, 111945708473, 2383828031521, 33524468850289, 
      690222536845967230538316280801 ], [ 6803664941591961107281 ],, 
  [ 14578312813639402909 ], [ 3701240907853647743655937386517 ],, 
  [ 6567992804341 ], [ 1421147144725092218901569480916049 ], 
  [ 236832890150486788404992660097684945490445482597236938519809 ], 
  [ 7695169373, 21866335523 ], 
  [ 334640552040643, 220534291063048152980107896397 ], 
  [ 4140897001, 31934707821581, 140524795780358861 ], 
  [ 169123969202072813, 88845337468184849351773 ], [ 486885904363 ], 
  [ 20004189580472689021 ], [ 139063096313, 482645777149760737283 ], 
  [ 1366775924076830617573724161681 ],, 
  [ 20579723524155841, 554887089240896143, 13531242919810236452449, 
      26334888589708414965622537, 328393931065375912652924441 ], 
  [ 683168144143, 47048595009704869219 ], 
  [ 451781251561, 4401554765717164501 ], [ 180186799930333729751 ],,, 
  [ 21208239450827559032321 ], [ 2813028697, 16379082787 ], 
  [ 19196746531, 126300006691, 287808647466196481, 17802761916338385313081 ],
  , [ 9746997035652229, 1670707879705011586791661 ],, 
  [ 14036370527384356951, 54480091909252494999411241 ], [ 1086041791 ],,, 
  [ 5063661334137497941, 74512696397730800445679101469 ],, 
  [ 52723637857198735561 ],, [ 603511715314718960524302225779662682221331 ],, 
  [ 491026792897, 1954416382993, 5238090760366863667237735461570337 ],, 
  [ 3521293356127223, 706183667323351788433, 30890199326813273711461, 
      95002086133357275189861634653763181 ], [ 84991811697968862793387 ], 
  [ 19217408740367984290338276913 ],, [ 5742426331431199529824439276551 ],, 
  [ 183483790249, 196328170600801642121 ], [ 5966807527 ], 
  [ 616113231237584081, 49359197975756963209238216504330095224378839 ], 
  [ 190151388805831 ], [ 1092106829269 ],, 
  [ 2928839681, 10894916387, 537771934929328829 ], [ 177850384603 ], 
  [ 242864438161601, 41435454089091976402637852161 ],, 
  [ 91986172990597, 326793395769121, 324222495203121941999580610976929 ],, 
  [ 4071404574437, 76190768041448847999733, 
      669978314928837745298751862314330531476784133 ], 
  [ 2966991967454131, 374932345519150651 ],,, 
  [ 94011765698709262325881, 5927002920651410414607076183263672457873 ],, 
  [ 31233173889868796711 ], [ 205291293139 ], [ 2695218311626163797997017141 ]
   ,,, [ 476290946401201 ], [ 2067822593, 8250208209779537 ],,,, 
  [ 2965401541, 299744274346381 ],,,, 
  [ 182550889066293246329, 12635406212803894257732197444812433544049289 ],, 
  [ 199115286032194599541, 3059711583515046045549211163813495047511447470099 ]
   ,, [ 456890500373, 236390796443149, 345709208451440437497749 ], 
  [ 25210585261 ],,,,, [ 582547892473, 22564555147067531347269302924489 ], 
  [ 4175480011 ], 
  [ 273524435454501744367681, 2461183698302092534425360917, 164806462430333729\
3484330755160482587466722793 ],,,,,, [ 825193344031049897 ],, 
  [ 1648485649, 2602966153 ],, [ 9331864891 ],,,,,, [ 3257195402468737 ],, 
  [ 184694663238997 ],,,, [ 149110478390521 ],, [ 5111216221 ],, 
  [ 1471341820257997, 948506314322491712614764418193674483, 
      3616388694147891889142613981346755529 ],, 
  [ 649443478128257, 168399944037178665953 ],,,, [ 334600193197674691389673 ],
  , [ 2064589016244351161 ], [ 38574276049 ], 
  [ 802467272760401, 221871684273712278289657 ],,,,,, 
  [ 1240723751, 2144231365295517863 ],, 
  [ 796456925958645896210641, 10894041537264593322952081 ],,,,,, 
  [ 229093382408827 ],,,, [ 34066812251 ],, [ 132884881669 ],, [ 4629219851 ],
  , [ 97185846529 ],,,, [ 706415103021941 ],,,,,,,,,, 
  [ 35923307491, 8804738352961 ],,,,,, [ 237590450893 ],,,, 
  [ 79285993700280360281 ],,,,,, [ 88590158361277 ],, 
  [ 221549429089, 266211803319259969, 36004673227121172642298177 ],, 
  [ 17965593671 ],,,, [ 194625356512231 ],,,,,, 
  [ 844100214123601, 6901012259357401, 101457628191926401 ],,,,,, 
  [ 1192726379557, 4103938839549559069 ],,,,,,,,,,,, [ 2207165880927242269 ],,
  ,,,,,,,,,,,,,,,,,,,, [ 856320052261 ],,,,,,, [ 52036329589, 4304032058201 ],
  [ 5293089581137 ],,,,,, [ 2102490253, 281013154081579, 8312400765375829 ],,,
  ,,, [ 2811745062361 ],,,,,, [ 2799159781837 ],,,,,,,,,,,, 
  [ 148712945599, 269915813683144147 ],,,,,,,,,,,,,,,,,, [ 19436718709 ],,,, 
  [ 18675841201 ],,,,,,,, [ 11307769656336457 ],,,,,,,,,,,,,,,,,,,,,,,,,,,,,,,
  ,,,,,,,,,,, [ 5016584515951 ],,,,,,,,,,,,,,,,,,,,,,,,,,,,,, [ 17507976481 ] 
 ];
