BRENTFACTORS[1487]:=[ ,,,,,,,,,, [ 2534080803000671 ],, [ 2565018749749 ],,,, 
  [ 1818972563 ],, [ 2490829207 ],,,,,,,,,, 
  [ 22922533662641906097538526544739407821, 
      49417941038576170699157780728631324771077887199519 ],,,,,,,, 
  [ 512041779280091, 28430120422244417689532033538585434750284277101, 
      27975935659088593311294875172379704225196090709317 ],,,, 
  [ 47477561629, 2454656259410018099, 3011320167143958023385431, 
      11459150068595413562155635837851608712880772019778322637349620183953 ],
  , [ 543259072458521, 586266557561206311833, 322574127001382531403139373, 
      1564901862764060994099612978103584767764162676696951658797429 ],,,, 
  [ 357785438957, 620363375909 ],,,,,, [ 471331594366219 ],,,,,, 
  [ 47269840097377, 262112690366585222375683816515637 ],,,,,,,, 
  [ 321334632972775076047 ],,,, 
  [ 272045139281, 1234890866243, 336783401599628052760657 ],, [ 1458664247 ],,
  ,,,, [ 265154837177 ],,,, 
  [ 1694332035804469, 14065818214166349529, 41557884247865634397740718054259 ]
   ,,,,,, [ 198295844801, 13710780025102772597 ],,,,,,,, 
  [ 285407492549, 380376373251357377 ],,,,,,,,,,,,,,,,,,,,,,,,,,,,,, 
  [ 18578080899652891 ],,,,,,,,,, [ 87453762859 ],, 
  [ 500920334269, 39788909598967 ],,,,,,,,,,,, [ 1369216963 ],,,,,,,,,,,,,,,,,
  ,,,,,,,,,,,,, [ 1924936087 ],,,,,,,,,,,,,,,,,,,,,,,,,,,,,,,,,,,,,,,,,, 
  [ 154254722748997880791 ],,,, [ 25172216113669 ] ];
