BRENTFACTORS[8779]:=[ ,,,,,,,,,, [ 6436124167133 ],,,,,, [ 25591044090370901 ]
   ,, [ 253224790909421, 163349308315906670189 ],,,, 
  [ 8528923297, 7619038375217207, 5689191151207375277578104407, 
      32801809158066516111370021725331 ],,,,,, 
  [ 6546012037507540655623, 9336732591859670762060798439381475201, 
      31760228213619989508133479079857604447 ],, 
  [ 49961295043076991016456098725728341793469, 
      316251044161691055391146094995578410182111807480976134904361909507 ],,,,
  ,, [ 13766318036204995111 ],,,, [ 14798329323616667 ],, 
  [ 2993077523, 16779326099, 25284134358118201, 15918265433840807413 ],,,, 
  [ 1789654063 ],,,,,, [ 890406129451 ],,,,,, 
  [ 50197904579, 26866285446008814074431 ],, 
  [ 1822040688037, 315482499419380417287739 ],,,,,, [ 13811135897159 ],,,, 
  [ 2884497166151 ],, [ 1350129129049, 3094533597249163 ],,,,,,,,,, 
  [ 1389551938129 ],,,,,,,,,,,,,, [ 155887675681 ],,,, [ 5353314593563357 ],,,
  ,,,,, [ 194409060395168477 ],,,,,,,,,,,,,,,,,, [ 24022043825261 ],,,,,,,,,,,
  ,,,,,,,,,,,,,,,,,,,,,,,,,,,,,,,,,,,,,,,,,,, 
  [ 83272431605263, 390732259794059 ] ];
