BRENTFACTORS[8329]:=[ ,,,,,, [ 6549597349 ],,,,,, [ 22340632930546841 ],,,, 
  [ 64623374729 ],, [ 21495426143, 998849747883160803143 ],,,, 
  [ 10295191069220757907437709, 
      62803078299842500213348039892923921077523838570110012797647 ],,,,,, 
  [ 86936162591, 1337713225831, 121796282098274671, 
      18201431777066856814976107, 17309193224956002260754423725258996574487 ],
  , 
  [ 23368318664162439271, 2496843023725839276836956244361077, 5815276347772265\
44068963526793464163504356561397 ],,,,,,,,,,,,,,,, 
  [ 16466326673, 126902468085273893, 38014818800473928283400333 ],,,,,,,,,,,, 
  [ 24920659541, 7631024588437 ],, [ 2677023919 ],,,,,, [ 4956547090529 ],,,, 
  [ 4573471249 ],, [ 5357503289 ],,,,,, [ 294524726475184769 ],,,, 
  [ 55659714013 ],,,,,,,,,,,,,, [ 268319121262033 ],,,, 
  [ 25511165573027802319 ],,,,,,,,,,,,,,,,,,,,,,,,,,,,,,,,,,,, 
  [ 634953083045782337 ],,,,,,,,,,,,,,,,,,,, [ 318449015761 ],,,,,,,,,,,,,,,, 
  [ 82709129543 ],,,,,,,, [ 2305238807 ] ];
