BRENTFACTORS[2711]:=[ ,,,,,,,,,,,, [ 58602031350685681 ],,,, 
  [ 1481457909460625113 ],, [ 125337707305403436731 ],,,, 
  [ 293701994397164157609397 ],,,,,,,, 
  [ 10879019101, 468588891537292391393240062741 ],,,,,, 
  [ 121967421790665451554495584281 ],,,, 
  [ 224323938551757511, 586639845175288719821 ],, 
  [ 70611926254574919707, 4740450576976938121851653003 ],,,, 
  [ 6487848465363717233, 1345747525184895539856791, 
      18771717016421289131885389319748438771167 ],,,,,, 
  [ 3349508484689, 26224089589177, 32092629316793, 200662026151043, 
      1789209467508446317 ],,,,,, [ 714909713257 ],, 
  [ 9028890121119525970787395619324461837 ],,,,,, [ 397238119381919 ],,,, 
  [ 798818868356771486047541755354611251 ],, [ 190140579801153965683420667 ],,
  ,,,, [ 1946899069, 102605373469307, 295609792885012800849501653 ],,,, 
  [ 34576293883, 14820662776459, 322321306518936863 ],,,,,, 
  [ 144783292686569 ],,,,,,,, [ 1220997986285560328225707 ],,,, 
  [ 20374318931, 81623900108196395297 ],, [ 1047872564712251 ],,,, 
  [ 39928439717, 16796849064173 ],,,,,,,,,,,,,,,,,,,, 
  [ 36103853117, 3872249763729079 ] ];
