BRENTFACTORS[2887]:=[ ,,,,,,,,,,,,,,,,,, [ 9636971441895541 ],,,, 
  [ 1981478659, 69338253641, 145229602382677934633401 ],,,,,, 
  [ 4511495939164934581461311 ],, 
  [ 2025269863793483, 33773224376205680841802478181743285645292001, 
      951696665864689273362356046266348064606414299 ],,,,,, [ 198257048497 ],,
  ,,,, [ 65747540417501335009 ],,,, [ 2141541277, 61354961653 ],,,,,, 
  [ 771783899107031 ],,,,,,,, [ 70490247442772579 ],,,,,, [ 23802900030479 ],,
  ,, [ 2954431896430296539664697 ],, [ 14351618377 ],,,,,, 
  [ 118924008632597201103167 ],,,,,,,,,, [ 35029895824969 ],,,,,,,,,,,,,, 
  [ 2336960981711, 10859752445320171 ],,,, [ 32487795607 ],,,,,, 
  [ 98279032350001 ],,,,,,,,,,,,,, [ 264395438475715453 ] ];
