BRENTFACTORS[452]:=[ ,,,,,,,,,,,, [ 15314536007083 ],,,, [ 254987262320377 ],
  , [ 60671606934001211 ],, [ 39799738021 ],,,, [ 3205053838913754851 ],,,, 
  [ 113325816965883505912752971021687 ],,,,, [ 1481304172147 ], 
  [ 73050056355082259111 ],,, [ 8802884947 ], [ 98015720479 ], 
  [ 149278522721 ], [ 514482771740159392892000816902982043211 ],, 
  [ 12377369221261762259780957 ], [ 28574267232061, 79088404937540681 ], 
  [ 1151074531, 4760409691, 148435973533180447111 ],,, [ 645346833169 ], 
  [ 17237034703549798851325272697 ], [ 70257971261647687119601 ], 
  [ 2669500220887, 1908497242614837139 ],, 
  [ 506103674281070561, 1472470156052559777956037859 ], [ 4412816523242461 ], 
  [ 332128219247714231 ], [ 31865043449 ], 
  [ 1639080238615783, 1466650942242651250301011, 3761242522611662853810159469 
     ], [ 419652359975503 ],, [ 5016142222501 ], [ 66642607806685067 ], 
  [ 74502870142614503 ], [ 649967409631 ], [ 1915651200356128302111073484737 ]
    , [ 1957061759771, 204435859539134918347381 ], 
  [ 36310192856392072615603 ], [ 890462008077860346580708850857 ], 
  [ 1057427201, 167663408765005409, 33000756434470390892243719721 ], 
  [ 277603065388517472924365586916129, 330912128994517195276113032473009 ], 
  [ 83340035958271 ], 
  [ 1343912187287, 49900425042037, 1674937793316620780546629 ], 
  [ 12748384962026019992089 ], 
  [ 163461525979, 2582137533822911, 57274748791226275271, 
      358726144688420535135919, 66622182946137052655287136317739 ],,, 
  [ 288973897736359952809549 ],, [ 3637359337, 477003756413731 ], 
  [ 8601811273612093739, 294820365165969979015317531007 ], 
  [ 2350866984001, 3925093987246868576428491537041 ],, 
  [ 88125729313, 6947098493963 ], [ 33819722323, 253096386262673025557 ],, 
  [ 118468631320621, 207337017336311 ], 
  [ 15366377205233, 4719857412754900914931, 15212342486051748971986813 ], 
  [ 1055303509847206897 ], [ 2631146144371005361 ], [ 5147974313 ], 
  [ 29135823571, 356933437337251 ],, 
  [ 5317180435356125449, 305782287711436160992037648693, 
      1533781682082840142817392908365017 ],, 
  [ 214819280985554066747, 2218128100772421563315279785001243 ], 
  [ 3229988981 ], [ 2181030034657 ], [ 123162388369, 5536484111298067 ], 
  [ 917866527642023, 86413938819102287, 47514705150644445029, 
      3105911990010447119839 ], 
  [ 66202386349723867, 20579858225405199667, 1235233181663061013194525721 ], 
  [ 83076715201, 133529115901, 15078797371601, 159134810117512116401 ], 
  [ 4905417256194129214261 ],, [ 53863937551 ], 
  [ 104884968761, 12477273029515009, 
      9801911957877938035763036870015649541504849 ], 
  [ 8302235551293077753165493751, 5832548345379573230305905525661 ],,, 
  [ 4166494545167850421, 2258494189237598416021 ], 
  [ 648658570541, 5320067674429831 ], 
  [ 1635034084444636850828583029623682571578563891 ], [ 15189513341659171 ], 
  [ 284370756881, 12165965162177 ], 
  [ 390500791149683, 744978468447511, 14168796930315787 ], [ 31820691066799 ],
  , [ 136959031797253 ], 
  [ 6856619563, 4910881168328410549, 137483115257124609886369 ], 
  [ 273135612689201641879 ], [ 199418114290922479 ],, [ 6004512083527 ],,,,,, 
  [ 1202708543 ], [ 19609127560224001 ], [ 55285893106301563200463 ], 
  [ 633088294151, 1231873656921176986357514272597806653982599546544746624111 ]
   ,,,, [ 5506442497259861699, 2044150505629756851233491084147 ], 
  [ 5498022979856433722510161 ], [ 8347208897, 6234935550239014001 ],, 
  [ 2712936848362644571076571558542263289710810623829 ],, 
  [ 53191120940433310742461 ],, [ 149545506596796845499159828653 ], 
  [ 6214346018453 ], 
  [ 1739393117713, 5064955440413808860929, 5930852483579889233297224994113 ],
  , [ 24014450549, 44214914002069780675884163 ], 
  [ 192325757470813, 85961694991603080188449 ],,,,, 
  [ 402107926369, 3990155301256209043344648914657 ], [ 625012270328006713 ], 
  [ 49550749403, 23771533139201 ],, 
  [ 752722749169, 17164443302831221337523807121, 
      10045524633146704045601876244133 ],,,,,, 
  [ 1893380509, 77310712920025641410713, 
      8478728362069941037759674835150762359103 ],, [ 546158082913090309 ],, 
  [ 38319261551, 2561342440048181, 1063357320082168469 ],, 
  [ 401810915060056197193, 1587958575983228390852814800844118753 ],,, 
  [ 92573064638443 ],,, [ 1900202083860601459 ], [ 7188992651 ], 
  [ 9592014826241 ],,,, [ 51190213544483520870233163823038585902641 ],, 
  [ 18404262315863048200720327 ],, [ 5754892554758761, 3654046858950794737 ],
  , [ 6937125751, 997776262656889, 14259540122099918167290904880059333 ],,, 
  [ 1256647771, 35509531549969 ],,, [ 1526851988737 ],, 
  [ 51975058755031, 903032505949271933 ], [ 2502984901 ], 
  [ 6633759553, 1748425039265717 ],, [ 31791823867, 845847228997 ],, 
  [ 4000717801 ],,,,,, [ 2775162991, 597692702723 ],,,,,, [ 6192553921 ],, 
  [ 2804747987 ],, [ 66209078809, 46156191221682433, 32848909963037319241 ],,,
  , [ 2636948737061, 65133828769593211311641 ],,,, [ 33907689089 ],,,, 
  [ 42074895932317597, 394998230478415033 ],,, [ 18765449011 ], 
  [ 2822193929 ],,,,,,,, [ 15900116767160952069724172553121 ],, 
  [ 7312499593499, 320133316322161 ],, [ 2671720570193 ],,,,,,,, 
  [ 80685970517377, 10604567776046581 ],,, [ 3636207851892361 ],,,,, 
  [ 23673916501, 1284409062087061, 3622499251280384021 ],,,, 
  [ 1149502063652529049 ],, [ 246788187241 ],,,,,,,,,,,,,,,,,,,, 
  [ 305523027811 ],, [ 9412406248464577, 680428677500875297 ],,,,,,,,,,,, 
  [ 789446950138201, 207860875494289418748901 ],,,,,,,, 
  [ 28989723830761, 715040101155689 ],, [ 869534951671 ],, 
  [ 2696484337, 5208840313 ],,,,,, [ 3242822609596303 ],,,,,, 
  [ 3398038792849 ],,,,,, [ 69267803221, 683990070061 ],,,,,,,,,,,, 
  [ 115292161069993, 117429884429919769 ],,,,,, [ 1659763597153 ],, 
  [ 131290470151, 980354447801 ],,,, [ 1620904852519, 120961399857517 ],,,,,, 
  [ 28305572401, 2374646580721, 3741810009851180938681 ],,,,,, 
  [ 1550329519, 7458840271, 43513693519, 53210007079, 248621232877, 
      13154976106123, 351325991063706079 ],,,,,, 
  [ 54333344617, 2929598083381 ],,,,,, [ 8458473557773 ],,,,,, 
  [ 280653815809 ],,,,,,,,,,,, [ 8220424609 ],,,,,,,,,,,,,,,,,,,,,,,,,,,,,,,,,
  ,,,,,,,,,,,,,,,,,,,,,,, [ 2924086980769 ],,,,,,,,,, [ 1987639319239787137 ],
  ,,,,,,,,,,,,,,,,, [ 15295679521 ],,,,,,,,,,,,,,,,,,,,,,,,,,,,,, 
  [ 40560828361 ] ];
