BRENTFACTORS[738]:=[ ,,,,,,,,,, [ 2034056509 ],,,,,, [ 3802541617493 ],, 
  [ 1478907227729 ],, [ 17400133843, 7233325196773579 ],, 
  [ 1288009201, 143631390887 ],, [ 8605443745738451, 123837031983544001 ],,, 
  [ 2497473917 ],,, [ 1629799147, 2494517392172797, 9212012870106192059 ], 
  [ 47823818506241, 73360051962049 ], [ 1381888754137, 1898900973552529 ], 
  [ 156105649654770001 ], [ 2987289761 ], [ 23605147333 ],, 
  [ 200909859010657 ],,, [ 2249775914153, 5347835756438310409 ], 
  [ 1519277228407 ], [ 1722034671832572795384563 ], 
  [ 13694238317, 413960090556999317 ], [ 7047193088781679591 ], 
  [ 82153396374964777 ], [ 6172141902299, 13097626145017722158462797780875593 
     ], [ 4085679361 ], [ 85939081442257, 1714662625251204425658101866319 ],, 
  [ 3070158181, 30797497278253 ], [ 135145363255143818230681 ],, 
  [ 31683747457 ], [ 71979237690868044146754501069988743226331 ], 
  [ 107046188076353, 51951458886072521568827833 ], [ 224106403270423 ], 
  [ 166757801813 ], [ 117638430521342295828721 ], [ 2380664401 ],,, 
  [ 20257667634583, 1997234694441334027, 219166990362453844573681267 ],, 
  [ 843353001122295398411, 12077643873337687274761, 
      44577876639532098121296940216745731 ], [ 797637746375788502018077 ], 
  [ 356674765570337315147 ], 
  [ 8388056837, 56819350882265090592312168850787053 ], 
  [ 103479624741199032150169646097975641023899480810000208177 ], 
  [ 2497739182051, 1130894769055795801 ], 
  [ 254211275359, 14465195941811, 3682755225428644753491924225661 ],, 
  [ 1930218749177602339 ], [ 976867116831137406669275214385964747 ],, 
  [ 3249710751825775315061, 4802945918660227829873 ], 
  [ 3100636309, 208993755433 ],,, [ 193471911708641 ],, 
  [ 5388251453200931744963, 194358635718560842411499 ], 
  [ 3826173343, 282763286639 ],, 
  [ 1188866951, 660433268318812791474871, 876131677316432256379529321 ], 
  [ 89464818913 ], [ 211964882869 ], [ 528900920861196929 ],,, 
  [ 23521693651, 338714448759699021696773087 ], 
  [ 96534056436278672127309718873450132418285398734826117 ], 
  [ 9655761831349 ], 
  [ 409331289942666233, 109013290435742128619, 1171708540252355154475823 ], 
  [ 57378933264001 ],, [ 2692299991, 51949821678569, 391943048897069261 ], 
  [ 2278442671, 2942838144167191616721351753894095509889 ],,,, 
  [ 417982052758261580699600345532245495265841 ],, 
  [ 1705847833, 278339022256452505965657179943598226302384489 ], 
  [ 107009533058722858209925672174432771, 
      13695930523107934442168346840322611123361 ], 
  [ 24318252410635181, 504144110138773847213, 629859525481248479699, 
      608588540515219007221975625719 ],,, [ 8758812712852755551 ], 
  [ 910109437018541, 14923673935352715177618161, 
      101887009959168514422449032977664801 ], [ 6250052832637 ],, 
  [ 136808733791861 ], [ 2917967415593047 ], [ 9112441220651 ], 
  [ 844157088147611611929709 ], [ 1634534013264751 ], [ 9642306281 ],, 
  [ 4343812878681820434481, 98871152627605824400201 ],, 
  [ 1364076359734919, 11589855293381610593 ], [ 127145158433906867682217 ], 
  [ 600068772966486783671053 ], [ 11270421945001, 1136827373913170590751 ], 
  [ 77967624343289226589, 41973385326494405863981875637412347831 ],, 
  [ 584870726001281 ], [ 328366222369, 10975502045158773763873 ], 
  [ 3420969780041360178093151, 6606829562485269258887201 ],,, [ 10612168687 ],
  [ 713762393183171, 67924242810899535600581, 69176589182557441748484759967 ],
  [ 78088144517853337598221 ], [ 475994047091142071968057 ],, 
  [ 6334152228561788867364834169 ],, [ 1615605461, 527306784749065664878781 ],
  [ 4287686203, 2086872220081279, 10257610596561331 ], 
  [ 2178742339752294983308871 ],,, [ 99098762591 ], 
  [ 7941567947, 116460540112880151458683217099 ],, 
  [ 52625686751759666774017, 10915738584083614718519297 ],, [ 1714401889351 ],
  ,,, [ 1703660850253182703807 ], [ 34823485219591 ], 
  [ 323983195321166734441614156778993, 
      42807244210652535369866805730928961885164713 ],,,,,, 
  [ 44376029625248789915871372789829 ],,, [ 105176924821 ], 
  [ 2692506242087, 210229730420747550506073007 ],, 
  [ 26035885462499956887919027129623097 ],,, 
  [ 1642841803, 7491873889, 68202176904091 ], 
  [ 6204688097, 37138031471936230357 ],, 
  [ 3954038895065100991, 630008201167660794828141592583484966799 ],,,, 
  [ 4638743895912367794461 ],, [ 13052910747325973478507001 ],,,, 
  [ 103603455155779597321 ],, 
  [ 17400791373969937429, 74054162605392052739558041393 ],,,,,, 
  [ 5606457212302503831557041343438209 ],, [ 8092794197, 21963768007 ], 
  [ 148027944871 ], 
  [ 1298258333, 14433968221, 402132497341, 305006968972082581, 
      6641089176873629717 ],,,,,, [ 23875324351 ],, 
  [ 184494439016779482168542857 ],, [ 4248191418847 ],, 
  [ 333109980737, 9492314582641073 ],, 
  [ 36278202451, 960801727957442994493096846055514961 ],,,,,, [ 2099429713 ],,
  ,,,, [ 667766274012757411, 47714627433346795591 ],, 
  [ 22742374251074171233, 29453524354581956609 ],, 
  [ 1765352219, 5409673243422202513189 ],,,,,,,, 
  [ 1786951067851, 55728588457153, 127726531196203829917 ],,,,,, 
  [ 47177739897452532961, 2366945128822528314280081 ],,,,,, 
  [ 1175738614506542051131 ],,,, 
  [ 421548295193251, 96856982853683251, 126460417150896846363001 ],,,,,, 
  [ 6223852289 ],,,,,,,,,, [ 3559701377, 22930119829 ],,,,,,,,,,,,,,,,,,,,,, 
  [ 4934815331041, 6666086887128577 ],,,,,, 
  [ 17404860859, 35548362360190177, 2475160153818168890467591 ],,,,,, 
  [ 132062270401 ],,,,,,,, [ 252722879901493 ],,,, [ 24594512840041 ],,,,,, 
  [ 268726109563 ],,,,,,,,,,,, 
  [ 2476185751051, 20109928553551, 5939500138159523431 ],,,,,,,,,, 
  [ 564878662700141 ],,,,,,,, [ 85874432629 ],, [ 24660153946794366701 ],,,, 
  [ 8982439643599, 124520235467923 ],,,,,, [ 2504977561 ],,,,,,,,,,,, 
  [ 13648123861, 910759353877, 447242049807373, 65247487013551021 ],,,,,,,,,,,
  , [ 2375720781697, 11562780807937 ],,,,,,,,,,,, [ 30311175336553 ],,,,,,,,,,
  ,,,,,,,,,,,,,,,,,,,,,,,,,,,,,,,,,,,,,,,,,,,,,,,,,,,,,,,, [ 14865157533997 ] 
 ];
