BRENTFACTORS[4099]:=[ ,,,,,,,,,,,, [ 2344750835831 ],,,, [ 2005553791141 ],, 
  [ 1861868521 ],,,,,,,,,,,, [ 103652324099, 308878918713273909753868831549 ],
  ,,,,, [ 301371730324564153, 1111967065035291754495968792865341702722332441 ]
   ,,,, 
  [ 15762180963577, 18053283472249, 138514044273615027495193412275940810732379\
159874939 ],, [ 1397072689481068730909490010207 ],,,,,,,,,, 
  [ 57347620176917863301487718539260730267847 ],,,,,, 
  [ 249240552492590572616287999 ],, [ 2377023316398903165755065191361308427 ],
  ,,,,, [ 26325378169897, 21655309238221777 ],,,,,, 
  [ 47660990634956298025399 ],,,,,, [ 412426647232935262651657159835951 ],,,, 
  [ 299800761877, 2368080764983, 19330846639458419207 ],,,,,, [ 24312583723 ],
  ,,,,,,,,,,, [ 286779858388039599573242307353 ],, [ 510322183519 ],,,, 
  [ 1498109172529, 109253725265658638023759 ],, 
  [ 230383761023196898955101547, 30274046860022140467287191169299, 
      47177420942299120619274820963483005844433 ],,,, [ 6626890745147 ],,,,,,,
  ,,,,,,, [ 1641499105304089, 255021948670761302947841 ],,,, 
  [ 226311525901, 32766942365959227178663364407 ],,,,,, [ 2732103990479 ],, 
  [ 1258835987 ],,,,,,,,,,,, 
  [ 3322804442233, 1475180999660764901, 195291826319460223690805668894097471 ]
   ,,,,,, 
  [ 69618989201095333, 8359157901751806906949, 49066299579911191738177, 
      447007214849943606911408513 ],,,,,,,,,, 
  [ 217388450417, 33850461247207387931 ],,,,,, [ 26340370420412923477 ],,,,,, 
  [ 5655964011133, 132899447639082563, 436363648206142169 ],, [ 447586833917 ]
   ,,,,,,,,,, 
  [ 187933491181, 2020175245663249, 2083528361776302276631, 169478976670779888\
672320647 ],, 
  [ 6090908617, 1850340565103, 2972132554605609256442527, 19800053025753195525\
4392023 ],,,,,, [ 1366031335727 ] ];
