BRENTFACTORS[467]:=[ ,,,,,,,,,,,,,, [ 2224524481, 1014768307921 ],, 
  [ 18027944771957777 ],, [ 154734729607724347493 ],, [ 17130053162839 ],, 
  [ 61213091380071615958083811 ],, [ 3161486174801 ], 
  [ 9885772027, 1041099627179 ], [ 584592987598723 ],, [ 77581941314431 ],, 
  [ 148106603899418387, 740375160982347006721313 ],, [ 1277820938044226533 ],,
  , [ 12801831841441 ], 
  [ 34412292527809716911, 541191358484281639001863688986963 ], 
  [ 71998443781619878835063 ],, [ 1933931561, 15033468488321 ], 
  [ 4089568263561830388113662969166474269 ], [ 7830113719, 9060762943 ], 
  [ 2038740024073569280423435457 ],, [ 6524089396662532141 ],, 
  [ 107904371296112724878570673929, 
      678305068508062949122512002362273110362327 ], [ 1261297249 ], 
  [ 27626342807935443391, 290473435679596889246204906718979380431 ], 
  [ 25642455301, 12082958530007626451 ], 
  [ 11757855589, 607936949953, 45842162828997583 ], 
  [ 1639823518494241266733 ], 
  [ 69339644329, 75119973352871, 208950117387227, 494871091286490277 ],, 
  [ 101458116871 ],, [ 1401513467923771, 27951011232813352800870511 ], 
  [ 208501199223142841 ], 
  [ 102831255407, 158976256823327, 119321088380172752978754477109, 
      336253041002179220157305625587, 79940804622904200522277920562409 ], 
  [ 1067112001, 990122059168381 ],, 
  [ 387779188385575799, 19430240817584090797 ],, 
  [ 43824788353, 1741073381116033, 260401479398556481 ], 
  [ 71953367851, 37799135277637189496975064119479752341 ], [ 815681723341 ], 
  [ 2652069577, 5220562951, 63618203150450921837, 
      4673907705963898888752081757545985061172157187 ],, 
  [ 10432906537, 70549756140476413 ], 
  [ 823236422681, 133883020204026218908931 ], 
  [ 137438884282470179, 4774496457892563531840600210709, 
      965859321378460714913829477795660342051668383128647 ], 
  [ 1925549225206987237201 ],, [ 663686200117 ], [ 1187847151 ], 
  [ 61345165250329, 5036249663544616899412348861 ], 
  [ 3028137891195649, 349966662722144199544121 ], [ 29852085676328569804957 ],
  [ 478607390200862021913941225504599 ], 
  [ 1652188561, 3027928247589944222910406459077601 ], [ 827932675699 ], 
  [ 231862842574472119, 81854999416088052977 ], 
  [ 690426152171160235723558735176820667807, 
      4947726040857185102516007340686396523695536351 ], [ 20042010493 ], 
  [ 38386165622060181569490761881 ], 
  [ 2664377869, 61115739869, 391899743941877, 
      2380765636993229905333950100064387 ], 
  [ 107088860490889, 526360525366260061, 6319489212564197731, 
      241085007300790359254068604274588269031283 ], [ 1808642091476617 ], 
  [ 29996530631, 11589126339255319, 13756121250564720259 ], [ 6807733921 ], 
  [ 3822002549 ], [ 39582960232909, 226872643540913888223515050321008384641 ],
  [ 7503488588266131443576400613 ], 
  [ 6553705638598231, 411080016500351371, 245075319107475988913, 
      211000795042363520800134626446463 ], [ 19858707851, 21392822156941 ], 
  [ 220560849859552172525112145824583772353, 
      6698673804353059562951740785616684633441 ], 
  [ 5015129891, 244449058591769 ], [ 417083350080989569517 ],,, 
  [ 2631618631 ], [ 66341385889, 323873326440779228581625329129417 ], 
  [ 4208220119 ], [ 46376593304913183757988236297822095211268526281 ], 
  [ 17900948856799223671, 12040953610478027123336491 ], 
  [ 129068438893, 13667031252071, 1782481234006300159 ],, [ 2922593833 ],, 
  [ 80618312457863731, 25556231892471017124110131 ], 
  [ 520229058711886143584725141 ], 
  [ 9462534929, 1769810730317057, 1091763512427481900658849 ], 
  [ 1521174587, 69939959766692614070015051, 
      1858111469431492628249129742635152805543 ],, 
  [ 269316677941, 481090938131 ], 
  [ 507524903461, 36050904513377896781571426814954141 ],, 
  [ 5009569542672421, 74725273495787592072777511 ], 
  [ 1660888123006729970343103 ],, [ 1364296464659872283 ], 
  [ 1060705205714324953 ], [ 514492295020904936497 ],,, 
  [ 239176260667, 15357617560915939 ],, 
  [ 73460157628801, 63563339052926777894017, 25334433038292167173968419201 ], 
  [ 281774678957172681691, 1118676640075654531957 ], 
  [ 2022308731, 24158385904381 ], 
  [ 5328266753, 900636848990521448454194024085067 ], 
  [ 781546844761, 300947177892573697, 9453911784020008273 ], 
  [ 44137419534870313 ], [ 5560054904262491 ],, 
  [ 31293722496960536758661870970667193, 
      5288187659473683852469680340548455045635786777 ],, 
  [ 33985950240369598767942637, 36530451418816878116232732385848549451 ],,,, 
  [ 4394468321, 79713679481, 3079896185652486844133503913 ],, 
  [ 49465504633137071633980460996743797172273 ], [ 2038591801871 ], 
  [ 1666737899, 433617613776595032452269486597, 
      971052507931786768221649653967 ],, [ 9895673721293 ], 
  [ 27665766459339842071597490494021 ], [ 25382600195769233626351 ], 
  [ 1568989057 ], [ 1196200518699282537521, 13402684302466973205953 ],, 
  [ 532658742356446188959550868162345439, 
      73358882279965885756114273982017864481526317989 ], [ 1000213857961 ],, 
  [ 199922486519963527 ], 
  [ 4927199191, 289307123711, 88614930083271432074140930969818021221 ], 
  [ 1865400511393 ],, [ 856053822908666663, 705015045817013206063776023 ], 
  [ 9426868291, 1045372954903667973906823, 
      64951193900894604166103186044126549 ], [ 14459624051 ],,,, 
  [ 72005167592741 ], [ 5331416329, 252875050590724297, 1365265305068718649 ],
  , 
  [ 12318571451, 40301800939689716198052035004996670972471, 456818189715038234\
953611718820643836677507092459641 ], [ 283511246527 ], [ 14047348361 ],, 
  [ 2330679019, 46095490141, 37022509338277, 629015725649779664862216469 ],, 
  [ 6285984673 ],, [ 13387500151, 17480509759, 563793326009 ],, 
  [ 982290530236627884387221461 ],,, [ 7434763720573986733 ], 
  [ 23497048139273 ],, [ 3220736346847 ],, 
  [ 120654251734298597561135534743238017 ],, 
  [ 216671867501, 462794599691, 1209250172101, 125028991661461, 
      3960675628092681117098850846130273151 ], [ 83540541113 ], 
  [ 12627377159809, 372450430085573062273 ], 
  [ 14531755433038500951309360577, 931698258607196732280328507963 ], 
  [ 1781819421434047, 5107217215163797 ], [ 868263386251 ],, 
  [ 231771418783967, 29962120996010797062300454391 ],, 
  [ 5290830161363, 198091349611102291891 ], [ 667042435201 ],, 
  [ 39665928971 ],, 
  [ 746509738453, 970916310109, 4222669364968640473, 8285860098350281950553 ],
  , [ 5323258175251186886753 ],, [ 124665359521 ],, 
  [ 2158629061, 17659150608705691, 
      499396464520270912808025363161519489779590001 ],,,, [ 1815140083 ],, 
  [ 293235675553, 1018324995194382865273, 1872283098248719951393 ],,,, 
  [ 362552706788801, 3750521817212538070943419961 ],, [ 19780332791743 ], 
  [ 88979110027 ], [ 9584934017, 2197219379041 ], [ 7473243021108301 ],, 
  [ 21961871087695485916157, 4842228410183807420894005039 ],,,,, 
  [ 1846583766704177 ], [ 14762990942889887, 18813713075192300581556368584749 
     ],,,,, [ 16969926069679829, 36584437541968009 ], 
  [ 2515620943996398269313487 ], 
  [ 926897322005175601, 1322352972536632291318321 ], 
  [ 12672900169, 182479459418561 ], [ 3673217329 ],,,,,,,, 
  [ 22533420981596056002104395001 ], [ 2516228283379, 2176660429620371 ], 
  [ 26459061659204833, 17573305275156035917 ],,, [ 31048445539316711761 ], 
  [ 6105768791041 ], [ 9178821622111 ], [ 6545830489098976700014681 ],,,,, 
  [ 193846077059387 ], [ 9141510422089, 74768522582953 ],, [ 2742235763 ],,, 
  [ 1453729801, 1232511264247447633 ],, [ 6588077754487416545983 ],,,,, 
  [ 2384141269, 4530941899609, 28855654026797737 ], [ 4149810683 ],,,,, 
  [ 274623138888409, 414899438664709, 36345267397794871 ],,,,,, 
  [ 245449909153 ],,,,,, [ 12417452797, 815296328865901 ],,,,,,,,,,,,,, 
  [ 6557771221, 33663188859210373 ],,,,,,,,,, 
  [ 34023376501, 3566631551503, 32005755487681369, 56191048603806811 ],,,, 
  [ 23665518424549 ],,,,,,,, [ 3594006303691 ],,,,,,,,,,,,,,,,,,,, 
  [ 2054883925151 ],,,,,,,,,, [ 581780296441, 714422482561 ],,,,,,,,,,,, 
  [ 638192969045792101 ],,,,,,,,,,,, [ 7223095681 ],,,,,,,,,,,, 
  [ 463559905291429 ],,,,,,,,,,,,,,,,,,,,,,,, 
  [ 4646168101, 214710620999163627241 ],,,,,,,,,,,,,,,,,,,,,,,,,,,,,, 
  [ 2303990551 ],,,,,,,,,,,,,,,,,,,,,,,,,,,,,, 
  [ 2147081781829921, 195716559652484161, 1144978583344261921 ],,,,,,,,,,,,,,,
  ,,,,,,,,,,,,,,,,,,,,,,,,,,,,,,,,,,,,,,,,,,,,,,,,,,,,,,,,,,,,,,,,,,,,,,,,,,,,
  ,,,,,,,,,,,,,,,,,,,,,,,,,,,,,,,,,,,,,,,,,,,,,,,,,,,,,,,,,,,,,,,,,,,,,,,,, 
  [ 106758708449, 1155857237501, 5811379807783165981, 
      2530463388407112347191559957 ],,,,,,,,,,,,,,,,,,,,,,,,,,,,,,,,,,,,,,,,,,
  ,,,,,,,,,,,,,,,,,,,,,,,,,,,,,,,,,,,,,,,,,,,,,,,,,,,,,,,,,,,,,,,,,,,,,,,,,,,,
  ,,,,,,,,,,,,,,,,,,,,,,,,,,,,,,,,,,,,,,,,,,,,,,,,,,,,,,,,,,,,,,,,,,,,,,,,,,,,
  ,,,,,,,,,,,,,,,,,,,,,,,,,,,,,,,,,,,,,,,,,,,,,,,,,,,,,,,,,,,,,,,,,,,,,,,,,,,,
  ,,,,,,,,,,,,,,,,,,,,,,,,,,,,,,,,,,,,,,,,,,,,,,,,,,,, [ 10317893165917 ],,,,,
  ,,,,,,,,,,,,,,,,,,,,,,,,,,,,,,,,,,,,,,,,,,,,,,,,,,,,,,,,,,,,,,,,,,,,,,,,,,,,
  ,,,,,,,,,,,,,,,,,,,,,,,,,,,,,,,,,,,,,,,,,,,,,,,,,,,,,,,,,,,,,,,,,,,,,,,,,,,,
  ,,,,,,,,,,,,,,,,,,,,,,,,,,,,,,,,,,,,,,,,,,,,,,,,,,,,,,,,,,,,,,,,,,,,,,,,,,,,
  ,,,,,,,,,,,,,,,,,,,,,,,,,,,,,,,,,,,,,,,,,,,,,,,,,,,,,,,,,,,,,,,,,,,,,,,,,,,,
  ,,,,,,,,,,,,,,,,,,,,,,,,,,,,,,,,,,,,,,,,,,,,,,,,,,,,,,,,,,,,,,,,,,,,,,,,,,,,
  ,,,,,,,,,,,,,,,,,,,,,,,,,,,,,,,,,,,,,,,,,,,,,,,,,,,,,,,,,,,,,,,,,,,,,,,,,,,,
  ,,,,,,,,,,,,,,,,,,,,,,,,,,,,,,,,,,,,,,,,,,,,,,,,,,,,,,,,,,,,,,,,,,,,,,,,,,,,
  ,,,,,,,,,,,,,,,,,,,,,,,,,,,,,,,,,,,,,,,,,,,,,,,,,,,,,,,,,,,,,,,,,,,,,,,,,,,,
  ,,,,,,,,,,,,,,,,,,,,,,,,,,,,,,,,,,,,,,,,,,,,,,,,,,,,,,,,,,,,,,,,,,,,,,,,,,,,
  ,,,,,,,,,,,,,,,,,,,,,,,,,,,,,,,,,,,,,,,,,,,,,,,,,,,,,,,,,,,,,,,,,,,,,,,,,,,,
  ,,,,,,,,,,,,,,,,,,,,,,,,,,,,,,,,,,,,,,,,,,,,,,,,,,,,,,,,,,,,,,,,,,,,,,,,,,,,
  ,,,,,,,,,,,,,,,,,,,,,,,,,,,,,,,,,,,,,,,,,,,,,,,,,,,,,,,,,,,,,,,,,,,,,,,,,,,,
  ,,,,,,,,,,,,,,,,,,,,,,,,,,,,,,,,,,,,,,,,,,,,,,,,, 
  [ 6266113078791362204521 ] ];
