BRENTFACTORS[161]:=[ ,,,,,,,,,,,,,,,,,,,,,, [ 7122635251789 ],, 
  [ 26814314777501 ],,, [ 1953967605493 ], [ 2485120433, 6202240224972773 ],, 
  [ 1594095673639958858131183 ], [ 505528326497 ],, [ 594207663389 ], 
  [ 120536205005191835791 ],,,, [ 74388572857 ],, 
  [ 52202567761, 32095485783972317325325193 ],, [ 3081917119424029 ], 
  [ 2287643821 ],, [ 16449008762369 ], [ 55927093478682952324834074401821 ],, 
  [ 1851841499393999, 3793183395851344721917827779245751107 ],, 
  [ 35871328084997589126345573283 ],,, [ 20894300029 ], 
  [ 8419936471, 13734743881, 97475460419543168215013848891 ], [ 5559544873 ], 
  [ 36998845693, 215247114229783, 1110427407900409 ], [ 3115060579 ], 
  [ 21911865767622002887369 ],, [ 10829533401789714441158521 ],, 
  [ 56332168587162319699 ], [ 1677798709696844706092493121 ], 
  [ 3663197132531, 30914441904019553756427749198568101 ], [ 43908309665551 ], 
  [ 22974274988185360024667797003325318036399111 ], [ 193046521513 ], 
  [ 161095666746796214631066265657733618591786251 ], 
  [ 27904074703063802544281 ], [ 1777683985423459, 909441112815770033 ], 
  [ 5194224192529 ], [ 1153374743 ], [ 5003019782339 ], 
  [ 120188020951, 5966178561964603051, 3872532511322839546951 ], 
  [ 1781595421, 2467540474203486385991145126197 ],, [ 1710685454855494626211 ]
   ,, [ 17357322764042530466081 ], [ 337788882630441026947 ], 
  [ 264010958881, 221014840303243603 ], 
  [ 924377713373, 50999252033860098691, 59149969368287898556777 ],, 
  [ 14062029339539161, 62780701265264231392181 ], 
  [ 3353442893, 104809209249389 ], [ 5711555917 ],,,, [ 20187189023 ], 
  [ 26673819383074298148219601 ], [ 1719756187, 3721682743, 14577529777 ], 
  [ 2738211581657565245535241 ], [ 102415714497329666232461 ],,, 
  [ 13665492450347630929 ], [ 12219838365242971 ], [ 17135826355301 ], 
  [ 252121598165453711, 307001344624995407 ], [ 9747925597 ], [ 21709550609 ],
  [ 103516843528152116988000931218110488313 ], 
  [ 366759633571081381, 699786373375401097769964751 ], 
  [ 34110602109994928717587490577743 ],, 
  [ 369965776188552583213, 4930123196668523570954569 ],,, 
  [ 9303719974099046737 ], 
  [ 21206532593, 35321676955303018182673, 34981895503100508261023201 ],,, 
  [ 10589401481, 41625142158783727541 ],, 
  [ 20641153339, 14789266956614660596399 ], 
  [ 81182335021, 46410492950208319, 44400909174584114308924223520563 ], 
  [ 814377875193037 ], [ 7038847264044193441 ], [ 223036364718119503 ],, 
  [ 699366113773 ],,, [ 10242072281486878309 ],, [ 6518733713153 ], 
  [ 8521418652574960198170991 ], 
  [ 31534649385460340701125571, 218564629586029146162264341 ],, 
  [ 3702917989, 15859391989160041096549533227041 ],, 
  [ 5359306283, 66260297489, 105631776427 ], 
  [ 11684818949131, 175324871317780801 ], [ 1235152273 ],, [ 149911470829 ],, 
  [ 1419766295081, 498665953117921, 65965790984201590721 ], 
  [ 6503739546593345104393 ], [ 105864878140486859 ], [ 1869655789 ], 
  [ 4323012481, 29291856563521 ],,,,,,,, [ 21848649088472635471639273 ],, 
  [ 44149839180974901991 ], [ 2320624351, 1117349298054701 ], 
  [ 3128962023097 ],,,, [ 479709831361 ],, 
  [ 270089678774315623933625091397274556513202563361 ],, 
  [ 36729086089, 7953467823773 ], [ 1024184626411 ],,, 
  [ 5232742033, 3601935543648289 ],, [ 2441708641 ],, 
  [ 55506800073847669, 444487816480753069 ],, 
  [ 2562306220087327291, 636084803391659782099, 197177769177124246938571 ],,, 
  [ 17379287165161 ],,, 
  [ 127437669901, 17727918947931606815521, 106630086140492095979346952981 ],, 
  [ 259545381620617 ],, [ 3114875028017992697 ],, 
  [ 19540524811, 2379887438474003013613 ],, 
  [ 118679700085484353, 167325223744743461 ], 
  [ 23132996713, 117756868447, 824167519754167891 ], 
  [ 7756275076886531287361, 50609466713658930105259870241 ],, 
  [ 1022109889, 1759325578753, 5841647812801, 
      752219153895083323699965823027226113 ],,, 
  [ 4260074369461, 79899392915161, 15787432254585760081 ], [ 57568286021 ],,,,
  ,, [ 1521977229077, 4695709833452644473293 ],, [ 39383952588889 ],,,,,, 
  [ 2760152785321, 901566037826093511271, 267797778958337309543401 ],, 
  [ 13450137541, 73261981542524145473 ],,,,,, [ 38549142636233 ],, 
  [ 8997659441, 3164911700941 ],, [ 71387213829039612958962481 ],, 
  [ 3789295553 ],, [ 2728886269 ],, [ 8355377377 ],, 
  [ 110143490527804051, 3559710036291700001 ],, 
  [ 2152361441, 126568716287257 ],, [ 576237758584177 ],,,,,, 
  [ 23157707426401 ],,,, [ 17920560737518703857 ],, [ 202443143323 ],, 
  [ 1881022217 ],, [ 195313596001 ],, [ 701918565013 ],,, [ 2920716451 ],,,,,,
  ,,,,,,,,, [ 635673472319251 ],,,,,, [ 4283829673, 95778218129923006729 ],,,,
  ,, [ 55746800581 ],,,,,, [ 478461601182899344609 ],,,,,,,,,,,,,,,,,, 
  [ 607153572565489 ],,,,,,,,,,,,,, [ 3637350401 ],,,,,,,,,,,,,,,,,,,, 
  [ 47361675504001 ],, [ 1644387301 ],,,,,,,,,,,, 
  [ 8549680207, 91095364124551 ],,,,,,,,,,,,,,,,,, [ 1889071230290620768549 ],
  ,,,,, [ 1391072299288057 ],,,,,, [ 2316200934529 ],,,,,, 
  [ 17315807787872762221 ],,,,,,,,,,,,,,,,,, [ 246230503489 ],,,,,,,,,,,,,,,,,
  ,,,,,,,,,,,,,,,,,,,,,,,,,,,,,,,,,,,,,,,,,,,,,,,,,,,,,,, [ 25966628641 ] ];
