BRENTFACTORS[195]:=[ ,,,,,,,,,,,,,,,, [ 41415566821901137 ],, [ 3246719963 ],,
  ,,,,,, [ 18337454137, 2998433325403 ], [ 3587390603861, 29055426249529 ], 
  [ 6405632146879879783, 92913750563238661831 ],, [ 7970811542723791 ],,, 
  [ 1243381826957 ],,,,,, [ 32154834721 ],,,, [ 29766417077 ],, 
  [ 1476667483, 8371782630160247 ], [ 2426471539 ],,,, 
  [ 1234214893, 6945983557, 1722229559781439 ], [ 2883191741 ], 
  [ 6242654133073258190535338958286310695651539612787 ], [ 3053313867817 ], 
  [ 26845505838932881, 1002459881787604325628071 ],, 
  [ 3057556823119, 380864016119815873, 274113638287169204521 ], 
  [ 21615672697, 809285118369243521 ], 
  [ 39997639154197445731572031639894948123319, 
      7908720885311187416194910874324920795776039349 ],, 
  [ 3312263441547842029500579672088875977 ], [ 588733118888167223 ],, 
  [ 11880692899418849650918163635649 ], [ 102983190358642121497127547611 ],, 
  [ 1474492451, 2344977900342857671 ], [ 74482942223166343157413957 ], 
  [ 690531673291, 325226609398078303322611129 ], 
  [ 23657770004914781, 208188327515169191 ],,,, 
  [ 2932348308316472657, 8733294207786166122312629 ], 
  [ 21149254209659210851, 4352533100713569774601 ],, 
  [ 556379015347, 54702642664979, 39647084274429889567157 ],,, 
  [ 1111086002161 ], [ 35406991821919369712438620082457514657 ], 
  [ 6278534034264707633036273487597183274879 ],, [ 129538822967989 ], 
  [ 21186152114665381, 4728476545339348504181 ],, [ 2761078205424907 ], 
  [ 474358044073, 154484212298593, 502658459604997169 ], 
  [ 2609572453963799, 241217817351670529, 5847534509968410575937833 ], 
  [ 13830491156976254001601 ], 
  [ 14042982304261, 237168724659413, 75954020906966203 ], 
  [ 3223488383845301432606888848709 ], [ 5565584877799 ], 
  [ 279693061614739919617647576746976605883723400909 ], 
  [ 6085591891, 1553181747253518076481557230121 ], 
  [ 39096819335718941002894081 ], [ 19437270311 ], [ 4781730367 ], 
  [ 2461428420859 ], [ 26692955929997340056854605101 ],, [ 2726171953 ],, 
  [ 1139622017, 14529837067688203668960073 ], 
  [ 5483625001, 33013003351566421, 3126634397204245201, 
      9366100875493284905811138241 ], 
  [ 2772031713739407331515005405472363731 ],, 
  [ 26390213375298434704910753214175153 ],,, 
  [ 251534246413, 300550057981, 7313342834059, 285225837133316423007217, 
      14876667602326810304808746731 ], 
  [ 21179494337, 996136220044235450998326732450625129482241 ], 
  [ 4593369795991 ], [ 16804065943537, 442214096960558569 ],, 
  [ 16797611511939234716718661 ], 
  [ 4333928393107, 830839159805809969026431739001 ], [ 3286608187439605681 ],
  , [ 24981882164589868413601, 9863631559558706612513041 ], 
  [ 40978986721823569 ], [ 8533610251 ], 
  [ 195349067706062869, 797995179590317927 ], [ 362494840913639101 ], 
  [ 907654764374759251 ], [ 23159805103, 54316209630514231 ],, 
  [ 179311961256987649 ], [ 17618261173 ], 
  [ 32682569791, 101719187729790922201 ],,,,, 
  [ 782863306831, 320796435362936581 ], [ 11375585053457 ],,,,, 
  [ 11956153679823155476117 ], [ 5704589147, 3436623828353 ],, 
  [ 268348119832848673, 613028704608328223233 ], [ 21756132045877384651 ], 
  [ 2988488747 ], [ 9691327044127, 23590535513656767135966529 ], 
  [ 83735391977309592577, 135736712431402629101 ],, 
  [ 1968657601, 29033919730704901 ],, [ 591056863751177 ], 
  [ 10309737361717657 ], [ 37190641394831, 2043031625475747253911706913 ],, 
  [ 3462309241, 21949710932191692816130849, 613542169852927042715922481 ],,, 
  [ 1938460140073 ],,, [ 3071286747305263 ],, [ 1528729691994564015949 ],, 
  [ 2090186179 ],, 
  [ 5180174696978326921, 3398879020147843332760208137, 62552164386489624090864\
65473 ],,,, [ 171182297808838313 ],,,,, [ 42653038741, 2260907472082327 ],,, 
  [ 469999863523261, 25400251110971691743524930136617921 ],,,, 
  [ 836325845809, 86003651545452867582554617 ],, 
  [ 41734029847572613, 974619627151380430479907 ],, [ 15783800700917 ],, 
  [ 67632943139854178351 ],,,,, [ 552623288101 ], 
  [ 6323823577, 206639060707493, 7638412839458693657 ],,,,,, 
  [ 460784474953074813681391 ],, [ 2289180927150157 ],,,,,, 
  [ 32278911008700123322591, 37230498345943851994291 ],,,,,,,,,,,,,,, 
  [ 10307273401 ],,, [ 67170694681 ],, [ 1719091991, 15823522164421 ], 
  [ 62519806273 ],,, [ 110625732361 ],,,, [ 861748906313 ],, 
  [ 133535547874067281 ],,,, [ 1827239629, 255642158173 ],, 
  [ 23270356330511359, 282257849823998941, 10762768459273653996109 ],, 
  [ 22140812809 ],, 
  [ 44891977939165001, 82386751518272629751, 1805071418528193818501, 
      20604907631013067008186610717501, 199163012962505908296294995152751 ],, 
  [ 9510958439941393, 13746791804951773, 2040285242497761289801, 
      2257173118458527930170777 ],,,, [ 74641199873 ],, 
  [ 66575552209, 97848445579 ],, [ 11225349461, 249891465721 ],,,, 
  [ 2526647377 ],, [ 189269134867 ],,,, 
  [ 952125484411, 337154221836864562051 ],,,,,, 
  [ 1495793303857, 20777254383878893 ],,,, 
  [ 65743700454633811121, 5747314189034058814187561 ],, 
  [ 16949170363, 113259423013687, 3072706298472479953 ],,,, 
  [ 2768300393, 167247864957317 ],,,,,,,, [ 823631705779 ],,,,,, 
  [ 2093941501, 86486625122414701 ],,,,,, 
  [ 102755683823167, 2485974760331761 ],, [ 7405563089, 454206261544421 ],, 
  [ 111497984891 ],, [ 94398683809, 208260321361 ],,,,,,,,,,,,,,,,,,,,,,,,,,,
  , [ 21807712541, 206992979881 ],, [ 486688496024232487 ],,,,,,,,,,,,,,,,,,,,
  ,,,,,,,,,, [ 152159739726289 ],,,,,,,,,,,,,,,,,,,,,,,, 
  [ 2427560389, 27248914895905693 ] ];
