BRENTFACTORS[5849]:=[ ,,,,,,,,,,,, [ 63797916540647395783 ],,,, 
  [ 11369267067908203, 11795901971696053 ],, 
  [ 269244942358654100878932690167, 238449210002619668826756012516682173053 ],
  ,,, [ 190930397645297 ],,,,,, 
  [ 966186442884753113194306789, 437272906645158826704864733849312470438029097\
03303434363039 ],,,,,,,, [ 159480497789 ],,,, 
  [ 443068727203, 25916799744049, 26238607814915991373 ],, [ 41094740884727 ],
  ,,,,,,,,,,,,,,, [ 12440840537 ],,,,,,,, [ 47745917419880032605361 ],,,, 
  [ 1173634586575757092459 ],,,,,,,, [ 185943055873 ],,,,,,,,,, 
  [ 2088542515543833672656413 ],,,,,,,, [ 1135779387135139 ],,,, 
  [ 488437455613 ],,,,,,,,,,,, [ 226128027421391 ],,,,,,,,,,,,,,,,,,,,,,,, 
  [ 4328896924217 ],,,,,,,,,,,,,,,,,,,,,,,,,,,,,,,,,,,,,,,,,,,,,,,,,,,,,,,,,,,
  ,,, [ 5670726636251 ] ];
