BRENTFACTORS[193]:=[ ,,,,,,,,,,,,,,,, [ 81968898621607 ],, 
  [ 14848802443, 441470831177 ],,,, [ 5900911239006733 ],, [ 15956420248501 ],
  [ 37919936939 ], [ 34155362737788247 ],, [ 2837465874151925768709613 ],, 
  [ 1382481135867116052000712586291 ], [ 1221540153793 ], [ 2382866641 ],, 
  [ 3388242691, 16316683321, 665982143681 ],, 
  [ 22225687621, 1764551848826816705108684507 ], 
  [ 4694851627, 538044048299941 ], [ 51685151389, 944874942181 ], 
  [ 17982594841 ], [ 114055553388009671631611344411593105656338349 ], 
  [ 2132432530201 ], 
  [ 218032984447, 235856170747338643, 2497591185648271712383 ], 
  [ 64009155409 ], [ 61600150904720668600051 ],, 
  [ 28993852670601648515955279503 ], [ 7277930222063713 ], 
  [ 1425297681243031 ], [ 94415797729901 ],,, [ 7659924647527 ], 
  [ 68344210646623 ], [ 54432118291, 86749318151 ], [ 5759898264121 ], 
  [ 8231859639349, 4367030171381284164031 ], [ 495135400615147111 ], 
  [ 470317465259, 450864371406161254303139301791500752463459632694023673 ], 
  [ 121218337250821 ], 
  [ 931780114421293, 5188876218512419136218387, 129371939759653554951546163209\
3926230069 ], [ 3892073270778131053 ], [ 30098711486089 ], 
  [ 162137817238849 ], [ 377969352544602318245073545475050548060195717691801 ]
   ,, [ 16260955343, 27564272950321 ], [ 8218849241 ], 
  [ 8600483957899, 278325910107937, 616062662573381017 ], 
  [ 12616498917568364795971 ], 
  [ 780946479172063, 106483598543525239, 6175124512871508619059602632176857649\
457253 ], [ 7911201623617 ], [ 1623909314170972541371192673 ], 
  [ 2266440329 ], [ 785711721390301 ], [ 34642233133, 74918283413 ], 
  [ 843333919121, 7062234323032945057, 
      2003340079139584126237304426369952814629937337731901 ], 
  [ 272817102327397420183 ], 
  [ 51294132618933705973266229, 58503453578092927871690984920319389 ], 
  [ 2595092881, 24348236000401 ], 
  [ 1325798443, 79431535901575205706409672249650154051 ], [ 1881727404924821 ]
   ,,, [ 211436540011, 169673108175041 ], 
  [ 1734264468090667, 149088961015802091203 ], 
  [ 1601869495961072486397264139 ],, [ 857601030427, 98371502361141678905857 ]
   ,, [ 69111530136923 ], [ 2043184538984629 ], 
  [ 7868678380766083, 2605194615890845984507, 
      400387427569573978658190556146995683878831637 ], 
  [ 1953804980914208805407, 52868278166716290001123 ], [ 2210057828141 ],, 
  [ 1430692577, 67999434010819697329045458099439 ], 
  [ 2336999141, 35990248043 ], 
  [ 12766611171158085983946566320284084904861, 4739954110993548637956924605302\
066966560129193 ], 
  [ 21499804801, 20236742700401, 1730715493347052319693474355301 ], 
  [ 5357169962786180632753165019383 ], [ 2437624779463033577134867 ],, 
  [ 7642159409, 46143504863438009, 5995769498534872307152201 ], 
  [ 31308064916101, 572213464946971 ], 
  [ 1221935103083000748666497237, 201000781455371460379109432675630576145511 ]
   ,, [ 2373696361, 130285791253 ], 
  [ 1173908015341793, 6219640968899872261766470666042342725279758337133 ],, 
  [ 1116529766587 ], [ 12845235761, 5213812020276874178499117634152752081 ],, 
  [ 1015267129, 980508895537 ], [ 43664104563363770885294821 ], 
  [ 507537703716876291180101441153230447340894717 ], [ 8343842951809 ], 
  [ 51044232243773, 339616177102273226350057 ], 
  [ 683900993231, 720757768193, 71020224019753, 39900319210163077 ], 
  [ 4419252001, 21290387372301666486961 ], [ 232098887295881 ], 
  [ 118320770149843491059631315352931117 ], [ 3947969621263 ], 
  [ 3685678362075460753, 17272815453477195409747661821050713733945169 ], 
  [ 5331038044751, 11057533181251 ],, [ 63212959427, 5540036192038418774461 ],
  [ 238967464915590264444058843539137637657676801, 
      407078356879739364398708721811641137909760001 ], 
  [ 5078510959, 5615131014601, 5144376698618440999 ], 
  [ 11744894345081, 2054719060537446957551, 602556640697038915095071342390731 
     ], 
  [ 353079644276235720534916796722281413, 400769988942932797556349946351319381\
791 ], [ 13379380873, 18279117866329 ], [ 2140421563729 ],, 
  [ 27172628858954670121 ],,, [ 196019327141882503712110327 ], 
  [ 641451198503939651 ], [ 2179324618786376197444161549093293421961 ], 
  [ 177811732901870171907181313449 ],,, 
  [ 5988511873, 7117391610377507089, 5012649848826733843919638356193873 ],,, 
  [ 4668869495563356973 ], 
  [ 1114013737357, 74812119188211373, 19097546686985914198890124981 ],,,, 
  [ 1383300849553409 ], [ 1782227233, 241131363831991 ], 
  [ 299538285969316549, 37390819879465892515768953906556793611253 ],, 
  [ 3064638915110406903805849, 766422655948574645178010789 ], 
  [ 5072756551903 ], [ 12382443409951240023672060110196413993303057 ], 
  [ 12446488068667 ],,,,,,, 
  [ 441904337226241, 1993365607056744929, 2612077586315115173713 ],, 
  [ 2231569721759890662147275153620376756933257 ],, 
  [ 175005222662530156811, 514736467046474245134841139976532575239122349153441\
81 ], [ 5384001349 ], [ 10651212661, 289221987961901, 1023294073201441 ], 
  [ 71035379879337811466983 ], 
  [ 33206472211830694580720704227401617636631854873 ], [ 21451181190601 ], 
  [ 271520664449 ],,,, [ 47366478185715873713274063552234966421 ], 
  [ 340460861721793 ], [ 448783410744445687 ], [ 1291722565036213 ], 
  [ 96435893728193, 1240832073370913, 40591153253685944857, 
      520051202585348738460142826977, 24280619457625690977671840508113, 
      65426146696857774216398838623449 ],, 
  [ 3547262201696853187, 27103450172062407604957, 
      2242732446921662305209062668885208041273373251 ],, 
  [ 118250304957917948873, 9967957946145848743357 ], 
  [ 130038404183986168333 ], 
  [ 5157163849891, 180530297234126466233980441, 476149917158164536508157485155\
5334979597973701 ], [ 42496792537, 758585961622982181940543 ], 
  [ 6282896225760001 ], 
  [ 2871824561, 10782947738432352654873470446407092959346090456667431 ], 
  [ 21074616891076709921948138859656849 ], [ 14524182736420011331 ],,, 
  [ 59690455708357, 93765826702384453, 327384567084904759, 
      17231171609163572834374014774651206191 ],, 
  [ 1220995201, 89464711001, 79334270218985755601, 
      52569787292482384165861884010744057564201 ],, 
  [ 5041411769, 127360667509, 1221732514127 ],,,,,, 
  [ 5836737514388353, 304041749734738913 ],, 
  [ 28244221736431, 3263614988870561857631324459199640652091451 ],,,,,, 
  [ 5814902521 ],, [ 8216061827 ],, [ 2736948342481, 6331054682502881 ],, 
  [ 94274430594829 ],,, [ 13460459851 ],,,, [ 1531389431377023593 ],,,,, 
  [ 585674189694361 ],,,, 
  [ 1278789636833545117, 9113957156345084739361, 27375260576787762566887639 ],
  , 
  [ 18911620561, 22872558832904582327494783681, 382492315834957175036977451145\
97393680507961681 ],, [ 273524002709 ],, [ 23811019381 ],,,,,, [ 1314004751 ],
  , [ 55458473461656793417 ],,, [ 145382187631 ], [ 17068222237697 ],, 
  [ 299610627517 ],, [ 31529890975181 ],,, [ 193925796247 ],,,,,,,,,,,,, 
  [ 42819548041, 16345430053776868510667236657 ],,,, 
  [ 2320675001, 433728067921 ],,, [ 7171198493 ],,, [ 118645744850491 ],,,, 
  [ 754414768002391, 68135414532063331 ],,,, [ 29859702811 ],,,,,, 
  [ 13441516201 ],,,,,,,,,, [ 48802660471 ],,,,,,,,,, [ 330622348481 ],,,, 
  [ 65131703703613 ],,,,,,,,,,,, [ 657500016920881, 1595906053410060001 ],,,,,
  , [ 131021412815107 ],,,,,,,,,,,,,,,,,,,,,,,,,,,,,, [ 6192472832713 ],,,,,,,
  ,,,,,,, [ 10926576113 ],,,,,,,,,,,,,,,,,,,,,, [ 34299050109097 ],,,,,,,,,,,
  , [ 14262961466009761 ] ];
