BRENTFACTORS[694]:=[ ,,,,,,,,,,,,,,,,,, [ 78738793224268249 ],, 
  [ 8745958369 ],, [ 80448883237, 1486928211626293 ],, [ 9825013180575355001 ]
   ,, [ 11865686018011878583 ], [ 9490595086981 ], 
  [ 350206710069335395958302319361557 ],, 
  [ 1245630469, 33759990389, 3201495156053 ], [ 11187622273, 404014259969 ],,,
  ,, [ 8548704325451, 1390186331778017 ], [ 1692202201121574369473 ], 
  [ 97287048485091973 ],, [ 3507106709, 57600179647658140298341 ],, 
  [ 1005649859, 33570819622201, 203663082754133 ],, 
  [ 48319712238544471, 1652420793844557764551 ], [ 1904326085729 ], 
  [ 118947973655500371649, 3218589505450087955499972057389123045013732067 ], 
  [ 389361914054497 ], [ 268053044447161, 129723175287450592872255169 ], 
  [ 15218813501, 32734780166799364501 ], 
  [ 3748706244307, 498318679669558147051 ], [ 10783888337, 305729653328321 ], 
  [ 599280799667277637927, 4218914811359235411434708016228054020737 ], 
  [ 8805551514553, 1603630769818221037 ], [ 1793479728371 ], 
  [ 2577107748377 ], [ 1700499583, 12107114511909131408150942988362954696143 ]
    , [ 918368050530008123586617 ], [ 23371509769641513541517 ], 
  [ 479165967046561 ], [ 16323950968778085584713 ], 
  [ 2517996782089, 72399517268245523, 83349645250002721679 ], 
  [ 4980195393572572993, 93449068414108576093, 
      47026003473273990156838080634009 ], 
  [ 8679935611851841, 345591123814289224795393 ], 
  [ 557217001153151056982722738554398506709643463802461 ],, 
  [ 183151270454514641 ], [ 274575091161180964736067564279298182577 ], 
  [ 1352459435816907869261194532903752861, 
      161417611999801634973099176120710213231 ], 
  [ 1502610752790057187969513501 ], 
  [ 4333456601, 36694542163154053, 1540251167264792004354821 ], 
  [ 29735404273, 15069257077350547246292802361 ], 
  [ 582576675347, 18198584684239 ], 
  [ 40481766527, 1523336988928259, 2056489819175144380311512931140004737 ], 
  [ 20895941701, 50647122301 ], [ 22131221737, 1537829047527823229 ], 
  [ 2495262463, 3779459656622595890863843, 1365334480431106248564470971 ], 
  [ 200401963002988189, 85927208254263089473267 ], [ 42063225325643 ],, 
  [ 9690647988349477, 22705069873520104597 ], 
  [ 11934876172855575349367, 140766626168615498361838901 ],, 
  [ 6730569049, 12175401344737 ], [ 3441597083210298373358244601 ], 
  [ 190174385724912280174587384187791033283423824313603 ], 
  [ 1169076484729, 3119212267410433 ],, [ 1393565116782383251365987803 ], 
  [ 43491468830260613005263286261 ],, 
  [ 5030939302545730089321374398188573178225903371237415116841 ], 
  [ 544870384621, 17962104346337697637031012868449069653 ], 
  [ 6748496239861, 14983630679028952050501089539 ], [ 90545857570711 ], 
  [ 1678987975122460081441 ], [ 7167055297 ], 
  [ 6208285133734181, 95978655215531999 ], 
  [ 997091288674588623371255004529, 1792118680181953617958410523699 ], 
  [ 24327461818009430563854001, 7038306848606284129435603198601 ],,, 
  [ 46920709790663 ],, 
  [ 16830426584814902019774133247332441, 2219825802521869754415953378619733492\
69681 ], [ 3541948979, 63081900304872283, 8550865807575696694869885829799 ], 
  [ 12938336679731 ], [ 391885532504206879474251420892670307492253 ],, 
  [ 778660888572798551, 309040857920581810282124733121 ],, 
  [ 77833415689676484105857, 9341996018135974235341489, 
      28962481138785331602120209 ],, [ 7610953515684359007951023820469 ],,,,, 
  [ 50292989360321535613087 ],,, 
  [ 25981647407, 4382130569783, 389602614840612567311017183 ],, 
  [ 5521814766646908584457638864581 ], [ 58489218251 ], [ 173623415113 ], 
  [ 6870359387 ],,, 
  [ 3321541632836831, 14428640673208523874450329711129411, 1011865705442923303\
0345058286769469671 ],, [ 1101529573, 5881140538608182726985286753 ],,,, 
  [ 1868313193, 1985629689209, 4983718239209 ],, [ 18690969459732638903797 ],
  , [ 22755786933858790573797413372351242862835695341 ], 
  [ 42307809271862960608570483 ], 
  [ 6075421153, 56903527799, 2915122881961, 248597987852317 ], 
  [ 2056046364206693 ], 
  [ 4405491607393, 589994508413049409, 27108540307521811485918040249607850289 
     ], [ 43183113811 ], 
  [ 37263306193499, 4159621019492111246851, 12182880538368275822370203729 ], 
  [ 30233200999 ], [ 882540046974482724941 ],, 
  [ 10509272332881901, 15265619781177105771601, 2788053868956588752791032001 ]
   ,, [ 315414641507403130175143033 ], [ 366937770853, 390592922722363 ], 
  [ 6911043833 ], [ 278104524701 ], 
  [ 47371422362161, 4358031436098485379001, 8125773897462405402987506716921121\
089 ],, [ 31494223514495449 ], [ 10181565001 ], 
  [ 1791570015826704961, 137843430544204564961 ],, [ 159548015657161 ],,, 
  [ 288762590821 ], 
  [ 61567886911, 187641190091, 257516646767, 10135603474137870772159 ],, 
  [ 448030827740833, 26220315200447492748246773664742369 ],, [ 42634715821 ], 
  [ 556922233729, 2694656576882827 ], 
  [ 35216088652443541, 281177049449306497 ],, 
  [ 1129871263, 1452923526641443, 326310368808381021703, 
      2224314117381477217843 ], [ 19241287142351 ],, [ 2346633787 ],,, 
  [ 329125510838596285621, 263314165507903926050011119374311303333752421 ],, 
  [ 918636879584129895492683256059 ], [ 320466591694330699 ], 
  [ 454379280926689, 62721976682230769, 695490347712235765220777 ],, 
  [ 1623009711012701833, 11669614204811765197 ],, [ 6590275141 ],, 
  [ 9046233951927751 ],, [ 123191167487162634215051456833 ],, 
  [ 106730959336163105783593499749 ],, [ 3556547800502677 ],, 
  [ 2503703863, 365989057237 ],, 
  [ 11843801201, 1801802946401, 3129908652298405629601, 
      2153505123492504389710601 ],,,, [ 49230390577, 7897758369762400106137 ],
  ,,,,, [ 702998917781621019077892079802285706589453421946610499031622051501 ]
   ,,,, [ 22715145537317, 167234463215921 ],,,,,, 
  [ 1558614328290489663788321, 3688150272310927143905898121 ],, 
  [ 6402867613, 1162580332591, 48483965685373 ],, [ 15677982575137 ], 
  [ 3502552951, 121220482561981605005851 ],,,,, [ 1843855031 ], 
  [ 22028289498601 ], [ 2667091325184259249 ],, 
  [ 944154519283, 1127321493993059383652869 ],, [ 257497735913492635501 ],, 
  [ 9835875029, 526502963827 ],, 
  [ 892563001347361, 137753623206454130977201, 49934519655637383319824961, 
      1051272951003959393171330641, 72018949335009886503442723441 ],, 
  [ 40893805657 ],, [ 7638335675309 ],, [ 3899661295741 ],, 
  [ 1371012449, 32501591641 ],, [ 5393073699682545403001 ],,,,,,,,,,,,,, 
  [ 7988419565684248426033 ],, [ 38527758403 ],,,, [ 13073092304887807201 ],, 
  [ 2305651793, 2288407970657 ],,,,,,,, [ 219693908281, 17655975571081 ],, 
  [ 329938566756433, 6209455383406045033819 ],,,,,, 
  [ 1636413409, 74310918398521633 ],,,,,,,,,,,, [ 102904333649420027701 ],,,,,
  , [ 2891984884471, 14489095069310311, 974367310483559071 ],,,, 
  [ 1912456373171 ],,,,,,,,,,,,,, [ 737624053744597 ],,,,,,,,,,,,,,,,,,,,,,,,,
  ,,,,, [ 1285136113 ],,,,,, [ 158052723841 ],,,,,,,,,,,, 
  [ 607243395368758957 ],,,,,,,,,,,, [ 1101912483457 ],,,,,, 
  [ 2109833352511, 12974399592144511 ],,,,,, [ 74085771114829 ] ];
