BRENTFACTORS[511]:=[ ,,,,,,,,,,,,,,,, [ 72744035641 ],, [ 2317983087402701 ],,
  ,,,, [ 211742894078101 ], [ 12994295393 ],,,,, 
  [ 206430977801, 14519905329495389 ], [ 4823683744823617 ], 
  [ 17067640129, 27020505469, 77486926278301 ],, 
  [ 1422818671, 3765734877678327611 ],,,, [ 5722593787, 13693624385611 ],, 
  [ 114373873619590023066017077 ],, 
  [ 1272992688677, 65333299866553, 14248126115712551, 
      75468538286620739338852076659 ],, [ 268164600441335911 ],, 
  [ 25079820111341041 ],, 
  [ 1167407753, 86596410258084475838173882072748471991427 ], 
  [ 7725120944429201 ], [ 15809935105067063694726796908697441 ], 
  [ 44468734524122802059297 ], 
  [ 300787489327677941727066652481, 864592010630912278048279674714998744951267\
116643 ],,,, [ 17867361817, 1830323586043, 6986086754964987077183956861 ], 
  [ 1659997237, 72974219266422107 ], [ 388839340111 ], [ 35103049336985401 ], 
  [ 2663665553541067 ], [ 156973248953 ], [ 4205902933, 279758918444590369 ], 
  [ 497537292458753 ], 
  [ 221016069911261, 15798459151272851, 77044304222293470191855612275376482357\
3951 ], [ 353642538650941 ], [ 456852527749, 193084092603184284621310549 ], 
  [ 182789919195773017 ], [ 115372359348649990549 ], 
  [ 13703546627807577568861 ],,, [ 48532645903109 ], 
  [ 1341376319, 717175326774007 ], 
  [ 1841975311071409194420151, 91168075060943834974961227857647101 ], 
  [ 504199679029, 3426528014682800449 ], 
  [ 91467550629071, 417680787454393, 2150573625265297 ], 
  [ 7708025629747, 70486133867159011 ], [ 281721194667461 ],, 
  [ 839767972231, 19638194377122794773 ],, [ 972123823261 ], [ 342507729061 ],
  , [ 211709266909106694737 ], [ 45046696498451821 ], 
  [ 3183988014428274758651287910680430902296121 ], [ 49505130479827741 ], 
  [ 148832405763117841 ], [ 600078894871, 1081820997349, 70364880312637 ], 
  [ 963107265980343301 ], [ 59498416561, 8395178330821, 217311792856956081199 
     ], 
  [ 1542097739779732271, 1704423697231122677, 15009442701072231591649544206633\
7 ],, [ 10787707435777 ], [ 437742468151, 24220601847997, 3456333480336031 ], 
  [ 1224260591, 199442447368173674507995419864573418710101 ],,,,, 
  [ 143884346407 ],, [ 104705836221762760484760375865729981 ], 
  [ 55333475872750087 ], [ 137407955501 ],,, 
  [ 2876906284910473442666381, 282808094111585241596298099176221 ], 
  [ 611911780841521, 76296432538408471, 19729152603076048465351 ],,, 
  [ 2198309652165544904973151994059860870961 ], 
  [ 6729939416341, 36705080908718711 ], 
  [ 324729944237, 35091248909851315057975660013 ],, [ 436533588539 ], 
  [ 109337393932756369129 ], 
  [ 29485207681, 7823169944957641, 24163727117656549201 ],, 
  [ 547779097079, 4515635175236377 ], [ 1604202937771333 ], 
  [ 1150909223050303865137344115193 ],, 
  [ 11055545047, 10628922643609411, 1234179272573215205432505913 ],, 
  [ 105688084204264977409, 2418995649530976573025153 ], [ 31969152811 ], 
  [ 10733087020813584224201, 31075498643344798065549101, 
      397099329570674650815564142141331 ],, 
  [ 27195309109, 30163671998329, 701494987517676008122489 ],, 
  [ 78201111063020116077556697, 432597241418165051779039211 ], 
  [ 157470639676272541, 5547885078898319450219990862661 ],,,,, 
  [ 3880267462812968341833906461 ], [ 9548103769, 1342806142613764740019 ], 
  [ 15830171907397943782663, 345477117981031387948865892671 ], 
  [ 75691044678374269 ],, [ 16462489457457748528448411 ], 
  [ 5901358691, 2344631585114226977, 11630950512639571753064202373 ], 
  [ 115565679761770047517 ], [ 5929242219427621 ],, 
  [ 5413700561427128961667589159191833437406901 ],, [ 25553107753 ],, 
  [ 158660335497988392305161, 14657553942031795248055603 ],, 
  [ 5430119930117332857839822209, 3491396244859350929153574479026057 ],,,, 
  [ 841796026241, 2064175396001, 6482089175201, 614272610535361 ],, 
  [ 431341733791 ],, [ 41791279050641 ], [ 171228123748441 ],,, 
  [ 125004068354450415371213113 ],, [ 1810398851 ],, 
  [ 6993533761, 3715236654061, 506553985506277, 96818801189548945934117 ],, 
  [ 1189366561, 6552355956637531, 12014640010459365638599, 
      1995323179436695939506042591152198929279 ], [ 994115661701 ],, 
  [ 150277077661964022433 ], [ 17102733239, 161909879356206871 ],, 
  [ 29207201240187181066163709107359801, 
      898106115981477794570272921417332031801 ],, 
  [ 175078081379348239, 77533677556921960739 ], [ 3270933583 ], 
  [ 13017334989564406225404481 ],,,, 
  [ 948055542939735612013, 675409067400673335149869 ],, 
  [ 4276252181701, 16142354778487031, 1941550210102326071715844771 ],, 
  [ 17533900609, 514710118878655489, 659470426985623873, 26189708927747049793,
      7641839546314233497610096018299685683131275457 ],,,, 
  [ 45301060561, 4450482028357 ],,,,,, [ 8863465574497 ],,,,,,,, 
  [ 46057234021, 85537219976562061 ],, [ 87557399201, 3260875259646449 ],, 
  [ 596730045913009 ],,,,,, [ 628092696714121 ],, [ 12327957051541 ],, 
  [ 9248033089, 2279423219700257 ], [ 7739428523213701 ], [ 207785227387 ],, 
  [ 7932637789, 1066898617043188210208559769 ],, [ 4484756891 ],, 
  [ 2252475066697 ],, [ 3993816061, 31297563181, 736526045059741 ],,,,,, 
  [ 708176127121 ],, [ 284081414808567553 ],,,, [ 8679317389 ],, 
  [ 12119944775129, 27249308567801 ],, 
  [ 4005502932251, 26517487087546196275066026394001 ],, [ 799281176946337 ],, 
  [ 4544412553 ], [ 61741158032311 ],,, [ 195439511094220534459 ],,,,,, 
  [ 7540512996475096081489, 141687610727823915077137 ],, [ 11096790375301 ],,,
  ,,,,,,,,,,,,, [ 1440995212483, 191033295508308493 ],,,,,,,,,,,, 
  [ 757972677841 ],,,,,, 
  [ 1023027301, 37605941248332901, 25510440887510564701, 
      5639564067826139992342201 ],,,,,,,,,, [ 24897775496371 ],,,,,,,, 
  [ 68347338049 ],,,,,,,,,,,,,,,,,,,,,,,, [ 50803186177, 1943084927417239 ],,,
  ,,,,, [ 12031253963413651 ],,,,,,,,,, [ 21129445622521 ],,,,,, 
  [ 194804086166203 ],,,,,, [ 14975838863317 ],,,,,,,,,,,,,,,,,, 
  [ 20696342615131, 78254595007681 ],,,,,, [ 1897515181 ],,,,,,,,,,,, 
  [ 272984411521 ],,,,,,,,,,,, [ 434785961386561 ],,,,,,,,,,,,,,,,,,,,,,,,,,,,
  ,,,,,,,,,,,,,, [ 133283128441 ] ];
