BRENTFACTORS[2731]:=[ ,,,,,,,,,,,, [ 467163898241 ],,,,,, 
  [ 16259018543, 29871799315873993 ],,,, 
  [ 7579056923, 17033376571, 206001160976381201 ],,,,,, 
  [ 109182852377, 555287790320445430222079267799668963, 
      859062515863625343574279103511905111 ],, 
  [ 131537492521, 132823289493941, 429121668465593 ],,,,,, 
  [ 69332380367, 20178796948514885323 ],,,, [ 5707356531031 ],, 
  [ 415555654596350573 ],,,, [ 248597499488290274948044273 ],,,,,, 
  [ 14302549506642489959 ],,,,,, [ 626084893477 ],, 
  [ 585271566976637, 4250099185256839 ],,,,,,,,,, 
  [ 235687799802051502322838331 ],, 
  [ 220593266027, 597434450027, 59775078080483 ],,,,,,,,,, 
  [ 20305393403, 3114498589537, 30615781600813, 25787794551029982833 ],,,,,,,,
  ,,,,,,,,,, [ 54557043693720983 ],, 
  [ 285535374517331, 1919238144723326827, 1490007355900810561357 ],,,,,,,,,, 
  [ 5426043041, 287158003511, 5394873822835758337 ],,,,,,,,,,,,,,,,,,,,,,,,,,,
  ,,,,,,,,,,,,,,,,,,,,,,,,,,,,,,,,,,,,,,,,,,,,,,,,,,,,,,,,, [ 1469435609 ] ];
