BRENTFACTORS[688]:=[ ,,,,,,,,,,,, [ 109710007343, 150810015331 ],, 
  [ 4002049141 ],,,,,,,, [ 28316676861069023336332754873 ],,, [ 1125930521 ],,
  , [ 135544122019 ],, [ 4129409439579155968321086343 ],,,, 
  [ 41786298519337911586899673293151 ], [ 23490666170497 ], 
  [ 15354682956487837 ], [ 9523886497 ], [ 153911293537 ], 
  [ 3212391241, 284876639041 ], 
  [ 5175331340160154309, 31394002734767620704216253217 ], [ 815447823457 ], 
  [ 124305875046373, 525944679536645455381, 21799288442872512376666577473 ], 
  [ 4020881465569 ], [ 137766435773537161 ], [ 95592926910409 ], 
  [ 191432653700077, 224525714250082123 ],, 
  [ 240598356818377046157062551345123175298067871 ], [ 53991661634292928151 ],
  [ 657947149903513, 227076233235683546315376721471 ], 
  [ 6458514285312836817398270635577 ], 
  [ 29479995173, 5392348896895277, 37647276422080291, 
      12947651265562494618411547904287347425396671 ],, 
  [ 15039648380674322164651, 52668066971045884863817563131 ],,, 
  [ 1197099643 ],,, [ 41910855131437 ], [ 1989710759, 30218711915854704883 ], 
  [ 276554181620467707864704815128487835806585149067 ], 
  [ 45091176241408897, 1309533183858959932206531093881984641 ], 
  [ 196999230578135831, 13264604156459696824204263350821, 
      1505176424645275098223304477825111379401 ], [ 18051507661311763 ], 
  [ 457510086877189752629 ], 
  [ 2709136213765814081, 4879464869428199013320981333 ], 
  [ 177046988023601626400748914058469375330192478917351 ], 
  [ 12088922414851031 ], 
  [ 29406868315907, 40904900391163, 133409672412132303152093, 
      20970470164458897966763883013037 ],,, [ 21659981340233565241881853 ], 
  [ 165798132901, 2294959658401 ], [ 4584308445721 ],, 
  [ 980635436629089971731 ],, 
  [ 140360837630624079207956881, 6121674055513304670955387783841 ], 
  [ 1416144640609, 195056401149373490767, 
      100446190319959766190066843713795149 ], 
  [ 392239238788607479, 1836743354571549233169273500221 ],, 
  [ 11835583235617, 769708760894932657 ], [ 2745765896491 ], 
  [ 128289914083, 309919994477, 347213352670843477411, 
      12492695063198364577436331720511 ], [ 13741030909, 512015151966886753 ],
  , [ 19441190617, 12949224588659686509462440983 ], 
  [ 31024381758023161, 6777923381417358091 ],, 
  [ 753064487429, 3669194290973 ], [ 881703842641 ], 
  [ 2145343040731014908071417456121 ], [ 1080325277410963874235560281 ], 
  [ 16318027171191511919014476886561 ],, 
  [ 827978303699, 153724451272597222361, 29450345141640237804771621911 ], 
  [ 20282074759, 260354111293, 3332730841553465295984837543583 ], 
  [ 2169873545917597591392901, 382911470952276202365205201501 ],, 
  [ 292138722223273, 346201665782693282430205819 ], [ 1182217109 ],, 
  [ 367176190194313679918301821118841 ], [ 42898638492665113373996716387147 ],
  [ 259457901228752921 ], [ 13628427885090334002997 ], [ 432434219999 ], 
  [ 25050720063601 ], [ 3136901685581359 ], [ 416538810245557946089841713 ], 
  [ 71336455007, 6834723687461, 117182358166120337213 ], 
  [ 19883955345097350691 ], [ 1685036581, 107279242578791 ], 
  [ 404775466102877363370529, 1092138809990018384091469, 
      302424482453756949052201940246221686716953 ], 
  [ 37233782587, 499739782699 ], 
  [ 18035794607, 493008207325519, 4865621534836129, 1921527377098321379086727 
     ], [ 671195157847663, 7627499808356429, 12201432060532131109127 ], 
  [ 2635344059642461113029965458001 ],, [ 463935216966833 ], 
  [ 1666653691, 20334739333, 534601722259009533930733 ], 
  [ 1122444407101, 2408621514603373, 2935377715924873, 11695018138601005997 ],
  [ 56519270157751 ], [ 2637523729, 246684331638696328470409933 ],, 
  [ 1169495675393, 11507826426113, 86053275278141514241 ],, 
  [ 639854437913973836972081, 
      238716421153770839025599328835728488499897435277321 ],, 
  [ 55462611185879382508161186862704170863341958757920323721 ],, 
  [ 38414567975024783141 ], 
  [ 898628966173948919689261, 1610210908640167563262231 ], 
  [ 17578512141891824320124129 ],, 
  [ 22517760289, 18039443133277311833539, 726288180786926987317134049 ],, 
  [ 274457807944507489233401 ], 
  [ 16187782489, 1595162177952313, 12719360150842561, 2057423525028950563 ],, 
  [ 603862812407999 ], [ 21277239546529, 81052815032850875870326514428391041 ]
    , [ 33452679157111 ], [ 47434041763, 13720595615597877898571 ],, 
  [ 1739949479151943513, 263081341590961399561795766017 ],, 
  [ 505423400851, 237658586704464905078700192451 ],,, [ 650518845885757 ],,,,
  , [ 63770549377 ], [ 79932103807, 198503660347, 603970530446219146963 ], 
  [ 14710338000481 ],, [ 4424694071293 ],, [ 394261695904218421841 ], 
  [ 19600117942027591 ],,, 
  [ 1321669111910166613609, 7578654465201601156125776548567103714719612633 ],,
  ,,,, [ 8803247077 ],,,,,, [ 474568766324463608146024821787525757960761 ],, 
  [ 43190379510449978942562337 ],, 
  [ 122642809841, 10550388583577, 89469279391049 ],, [ 29008893664166077 ],,,,
  ,, [ 1032642433, 3665513748706890099936001 ],,,,,, 
  [ 48284753506248433960393147, 112040822313915793129231771933 ],,,,,, 
  [ 111281285525467141164481 ],, [ 4311450885606084961067 ],,,, 
  [ 89243088691, 4861057235581, 
      111097837250800504822131362817131394815078066281 ],,,,,, 
  [ 11188238566537 ],, [ 6339287183, 10275737599 ],,,,,, 
  [ 9137892555310794689, 56088951990957178298881 ], 
  [ 61578002251, 1623111205951, 281701719814051 ], [ 6477220360759 ],, 
  [ 160106042953952149 ],,,,,, [ 345794403777967 ],,,, [ 6066029999 ],,,,,, 
  [ 16391996129 ],, [ 136309478889095647 ],,,, [ 1234048456190548884109751 ],
  , [ 1472561749 ],,, [ 24077677706007996751 ],,, 
  [ 1602697807, 1063228912684184712046213, 343541320770048324420634129, 
      1974798454850269711300195069, 167694177715074251939722986143971 ],, 
  [ 6503561104245190595347340461 ],,,, 
  [ 9066871441, 19853957113, 20042264089, 8089120769489761, 
      5002017291739329425257 ],, [ 4122783735298171786207 ],,,, 
  [ 26436909539775310734511 ],, [ 55080837627660577 ],,,,,,,,,,,,,, 
  [ 10906635212903, 21920225589263, 305954705781994127 ],, 
  [ 1543285729, 48768222451681 ],,,,,, [ 17979341208319, 759690785932051 ],,,,
  ,, [ 12505102140001, 95251070101501, 6084708820800601 ],,,,,, 
  [ 3374885629 ],,,, [ 5290531431751 ],, [ 4873941697, 17316143209 ],,,,,, 
  [ 1175574133, 1752912612210913 ],,,,,,,,,,,,,,,,,, [ 1021747892253313 ],,,,,
  , [ 3273730021 ],,,,,,,, [ 9274067883151, 403355260644766104151 ],,,, 
  [ 207914199713413 ],,,,,, [ 953697772081, 100900732869056521 ],,,,,,,,,,,,,,
  ,,,,,,,,,,,,,,,,,,,,,, [ 21555585613, 1415815042357 ],,,,,,,,,,,,,,,,,,,,,,,
  ,,,,,,,,,,,,,,,,,,,,,,,,,,,,,,,,,,,,,,,,,,, [ 8246805681577 ] ];
