BRENTFACTORS[6959]:=[ ,,,,,,,,,, [ 15710135057 ],, [ 207843596199460651 ],,,, 
  [ 7441625394823751 ],,,,,, [ 24270163226209, 883801610940679919 ],,,,,, 
  [ 24651388410091 ],,,,,,,, 
  [ 90245733043, 106290416299, 706041061081, 797860416397267830307271, 
      80715440176825893071847399562913, 
      2714332357158940896897079772168451592109897 ],,,,,, 
  [ 263002970610057963289 ],,,, 
  [ 1000176144313, 62169402713623, 579597220729777 ],,,,,,,,,,,, 
  [ 1287795199993, 17837417920525416641 ],, [ 28147931172797 ],,,,,, 
  [ 10397409090503 ],,,,,, [ 86178408915691 ],,,,,,,,,,,,,,,, 
  [ 3393152825328873317 ],,,,,,,, [ 18012159048334157650339937 ],,,,,,,,,,,,,,
  ,, [ 1559232063653773 ],,,,,,,,,,,,,,,,,,,,,,,, [ 5243438437717 ],,,,,,,,,,,
  , [ 1278841571363 ] ];
