BRENTFACTORS[907]:=[ ,,,,,,,,,,,,,,,,,,,,,,,, [ 14421384340301 ],, 
  [ 10420559611564463749 ],, [ 12844214418109 ],, [ 76628997713 ], 
  [ 11568388801, 14643493729 ], [ 1588469257, 8601393571 ], 
  [ 394758494102597 ], [ 20972649128201, 93770589407019481773391 ],,,, 
  [ 53835102005847229175863 ],,, [ 7101980593 ], 
  [ 34379495535571, 1009006842887101216448249, 8681876951740807043743315673 ],
  [ 1440537049509946435364377369 ], [ 6564758044452758027238053521 ], 
  [ 246533291803, 123559761991208681 ], [ 138885479119, 46371817747427 ],, 
  [ 620529857459 ],, [ 98932664473549, 17764296624065611841853699841489 ],, 
  [ 2840256539, 16187825838407984594289969788083 ], [ 3566401354254421 ], 
  [ 2020620276401 ],,, [ 33351668023 ],, [ 8131369921 ], 
  [ 12595037759787968560639826429723323883 ], 
  [ 257341312772233, 150448097930382727888043 ], 
  [ 18652727501857, 2660299279947289, 12440247935535631, 1998929136135977011 ]
    , [ 2688638209, 4860082793812033, 211713676546716638728221761 ], 
  [ 1372553872425268590392105978905635341, 
      51618692691628839040397285873950392127938809161 ], [ 2771769661 ], 
  [ 172138846924153, 346050175530197 ], 
  [ 1759858717164221, 720725081948273863501 ], [ 303252697333 ],,, 
  [ 265586539969, 15421774418450166889 ], [ 1672674032536202805464027 ], 
  [ 1851316648527206153, 44249126851705108295381239 ],, 
  [ 1872782957, 18020335453, 19758260687941, 490781525495775277 ], 
  [ 3546671967763, 79521879707380573 ], [ 291209393047, 1240768659703 ], 
  [ 27469692800977930133932938227, 252746518338219486728494645799952440634107,
      339707360480813025664002726993416458978872029 ], 
  [ 2023187582161, 28915489455761, 7082886651501841 ], 
  [ 34987833523, 54222285891493, 7396503409539717795199, 
      15169862841633466093513 ], 
  [ 282239507857961, 2117337746710481610557522170373054080274001530863 ], 
  [ 2215854115987, 56315738408537 ], [ 259337070672037 ], 
  [ 64872360660101, 165417098749555603215631 ], 
  [ 64168206687424779214848127571 ], [ 127588664989616169809287 ], 
  [ 2255767032272477153 ],, [ 86111010901, 323996422591, 39289392019441 ],, 
  [ 92459295557, 10214685831191047489805261 ], [ 11434305800304223 ], 
  [ 2531899213 ], [ 1692765212328571 ], [ 553256272584041171617 ],, 
  [ 533306950231095713, 2479176890630385803776738154613011281633 ],, 
  [ 122829026701, 980278225036188346576905383661601 ], 
  [ 11660556136311167, 1185741941303121936261739, 3659815320492788517338321, 
      11896096157691370795165745844863, 
      1154208581059001300544009539040693491639 ], 
  [ 42376765388825791514206741 ],, 
  [ 2037199133794947721, 1004145001445033699816634577, 
      553745625945623659380980010263699547268697 ], 
  [ 104174993594193812957371086350021341 ], [ 252350210042346621386941876001 ]
    , [ 1238992108073, 321626617994172331 ], [ 43416747521184977544918137941 ]
    , [ 2455008527 ], [ 330637574691465294221 ], 
  [ 175267791700733887, 5718841367974652107 ], [ 35233488377809 ],, 
  [ 74782485296828728297, 343061387157708102127 ],,, 
  [ 2861277827851, 87816898092525499, 18517710023649981994157315983, 
      3056019092903601471875450813839 ], 
  [ 334406978896908667, 2465868772944506639 ], 
  [ 58476929420561, 1141199750129472181 ], 
  [ 373060198769535734682529816786201 ],, 
  [ 28358926597, 344440578583, 40882030156892472973, 
      47657960450663717625683171621 ],, [ 50052052907625460669 ],,,, 
  [ 41201466045569, 227031213899335214094555015169 ], [ 761155239324523 ], 
  [ 853277495981, 139027734389701 ], [ 4000701487 ], 
  [ 72021636266273781312297681137712211057921 ], [ 23661493255891 ], 
  [ 4057499381153, 9848575444344320431077586689657767171, 
      18631617193901747789543315145130362995431 ],, 
  [ 9258155801, 26310466654593905501557292022855641 ],, 
  [ 337769906521513507 ], [ 1178254073, 13437148349, 217162511001811215341 ], 
  [ 115512376427176750772801, 22437477601700914219036096617395910480506477281 
     ], [ 2671458151099634356788963367 ], 
  [ 4916761219, 180978306375164561814926992577237583907 ], 
  [ 2177068037, 2568342349 ], 
  [ 440049070751307750772217552994683421985374106403813233 ], [ 19867480951 ],
  [ 389214600152263253553725617215275326493191 ], 
  [ 3567042319, 1939473817681, 18655358861287, 2324853901137497101 ], 
  [ 2877314177, 24074352576740371354536945730558682497 ],, 
  [ 50473369039321343251, 332519927455132748101, 128685318416049036547141651 ]
   ,,, [ 7705527318757 ], [ 715606344377, 21234003382656226720982509202657 ],
  , [ 118954579393729, 762891391967017, 88340918838606351990343753 ], 
  [ 379337505593 ], [ 159179035027 ],, [ 10554057701747745123663233973281 ],, 
  [ 2076961339, 30688810039, 259799423167, 5329470853099, 
      1126637385368158874292026498497 ],,,, 
  [ 602178460207787447, 330742271414437562724251, 14439734444936550811787221, 
      1291995175258430643152886894497791, 
      719173284659445436548892003581719999421601741818204089 ],, 
  [ 957848696617, 214798880727914834477953 ],,, [ 33552540991 ], 
  [ 134262462637, 88396986258522801624341, 8473069079020217373448141 ],,,, 
  [ 7344130501993257281 ], [ 141274859940271, 794601307570303 ], 
  [ 1072796147274266818969 ],, [ 79272349994672135281 ],, [ 481899410357 ], 
  [ 129486196087 ], 
  [ 85446817553, 7556082106927628753, 14563692689939481661202281 ],,,, 
  [ 230682981675504967981804334657 ],,,,,, [ 23694927239064811 ], 
  [ 15696566355893168461 ], [ 1098208583734013676653 ],, [ 43108293493 ],, 
  [ 3393836656513030001 ],, [ 6233045736659543, 4776565598325055701997801 ],, 
  [ 106405218433, 15353151915253181857, 68408943309602172061849 ],,,, 
  [ 1555090317041 ],, 
  [ 7071427773061, 938012534724931, 731495152763580537135078903688822851907973\
41922551 ],,,,,, [ 3065259889, 2234725025339516816280817 ],,,, 
  [ 28446613361, 48135435101381, 142021216910182501 ],, [ 111547755350569 ],, 
  [ 16049506817 ],, [ 718972796775665473 ],, [ 1227714925253899813 ],, 
  [ 334992864221 ],,,, [ 68642513558274551020633, 167875540456316228330653 ],,
  ,, [ 1735759943 ],, [ 28508281347361 ],, [ 588942864006509 ],, 
  [ 1448551758053 ],, [ 4467868729, 470409643213 ],,,, 
  [ 1596078751, 26778608748751 ],, 
  [ 100066052017, 262875417589, 192748057609137913 ],,, 
  [ 19544142991, 51474362068531 ], [ 112754784257 ],, [ 4296754963 ],, 
  [ 411095518081, 572390792741, 9032563732079145983278229261 ],,,,,,,,,, 
  [ 55239104521, 8473521230011, 38163891319831 ],, 
  [ 142700250257, 1193674035377 ],,,,,,,,,, [ 1467530821 ],,,,,, 
  [ 4446393297822746594497 ],,,,,, [ 639349747755311123752827733 ],,,,,, 
  [ 638542406701 ],,,,,,,, [ 23344529199180421 ],,,,,,,,,,,,,,,,,,,,,,,,,,,,,,
  ,, [ 12312699181481 ],,,,,,,,,, [ 948328415127049601 ],,,, [ 112147069729 ],
  ,,,,, [ 151797321819001 ],,,,,,,,,,,,,,,,,, [ 2528086827919717 ],,,,,,,,,,,,
  ,,,,,,,,,,,,,,,,,, [ 71289581329 ],,,,,,,,,,,, [ 9321117961 ],,,,,,,,,,,,,,,
  ,,,,,,,,,,,,,,, [ 5375237401, 237376216351 ],,,,,,,,,,,,,,,,,,,,,,,,,,,,,, 
  [ 1993882714081, 2939680702747681 ] ];
