BRENTFACTORS[6689]:=[ ,,,,,,,,,, [ 18185510839, 186898004789 ],,,,,, 
  [ 41772298887182834963 ],,,,,, [ 122295933593, 4221579618879257 ],,,,,, 
  [ 4722199512018705890313735898692504739441 ],, 
  [ 33567630739, 132354747901793, 35923416230179343 ],,,,,, 
  [ 4707767730161, 356429985560261 ],,,, [ 20777129825332747 ],, 
  [ 1040773201328851370979723991 ],,,, [ 41380039468843079699 ],,,,,, 
  [ 3799412799359693476447 ],,,,,, 
  [ 600784245560738261123, 2857846425466233363038577727931 ],, 
  [ 2449296924198133 ],,,,,,,,,,,,,,,,,, [ 18407672291, 27985138567328629 ],,,
  , [ 11892930168407 ],,,,,, [ 1240029169, 3503070088943, 1994394023937743 ],,
  ,,,,,, [ 4903856341 ],,,,,,,,,,,,,,,, 
  [ 8340804146615576747, 3626413301255548634027 ] ];
