BRENTFACTORS[7907]:=[ ,,,,,,,,,, [ 33027396093649 ],,,,,,,, 
  [ 133429254037449919, 5041677290506653932507093266465265611130581 ],,,, 
  [ 34922061440392666723, 
      37728449268507247282078670032014444643218487730482447 ],,,,,, 
  [ 801238515223 ],, 
  [ 4024678118897, 17883019433221, 618211318622507, 1597911771106157253493, 
      10977214999075050321754873719684941740823022650956483 ],,,,,, 
  [ 3255659527 ],,,,,, [ 43793002692871 ],,,, [ 8076943703, 13762311757849 ],,
  ,,,,,,,,,,,, [ 14638670873929 ],,,,,,,,,,,,,,,,,,,,,, 
  [ 7386281458211, 247832169902381 ],,,,,, [ 773439038921 ],,,,,,,, 
  [ 3086909377, 1464693060555613729 ],,,, [ 114620755567 ],,,,,,,,,,,,,,,,,,,,
  ,,,,,,,,,,,,,,,,,,,,,,,,,,,,,,,,,,,, [ 812232972883 ],,,,,,,,,,,,,,,, 
  [ 7184443649 ],,,,,,,,,,,,,,,,,, [ 123002884561 ] ];
