BRENTFACTORS[944]:=[ ,,,,,,,,,,,,,,,,,, [ 1024858937, 12865981107534109 ], 
  [ 7088451941 ],, [ 1639304503 ], 
  [ 35809073383, 2268313530870911, 39837784965334673 ], [ 43396603489 ], 
  [ 21535226877601 ],,, [ 1396572913, 33236129053 ], [ 1789692419533 ], 
  [ 516610975291 ], [ 146184751137534103 ], [ 4148823516291204353 ],, 
  [ 566172522393006103 ], [ 621955438562501, 1261816144982376603912041 ],, 
  [ 1440305143, 17013570596655654763993760105904744257 ], 
  [ 3292716797, 21152945510401 ],, [ 4188497881, 4624711260543401 ], 
  [ 161850992844449, 162298572741386233, 
      1284484476427308877967567371379343488609 ], [ 1386860539 ], 
  [ 6448188497, 27012049043052659604243677 ],, [ 73760578170197671 ], 
  [ 16610080011594710411 ], 
  [ 55399215841, 4174198821741647392537, 1016587547533809292289630043788958663\
89 ], [ 185037541339740244033 ], [ 429322653343069319 ], 
  [ 9122192635158301, 1778101179152678605451 ], [ 36363932791, 2391095089441 ]
   ,, [ 5854128043052257649, 218942167484876143952883126637 ], 
  [ 1027058563, 208375461631 ], 
  [ 674304515450040920343165615404907447824320327907531 ], [ 5267594576329 ], 
  [ 4848095059189, 76224439948303, 265428963976782186765649283554540297 ], 
  [ 461474956375587927445991 ], [ 279223809401120569711433249 ],, 
  [ 264092553784333 ], [ 35066545219 ],, [ 1402559233874753369025141889 ], 
  [ 20426539901 ], [ 110722596931, 199014985234771650398059 ], 
  [ 23755276245157 ], [ 1386758341 ], 
  [ 1636825227121411, 25435343678619070789, 
      56884414609207539040650601612753699 ],, [ 189574823685160453 ], 
  [ 436176534558318409 ], [ 487129365793521624959 ], 
  [ 1808631981596493087228594011710559 ], 
  [ 252852153953687851, 121653728903965391701, 4878385182301374393901 ], 
  [ 3968035979101 ], [ 221792408993 ], [ 4031029159, 18540170984219587 ], 
  [ 1990905229 ], [ 7893586801 ],, [ 37557121489463822050296236898526643399 ],
  , [ 2274252289, 32800387957, 75123896598913, 1144553393362681 ], 
  [ 1019278861 ], [ 38725490917, 2574380481619 ], 
  [ 109711859938321, 9744430425946280632490544241 ], [ 71291460857 ],, 
  [ 154537641451 ], [ 8177359933578297463 ], [ 2313831475524800332492021 ], 
  [ 798179393876214998090917 ], 
  [ 2624200601351036542378067412819980043248639018939 ],, 
  [ 12216561793, 18663658753, 716944708033, 74774067450576912035025403969 ],, 
  [ 4673245739, 3510722466133, 5857921874491 ], [ 19495810423, 164197097263 ],
  [ 12995821801, 2784753720869603730901, 10746824223991841108311171593601 ], 
  [ 4574847521 ], [ 16093729117, 23911843435313384725309 ], 
  [ 2260410049921, 101425000351406783 ], 
  [ 15216612737, 8312879245203209, 326663102815213097241720423925048097 ], 
  [ 164083963704542187924030904891 ], [ 548149096457091562497667459177 ],, 
  [ 46328376709, 271847851122257008625989, 3900442535662810300950058201 ],, 
  [ 27687869475751, 122346539390351, 976376023142986431035401 ], 
  [ 130435006873, 1059371826187 ], 
  [ 12270903202457459281, 15402892588377957601, 10742073205214576187089 ], 
  [ 508725489241 ], [ 94586927548237, 466164222205496206440588013 ], 
  [ 37524770251 ], [ 24039662800057217785987565825501 ], 
  [ 88643658949957965673 ], 
  [ 86125701941, 146811455251, 29406641208991, 11478530870991164737, 
      433601615415967025292286977933718678378657064600488027 ],, 
  [ 1537194721, 2288632321, 16193250001, 18812657136311500201 ], 
  [ 30767050667 ], 
  [ 40421648903, 7963190285807, 8793803987630015848523, 7418727951758522298618\
0373413409 ],, [ 2375428448558448543161933 ], [ 14215256767001 ],,, 
  [ 6844183169 ], [ 282444093565742698913707 ], 
  [ 5639179000160196024065909765020385559041 ],, 
  [ 25665463429, 1564052939921531279571048359596753352162641 ],, 
  [ 1054420119463150398717935141187697 ], 
  [ 3353744521, 5609368801, 30980856241, 695798491277515141, 
      14092082541178004427391927261 ], 
  [ 190025799673, 1856184299162940125537 ],, 
  [ 840245879472414573812893, 2673139441248208736882286226033, 
      2128088342040324664911805590930079 ],, 
  [ 37003152813481, 724168338305161, 1763457770811259805864401 ],, 
  [ 56103903009827407157 ], [ 6056324475631 ], 
  [ 32655531365750622862821753506716689762209113724028499118773192263420577 ],
  , [ 410967588380302462118773 ],, [ 154681131589, 30581187438770141 ],, 
  [ 147888226415253521763151 ],,,, 
  [ 11014279739, 61544608511, 2741370504695434817899 ], [ 476393686991 ], 
  [ 88051901259564597759997433101 ],, [ 1095643891 ], [ 1604157932719 ], 
  [ 450371377121, 103932768236927277862891841 ],,,, 
  [ 48350163317, 132469647329, 165407497529 ],, [ 157779478477 ],, 
  [ 5576553339576772865499769 ],, [ 126085908497435371176208121369321 ],, 
  [ 12533703733083649, 36388378269433178887014593 ],, 
  [ 13968795479652194659, 11924122036474472744068146028870519 ],, 
  [ 16177868359095697, 7478346820991770417, 2953663319755020759865969 ],, 
  [ 2173186571851 ],, [ 559838175585590055802923628501861 ],, 
  [ 224713101887, 8325334256520497477022203261 ], [ 40167337923029461 ],,, 
  [ 26755620679, 234948600939198397, 93147309590048294479237 ],, 
  [ 8934810481275493 ],, [ 4153989761, 484230647261, 9951033050716921 ],, 
  [ 107628190097473, 4209568435207011073 ],, [ 5662817283132705989 ],, 
  [ 3390321173 ],,,,,, 
  [ 14200181659, 109903795997, 498942441979, 1575289060391, 13128426883591 ],
  , [ 2399046733, 2933893321, 13449281001184081, 877607480274472280653, 
      96496764967140539089039821697 ],, [ 2922109325969, 1401981279412069 ],, 
  [ 2509358801 ],, [ 33961637713713710992154416021030974997327981 ],,,, 
  [ 25619448059 ],,,,,, [ 4363156384544222461536193921 ],, 
  [ 353896818619423, 57238954938155894936269 ],, 
  [ 1285230384481, 9092488445153 ], [ 497529162901 ],,, 
  [ 342943256531725864514557 ],, [ 1193298881, 71981841527157581 ], 
  [ 2199590439817, 2366759502031 ],,, [ 15288657553261 ],, 
  [ 1739445885067273 ],,,, [ 40444671731695034227840554961 ],, [ 3184994429 ],
  ,,,,,,, [ 9166702433581048525869251 ],, [ 54304669643711475997 ],,, 
  [ 12863305171, 63152226451 ],,,,, 
  [ 10262551345205641, 35196271584569652701, 102541690076202822188641 ],,,, 
  [ 5789010217, 1398305659966213681 ],,,,,, 
  [ 4077526231, 4002604751765251, 903585871222786711 ],, 
  [ 1226291873, 9018475099489 ],,,, 
  [ 12763995637, 3685735225744670499508201, 71401312632226967575967017 ],,,, 
  [ 341601298657081 ],, [ 917537511559 ],,,,,, 
  [ 15825398779795393, 1670925439596326021384257 ],,,,,, 
  [ 748551144433, 47721173186107, 790113404287789 ],,,,,, 
  [ 46789336501, 52724998801, 16904110280401 ],,,,,,,, [ 6777478584493 ],,,, 
  [ 8930811630001 ],,,,,,,,,,,,,,,,,,,,,,,, [ 2797900385465923921 ],,,,,, 
  [ 83225049517, 730730000524145509 ],,,,,, [ 2061532861 ],,,,,, 
  [ 168719656605752059 ],,,,,,,,,,,, 
  [ 9896724547, 40495336171, 103716696067, 3436885381789 ],,,,,,,,,,,, 
  [ 507929091013 ],,,,,,,,,,,, [ 13428187501 ],,,,,, [ 31933609093 ],,,,,,,,,,
  ,, [ 1750286966243281, 46677042263227993 ],,,,,,,,,,,,,,,,,,,,,,,,,,,,,,,,,,
  ,,,,,,,, [ 834895874259451 ],,,,,,,,,,,,,,,,,,,,,,,,,,,,,,,,,,,,,,,,,,,,,,,,
  ,,,,,,,,,,,, [ 20532616202753041 ] ];
