BRENTFACTORS[1091]:=[ ,,,,,,,,,,,,,,,, [ 68195972503339, 180475819265561 ],, 
  [ 6454248946881682897 ],,,, [ 440771943743, 11078369026701399949661 ],,,,,, 
  [ 2742333714202091, 18912467200052887 ],, 
  [ 84626504540637215351154920461192272624003536048644110103798533040516330931\
17813961200937 ],,,,,, [ 3581406664567, 51380779148434207037 ],,,,,, 
  [ 4357129986492463, 513550430157014120671165901 ],,,, 
  [ 280832022031921964766082426330209588253 ],,,,,, [ 1034084940013 ],,,,,,,, 
  [ 15937461217, 50029867183303747033057 ],,,,,, 
  [ 164425076159843, 18759319093769213, 18785800040891047673 ],,,, 
  [ 2688227430071 ],, [ 10915489011162689 ],,,,,,,,,,,,,,,, [ 10951040535031 ]
   ,,,,,,,, [ 8325269279281744890791 ],,,,,, 
  [ 7389465622470924191, 33839296266374753404845987761 ],,,, [ 23142583169 ],,
  ,,,,,,,,,,,,,,,,,,,,,, [ 59823718387 ],,,,,,,,,,,,,,,,,,,,,,,,,,,,,,,,,,,,,,
  ,,,,,,,,,,,,,,,,,,,,,,,,,,,,,,,,,,,,,,,,,,,,,,,,,,,,,,,,,,,,,,,,,,,,,,,,,,,,
  ,,,,,,,,,,,,,,,,, [ 54628655317 ] ];
