BRENTFACTORS[139]:=[ ,,,,,,,,,,,,,,,, [ 50368445538589 ],,,,,, [ 1172028527 ],
  , [ 79596165091116451 ],, [ 6342137677 ], [ 4900366577 ], 
  [ 90053327059682915439872099 ],, [ 1623475643 ], [ 626599027393 ], 
  [ 71197026523459 ],,, [ 5132268721 ],,, [ 1827154213, 170687517001 ],,,, 
  [ 790997530132921, 4609796240500261965853 ],, [ 72313040078151211 ],, 
  [ 227228933612603124420886434653 ], [ 107330652049 ], 
  [ 5494154378842408417811 ], [ 2262673906612451 ],, 
  [ 134127551221, 101014517023156309 ],,, [ 7625451571, 1519665791998467301 ],
  ,, [ 7756657871538657449 ], [ 416523040076940739926493436211277427 ],, 
  [ 166376116437858171529 ], [ 210459978919 ],, 
  [ 9197027549057, 2483391861128257 ], 
  [ 17292133052741, 678055017081347488131223633751303941, 
      3227820826955868121501494369345699181 ], [ 372845848966273981 ], 
  [ 10523139811762153, 39820330680876006671, 23638082377174360644753377163439,
      12943184994719385320104910384076697 ], 
  [ 59679080132957, 12833266828706939137 ], [ 146464701585607 ], 
  [ 2039031921011, 1706041303033225061 ], [ 2651949259, 3137164963 ], 
  [ 306417055049569 ], 
  [ 1311542710939, 1598235004636915580952685664743106713411 ], 
  [ 2825081947691933, 3054213311757945863 ], [ 1028357851 ],, 
  [ 9128109011999517590699555608916258070129643 ], [ 106903714568097487 ], 
  [ 67102404637629401 ], [ 122032395761, 861466418081 ],, 
  [ 285897775282672671143078135608333, 94780879175283844189465702173392750471 
     ], [ 40457203699610595414011247079262797 ], [ 246578077242766091089 ], 
  [ 1340403286126352072731027255394991295481 ], 
  [ 331932249332552215601, 669381200689003999142249 ], 
  [ 1543791875771138122138060732899977953 ], 
  [ 291622067463989805083641, 29340523970792752081337249, 
      7604853030237329123953812953 ], 
  [ 2052041851, 25416095635220467670999570960309664976517359, 
      11742943698241975152416591620144396862794888406141709517, 
      27158306351322154762050037983656681359431625632196647512713 ],, 
  [ 179714649661 ], [ 359991399835252492490010633950577157 ], 
  [ 258861223303, 49280690387492391277, 277793401292736834242250320707 ],, 
  [ 15784092405310178051 ], [ 60714669409, 15572069202968059392388321 ], 
  [ 3747629193277 ], [ 105802927272379, 11196757976920019468907775353977 ], 
  [ 2799764876165969053, 395530581555530208174129245473609 ], 
  [ 6391441396001 ], [ 2076025691821 ], 
  [ 4496735610330691381, 25598053205537576615083 ], 
  [ 10395342157, 100774294042283, 14932260525567929767799, 
      1907981718352276234261676096093 ], 
  [ 4902085221697, 13116200242388561210862251498659415194457 ],, 
  [ 21711197297, 821401018579, 488808348425701 ], 
  [ 20806333399, 2688236211126041, 78079976478483936093590899781231419967 ], 
  [ 151396810791230639629 ], [ 1248559725857, 43854954349571 ], 
  [ 150185729984401 ], 
  [ 26333256916357, 3367009373127547129, 599653033203651645769, 
      165402627173293418625517, 436221590050962714586150584373441 ],, 
  [ 18603559000750886739560003027071885296846792529 ], 
  [ 865465847977, 10882638024536343940975819 ], 
  [ 46155005971, 616625814193891 ], 
  [ 5608642213764826888374410585104457040724715972546563721 ], 
  [ 4868778097, 3368049835348633571371 ], 
  [ 11344848999858234643, 41930050607477117059171828554117067 ],, 
  [ 43494284641 ],,,, [ 2631444301, 1053093757152421117202272376339725997 ],, 
  [ 1800583775263203698234739121417 ], [ 531464005930163 ], 
  [ 65821064833, 1687405987088404922076468489258766337 ],,, 
  [ 26659306992995344849427 ],, [ 24567576727 ], 
  [ 7301893831, 15701190983374870249, 136316535346311968346383469889457 ], 
  [ 484096620714571, 1513174318413931, 15571364227967751211 ], 
  [ 1443236761, 188885472857, 2155125387473, 164499043952018699681 ], 
  [ 1017282082969, 88027520365472080903, 513528023282941031523600507686130109 
     ],, [ 119833345601 ], 
  [ 29857729861, 274655430264041, 384136624126020280621 ],, 
  [ 34012007612399, 37086597583073, 7538786901665979872814059 ],, 
  [ 16671194929, 2731206395038607281 ],, [ 11073302271067410553615325557301 ],
  , [ 4285120813, 610360031041188175789069372228775466663271661 ], 
  [ 1206788549, 8345462195111, 507369367549699 ], 
  [ 58270096351, 152777415518296064904451 ], [ 8028198294121 ], 
  [ 46331741678329, 1329315779440438609, 7658921081075020634534089201, 
      1104185179018804732890309008252203966361 ], [ 62998473520105741 ],,, 
  [ 1422361297739186785501 ], [ 4330835581 ], 
  [ 47015936538002739518051014142141, 323981793670404887651134543020076481, 
      275833779919499366065353321073610453983 ],, 
  [ 3405697441, 1383574695545647657544491645601, 
      11835587540096369227640385804481 ],, 
  [ 2303866509475702532419, 74983116630150046641003374150749 ],, 
  [ 5430889629881, 3211989961137394573748799273375136797949 ],, 
  [ 177107576759, 6536832028679824171387 ], [ 12162280611612899325319 ], 
  [ 4547217317258480195054353952281 ],, 
  [ 772762562951, 416957170063901, 5076832169002081344767241700471 ],, 
  [ 12678095232001, 318610842122124857, 12691230790803595361 ],,,, 
  [ 5165932953457, 30107245476674871948439973199157303777, 
      5660029669947380420791027489363030065002561 ], [ 15056753863 ], 
  [ 1546784292773125642279 ],, [ 33225844421389080285498000655621 ], 
  [ 45940971113123 ], 
  [ 17117581278071, 36235822733544485149393092343001, 226327663927494017538933\
239361497 ], [ 1377670669393 ], [ 172135943209852680197289112561 ],, 
  [ 6865858921, 126110155594363, 59999399698929667, 
      7095909886692048000011708542957, 43723415479756910818221457211854936243 
     ],, [ 2721434025112393, 199978316015317361910190338773 ], 
  [ 110145811608379 ], 
  [ 2381185451, 251787623527791892691, 146403646887512969327565941345799467732\
6869012201 ], [ 5367271519 ], 
  [ 20025137091457, 297499121949336946780397595841, 
      4713770718778259780833576136646270954241 ], [ 10274977577471 ],, 
  [ 32313071497981 ],, 
  [ 9929762149, 847667669637739628267, 37324716912518238090535846663 ], 
  [ 7390975063429, 3240854226300999033900228781, 
      89449893118324543067549235577 ],, 
  [ 31929319801, 16045918603813165601, 130456021093842616464941327201, 
      57842523846908237544789317603709300365201 ],, 
  [ 5253985937191067, 10247971048738309919, 2163501523771269439873 ],, 
  [ 12746928710437, 32595121661173 ],, [ 200406529525849 ],,,, 
  [ 60759818071, 16049644880602403788325039965822978062991 ], 
  [ 217446523420733339, 4830110893459614890000859053 ],,,,,,, 
  [ 1098411967, 275279112833, 7081244294911, 14501859796829 ],,,, 
  [ 23295636379, 473999813491, 4562360342381938789680829 ], 
  [ 51765073231594997 ],,,,,, [ 8504650549 ],,,, 
  [ 45164485603, 35454625992962857 ], 
  [ 515402319361411, 681304571220781, 42734247559205308237 ],,,, 
  [ 121239608261634871 ], [ 211685968742454761 ], [ 54349381269763053744001 ],
  [ 91628516691353, 243384497014168267 ],,,,, 
  [ 50410974451980917859607, 72149672591158845033283 ],, 
  [ 668512875137, 6009661967137, 2177456567213274161161 ],, 
  [ 2755157501, 17066390573451001 ],, [ 155432786922951301 ],, 
  [ 5005942999, 1588009950349485022119130739 ],,,, 
  [ 81903433802467, 173479712912114359 ],, [ 187140814396361096701 ],,,, 
  [ 4723990129, 7888796190651423222913 ],,,,,, [ 1471926303558513115921 ],,,,,
  , [ 6429428281, 5419942602274913413 ],, 
  [ 21374190911672122661, 1977185134537749396577, 
      474097873331655046663266651458043514905852694206934474537727963791115662\
413458494950850760448492633430525507 ],,,, 
  [ 57008527212877, 390229384985682037 ], [ 188482234813 ],,,,, 
  [ 685169596606344458977 ],, [ 36148288748921, 12882952887939661 ],,,, 
  [ 2132146213, 25927192286673091 ],,,,,,,,,,,, [ 1574964253 ],,,, 
  [ 780145836011 ],,,,,,,,,, [ 198563855681 ],,,, [ 99576110850303277 ],,,,,,,
  ,,,,,,,,,,, [ 77567153707 ],,,,,,,,,,,,,,,,,, [ 158196422438281 ],,,,,,,,,,,
  ,,,,,,, [ 3288723294052477 ],,,,,,,,,,,, [ 1506019321 ],,,,,,,,,,,,,,,,,, 
  [ 63457998889 ],,,,,,,,,,,, [ 87369092012581 ],,,,,,,,,,,,,,,,,,,,,,,,,,,,,
  , [ 16701994546651 ],,,,,,,,,,,, [ 14058761704681 ],,,,,,,,,,,,,,,,,, 
  [ 32046720001 ],,,,,,,,,,,,,,,,,,,,,,,,,,,,,, [ 28382090071 ] ];
