BRENTFACTORS[1447]:=[ ,,,,,,,,,, [ 32324740009 ],,,,,,,, 
  [ 141485972281, 2705025122473 ],,,, [ 8341974682531201, 676595095009659107 ]
   ,,,,,, [ 284445855563, 189333133742731942841373346292933 ],, 
  [ 1806654121154242414708692717207201307 ],,,,,, 
  [ 46519477904197560001025206951, 260188625570674677489326972175856849 ],,,, 
  [ 33088193880157883151345264731734169 ],, [ 5679366752822507894437 ],,,, 
  [ 175639010073217713410585963520599837, 
      93871354505569439175121672377397480339 ],,,,,, 
  [ 5994422097674557540833420719653 ],,,,,, [ 506033302412676677 ],, 
  [ 25018017719, 17778127412326282319, 138134457986180204777, 
      3830634122355138844231 ],,,,,, [ 37176383533 ],,,, 
  [ 2303407277, 3965544903181698917 ],,,,,,,, 
  [ 5266295702026937021, 11167858519290471256361 ],,,, 
  [ 11623821494260313826763204601288873 ],,,,,, [ 10754458291, 269244869251 ],
  ,,,,,,,,,,, [ 2040455001946549 ],, [ 342917864363 ],,,,,,,,,, 
  [ 87295348957, 319184333043139 ],,,,,,,,,,,,,,,,,,,,,,,, 
  [ 13287763626239, 187186628490703292966293, 7526070619811900666448793, 
      593360134143062131353676065827 ],, 
  [ 29339720237, 44571966757091483457282071 ],,,,,,,,,,,,,,,,,, 
  [ 1718063561 ],,,,,,,,,, [ 10455079431353 ] ];
