BRENTFACTORS[787]:=[ ,,,,,,,,,,,, [ 1281388837 ],,,, [ 209807069709961 ],,,,,
  , [ 22545395835283 ],,,,,, [ 183693000311 ],,,, [ 863537830727053857541 ], 
  [ 214357904569 ], [ 140031539370451 ],,, [ 615002259819892248883 ],, 
  [ 2089839601, 37342633561 ], [ 2795018917080876150721129718338919 ],,, 
  [ 83941716497, 31006122587309, 142340906298229 ],, 
  [ 4576902515137708380435371783 ], 
  [ 2715825911, 11115934669775671560440713173007 ],, 
  [ 24559857100093705896661, 87954371115257392629310783028303 ], 
  [ 6645846001, 147217224248506151 ], 
  [ 1389095671, 16423845265009047574142688181 ], [ 529506527317 ], 
  [ 3147990112896933375663461697935423570299977505943185190361550159 ],, 
  [ 222507080951, 1167057653521, 8933852959986192481, 51955021872406657841 ], 
  [ 2335502108192546669657 ], 
  [ 8770258220353031150012419, 508820832412678066118402579771917813 ],, 
  [ 2629354008031, 501871968781105051, 
      1306798802686008371005728196831740115756677953881014829 ],,, 
  [ 19051307575360352869, 130483793069733402470141407 ], 
  [ 9050287681, 996810884371 ], [ 6010440769, 338383401277676685041163457 ], 
  [ 30270664451, 4177146908967371 ],,, 
  [ 14148464545749550292924049241135976549 ], 
  [ 1514487038971857099938496619568809522034383 ], 
  [ 298490458360791274705867168801 ], [ 491389464513555546937 ], 
  [ 6196268469932857 ], [ 243041745800611 ], 
  [ 5935552433, 70420720567, 205292388559, 1652827133053 ], 
  [ 257109424223835220632099237301 ], 
  [ 279418803277, 2822641844296130400134593 ], 
  [ 5797585877777, 55269343696210768002248167714841, 
      6563430062367060987501620717983096609 ], [ 102432665329723 ], 
  [ 26060759729812458939251374834486471416277, 
      149493673437345881551266724392617624536001 ],, [ 25122129719059 ], 
  [ 12629517009933876596266795841499510237889 ], 
  [ 2803298892540250609, 2692757707403423690947300612561 ], 
  [ 1137065283229, 615763759310392813 ],, 
  [ 525235616770959740541541, 6340303125509917817099629 ], [ 12187174160419 ],
  [ 5168524985801, 443590984221379349306788673 ], 
  [ 475915237556883120069684061726966725902497061 ], 
  [ 2470076911, 460182335761 ], [ 1491216789907149761 ], 
  [ 17992272765045187944054997 ], 
  [ 5854965848009219803, 2404291108771621963835979901 ], 
  [ 1595542383713878413889 ], 
  [ 2557016430854688334361, 13598161459696807419450881 ],, [ 10703482073 ], 
  [ 106054595610930179304094730973611 ], [ 6570463472360165269 ], 
  [ 42832947677420401, 87353646724992979785401 ], 
  [ 1246654998599, 1508055783583, 5481731605519759080392415533 ],, 
  [ 1270734691, 74453107922094833383709888253517031 ], 
  [ 1543422727233503582098582167102457, 
      17005682284857006005550055206196356801969967050243553 ], 
  [ 20183838881281531, 4149095776993100830282155103795326601 ],,, 
  [ 1327946509, 8313049789260100237, 5280090567363468991907893 ], 
  [ 230757214159, 2733829815214647538731593 ], 
  [ 1852443451, 6369592368797015483338951 ], 
  [ 697193229991, 8476370352500594185106811033561889 ],,, 
  [ 34912176738067, 173601311438165817830206841800579 ], 
  [ 29408341327517231, 788070799825705654501 ], 
  [ 7857589206896482902688529564387080080411917 ], 
  [ 4613237545438549, 720372001793252178241 ], [ 47020311936275937598489 ],, 
  [ 5491662601, 430375765416089335839116881 ],,, [ 21922484933428999 ], 
  [ 56754852591923464961, 
      823458427765924713886977421101313817331883080155810986774279239577 ],, 
  [ 56078969545397283519889, 2640137444253435104931318661 ], 
  [ 1765992753251, 47656121166325590109 ], 
  [ 40870430810502757600001, 1091590637657374581124216435595826817, 
      23009919656851346297498107624335787223411779947567154934586881 ],, 
  [ 169662164840476621, 62417110054608883807351 ],, 
  [ 533517162461317, 330480130718811310774131536045677, 
      11225439566307526264556215983412201 ],,, [ 5212557863011 ], 
  [ 9094066362501413135177 ], [ 10919234632185353 ], 
  [ 2773494734893, 123934167838241774403142303 ], 
  [ 16858304753, 24987242149 ], 
  [ 4754731661, 809884973101, 15241287565150098341, 46733456713361449081, 
      463159197589484952213981659649185321 ],, [ 428135944056640453 ],, 
  [ 6557956886601180426648653281, 
      1374644507319703058374769283036559486463065195393 ], [ 71077824289831 ],
  , [ 111556683614143069 ],,, [ 20158922058318130967212548169951 ], 
  [ 44635899935635513 ], [ 276486734753, 68821525165133996773451723609 ], 
  [ 11734818184761409 ], [ 27809441046112727 ],, 
  [ 1131988062288053413, 761493968633279264293, 
      60503039493782909757749807464288564422241 ],, 
  [ 84418084777177043195134511117617969 ], [ 44918510117798671 ],,, 
  [ 1062680797 ],, [ 1070178721, 178812260178337, 1070183598617986273 ],,,, 
  [ 212810353088328726529, 54587258163187289798329 ],, 
  [ 33821942921753431, 862344249824045262479889715678095511 ],, 
  [ 3693857897, 275623900857211549, 1418073680380802895182297, 
      713691019967879354270506300835634313 ],, [ 60785794231 ],, 
  [ 12135280433, 38499341233, 9538738155408948915332641, 
      1010635979399001302581587997982925644490475887857 ],,,, 
  [ 200245911661, 15515136695946241, 35399274209339941, 
      2632227203508484172456697130998901 ], [ 11989185128471 ], 
  [ 5154798832457 ],, [ 8538779993, 9808961448605747598553 ],, 
  [ 129105034506944735689, 117368800518119275744694941 ],, [ 208523351282321 ]
   ,, [ 273014599171 ],, [ 1457356941808045670593, 39133666822917112143169 ],
  , [ 1223937902703086117, 27476408302315116928032017 ], [ 1607444281 ], 
  [ 1026649177, 111397716640684922813, 1127046949509451646081449 ],, 
  [ 921053157982821572236664203, 3059332968157333331632885338733 ],, 
  [ 187397759401, 281281113577801 ],, [ 34738159457198776039 ],, 
  [ 119221385429145207899448553 ],,,, [ 219129855569, 279299229398710561 ],, 
  [ 53885570341, 57117926390419651, 79332174851155677120797232951427273097701 
     ],,,,,,,, [ 49016763721, 23894376438589369 ],,,, [ 249998826037 ],, 
  [ 151942745473 ], 
  [ 849061776151, 4366838116351, 1871583466036951, 20546626909832675517531151 
     ], [ 88574349882059 ],, 
  [ 30643477347430011121, 148522003318852989477469, 
      6847140908369907022236258073 ],, [ 18434949266619283141 ],, 
  [ 103704496784849 ],, [ 1865328743735497, 3597393605755143853387 ],, 
  [ 1497923389, 78557902734977 ],, [ 2252079013497646621 ],, 
  [ 5701808575222801 ],,,,,, [ 1870959948763 ],, [ 86503023721 ],, 
  [ 1744553958336751, 2209643638301046939012330251 ], [ 378995425937 ], 
  [ 74026294021, 341950252254115416135514417 ],,,,,,,,,,,,,,,,,, 
  [ 755846409859208140051 ],,,,,, [ 274441686076009 ],,,,,,,,,,,, 
  [ 1137119729761, 1878548381240833 ],, [ 171162029654111 ],,,, 
  [ 12356719203137233 ],,,,,, [ 13979437216201 ],,,,,, [ 484080554884573 ],, 
  [ 86353967393 ],,,,,,,,,,,, [ 21279594881 ],,,, [ 2052246223953469 ],,,,,,,,
  ,,,, [ 7924071387703969 ],,,,,,,,,,,, 
  [ 34663019197, 4046481192961, 465746510569369 ],,,,,, [ 27397487683 ],,,,,,,
  ,,,,, [ 156791883048013 ],,,,,,,,,,,,,,,,,,,,,,,,,,,,,,,,,,,,,,,,,,,,,,,,,,,
  ,,, [ 171345785101, 45955496796301 ],,,,,,,,,,,,,,,,,,,,,,,,,,,,,,,,,,,,,,,,
  ,, [ 4459445299 ],,,,,,,,,,,,,,,,,,,,,,,,,,,,,,,,,,,,,,,,,,,,,,,, 
  [ 1667588311 ] ];
