BRENTFACTORS[958]:=[ ,,,,,,,,,, [ 148247143067 ],,,,,,,,,, 
  [ 223553710040638321 ],, [ 8533159931637992329296239 ],, [ 426226916551 ],,,
  , [ 10928703975504970508950876709590001813 ],, 
  [ 10908917807089401700140242632769593909 ],, [ 12608560352296294127017 ], 
  [ 5881995887 ], [ 639346130552456955391 ], [ 3011191856317 ], 
  [ 833256574592663433128707033 ],,, [ 56464116957601 ], 
  [ 116098029869839, 151755290826949179067 ],,,, [ 1258416091 ], 
  [ 40037967596483358283 ], 
  [ 3111346703, 16609561219036873, 24627185809944511, 
      8378674661374712674017113, 26191446944764506182357099983 ], 
  [ 41894240977 ], 
  [ 4531741570302889391, 49960449511371810312763471, 3980447397941496675862108\
03 ], [ 20805255901, 373443779164055651 ], [ 368047551253 ], 
  [ 791517139662341, 36779556016743541 ], 
  [ 180507027553507929887927569, 3201398583615304902203447924145755851 ], 
  [ 52263669667159 ], [ 79463306341 ],, 
  [ 103736555305363879856472547, 109265783071924739876956172204852394379 ], 
  [ 4783724565617, 62781198120593423 ], [ 18328396921271729 ],, 
  [ 1731118264845837243125287 ], [ 1298205999416112288766726054084117447 ], 
  [ 1515495302119, 365396574158029, 35636307323686945423580971 ],, 
  [ 8754200261, 1314469522094587951 ],, 
  [ 27382167557, 1611908191741, 6977884548190537 ], [ 645789238755581 ], 
  [ 6323904649, 50340942268219877476429 ], [ 159527029271 ], [ 775943969443 ],
  [ 3207287292818689 ], [ 70483273584807124303 ], 
  [ 26784850532281703747, 1461275349174846259189 ], 
  [ 1523078251, 2789585193001 ], 
  [ 484406647416053, 18311561851883031674148813658101632119877 ], 
  [ 114548197247023, 386280213446508364427676233, 
      175660100399771660308697859799 ],, [ 4823666531, 20727991877 ], 
  [ 17135936786261329886240207231908522055567236001 ],, 
  [ 2618721460017170657 ], [ 30470159612717104420588121 ], 
  [ 588305600451617983815037208621389 ],, 
  [ 14157890783, 410565352203807916301, 1129874687278980175085015799042372163 
     ], [ 185078080115509388908437529 ], 
  [ 205469397557161, 3472803448986769880929, 31924446274355267388713 ], 
  [ 1935277648699, 19657826295695681148677 ],, 
  [ 78523472427108902467, 581028294561269273461471 ],, 
  [ 67212612451982848219831537 ], 
  [ 12393518282921, 1292259654159291666361703841565877 ], 
  [ 2019923846550022918891 ], [ 4278818033641950530696905921 ], 
  [ 22108281312382034765117, 379721892277510240420499 ], 
  [ 46017175667, 4709237149181638879965614136683108614987901 ], 
  [ 1450236335923, 6522519151612531, 7332197337268651 ], 
  [ 159028373701, 817306834950980963628004001 ], [ 296668492735261 ], 
  [ 1162828561, 4576838779912972034851 ],, 
  [ 1990837889, 8375271776041, 4158348376541916192689, 
      48874922670023034408999106576916504844527320769 ], 
  [ 6658377817399189460196944163391 ], 
  [ 625325956139, 32778991827168434117953 ], [ 7464387943597231 ], 
  [ 17695390606163788225437814171021732446301 ],, 
  [ 148858076073949552878712469477577678925417957202347511 ], [ 1641365659 ], 
  [ 22771764542801 ], [ 51488886181 ], [ 267577581064740403 ],,,, 
  [ 579016776885919674859 ], [ 290187344329 ], [ 177619987286319121 ], 
  [ 8298597451, 54050157662562337 ],, [ 32652791452339 ], [ 2633342373829 ], 
  [ 87657467704501, 2152877369811948251 ], 
  [ 17870933460237733, 2602898069868953289239563 ],, 
  [ 1600518386668731137, 5744267581607486716289 ],, 
  [ 514399039140703601, 125619743417972333401, 1201144407410726999616371 ],, 
  [ 17170009211195248981, 162496642331372899639981 ],, 
  [ 2049238417, 2064153822954603137, 169375907354699425663 ], 
  [ 5068037431, 13483238894739098101, 27340410840688057501, 
      24176390807560716967656781, 15347993042184035856010164541, 
      588200457396403875738847081832922029491 ], [ 170174573448700465802401 ],
  , [ 44594734777, 544509969835609009, 2886272585255148940374066610820814961 ]
   ,, [ 319920893881, 494925019809565557698303861 ],,, [ 1842179197 ],, 
  [ 1771039475171 ], [ 7764467611 ], [ 18506676478039, 638866322759911 ], 
  [ 923731198837445996237, 5608988534342056217581, 88276879874559458167020713 
     ],,,, [ 14879226846138159041 ],, 
  [ 1226318633, 42211669039, 183295928663, 17434705693021 ], [ 113585768551 ],
  [ 270958292051927612029, 
      145956688662008246947111158394054832584430752096147069 ],,, 
  [ 1667893187195311 ],,, [ 1187621839, 428474973529 ],, 
  [ 18453621373161075523421 ], [ 7873596061, 1311545750461, 86580708973771 ],,
  , [ 754514325601, 68950010154591217, 2370921001666319791158981169, 
      177832843259403498001768514233 ],, [ 21233269768714912511 ],, 
  [ 1432512493, 3024021613, 358186473313 ],, [ 334276573986050825413 ], 
  [ 7112186858701 ], [ 6278645628641, 445958180252829281187569 ], 
  [ 1642623216967, 2195021143093, 5456264736943 ], [ 1852011809471996527 ],, 
  [ 460903057196394391921, 4664161676348614657221189052722359141191905901 ],,,
  , [ 74709128379735759308681 ],,,, [ 48241629249953 ], [ 499341958039 ],,, 
  [ 3206824475233157800717092097 ],, [ 237521677801552633 ],, 
  [ 990685540569089 ],, [ 18023102659, 34773797763253876090501 ],,,, 
  [ 67448523791251 ],,,, [ 1695406727221771 ],, 
  [ 14780545313, 56032129828656092593 ],, 
  [ 45304961861085811501, 455977742602482261710728900395714571561 ],,,,,, 
  [ 103265602014626447324819041 ],, [ 189004972349 ],,,,,, 
  [ 5959481249, 118657666550305806113 ],, [ 2155641563 ],, 
  [ 4735452233516092945261 ],, [ 782281974638534401, 6792952014412036381 ], 
  [ 31074012968146303 ], [ 76752656977 ],, [ 19596695263435457389 ],, 
  [ 61668687293, 11714604981437, 16382655058375697129 ],, 
  [ 464226883824733, 1388199495195647 ],,,, 
  [ 4591653067, 4499471456248700519611 ], [ 1249220719 ], [ 1549832857 ],, 
  [ 9266730703, 49954867057847167166809 ],, [ 9890991990365569 ],, 
  [ 12590318157199805285432501 ],, [ 17024823549346331563489 ],,, 
  [ 178703116171 ],,, [ 19942044737611 ],, 
  [ 202839306219941, 5761742796517542879409301 ],,,,,,,,,,,,,,,,,,,, 
  [ 572946118081 ],,,,,,,,,,,,,, [ 1096303951, 17835653012299074849877 ],,,,,
  , [ 5442860701, 4050800091422477812499701 ],,,,,,,,,,,,,,,,,, 
  [ 576961373239 ],,,,,, [ 745439487193, 262724811243553, 7462069161772609 ],,
  ,,,,,,,,,,,,,, [ 12038688650570641 ],, 
  [ 1159408387, 1706157289, 9714446047 ],,,,,, [ 2151009854401 ],,,,,,,,,,,,,,
  ,,,,,,,,,,,,,,,,,,,,,,,,,,,, [ 77165523241 ],,,,,,,,,,,,,,,,,, 
  [ 1025016927922129 ],,,,,,,,,,,,,,,,,,,,,,,,,,,,,,,,,,,,,,,,,,,,,,,,,,,,,, 
  [ 56795374516651 ],,,,,,,,,,,,,,,,,,,,,,,, [ 13370414367560977773523 ],,,,,,
  ,,,,,,,,,,,,,,,,,, [ 687780202831 ] ];
