BRENTFACTORS[2473]:=[ ,,,,,,,,,,,, [ 49535149093 ],,,, [ 942364333123 ],, 
  [ 2095546070627 ],,,, [ 22555535165839001 ],,,,,, 
  [ 10906732252839061, 64329606944038513351 ],,,,,,,, 
  [ 60644849694418950598982887333866589271 ],,,, 
  [ 475406169810799013, 6858034513377152533325215016743195655783 ],, 
  [ 9185353450479376691471 ],,,, 
  [ 2049660633071833, 20456014968942127983750059330846731361 ],,,,,, 
  [ 1257741941, 8358714349957461551 ],,,,,, [ 4235046551 ],, 
  [ 11160879572318908511, 29012522537578746823 ],,,,,, 
  [ 10469009324121734273, 15986692077928131942419 ],,,,,, 
  [ 917306633335149331485361961 ],,,,,,,,,, [ 14289093251, 122542372256809 ],,
  ,,,,,,,,,,,, [ 821525172000089, 2465106530282008953733121933 ],,,,,,,,,, 
  [ 1113244907, 1930962233, 2762684789 ],,,,,,,,,,,,,,,,,,,, 
  [ 32323909993657, 8139516402939179807 ],,,,,,,,,,,,,,,,,,,,,, 
  [ 6497703129950209 ],,,,,,,,,,,,,,,,,,,,,,,,,,,,,,,,,,,,,,,,,,,,,,,,,, 
  [ 3573870468290539 ] ];
