BRENTFACTORS[856]:=[ ,,,,,,,,,, [ 28103391355799 ],,,,,, [ 1463097705437 ],,,,
  ,, [ 828824555109300400056876757513 ],,,, [ 34345872196201 ],, 
  [ 854685652792622784911, 50617305072489850521883320829 ],,,,,, 
  [ 32215886188080559611641 ],, 
  [ 113003574421, 259270044965782950246558883343621 ], [ 32966770472137 ], 
  [ 2696265958011315755671534657 ], [ 127469594257323281 ], 
  [ 3367603471, 167367614685516964333, 851021064636931528140944233, 
      1488602030013948983024665889 ], [ 7655896459 ], 
  [ 72295230233, 3909662489317367961580842816949 ], [ 1504904809 ],, 
  [ 23422583003 ], [ 40932951075596897631337 ], [ 41498468113 ], 
  [ 1921005951139096159091065747 ], [ 4612573456402501 ], 
  [ 1832404596003206039293 ], 
  [ 374493745237, 2749576468933061, 6555713252812613137 ], 
  [ 1606105918638022541 ],, 
  [ 8767511424904658201454890531, 3285537252431671602293009325492425981 ],, 
  [ 194966232177041833663759 ], [ 13873218419, 904186683278185271 ], 
  [ 10516111191071, 21966141002138356799, 26507850547530190856192647 ], 
  [ 19287344641 ], [ 925186213212637721 ], 
  [ 17307860347321, 16429687636005013112219812875695171909 ], 
  [ 626319065989, 239368738445427747431072269668967803009559 ], 
  [ 305715965109834885708154637569 ], [ 44393226931, 1602280804021 ], 
  [ 1046304139 ],, [ 605317802249, 3197272438169, 6439048573122553 ], 
  [ 109980939098677, 1986599794079043186615944858811251896759 ],, 
  [ 427889623537, 286096376216020393, 428185475494369237 ],, 
  [ 72407994383, 141385455478843, 6220166936912311043, 
      29887923804759241829487599, 2250339771412362832757763131801 ], 
  [ 7122683307743554841, 173100961618825788292686923 ], 
  [ 1562281841898390667071001 ],,, [ 242708815519 ], 
  [ 280025819771, 162861000739123539050599 ], 
  [ 508657729541048649383898016461317341921 ],, [ 1106652867467276401 ],, 
  [ 229959183973, 1210571137021 ], [ 19351361999773291 ], 
  [ 1146195187, 325931383257465563 ], 
  [ 53566183975657, 2086009235923069260784819 ], 
  [ 10913398292498153, 1223776739633929889, 1626597294348092622161, 
      238138740120789692121118863881 ], 
  [ 5590277415566592341, 26312036473053373026419 ], 
  [ 523888459741, 113107000641211 ],,, [ 70280260577874093749157244711 ], 
  [ 22669916884171 ],, [ 429910713134689, 2302866793476481 ], 
  [ 11308405072457738528167, 124786946696822787862293377 ],, 
  [ 3855203321509, 35513081048147607433, 24726628563131719375087861 ], 
  [ 17977637789701, 295492558779862201, 46790047270537981852185781761001 ], 
  [ 576918449894543 ], [ 1910309277014622756550993909319946989167 ],, 
  [ 379113022783840236389397407588320033, 
      15213736556001223873629228033927084719270525977 ], 
  [ 15781430911, 46215022510651, 471574832721721, 
      3282425473041914382002902531 ], 
  [ 2548288759107460189092053, 1156694052142873731594237225320851 ],, 
  [ 2353555264022058724993, 13410682714865885823071823695651929 ], 
  [ 1877441363647, 3701895735669419 ], 
  [ 354761234411, 1182881232704141924355800478967740644205243715356361 ], 
  [ 24094796786299, 127011538850062259707 ], [ 138528443873 ],,, 
  [ 18242290010721915301 ], [ 39929445255169, 3290487560250345560828977 ],, 
  [ 1633529225417, 5221252794839, 218076880396151462886709670578205287 ],, 
  [ 251842593438190241881, 154197754567739691751827420241 ],, 
  [ 128697100599851566766623 ],,,, 
  [ 7229633353043733149232953834227021850496535551109597 ], [ 6887764991 ], 
  [ 45358152947939726868007093249 ], [ 13245970875946171179955393 ], 
  [ 2018789891 ],, 
  [ 214140839617, 6774090802386718882313850769657, 775333750052473324143864190\
10619853 ], [ 3113184733 ], 
  [ 148820136741748094119259297, 107069621781689633079836505833 ], 
  [ 41050658262961, 990627391008344379045781 ],,,,, 
  [ 401719284002261, 7131232559982412742154070444997141 ],, [ 3068942727803 ],
  [ 4308936347 ], 
  [ 5763806929, 86471753151731530245867556448817631517533030033 ], 
  [ 3179693401 ], [ 192805481549126285693184088019 ], [ 16635449428963 ], 
  [ 12836248281289 ],, 
  [ 4300903951, 19689227251, 19556345261224982263645457333119415851 ],,,,, 
  [ 35475226651 ], [ 17118777983295700771761774260044280907317115997 ],, 
  [ 8539931270413 ],,,, [ 6574237356940991834167 ],,,, 
  [ 3275630857, 2584818172627, 44046183440527, 422494647794707 ],, 
  [ 54354499081, 1693069590652745856937 ],,,, 
  [ 3868333314497, 6211938192241773253, 1053569999298549391277, 
      1834633949049717087509 ],, 
  [ 279898610993042659, 62461888439014228215794232851983 ], 
  [ 817183341241051, 13283349481131101 ],, [ 26944608403, 90013263286839427 ],
  ,, 
  [ 112982064856201, 260672431465659649299102228778976861384667272976711648654\
1 ],,,,,, [ 5484030511 ],, [ 20368478449918973833 ],, 
  [ 5274510020044971740141651, 448814646906742655833386611 ],,,,,,,, 
  [ 767538842500981 ],, [ 18741064088639845801 ],, [ 38723089757673225109 ],, 
  [ 5642480881, 11405542876144393381 ],, [ 31810307203 ],, [ 12153134033 ],, 
  [ 53960305141, 1146535839954760081, 15278261161722711108966661, 
      10852481547376324531316775331 ],,,, [ 11680928279, 539160777121217 ],, 
  [ 9486909000183007339201 ],,,, [ 106809220343090101 ],,,, [ 196541901697 ], 
  [ 3660128551 ], [ 5055218173, 66830932793, 333245936041 ],, 
  [ 3610774724875741 ],, [ 112787230531861, 14546604130510685721279091 ],,,, 
  [ 86409432766333 ],,,, [ 386459318701, 309348895873082129 ],, 
  [ 10721470321, 77600509160964001 ],, [ 3979109443, 4446348281, 6877919753 ],
  , [ 11927771153 ],, 
  [ 5143325689, 7347454693, 28543259505511, 7020377417673053125213 ],, 
  [ 2632852073 ],, [ 446549163799430060348531346251 ],,,,, [ 32952545851 ], 
  [ 479562497537 ],, [ 52739299623758317477 ],,,,,, [ 673023140593 ],, 
  [ 23560288991, 30649887241 ],,,,,, [ 22023160273 ],,,,,,,,,, 
  [ 58861226996857 ],,,,,,,,,,,, [ 84164262001, 132904745469650003011 ],,,,,, 
  [ 2246237589525336541659522001 ],,,,,,,,,,,, 
  [ 1574199012049, 1151211227777521, 85351190271733777 ],,,,,, [ 1056111709 ],
  ,,,,, [ 173419502149 ],,,,,, [ 218212349521, 958614882074384540711902351 ],,
  ,,,, [ 71412779414676001 ],,,, [ 130334696621 ],,,,,,,,,,,,,,,,,,,,,,,,,,,,,
  ,,, [ 16189709780353, 909796593678328513 ],,,,,,,,,,,,,,,,,, 
  [ 419966245921 ],,,,,,,,,,,,,,,,,,,,,,,,,,,,,,,,,,,,,,,,,,,,,,,,,,,,,,,,,,,,
  ,,,,,,,,,,,, [ 10656472323883 ] ];
