BRENTFACTORS[456]:=[ ,,,,,,,,,,,, [ 1053143599 ],,,,,, [ 1100935013 ],,,, 
  [ 131188166729 ],, [ 110788089365651 ], [ 696089348579 ], 
  [ 37896983569, 2709937870777 ],, [ 679603529241424303 ],, [ 4040194723 ],,,
  , [ 45691652927284702282421 ], [ 6982546537, 8838605197 ], 
  [ 1648557193711, 6996876467722731288169258483 ],, [ 502963442827 ], 
  [ 1466017681 ], [ 231120915699337657199, 6396521878654938621906977336426107 
     ],, [ 2649407938198768282373323528736789653488605691647 ], 
  [ 98474166506968957 ], [ 9791852435380891, 17972369866536571 ],, 
  [ 3840603241726744822489 ],, [ 426143838140581037 ],, 
  [ 1118122879, 18889406673307 ],, 
  [ 277398490449798079729022087, 842371966532335854757711819 ], 
  [ 7333769635362304046191 ], 
  [ 934792165451, 24079650643750579021, 47553560150919289141650699791 ], 
  [ 46656176249993020732981177 ], 
  [ 9803247563593417, 130624479156573762709277881 ], 
  [ 4495428778051, 4689101290857167711 ], 
  [ 102175553117115409, 55062353805345996740475743093599, 
      23552242125306116962485969124873629337 ], [ 1698732276601 ], 
  [ 4597527301, 12690409319746395884473, 2707662485544769299205897477, 
      311146968989113587830820023247311265060083 ], [ 7979178152725177 ], 
  [ 673358955232509127, 9480025653099163471 ],, 
  [ 59874843886496442311, 150219549786123068196914085418393015171 ], 
  [ 514248505398608179 ], [ 22143966999113, 135158019989163761 ], 
  [ 2546554906635918969759310218098303989 ], 
  [ 50758769075533, 339135129529056934939, 51120666865459528974211 ], 
  [ 1775353813988798261 ], 
  [ 119475274192749451, 11319212657287334861, 1828873775241039842591650021, 
      307563074907458006584511348387 ], [ 649487556649 ], 
  [ 20107927694757348546410814487 ], [ 163043172659, 7068011746115053 ], 
  [ 95207834520397801 ], [ 401022606891169, 4571185670314562872886037215653 ],
  , [ 2942305158594552759607 ], [ 8754656761, 113849694547 ], [ 3766625921 ], 
  [ 42305260119067090778680786757437 ], [ 538155521221 ], [ 1978270141 ], 
  [ 18928046257, 8440802316577 ], [ 397795429604401, 17869527974971275341 ], 
  [ 3498093302704414582316023, 27358550214856452235701180993761 ], 
  [ 705019892418103, 626434621219803555567409 ], 
  [ 5318614753, 1165989302715144069061859723633 ], 
  [ 85218351801525919, 2447887529934642338490247 ], 
  [ 4103964901, 1179196938027181 ], [ 511954186520816857091 ], 
  [ 11026905641, 12784836600932782628942473 ], 
  [ 25252158284800033507188727489 ], [ 7428409292371762777651 ], 
  [ 56056140172006161864491, 695707493292521728019426771 ],,, 
  [ 28970073101831, 455787170806851540777630903737 ], [ 117267809473 ], 
  [ 3213932401 ],,,, 
  [ 783268736061126374969521, 1428001877988518381780721578713 ], 
  [ 15309488251, 74856450255794356099505500051, 
      255554416615379289596606754039072249931 ],,, 
  [ 73265459149, 15271618963753, 8237592764749074817 ],, 
  [ 106975227315469940131, 6277088124377795394858276039491 ],, 
  [ 3079947473, 694610161222433, 116719234184652885436337, 
      59893498322212814313118468993 ], [ 1773987097016377, 69188759856044693 ]
    , [ 151191044433523, 54402814904373366936049 ],, 
  [ 638094195481, 14804248309154981917 ],,,,,, [ 1192389254809497869 ], 
  [ 6235718528293 ], 
  [ 1065878273167457, 62908334152644933387089, 2263916024074985252948764001426\
5853 ],, [ 1140386696384477222647, 1431841799061240838205887 ],,, 
  [ 159275372233, 19599729776719 ], [ 5209332568179512567905216800193466591 ],
  , [ 248275770073, 2214922042584348529263881524345432328047777 ], 
  [ 1748559779 ], [ 814179428591, 2377055615457679360121 ], 
  [ 497642088867742327591 ], [ 26499059258153, 1417899667629649 ],, 
  [ 20901588619396978550988775093001659 ],, 
  [ 16190356580632522878236006445244766411225074100563580273761841 ], 
  [ 1215606850993039195634803 ], 
  [ 715126679251, 31806767392163977012334081551, 
      4198240385030398306540210719707177 ],, 
  [ 1585585532165473, 223672855725462199661229978743836609 ],, 
  [ 2081752544934635814247 ], [ 12810964281007311721 ], 
  [ 1238520157720196093 ],, [ 401811312553523127540386277449056114351 ],,, 
  [ 326675016379 ],, [ 6480299273551 ], [ 635598203468281 ],, 
  [ 723211541447 ], [ 2530959829343131 ],,, [ 34519693861 ],,, 
  [ 249263027568378451 ], [ 2320468756037 ],, 
  [ 12916052521, 67108722914353, 1166778147041137, 425509843127792619337 ],, 
  [ 2874565587340373891, 150134527463007155952687371 ],, 
  [ 60086289941, 15061382334429293 ],,, [ 89636740742851 ], 
  [ 105854036202641 ],,,, 
  [ 5713760420673121, 1395404228926018621, 95580242411998675019041 ],, 
  [ 25861631251, 384768696859 ], [ 25467102403 ], 
  [ 3625325321, 22056165111041 ],, [ 752980457420227, 341183103176571570157 ],
  , [ 42891574787209434528269 ], [ 6073624621 ], [ 3480756890672335266211 ],,,
  ,,,,, [ 856093580780527, 77780638155815893 ],,,, 
  [ 8360680213, 1242764841101141 ],,,, [ 1698935561, 2438089536601 ],,,, 
  [ 457935229634611, 79049536661247305161 ],, [ 5906845337, 6995724613 ],, 
  [ 26223740617 ],,,,,,,,,, [ 4538353848131041 ],,,, [ 17901991833266833 ],,,
  , [ 5025657343321 ],,,,,, [ 1944458414667091540771 ],,,, [ 1073234864263 ],,
  ,,,,,, [ 3467739251, 144294152782001 ],, 
  [ 1492101151369669, 45461257407430453 ],, [ 140694375203, 1585570393243 ],,,
  , [ 52000608727 ],,,,,, 
  [ 1326148297, 1376612739466273, 500068825374612419135761 ],,,,,,,,,,,,,,,,,
  , [ 29813593091959 ],,,,,, [ 1967787937 ],, [ 345246793361, 2428829595721 ],
  ,,,,,,,,, [ 13407306301 ],,,,,,,, [ 14836848797, 3850520760857 ],,,, 
  [ 3628508209 ],,,,,,,,,,,, [ 14188810501, 837378560446453 ],,,,,, 
  [ 1932588091831 ],,,,,,,,,,,,,,,, [ 8077641456393956017 ],,,, 
  [ 227501741471073301 ],,,, [ 33521148187, 98670592753 ],,,,,, 
  [ 211226735521 ],,,,,,,,,,,,,,,,,, [ 38258035145443, 39853642444279295689 ],
  ,,,,,,,,,,, [ 4381069291, 18896158321, 1947001300921 ],,,,,,,,,,,,,,,,,, 
  [ 7566635238870981073 ],,,,,,,,,,,,,,,,,,,,,,,,,,,,,,,,,,,,,,,,,,,,,,,, 
  [ 2064046489441 ],,,,,, [ 289436148637388737909 ],,,,,,,,,,,,,,,,,,,,,,,,,,,
  ,,,,,,,,,,,,,,,,,,,,, [ 33551742512671 ] ];
