BRENTFACTORS[575]:=[ ,,,,,,,,,,,,,, [ 4666133071 ],,,, [ 5621123059 ],,,, 
  [ 153981456437359251007251961 ],, [ 7932840230820851, 2403045734876510951 ],
  ,,, [ 913467789701 ],, [ 1835702444281, 213106676470563793363219 ],, 
  [ 341965522691578567 ], [ 202906088645645545019 ], 
  [ 13230198734264753885702101 ], [ 8029842841 ], 
  [ 1599263063, 2231104103597, 3321141293279, 112795124007961, 
      153093121139531, 25742068933825183 ], [ 36749010828503 ],, 
  [ 4551863401721 ], [ 29186794270259385630253134785037188510313417497 ],, 
  [ 13585841482217, 4779674782221080526716906560272319 ],, 
  [ 15154147629945341573807587662901 ], [ 12503479237, 1404231542394041 ], 
  [ 8139960551, 132508532279, 93046969883467, 33175934006316620087 ],, 
  [ 3407719708862408471749547191196135355657313 ], [ 37755014051 ], 
  [ 171637498576969, 22723513521228133 ], [ 167313891443869 ], 
  [ 18978833052224800278463787, 13285829202573749653060321257123953 ], 
  [ 40367256661 ], [ 573741742384277721264300181 ], 
  [ 22911288923745831672009552761 ], 
  [ 4898340366643, 25357326696013759006909009 ], 
  [ 147794328467, 64063758769192873 ], [ 17974280263, 13118511531721 ],, 
  [ 2384813503785751 ], [ 826710128399, 4101841940761 ], 
  [ 41389031677561686362721670936425305927893 ], 
  [ 1107608321, 42846730342383462177896839262401 ],,, 
  [ 15490706453311, 1071235887511063, 28332836006200088080523444210483 ], 
  [ 500594259672197 ], 
  [ 56578246897787320117, 1006807910040750525597467876855622050307241 ],, 
  [ 10362438615584353861 ], [ 377369429241601, 9314056427601295801 ], 
  [ 15215861031925457547093721, 155287449579644076726952565441 ], 
  [ 677317318021, 27532428111309481 ], 
  [ 115957068151, 32403795939375499764920161651 ], 
  [ 1460500969, 155442432161, 9017097586381517, 7913759653293725921 ], 
  [ 1939273522033, 16849379087773 ], [ 2626080367 ], 
  [ 22086796301, 283975068560423 ], [ 2932132961, 1035814217201 ], 
  [ 36409585213, 29069948491736989728646021933, 
      2016044085767779369443475172359 ], [ 5104432014293 ], [ 1989775933 ],, 
  [ 44519531831, 492761134871, 747825234941311, 26161973561632939111 ], 
  [ 475544518780801469, 12809787774360548393872094280268459 ], 
  [ 1732995575191 ], [ 262154233001 ], 
  [ 5383650941, 23012529217, 44031726952121 ], [ 59780732315671 ],, 
  [ 265920926419988909233 ], [ 1313409961496977 ], [ 9735178997 ], 
  [ 4931245839301, 1423322062717254290232001, 11177352468440752058702681 ], 
  [ 9158150244017848284193 ],, [ 3192747293, 312398960831833 ], 
  [ 325687115567089 ], 
  [ 198152196301, 7228652856114706801, 38615285299541401601 ], 
  [ 690016295993307443009 ], [ 694338600477202483899490759 ], 
  [ 74537090387506493 ], [ 1280466617 ], 
  [ 5141225960686326334586766361, 166061182680130655210066437861 ], 
  [ 1229688023789739351975529794037, 229432684152864319210502417700770137 ],, 
  [ 35431677613, 125144592949, 71742949379209 ],, 
  [ 1140891181, 19724129701, 278194726591, 2688233219188723471 ],, 
  [ 374987854596697289389455958673, 285822972600170323436477956795390193 ],, 
  [ 80545834472331043821587161849512433114543 ], [ 237419672173361 ],,, 
  [ 420654527646505489 ], 
  [ 294203126183, 3185454679159115581, 9431344454212011343157713 ], 
  [ 39731112618036751054681 ],, [ 11234191393 ], 
  [ 126253035294920868983891557813 ], 
  [ 4012324669, 39226043069, 1033711004929 ], [ 2431116001 ], 
  [ 2410515066961, 107165752320270338022007 ], [ 128901355441179913 ], 
  [ 1273880833, 26070426497 ], 
  [ 10926572944686440830741, 954141767248379902354869451 ], 
  [ 111606916331, 3958557411838926538331 ],, 
  [ 1100713495958523819636826654721965909 ],, [ 212092791217 ],,,, 
  [ 5245479637, 4554175216489981, 10297023443949841, 
      134557532401885302988759025221 ],, [ 47279436940436912821 ],, 
  [ 10858245131 ], [ 131461687501, 2019523065060073 ],,, 
  [ 32306816207234501, 55276587131774867865568469 ], [ 762898548469 ], 
  [ 325127179791613889, 10998664360100515927349 ],, 
  [ 24863675467665037574197084501 ],,,, 
  [ 176772520888657, 2116505592135736957 ],, 
  [ 1847632489834082563873, 34731416467570070009721649, 
      17077472461800125340630792859301429341 ],, [ 63198924003253 ],,,, 
  [ 17702216976030409, 45567634810324124600188381, 
      128126950516802160091274059 ],,, [ 10045632301 ], [ 876747987340017587 ]
   ,,,,,,,, 
  [ 323684356946173, 399241227788300071633, 69781673174838410145643529482909, 
      14691152682565421706705321697480201 ],,, [ 8650100600221 ], 
  [ 16125130361, 18577005175649 ],, [ 12369406896541 ],,, [ 5508225337 ], 
  [ 4218561583949809, 574022470036968385921 ],, 
  [ 2781164637859, 426588642361279, 94761951427201327, 
      1455134088956634970918258453 ],, [ 50403551813, 159788586440901559433 ],
  ,,, [ 30115476289, 1042433727315355777, 343901237096581846849 ],, 
  [ 17175833263 ],, [ 23096102569, 950864731396330360933 ],,,,,, 
  [ 7005342018374463879955639 ],, 
  [ 430414013127387667561, 2087985475167606314297609481697 ],, 
  [ 2319680717, 7377252431 ],, [ 14174346888690475656833 ],, 
  [ 425299596562681 ],,,, [ 3255863494117340591 ],, [ 1276284436549758289 ],,,
  , [ 39627320921 ],,,,, [ 48539712800422801 ], 
  [ 24487679917, 937123454217526723265023 ],,,, 
  [ 1936228739521, 11185302313844671, 742249418612889821, 1016478561476986631,
      58102573848901969323545471, 6757023872829512243471158072771, 
      17063014060885987120709330592604016351217164501321 ], [ 13287852271 ], 
  [ 3953763721, 12199628406397217 ],, [ 3831213800439135631 ],, 
  [ 26713901236777 ],, [ 271808412936649 ],,,,,,,, 
  [ 252113505773482693, 419998079736544675459 ],, [ 367339335257 ], 
  [ 174428486989 ], 
  [ 54246541840741751, 49120650241172850751, 82879183950848485751 ],,,,, 
  [ 494247421411 ],,, [ 545044331664457 ],, [ 15431772721, 1022477352781 ],,,
  , [ 14842321092207407748577 ],,,,,,,,,,,,,,,,,, [ 5033798871457 ],,,, 
  [ 1173458287, 1252608541649609 ],,,, [ 25787969630321, 350532742847228831 ],
  ,,,,,,,,, [ 178575931471968576901 ],,,,,,,,,,,,,,,,,, [ 317631558160753 ],, 
  [ 42134548035521 ],,,,,,,,,, 
  [ 39323912431, 2748487930984874431, 596175724734286081271701 ],, 
  [ 6610878419597846593 ],,,, [ 2680182957575164273 ],,,, [ 676185100383061 ],
  ,,,,,,, [ 4652721909695732641 ],, [ 199230808001, 9826160215901 ],,,,,,,,,,,
  ,,,,, [ 2444445559 ],,,,,, [ 4501978969 ],,,,,, [ 105944446030079954683 ],,,
  ,,, [ 158243205623718913 ],,,,,,,,,,,,,,,,,,,,,,,, [ 496367065969 ],,,,,,,,,
  ,,,,,,,,,,,,,,,,,,,,,,,,,,,,,,,,, [ 1805843352568951, 18376221672004051 ],,,
  ,,,,,,,,, [ 8560176241, 45928287441037 ],,,,,,,,,,,,,,,,,, 
  [ 473643647442241 ] ];
