Revision.2b2c8_65:="@(#)$Id: 2b2c8.65,v 1.1 2000/01/12 15:50:36 ahulpke Exp $";

coh := MakeCohort( 
[ ( 3, 6, 7)( 4, 5,64)( 8,45,14)( 9,54,18)(10,28,29)(11,16,26)(12,32,58)
    (13,62,41)(15,59,21)(17,56,36)(19,39,44)(20,48,34)(22,52,49)(23,47,60)
    (24,63,50)(25,37,40)(30,33,53)(31,42,57)(35,43,38)(46,51,61), 
  ( 1, 2, 3, 4, 5, 6, 7)( 8, 9,10,11,12,13,14)(15,16,17,18,19,20,21)
    (22,23,24,25,26,27,28)(29,30,31,32,33,34,35)(36,37,38,39,40,41,42)
    (43,44,45,46,47,48,49)(50,51,52,53,54,55,56)(57,58,59,60,61,62,63), 
  ( 1,15,64, 8)( 2,22, 6,50)( 3,29, 4,36)( 5,43, 7,57)( 9,39,58,25)
    (10,28,52,14)(11,37,46,51)(12,62,40,27)(13,33,34,19)(16,60,44,18)
    (17,49,24,42)(20,61,41,54)(21,45,56,31)(23,53,30,32)(26,48,47,55)
    (35,59,63,38), ( 1,57)( 2,63)( 3,62)( 4,61)( 5,60)( 6,59)( 7,58)( 8,26)
    ( 9,25)(10,24)(11,23)(12,22)(13,28)(14,27)(15,37)(16,36)(17,42)(18,41)
    (19,40)(20,39)(21,38)(29,52)(30,51)(31,50)(32,56)(33,55)(34,54)(35,53)
    (44,49)(45,48)(46,47)(64,65) ], 1 );
