Revision.a10_126:="@(#)$Id: a10.126,v 1.1 2000/01/12 15:50:36 ahulpke Exp $";

coh := MakeCohort( 
[ ( 57,126)( 58,125)( 59,124)( 60,123)( 61,122)( 62,121)( 63,120)( 64,119)
    ( 65,118)( 66,117)( 67,116)( 68,115)( 69,114)( 70,113)( 71,112)( 72,111)
    ( 73,110)( 74,109)( 75,108)( 76,107)( 77,106)( 78,105)( 79,104)( 80,103)
    ( 81,102)( 82,101)( 83,100)( 84, 99)( 85, 98)( 86, 97)( 87, 96)( 88, 95)
    ( 89, 94)( 90, 93)( 91, 92), (  1,126, 56, 21,  6,122, 53, 19,  5)
    (  2,125, 55, 20,112, 61, 88, 34, 10)(  3,124, 54, 92, 71, 26,108, 44, 14)
    (  4,123, 57, 91, 36, 11,118, 50, 17)(  7,121, 52, 18,113, 47, 95, 69, 25)
    (  8,120, 51, 93, 70, 82, 75, 79, 29)(  9,119, 58, 90, 35,102, 65, 85, 32)
    ( 12,117, 49, 94, 37,101, 40, 99, 39)( 13,116, 59, 89, 72, 81, 30,105, 42)
    ( 15,115, 48, 16,114, 60, 22,111, 46)( 23,110, 45, 96, 68, 83, 31,104, 64)
    ( 24,109, 62, 87, 33,103, 41, 98, 67)( 27,107, 43, 97, 38,100, 66, 84, 74)
    ( 28,106, 63, 86, 73, 80, 76, 78, 77), 
  (  4,  5,  6)(  9, 10, 11)( 13, 14, 15)( 16, 17, 18)( 19, 21, 20)
    ( 24, 25, 26)( 28, 29, 30)( 31, 32, 33)( 34, 36, 35)( 38, 39, 40)
    ( 41, 42, 43)( 44, 46, 45)( 47, 48, 49)( 50, 52, 51)( 53, 55, 54)
    ( 59, 60, 61)( 63, 64, 65)( 66, 67, 68)( 69, 71, 70)( 73, 74, 75)
    ( 76, 77, 78)( 79, 81, 80)( 82, 83, 84)( 85, 87, 86)( 88, 90, 89)
    ( 93, 94, 95)( 96, 97, 98)( 99,101,100)(102,103,104)(105,107,106)
    (108,110,109)(112,113,114)(115,117,116)(118,120,119)(122,124,123) ], 1 );
