Revision.a7_120:="@(#)$Id: a7.120,v 1.1 2000/01/12 15:50:36 ahulpke Exp $";

coh:=MakeCohort(
[(2,3)(4,22)(5,56)(6,61)(7,46)(8,52)(9,71)(10,80)
(11,34)(12,51)(13,31)(14,76)(15,66)(17,118)(18,42)(19,25)
(20,107)(21,70)(23,111)(24,36)(26,83)(27,73)(28,40)(29,97)
(32,99)(33,79)(35,114)(37,43)(38,67)(39,86)(41,113)(44,117)
(45,62)(47,110)(49,93)(50,88)(53,92)(54,95)(55,90)(57,94)
(58,89)(59,91)(60,96)(63,77)(64,104)(65,120)(68,106)(69,82)
(72,112)(74,108)(78,116)(81,105)(85,98)(87,101)(100,119)(102,103),
(2,71,95,53,20,24,5)(3,56,36,107,92,54,9)(4,51,7,80,
67,50,15)(6,61,42,59,16,91,18)(8,52,96,90,75,55,60)
(10,46,12,22,66,88,38)(11,34,117,118,109,17,44)
(13,85,83,77,69,45,64)(14,39,89,25,103,97,72)
(19,58,86,76,112,29,102)(21,35,99,43,27,110,94)
(23,40,48,28,111,113,41)(26,98,31,104,62,82,63)
(30,116,93,120,65,49,78)(32,114,70,57,47,73,37)
(33,115,79,108,100,119,74)(68,101,81,84,105,87,106),
(1,3,2)(4,11,7)(5,12,8)(6,10,9)(13,37,25)
(14,38,26)(15,39,27)(16,40,28)(17,41,29)(18,42,30)
(19,43,31)(20,44,32)(21,45,33)(22,46,34)(23,47,35)
(24,48,36)(49,57,53)(50,55,54)(51,56,52)(58,59,60)
(61,71,80)(62,70,79)(63,77,84)(64,78,85)(65,72,87)
(66,73,86)(67,76,83)(68,74,81)(69,75,82)(88,95,90)
(89,96,91)(92,94,93)(97,113,118)(98,116,104)(99,117,107)
(100,109,119)(101,112,120)(102,115,103)(105,108,106)(110,111,114)],1);
