Revision.a9_280:="@(#)$Id: a9.280,v 1.1 2000/01/12 15:50:36 ahulpke Exp $";

coh:=MakeCohort(
[(4,22)(6,33)(7,34)(8,54)(11,80)(12,61)(14,19)(15,26)
(16,115)(17,40)(18,25)(20,27)(21,28)(23,42)(30,44)(32,46)
(35,39)(36,65)(43,64)(45,94)(49,68)(50,69)(55,78)(56,59)
(60,79)(66,96)(67,97)(70,138)(71,139)(74,104)(75,101)(81,173)
(82,112)(83,118)(84,160)(86,121)(88,238)(89,198)(90,114)(91,158)
(99,141)(102,105)(103,184)(107,259)(108,151)(109,195)(113,128)(116,215)
(117,216)(119,161)(120,162)(122,194)(124,166)(125,167)(127,227)(129,189)
(131,159)(132,200)(133,201)(140,183)(142,185)(143,254)(144,193)(145,232)
(146,225)(147,206)(148,188)(150,233)(152,196)(153,171)(156,245)(157,172)
(164,204)(168,235)(174,230)(176,202)(186,237)(187,226)(191,212)(192,228)
(197,213)(199,214)(203,223)(205,222)(217,263)(219,240)(220,236)(229,234)
(239,250)(241,252)(242,251)(244,258)(246,270)(247,253)(248,277)(255,260)
(256,261)(257,262)(264,268)(265,273)(266,271)(269,276)(272,274)(275,278)
(279,280),(2,3,5)(4,7,6)(8,11,16)(9,13,10)
(12,18,17)(14,21,32)(15,23,36)(19,28,46)(20,30,50)
(22,34,33)(24,38,51)(25,40,61)(26,42,65)(27,44,69)
(29,48,47)(31,52,37)(41,63,95)(43,67,70)(45,71,66)
(54,80,115)(55,82,56)(57,85,100)(58,87,126)(59,78,112)
(60,90,131)(62,93,137)(64,97,138)(73,106,149)(74,105,75)
(76,110,154)(77,111,155)(79,114,159)(81,117,116)(83,120,147)
(84,122,168)(86,125,124)(88,127,156)(89,129,174)(91,133,132)
(92,135,180)(94,139,96)(99,142,187)(101,104,102)(103,146,191)
(107,144,150)(108,152,186)(109,153,197)(113,157,199)(118,162,206)
(119,164,145)(121,167,166)(123,170,209)(128,172,214)(130,175,218)
(134,169,165)(136,182,181)(141,185,226)(143,148,192)(151,196,237)
(158,201,200)(160,194,235)(161,204,232)(163,208,207)(171,213,195)
(173,216,215)(176,220,222)(177,221,210)(178,190,231)(179,224,211)
(184,225,212)(188,228,254)(189,230,198)(193,233,259)(202,236,205)
(203,241,242)(217,248,273)(219,244,269)(223,252,251)(227,245,238)
(229,256,246)(234,261,270)(239,264,262)(240,258,276)(243,267,249)
(247,272,255)(250,268,257)(253,274,260)(263,277,265)(266,278,279)
(271,275,280),(1,2,4)(3,6,9,14,22,35,57,86,52)
(5,8,12,19,29,49,76,23,37)(7,10,15,24,39,60,91,134,179)
(11,17,26,43,68,102,122,169,211)(13,20,31,53,79,61,92,136,183)
(16,25,41,64,98,112,153,180,224)(18,27,45,72,105,129,135,181,159)
(21,33,55,83,121,71,85,124,87)(28,47,74,108,42,66,100,144,189)
(30,51,78,113,158,202,149,125,155)(32,54,81,118,163,97,110,50,77)
(34,56,84,123,139,90,132,177,222)(36,58,88,128,173,217,249,252,126)
(38,59,89,130,176,115,133,178,223)(40,62,94,140,82,119,165,182,114)
(44,70,104,148,194,236,106,150,195)(46,73,107,151,93,138,154,127,171)
(48,75,109,63,96,131,117,161,205)(65,99,143,188,229,248,267,269,230)
(67,101,145,190,220,80,116,160,203)(69,103,147,193,234,162,207,225,152)
(95,141,186,227,253,206,243,268,196)(111,156,198,238,263,259,278,221,251)
(120,166,142)(137,184,199,216,247,273,208,226,174)(146,192,232,258,277,
233,260,204,242)(157,200,239,265,167,191,164,209,185)(168,210,244,172,
215,246,271,241,187)(170,212,197,218,250,214,201,240,266)(175,219,237)
(213,245,270,254,275,264,279,231,257)(228,255,272,280,276,261,235,262,274
)],1);
