Revision.g2c4_416:="@(#)$Id: g2c4.416,v 1.1 2000/01/12 15:50:36 ahulpke Exp $";

coh:=MakeCohort(
[(9,33)(10,36)(11,25)(12,24)(13,46)(14,15)(16,37)(17,42)
(18,31)(19,20)(21,30)(22,23)(34,38)(39,43)(40,98)(44,48)
(45,114)(49,68)(50,76)(51,75)(52,54)(53,79)(55,58)(56,70)
(57,77)(59,63)(60,116)(61,115)(62,129)(64,65)(66,67)(69,117)
(71,73)(86,87)(88,130)(89,90)(91,96)(92,126)(93,125)(94,124)
(95,123)(97,131)(99,135)(100,142)(101,102)(103,149)(104,105)(106,111)
(107,157)(108,158)(109,159)(110,162)(112,152)(113,148)(119,120)(121,127)
(122,128)(132,147)(133,146)(134,136)(137,172)(138,171)(139,140)(141,143)
(150,196)(151,193)(153,154)(155,163)(156,164)(160,169)(161,170)(165,166)
(167,168)(175,177)(176,178)(179,181)(180,182)(183,184)(185,204)(186,212)
(187,208)(188,218)(189,209)(190,217)(191,192)(194,195)(197,235)(198,236)
(199,201)(200,202)(203,214)(205,216)(206,297)(207,298)(210,299)(211,300)
(213,215)(219,237)(220,238)(221,323)(222,367)(223,369)(224,368)(225,246)
(226,341)(227,336)(228,335)(229,340)(230,245)(231,244)(232,243)(233,316)
(234,315)(239,313)(240,370)(241,366)(242,365)(247,324)(248,314)(249,250)
(251,384)(252,386)(253,363)(254,371)(255,284)(256,285)(257,286)(258,287)
(259,394)(260,395)(261,351)(262,350)(263,276)(264,277)(265,278)(266,279)
(267,385)(268,383)(269,303)(270,271)(272,392)(273,396)(274,352)(275,377)
(280,390)(281,389)(282,362)(283,361)(288,393)(289,391)(290,302)(291,292)
(293,296)(294,295)(301,304)(305,373)(306,372)(307,412)(308,411)(309,379)
(310,378)(311,402)(312,401)(317,343)(318,344)(319,354)(320,388)(321,387)
(322,353)(325,355)(326,398)(327,397)(328,364)(329,338)(330,331)(332,404)
(333,406)(334,405)(337,342)(339,403)(345,376)(346,358)(347,357)(348,414)
(349,409)(356,382)(359,415)(360,399)(374,400)(375,416)(380,410)(381,413),
(6,19)(7,18)(8,9)(13,14)(15,16)(23,28)(24,27)(25,26)
(29,30)(32,34)(35,40)(36,41)(37,46)(42,47)(43,80)(48,78)
(49,63)(54,74)(55,59)(58,68)(60,64)(61,65)(62,66)(67,69)
(70,72)(73,85)(75,82)(76,81)(77,84)(79,83)(86,97)(87,88)
(89,94)(90,93)(91,92)(95,96)(100,113)(101,112)(102,103)(104,109)
(105,108)(106,107)(110,111)(114,118)(115,116)(117,129)(119,128)(120,121)
(122,127)(123,126)(124,125)(130,131)(132,134)(133,136)(135,144)(140,145)
(141,148)(142,143)(146,147)(149,152)(150,165)(151,166)(153,164)(154,155)
(156,163)(157,162)(158,159)(160,161)(167,169)(168,170)(171,174)(172,173)
(175,191)(176,192)(177,178)(179,189)(180,190)(181,187)(182,188)(183,185)
(184,186)(193,196)(194,198)(195,197)(199,210)(200,211)(201,207)(202,206)
(203,205)(204,212)(208,209)(213,214)(215,216)(217,218)(219,234)(220,221)
(222,231)(223,230)(224,225)(226,227)(228,229)(232,233)(235,236)(237,248)
(238,239)(240,245)(241,244)(242,243)(246,247)(249,268)(250,251)(252,265)
(253,264)(254,255)(256,261)(257,260)(258,259)(262,263)(266,267)(269,290)
(270,289)(271,272)(273,286)(274,285)(275,276)(277,282)(278,281)(279,280)
(283,284)(287,288)(291,294)(292,293)(295,296)(297,300)(298,299)(301,302)
(303,304)(305,312)(306,307)(308,309)(310,311)(313,323)(314,315)(316,365)
(317,325)(318,319)(320,322)(321,353)(324,368)(326,328)(327,364)(329,340)
(330,339)(331,332)(335,338)(336,337)(341,342)(343,382)(344,345)(346,348)
(347,381)(349,378)(350,377)(351,352)(354,376)(355,356)(357,359)(358,375)
(360,372)(361,371)(362,363)(366,367)(369,370)(373,374)(379,380)(383,384)
(385,390)(386,389)(387,388)(391,392)(393,394)(395,396)(397,398)(399,412)
(400,401)(402,409)(403,404)(405,407)(406,408)(410,411)(413,415)(414,416),
(5,6)(9,10)(11,16)(12,13)(17,18)(21,30)(22,23)(24,46)
(25,37)(26,27)(31,42)(33,36)(34,39)(38,43)(40,45)(44,49)
(48,68)(50,61)(51,60)(52,55)(53,69)(54,58)(56,70)(57,62)
(71,73)(74,78)(75,116)(76,115)(77,129)(79,117)(81,82)(83,84)
(86,134)(87,136)(88,89)(90,130)(91,131)(92,93)(94,133)(95,132)
(96,97)(98,114)(99,100)(101,168)(102,167)(103,104)(105,149)(106,152)
(107,108)(109,169)(110,170)(111,112)(119,120)(121,122)(123,147)(124,146)
(125,126)(127,128)(135,142)(137,151)(138,150)(139,141)(140,143)(144,145)
(153,154)(155,156)(157,158)(159,160)(161,162)(163,164)(171,196)(172,193)
(173,174)(175,182)(176,181)(177,180)(178,179)(183,192)(184,191)(185,187)
(186,188)(189,190)(194,269)(195,303)(197,199)(198,200)(201,235)(202,236)
(203,214)(204,208)(205,215)(206,207)(209,217)(210,304)(211,290)(212,218)
(213,216)(219,337)(220,338)(221,222)(223,241)(224,242)(225,226)(227,243)
(228,244)(229,230)(231,335)(232,336)(233,234)(237,342)(238,329)(239,240)
(245,340)(246,341)(247,248)(249,353)(250,322)(251,252)(253,352)(254,377)
(255,256)(257,398)(258,397)(259,260)(261,350)(262,351)(263,264)(265,320)
(266,321)(267,268)(270,364)(271,328)(272,273)(274,363)(275,371)(276,277)
(278,388)(279,387)(280,281)(282,361)(283,362)(284,285)(286,326)(287,327)
(288,289)(291,292)(293,295)(294,296)(297,298)(299,301)(300,302)(305,319)
(306,325)(307,308)(309,317)(310,318)(311,312)(313,370)(314,324)(315,316)
(323,367)(332,333)(334,339)(343,379)(344,378)(345,346)(347,382)(348,349)
(354,373)(355,372)(356,357)(358,376)(359,360)(365,368)(366,369)(374,375)
(380,381)(383,385)(384,386)(389,390)(391,393)(392,396)(394,395)(399,415)
(400,416)(401,402)(403,405)(404,406)(407,408)(409,414)(410,413)(411,412),
(4,5)(6,7)(10,11)(12,22)(13,14)(15,46)(16,37)(17,21)
(18,19)(20,31)(23,24)(25,36)(26,41)(27,28)(29,47)(30,42)
(39,44)(43,48)(45,53)(49,68)(52,56)(54,70)(55,59)(57,71)
(58,63)(60,130)(61,86)(62,66)(64,131)(65,97)(67,129)(69,117)
(72,74)(73,77)(78,80)(79,114)(83,118)(84,85)(87,115)(88,116)
(89,90)(91,120)(92,121)(93,94)(95,128)(96,119)(100,101)(102,142)
(103,143)(104,105)(106,153)(107,164)(108,109)(110,155)(111,154)(112,113)
(122,123)(124,125)(126,127)(132,133)(134,136)(141,149)(146,147)(148,152)
(150,176)(151,175)(156,157)(158,159)(160,161)(162,163)(165,192)(166,191)
(167,168)(169,170)(177,193)(178,196)(179,181)(180,182)(183,203)(184,214)
(185,205)(186,213)(187,189)(188,190)(199,250)(200,219)(201,249)(202,237)
(204,216)(206,248)(207,268)(208,209)(210,251)(211,234)(212,215)(217,218)
(220,292)(221,293)(222,223)(224,344)(225,345)(226,227)(228,404)(229,403)
(230,231)(232,382)(233,343)(238,291)(239,294)(240,241)(242,355)(243,356)
(244,245)(246,376)(247,354)(252,253)(254,306)(255,307)(256,257)(258,411)
(259,410)(260,261)(262,409)(263,402)(264,265)(266,312)(267,305)(269,270)
(271,303)(272,304)(273,274)(275,310)(276,311)(277,278)(279,401)(280,400)
(281,282)(283,399)(284,412)(285,286)(287,308)(288,309)(289,290)(295,313)
(296,323)(297,314)(298,383)(299,384)(300,315)(301,392)(302,391)(316,317)
(318,368)(319,324)(320,321)(322,353)(325,365)(326,327)(328,364)(329,330)
(331,338)(332,335)(333,334)(336,341)(337,342)(339,340)(346,347)(348,381)
(349,350)(351,395)(352,396)(357,358)(359,375)(360,361)(362,389)(363,386)
(366,370)(367,369)(371,372)(373,385)(374,390)(377,378)(379,393)(380,394)
(387,388)(397,398)(405,406)(407,408)(413,414)(415,416),
(3,4)(7,8)(9,18)(10,17)(11,12)(13,16)(14,15)(21,22)
(23,30)(24,25)(26,27)(28,29)(31,33)(36,42)(37,46)(41,47)
(44,50)(48,76)(49,61)(51,52)(53,99)(54,75)(55,60)(57,139)
(58,116)(59,64)(62,141)(63,65)(66,148)(67,113)(68,115)(69,100)
(74,82)(77,140)(78,81)(79,135)(83,144)(84,145)(86,87)(88,97)
(89,96)(90,91)(92,93)(94,95)(101,102)(103,112)(104,111)(105,106)
(107,108)(109,110)(117,142)(119,120)(121,128)(122,127)(123,124)(125,126)
(129,143)(130,131)(132,133)(134,136)(146,147)(149,152)(153,154)(155,164)
(156,163)(157,158)(159,162)(160,161)(167,168)(169,170)(175,194)(176,235)
(177,195)(178,197)(179,199)(180,303)(181,201)(182,269)(183,202)(184,200)
(185,206)(186,211)(187,207)(188,290)(189,210)(190,304)(191,198)(192,236)
(203,291)(204,297)(205,294)(208,298)(209,299)(212,300)(213,293)(214,292)
(215,296)(216,295)(217,301)(218,302)(219,220)(221,234)(222,233)(223,224)
(225,230)(226,229)(227,228)(231,232)(237,238)(239,248)(240,247)(241,242)
(243,244)(245,246)(249,250)(251,268)(252,267)(253,254)(255,264)(256,263)
(257,258)(259,260)(261,262)(265,266)(270,271)(272,289)(273,288)(274,275)
(276,285)(277,284)(278,279)(280,281)(282,283)(286,287)(305,306)(307,312)
(308,311)(309,310)(313,314)(315,323)(316,367)(317,318)(319,325)(320,321)
(322,353)(324,370)(326,327)(328,364)(329,342)(330,331)(332,339)(333,334)
(335,336)(337,338)(340,341)(343,344)(345,382)(346,347)(348,381)(349,380)
(350,351)(352,377)(354,355)(356,376)(357,358)(359,375)(360,374)(361,362)
(363,371)(365,366)(368,369)(372,373)(378,379)(383,384)(385,386)(387,388)
(389,390)(391,392)(393,396)(394,395)(397,398)(399,400)(401,412)(402,411)
(403,404)(405,406)(407,408)(409,410)(413,414)(415,416),
(2,3)(8,32)(9,34)(10,39)(11,44)(12,52)(13,55)(14,59)
(15,63)(16,49)(22,56)(23,70)(24,54)(25,48)(26,78)(27,74)
(28,72)(33,38)(36,43)(37,68)(41,80)(46,58)(50,51)(60,61)
(64,65)(75,76)(81,82)(86,130)(87,88)(89,136)(90,134)(91,96)
(92,95)(93,132)(94,133)(97,131)(99,137)(100,151)(101,175)(102,177)
(103,178)(104,179)(105,181)(106,183)(107,185)(108,187)(109,189)(110,186)
(111,184)(112,191)(113,166)(115,116)(119,120)(121,128)(122,127)(123,126)
(124,146)(125,147)(135,172)(138,139)(140,171)(141,150)(142,193)(143,196)
(144,173)(145,174)(148,165)(149,176)(152,192)(153,203)(154,214)(155,213)
(156,216)(157,204)(158,208)(159,209)(160,217)(161,218)(162,212)(163,215)
(164,205)(167,180)(168,182)(169,190)(170,188)(194,195)(197,198)(199,200)
(201,202)(206,207)(210,211)(219,250)(220,238)(221,239)(222,240)(223,241)
(224,280)(225,279)(226,387)(227,388)(228,229)(230,244)(231,245)(232,265)
(233,252)(234,251)(235,236)(237,249)(242,281)(243,278)(246,266)(247,267)
(248,268)(253,343)(254,399)(255,412)(256,411)(257,258)(259,260)(261,410)
(262,381)(263,347)(264,382)(269,303)(270,271)(272,289)(273,288)(274,309)
(275,359)(276,357)(277,356)(282,355)(283,306)(284,307)(285,308)(286,287)
(290,304)(291,292)(293,294)(295,296)(297,298)(299,300)(301,302)(305,354)
(310,375)(311,358)(312,376)(313,323)(314,383)(315,384)(316,386)(317,363)
(318,374)(319,373)(320,336)(321,341)(322,337)(324,385)(325,362)(326,327)
(328,364)(329,338)(330,331)(332,339)(333,334)(335,340)(342,353)(344,400)
(345,401)(346,402)(348,409)(349,414)(350,413)(351,380)(352,379)(360,371)
(361,372)(365,389)(366,369)(367,370)(368,390)(377,415)(378,416)(391,392)
(393,396)(394,395)(397,398)(403,404)(405,406)(407,408),
(1,2)(32,35)(34,40)(38,98)(39,45)(43,114)(44,53)(48,79)
(49,69)(50,99)(51,139)(52,57)(54,77)(55,62)(56,71)(58,129)
(59,66)(60,141)(61,100)(63,67)(64,148)(65,113)(68,117)(70,73)
(72,85)(74,84)(75,140)(76,135)(78,83)(80,118)(81,144)(82,145)
(86,101)(87,102)(88,103)(89,104)(90,105)(91,106)(92,107)(93,108)
(94,109)(95,110)(96,111)(97,112)(115,142)(116,143)(119,154)(120,153)
(121,164)(122,163)(123,162)(124,159)(125,158)(126,157)(127,156)(128,155)
(130,149)(131,152)(132,170)(133,169)(134,168)(136,167)(137,138)(146,160)
(147,161)(150,151)(165,166)(171,172)(173,174)(175,176)(177,178)(179,180)
(181,182)(183,184)(185,186)(187,188)(189,190)(191,192)(193,196)(194,235)
(195,197)(198,236)(199,303)(200,202)(201,269)(203,214)(204,212)(205,213)
(206,211)(207,290)(208,218)(209,217)(210,304)(215,216)(219,237)(220,238)
(221,239)(222,240)(223,241)(224,242)(225,243)(226,227)(228,229)(230,244)
(231,245)(232,246)(233,247)(234,248)(249,270)(250,271)(251,272)(252,273)
(253,274)(254,275)(255,276)(256,277)(257,278)(258,279)(259,280)(260,281)
(261,282)(262,283)(263,284)(264,285)(265,286)(266,287)(267,288)(268,289)
(291,292)(293,294)(295,296)(297,300)(298,302)(299,301)(305,309)(306,310)
(307,311)(308,312)(313,323)(314,315)(316,324)(317,319)(318,325)(320,326)
(321,327)(322,328)(329,338)(330,331)(332,339)(333,334)(335,340)(336,341)
(337,342)(343,354)(344,355)(345,356)(346,357)(347,358)(348,359)(349,360)
(350,361)(351,362)(352,363)(353,364)(365,368)(366,369)(367,370)(371,377)
(372,378)(373,379)(374,380)(375,381)(376,382)(383,391)(384,392)(385,393)
(386,396)(387,397)(388,398)(389,395)(390,394)(399,409)(400,410)(401,411)
(402,412)(403,404)(405,406)(407,408)(413,416)(414,415)],0);
