Revision.hs_100:="@(#)$Id: hs.100,v 1.1 2000/01/12 15:50:36 ahulpke Exp $";

coh:=MakeCohort(
[(6,11)(9,17)(10,18)(14,26)(15,28)(16,30)(21,27)(24,37)
(25,39)(29,40)(31,35)(36,41)(38,47)(42,44)(45,48)(46,59)
(49,62)(50,54)(51,57)(53,61)(55,58)(56,70)(60,72)(63,67)
(64,73)(65,74)(66,68)(69,81)(71,82)(75,79)(76,83)(77,84)
(78,80)(86,88)(99,100),(2,3)(6,9)(8,13)(10,14)(11,17)
(12,19)(15,27)(16,24)(18,26)(20,32)(21,28)(25,35)(29,40)
(30,37)(31,39)(36,41)(38,44)(42,47)(45,48)(46,56)(49,60)
(50,54)(51,63)(53,64)(55,66)(57,67)(58,68)(59,70)(61,73)
(62,72)(65,76)(69,81)(74,83)(75,79)(78,80)(89,92)(91,95)
(94,97)(96,98)(99,100),(3,4)(5,6)(7,10)(8,11)(12,18)
(13,21)(16,24)(17,28)(19,31)(20,33)(22,27)(23,35)(26,39)
(29,36)(30,41)(37,40)(38,46)(42,49)(43,51)(44,53)(45,55)
(47,58)(48,59)(50,61)(52,57)(54,62)(56,64)(60,68)(66,70)
(69,71)(72,73)(75,79)(76,85)(77,80)(83,87)(86,89)(88,91)
(94,96)(97,99)(98,100),(4,5)(6,9)(10,16)(11,17)(12,20)
(14,24)(15,28)(18,30)(19,32)(21,27)(22,34)(25,38)(26,37)
(29,40)(31,42)(33,43)(35,44)(36,45)(39,47)(41,48)(46,57)
(50,54)(51,59)(53,65)(55,58)(56,67)(61,74)(63,70)(64,76)
(66,68)(69,79)(73,83)(75,81)(77,86)(78,80)(84,88)(87,90)
(91,94)(95,97)(99,100),(5,8)(6,11)(7,12)(9,15)(10,18)
(13,22)(14,25)(16,29)(17,28)(19,23)(21,27)(24,36)(26,39)
(30,40)(31,35)(37,41)(38,45)(42,50)(43,52)(44,54)(46,55)
(47,48)(49,61)(51,57)(53,62)(56,60)(58,59)(64,68)(66,73)
(69,71)(70,72)(76,83)(77,80)(78,84)(81,82)(85,87)(86,88)
(89,91)(97,98)(99,100),(1,2)(6,10)(9,16)(11,18)(13,23)
(14,24)(15,29)(17,30)(19,22)(21,27)(25,36)(26,37)(28,40)
(31,35)(32,34)(38,45)(39,41)(42,44)(46,59)(47,48)(50,54)
(51,57)(55,58)(56,69)(60,71)(63,75)(64,77)(66,78)(67,79)
(68,80)(70,81)(72,82)(73,84)(76,86)(83,88)(85,89)(87,91)
(90,94)(93,96)(99,100)],1);
