Revision.l2c25_65:="@(#)$Id: l2c25.65,v 1.1 2000/01/12 15:50:37 ahulpke Exp $";

coh:=MakeCohort(
[(4,16)(5,17)(6,21)(7,20)(8,24)(9,23)(10,26)(11,18)(12,19)(13,27)
(14,25)(15,22)(28,38)(29,39)(30,48)(31,47)(32,51)(35,50)(36,46)(37,49)
(42,56)(43,57)(44,52)(45,58)(54,63)(55,65)(60,61),
(1,9,8)(2,15,3,11,10,12,6,14,7,5,13,4)(16,44,17,38,42,39,30,45,31,
41,43,40)(18,22,49,48,46,36,19,37,57,47,56,25)(20,23,61,34,21,62,29,33,
63,24,28,65)(26,60,35,50,54,58,32,53,27,52,64,51)(55,59),
(2,16,9)(3,17,8)(4,18,38)(5,19,39)(6,20,40)(7,21,41)(10,22,42)
(11,23,31)(12,24,30)(13,25,43)(14,26,44)(15,27,45)(28,33,47)(29,34,48)
(32,46,56)(35,49,57)(36,50,52)(37,51,58)(53,63,59)(55,62,60)(61,64,65)],
1);
