Revision.l2c23_276:="@(#)$Id: l2c23.276,v 1.1 2000/01/12 15:50:37 ahulpke Exp $";

coh:=MakeCohort(
[(2,4,9,23,22,19,20,18,14,12,15,13,16,8,10,21,6,17,
5,11,3,7)(24,29,35,26,45,27,44,32,25,40,34,43,36,41,
33,37,30,39,28,38,31,42)(46,102,67,109,124,156,62,105,83,177,
138,203,197,258,157,235,222,255,262,110,166,152)(47,79,68,135,125,195,
186,214,212,232,270,274,276,169,167,229,228,253,113,122,154,58)
(48,88,69,144,57,91,78,179,134,206,194,260,216,238,171,271,231,252,
159,112,223,141)(49,103,70,178,126,204,187,251,219,118,244,146,60,95,
81,173,136,199,196,115,218,153)(50,99,71,180,127,207,188,164,211,226,
254,263,117,243,151,59,100,80,181,120,208,150)(51,96,72,185,128,160,
189,224,215,240,121,242,149,54,98,75,184,131,210,111,241,147)
(52,94,73,175,129,201,190,237,221,234,267,275,162,272,165,250,227,108,
246,114,64,92)(53,101,74,183,130,209,191,261,217,239,268,163,273,225,
158,264,116,245,142,63,89,84)(55,87,76,176,132,202,192,257,213,170,
269,230,249,266,123,248,155,66,104,86,172,140)(56,93,77,168,133,205,
193,259,119,236,145)(61,97,82,174,137,200,161,256,220,233,265,107,247,
143,65,90,85,182,139,106,198,148),
(2,9,22,20,14,15,16,10,6,5,3)(4,23,19,18,12,13,8,
21,17,11,7)(24,35,45,44,25,34,36,33,30,28,31)
(26,27,32,40,43,41,37,39,38,42,29)(46,67,124,62,83,138,197,
157,222,262,166)(47,68,125,186,212,270,276,167,228,113,154)
(48,69,57,78,134,194,216,171,231,159,223)(49,70,126,187,219,244,60,
81,136,196,218)(50,71,127,188,211,254,117,151,100,181,208)
(51,72,128,189,215,121,149,98,184,210,241)(52,73,129,190,221,267,162,
165,227,246,64)(53,74,130,191,217,268,273,158,116,142,89)
(54,75,131,111,147,96,185,160,224,240,242)(55,76,132,192,213,269,249,
123,155,104,172)(56,77,133,193,119,145,93,168,205,259,236)
(58,79,135,195,214,232,274,169,229,253,122)(59,80,120,150,99,180,207,
164,226,263,243)(61,82,137,161,220,265,247,65,85,139,198)
(63,84,101,183,209,261,239,163,225,264,245)(66,86,140,87,176,202,257,
170,230,266,248)(88,144,91,179,206,260,238,271,252,112,141)
(90,182,106,148,97,174,200,256,233,107,143)(92,94,175,201,237,234,275,
272,250,108,114)(95,173,199,115,153,103,178,204,251,118,146)
(102,109,156,105,177,203,258,235,255,110,152),
(1,8,24)(2,62,25)(3,186,26)(4,78,27)(5,187,28)
(6,188,29)(7,189,30)(9,190,31)(10,191,32)(11,111,33)
(12,192,34)(13,193,35)(14,194,36)(15,195,37)(16,150,38)
(17,196,39)(18,161,40)(19,197,41)(20,183,42)(21,129,43)
(22,198,44)(23,87,45)(46,81,271)(47,171,264)(48,98,269)
(49,159,90)(50,170,272)(51,169,256)(52,163,229)(53,160,152)
(54,164,235)(55,151,173)(56,165,75)(57,158,211)(58,168,204)
(59,65,167)(60,123,248)(61,126,250)(63,166,273)(64,162,112)
(66,157,133)(67,103,222)(68,203,155)(69,274,116)(70,107,223)
(71,275,224)(72,230,85)(73,255,220)(74,146,184)(76,234,225)
(77,260,226)(79,270,227)(80,217,136)(82,263,100)(83,127,228)
(84,174,205)(86,242,231)(88,244,262)(89,267,113)(91,145,181)
(92,180,210)(93,121,246)(94,202,142)(95,261,240)(96,265,104)
(97,268,259)(99,138,253)(101,254,219)(102,221,139)(105,232,266)
(106,154,185)(108,218,137)(109,208,149)(110,241,239)(114,172,207)
(115,236,276)(117,122,247)(118,243,257)(119,124,249)(120,245,216)
(125,141,176)(128,251,212)(130,233,213)(131,215,134)(132,252,214)
(135,199,147)(140,182,209)(143,179,206)(144,175,156)(148,177,200)
(153,178,201)(237,238,258)],1);
