Revision.l2c31_496:="@(#)$Id: l2c31.496,v 1.1 2000/01/12 15:50:37 ahulpke Exp $";

coh:=MakeCohort(
[(2,4,6,24,13,11)(3,7,10,23,21,19)(5,12,17,27,29,28)
(8,20,25,9,31,18)(14,16,30,15,22,26)(32,56,33,36,42,46
)(34,61,49,38,54,48)(35,53,50,51,44,47)(37,40,39,57,52,
59)(41,58,60,45,43,55)(62,381,356,233,142,170)(63,345,447,141,
293,157)(64,161,77,226,438,171)(65,98,427,228,374,167)
(66,444,230,224,158,75)(67,325,443,236,399,146)(68,277,110,227,433,163
)(69,434,164)(70,457,129,221,441,162)(71,456,363,240,285,91)
(72,296,451,229,348,149)(73,192,448,238,249,168)(74,328,186,232,413,165
)(76,370,445,235,114,169)(78,199,320,243,436,166)(79,455,406,231,432,
155)(80,452,450,241,437,148)(81,453,268,100,423,153)(82,127,302,234,
379,160)(83,458,332,176,440,151)(84,460,219,225,435,147)
(85,259,442,237,188,159)(86,454,384,223,431,136)(87,425,446,239,439,154
)(88,459,394,222,220,150)(89,396,449,206,316,156)(90,414,258,242,329,
152)(92,278,105,369,482,286)(93,179,480,366,262,282)(94,424,362,364,
275,103)(95,295,483,361,358,266)(96,326,190,367,418,244)(97,428,279)
(99,417,248,376,341,172)(101,307,485,373,393,283)(102,200,317,365,469,280
)(104,257,484,334,194,284)(106,133,305,372,382,281)(107,426,474,375,462,
213)(108,421,388,351,490,138)(109,422,335,181,476,272)(111,429,205,322,
491,270)(112,430,139,287,492,267)(113,401,465,198,311,276)
(115,419,411,246,493,273)(116,391,346,371,144,269)(117,355,486,132,290,274
)(118,420,392,368,201,271)(119,292,475,380,357,215)(120,299,196,389,359,
254)(121,294,203,319,349,471)(122,300,383,344,350,131)(123,306,412,261,
360,343)(124,304,354,385,126,291)(125,297,495,378,353,467)
(128,187,479,390,264,487)(130,288,464,218,314,488)(134,202,323,377,352,398
)(135,289,402,387,216,310)(137,263,494,331,191,477)(140,303,489)
(143,298,333,193,347,415)(145,301,251,386,327,182)(173,338,185,256,416,255
)(174,308,407,252,403,339)(175,410,247,250,337,183)(177,197,313,253,470,
340)(178,481,336)(180,473,400,265,217,309)(184,405,409,208,321,330)
(189,463,210,260,496,342)(195,478,408,245,468,209)(204,318,472,395,404,212
)(207,324,214,315,397,461)(211,312,466),
(2,22,31,29,21,13,30,25,17,10,6,14,8,5,3)
(4,26,18,28,19,11,15,9,27,23,24,16,20,12,7)
(32,60,39,47,34,42,41,37,51,54,33,43,52,53,49)
(35,61,46,58,40,44,48,36,55,59,50,38,56,45,57)
(62,91,172,309,202,142,240,376,265,398,356,456,417,473,377)
(63,87,115,195,297,293,439,493,468,467,447,446,411,408,378)
(64,92,173,324,291,438,482,416,461,385,77,105,185,315,304)
(65,93,174,119,221,374,262,403,357,457,427,480,407,475,162)
(66,94,175,318,300,158,275,337,212,131,230,362,247,395,344)
(67,95,176,322,263,399,358,458,429,477,443,483,151,270,331)
(68,96,177,310,302,433,418,470,387,82,110,190,313,289,379)
(69,97,178,312,303,434,428,481,466,489,164,279,336,211,140)
(70,98,179,308,292,441,167,282,339,215,129,228,366,252,380)
(71,99,180,323,170,285,341,217,134,233,363,248,400,352,381)
(72,100,181,260,288,348,453,422,463,488,451,153,272,342,218)
(73,101,123,225,287,249,393,360,460,430,448,485,412,147,267)
(74,102,182,320,305,413,469,386,78,106,186,317,301,436,382)
(75,103,183,204,122,224,364,250,404,350,444,424,410,472,383)
(76,104,184,319,86,114,194,321,294,431,445,484,409,471,384)
(79,107,187,316,290,432,462,487,449,486,406,474,390,89,117)
(80,108,188,311,298,437,490,442,465,415,450,388,85,113,193)
(81,109,189,314,296,423,476,496,464,149,268,335,210,130,229)
(83,111,191,325,295,440,491,494,146,266,332,205,137,236,361)
(84,112,192,307,306,435,492,168,283,343,219,139,238,373,261)
(88,116,152,271,299,220,144,242,368,254,394,346,414,420,389)
(90,118,196,150,269,329,201,120,222,371,258,392,359,459,391)
(121,223,370,257,405,349,454,169,284,330,203,136,235,334,208)
(124,171,286,255,207,126,226,369,256,397,354,161,278,338,214)
(125,141,239,246,245,353,345,425,419,478,495,157,154,273,209)
(127,227,367,253,402,160,277,326,197,135,234,163,244,340,216)
(128,206,132,231,375,264,396,355,455,426,479,156,274,155,213)
(133,232,365,251,166,281,328,200,145,243,372,165,280,327,199)
(138,237,198,143,241,351,259,401,347,452,421,159,276,333,148),
(1,22,32)(2,172,33)(3,266,34)(4,267,35)(5,138,36)
(6,268,37)(7,269,38)(8,270,39)(9,271,40)(10,272,41)
(11,273,42)(12,213,43)(13,274,44)(14,154,45)(15,275,46)
(16,276,47)(17,277,48)(18,278,49)(19,65,50)(20,244,51)
(21,279,52)(23,235,53)(24,280,54)(25,281,55)(26,103,56)
(27,282,57)(28,283,58)(29,284,59)(30,285,60)(31,286,61)
(62,385,221)(63,304,86)(64,331,287)(66,384,288)(67,389,289)
(68,382,290)(69,383,291)(70,390,263)(71,162,187)(72,388,292)
(73,361,293)(74,319,294)(75,193,295)(76,377,122)(77,380,296)
(78,386,297)(79,391,170)(80,387,298)(81,379,299)(82,229,300)
(83,344,301)(84,381,302)(85,261,303)(87,117,108)(88,140,305)
(89,218,306)(90,378,202)(91,115,94)(93,97,114)(95,105,118)
(96,107,102)(98,110,111)(99,113,101)(100,116,106)(104,109,112)
(119,465,496)(120,317,466)(121,456,443)(123,424,156)(124,486,243)
(125,480,472)(126,411,253)(127,446,397)(128,362,435)(129,392,452)
(130,205,478)(131,228,495)(132,433,330)(133,153,180)(134,484,318)
(135,139,485)(136,190,426)(137,248,349)(141,483,488)(142,335,365)
(143,346,407)(144,482,491)(145,474,214)(146,173,307)(147,174,419)
(148,175,420)(149,176,421)(150,177,422)(151,178,355)(152,179,169)
(155,181,423)(157,182,227)(158,183,369)(159,184,200)(160,185,257)
(161,186,401)(163,188,326)(164,189,425)(165,191,417)(166,192,427)
(167,194,428)(168,195,429)(171,196,430)(197,473,211)(198,440,342)
(199,448,395)(201,476,469)(203,477,236)(204,463,470)(206,479,471)
(207,455,450)(208,347,408)(209,367,436)(210,256,352)(212,481,315)
(215,232,475)(216,410,252)(217,308,461)(219,405,459)(220,338,373)
(222,494,310)(223,412,254)(224,333,371)(225,464,487)(226,451,398)
(230,402,457)(231,354,415)(233,234,489)(237,372,431)(238,251,350)
(239,441,343)(240,492,490)(241,454,447)(242,323,467)(245,345,406)
(246,348,336)(247,264,359)(249,327,366)(250,314,409)(255,351,413)
(258,353,414)(259,356,400)(260,357,416)(262,358,418)(265,360,313)
(309,368,432)(311,462,493)(312,460,442)(316,339,376)(320,404,458)
(321,324,468)(322,437,337)(325,449,403)(328,363,399)(329,334,374)
(332,375,434)(340,370,438)(341,364,439)(393,453,445)(394,396,444)],1);
