Revision.l2c49_980:="@(#)$Id: l2c49.980,v 1.1 2000/01/12 15:50:37 ahulpke Exp $";

coh:=MakeCohort(
[(3,80,84,275)(4,144,540,198)(5,581,653,94)(6,587,892,95)
(7,492,81,310)(8,148,186,229)(9,572,128,230)(10,605,26,376)
(11,419,248,343)(12,132,532,190)(13,442,744,176)(14,479,871,314)
(15,594,315,327)(16,129,397,328)(17,372,517,359)(18,32,404,282)
(19,278,100,126)(20,256,474,127)(21,520,686,169)(22,564,771,258)
(23,500,58,115)(24,85,138,34)(25,199,334,485)(27,78,293,117)
(28,47,281,562)(29,142,472,788)(30,496,633,855)(31,405,636,268)
(33,139)(35,134,55,502)(36,221,627,835)(37,431,927,647)
(38,455,260,73)(39,223,429,74)(40,593,950,215)(41,592,756,123)
(42,614,119,569)(43,202,394,893)(44,511,741,906)(45,424,706,120)
(46,551,244,509)(48,319,411,819)(49,550,911,837)(50,568,959,832)
(51,488,711,131)(52,487,753,760)(53,529,324,589)(54,528,759,809)
(56,619,175,631)(57,88,413,852)(59,545,746,137)(60,420,749,90)
(61,438,656,111)(62,437,722,110)(63,603,899,715)(64,591,783,762)
(65,464,944,787)(66,471,263,69)(67,298,433,70)(68,141,473,708)
(71,193,470,703)(72,114,469,946)(75,220,468,752)(76,92,467,898)
(77,93,439,367)(79,185)(82,166,475,740)(83,167,415,917)
(86,217,156,265)(87,250,236,435)(89,306,155,590)(91,335,321,612)
(96,140,573,286)(97,483,891,729)(98,408,886,861)(99,407,350,441)
(101,548,925,733)(102,567,793,690)(103,620,934,721)(104,159,622,280)
(105,444,738,241)(106,414,698,170)(107,613,664,339)(108,527,750,772)
(109,288,257,597)(112,489,936,845)(113,561,968,901)(116,204,538,918)
(118,466,322,523)(121,484,858,648)(122,401,785,723)(124,506,865,849)
(125,518,806,909)(130,463,965,937)(133,436,684,349)(135,499,812,834)
(136,576,813,900)(143,555,974,224)(145,456,953,872)(146,410,843,941)
(147,162,556,907)(149,530,222,460)(150,539,337,440)(151,426,338,600)
(152,508,255,374)(153,430,821,802)(154,616,838,912)(157,386,595,707)
(158,626,734,827)(160,453,841,272)(161,395,969,323)(163,180,197,462)
(164,507,340,505)(165,493,333,604)(168,559,814,923)(171,434,903,782)
(172,364,421,885)(173,514,270,396)(174,513,235,459)(177,245,526,730)
(178,542,289,531)(179,477,879,795)(181,406,345,596)(182,575,347,547)
(183,580,279,416)(184,624,931,844)(187,608,269,533)(188,553,954,342)
(189,617,776,869)(191,524,212,504)(192,512,331,418)(194,601,881,209)
(195,607,646,826)(196,522,842,970)(200,623,661,966)(201,243,598,641)
(203,412,777,353)(205,566,833,952)(206,452,963,847)(207,537,916,883)
(208,554,920,736)(210,409,924,699)(211,541,680,727)(213,226,351,494)
(214,219,606,299)(216,632,921,846)(218,629,770,253)(225,387,563,938)
(227,425,669,731)(228,544,807,932)(231,570,754,975)(232,583,859,874)
(233,584,913,789)(234,565,926,259)(237,615,977,634)(238,628,794,672)
(239,618,828,919)(240,336,586,930)(242,264,445,755)(246,525,381,369)
(247,486,939,748)(249,346,454,815)(251,495,972,645)(252,427,779,652)
(254,610,667,751)(261,490,896,877)(262,549,801,694)(266,558,798,854)
(267,450,864,967)(271,341,578,929)(273,536,649,890)(274,585,662,887)
(276,611,685,757)(277,480,283,307)(284,625,287,602)(285,557)
(290,579,803,316)(291,403,665,897)(292,388,358,465)(294,501,726,884)
(295,609,763,973)(296,560,822,848)(297,392,313,443)(300,402,693,687)
(301,481,326,574)(302,503,377,582)(303,447,391,428)(304,546,650,810)
(305,571,745,876)(308,498,695,659)(309,497,663,764)(311,599,318,448)
(312,519,747,805)(317,476,875,774)(320,630,784,360)(325,400,823,657)
(329,521,820,375)(330,432,658,857)(332,417,817,928)(344,516,971,739)
(348,515,668,717)(352,449,732,778)(354,461,383,577)(355,399,979,908)
(356,398,895,775)(357,552,679,737)(361,534,824,742)(362,451,951,781)
(363,478,830,914)(365,422,811,713)(366,588)(368,510,902,850)
(370,457,867,962)(371,543,670,836)(373,446,635,673)(378,482,676,976)
(379,535,915,655)(380,621,644,878)(382,491,743,804)(384,458,735,389)
(385,393,674,666)(390,423,765,702)(637,683,704,943)(638,714,894,697)
(639,799,866,868)(640,716,978,651)(642,880,786,654)(643,980,718,705)
(660,935,719,761)(671,724,955,796)(675,873,692,853)(677,758,863,960)
(678,829,791,773)(681,769,701,956)(688,889,851,696)(689,709,800,831)
(691,797,712,728)(700,882,942,862)(710,856,870,948)(720,816,910,905)
(725,964,949,790)(766,961,825,767)(768,957,888,860)(780,818,945,808)
(792,839,840,933)(904,922,940,958),
(1,378,25,56,176,47,389,205,286,104,365,281,94,277,88,239,253,196,
383,22,339,44,11,189)(2,337,26,7,90,31,297,180,52,192,210,246,
336,278,4,370,28,92,178,49,236,207,193,380)(3,93,27,220,177,48,
133,206,247,338,74,8,388,32,89,181,53,233,211,191,384,245,114,145)
(5,386,29,376,179,50,347,208,255,100,275,301,244,279,91,158,174,234,
308,18,364,40,129,186)(6,387,30,152,106,51,304,209,358,204,138,254,
342,280,24,371,46,235,190,67,261,219,270,381)(9,300,33,377,182,54,
251,212,265,16,273,38,379,185,61,156,171,237,306,194,362,248,126,98)
(10,122,34,148,165,55,227,213,353,125,135,346,390,84,77,372,298,238,
321,195,258,249,267,382)(12,366,35,348,183,57,373,214,240,385,197,111,
141,159,95,13,231,36,357,130,58,250,215,70)(14,119,37,132,184,59,
224,72,352,139,333,349,313,81,96,276,299,241,318,112,143,161,292,310)
(15,175,21,309,43,60,188,65,344,217,367,69,369,282,97,285,103,242,
303,198,392,202,340,110)(17,229,39,356,128,62,345,216,87,73,368,331,
334,283,99,256,274,243,391,199,108,113,144,162)(19,172,41,307,80,63,
355,127,343,317,260,86,269,284,101,351,118,151,167,200,312,223,341,107)
(20,271,42,335,187,64,154,169,272,305,226,359,121,140,102,288,302,83,
360,201,124,252,320,263)(23,294,45,222,76,66,136,218,350,314,78,374,
266,287,105,315,115,147,164,203,311,221,116,149)(68,230,363,332,109,157,
173,290)(71,146,163,293,123,155,170,289,134,228,361,354,75,142,160,291,
85,232,257,330,131,322,264,375)(79,326,325,324,82,316,259,323,268,319,
262,329,117,150,166,295,120,153,168,296,137,225,328,327)(393,636,427,668,
958,683,404,421,622,458,878,849,484,833,559,635,720,610,457,469,474,881,
793,802)(394,563,419,637,790,932,517,549,532,896,761,481,456,462,830,974,
941,511,866,553,579,679,960,860)(395,518,890,628,554,700,703,548,898,813,
737,418,752,963,823,975,663,590,851,570,565,687,854,583)(396,561,834,736,
828,839,977,618,605,676,939,718,706,916,738,571,673,507,889,588,578,443,
696,482)(397,489,883,938,550,773,964,564,821,971,948,424,741,920,475,681,
919,930,422,542,465,688,543,440)(398,464,492,885,438,466,519,804,792,838,
945,956,747,601,595,470,677,835,931,784,577,659,639,603)(399,671,758,485,
859,815,426,805,791,979,417,744,644,924,611,623,455,699,862,803,530,894,
608,556)(400,712,856,735,490,460,508,816,847,707,521,891,978,680,551,654,
922,415,788,907,539,423,448,875)(401,594,902,515,648,516,652,940,686,954,
794,795,526,562,899,980,824,731,765,478,497,450,877,493)(402,522,864,575,
901,658,959,797,641,555,722,796,640,606,653,775,414,447,638,574,535,463,
745,751)(403,411,843,445,651,767,910,479,453,435,872,786,533,593,573,719,
925,914,536,505,429,807,779,976)(405,642,432,412,870,848,645,665,933,442,
709,547,656,944,529,893,662,729,449,876,499,887,950,624)(406,867,616,684,
863,923,754,770,908,669,812,717,614,903,580,811,757,585,410,713,576,459,
723,800)(407,868,430,806,568,900,650,627,858,972,520,647,831,921,534,708,
962,581,476,527,433,409,869,841)(408,451,471,880,437,874,613,625,905,913,
814,857,967,472,865,436,873,629,672,785,413,541,897,850)(416,871,726,715,
621,461,879,809,937,763,743,935,609,454,733,787,692,494,886,760,501,600,
694,955)(420,778,491,884,951,591,674,957,468,510,546,500,888,820,970,473,
678,552,734,486,690,946,587,819)(425,495,725,748,710,771,918,772,599,525,
670,682,705,917,698,782,428,524,799,836,617,630,732,943)(431,840,818,746,
949,927,968,488,572,667,934,783,973,969,514,697,477,434,558,604,439,586,
626,906)(441,615,904,721,711,776,777,446,666,602,660,947,740,730,915,503,
498,512,845,691,817,826,695,544)(444,675,769,509,768,780,755,810,909,480,
798,557,685,759,657,853,926,513,855,774,537,566,756,567)(452,619,750,620,
844,661,584,837,701,808,789,664,942,612,649,728,502,704,928,852,764,952,
523,714)(467,842,545,739,825,911,965,597,634,693,936,487,569,540,655,801,
582,496,506,861,538,632,689,961)(483,882,560,749,953,607,598,766,832,646,
822,912,966,633,596,592,724,528,892,929,631,504,702,829)(531,895,589,753,
643,762,716,742,846,727,781,827),(1,116,294)(2,840,382)(3,882,203)
(4,709,323)(5,641,883)(6,640,801)(7,526,449)(8,667,324)
(9,547,187)(10,11,252)(12,476,22)(13,795,541)(14,802,542)
(15,976,527)(16,739,68)(17,901,906)(18,904,829)(19,895,523)
(20,326,281)(21,557,405)(23,110,398)(24,672,189)(25,345,927)
(26,712,607)(27,744,844)(28,464,196)(29,549,645)(30,417,407)
(31,418,519)(32,491,47)(33,773,218)(34,228,55)(35,492,150)
(36,462,821)(37,588,632)(38,452,319)(39,678,226)(40,945,335)
(41,967,227)(42,115,378)(43,834,880)(44,299,489)(45,342,868)
(46,437,173)(48,505,888)(49,416,586)(50,485,842)(51,923,819)
(52,860,784)(53,683,785)(54,488,125)(56,100,704)(57,474,750)
(58,429,412)(59,908,598)(60,922,814)(61,692,841)(62,394,818)
(63,747,83)(64,338,953)(65,564,75)(66,101,487)(67,677,289)
(69,634,295)(70,540,302)(71,222,305)(72,804,390)(73,766,205)
(74,768,913)(76,206,627)(77,136,109)(78,261,783)(79,387,912)
(80,411,789)(81,653,656)(82,337,650)(84,363,287)(85,262,346)
(86,510,296)(87,851,475)(88,344,950)(89,558,272)(90,708,271)
(91,690,165)(92,533,451)(93,707,440)(94,341,746)(95,573,749)
(96,572,239)(97,404,870)(98,706,869)(99,705,438)(102,293,148)
(103,587,149)(104,298,329)(105,358,964)(106,703,861)(107,937,466)
(108,948,176)(111,471,117)(112,415,538)(113,817,624)(114,808,268)
(118,721,397)(119,560,157)(120,362,949)(121,192,620)(122,267,253)
(123,200,848)(124,219,568)(126,642,320)(127,421,646)(128,604,232)
(129,617,582)(130,828,957)(131,178,956)(132,977,552)(133,910,965)
(134,145,951)(135,334,408)(137,359,160)(138,605,837)(139,554,933)
(140,143,436)(141,975,626)(142,244,543)(144,553,483)(146,164,221)
(147,274,597)(151,682,468)(152,836,434)(153,331,486)(154,392,470)
(156,891,612)(158,718,613)(159,827,465)(161,810,702)(162,664,170)
(163,194,911)(166,349,674)(167,737,697)(168,347,601)(169,333,472)
(171,618,764)(172,636,887)(174,823,581)(175,740,439)(177,894,966)
(179,961,314)(180,625,291)(181,481,546)(182,657,595)(183,794,693)
(184,686,885)(185,900,238)(186,756,619)(188,959,596)(190,654,934)
(191,809,688)(193,832,311)(195,352,946)(197,537,477)(198,699,734)
(199,652,865)(201,304,942)(202,790,952)(204,711,874)(207,770,655)
(208,665,361)(209,833,591)(210,479,838)(211,797,473)(212,940,431)
(213,317,825)(214,816,639)(215,805,897)(216,548,661)(217,867,430)
(220,599,504)(223,979,603)(224,798,514)(225,282,506)(229,903,852)
(230,340,499)(231,800,962)(233,529,372)(234,575,714)(235,490,701)
(236,935,442)(237,854,873)(240,500,263)(241,457,822)(242,858,257)
(243,847,496)(245,939,729)(246,971,325)(247,467,383)(248,535,413)
(249,300,422)(250,649,290)(251,820,365)(254,633,259)(255,905,321)
(256,717,592)(258,371,424)(260,409,322)(264,357,968)(265,660,936)
(266,351,857)(269,767,928)(270,493,876)(273,824,631)(275,647,375)
(276,786,969)(277,284,528)(278,899,502)(279,536,831)(280,456,931)
(283,689,288)(285,610,920)(286,364,921)(292,845,433)(297,889,930)
(301,629,316)(303,863,662)(306,469,792)(307,401,970)(308,787,778)
(309,772,659)(310,724,354)(312,947,550)(313,621,420)(315,368,835)
(318,960,728)(327,374,330)(328,389,350)(332,343,741)(336,710,938)
(348,611,545)(353,380,944)(355,402,972)(356,403,973)(360,388,681)
(366,511,919)(367,752,892)(369,423,577)(370,849,569)(373,796,520)
(376,866,534)(377,758,929)(379,517,884)(381,671,432)(384,748,806)
(385,958,584)(386,909,893)(391,955,850)(395,559,406)(396,453,736)
(399,743,580)(400,735,843)(410,918,525)(419,684,441)(425,815,719)
(426,498,571)(427,509,864)(428,458,501)(435,753,503)(443,732,589)
(444,777,532)(445,715,497)(447,518,531)(448,566,530)(450,781,524)
(454,846,508)(455,879,602)(459,902,608)(460,881,648)(461,788,723)
(463,839,494)(478,755,556)(480,600,886)(482,907,685)(484,932,593)
(495,780,954)(507,512,799)(513,615,812)(515,695,978)(516,916,754)
(521,731,700)(522,771,871)(539,673,811)(544,727,896)(551,725,963)
(555,716,813)(561,791,606)(562,687,694)(563,691,914)(565,576,774)
(567,757,745)(570,779,585)(574,877,875)(578,583,803)(579,751,713)
(590,733,670)(594,630,826)(609,974,696)(614,878,638)(616,730,675)
(622,679,762)(623,862,941)(628,926,830)(635,943,760)(637,680,782)
(643,726,644)(651,769,775)(658,917,859)(663,853,793)(666,855,872)
(668,924,738)(669,925,915)(676,759,698)(720,742,807)(761,765,980)
(763,856,776)],1);
