Revision.l2c49_175:="@(#)$Id: l2c49.175,v 1.1 2000/01/12 15:50:37 ahulpke Exp $";

coh:=MakeCohort(
[(5,31)(6,30)(7,29)(8,35)(9,37)(10,36)(11,33)(12,32)
(13,34)(14,43)(15,42)(16,44)(17,49)(18,47)(19,46)(20,45)
(21,39)(22,38)(23,40)(24,50)(25,51)(26,41)(27,52)(28,48)
(53,121)(55,113)(56,124)(57,81)(58,126)(59,123)(60,103)(61,128)
(62,80)(64,127)(65,100)(66,122)(67,125)(68,120)(69,119)(70,117)
(71,82)(73,102)(77,105)(78,99)(79,93)(83,171)(84,136)(85,133)
(86,130)(87,139)(88,157)(89,107)(90,149)(91,170)(92,131)(94,115)
(96,132)(98,134)(101,129)(104,135)(108,109)(110,116)(111,112)(114,118)
(138,151)(141,163)(142,145)(143,160)(144,161)(146,150)(147,148)(152,156)
(153,162)(158,165)(159,164)(167,175)(168,173),
(1,12,11,13)(2,24,7,6,18,28,4,3,10,27,20,19,16,25,
9,8,21,17,15,14,5,26,23,22)(29,83,74,85,86,88,31,59,
70,90,84,77,78,91,66,80,81,87,79,75,76,89,82,30)
(32,121,109,172,44,122,154,141,53,34,148,168,60,42,151,153,119,69,
116,150,117,73,160,142)(33,156,47,167,43,166,103,165,68,162,57,137,
65,169,45,110,120,159,102,140,123,175,71,112)(35,115,174,64,105,113,
143,132,38,139,138,128,106,41,155,157,54,104,146,52,133,58,173,101)
(36,48,125,37,99,92,107,93,40,61,49,39,95,129,98,97,72,124,
55,63,136,149,135,130)(46,100,62)(50,96,164,144,94,67,152,145,
56,134,147,111,131,127,161,158,126,171,114,163,170,51,108,118),
(2,29,12)(3,30,11)(4,31,13)(5,32,74)(6,33,75)
(7,34,76)(8,35,77)(9,36,78)(10,37,79)(14,38,80)
(15,39,81)(16,40,82)(17,41,83)(18,42,84)(19,43,85)
(20,44,86)(21,45,66)(22,46,59)(23,47,70)(24,48,87)
(25,49,88)(26,50,89)(27,51,90)(28,52,91)(53,103,97)
(54,120,65)(55,125,115)(56,126,129)(57,117,130)(58,113,131)
(60,72,119)(61,124,132)(62,123,133)(63,121,73)(64,128,134)
(67,127,135)(68,100,106)(69,102,95)(71,122,136)(92,96,104)
(94,101,98)(107,157,170)(108,159,160)(109,158,151)(110,140,114)
(111,138,163)(112,150,145)(116,166,161)(118,153,137)(139,171,149)
(141,156,143)(142,152,168)(144,162,169)(146,148,165)(147,164,173)
(154,174,167)(155,175,172)],1);
