Revision.l2c41_820:="@(#)$Id: l2c41.820,v 1.1 2000/01/12 15:50:37 ahulpke Exp $";

coh:=MakeCohort(
[(2,53)(3,125)(4,375)(5,692)(6,682)(7,235)(8,561)(9,390)
(10,695)(11,391)(12,226)(13,683)(14,225)(15,587)(16,388)(17,473)
(18,693)(19,129)(20,374)(21,525)(22,545)(23,513)(24,465)(25,548)
(26,760)(27,663)(28,518)(29,193)(30,296)(31,109)(32,138)(33,471)
(34,112)(35,152)(36,211)(37,175)(38,732)(39,795)(40,612)(41,177)
(42,505)(43,392)(44,508)(45,348)(46,573)(47,337)(48,687)(49,709)
(50,408)(52,317)(54,394)(56,688)(57,809)(58,252)(59,564)(60,743)
(61,494)(62,616)(63,495)(64,570)(65,784)(66,749)(67,805)(68,737)
(69,813)(70,635)(71,711)(72,621)(73,807)(74,650)(75,618)(76,453)
(77,492)(78,328)(79,169)(80,207)(81,344)(82,533)(83,597)(84,179)
(85,511)(86,314)(87,522)(88,331)(89,119)(90,547)(91,358)(92,502)
(93,300)(94,544)(95,496)(96,233)(97,396)(98,278)(99,606)(100,557)
(101,457)(103,803)(104,806)(105,700)(106,464)(107,720)(108,345)(110,406)
(111,555)(113,182)(114,442)(115,386)(116,572)(117,281)(118,302)(120,287)
(121,461)(122,359)(123,801)(124,435)(127,332)(128,269)(131,783)(132,589)
(133,578)(134,556)(135,173)(136,404)(137,265)(139,500)(140,267)(141,178)
(142,255)(143,248)(144,796)(145,452)(146,417)(147,485)(148,303)(149,487)
(150,312)(151,212)(153,655)(154,371)(155,183)(157,706)(158,793)(159,660)
(160,788)(161,686)(162,631)(163,622)(164,656)(165,744)(166,725)(167,490)
(168,613)(170,444)(171,538)(172,579)(174,305)(176,266)(181,658)(184,463)
(185,426)(186,424)(187,274)(188,751)(189,637)(190,430)(191,470)(192,546)
(194,432)(195,714)(196,690)(197,237)(198,286)(199,441)(200,378)(201,710)
(202,234)(203,782)(204,436)(205,360)(206,309)(208,293)(209,228)(210,279)
(213,497)(214,615)(215,476)(216,361)(217,581)(218,446)(219,672)(220,704)
(221,319)(222,244)(223,282)(227,543)(229,620)(230,339)(231,353)(232,283)
(236,712)(238,677)(239,667)(240,477)(241,509)(242,519)(243,506)(246,647)
(247,363)(249,798)(250,777)(253,313)(254,774)(256,537)(257,628)(258,817)
(259,680)(260,484)(261,563)(262,455)(263,626)(268,321)(270,766)(271,745)
(272,475)(273,292)(275,491)(276,420)(277,356)(280,443)(284,638)(285,414)
(288,349)(289,439)(290,368)(291,342)(294,623)(295,740)(297,746)(298,335)
(299,789)(301,338)(304,738)(306,768)(308,659)(310,468)(311,767)(315,607)
(316,539)(318,565)(320,405)(322,347)(323,351)(324,722)(325,756)(326,357)
(327,530)(329,558)(330,343)(333,373)(334,456)(336,536)(340,671)(341,534)
(346,627)(350,427)(352,458)(354,678)(355,520)(362,384)(364,577)(365,685)
(366,629)(367,772)(369,568)(370,517)(372,514)(376,604)(377,445)(379,598)
(380,593)(381,418)(382,762)(383,781)(385,780)(387,723)(389,531)(393,592)
(395,799)(397,423)(398,526)(399,434)(401,769)(402,601)(403,664)(407,651)
(409,594)(410,742)(411,735)(412,433)(413,504)(415,569)(419,794)(421,812)
(422,753)(425,676)(428,666)(429,596)(431,733)(437,449)(438,619)(440,702)
(447,791)(448,602)(450,776)(451,699)(454,479)(459,611)(460,507)(466,654)
(467,691)(469,652)(472,639)(474,775)(478,632)(480,715)(481,515)(482,729)
(483,694)(486,758)(488,550)(489,674)(493,759)(498,574)(499,641)(501,689)
(503,634)(510,785)(512,669)(516,643)(521,662)(523,644)(524,705)(527,583)
(528,708)(529,707)(532,761)(535,640)(540,797)(541,800)(542,811)(549,590)
(551,560)(552,624)(553,610)(554,726)(559,755)(566,681)(567,808)(571,670)
(575,721)(576,701)(580,716)(582,584)(585,591)(586,668)(588,645)(595,763)
(600,730)(603,717)(605,734)(608,739)(609,633)(614,648)(617,675)(625,779)
(630,698)(636,684)(642,773)(646,754)(649,792)(653,750)(657,673)(661,765)
(665,816)(679,724)(696,810)(697,757)(703,747)(713,718)(719,736)(727,764)
(728,741)(731,820)(748,818)(752,814)(771,787)(778,819)(786,802),
(1,52,273,353,187,216,169,206,148,332,102,127,303,309,79,361,274,231,
292,317)(2,53,247,396,283,255,384,207,36,155,269,128,183,211,80,362,
142,232,97,363)(3,54,343,330,394,125,301,208,96,333,408,129,290,368,
19,50,373,233,293,338)(4,55,375,337,388,202,349,209,344,122,300,130,
93,359,81,228,288,234,16,47)(5,56,376,284,258,340,324,21,159,271,
352,131,214,167,82,146,372,101,294,364)(6,57,366,13,44,341,385,194,
334,325,199,114,304,380,83,299,381,90,295,365)(7,58,356,179,222,174,
386,136,345,108,404,115,305,244,84,277,252,235,296,30)(8,40,261,397,
318,25,162,195,346,189,217,116,306,132,85,104,403,236,297,241)
(9,41,224,177,390,140,371,112,347,326,314,117,307,281,86,357,322,34,
154,267)(10,42,377,398,308,239,387,196,259,327,316,22,160,272,87,186,
215,168,285,147)(11,20,51,374,391,342,339,197,205,328,331,118,126,302,
88,78,360,237,230,291)(12,43,91,358,392,226,287,198,14,45,378,119,
298,335,89,200,348,225,286,120)(15,46,185,213,166,336,145,201,100,329,
402,121,238,382,92,257,407,227,39,158)(17,48,379,149,369,103,389,203,
310,240,399,123,260,383,94,24,161,229,289,188)(18,49,107,395,393,311,
243,204,276,250,409,124,28,164,95,355,192,220,172,367)(23,69,68,67,
66,65,64,63,62,61,60,59,77,76,75,74,73,72,71,70)
(26,163,262,242,190,218,170,410,133,27,105,263,354,191,219,171,275,134,
370,106)(29,150,264,312,193,221,173,251,135,319)(31,151,265,323,37,
156,175,351,137,212,109,405,143,313,98,400,278,253,248,320)
(32,152,266,282,180,223,176,35,138,268,110,182,210,178,245,141,279,113,
406,321)(33,153,256,350,181,38,157,270,139,184,111,165,401,144,246,99,
280,254,315,249)(411,735,450,816,583,673,701,775,646,676,758,486,425,754,
474,576,657,527,665,776)(412,630,669,679,763,529,812,560,551,421,707,595,
724,512,698,433,499,510,785,641)(413,504,609,419,715,498,811,729,653,661,
523,644,765,750,482,542,574,480,794,633)(414,613,476,424,522,475,788,545,
539,530,680,690,723,667,659,526,445,505,695,485)(415,636,652,479,689,770,
501,454,469,684,569,800,591,516,696,416,810,643,585,541)(417,533,490,615,
783,458,745,660,525,722,671,817,638,604,688,692,577,623,457,514)
(418,789,597,593,738,442,441,756,456,432,780,534,508,683,629,809,682,685,
740,547)(420,436,506,767,592,799,720,709,693,772,579,704,546,520,496,656,
518,435,594,777)(422,802,654,634,691,757,559,771,617,460,507,675,787,755,
697,467,503,466,786,753)(423,563,612,561,509,746,712,664,806,511,589,768,
572,581,637,627,714,631,548,565)(426,573,587,793,795,543,651,628,502,762,
677,461,601,558,557,710,452,536,725,497)(427,537,655,471,798,607,774,443,
606,647,796,769,744,555,463,500,766,706,732,658)(428,649,717,808,549,815,
590,567,603,792,666,761,736,554,582,790,584,726,719,532)(429,731,747,431,
699,451,733,703,820,596)(430,519,455,622,760,464,517,556,491,538,672,470,
678,626,700,663,578,742,444,446)(434,477,468,782,531,803,568,487,598,687,
473,751,439,620,686,465,544,781,484,801)(437,449,778,481,588,730,566,524,
791,734,642,773,605,447,705,681,600,645,515,819)(438,448,779,702,552,580,
462,716,624,440,625,602,619,489,571,488,599,550,670,674)(453,492,564,743,
494,616,495,570,784,749,805,737,813,513,635,711,621,807,650,618)
(459,540,586,648,708,764,535,640,727,528,614,668,797,611,639,608,662,521,
739,472)(478,610,748,575,804,721,818,553,632,759,814,694,741,713,562,718,
728,483,752,493),(1,701,82)(2,812,272)(3,811,77)(4,788,614)
(5,181,240)(6,123,116)(7,501,191)(8,164,190)(9,636,107)
(10,358,451)(11,745,483)(12,441,786)(13,31,665)(14,661,111)
(15,86,819)(16,720,486)(17,361,779)(18,404,697)(19,433,38)
(20,559,336)(21,286,702)(22,127,696)(23,386,653)(24,70,385)
(25,326,759)(26,149,189)(27,148,734)(28,372,168)(29,712,499)
(30,530,549)(32,651,584)(33,85,407)(34,774,523)(35,590,229)
(36,733,204)(37,517,415)(39,230,648)(40,313,554)(41,596,304)
(42,251,815)(43,809,633)(44,60,389)(45,630,192)(46,142,684)
(47,568,763)(48,255,797)(49,117,619)(50,767,479)(51,709,480)
(52,566,284)(53,462,299)(54,484,752)(55,488,297)(56,374,515)
(57,67,387)(58,508,529)(59,243,214)(61,388,553)(62,145,195)
(63,89,524)(64,325,186)(65,287,698)(66,339,717)(68,371,582)
(69,162,92)(71,324,311)(72,349,585)(73,301,512)(74,384,540)
(75,169,448)(76,197,591)(78,534,741)(79,555,755)(80,760,754)
(81,476,705)(83,368,550)(84,464,460)(87,196,271)(88,716,259)
(90,130,764)(91,646,369)(93,731,133)(94,276,106)(95,341,220)
(96,587,429)(97,495,814)(98,516,217)(99,345,642)(100,315,285)
(101,357,510)(102,491,726)(103,147,227)(104,183,644)(105,318,289)
(108,629,708)(109,783,552)(110,817,416)(112,535,146)(113,467,194)
(114,365,402)(115,536,715)(118,427,421)(119,470,521)(120,477,469)
(121,323,609)(122,634,159)(124,151,575)(125,802,397)(126,598,481)
(128,742,707)(129,647,719)(131,283,666)(132,170,172)(134,290,713)
(135,544,474)(136,411,157)(137,690,681)(138,539,775)(139,406,670)
(140,487,507)(141,818,153)(143,419,352)(144,410,327)(150,413,262)
(152,531,699)(154,475,771)(155,527,249)(156,620,791)(158,333,602)
(160,242,246)(161,213,377)(163,390,472)(165,207,503)(166,241,270)
(167,219,201)(173,674,393)(174,525,703)(175,700,493)(176,570,422)
(177,721,401)(178,805,449)(179,813,440)(180,420,482)(182,543,718)
(184,238,398)(185,187,669)(188,232,574)(193,537,528)(198,557,668)
(199,261,399)(200,654,306)(202,729,218)(203,263,395)(205,424,753)
(206,693,776)(208,740,437)(209,589,425)(210,679,366)(211,627,790)
(212,641,257)(215,223,541)(216,618,586)(221,458,632)(222,588,346)
(224,678,808)(225,506,694)(226,556,773)(228,777,785)(231,680,765)
(233,447,250)(234,688,652)(235,613,580)(236,317,810)(237,816,334)
(239,338,758)(244,608,310)(245,595,354)(247,526,728)(248,473,466)
(252,660,412)(253,685,603)(254,337,428)(256,342,689)(258,268,640)
(260,350,294)(264,793,569)(265,443,611)(266,663,489)(267,659,794)
(269,770,381)(273,504,380)(274,461,649)(275,340,382)(277,468,643)
(278,667,724)(279,594,459)(280,320,438)(281,442,800)(282,509,498)
(288,625,379)(291,532,355)(292,658,820)(293,626,675)(295,312,605)
(296,426,583)(298,497,576)(300,787,329)(302,511,639)(303,478,383)
(305,664,610)(307,784,450)(308,376,367)(309,746,560)(314,439,551)
(316,394,662)(319,513,691)(321,548,730)(322,628,624)(328,735,370)
(330,490,673)(331,455,599)(332,518,617)(335,565,571)(343,727,403)
(344,502,748)(347,714,657)(348,736,364)(351,579,739)(353,432,804)
(356,592,761)(359,456,567)(360,686,750)(362,778,409)(363,725,645)
(373,514,542)(375,463,600)(378,769,454)(391,806,747)(392,545,562)
(396,722,757)(400,737,676)(405,616,431)(408,801,792)(414,789,444)
(417,538,621)(418,615,607)(423,704,505)(430,711,452)(434,650,453)
(435,573,547)(436,635,706)(445,519,597)(446,762,743)(457,687,601)
(465,766,546)(471,494,799)(485,656,637)(492,768,723)(496,798,803)
(500,671,593)(520,710,677)(522,561,807)(533,638,631)(558,751,692)
(563,581,796)(564,672,604)(572,577,756)(578,655,683)(606,749,744)
(612,682,623)(622,780,732)(695,781,782)(738,795,772)],1);
