Revision.l2c7e2_441:="@(#)$Id: l2c7e2.441,v 1.1 2000/01/12 15:50:37 ahulpke Exp $";

coh:=MakeCohort(
[(2,22)(3,43)(4,64)(5,85)(6,106)(7,127)(8,148)(9,169)
(10,190)(11,211)(12,232)(13,253)(14,274)(15,295)(16,316)(17,337)
(18,358)(19,379)(20,400)(21,421)(24,44)(25,65)(26,86)(27,107)
(28,128)(29,149)(30,170)(31,191)(32,212)(33,233)(34,254)(35,275)
(36,296)(37,317)(38,338)(39,359)(40,380)(41,401)(42,422)(46,66)
(47,87)(48,108)(49,129)(50,150)(51,171)(52,192)(53,213)(54,234)
(55,255)(56,276)(57,297)(58,318)(59,339)(60,360)(61,381)(62,402)
(63,423)(68,88)(69,109)(70,130)(71,151)(72,172)(73,193)(74,214)
(75,235)(76,256)(77,277)(78,298)(79,319)(80,340)(81,361)(82,382)
(83,403)(84,424)(90,110)(91,131)(92,152)(93,173)(94,194)(95,215)
(96,236)(97,257)(98,278)(99,299)(100,320)(101,341)(102,362)(103,383)
(104,404)(105,425)(112,132)(113,153)(114,174)(115,195)(116,216)(117,237)
(118,258)(119,279)(120,300)(121,321)(122,342)(123,363)(124,384)(125,405)
(126,426)(134,154)(135,175)(136,196)(137,217)(138,238)(139,259)(140,280)
(141,301)(142,322)(143,343)(144,364)(145,385)(146,406)(147,427)(156,176)
(157,197)(158,218)(159,239)(160,260)(161,281)(162,302)(163,323)(164,344)
(165,365)(166,386)(167,407)(168,428)(178,198)(179,219)(180,240)(181,261)
(182,282)(183,303)(184,324)(185,345)(186,366)(187,387)(188,408)(189,429)
(200,220)(201,241)(202,262)(203,283)(204,304)(205,325)(206,346)(207,367)
(208,388)(209,409)(210,430)(222,242)(223,263)(224,284)(225,305)(226,326)
(227,347)(228,368)(229,389)(230,410)(231,431)(244,264)(245,285)(246,306)
(247,327)(248,348)(249,369)(250,390)(251,411)(252,432)(266,286)(267,307)
(268,328)(269,349)(270,370)(271,391)(272,412)(273,433)(288,308)(289,329)
(290,350)(291,371)(292,392)(293,413)(294,434)(310,330)(311,351)(312,372)
(313,393)(314,414)(315,435)(332,352)(333,373)(334,394)(335,415)(336,436)
(354,374)(355,395)(356,416)(357,437)(376,396)(377,417)(378,438)(398,418)
(399,439)(420,440),(1,7,4)(2,8,5)(3,9,6)(10,20,16)
(11,21,17)(12,19,18)(13,15,14)(22,28,25)(23,29,26)
(24,30,27)(31,41,37)(32,42,38)(33,40,39)(34,36,35)
(43,49,46)(44,50,47)(45,51,48)(52,62,58)(53,63,59)
(54,61,60)(55,57,56)(64,70,67)(65,71,68)(66,72,69)
(73,83,79)(74,84,80)(75,82,81)(76,78,77)(85,91,88)
(86,92,89)(87,93,90)(94,104,100)(95,105,101)(96,103,102)
(97,99,98)(106,112,109)(107,113,110)(108,114,111)(115,125,121)
(116,126,122)(117,124,123)(118,120,119)(127,133,130)(128,134,131)
(129,135,132)(136,146,142)(137,147,143)(138,145,144)(139,141,140)
(148,154,151)(149,155,152)(150,156,153)(157,167,163)(158,168,164)
(159,166,165)(160,162,161)(169,175,172)(170,176,173)(171,177,174)
(178,188,184)(179,189,185)(180,187,186)(181,183,182)(190,196,193)
(191,197,194)(192,198,195)(199,209,205)(200,210,206)(201,208,207)
(202,204,203)(211,217,214)(212,218,215)(213,219,216)(220,230,226)
(221,231,227)(222,229,228)(223,225,224)(232,238,235)(233,239,236)
(234,240,237)(241,251,247)(242,252,248)(243,250,249)(244,246,245)
(253,259,256)(254,260,257)(255,261,258)(262,272,268)(263,273,269)
(264,271,270)(265,267,266)(274,280,277)(275,281,278)(276,282,279)
(283,293,289)(284,294,290)(285,292,291)(286,288,287)(295,301,298)
(296,302,299)(297,303,300)(304,314,310)(305,315,311)(306,313,312)
(307,309,308)(316,322,319)(317,323,320)(318,324,321)(325,335,331)
(326,336,332)(327,334,333)(328,330,329)(337,343,340)(338,344,341)
(339,345,342)(346,356,352)(347,357,353)(348,355,354)(349,351,350)
(358,364,361)(359,365,362)(360,366,363)(367,377,373)(368,378,374)
(369,376,375)(370,372,371)(379,385,382)(380,386,383)(381,387,384)
(388,398,394)(389,399,395)(390,397,396)(391,393,392)(400,406,403)
(401,407,404)(402,408,405)(409,419,415)(410,420,416)(411,418,417)
(412,414,413)(421,427,424)(422,428,425)(423,429,426)(430,440,436)
(431,441,437)(432,439,438)(433,435,434),
(1,127,64)(2,128,65)(3,129,66)(4,130,67)(5,131,68)
(6,132,69)(7,133,70)(8,134,71)(9,135,72)(10,136,73)
(11,137,74)(12,138,75)(13,139,76)(14,140,77)(15,141,78)
(16,142,79)(17,143,80)(18,144,81)(19,145,82)(20,146,83)
(21,147,84)(22,148,85)(23,149,86)(24,150,87)(25,151,88)
(26,152,89)(27,153,90)(28,154,91)(29,155,92)(30,156,93)
(31,157,94)(32,158,95)(33,159,96)(34,160,97)(35,161,98)
(36,162,99)(37,163,100)(38,164,101)(39,165,102)(40,166,103)
(41,167,104)(42,168,105)(43,169,106)(44,170,107)(45,171,108)
(46,172,109)(47,173,110)(48,174,111)(49,175,112)(50,176,113)
(51,177,114)(52,178,115)(53,179,116)(54,180,117)(55,181,118)
(56,182,119)(57,183,120)(58,184,121)(59,185,122)(60,186,123)
(61,187,124)(62,188,125)(63,189,126)(190,400,316)(191,401,317)
(192,402,318)(193,403,319)(194,404,320)(195,405,321)(196,406,322)
(197,407,323)(198,408,324)(199,409,325)(200,410,326)(201,411,327)
(202,412,328)(203,413,329)(204,414,330)(205,415,331)(206,416,332)
(207,417,333)(208,418,334)(209,419,335)(210,420,336)(211,421,337)
(212,422,338)(213,423,339)(214,424,340)(215,425,341)(216,426,342)
(217,427,343)(218,428,344)(219,429,345)(220,430,346)(221,431,347)
(222,432,348)(223,433,349)(224,434,350)(225,435,351)(226,436,352)
(227,437,353)(228,438,354)(229,439,355)(230,440,356)(231,441,357)
(232,379,358)(233,380,359)(234,381,360)(235,382,361)(236,383,362)
(237,384,363)(238,385,364)(239,386,365)(240,387,366)(241,388,367)
(242,389,368)(243,390,369)(244,391,370)(245,392,371)(246,393,372)
(247,394,373)(248,395,374)(249,396,375)(250,397,376)(251,398,377)
(252,399,378)(253,295,274)(254,296,275)(255,297,276)(256,298,277)
(257,299,278)(258,300,279)(259,301,280)(260,302,281)(261,303,282)
(262,304,283)(263,305,284)(264,306,285)(265,307,286)(266,308,287)
(267,309,288)(268,310,289)(269,311,290)(270,312,291)(271,313,292)
(272,314,293)(273,315,294),(1,4,15)(2,19,14)(3,11,13)
(5,10,21)(6,7,18)(8,9,20)(12,17,16)(22,25,36)
(23,40,35)(24,32,34)(26,31,42)(27,28,39)(29,30,41)
(33,38,37)(43,46,57)(44,61,56)(45,53,55)(47,52,63)
(48,49,60)(50,51,62)(54,59,58)(64,67,78)(65,82,77)
(66,74,76)(68,73,84)(69,70,81)(71,72,83)(75,80,79)
(85,88,99)(86,103,98)(87,95,97)(89,94,105)(90,91,102)
(92,93,104)(96,101,100)(106,109,120)(107,124,119)(108,116,118)
(110,115,126)(111,112,123)(113,114,125)(117,122,121)(127,130,141)
(128,145,140)(129,137,139)(131,136,147)(132,133,144)(134,135,146)
(138,143,142)(148,151,162)(149,166,161)(150,158,160)(152,157,168)
(153,154,165)(155,156,167)(159,164,163)(169,172,183)(170,187,182)
(171,179,181)(173,178,189)(174,175,186)(176,177,188)(180,185,184)
(190,193,204)(191,208,203)(192,200,202)(194,199,210)(195,196,207)
(197,198,209)(201,206,205)(211,214,225)(212,229,224)(213,221,223)
(215,220,231)(216,217,228)(218,219,230)(222,227,226)(232,235,246)
(233,250,245)(234,242,244)(236,241,252)(237,238,249)(239,240,251)
(243,248,247)(253,256,267)(254,271,266)(255,263,265)(257,262,273)
(258,259,270)(260,261,272)(264,269,268)(274,277,288)(275,292,287)
(276,284,286)(278,283,294)(279,280,291)(281,282,293)(285,290,289)
(295,298,309)(296,313,308)(297,305,307)(299,304,315)(300,301,312)
(302,303,314)(306,311,310)(316,319,330)(317,334,329)(318,326,328)
(320,325,336)(321,322,333)(323,324,335)(327,332,331)(337,340,351)
(338,355,350)(339,347,349)(341,346,357)(342,343,354)(344,345,356)
(348,353,352)(358,361,372)(359,376,371)(360,368,370)(362,367,378)
(363,364,375)(365,366,377)(369,374,373)(379,382,393)(380,397,392)
(381,389,391)(383,388,399)(384,385,396)(386,387,398)(390,395,394)
(400,403,414)(401,418,413)(402,410,412)(404,409,420)(405,406,417)
(407,408,419)(411,416,415)(421,424,435)(422,439,434)(423,431,433)
(425,430,441)(426,427,438)(428,429,440)(432,437,436),
(1,64,295)(2,65,296)(3,66,297)(4,67,298)(5,68,299)
(6,69,300)(7,70,301)(8,71,302)(9,72,303)(10,73,304)
(11,74,305)(12,75,306)(13,76,307)(14,77,308)(15,78,309)
(16,79,310)(17,80,311)(18,81,312)(19,82,313)(20,83,314)
(21,84,315)(22,379,274)(23,380,275)(24,381,276)(25,382,277)
(26,383,278)(27,384,279)(28,385,280)(29,386,281)(30,387,282)
(31,388,283)(32,389,284)(33,390,285)(34,391,286)(35,392,287)
(36,393,288)(37,394,289)(38,395,290)(39,396,291)(40,397,292)
(41,398,293)(42,399,294)(43,211,253)(44,212,254)(45,213,255)
(46,214,256)(47,215,257)(48,216,258)(49,217,259)(50,218,260)
(51,219,261)(52,220,262)(53,221,263)(54,222,264)(55,223,265)
(56,224,266)(57,225,267)(58,226,268)(59,227,269)(60,228,270)
(61,229,271)(62,230,272)(63,231,273)(85,190,421)(86,191,422)
(87,192,423)(88,193,424)(89,194,425)(90,195,426)(91,196,427)
(92,197,428)(93,198,429)(94,199,430)(95,200,431)(96,201,432)
(97,202,433)(98,203,434)(99,204,435)(100,205,436)(101,206,437)
(102,207,438)(103,208,439)(104,209,440)(105,210,441)(106,127,358)
(107,128,359)(108,129,360)(109,130,361)(110,131,362)(111,132,363)
(112,133,364)(113,134,365)(114,135,366)(115,136,367)(116,137,368)
(117,138,369)(118,139,370)(119,140,371)(120,141,372)(121,142,373)
(122,143,374)(123,144,375)(124,145,376)(125,146,377)(126,147,378)
(148,169,400)(149,170,401)(150,171,402)(151,172,403)(152,173,404)
(153,174,405)(154,175,406)(155,176,407)(156,177,408)(157,178,409)
(158,179,410)(159,180,411)(160,181,412)(161,182,413)(162,183,414)
(163,184,415)(164,185,416)(165,186,417)(166,187,418)(167,188,419)
(168,189,420)(232,337,316)(233,338,317)(234,339,318)(235,340,319)
(236,341,320)(237,342,321)(238,343,322)(239,344,323)(240,345,324)
(241,346,325)(242,347,326)(243,348,327)(244,349,328)(245,350,329)
(246,351,330)(247,352,331)(248,353,332)(249,354,333)(250,355,334)
(251,356,335)(252,357,336)],1);
