Revision.l2c8e2_784:="@(#)$Id: l2c8e2.784,v 1.1 2000/01/12 15:50:37 ahulpke Exp $";

coh:=MakeCohort(
[(29,113,57)(30,114,58)(31,115,59)(32,116,60)(33,117,61)
(34,118,62)(35,119,63)(36,120,64)(37,121,65)(38,122,66)
(39,123,67)(40,124,68)(41,125,69)(42,126,70)(43,127,71)
(44,128,72)(45,129,73)(46,130,74)(47,131,75)(48,132,76)
(49,133,77)(50,134,78)(51,135,79)(52,136,80)(53,137,81)
(54,138,82)(55,139,83)(56,140,84)(85,141,169)(86,142,170)
(87,143,171)(88,144,172)(89,145,173)(90,146,174)(91,147,175)
(92,148,176)(93,149,177)(94,150,178)(95,151,179)(96,152,180)
(97,153,181)(98,154,182)(99,155,183)(100,156,184)(101,157,185)
(102,158,186)(103,159,187)(104,160,188)(105,161,189)(106,162,190)
(107,163,191)(108,164,192)(109,165,193)(110,166,194)(111,167,195)
(112,168,196)(197,281,225)(198,282,226)(199,283,227)(200,284,228)
(201,285,229)(202,286,230)(203,287,231)(204,288,232)(205,289,233)
(206,290,234)(207,291,235)(208,292,236)(209,293,237)(210,294,238)
(211,295,239)(212,296,240)(213,297,241)(214,298,242)(215,299,243)
(216,300,244)(217,301,245)(218,302,246)(219,303,247)(220,304,248)
(221,305,249)(222,306,250)(223,307,251)(224,308,252)(253,309,337)
(254,310,338)(255,311,339)(256,312,340)(257,313,341)(258,314,342)
(259,315,343)(260,316,344)(261,317,345)(262,318,346)(263,319,347)
(264,320,348)(265,321,349)(266,322,350)(267,323,351)(268,324,352)
(269,325,353)(270,326,354)(271,327,355)(272,328,356)(273,329,357)
(274,330,358)(275,331,359)(276,332,360)(277,333,361)(278,334,362)
(279,335,363)(280,336,364)(365,701,645)(366,702,646)(367,703,647)
(368,704,648)(369,705,649)(370,706,650)(371,707,651)(372,708,652)
(373,709,653)(374,710,654)(375,711,655)(376,712,656)(377,713,657)
(378,714,658)(379,715,659)(380,716,660)(381,717,661)(382,718,662)
(383,719,663)(384,720,664)(385,721,665)(386,722,666)(387,723,667)
(388,724,668)(389,725,669)(390,726,670)(391,727,671)(392,728,672)
(393,449,673)(394,450,674)(395,451,675)(396,452,676)(397,453,677)
(398,454,678)(399,455,679)(400,456,680)(401,457,681)(402,458,682)
(403,459,683)(404,460,684)(405,461,685)(406,462,686)(407,463,687)
(408,464,688)(409,465,689)(410,466,690)(411,467,691)(412,468,692)
(413,469,693)(414,470,694)(415,471,695)(416,472,696)(417,473,697)
(418,474,698)(419,475,699)(420,476,700)(421,533,617)(422,534,618)
(423,535,619)(424,536,620)(425,537,621)(426,538,622)(427,539,623)
(428,540,624)(429,541,625)(430,542,626)(431,543,627)(432,544,628)
(433,545,629)(434,546,630)(435,547,631)(436,548,632)(437,549,633)
(438,550,634)(439,551,635)(440,552,636)(441,553,637)(442,554,638)
(443,555,639)(444,556,640)(445,557,641)(446,558,642)(447,559,643)
(448,560,644)(477,757,589)(478,758,590)(479,759,591)(480,760,592)
(481,761,593)(482,762,594)(483,763,595)(484,764,596)(485,765,597)
(486,766,598)(487,767,599)(488,768,600)(489,769,601)(490,770,602)
(491,771,603)(492,772,604)(493,773,605)(494,774,606)(495,775,607)
(496,776,608)(497,777,609)(498,778,610)(499,779,611)(500,780,612)
(501,781,613)(502,782,614)(503,783,615)(504,784,616)(505,729,561)
(506,730,562)(507,731,563)(508,732,564)(509,733,565)(510,734,566)
(511,735,567)(512,736,568)(513,737,569)(514,738,570)(515,739,571)
(516,740,572)(517,741,573)(518,742,574)(519,743,575)(520,744,576)
(521,745,577)(522,746,578)(523,747,579)(524,748,580)(525,749,581)
(526,750,582)(527,751,583)(528,752,584)(529,753,585)(530,754,586)
(531,755,587)(532,756,588),(2,29)(3,57)(4,85)(5,113)(6,141)
(7,169)(8,197)(9,225)(10,253)(11,281)(12,309)(13,337)(14,365)
(15,393)(16,421)(17,449)(18,477)(19,505)(20,533)(21,561)(22,589)
(23,617)(24,645)(25,673)(26,701)(27,729)(28,757)(31,58)(32,86)
(33,114)(34,142)(35,170)(36,198)(37,226)(38,254)(39,282)(40,310)
(41,338)(42,366)(43,394)(44,422)(45,450)(46,478)(47,506)(48,534)
(49,562)(50,590)(51,618)(52,646)(53,674)(54,702)(55,730)(56,758)
(60,87)(61,115)(62,143)(63,171)(64,199)(65,227)(66,255)(67,283)
(68,311)(69,339)(70,367)(71,395)(72,423)(73,451)(74,479)(75,507)
(76,535)(77,563)(78,591)(79,619)(80,647)(81,675)(82,703)(83,731)
(84,759)(89,116)(90,144)(91,172)(92,200)(93,228)(94,256)(95,284)
(96,312)(97,340)(98,368)(99,396)(100,424)(101,452)(102,480)(103,508)
(104,536)(105,564)(106,592)(107,620)(108,648)(109,676)(110,704)(111,732)
(112,760)(118,145)(119,173)(120,201)(121,229)(122,257)(123,285)(124,313)
(125,341)(126,369)(127,397)(128,425)(129,453)(130,481)(131,509)(132,537)
(133,565)(134,593)(135,621)(136,649)(137,677)(138,705)(139,733)(140,761)
(147,174)(148,202)(149,230)(150,258)(151,286)(152,314)(153,342)(154,370)
(155,398)(156,426)(157,454)(158,482)(159,510)(160,538)(161,566)(162,594)
(163,622)(164,650)(165,678)(166,706)(167,734)(168,762)(176,203)(177,231)
(178,259)(179,287)(180,315)(181,343)(182,371)(183,399)(184,427)(185,455)
(186,483)(187,511)(188,539)(189,567)(190,595)(191,623)(192,651)(193,679)
(194,707)(195,735)(196,763)(205,232)(206,260)(207,288)(208,316)(209,344)
(210,372)(211,400)(212,428)(213,456)(214,484)(215,512)(216,540)(217,568)
(218,596)(219,624)(220,652)(221,680)(222,708)(223,736)(224,764)(234,261)
(235,289)(236,317)(237,345)(238,373)(239,401)(240,429)(241,457)(242,485)
(243,513)(244,541)(245,569)(246,597)(247,625)(248,653)(249,681)(250,709)
(251,737)(252,765)(263,290)(264,318)(265,346)(266,374)(267,402)(268,430)
(269,458)(270,486)(271,514)(272,542)(273,570)(274,598)(275,626)(276,654)
(277,682)(278,710)(279,738)(280,766)(292,319)(293,347)(294,375)(295,403)
(296,431)(297,459)(298,487)(299,515)(300,543)(301,571)(302,599)(303,627)
(304,655)(305,683)(306,711)(307,739)(308,767)(321,348)(322,376)(323,404)
(324,432)(325,460)(326,488)(327,516)(328,544)(329,572)(330,600)(331,628)
(332,656)(333,684)(334,712)(335,740)(336,768)(350,377)(351,405)(352,433)
(353,461)(354,489)(355,517)(356,545)(357,573)(358,601)(359,629)(360,657)
(361,685)(362,713)(363,741)(364,769)(379,406)(380,434)(381,462)(382,490)
(383,518)(384,546)(385,574)(386,602)(387,630)(388,658)(389,686)(390,714)
(391,742)(392,770)(408,435)(409,463)(410,491)(411,519)(412,547)(413,575)
(414,603)(415,631)(416,659)(417,687)(418,715)(419,743)(420,771)(437,464)
(438,492)(439,520)(440,548)(441,576)(442,604)(443,632)(444,660)(445,688)
(446,716)(447,744)(448,772)(466,493)(467,521)(468,549)(469,577)(470,605)
(471,633)(472,661)(473,689)(474,717)(475,745)(476,773)(495,522)(496,550)
(497,578)(498,606)(499,634)(500,662)(501,690)(502,718)(503,746)(504,774)
(524,551)(525,579)(526,607)(527,635)(528,663)(529,691)(530,719)(531,747)
(532,775)(553,580)(554,608)(555,636)(556,664)(557,692)(558,720)(559,748)
(560,776)(582,609)(583,637)(584,665)(585,693)(586,721)(587,749)(588,777)
(611,638)(612,666)(613,694)(614,722)(615,750)(616,778)(640,667)(641,695)
(642,723)(643,751)(644,779)(669,696)(670,724)(671,752)(672,780)(698,725)
(699,753)(700,781)(727,754)(728,782)(756,783),
(2,5,3)(4,6,7)(8,11,9)(10,12,13)(14,26,24)
(15,17,25)(16,20,23)(18,28,22)(19,27,21)(29,57,113)
(30,61,115)(31,58,117)(32,62,119)(33,59,114)(34,63,116)
(35,60,118)(36,67,121)(37,64,123)(38,68,125)(39,65,120)
(40,69,122)(41,66,124)(42,82,136)(43,73,137)(44,76,135)
(45,81,127)(46,84,134)(47,83,133)(48,79,128)(49,75,139)
(50,74,140)(51,72,132)(52,70,138)(53,71,129)(54,80,126)
(55,77,131)(56,78,130)(85,169,141)(86,173,143)(87,170,145)
(88,174,147)(89,171,142)(90,175,144)(91,172,146)(92,179,149)
(93,176,151)(94,180,153)(95,177,148)(96,181,150)(97,178,152)
(98,194,164)(99,185,165)(100,188,163)(101,193,155)(102,196,162)
(103,195,161)(104,191,156)(105,187,167)(106,186,168)(107,184,160)
(108,182,166)(109,183,157)(110,192,154)(111,189,159)(112,190,158)
(197,225,281)(198,229,283)(199,226,285)(200,230,287)(201,227,282)
(202,231,284)(203,228,286)(204,235,289)(205,232,291)(206,236,293)
(207,233,288)(208,237,290)(209,234,292)(210,250,304)(211,241,305)
(212,244,303)(213,249,295)(214,252,302)(215,251,301)(216,247,296)
(217,243,307)(218,242,308)(219,240,300)(220,238,306)(221,239,297)
(222,248,294)(223,245,299)(224,246,298)(253,337,309)(254,341,311)
(255,338,313)(256,342,315)(257,339,310)(258,343,312)(259,340,314)
(260,347,317)(261,344,319)(262,348,321)(263,345,316)(264,349,318)
(265,346,320)(266,362,332)(267,353,333)(268,356,331)(269,361,323)
(270,364,330)(271,363,329)(272,359,324)(273,355,335)(274,354,336)
(275,352,328)(276,350,334)(277,351,325)(278,360,322)(279,357,327)
(280,358,326)(365,645,701)(366,649,703)(367,646,705)(368,650,707)
(369,647,702)(370,651,704)(371,648,706)(372,655,709)(373,652,711)
(374,656,713)(375,653,708)(376,657,710)(377,654,712)(378,670,724)
(379,661,725)(380,664,723)(381,669,715)(382,672,722)(383,671,721)
(384,667,716)(385,663,727)(386,662,728)(387,660,720)(388,658,726)
(389,659,717)(390,668,714)(391,665,719)(392,666,718)(393,673,449)
(394,677,451)(395,674,453)(396,678,455)(397,675,450)(398,679,452)
(399,676,454)(400,683,457)(401,680,459)(402,684,461)(403,681,456)
(404,685,458)(405,682,460)(406,698,472)(407,689,473)(408,692,471)
(409,697,463)(410,700,470)(411,699,469)(412,695,464)(413,691,475)
(414,690,476)(415,688,468)(416,686,474)(417,687,465)(418,696,462)
(419,693,467)(420,694,466)(421,617,533)(422,621,535)(423,618,537)
(424,622,539)(425,619,534)(426,623,536)(427,620,538)(428,627,541)
(429,624,543)(430,628,545)(431,625,540)(432,629,542)(433,626,544)
(434,642,556)(435,633,557)(436,636,555)(437,641,547)(438,644,554)
(439,643,553)(440,639,548)(441,635,559)(442,634,560)(443,632,552)
(444,630,558)(445,631,549)(446,640,546)(447,637,551)(448,638,550)
(477,589,757)(478,593,759)(479,590,761)(480,594,763)(481,591,758)
(482,595,760)(483,592,762)(484,599,765)(485,596,767)(486,600,769)
(487,597,764)(488,601,766)(489,598,768)(490,614,780)(491,605,781)
(492,608,779)(493,613,771)(494,616,778)(495,615,777)(496,611,772)
(497,607,783)(498,606,784)(499,604,776)(500,602,782)(501,603,773)
(502,612,770)(503,609,775)(504,610,774)(505,561,729)(506,565,731)
(507,562,733)(508,566,735)(509,563,730)(510,567,732)(511,564,734)
(512,571,737)(513,568,739)(514,572,741)(515,569,736)(516,573,738)
(517,570,740)(518,586,752)(519,577,753)(520,580,751)(521,585,743)
(522,588,750)(523,587,749)(524,583,744)(525,579,755)(526,578,756)
(527,576,748)(528,574,754)(529,575,745)(530,584,742)(531,581,747)
(532,582,746),(1,8,25,22,19,18,7)(2,9,4,11,20,23,14)
(3,10,17,6,13,26,15)(5,12,28,24,21,27,16)
(29,36,53,50,47,46,35)(30,37,32,39,48,51,42)
(31,38,45,34,41,54,43)(33,40,56,52,49,55,44)
(57,64,81,78,75,74,63)(58,65,60,67,76,79,70)
(59,66,73,62,69,82,71)(61,68,84,80,77,83,72)
(85,92,109,106,103,102,91)(86,93,88,95,104,107,98)
(87,94,101,90,97,110,99)(89,96,112,108,105,111,100)
(113,120,137,134,131,130,119)(114,121,116,123,132,135,126)
(115,122,129,118,125,138,127)(117,124,140,136,133,139,128)
(141,148,165,162,159,158,147)(142,149,144,151,160,163,154)
(143,150,157,146,153,166,155)(145,152,168,164,161,167,156)
(169,176,193,190,187,186,175)(170,177,172,179,188,191,182)
(171,178,185,174,181,194,183)(173,180,196,192,189,195,184)
(197,204,221,218,215,214,203)(198,205,200,207,216,219,210)
(199,206,213,202,209,222,211)(201,208,224,220,217,223,212)
(225,232,249,246,243,242,231)(226,233,228,235,244,247,238)
(227,234,241,230,237,250,239)(229,236,252,248,245,251,240)
(253,260,277,274,271,270,259)(254,261,256,263,272,275,266)
(255,262,269,258,265,278,267)(257,264,280,276,273,279,268)
(281,288,305,302,299,298,287)(282,289,284,291,300,303,294)
(283,290,297,286,293,306,295)(285,292,308,304,301,307,296)
(309,316,333,330,327,326,315)(310,317,312,319,328,331,322)
(311,318,325,314,321,334,323)(313,320,336,332,329,335,324)
(337,344,361,358,355,354,343)(338,345,340,347,356,359,350)
(339,346,353,342,349,362,351)(341,348,364,360,357,363,352)
(365,372,389,386,383,382,371)(366,373,368,375,384,387,378)
(367,374,381,370,377,390,379)(369,376,392,388,385,391,380)
(393,400,417,414,411,410,399)(394,401,396,403,412,415,406)
(395,402,409,398,405,418,407)(397,404,420,416,413,419,408)
(421,428,445,442,439,438,427)(422,429,424,431,440,443,434)
(423,430,437,426,433,446,435)(425,432,448,444,441,447,436)
(449,456,473,470,467,466,455)(450,457,452,459,468,471,462)
(451,458,465,454,461,474,463)(453,460,476,472,469,475,464)
(477,484,501,498,495,494,483)(478,485,480,487,496,499,490)
(479,486,493,482,489,502,491)(481,488,504,500,497,503,492)
(505,512,529,526,523,522,511)(506,513,508,515,524,527,518)
(507,514,521,510,517,530,519)(509,516,532,528,525,531,520)
(533,540,557,554,551,550,539)(534,541,536,543,552,555,546)
(535,542,549,538,545,558,547)(537,544,560,556,553,559,548)
(561,568,585,582,579,578,567)(562,569,564,571,580,583,574)
(563,570,577,566,573,586,575)(565,572,588,584,581,587,576)
(589,596,613,610,607,606,595)(590,597,592,599,608,611,602)
(591,598,605,594,601,614,603)(593,600,616,612,609,615,604)
(617,624,641,638,635,634,623)(618,625,620,627,636,639,630)
(619,626,633,622,629,642,631)(621,628,644,640,637,643,632)
(645,652,669,666,663,662,651)(646,653,648,655,664,667,658)
(647,654,661,650,657,670,659)(649,656,672,668,665,671,660)
(673,680,697,694,691,690,679)(674,681,676,683,692,695,686)
(675,682,689,678,685,698,687)(677,684,700,696,693,699,688)
(701,708,725,722,719,718,707)(702,709,704,711,720,723,714)
(703,710,717,706,713,726,715)(705,712,728,724,721,727,716)
(729,736,753,750,747,746,735)(730,737,732,739,748,751,742)
(731,738,745,734,741,754,743)(733,740,756,752,749,755,744)
(757,764,781,778,775,774,763)(758,765,760,767,776,779,770)
(759,766,773,762,769,782,771)(761,768,784,780,777,783,772),
(1,197,673,589,505,477,169)(2,198,674,590,506,478,170)(3,199,675,591,
507,479,171)(4,200,676,592,508,480,172)(5,201,677,593,509,481,173)
(6,202,678,594,510,482,174)(7,203,679,595,511,483,175)
(8,204,680,596,512,484,176)(9,205,681,597,513,485,177)
(10,206,682,598,514,486,178)(11,207,683,599,515,487,179)
(12,208,684,600,516,488,180)(13,209,685,601,517,489,181)
(14,210,686,602,518,490,182)(15,211,687,603,519,491,183)
(16,212,688,604,520,492,184)(17,213,689,605,521,493,185)
(18,214,690,606,522,494,186)(19,215,691,607,523,495,187)
(20,216,692,608,524,496,188)(21,217,693,609,525,497,189)
(22,218,694,610,526,498,190)(23,219,695,611,527,499,191)
(24,220,696,612,528,500,192)(25,221,697,613,529,501,193)
(26,222,698,614,530,502,194)(27,223,699,615,531,503,195)
(28,224,700,616,532,504,196)(29,225,85,281,533,617,365)
(30,226,86,282,534,618,366)(31,227,87,283,535,619,367)
(32,228,88,284,536,620,368)(33,229,89,285,537,621,369)
(34,230,90,286,538,622,370)(35,231,91,287,539,623,371)
(36,232,92,288,540,624,372)(37,233,93,289,541,625,373)
(38,234,94,290,542,626,374)(39,235,95,291,543,627,375)
(40,236,96,292,544,628,376)(41,237,97,293,545,629,377)
(42,238,98,294,546,630,378)(43,239,99,295,547,631,379)
(44,240,100,296,548,632,380)(45,241,101,297,549,633,381)
(46,242,102,298,550,634,382)(47,243,103,299,551,635,383)
(48,244,104,300,552,636,384)(49,245,105,301,553,637,385)
(50,246,106,302,554,638,386)(51,247,107,303,555,639,387)
(52,248,108,304,556,640,388)(53,249,109,305,557,641,389)
(54,250,110,306,558,642,390)(55,251,111,307,559,643,391)
(56,252,112,308,560,644,392)(57,253,449,141,337,701,393)
(58,254,450,142,338,702,394)(59,255,451,143,339,703,395)
(60,256,452,144,340,704,396)(61,257,453,145,341,705,397)
(62,258,454,146,342,706,398)(63,259,455,147,343,707,399)
(64,260,456,148,344,708,400)(65,261,457,149,345,709,401)
(66,262,458,150,346,710,402)(67,263,459,151,347,711,403)
(68,264,460,152,348,712,404)(69,265,461,153,349,713,405)
(70,266,462,154,350,714,406)(71,267,463,155,351,715,407)
(72,268,464,156,352,716,408)(73,269,465,157,353,717,409)
(74,270,466,158,354,718,410)(75,271,467,159,355,719,411)
(76,272,468,160,356,720,412)(77,273,469,161,357,721,413)
(78,274,470,162,358,722,414)(79,275,471,163,359,723,415)
(80,276,472,164,360,724,416)(81,277,473,165,361,725,417)
(82,278,474,166,362,726,418)(83,279,475,167,363,727,419)
(84,280,476,168,364,728,420)(113,309,757,645,561,729,421)
(114,310,758,646,562,730,422)(115,311,759,647,563,731,423)
(116,312,760,648,564,732,424)(117,313,761,649,565,733,425)
(118,314,762,650,566,734,426)(119,315,763,651,567,735,427)
(120,316,764,652,568,736,428)(121,317,765,653,569,737,429)
(122,318,766,654,570,738,430)(123,319,767,655,571,739,431)
(124,320,768,656,572,740,432)(125,321,769,657,573,741,433)
(126,322,770,658,574,742,434)(127,323,771,659,575,743,435)
(128,324,772,660,576,744,436)(129,325,773,661,577,745,437)
(130,326,774,662,578,746,438)(131,327,775,663,579,747,439)
(132,328,776,664,580,748,440)(133,329,777,665,581,749,441)
(134,330,778,666,582,750,442)(135,331,779,667,583,751,443)
(136,332,780,668,584,752,444)(137,333,781,669,585,753,445)
(138,334,782,670,586,754,446)(139,335,783,671,587,755,447)
(140,336,784,672,588,756,448),(1,9,21)(2,25,24)(3,22,28)
(4,26,12)(6,14,16)(7,10,27)(8,15,17)(11,13,23)
(18,19,20)(29,37,49)(30,53,52)(31,50,56)(32,54,40)
(34,42,44)(35,38,55)(36,43,45)(39,41,51)(46,47,48)
(57,65,77)(58,81,80)(59,78,84)(60,82,68)(62,70,72)
(63,66,83)(64,71,73)(67,69,79)(74,75,76)(85,93,105)
(86,109,108)(87,106,112)(88,110,96)(90,98,100)(91,94,111)
(92,99,101)(95,97,107)(102,103,104)(113,121,133)(114,137,136)
(115,134,140)(116,138,124)(118,126,128)(119,122,139)(120,127,129)
(123,125,135)(130,131,132)(141,149,161)(142,165,164)(143,162,168)
(144,166,152)(146,154,156)(147,150,167)(148,155,157)(151,153,163)
(158,159,160)(169,177,189)(170,193,192)(171,190,196)(172,194,180)
(174,182,184)(175,178,195)(176,183,185)(179,181,191)(186,187,188)
(197,205,217)(198,221,220)(199,218,224)(200,222,208)(202,210,212)
(203,206,223)(204,211,213)(207,209,219)(214,215,216)(225,233,245)
(226,249,248)(227,246,252)(228,250,236)(230,238,240)(231,234,251)
(232,239,241)(235,237,247)(242,243,244)(253,261,273)(254,277,276)
(255,274,280)(256,278,264)(258,266,268)(259,262,279)(260,267,269)
(263,265,275)(270,271,272)(281,289,301)(282,305,304)(283,302,308)
(284,306,292)(286,294,296)(287,290,307)(288,295,297)(291,293,303)
(298,299,300)(309,317,329)(310,333,332)(311,330,336)(312,334,320)
(314,322,324)(315,318,335)(316,323,325)(319,321,331)(326,327,328)
(337,345,357)(338,361,360)(339,358,364)(340,362,348)(342,350,352)
(343,346,363)(344,351,353)(347,349,359)(354,355,356)(365,373,385)
(366,389,388)(367,386,392)(368,390,376)(370,378,380)(371,374,391)
(372,379,381)(375,377,387)(382,383,384)(393,401,413)(394,417,416)
(395,414,420)(396,418,404)(398,406,408)(399,402,419)(400,407,409)
(403,405,415)(410,411,412)(421,429,441)(422,445,444)(423,442,448)
(424,446,432)(426,434,436)(427,430,447)(428,435,437)(431,433,443)
(438,439,440)(449,457,469)(450,473,472)(451,470,476)(452,474,460)
(454,462,464)(455,458,475)(456,463,465)(459,461,471)(466,467,468)
(477,485,497)(478,501,500)(479,498,504)(480,502,488)(482,490,492)
(483,486,503)(484,491,493)(487,489,499)(494,495,496)(505,513,525)
(506,529,528)(507,526,532)(508,530,516)(510,518,520)(511,514,531)
(512,519,521)(515,517,527)(522,523,524)(533,541,553)(534,557,556)
(535,554,560)(536,558,544)(538,546,548)(539,542,559)(540,547,549)
(543,545,555)(550,551,552)(561,569,581)(562,585,584)(563,582,588)
(564,586,572)(566,574,576)(567,570,587)(568,575,577)(571,573,583)
(578,579,580)(589,597,609)(590,613,612)(591,610,616)(592,614,600)
(594,602,604)(595,598,615)(596,603,605)(599,601,611)(606,607,608)
(617,625,637)(618,641,640)(619,638,644)(620,642,628)(622,630,632)
(623,626,643)(624,631,633)(627,629,639)(634,635,636)(645,653,665)
(646,669,668)(647,666,672)(648,670,656)(650,658,660)(651,654,671)
(652,659,661)(655,657,667)(662,663,664)(673,681,693)(674,697,696)
(675,694,700)(676,698,684)(678,686,688)(679,682,699)(680,687,689)
(683,685,695)(690,691,692)(701,709,721)(702,725,724)(703,722,728)
(704,726,712)(706,714,716)(707,710,727)(708,715,717)(711,713,723)
(718,719,720)(729,737,749)(730,753,752)(731,750,756)(732,754,740)
(734,742,744)(735,738,755)(736,743,745)(739,741,751)(746,747,748)
(757,765,777)(758,781,780)(759,778,784)(760,782,768)(762,770,772)
(763,766,783)(764,771,773)(767,769,779)(774,775,776),
(1,225,561)(2,226,562)(3,227,563)(4,228,564)(5,229,565)
(6,230,566)(7,231,567)(8,232,568)(9,233,569)(10,234,570)
(11,235,571)(12,236,572)(13,237,573)(14,238,574)(15,239,575)
(16,240,576)(17,241,577)(18,242,578)(19,243,579)(20,244,580)
(21,245,581)(22,246,582)(23,247,583)(24,248,584)(25,249,585)
(26,250,586)(27,251,587)(28,252,588)(29,673,645)(30,674,646)
(31,675,647)(32,676,648)(33,677,649)(34,678,650)(35,679,651)
(36,680,652)(37,681,653)(38,682,654)(39,683,655)(40,684,656)
(41,685,657)(42,686,658)(43,687,659)(44,688,660)(45,689,661)
(46,690,662)(47,691,663)(48,692,664)(49,693,665)(50,694,666)
(51,695,667)(52,696,668)(53,697,669)(54,698,670)(55,699,671)
(56,700,672)(57,589,757)(58,590,758)(59,591,759)(60,592,760)
(61,593,761)(62,594,762)(63,595,763)(64,596,764)(65,597,765)
(66,598,766)(67,599,767)(68,600,768)(69,601,769)(70,602,770)
(71,603,771)(72,604,772)(73,605,773)(74,606,774)(75,607,775)
(76,608,776)(77,609,777)(78,610,778)(79,611,779)(80,612,780)
(81,613,781)(82,614,782)(83,615,783)(84,616,784)(85,701,309)
(86,702,310)(87,703,311)(88,704,312)(89,705,313)(90,706,314)
(91,707,315)(92,708,316)(93,709,317)(94,710,318)(95,711,319)
(96,712,320)(97,713,321)(98,714,322)(99,715,323)(100,716,324)
(101,717,325)(102,718,326)(103,719,327)(104,720,328)(105,721,329)
(106,722,330)(107,723,331)(108,724,332)(109,725,333)(110,726,334)
(111,727,335)(112,728,336)(141,365,421)(142,366,422)(143,367,423)
(144,368,424)(145,369,425)(146,370,426)(147,371,427)(148,372,428)
(149,373,429)(150,374,430)(151,375,431)(152,376,432)(153,377,433)
(154,378,434)(155,379,435)(156,380,436)(157,381,437)(158,382,438)
(159,383,439)(160,384,440)(161,385,441)(162,386,442)(163,387,443)
(164,388,444)(165,389,445)(166,390,446)(167,391,447)(168,392,448)
(169,253,729)(170,254,730)(171,255,731)(172,256,732)(173,257,733)
(174,258,734)(175,259,735)(176,260,736)(177,261,737)(178,262,738)
(179,263,739)(180,264,740)(181,265,741)(182,266,742)(183,267,743)
(184,268,744)(185,269,745)(186,270,746)(187,271,747)(188,272,748)
(189,273,749)(190,274,750)(191,275,751)(192,276,752)(193,277,753)
(194,278,754)(195,279,755)(196,280,756)(197,393,449)(198,394,450)
(199,395,451)(200,396,452)(201,397,453)(202,398,454)(203,399,455)
(204,400,456)(205,401,457)(206,402,458)(207,403,459)(208,404,460)
(209,405,461)(210,406,462)(211,407,463)(212,408,464)(213,409,465)
(214,410,466)(215,411,467)(216,412,468)(217,413,469)(218,414,470)
(219,415,471)(220,416,472)(221,417,473)(222,418,474)(223,419,475)
(224,420,476)(281,337,617)(282,338,618)(283,339,619)(284,340,620)
(285,341,621)(286,342,622)(287,343,623)(288,344,624)(289,345,625)
(290,346,626)(291,347,627)(292,348,628)(293,349,629)(294,350,630)
(295,351,631)(296,352,632)(297,353,633)(298,354,634)(299,355,635)
(300,356,636)(301,357,637)(302,358,638)(303,359,639)(304,360,640)
(305,361,641)(306,362,642)(307,363,643)(308,364,644)(477,505,533)
(478,506,534)(479,507,535)(480,508,536)(481,509,537)(482,510,538)
(483,511,539)(484,512,540)(485,513,541)(486,514,542)(487,515,543)
(488,516,544)(489,517,545)(490,518,546)(491,519,547)(492,520,548)
(493,521,549)(494,522,550)(495,523,551)(496,524,552)(497,525,553)
(498,526,554)(499,527,555)(500,528,556)(501,529,557)(502,530,558)
(503,531,559)(504,532,560)],3);
