Revision.l2c9e2_360:="@(#)$Id: l2c9e2.360,v 1.1 2000/01/12 15:50:37 ahulpke Exp $";

coh:=MakeCohort(
[(5,10)(6,7)(9,12)(14,15)(16,25)(17,37)(18,49)(19,26)
(20,50)(21,39)(22,27)(23,38)(24,51)(29,52)(30,40)(31,34)
(32,43)(33,58)(35,55)(36,46)(42,54)(44,56)(45,47)(48,60)
(57,59)(62,63)(65,67)(66,70)(68,71)(73,121)(74,122)(75,123)
(76,181)(77,301)(78,241)(79,183)(80,242)(81,303)(82,182)(83,302)
(84,243)(85,124)(86,130)(87,127)(88,184)(89,244)(90,304)(91,187)
(92,307)(93,250)(94,190)(95,247)(96,310)(97,126)(98,128)(99,132)
(100,185)(101,305)(102,246)(103,191)(104,248)(105,311)(106,189)(107,309)
(108,252)(109,125)(110,131)(111,129)(112,186)(113,245)(114,306)(115,188)
(116,308)(117,251)(118,192)(119,249)(120,312)(134,135)(136,193)(137,253)
(138,313)(139,194)(140,314)(141,255)(142,195)(143,254)(144,315)(146,157)
(147,169)(148,205)(149,325)(150,265)(151,229)(152,277)(153,349)(154,217)
(155,337)(156,289)(158,170)(160,207)(161,266)(162,327)(163,218)(164,338)
(165,290)(166,231)(167,279)(168,351)(172,206)(173,326)(174,267)(175,230)
(176,278)(177,350)(178,219)(179,339)(180,291)(197,316)(198,256)(199,202)
(200,259)(201,322)(203,319)(204,262)(209,268)(210,328)(211,220)(212,340)
(213,292)(214,232)(215,280)(216,352)(221,331)(222,274)(223,235)(224,283)
(225,355)(227,346)(228,298)(233,271)(234,334)(236,343)(237,295)(239,286)
(240,358)(258,318)(260,320)(261,263)(264,324)(269,329)(272,281)(273,353)
(275,342)(276,294)(282,335)(284,344)(285,296)(288,359)(293,333)(297,357)
(299,348)(321,323)(332,341)(336,354)(345,356),
(2,91,6,153,23,156,113,175,317,334)(3,190,10,289,50,349,305,218,
257,222)(4,329,15,61,71,258,297,12,318,56)(5,230,16,352,73,
187,101,279,197,167)(7,163,25,213,121,94,245,179,256,339)
(8,251,30,292,143,311,53,281,316,123)(9,14,34,64,170,269,357,62,
196,260)(11,105,52,216,314,117,41,332,198,74)(13,199,63,31,264,
145,54,158,320,223)(17,246,78,263,83,49,114,301,321,242)
(18,57,82,331,120,80,345,90,137,144)(19,176,87,326,168,100,237,201,
319,36)(20,75,88,107,140,234,29,309,136,272)(21,323,95,26,173,
126,306,276,259,112)(22,266,109,102,354,203,185,51,261,307)
(24,221,115,182,336,247,89,265,138,97)(27,338,130,161,291,186,355,262,
200,58)(28,42,135,202,48,60,235,344,324,133)(32,86,150,164,131,
206,295,103,322,212)(33,224,154,195,180,46,343,229,139,351)
(35,142,172,59,312,340,283,128,141,285)(37,47,183,233,252,302,296,244,
313,255)(38,122,184,249,254,274,40,119,193,341)(39,271,191,79,294,
92,304,149,253,125)(43,194,207,45,108,215,236,110,315,356)
(44,284,208,134,68)(55,127,325,278,98,160,225,188,204,280)
(65,348,273,148,84,129,116,286,330,178)(66,210,275,72,111,299,360,327,
209,104)(67,268,282,69,132,288,300,174,328,308)(70,359,293,205,303,
99,248,227,270,231)(76,157,81,219,96,226,177,239,333,337)
(85,240,162,342,192,124,298,267,335,106)(93,118,155,347,171,146,358,165,
211,214)(147,243,166,250,238,290,346,353,152,181)(159,169,228,350,232,
220,310,189,277,287),(13,133)(14,134)(15,135)(16,136)(17,137)
(18,138)(19,139)(20,140)(21,141)(22,142)(23,143)(24,144)(25,193)
(26,194)(27,195)(28,196)(29,197)(30,198)(31,199)(32,200)(33,201)
(34,202)(35,203)(36,204)(37,253)(38,254)(39,255)(40,256)(41,257)
(42,258)(43,259)(44,260)(45,261)(46,262)(47,263)(48,264)(49,313)
(50,314)(51,315)(52,316)(53,317)(54,318)(55,319)(56,320)(57,321)
(58,322)(59,323)(60,324)(73,121)(74,122)(75,123)(76,124)(77,125)
(78,126)(79,127)(80,128)(81,129)(82,130)(83,131)(84,132)(85,181)
(86,182)(87,183)(88,184)(89,185)(90,186)(91,187)(92,188)(93,189)
(94,190)(95,191)(96,192)(97,241)(98,242)(99,243)(100,244)(101,245)
(102,246)(103,247)(104,248)(105,249)(106,250)(107,251)(108,252)(109,301)
(110,302)(111,303)(112,304)(113,305)(114,306)(115,307)(116,308)(117,309)
(118,310)(119,311)(120,312)(145,208)(146,209)(147,210)(148,205)(149,206)
(150,207)(151,212)(152,211)(153,213)(154,215)(155,214)(156,216)(157,268)
(158,269)(159,270)(160,265)(161,266)(162,267)(163,272)(164,271)(165,273)
(166,275)(167,274)(168,276)(169,328)(170,329)(171,330)(172,325)(173,326)
(174,327)(175,332)(176,331)(177,333)(178,335)(179,334)(180,336)(217,280)
(218,281)(219,282)(220,277)(221,278)(222,279)(223,284)(224,283)(225,285)
(226,287)(227,286)(228,288)(229,340)(230,341)(231,342)(232,337)(233,338)
(234,339)(235,344)(236,343)(237,345)(238,347)(239,346)(240,348)(289,352)
(290,353)(291,354)(292,349)(293,350)(294,351)(295,356)(296,355)(297,357)
(298,359)(299,358)(300,360),(1,77,151,217,241)(2,76,152,218,242)
(3,78,153,219,243)(4,80,146,220,244)(5,79,145,221,245)
(6,81,147,222,246)(7,73,149,223,247)(8,74,148,224,248)
(9,75,150,225,249)(10,83,156,226,250)(11,84,154,227,251)
(12,82,155,228,252)(13,89,163,187,253)(14,88,164,188,254)
(15,90,165,189,255)(16,92,158,182,256)(17,91,157,181,257)
(18,93,159,183,258)(19,85,161,185,259)(20,86,160,184,260)
(21,87,162,186,261)(22,95,168,192,262)(23,96,166,190,263)
(24,94,167,191,264)(25,101,125,199,265)(26,100,124,200,266)
(27,102,126,201,267)(28,104,128,194,268)(29,103,127,193,269)
(30,105,129,195,270)(31,97,121,197,271)(32,98,122,196,272)
(33,99,123,198,273)(34,107,131,204,274)(35,108,132,202,275)
(36,106,130,203,276)(37,61,137,211,277)(38,62,136,212,278)
(39,63,138,213,279)(40,64,140,206,280)(41,65,139,205,281)
(42,66,141,207,282)(43,67,133,209,283)(44,68,134,208,284)
(45,69,135,210,285)(46,70,143,216,286)(47,71,144,214,287)
(48,72,142,215,288)(49,113,177,238,289)(50,114,175,239,290)
(51,112,176,240,291)(52,116,180,231,292)(53,117,178,229,293)
(54,115,179,230,294)(55,119,170,234,295)(56,120,171,232,296)
(57,118,169,233,297)(58,109,173,237,298)(59,110,174,235,299)
(60,111,172,236,300)(301,317,333,346,349)(302,318,331,347,350)
(303,316,332,348,351)(304,320,336,339,352)(305,321,334,337,353)
(306,319,335,338,354)(307,323,326,342,355)(308,324,327,340,356)
(309,322,325,341,357)(310,313,329,345,358)(311,314,330,343,359)
(312,315,328,344,360),(1,2,3)(4,7,10)(5,9,11)
(6,8,12)(13,14,15)(16,19,22)(17,21,23)(18,20,24)
(25,37,49)(26,39,50)(27,38,51)(28,40,52)(29,42,53)
(30,41,54)(31,46,55)(32,47,56)(33,48,57)(34,43,58)
(35,44,59)(36,45,60)(61,62,63)(64,67,70)(65,69,71)
(66,68,72)(73,74,75)(76,79,82)(77,81,83)(78,80,84)
(85,97,109)(86,99,110)(87,98,111)(88,100,112)(89,102,113)
(90,101,114)(91,106,115)(92,107,116)(93,108,117)(94,103,118)
(95,104,119)(96,105,120)(121,122,123)(124,127,130)(125,129,131)
(126,128,132)(133,134,135)(136,139,142)(137,141,143)(138,140,144)
(145,157,169)(146,159,170)(147,158,171)(148,160,172)(149,162,173)
(150,161,174)(151,166,175)(152,167,176)(153,168,177)(154,163,178)
(155,164,179)(156,165,180)(181,241,301)(182,243,302)(183,242,303)
(184,244,304)(185,246,305)(186,245,306)(187,250,307)(188,251,308)
(189,252,309)(190,247,310)(191,248,311)(192,249,312)(193,253,313)
(194,255,314)(195,254,315)(196,256,316)(197,258,317)(198,257,318)
(199,262,319)(200,263,320)(201,264,321)(202,259,322)(203,260,323)
(204,261,324)(205,265,325)(206,267,326)(207,266,327)(208,268,328)
(209,270,329)(210,269,330)(211,274,331)(212,275,332)(213,276,333)
(214,271,334)(215,272,335)(216,273,336)(217,289,337)(218,290,338)
(219,291,339)(220,292,340)(221,293,341)(222,294,342)(223,295,343)
(224,296,344)(225,297,345)(226,298,346)(227,299,347)(228,300,348)
(229,277,349)(230,278,350)(231,279,351)(232,280,352)(233,281,353)
(234,282,354)(235,283,355)(236,284,356)(237,285,357)(238,286,358)
(239,287,359)(240,288,360),(1,241,217,151,77)(2,301,289,166,81)
(3,181,337,175,83)(4,302,169,214,90)(5,121,265,223,92)
(6,242,349,238,96)(7,182,145,271,101)(8,303,229,286,105)
(9,122,325,295,107)(10,243,157,334,114)(11,123,205,343,116)
(12,183,277,358,120)(13,304,230,94,138)(14,184,278,103,140)
(15,244,350,118,144)(16,245,97,199,149)(17,305,290,226,153)
(18,61,313,232,155)(19,306,109,262,162)(20,62,193,280,164)
(21,185,338,298,168)(22,186,85,319,173)(23,246,218,346,177)
(24,63,253,352,179)(25,247,158,79,197)(26,307,291,106,201)
(27,124,326,112,203)(28,308,110,142,210)(29,64,254,160,212)
(30,248,351,178,216)(31,125,73,256,221)(32,309,170,274,225)
(33,65,314,292,227)(34,249,98,322,234)(35,66,133,328,236)
(36,126,266,355,240)(37,310,171,82,258)(38,127,206,88,260)
(39,187,339,115,264)(40,188,86,136,269)(41,311,231,154,273)
(42,67,315,172,275)(43,312,111,202,282)(44,68,134,208,284)
(45,128,327,235,288)(46,129,74,316,293)(47,189,146,331,297)
(48,69,194,340,299)(49,190,147,76,317)(50,250,219,91,321)
(51,130,267,100,323)(52,251,99,139,330)(53,70,195,148,332)
(54,191,279,163,336)(55,131,75,196,341)(56,252,159,211,345)
(57,71,255,220,347)(58,192,87,259,354)(59,72,135,268,356)
(60,132,207,283,360)(78,257,353,239,156)(80,318,233,287,165)
(84,198,281,359,180)(89,320,294,167,213)(93,137,329,296,228)
(95,261,161,335,237)(102,200,342,176,276)(104,324,174,215,285)
(108,141,209,344,300)(113,263,222,152,333)(117,143,270,224,348)
(119,204,150,272,357),(1,3,2)(4,5,6)(7,9,8)
(10,11,12)(13,14,15)(16,18,17)(19,20,21)(22,24,23)
(25,27,26)(28,29,30)(31,33,32)(34,35,36)(37,38,39)
(40,42,41)(43,44,45)(46,48,47)(49,51,50)(52,53,54)
(55,57,56)(58,59,60)(61,62,63)(64,66,65)(67,68,69)
(70,72,71)(73,75,74)(76,77,78)(79,81,80)(82,83,84)
(85,86,87)(88,90,89)(91,92,93)(94,96,95)(97,99,98)
(100,101,102)(103,105,104)(106,107,108)(109,110,111)(112,114,113)
(115,116,117)(118,120,119)(121,123,122)(124,125,126)(127,129,128)
(130,131,132)(133,134,135)(136,138,137)(139,140,141)(142,144,143)
(145,147,146)(148,149,150)(151,153,152)(154,155,156)(157,158,159)
(160,162,161)(163,164,165)(166,168,167)(169,171,170)(172,173,174)
(175,177,176)(178,179,180)(181,182,183)(184,186,185)(187,188,189)
(190,192,191)(193,195,194)(196,197,198)(199,201,200)(202,203,204)
(205,206,207)(208,210,209)(211,212,213)(214,216,215)(217,219,218)
(220,221,222)(223,225,224)(226,227,228)(229,230,231)(232,234,233)
(235,236,237)(238,240,239)(241,243,242)(244,245,246)(247,249,248)
(250,251,252)(253,254,255)(256,258,257)(259,260,261)(262,264,263)
(265,267,266)(268,269,270)(271,273,272)(274,275,276)(277,278,279)
(280,282,281)(283,284,285)(286,288,287)(289,291,290)(292,293,294)
(295,297,296)(298,299,300)(301,302,303)(304,306,305)(307,308,309)
(310,312,311)(313,315,314)(316,317,318)(319,321,320)(322,323,324)
(325,326,327)(328,330,329)(331,332,333)(334,336,335)(337,339,338)
(340,341,342)(343,345,344)(346,347,348)(349,350,351)(352,354,353)
(355,356,357)(358,360,359)],3);
