Revision.l3c3_234:="@(#)$Id: l3c3.234,v 1.1 2000/01/12 15:50:37 ahulpke Exp $";

coh:=MakeCohort(
[(3,95,5,135)(4,120,7,159)(6,11,10,18)(8,182,13,160)
(9,54,15,35)(12,177,20,208)(14,79,23,53)(16,55,26,82)
(17,57,28,37)(19,175,31,136)(21,207,34,204)(22,46,36,29)
(24,80,39,115)(25,157,38,192)(27,211,43,184)(30,99)
(32,176,50,194)(33,233,52,229)(40,65,61,94)(41,156,59,116)
(42,58,64,85)(44,145,56,183)(45,113,67,153)(47,206,70,174)
(48,140)(49,51,73,76)(60,102,88,144)(62,216,90,190)
(63,172,87,205)(66,108,96,150)(68,112,98,78)(69,128,100,168)
(72,106,103,134)(74,110,105,77)(75,83,107,119)(81,228,117,214)
(84,217,121,219)(86,165,124,200)(89,101,127,142)(91,221,130,199)
(92,186,126,147)(97,152,137,188)(104,173,146,148)(109,138,151,111)
(114,213,118,185)(122,197,143,191)(123,193,163,218)(125,222,155,209)
(129,226,170,231)(131,202,162,169)(132,178)(139,167,171,201)
(141,180,179,210)(154,232,158,234)(161,187,195,181)(164,215,198,189)
(166,203,196,223)(212,230)(220,227)(224,225),
(1,2,3,4,6,9,14,22,35,53,78,111,150)(5,8,12,19,30,
47,69,99,139,177,76,108,149)(7,11,17,27,42,63,91,129,169,23,
37,56,83)(10,16,25,40,60,87,125,165,199,220,229,50,74)
(13,21,33,51,75,106,147,185,212,226,192,217,119)(15,24,38,58,84,
120,151,103,64,92,131,79,113)(18,29,45,28,44,66,95,134,172,90,
128,167,105)(20,32,49,72,94,133,144,121,160,194,208,110,152)
(26,41,62,89,100,140,178,70,101,141,163,196,153)(31,48,71,102,143,
181,82,118,158,193,213,227,233)(34,52,77,109,146,184,205,124,164,197,
183,159,188)(36,55,81,116,155,190,127,142,180,209,218,228,223)
(39,59,86,123,162,115,117,157,191,211,186,214,202)(43,65,93,132,171,
204,224,231,156,130,170,203,57)(46,68,97,136,174,179,198,219,96,135,
173,195,67)(54,80,114,154,189,85,122,161,98,138,107,148,187)
(61,88,126,166,112,137,176,207,225,232,200,222,215)(73,104,145,182,175,
206,210,221,230,234,216,168,201),(3,5)(4,7)(6,10)(8,13)
(9,15)(11,18)(12,20)(14,23)(16,26)(17,28)(19,31)(21,34)
(22,36)(24,39)(25,38)(27,43)(29,46)(32,50)(33,52)(35,54)
(37,57)(40,61)(41,59)(42,64)(44,56)(45,67)(47,70)(49,73)
(51,76)(53,79)(55,82)(58,85)(60,88)(62,90)(63,87)(65,94)
(66,96)(68,98)(69,100)(72,103)(74,105)(75,107)(77,110)(78,112)
(80,115)(81,117)(83,119)(84,121)(86,124)(89,127)(91,130)(92,126)
(95,135)(97,137)(101,142)(102,144)(104,146)(106,134)(108,150)(109,151)
(111,138)(113,153)(114,118)(116,156)(120,159)(122,143)(123,163)(125,155)
(128,168)(129,170)(131,162)(136,175)(139,171)(141,179)(145,183)(147,186)
(148,173)(152,188)(154,158)(157,192)(160,182)(161,195)(164,198)(165,200)
(166,196)(167,201)(169,202)(172,205)(174,206)(176,194)(177,208)(180,210)
(181,187)(184,211)(185,213)(189,215)(190,216)(191,197)(193,218)(199,221)
(203,223)(204,207)(209,222)(214,228)(217,219)(226,231)(229,233)(232,234)
],1);
