Revision.l3c4_960:="@(#)$Id: l3c4.960,v 1.1 2000/01/12 15:50:37 ahulpke Exp $";

coh:=MakeCohort(
[(7,506)(8,433)(9,61)(10,467)(11,416)(12,125)(13,537)(14,249)
(15,378)(16,391)(17,93)(18,481)(19,269)(20,532)(21,362)(22,448)
(23,303)(24,466)(25,419)(26,482)(27,284)(28,190)(29,425)(30,338)
(31,531)(32,56)(33,477)(34,407)(35,478)(36,116)(37,258)(38,351)
(39,418)(43,80)(44,430)(45,465)(51,587)(52,325)(53,194)(54,659)
(55,692)(57,660)(58,107)(59,350)(60,650)(62,622)(63,127)(64,533)
(65,334)(66,519)(67,166)(68,619)(69,651)(70,498)(71,113)(72,291)
(73,515)(74,487)(75,526)(76,260)(77,405)(78,677)(79,625)(81,214)
(82,494)(83,638)(86,288)(87,510)(88,574)(91,566)(92,607)(94,553)
(95,530)(96,137)(98,381)(99,460)(100,183)(101,370)(102,646)(103,180)
(105,802)(106,339)(108,363)(109,285)(110,694)(111,527)(112,799)(114,807)
(115,557)(117,439)(118,271)(119,536)(120,308)(121,333)(122,691)(123,689)
(124,833)(126,408)(128,349)(129,654)(130,503)(131,632)(132,669)(133,690)
(134,353)(135,593)(136,616)(138,415)(139,890)(140,609)(141,468)(142,512)
(143,480)(144,881)(145,414)(146,486)(147,892)(148,495)(149,311)(150,602)
(151,550)(152,910)(153,471)(154,322)(155,393)(156,358)(157,674)(158,341)
(159,427)(160,871)(161,621)(162,586)(163,397)(164,894)(165,579)(167,330)
(168,597)(169,872)(170,470)(171,535)(172,356)(173,653)(174,693)(175,525)
(176,909)(177,377)(178,599)(179,364)(181,904)(182,575)(184,878)(185,641)
(186,612)(187,454)(188,542)(189,368)(191,801)(192,461)(193,581)(195,422)
(196,409)(197,483)(198,636)(199,329)(200,446)(201,642)(202,450)(203,229)
(204,576)(205,474)(206,523)(207,499)(208,455)(209,839)(210,359)(211,344)
(212,666)(213,390)(215,648)(216,902)(217,354)(218,663)(219,570)(220,456)
(221,459)(222,396)(223,572)(224,385)(225,500)(226,360)(227,592)(228,538)
(230,379)(231,875)(232,342)(233,534)(234,428)(235,869)(236,371)(237,893)
(238,441)(239,571)(240,854)(241,688)(242,656)(243,410)(244,365)(245,853)
(246,647)(247,485)(248,608)(250,508)(251,639)(252,306)(253,543)(254,670)
(255,613)(256,472)(257,395)(259,429)(261,649)(262,652)(263,463)(264,544)
(265,662)(266,685)(267,386)(268,449)(270,458)(272,524)(273,387)(274,505)
(275,337)(276,528)(277,421)(278,401)(279,539)(280,442)(281,452)(282,556)
(283,398)(286,484)(287,643)(289,645)(290,518)(292,676)(293,411)(294,529)
(295,380)(296,501)(297,588)(298,567)(299,561)(300,559)(301,462)(302,883)
(304,490)(305,879)(307,451)(309,493)(310,328)(312,469)(313,675)(314,373)
(315,352)(316,627)(317,435)(318,504)(319,464)(320,520)(321,848)(323,417)
(324,829)(326,402)(327,541)(331,443)(332,850)(335,825)(336,432)(340,843)
(343,795)(345,830)(346,426)(347,423)(348,803)(355,522)(357,436)(361,849)
(366,431)(367,828)(369,644)(372,475)(374,584)(375,583)(376,517)(382,496)
(383,492)(384,591)(388,832)(389,424)(392,838)(394,812)(399,814)(400,438)
(403,445)(404,810)(406,473)(412,479)(413,847)(420,437)(434,491)(440,796)
(444,808)(447,637)(453,513)(457,580)(476,516)(488,826)(489,540)(497,834)
(502,678)(507,673)(509,818)(511,827)(514,841)(521,831)(545,915)(546,614)
(547,920)(548,603)(549,696)(551,633)(552,935)(554,951)(555,624)(558,954)
(560,938)(562,913)(563,620)(564,617)(565,941)(568,687)(569,628)(573,933)
(577,623)(578,934)(582,657)(585,684)(589,671)(590,668)(594,936)(595,618)
(596,864)(598,846)(600,863)(601,630)(604,635)(605,836)(606,655)(610,661)
(611,918)(615,629)(626,667)(631,939)(634,944)(640,681)(658,683)(664,840)
(665,695)(672,844)(679,835)(680,837)(682,953)(686,952)(697,723)(698,739)
(699,784)(700,703)(701,783)(702,770)(704,707)(705,781)(706,712)(708,769)
(709,790)(710,776)(711,771)(713,903)(714,873)(715,746)(716,738)(717,719)
(718,896)(720,877)(721,727)(722,891)(724,866)(725,906)(726,885)(728,821)
(729,919)(730,917)(731,925)(732,889)(733,823)(734,905)(735,798)(736,926)
(737,851)(740,868)(741,897)(742,916)(743,852)(744,914)(745,794)(747,772)
(748,957)(749,882)(750,804)(751,958)(752,950)(753,797)(754,948)(755,865)
(756,786)(757,819)(758,777)(759,949)(760,861)(761,822)(762,782)(763,959)
(764,862)(765,779)(766,789)(767,947)(768,960)(773,860)(774,820)(775,785)
(778,887)(780,901)(787,932)(788,931)(791,824)(792,859)(793,930)(800,928)
(805,921)(806,927)(809,955)(811,943)(813,945)(815,922)(816,942)(817,924)
(842,937)(845,956)(855,929)(856,923)(857,946)(858,940)(867,895)(870,900)
(874,898)(876,908)(880,907)(884,912)(886,911)(888,899),
(2,135,196,697,921,774)(3,383,884,705,718,358)(4,411,480,93,215,648)
(5,124,69,328,303,157)(6,637,404,414,673,30)(7,90,838,596,464,674
)(9,767,533,762,831,168)(10,490,426,600,190,255)(11,74,901,313,747,
570)(12,877,550,535,632,477)(13,374,136,241,87,376)(14,484,310,245,
137,544)(15,164,337,33,348,113)(16,765,702,239,258,27)
(17,528,293,32,693,786)(18,185,341,300,366,155)(19,473,439,530,232,381
)(20,386,274,488,370,420)(21,226,661,244,728,315)(22,696,725,31,280,
496)(23,42,205,240,715,605)(24,95,482,299,353,97)(25,724,686,162,
403,797)(26,567,154,509,688,615)(28,60,213,333,78,165)
(29,716,305,159,416,388)(34,640,178,173,914,494)(35,472,517,672,121,177
)(36,212,547,462,325,861)(37,54,100,701,443,493)(38,422,606,511,769,
546)(39,905,761,287,652,238)(40,737,917,536,156,668)(41,613,390,112,
638,784)(43,775,930,738,228,150)(45,542,789,598,833,428)
(46,552,324,460,820,302)(47,101,75,766,506,507)(48,377,579,105,103,561
)(49,96,53,505,338,836)(50,655,489,844,134,83)(51,721,799,406,466,
510)(52,80,751,710,698,803)(55,193,179,355,432,431)(56,756,485,127,
247,174)(57,474,417,129,281,319)(58,225,235,470,707,521)
(59,123,557,712,498,433)(61,607,929,709,421,131)(62,360,199,491,886,772
)(63,143,276)(64,944,603,776,951,549)(65,675,869,771,685,894)
(66,346,291,457,220,708)(67,641,211,523,659,331)(68,169,940,347,514,262
)(70,115,689,706,350,430)(71,202,122,504,757,538)(72,256,827,727,695,
677)(73,392,518,502,172,145)(76,519,285,758,802,342)(77,170,634,785,
541,821)(79,448,850,402,694,744)(81,447,429,840,279,746)
(82,911,106,711,450,442)(84,890,642,368,883,896)(85,960,815,354,590,805
)(86,271,676,344,408,571)(88,742,778,389,830,445)(89,322,359,863,163,
180)(91,670,222,405,906,266)(92,326,798,487,275,554)(94,720,483,329,
382,739)(98,665,109,478,629,456)(99,221,768,543,753,841)
(102,788,133,499,832,327)(104,260,269,351,699,397)(107,208,187,520,760,277
)(108,204,308,465,437,356)(110,111,955,500,352,219)(114,182,363,249,234,
452)(116,865,296,339,602,704)(117,307,587,467,614,616)(118,469,373,393,
309,126)(119,900,139,512,441,345)(120,684,807,532,264,539)
(125,427,611,527,597,819)(128,719,317,458,284,336)(130,343,888,680,231,385
)(132,898,171,334,455,380)(138,400,782,236,755,407)(140,476,679,923,722,
153)(141,938,573,750,953,824)(142,545,872,555,822,904)(144,209,588,413,
306,891)(146,743)(147,666,396,332,362,790)(148,945,529,745,218,311)
(149,787,176,330,847,361)(151,892,662,501,879,622)(152,560,817,367,852,806
)(158,618)(160,910,959,340,878,589)(161,394,664,323,286,192)
(166,312,463,364,617,770)(167,578,713,497,859,436)(175,899,278,369,446,792
)(181,866,189,444,593,423)(183,687,633,349,270,564)(184,243,475,321,791,
732)(186,667,855,508,610,793)(188,812,563,384,654,290)(191,733,794,252,
224,558)(194,515,627,864,853,575)(195,580,540,298,584,210)
(197,657,365,282,931,669)(198,248,645,924,927,889)(200,283,949,764,471,569
)(201,459,586,922,870,643)(203,729,565,835,849,823)(206,568,391,522,595,
779)(207,548,780,700,295,438)(214,621,810,846,576,651)(216,440)
(217,957,492,424,604,734)(223,574,829,956,619,730)(227,925,880,937,671,486
)(229,903,942,837,663,297)(230,626,599,735,268,425)(233,581,551,261,692,
314)(237,919,399,335,628,294)(242,881,875)(246,954,856)(250,958,434,703,
681,320)(251,658,801,928,932,525)(253,939,916,623,952,635)
(254,646,301,946,378,449)(257,749,639,503,357,868)(259,267,591,316,461,678
)(263,717,649,292,481,559)(265,379,415,412,874,566)(272,516,754,375,740,
825)(273,897,871,773,636,902)(288,435)(289,752,804,943,796,682)
(304,818,777,451,650,537)(318,612,947,479,531,582)(371,625,920,553,690,918
)(372,811,885,741,842,592)(387,410,562,907,895,860)(395,909,936)
(398,813,800)(401,609,814,908,882,656)(409,748,577,912,808,624)
(418,858,631,723,845,851)(419,887,915,781,572,935)(453,630,933,726,926,913
)(454,857,653,691,809,556)(468,873,843,867,608,763)(495,524,862,876,839,
594)(513,714)(526,660,620,854,826,585)(534,783)(583,941,934)
(601,848,828,950,731,736)(644,816,893)(647,948,795,834,683,759),
(2,196,921)(3,884,718)(4,480,215)(5,69,303)(6,404,673)
(7,838,464)(9,533,831)(10,426,190)(11,901,747)(12,550,632)
(13,136,87)(14,310,137)(15,337,348)(16,702,258)(17,293,693)
(18,341,366)(19,439,232)(20,274,370)(21,661,728)(22,725,280)
(23,205,715)(24,482,353)(25,686,403)(26,154,688)(27,765,239)
(28,213,78)(29,305,416)(30,637,414)(31,496,696)(32,786,528)
(33,113,164)(34,178,914)(35,517,121)(36,547,325)(37,100,443)
(38,606,769)(39,761,652)(40,917,156)(41,390,638)(42,240,605)
(43,930,228)(45,789,833)(46,324,820)(47,75,506)(48,579,103)
(49,53,338)(50,489,134)(51,799,466)(52,751,698)(54,701,493)
(55,179,432)(56,485,247)(57,417,281)(58,235,707)(59,557,498)
(60,333,165)(61,929,421)(62,199,886)(63,276,143)(64,603,951)
(65,869,685)(66,291,220)(67,211,659)(68,940,514)(70,689,350)
(71,122,757)(72,827,695)(73,518,172)(74,313,570)(76,285,802)
(77,634,541)(79,850,694)(80,710,803)(81,429,279)(82,106,450)
(83,655,844)(84,642,883)(85,815,590)(86,676,408)(88,778,830)
(89,359,163)(90,596,674)(91,222,906)(92,798,275)(93,648,411)
(94,483,382)(95,299,97)(96,505,836)(98,109,629)(99,768,753)
(101,766,507)(102,133,832)(104,269,699)(105,561,377)(107,187,760)
(108,308,437)(110,955,352)(111,500,219)(112,784,613)(114,363,234)
(115,706,430)(116,296,602)(117,587,614)(118,373,309)(119,139,441)
(120,807,264)(123,712,433)(124,328,157)(125,611,597)(126,469,393)
(127,174,756)(128,317,284)(129,319,474)(130,888,231)(131,607,709)
(132,171,455)(135,697,774)(138,782,755)(140,679,722)(141,573,953)
(142,872,822)(144,588,306)(145,392,502)(147,396,362)(148,529,218)
(149,176,847)(150,775,738)(151,662,879)(152,817,852)(153,476,923)
(155,185,300)(159,388,716)(160,959,878)(161,664,286)(162,797,724)
(166,463,617)(167,713,859)(168,767,762)(169,347,262)(170,785,821)
(173,494,640)(175,278,446)(177,472,672)(180,322,863)(181,189,593)
(182,249,452)(183,633,270)(184,475,791)(186,855,610)(188,563,654)
(191,794,224)(192,394,323)(193,355,431)(194,627,853)(195,540,584)
(197,365,931)(198,645,927)(200,949,471)(201,586,870)(202,504,538)
(203,565,849)(204,465,356)(206,391,595)(207,780,295)(208,520,277)
(209,413,891)(210,580,298)(212,462,861)(214,810,576)(217,492,604)
(221,543,841)(223,829,619)(225,470,521)(226,244,315)(227,880,671)
(229,942,663)(230,599,268)(233,551,692)(236,407,400)(237,399,628)
(238,905,287)(241,376,374)(242,875,881)(243,321,732)(245,544,484)
(246,856,954)(248,924,889)(250,434,681)(251,801,932)(252,558,733)
(253,916,952)(254,301,378)(255,490,600)(256,727,677)(257,639,357)
(259,591,461)(260,351,397)(261,314,581)(263,649,481)(265,415,874)
(266,670,405)(267,316,678)(271,344,571)(272,754,740)(273,871,636)
(282,669,657)(283,764,569)(289,804,796)(290,812,384)(292,559,717)
(294,919,335)(297,903,837)(302,552,460)(304,777,650)(307,467,616)
(311,945,745)(312,364,770)(318,947,531)(320,958,703)(326,487,554)
(327,788,499)(329,739,720)(330,361,787)(331,641,523)(332,790,666)
(334,380,898)(336,719,458)(339,704,865)(340,589,910)(342,519,758)
(343,680,385)(345,900,512)(346,457,708)(349,564,687)(354,805,960)
(358,383,705)(360,491,772)(367,806,560)(368,896,890)(369,792,899)
(371,920,690)(372,885,842)(375,825,516)(379,412,566)(381,473,530)
(386,488,420)(387,562,895)(389,445,742)(395,936,909)(398,800,813)
(401,814,882)(402,744,448)(406,510,721)(409,577,808)(410,907,860)
(418,631,845)(419,915,572)(422,511,546)(423,866,444)(424,734,957)
(425,626,735)(427,527,819)(428,542,598)(436,578,497)(438,548,700)
(442,911,711)(447,840,746)(449,646,946)(451,537,818)(453,933,926)
(454,653,809)(456,665,478)(459,922,643)(468,843,608)(477,877,535)
(479,582,612)(486,925,937)(495,862,839)(501,622,892)(503,868,749)
(508,793,667)(509,615,567)(515,864,575)(522,779,568)(524,876,594)
(525,658,928)(526,620,826)(532,539,684)(536,668,737)(545,555,904)
(549,944,776)(553,918,625)(556,857,691)(574,956,730)(583,934,941)
(585,660,854)(592,811,741)(601,828,731)(609,908,656)(621,846,651)
(623,635,939)(624,748,912)(630,726,913)(644,893,816)(647,795,683)
(675,771,894)(682,752,943)(723,851,858)(729,835,823)(736,848,950)
(750,824,938)(759,948,834)(763,873,867)(773,902,897)(781,935,887),
(2,418,586,781,705,162,39)(3,419,643,723,697,287,25)(4,32,63,17,
93,127,56)(5,544,620,145,414,563,264)(6,518,585,310,328,684,290)
(7,386,664,846,108,474,53)(8,350,70,430,689,706,115)
(9,396,675,716,698,282,34)(10,381,672,844,98,467,89)
(11,43,483,653,782,709,266)(12,352,667,301,339,696,295)
(13,76,390,561,721,708,298)(14,539,673,854,124,384,73)
(15,499,250,531,694,707,151)(16,258,534,559,717,702,292)
(18,284,463,571,779,701,261)(19,322,665,121,490,614,134)
(20,356,674,810,96,394,57)(21,325,64,427,599,711,132)
(22,500,296,477,646,700,186)(23,542,678,853,114,447,75)
(24,72,422,688,777,699,165)(26,482,650,827,104,511,60)
(27,481,649,783,765,239,263)(28,451,606,95,397,615,256)
(29,494,65,365,666,710,168)(30,484,654,826,120,392,69)
(31,508,207,378,550,704,110)(33,501,225,448,612,703,102)
(35,439,600,863,117,478,50)(36,442,603,171,527,661,268)
(37,391,676,770,719,300,233)(38,351,677,818,97,509,78)
(40,512,577,99,460,623,142)(41,510,580,802,105,457,87)
(42,429,575,789,766,182,259)(44,498,59,433,557,712,123)
(45,452,605,864,101,461,81)(46,543,624,119,536,555,253)
(47,428,627,746,715,316,234)(48,519,584,799,112,374,66)
(49,420,621,319,464,161,437)(51,376,103,540,613,220,342)
(52,362,669,771,178,159,533)(54,366,166,522,581,317,344)
(55,432,288,331,641,179,523)(58,434,662,318,337,79,327)
(61,407,556,739,738,313,222)(62,412,71,326,690,170,520)
(67,431,659,211,435,193,355)(68,389,85,424,619,189,368)
(74,421,691,775,91,236,329)(77,415,553,772,92,187,538)
(80,416,685,790,762,173,197)(82,425,597,776,212,244,334)
(83,426,109,473,616,177,359)(84,423,574,217,354,88,347)
(86,336,692,206,364,185,443)(90,417,576,274,505,204,323)
(94,138,405,228,454,607,747)(100,458,595,155,408,551,312)
(106,462,626,315,125,380,549)(107,541,625,275,504,265,491)
(111,535,548,280,116,449,610)(113,479,622,320,470,133,402)
(118,373,564,309,349,687,158)(122,277,487,199,371,566,785)
(126,393,618,270,183,469,633)(128,493,617,314,271,341,568)
(129,286,338,651,838,308,488)(130,395,680,835,283,471,203)
(131,382,670,809,901,755,930)(135,403,572,858,905,718,922)
(136,406,285,346,638,210,377)(137,404,157,172,532,660,812)
(139,324,668,841,904,748,916)(140,357,663,813,903,749,923)
(141,410,573,860,907,743,953)(143,411,247,528,693,756,215)
(144,413,658,825,893,754,932)(146,387,562,824,895,750,938)
(147,388,657,831,894,751,914)(148,401,578,859,908,745,954)
(149,399,242,294,330,647,834)(150,400,570,857,906,720,929)
(152,321,671,843,902,752,926)(153,398,679,837,257,503,229)
(154,269,353,546,304,333,695)(156,409,552,822,900,753,939)
(160,440,601,828,878,731,959)(163,530,655,307,190,472,629)
(164,521,582,832,892,744,958)(167,529,656,814,311,497,246)
(169,444,604,830,883,730,960)(174,276,485,293,480,648,786)
(175,252,524,583,839,191,369)(176,361,628,795,875,759,919)
(180,517,587,232,456,255,489)(181,514,590,829,890,742,957)
(184,367,630,796,871,763,925)(188,303,526,637,807,245,502)
(192,370,596,836,281,465,214)(194,205,363,598,840,267,506)
(195,291,466,579,784,758,241)(196,358,631,797,870,761,935)
(198,372,645,842,885,714,927)(200,385,565,823,888,764,936)
(201,383,652,845,887,724,921)(202,360,634,798,874,760,918)
(208,379,554,821,886,757,920)(209,375,272,306,525,644,801)
(213,260,537,567,769,727,299)(216,340,589,848,910,736,950)
(218,436,609,856,882,713,945)(219,438,602,855,877,725,946)
(221,441,545,820,912,737,952)(223,445,593,815,896,734,940)
(224,446,594,862,899,733,941)(226,450,611,861,898,735,944)
(227,453,608,817,897,732,943)(230,455,547,819,911,728,951)
(231,343,569,849,909,729,949)(235,348,681,850,879,788,947)
(237,335,683,847,881,787,948)(238,459,686,851,884,774,915)
(240,507,279,249,515,591,833)(243,468,682,852,880,773,933)
(248,513,592,811,889,741,924)(251,516,588,816,891,740,928)
(254,496,632,793,865,780,955)(262,492,642,805,866,778,956)
(273,486,560,804,867,791,913)(278,495,558,794,876,792,934)
(289,475,636,806,873,726,937)(297,476,639,800,868,722,942)
(302,345,635,808,872,768,917)(305,332,640,803,869,767,931),
(1,2,3)(4,42,47)(5,40,48)(6,41,46)(7,33,44)
(8,31,45)(9,32,43)(10,15,29)(11,13,30)(12,14,28)
(16,26,39)(17,27,37)(18,25,38)(19,23,36)(20,24,34)
(21,22,35)(49,84,89)(50,85,90)(51,69,68)(52,70,66)
(53,71,67)(54,78,62)(55,79,60)(56,80,61)(57,83,88)
(58,81,86)(59,82,87)(63,72,76)(64,73,77)(65,74,75)
(91,282,254)(92,150,266)(93,284,258)(94,292,262)(95,319,273)
(96,149,308)(98,280,290)(99,230,317)(100,271,306)(101,270,295)
(102,316,297)(103,229,285)(105,216,305)(106,221,318)(107,214,288)
(108,268,314)(109,180,203)(110,251,182)(111,170,196)(112,164,184)
(113,166,194)(114,231,302)(115,313,289)(116,269,303)(117,264,315)
(118,252,183)(119,179,202)(120,137,311)(121,141,274)(122,135,261)
(123,248,173)(124,181,176)(125,249,190)(126,320,278)(127,291,260)
(128,148,275)(129,133,255)(130,143,277)(131,239,168)(132,300,219)
(134,257,312)(136,265,157)(138,276,153)(139,245,160)(140,241,186)
(142,267,307)(144,191,235)(145,206,243)(146,211,310)(147,209,237)
(151,299,218)(152,240,169)(154,281,253)(155,210,238)(156,232,309)
(158,283,256)(159,192,236)(161,193,246)(162,174,198)(163,189,208)
(165,178,201)(167,195,233)(171,177,200)(172,197,234)(175,199,247)
(185,204,242)(187,205,244)(188,207,250)(212,298,223)(213,294,263)
(215,287,227)(217,304,226)(220,301,224)(222,286,259)(225,279,296)
(228,272,293)(321,444,509)(322,452,543)(323,436,420)(324,440,511)
(325,498,519)(326,491,476)(327,492,346)(328,486,344)(329,485,525)
(330,422,534)(331,347,496)(332,348,497)(333,468,505)(334,487,526)
(335,488,345)(336,489,475)(337,349,495)(338,416,537)(339,459,504)
(340,392,361)(341,398,472)(342,493,358)(343,394,367)(350,494,510)
(351,481,419)(352,439,544)(353,395,469)(354,490,360)(355,438,424)
(356,483,428)(357,437,417)(359,441,393)(362,448,478)(363,449,373)
(364,450,536)(365,454,474)(366,453,473)(368,455,397)(369,457,384)
(370,458,380)(371,427,461)(372,432,540)(374,375,447)(376,445,479)
(377,446,535)(378,425,467)(379,435,460)(381,442,518)(382,443,423)
(383,426,541)(385,456,462)(386,451,512)(387,530,464)(388,521,399)
(389,522,400)(390,529,463)(391,482,418)(396,484,429)(401,408,520)
(402,434,516)(403,412,517)(404,413,514)(405,533,515)(406,431,513)
(407,532,466)(409,527,470)(410,414,523)(411,538,524)(415,528,471)
(421,503,480)(430,506,477)(433,531,465)(499,508,542)(500,539,501)
(545,679,634)(546,615,628)(547,680,631)(548,658,667)(549,563,668)
(550,561,663)(551,671,564)(552,672,565)(553,676,652)(554,562,664)
(555,657,665)(556,670,566)(557,675,645)(558,573,596)(559,570,669)
(560,578,598)(567,572,666)(568,618,630)(569,614,629)(571,597,632)
(574,660,638)(575,694,639)(576,656,641)(577,655,640)(579,599,642)
(580,591,644)(581,647,621)(582,695,624)(583,637,584)(585,661,635)
(586,693,636)(587,651,619)(588,646,627)(589,617,633)(590,696,620)
(592,648,643)(593,649,691)(594,600,686)(595,601,687)(602,685,607)
(603,683,626)(604,684,610)(605,682,611)(606,681,623)(608,653,689)
(609,688,612)(613,654,690)(616,662,674)(622,659,677)(625,650,692)
(697,751,822)(698,767,820)(699,794,730)(700,887,755)(701,821,736)
(702,763,861)(703,778,865)(704,906,718)(705,851,788)(706,722,868)
(707,725,896)(708,748,859)(709,797,744)(710,903,724)(711,734,882)
(712,891,740)(713,866,776)(714,786,889)(715,752,862)(716,948,757)
(717,949,773)(719,759,860)(720,772,885)(721,960,791)(723,958,761)
(726,877,747)(727,768,824)(728,926,783)(729,765,804)(731,766,823)
(732,873,756)(733,925,789)(735,932,782)(737,931,781)(738,754,819)
(739,947,774)(741,785,901)(742,758,852)(743,916,777)(745,917,784)
(746,950,764)(749,771,905)(750,919,779)(753,914,790)(760,770,959)
(762,798,787)(769,957,792)(775,780,897)(793,907,940)(795,812,828)
(796,827,829)(799,894,878)(800,898,937)(801,869,881)(802,902,879)
(803,834,850)(805,895,946)(806,912,955)(807,875,883)(808,818,848)
(809,927,884)(810,847,841)(811,929,870)(813,923,876)(814,832,831)
(815,899,956)(816,924,886)(817,911,942)(825,826,830)(833,904,909)
(835,944,915)(836,953,918)(837,939,920)(838,849,843)(839,893,892)
(840,951,913)(842,928,874)(844,941,935)(845,922,888)(846,938,934)
(853,871,890)(854,872,910)(855,900,943)(856,908,945)(857,921,867)
(858,930,880)(863,952,936)(864,954,933)],3);
