Revision.l3c4_105:="@(#)$Id: l3c4.105,v 1.1 2000/01/12 15:50:37 ahulpke Exp $";

coh:=MakeCohort(
[(4,5)(6,58)(7,59)(8,57)(9,56)(10,60)(11,103)(12,102)
(13,104)(14,105)(15,101)(16,28)(17,26)(18,29)(19,27)(20,30)
(21,83)(22,81)(23,84)(24,82)(25,85)(31,69)(32,66)(33,70)
(34,67)(35,68)(37,40)(41,44)(46,87)(47,86)(48,89)(49,90)
(50,88)(53,55)(62,64)(71,78)(72,80)(73,76)(74,77)(75,79)
(91,95)(96,98),(2,63)(3,81,5,97,4,22)(6,24,36,82,
58,99)(7,32,38,66,59,94)(8,41,39,44,57,43)
(9,104,37,26,60,89)(10,17,40,13,56,48)(11,74,46,55,18,78
)(12,102,49,30,20,90)(14,28,50,88,16,105)(15,96,47,25,19,
83)(21,27,85,86,98,101)(23,92,84,35,100,68)(29,53,87,77,
103,71)(31,34,67,69,91,95)(33,51,70,80,93,72)(42,61)
(52,75,79)(54,64,76,65,73,62),
(8,9,10)(11,89,59)(12,88,57)(13,90,60)(14,87,56)
(15,86,58)(16,30,39)(17,29,38)(18,28,37)(19,27,36)
(20,26,40)(21,64,96)(22,63,97)(23,65,99)(24,62,100)
(25,61,98)(32,33,34)(41,79,51)(42,76,54)(43,80,52)
(44,78,53)(45,77,55)(46,67,104)(47,68,101)(48,69,103)
(49,70,102)(50,66,105)(71,75,74)(82,83,85)(91,93,94),
(1,99,91,25,86,56,27)(2,100,95,21,90,60,29)(3,97,94,23,
88,58,28)(4,98,93,24,87,57,26)(5,96,92,22,89,59,30)
(6,12,103,17,64,45,66)(7,14,105,20,62,42,67)
(8,13,101,16,65,41,70)(9,11,104,18,61,44,68)
(10,15,102,19,63,43,69)(31,71,40,85,46,76,51)
(32,75,39,82,47,77,52)(33,73,38,84,49,78,53)
(34,72,37,83,50,79,54)(35,74,36,81,48,80,55),
(2,5,4)(6,54,58)(7,52,59)(8,55,60)(9,51,56)
(10,53,57)(11,69,72)(12,67,74)(13,70,71)(14,66,75)
(15,68,73)(16,38,28)(17,40,29)(18,37,26)(19,36,27)
(20,39,30)(21,82,64)(22,81,63)(23,84,65)(24,83,62)
(25,85,61)(31,103,80)(32,105,79)(33,104,78)(34,102,77)
(35,101,76)(41,90,46)(42,86,47)(43,89,48)(44,87,49)
(45,88,50)(91,95,93)(96,98,100)],3);
