Revision.l3c4_336:="@(#)$Id: l3c4.336,v 1.1 2000/01/12 15:50:37 ahulpke Exp $";

coh:=MakeCohort(
[(3,4)(6,7)(8,10)(11,16)(12,14)(13,15)(17,87)(18,96)
(19,83)(20,93)(21,81)(22,85)(23,86)(24,91)(25,90)(26,82)
(27,88)(28,95)(29,92)(30,94)(31,84)(32,89)(33,191)(34,178)
(35,189)(36,185)(37,179)(38,181)(39,186)(40,188)(41,184)(42,183)
(43,187)(44,180)(45,182)(46,177)(47,192)(48,190)(49,321)(50,329)
(51,330)(52,328)(53,332)(54,333)(55,331)(56,335)(57,334)(58,336)
(59,325)(60,326)(61,327)(62,323)(63,324)(64,322)(65,74)(66,79)
(68,69)(70,76)(71,80)(75,78)(97,103)(98,110)(99,105)(104,109)
(106,112)(107,111)(113,210)(114,214)(115,216)(116,224)(117,217)(118,223)
(119,221)(120,219)(121,215)(122,218)(123,222)(124,220)(125,213)(126,211)
(127,209)(128,212)(130,132)(133,143)(134,142)(135,144)(136,137)(139,140)
(145,292)(146,298)(147,300)(148,304)(149,297)(150,295)(151,302)(152,299)
(153,303)(154,294)(155,301)(156,296)(157,293)(158,289)(159,291)(160,290)
(162,164)(165,167)(168,171)(169,172)(170,173)(175,176)(193,260)(194,262)
(195,271)(196,267)(197,268)(198,266)(199,272)(200,269)(201,261)(202,264)
(203,258)(204,259)(205,257)(206,265)(207,263)(208,270)(225,246)(226,247)
(227,241)(228,245)(229,242)(230,248)(231,256)(232,252)(233,249)(234,243)
(235,253)(236,250)(237,254)(238,251)(239,244)(240,255)(273,288)(274,283)
(275,277)(276,281)(278,285)(280,284)(305,311)(306,318)(307,313)(312,317)
(314,320)(315,319),(2,245,5,128,15,72,8,102,11,27)
(3,228,7,63,14,261,10,39,12,324)(4,174,6,88,16,201,9,186,
13,212)(17,287,246,147,120,134,67,298,112,318)(18,141,250,300,119,311,
77,274,106,156)(19,289,253,316,127,284,80,160,108,132)(20,158,254,131,
124,293,71,317,100,276)(21,267,249,37,117,321,74,233,97,64)
(22,335,252,234,116,57,79,268,111,40)(23,242,243,122,125,76,69,107,
110,31)(24,56,244,259,126,42,66,333,99,230)(25,196,251,179,123,
222,65,175,103,90)(26,229,255,51,115,263,68,46,109,327)
(28,48,241,330,118,226,78,52,104,260)(29,190,247,218,114,164,75,95,
98,205)(30,86,248,204,113,180,70,211,105,165)(32,73,256,101,121)
(33,81,322,206,238,191,49,217,265,176)(34,320,325,273,235,149,55,144,
266,290)(35,239,332,60,227,271,54,43,264,328)(36,187,334,214,232,
171,53,85,257,197)(38,62,323,272,231)(41,277,329,148,237,133,58,
301,262,312)(44,216,326,170,240,94,61,202,258,177)(45,135,336,302,
225,307,59,275,269,146)(47,155,331,140,236,291,50,314,270,283)
(82,167,195,92,188,207,210,189,162,224)(83,296,200,309,184,280,221,151,
166,143)(84,193,203,185,183,213,223,173,168,91)(87,281,194,150,182,
142,220,304,169,313)(89,215,199,161,181)(93,306,208,279,178,157,219,
139,163,297)(96,130,198,295,192,305,209,288,172,159)(129,138,294,292,
315,308,282,285,145,153)(136,310,299,278,319,152,286,137,154,303),
(5,7,6)(8,14,11)(9,15,13)(10,16,12)(17,50,246)
(18,55,254)(19,58,250)(20,59,253)(21,64,256)(22,54,248)
(23,56,242)(24,53,243)(25,62,249)(26,60,252)(27,63,245)
(28,61,241)(29,57,247)(30,51,255)(31,52,244)(32,49,251)
(33,37,38)(34,47,41)(36,42,44)(40,46,43)(65,199,265)
(66,197,257)(67,198,266)(68,193,264)(69,202,260)(70,203,263)
(71,194,270)(72,201,261)(73,196,267)(74,206,272)(75,204,271)
(76,207,258)(77,200,269)(78,195,259)(79,205,268)(80,208,262)
(81,231,322)(82,232,326)(83,236,336)(84,239,328)(85,230,333)
(86,229,335)(87,225,329)(88,228,324)(89,238,321)(90,233,323)
(91,234,332)(92,226,334)(93,235,325)(94,240,330)(95,227,327)
(96,237,331)(97,103,101)(98,109,111)(100,112,106)(104,110,107)
(113,164,213)(114,173,223)(115,165,211)(116,168,218)(117,176,215)
(118,170,214)(119,172,209)(120,166,219)(121,175,217)(122,171,224)
(123,161,222)(124,163,220)(125,162,210)(126,167,216)(127,169,221)
(128,174,212)(129,153,303)(130,155,290)(131,149,297)(132,160,301)
(133,159,300)(134,157,295)(135,146,296)(136,145,299)(137,152,292)
(138,154,294)(139,151,304)(140,148,302)(141,158,289)(142,150,293)
(143,147,291)(144,156,298)(177,188,187)(178,184,192)(179,191,181)
(180,183,185)(274,275,276)(277,283,281)(278,285,282)(279,284,280)
(305,309,311)(306,320,312)(307,313,316)(308,315,319)(314,318,317),
(1,318,300,67,273,178,96)(2,305,296,75,275,180,87)(3,319,303,72,
276,179,83)(4,320,295,78,274,177,93)(5,310,302,80,286,186,90)
(6,314,293,77,287,183,84)(7,317,290,71,288,187,92)
(8,312,292,65,277,185,94)(9,307,298,68,278,189,81)
(10,315,304,66,279,191,95)(11,316,294,74,285,182,88)
(12,309,291,69,283,192,82)(13,306,297,79,284,184,86)
(14,311,299,73,280,188,91)(15,308,289,70,281,181,85)
(16,313,301,76,282,190,89)(17,48,334,61,195,144,222)
(18,39,327,51,198,140,221)(19,35,329,55,201,132,218)
(20,45,324,64,204,138,214)(21,42,325,56,207,130,224)
(22,36,332,52,197,136,223)(23,44,322,53,202,134,209)
(24,46,328,50,199,135,210)(25,33,323,57,208,141,213)
(26,47,331,63,205,131,220)(27,40,330,58,206,137,219)
(28,34,326,62,203,133,211)(29,38,333,54,200,139,216)
(30,43,321,59,196,142,215)(31,37,336,60,194,129,212)
(32,41,335,49,193,143,217)(97,233,126,262,151,241,161)
(98,240,115,263,152,242,162)(99,235,120,261,156,243,163)
(100,229,123,257,159,244,164)(101,236,118,269,153,245,165)
(102,230,122,266,148,246,166)(103,227,125,270,158,247,167)
(104,226,127,267,157,248,168)(105,239,113,271,160,249,169)
(106,237,128,260,147,250,170)(107,231,119,265,155,251,171)
(108,228,121,259,154,252,172)(109,238,116,268,146,253,173)
(110,234,124,272,145,254,174)(111,225,114,264,150,255,175)
(112,232,117,258,149,256,176),(2,3,4)(5,14,8)(6,15,9)
(7,16,10)(11,13,12)(17,163,192)(18,166,182)(19,169,184)
(20,172,178)(21,175,179)(22,165,183)(23,170,189)(24,167,177)
(25,176,191)(26,173,190)(27,174,186)(28,171,188)(29,168,180)
(30,164,185)(31,162,187)(32,161,181)(33,222,238)(34,209,236)
(35,223,229)(36,224,226)(37,217,233)(38,215,231)(39,212,228)
(40,213,239)(41,220,225)(42,210,240)(43,211,234)(44,216,230)
(45,219,237)(46,218,227)(47,221,235)(48,214,232)(49,117,90)
(50,127,83)(51,115,95)(52,122,85)(53,125,92)(54,116,84)
(55,120,96)(56,118,82)(57,113,91)(58,119,87)(59,124,93)
(60,114,86)(61,126,94)(62,121,89)(63,128,88)(64,123,81)
(65,267,206)(66,260,207)(67,262,208)(68,271,193)(69,259,202)
(70,264,205)(71,270,198)(72,261,201)(73,272,199)(74,265,196)
(75,263,203)(76,258,195)(77,266,200)(78,257,197)(79,268,204)
(80,269,194)(97,322,249)(98,328,255)(99,326,242)(100,336,253)
(101,323,256)(102,324,245)(103,321,251)(104,333,243)(105,335,252)
(106,329,246)(107,330,244)(108,331,254)(109,327,247)(110,334,241)
(111,332,248)(112,325,250)(129,286,153)(130,283,149)(131,275,160)
(132,280,155)(133,281,146)(134,279,159)(135,276,157)(136,282,154)
(137,285,145)(138,278,152)(139,287,148)(140,288,158)(141,273,151)
(142,277,156)(143,284,150)(144,274,147)(289,302,304)(290,291,296)
(292,299,294)(293,295,297)(298,300,301)(305,320,318)(306,312,307)
(308,310,315)(309,313,311)(314,317,316)],3);
