Revision.l3c9_910:="@(#)$Id: l3c9.910,v 1.1 2000/01/12 15:50:37 ahulpke Exp $";

coh:=MakeCohort(
[(4,5)(6,9)(7,10)(11,717,33,889,223,112)(12,712,38,885,228,116
)(13,714,39,881,229,114)(14,716,34,884,224,115)(15,718,37,888,227,
119)(16,719,32,890,222,120)(17,715,40,886,230,117)(18,711,36,887,
226,118)(19,713,31,883,221,113)(20,720,35,882,225,111)(21,24,29)
(22,25,30,27,26,28)(41,546,64,574,144,376)(42,545,66,572,145,380
)(43,549,63,573,141,373)(44,542,69,571,149,374)(45,548,68,578,147,
378)(46,543,70,580,142,379)(47,547,65,577,146,371)(48,544,67,575,
148,372)(49,541,61,579,143,377)(50,550,62,576,150,375)
(51,644,81,359,771,666)(52,649,90,356,778,669)(53,647,83,360,773,663
)(54,645,85,353,779,670)(55,641,89,352,776,665)(56,642,84,354,775,
661)(57,646,82,358,780,667)(58,648,87,357,772,668)(59,650,86,355,
774,662)(60,643,88,351,777,664)(71,528,901,121,695,735)
(72,529,902,127,700,738)(73,522,906,123,699,732)(74,527,905,124,694,734
)(75,523,907,126,692,736)(76,521,908,125,698,737)(77,524,910,122,697,
731)(78,525,909,130,693,739)(79,530,903,129,696,733)(80,526,904,128,
691,740)(91,465,384,95,470,387)(92,463,385,100,469,390)
(93,468,381,96,466,382)(94,464,389)(97,462,386)(98,467,388)
(99,461,383)(101,860,342,495,513,334)(102,857,350,491,519,333)
(103,851,343,499,512,339)(104,859,344,496,515,332)(105,855,348,492,518,337
)(106,852,341,498,511,338)(107,856,349,493,520,335)(108,853,346,497,517,
331)(109,858,345,494,514,340)(110,854,347,500,516,336)(131,449,581,363,
391,289)(132,447,587,367,398,288)(133,444,583,364,393,286)
(134,446,586,369,399,290)(135,443,584,368,396,285)(136,441,589,370,395,284
)(137,450,588,362,400,281)(138,448,590,366,392,283)(139,445,585,361,394,
287)(140,442,582,365,397,282)(151,558,502,841,757,194)(152,556,510,849,
753,199)(153,560,509,845,760,195)(154,554,505,843,755,192)
(155,551,503,850,759,198)(156,559,507,842,756,191)(157,552,501,844,758,200
)(158,555,504,847,751,196)(159,553,508,846,754,193)(160,557,506,848,752,
197)(161,567,689,639,862,262)(162,566,687,637,863,270)(163,568,684,638,
865,268)(164,564,683,640,870,265)(165,562,686,632,869,266)
(166,570,685,635,868,264)(167,563,682,636,866,261)(168,561,688,634,864,267
)(169,569,681,631,861,269)(170,565,690,633,867,263)(171,617,188,807,256,
243)(172,619,190,803,260,248)(173,616,189,804,251,241)(174,614,186,805,
253,244)(175,615,187,802,257,245)(176,612,184,801,258,246)
(177,618,185,808,252,250)(178,620,181,806,254,242)(179,613,183,810,255,249
)(180,611,182,809,259,247)(201,764,723,210,767,722)(202,765,726,205,770,
730)(203,763,728)(204,769,725)(206,768,724)(207,766,721)(208,762,729,209,
761,727)(211,708,326,217,706,327)(212,704,324,214,702,323)(213,709,329)
(215,710,321)(216,701,322,218,707,325)(219,705,328)(220,703,330)
(231,296,239,300,233,297)(232,294,236,291,238,293)(234,299)
(235,298,240,292,237,295)(271,471,872,742,431,303)(272,472,876,746,439,307
)(273,476,879,745,440,302)(274,477,873,750,436,301)(275,475,878,748,437,
304)(276,473,875,749,433,305)(277,474,880,743,432,310)(278,479,871,747,
438,309)(279,478,877,741,434,308)(280,480,874,744,435,306)
(311,658,622,538,490,605)(312,651,624,539,489,603)(313,654,627,531,486,610
)(314,656,630,533,484,607)(315,660,625,534,485,601)(316,653,626,535,488,
602)(317,657,629,536,482,608)(318,655,621,540,487,609)(319,652,628,532,
481,604)(320,659,623,537,483,606)(401,593,405,598,408,600)
(402,596,409,595,410,599)(403,592,407,597,406,591)(404,594)
(411,672,813,459,833,428)(412,678,820,453,838,422)(413,676,811,451,832,423
)(414,671,814,456,837,424)(415,677,816,455,840,425)(416,675,815,457,836,
427)(417,673,818,458,835,426)(418,674,817,454,831,421)(419,679,819,452,
839,430)(420,680,812,460,834,429)(781,791,788,798,784,794)
(782,793,787,799,786,800)(783,792,789,797,790,796)(785,795)
(821,824,823,830,826,827)(822,829,828)(891,897,896,900,893,894)
(892,898,899),(2,895,3,594,9,23,6,825,5,785,7,795,8,404,
4,234)(10,299)(11,21,889,823,505,789,101,794,204,406,192,237,705,
898,464,593)(12,383,887,588,508,117,108,550,205,514,196,565,706,557,470,
878)(13,19,883,890,510,504,107,110,202,201,191,195,702,710,462,466)
(14,213,885,672,507,227,103,669,207,757,200,612,701,768,468,144)
(15,73,888,168,502,628,105,746,206,416,194,776,709,365,467,605)
(16,573,886,247,501,262,109,45,208,433,197,430,708,140,461,645)
(17,763,881,148,503,216,102,678,210,226,193,662,703,752,463,615)
(18,43,882,440,506,423,106,132,203,642,199,577,707,250,469,261)
(20,123,884,736,509,181,104,172,209,127,198,735,704,185,465,179)
(22,286,824,154,784,696,800,725,402,486,236,328,894,840,595,33)
(24,364,828,610,790,79,792,166,407,627,231,750,892,415,591,773)
(25,444,821,377,787,903,791,635,401,313,240,274,893,816,598,393)
(26,360,826,531,781,807,798,685,410,61,235,477,897,455,600,53)
(27,717,830,654,782,342,799,868,405,843,238,301,896,94,596,83)
(28,663,822,755,786,617,797,769,408,143,233,219,891,677,592,223)
(29,647,827,579,783,243,793,264,403,49,232,436,899,425,599,133)
(30,112,829,541,788,513,796,570,409,554,239,873,900,389,597,583)
(31,644,281,575,158,248,698,270,723,42,484,438,321,421,834,135)
(32,159,288,692,157,730,694,482,729,326,488,835,327,38,837,287)
(34,742,282,411,156,778,699,366,721,601,481,77,325,163,836,625)
(35,851,284,259,153,336,695,525,727,852,487,253,323,333,839,527)
(36,624,290,745,160,412,700,772,728,368,483,609,322,80,832,164)
(37,241,283,267,151,50,697,432,724,429,485,136,329,646,833,572)
(39,391,289,450,152,378,693,908,726,640,490,314,324,279,831,812)
(40,569,285,556,155,876,691,385,722,585,489,111,330,543,838,511)
(41,395,431,442,428,380,138,906,649,634,574,319,246,277,268,815)
(44,871,434,386,427,584,131,113,643,544,578,520,242,566,265,559)
(46,818,437,397,424,445,137,373,648,907,576,639,249,317,263,276)
(47,186,435,177,426,124,134,732,641,182,571,178,244,130,266,738)
(48,540,439,808,422,683,139,63,650,476,580,451,245,58,269,354)
(51,666,351,753,536,619,806,770,682,145,69,212,478,674,457,229)
(52,804,356,688,534,62,801,472,684,460,64,55,471,358,459,538)
(54,312,355,273,535,820,802,398,681,443,67,371,474,904,453,636)
(56,581,359,120,537,548,803,516,689,564,66,560,480,877,454,381)
(57,814,353,400,539,447,809,375,687,905,68,633,475,316,452,275)
(59,339,352,523,533,854,805,260,690,338,65,528,479,857,458,255)
(60,754,357,611,532,765,810,147,686,211,70,679,473,228,456,670)
(71,335,170,529,621,859,747,252,419,340,774,522,370,853,607,254)
(72,230,169,661,623,759,743,618,413,764,779,141,369,220,602,676)
(74,555,165,875,626,384,749,582,414,118,777,549,367,517,604,567)
(75,652,162,345,629,869,748,848,417,305,780,99,361,88,603,715)
(76,862,167,842,630,306,741,97,420,84,771,713,362,659,608,349)
(78,620,161,767,622,149,744,215,418,675,775,221,363,664,606,751)
(81,449,719,372,657,909,347,637,866,311,845,278,308,817,93,396)
(82,671,711,222,651,668,346,758,863,613,847,761,304,142,91,217)
(85,846,720,302,653,100,341,87,861,714,849,655,310,350,92,870)
(86,189,716,180,656,125,344,739,867,187,850,174,309,128,95,734)
(89,271,712,813,658,392,343,448,864,376,844,910,307,638,96,315)
(90,512,718,561,660,552,348,880,865,382,841,589,303,116,98,545)
(114,320,547,272,519,811,563,394,553,446,879,379,390,902,587,631)
(115,497,542,500,515,493,562,498,551,496,874,491,387,494,586,499)
(119,766,546,150,518,218,568,680,558,224,872,667,388,756,590,616)
(121,280,740,819,183,399,173,441,126,374,737,901,190,632,175,318)
(122,855,731,258,184,337,176,524)(129,296,733,298,188,297,171,291)
(146,332,214,526,673,858,225,251,665,331,760,521,614,856,762,257)
(256,295,334,292,530,293,860,294)(300,495),
(1,593,464,381,224,231,141,91,61,41,31,21,11)(2,595,465,386,228,
232,142,92,62,42,32,22,12)(3,600,470,384,221,233,143,93,63,43,
33,23,13)(4,598,461,383,223,234,144,94,64,44,34,24,14)
(5,596,462,387,222,235,145,95,65,45,35,25,15)(6,592,469,382,227,
236,146,96,66,46,36,26,16)(7,597,468,385,230,237,147,97,67,47,
37,27,17)(8,599,467,390,225,238,148,98,68,48,38,28,18)
(9,594,466,389,229,239,149,99,69,49,39,29,19)(10,591,463,388,226,
240,150,100,70,50,40,30,20)(51,403,264,834,664,474,284,720,510,320,
190,120,80)(52,402,267,837,667,477,287,716,506,316,186,116,76)
(53,404,261,840,670,480,290,713,503,313,183,113,73)(54,409,268,836,666,
476,286,711,501,311,181,111,71)(55,410,266,839,669,479,289,715,505,315,
185,115,75)(56,408,270,832,662,472,282,719,509,319,189,119,79)
(57,407,269,833,663,473,283,714,504,314,184,114,74)(58,405,262,835,665,
475,285,712,502,312,182,112,72)(59,401,265,831,661,471,281,717,507,317,
187,117,77)(60,406,263,838,668,478,288,718,508,318,188,118,78)
(81,790,610,420,250,492,302,528,338,198,352,202,122)(82,784,604,414,244,
495,305,521,331,191,355,205,125)(83,785,605,415,245,496,306,522,332,192,
353,203,123)(84,786,606,416,246,500,310,526,336,196,359,209,129)
(85,789,609,419,249,498,308,529,339,199,360,210,130)(86,783,603,413,243,
494,304,525,335,195,356,206,126)(87,781,601,411,241,491,301,527,337,197,
358,208,128)(88,787,607,417,247,497,307,523,333,193,354,204,124)
(89,788,608,418,248,493,303,524,334,194,357,207,127)(90,782,602,412,242,
499,309,530,340,200,351,201,121)(101,722,682,482,652,735,770,582,821,641,
451,271,161)(102,730,689,489,656,733,764,590,822,642,452,272,162)
(103,723,685,485,659,737,762,589,823,643,453,273,163)(104,724,684,484,653,
739,765,585,824,644,454,274,164)(105,728,686,486,658,732,763,583,825,645,
455,275,165)(106,721,687,487,655,736,766,587,826,646,456,276,166)
(107,729,690,490,660,740,767,581,827,647,457,277,167)(108,726,688,488,651,
738,769,584,828,648,458,278,168)(109,725,683,483,657,731,761,588,829,649,
459,279,169)(110,727,681,481,654,734,768,586,830,650,460,280,170)
(131,291,171,675,536,346,757,547,367,552,568,378,218)(132,293,173,676,531,
341,752,542,362,560,564,374,214)(133,299,179,677,538,348,759,549,369,554,
563,373,213)(134,292,172,673,539,349,755,545,365,551,561,371,211)
(135,297,177,674,540,350,758,548,368,556,569,379,219)(136,295,175,680,535,
345,754,544,364,558,566,376,216)(137,298,178,671,532,342,756,546,366,555,
565,375,215)(138,294,174,672,537,347,753,543,363,559,570,380,220)
(139,296,176,678,533,343,751,541,361,557,562,372,212)(140,300,180,679,534,
344,760,550,370,553,567,377,217)(151,868,708,517,844,805,910,890,777,791,
611,421,251)(152,867,707,512,847,807,902,881,772,792,612,422,252)
(153,866,706,519,842,804,907,889,775,793,613,423,253)(154,870,710,515,849,
801,905,884,774,794,614,424,254)(155,869,709,518,843,802,906,883,773,795,
615,425,255)(156,863,703,514,845,803,909,885,778,796,616,426,256)
(157,862,702,516,848,809,901,886,771,797,617,427,257)(158,861,701,513,841,
810,908,888,776,798,618,428,258)(159,865,705,511,850,808,904,882,780,799,
619,429,259)(160,864,704,520,846,806,903,887,779,800,620,430,260)
(321,580,395,896,880,820,640,450,851,691,750,625,435)(322,579,396,898,874,
813,633,443,855,695,746,621,431)(323,574,394,893,875,814,634,444,858,698,
748,628,438)(324,578,392,891,876,811,631,441,860,700,743,623,433)
(325,577,398,892,879,819,639,449,856,696,749,622,432)(326,575,391,900,873,
812,632,442,857,697,741,629,439)(327,571,397,897,871,817,637,447,852,692,
742,626,436)(328,572,399,899,877,818,638,448,854,694,745,624,434)
(329,573,393,895,878,816,636,446,859,699,744,627,437)(330,576,400,894,872,
815,635,445,853,693,747,630,440),(2,10,7,4,6,8,5,3)
(12,15,16,17)(13,18,14,20)(22,24,30,25,28,29,27,26)
(31,771,581,391,221,131,81,51)(32,772,582,392,222,132,82,52)
(33,773,583,393,223,133,83,53)(34,774,584,394,224,134,84,54)
(35,775,585,395,225,135,85,55)(36,776,586,396,226,136,86,56)
(37,777,587,397,227,137,87,57)(38,778,588,398,228,138,88,58)
(39,779,589,399,229,139,89,59)(40,780,590,400,230,140,90,60)
(41,881,761,571,381,211,121,71)(42,882,762,572,382,212,122,72)
(43,883,763,573,383,213,123,73)(44,884,764,574,384,214,124,74)
(45,885,765,575,385,215,125,75)(46,886,766,576,386,216,126,76)
(47,887,767,577,387,217,127,77)(48,888,768,578,388,218,128,78)
(49,889,769,579,389,219,129,79)(50,890,770,580,390,220,130,80)
(61,444,264,154,94,301,171,101)(62,450,270,160,100,302,172,102)
(63,449,269,159,99,303,173,103)(64,443,263,153,93,304,174,104)
(65,445,265,155,95,305,175,105)(66,446,266,156,96,306,176,106)
(67,448,268,158,98,307,177,107)(68,442,262,152,92,308,178,108)
(69,441,261,151,91,309,179,109)(70,447,267,157,97,310,180,110)
(111,867,756,836,702,492,341,191)(112,868,755,840,705,495,342,192)
(113,861,754,837,709,499,343,193)(114,869,760,834,706,496,344,194)
(115,870,757,835,704,494,345,195)(116,863,753,832,710,500,346,196)
(117,864,758,831,707,497,347,197)(118,866,759,839,708,498,348,198)
(119,865,751,833,701,491,349,199)(120,862,752,838,703,493,350,200)
(141,359,681,651,461,271,339,241)(142,357,688,652,462,272,331,242)
(143,360,685,654,464,274,334,243)(144,354,686,656,466,276,332,244)
(145,355,690,658,468,278,337,245)(146,353,682,655,465,275,338,246)
(147,358,687,659,469,279,336,247)(148,356,684,657,467,277,333,248)
(149,352,683,660,470,280,340,249)(150,351,689,653,463,273,335,250)
(161,379,676,476,856,691,481,281)(162,372,678,478,854,692,482,282)
(163,378,672,472,857,693,483,283)(164,376,679,479,858,694,484,284)
(165,374,675,475,859,695,485,285)(166,377,677,477,860,696,486,286)
(167,371,673,473,852,697,487,287)(168,375,674,474,853,698,488,288)
(169,373,671,471,851,699,489,289)(170,380,680,480,855,700,490,290)
(181,809,629,712,639,537,453,321)(182,806,626,715,634,532,454,322)
(183,810,630,716,636,534,452,323)(184,802,622,720,632,538,460,324)
(185,803,623,718,638,536,459,325)(186,805,625,714,633,533,457,326)
(187,801,621,711,640,540,458,327)(188,807,627,717,635,531,455,328)
(189,804,624,713,631,539,456,329)(190,808,628,719,637,535,451,330)
(201,609,819,749,529,612,551,361)(202,602,820,745,525,618,552,362)
(203,603,814,742,522,616,553,363)(204,610,816,750,530,617,554,364)
(205,606,811,741,521,611,555,365)(206,608,813,746,526,619,556,366)
(207,604,817,743,523,620,557,367)(208,607,812,748,528,614,558,368)
(209,605,815,744,524,615,559,369)(210,601,818,747,527,613,560,370)
(231,292,599,409,239,296,591,401)(232,294,595,405,235,293,592,402)
(233,291,593,403)(234,299,594,404)(236,298,597,407,237,300,596,406)
(238,297,600,410,240,295,598,408)(251,906,846,666,569,549,414,431)
(252,909,849,669,568,548,411,432)(253,901,841,661,565,542,420,433)
(254,907,847,667,567,544,413,434)(255,905,845,665,563,546,417,435)
(256,903,843,663,570,541,415,436)(257,910,850,670,564,547,419,437)
(258,902,842,662,562,545,416,438)(259,908,848,668,561,550,418,439)
(260,904,844,664,566,543,412,440)(311,650,727,507,429,871,731,511)
(312,644,728,508,424,872,732,512)(313,647,725,505,425,873,733,513)
(314,641,722,502,430,874,734,514)(315,642,729,509,427,875,735,515)
(316,648,721,501,421,876,736,516)(317,646,730,510,422,877,737,517)
(318,645,723,503,426,878,738,518)(319,643,726,506,423,879,739,519)
(320,649,724,504,428,880,740,520)(781,824,800,892,782,830,794,891)
(783,829,791,899,789,821,799,893)(784,823,798,897,787,828,793,894)
(785,825,795,895)(786,826,792,898,788,822,796,896)(790,827,797,900)],2);
