Revision.l4c2_120:="@(#)$Id: l4c2.120,v 1.1 2000/01/12 15:50:37 ahulpke Exp $";

coh:=MakeCohort(
[(2,80)(3,82)(4,28)(5,52)(6,19)(7,69)(8,73)(9,10)
(11,111)(12,113)(13,65)(14,25)(15,22)(16,66)(18,96)(20,64)
(21,76)(23,42)(24,84)(26,55)(27,116)(29,114)(30,110)(31,50)
(32,48)(33,118)(34,103)(35,59)(36,98)(37,74)(38,95)(39,67)
(40,46)(41,81)(44,117)(45,56)(47,109)(51,97)(53,83)(54,79)
(57,112)(58,75)(60,68)(61,115)(62,90)(63,93)(71,86)(72,120)
(77,88)(78,104)(85,105)(87,94)(89,107)(92,106)(99,101)(102,108),
(1,82,25,65,3,34,37)(2,20,13,110,70,33,21)(4,114,41,107,
38,36,72)(5,44,74,53,86,26,48)(6,95,78,88,52,28,15)
(7,120,29,60,9,32,76)(8,22,75,39,62,35,80)
(10,100,17,40,59,27,102)(11,90,73,81,42,31,49)
(12,46,77,67,109,30,105)(14,24,47,51,104,23,118)
(16,91,92,101,45,68,103)(18,98,113,57,96,99,117)
(19,85,66,93,83,94,97)(43,108,79,115,55,112,87)
(50,69,71,64,58,54,63)(61,89,111,106,84,119,116),
(1,19,111)(2,68,21)(3,103,64)(4,35,58)(5,17,34)
(6,59,16)(7,98,30)(8,66,83)(9,28,69)(10,52,80)
(11,96,54)(12,75,114)(13,32,108)(14,67,31)(15,117,62)
(18,60,36)(20,61,77)(22,49,74)(23,94,51)(24,87,107)
(25,95,55)(26,81,101)(27,56,86)(29,100,72)(33,71,89)
(37,46,45)(38,40,48)(39,43,42)(41,44,47)(50,109,93)
(53,115,92)(57,102,91)(63,112,104)(65,116,97)(70,99,118)
(73,82,113)(76,120,85)(78,90,84)(79,88,105)(106,119,110)],1);
