Revision.m12_144:="@(#)$Id: m12.144,v 1.1 2000/01/12 15:50:38 ahulpke Exp $";

coh := MakeCohort( 
[ (  3,112)(  4,124)(  6, 77)(  7, 32)(  8, 61)( 10, 28)( 11, 74)( 12, 42)
    ( 13, 27)( 14, 63)( 15, 23)( 16, 22)( 17,114)( 18, 95)( 19,134)( 20, 38)
    ( 21, 36)( 25,113)( 26, 67)( 29,121)( 30, 57)( 31, 55)( 33, 91)( 34, 52)
    ( 35, 39)( 37, 98)( 40, 71)( 41, 66)( 43,123)( 44,132)( 45,137)( 46, 79)
    ( 47,105)( 48, 70)( 49,143)( 50,116)( 51, 62)( 53, 58)( 54,115)( 56,118)
    ( 59, 81)( 60,111)( 64,106)( 65, 82)( 69,135)( 72,127)( 73,131)( 75, 80)
    ( 76,117)( 78,110)( 84, 99)( 85, 89)( 86, 87)( 88,125)( 90,119)( 92,138)
    ( 93,108)( 94,140)( 96,122)( 97,129)(100,104)(101,126)(102,136)(103,109)
    (107,133)(128,144), (  1,  2,  3)(  4,  6,  9)(  5,  7, 11)(  8, 13, 20)
    ( 10, 15, 24)( 12, 18, 28)( 14, 22, 17)( 16, 26, 31)( 19, 30, 23)
    ( 21, 27, 35)( 25, 33, 37)( 29, 32, 40)( 34, 41, 48)( 36, 43, 52)
    ( 38, 45, 55)( 39, 46, 57)( 42, 50, 63)( 44, 54, 69)( 47, 59, 77)
    ( 49, 53, 67)( 51, 65, 85)( 56, 72, 81)( 58, 75, 98)( 60, 79,102)
    ( 61, 80,104)( 62, 82,106)( 64, 83,108)( 66, 87, 76)( 68, 89, 93)
    ( 70, 90,114)( 71, 92,111)( 73, 95,105)( 74, 96,117)( 78,101, 94)
    ( 84,109, 97)( 86,110,124)( 88,113,103)( 91,115,129)( 99,119,123)
    (100,120,131)(107,122,135)(112,126,133)(116,118,132)(121,134,128)
    (125,136,140)(127,130,138)(137,142,141)(139,143,144), 
  (  1,  2,  4)(  3,  5,  8)(  6, 10, 16)(  7, 12, 19)(  9, 14, 23)
    ( 11, 17, 27)( 13, 21, 26)( 15, 25, 34)( 18, 29, 37)( 20, 24, 32)
    ( 22, 31, 39)( 28, 36, 44)( 30, 38, 33)( 35, 42, 51)( 40, 47, 60)
    ( 41, 49, 62)( 43, 53, 68)( 45, 56, 73)( 46, 58, 76)( 48, 61, 81)
    ( 50, 64, 84)( 52, 66, 88)( 54, 70, 91)( 55, 71, 93)( 57, 74, 97)
    ( 59, 78, 69)( 63, 82,107)( 65, 86,111)( 67, 89,102)( 72, 94,101)
    ( 75, 99,108)( 77,100, 90)( 79,103,117)( 80,105,114)( 83,109,123)
    ( 85, 98,119)( 87,112,127)( 92,106,121)( 95,116,131)( 96,118,133)
    (104,115,130)(110,125,120)(113,128,134)(122,126,124)(129,137,135)
    (132,139,142)(136,141,144)(138,140,143) ], 1 );
