Revision.m12e2_144:="@(#)$Id: m12e2.144,v 1.1 2000/01/12 15:50:38 ahulpke Exp $";

coh:=MakeCohort(
[(2,13)(3,25)(4,37)(5,49)(6,61)(7,73)(8,85)(9,97)
(10,109)(11,121)(12,133)(15,26)(16,38)(17,50)(18,62)(19,74)
(20,86)(21,98)(22,110)(23,122)(24,134)(28,39)(29,51)(30,63)
(31,75)(32,87)(33,99)(34,111)(35,123)(36,135)(41,52)(42,64)
(43,76)(44,88)(45,100)(46,112)(47,124)(48,136)(54,65)(55,77)
(56,89)(57,101)(58,113)(59,125)(60,137)(67,78)(68,90)(69,102)
(70,114)(71,126)(72,138)(80,91)(81,103)(82,115)(83,127)(84,139)
(93,104)(94,116)(95,128)(96,140)(106,117)(107,129)(108,141)(119,130)
(120,142)(132,143),(1,2,3,4,5,6,7,8,9,10,11)
(13,14,15,16,17,18,19,20,21,22,23)(25,26,27,28,29,30,31,
32,33,34,35)(37,38,39,40,41,42,43,44,45,46,47)
(49,50,51,52,53,54,55,56,57,58,59)(61,62,63,64,65,66,67,
68,69,70,71)(73,74,75,76,77,78,79,80,81,82,83)
(85,86,87,88,89,90,91,92,93,94,95)(97,98,99,100,101,102,103,
104,105,106,107)(109,110,111,112,113,114,115,116,117,118,119)
(121,122,123,124,125,126,127,128,129,130,131)(133,134,135,136,137,138,139,
140,141,142,143),(1,13,25,37,49,61,73,85,97,109,121)
(2,14,26,38,50,62,74,86,98,110,122)(3,15,27,39,51,63,75,
87,99,111,123)(4,16,28,40,52,64,76,88,100,112,124)
(5,17,29,41,53,65,77,89,101,113,125)(6,18,30,42,54,66,78,
90,102,114,126)(7,19,31,43,55,67,79,91,103,115,127)
(8,20,32,44,56,68,80,92,104,116,128)(9,21,33,45,57,69,81,
93,105,117,129)(10,22,34,46,58,70,82,94,106,118,130)
(11,23,35,47,59,71,83,95,107,119,131)(12,24,36,48,60,72,84,
96,108,120,132),(1,6,5,8,3,7,4,2,9,10)(11,12)
(13,18,17,20,15,19,16,14,21,22)(23,24)(25,30,29,32,27,
31,28,26,33,34)(35,36)(37,42,41,44,39,43,40,38,45,46)
(47,48)(49,54,53,56,51,55,52,50,57,58)(59,60)
(61,66,65,68,63,67,64,62,69,70)(71,72)(73,78,77,80,75,
79,76,74,81,82)(83,84)(85,90,89,92,87,91,88,86,93,94)
(95,96)(97,102,101,104,99,103,100,98,105,106)(107,108)
(109,114,113,116,111,115,112,110,117,118)(119,120)(121,126,125,128,123,
127,124,122,129,130)(131,132)(133,138,137,140,135,139,136,134,141,142)
(143,144),(1,61,49,85,25,73,37,13,97,109)(2,62,50,86,26,
74,38,14,98,110)(3,63,51,87,27,75,39,15,99,111)
(4,64,52,88,28,76,40,16,100,112)(5,65,53,89,29,77,41,17,
101,113)(6,66,54,90,30,78,42,18,102,114)(7,67,55,91,31,
79,43,19,103,115)(8,68,56,92,32,80,44,20,104,116)
(9,69,57,93,33,81,45,21,105,117)(10,70,58,94,34,82,46,22,
106,118)(11,71,59,95,35,83,47,23,107,119)(12,72,60,96,36,
84,48,24,108,120)(121,133)(122,134)(123,135)(124,136)(125,137)
(126,138)(127,139)(128,140)(129,141)(130,142)(131,143)(132,144)],1);
