Revision.m22_330:="@(#)$Id: m22.330,v 1.1 2000/01/12 15:50:38 ahulpke Exp $";

coh:=MakeCohort(
[(4,24)(5,247)(6,139)(7,201)(8,97)(9,305)(10,273)(11,31)
(12,77)(14,16)(15,158)(17,203)(18,76)(19,168)(20,241)(22,239)
(23,237)(25,40)(26,209)(27,323)(28,163)(29,85)(30,179)(33,181)
(34,259)(35,282)(38,164)(39,224)(41,313)(42,205)(43,285)(44,301)
(45,244)(46,314)(47,206)(48,310)(49,63)(52,56)(53,193)(54,70)
(57,64)(58,324)(59,270)(60,154)(61,87)(62,169)(65,322)(66,321)
(67,191)(71,147)(72,204)(73,165)(74,327)(75,94)(79,272)(80,198)
(82,184)(86,146)(89,107)(90,312)(92,182)(93,143)(95,121)(96,271)
(98,253)(99,192)(100,296)(102,217)(103,186)(105,298)(108,307)(113,226)
(114,150)(115,291)(117,306)(118,230)(122,274)(123,249)(124,162)(125,267)
(127,266)(128,195)(129,160)(131,320)(132,290)(133,171)(134,222)(136,215)
(137,293)(138,227)(140,329)(144,288)(145,250)(148,161)(149,286)(151,269)
(152,233)(153,157)(155,235)(156,189)(159,242)(166,315)(167,185)(170,177)
(172,328)(173,180)(174,295)(175,229)(176,294)(178,255)(183,228)(187,325)
(188,311)(190,225)(194,213)(196,240)(197,251)(202,262)(208,263)(210,214)
(211,218)(212,300)(216,302)(221,261)(223,309)(231,277)(232,280)(234,236)
(243,330)(245,284)(246,281)(248,257)(252,304)(254,297)(260,308)(264,279)
(268,276)(275,299)(278,317)(292,326),
(1,2,4,8,16,29,13)(3,6,12,23,40,66,27)(5,10,20,35,
58,93,38)(7,14,26,46,75,114,49)(9,18,32,53,85,130,56)
(11,21,37,61,99,102,65)(15,28,48,79,107,149,36)
(17,30,34,57,91,142,84)(19,33,55,88,136,143,92)
(22,39,64,101,131,186,54)(24,42,70,25,44,73,110)
(31,51,83,127,82,50,52)(41,68,105,156,208,256,159)
(43,71,109,60,97,148,163)(45,74,113,165,219,266,108)
(47,77,118,171,229,282,174)(59,95,146,197,252,295,189)
(62,100,151,192,247,292,172)(67,103,153,204,258,298,206)
(69,106,158,210,262,212,200)(72,111,162,104,154,205,157)
(76,116,129,183,241,280,227)(78,119,173,230,133,86,132)
(80,122,177,194,155,207,203)(81,124,141,193,209,261,236)
(87,134,187,243,184,120,135)(89,138,190,244,272,306,246)
(90,140,178,234,287,279,248)(94,144,195,164,217,269,222)
(96,137,188,196,251,293,255)(98,150,201,161,214,267,198)
(112,126,180,237,239,181,238)(115,167,223,273,308,321,276)
(117,169,226,278,312,328,281)(121,175,232,286,303,218,270)
(123,152,202,257,297,253,288)(125,179,235,283,215,176,233)
(128,182,240,290,319,320,284)(139,191,245,249,250,147,199)
(145,166,221,271,304,324,294)(160,213,259,299,302,323,220)
(168,224,275,309,326,329,311)(170,228,260,301,317,254,274)
(185,216,268,291,313,316,242)(211,263,265,264,300,289,318)
(225,277,310,327,296,322,305)(231,285,315,314,325,330,307),
(1,3,7,15,10)(2,5,11,22,18)(4,9,19,34,30)
(6,13,25,45,42)(8,17,31,52,16)(12,24,43,72,68)
(14,27,37,62,77)(20,36,60,98,95)(21,38,63,93,100)
(23,41,69,107,103)(26,47,78,120,116)(28,49,81,125,122)
(29,50,82,126,44)(32,54,87,135,132)(33,56,90,141,138)
(35,59,96,147,144)(39,65,102,99,136)(40,67,104,155,91)
(46,76,117,170,167)(48,80,123,178,175)(51,84,129,184,182)
(53,86,133,134,186)(55,89,139,192,188)(57,92,143,61,66)
(58,94,145,196,151)(64,88,137,189,202)(70,108,160,113,74)
(71,110,161,215,171)(73,112,164,218,214)(75,115,168,225,221)
(79,121,176,201,153)(83,128,173,217,238)(85,131,111,163,216)
(97,149,200,256,245)(101,152,203,207,162)(105,157,209,241,156)
(106,159,212,265,263)(109,118,172,204,150)(114,166,222,190,124)
(119,174,231,244,269)(127,181,239,237,180)(130,185,242,232,140)
(142,194,249,208,183)(146,198,254,234,288)(148,191,246,291,268)
(154,206,260,302,299)(158,211,264,262,210)(165,220,272,307,304)
(169,227,280,193,248)(177,233,270,195,250)(179,236,289,213,266)
(187,230,284,240,243)(197,253,296,308,273)(199,255,224,276,247)
(205,259,300,318,261)(219,271,305,325,235)(223,274,267,303,252)
(226,279,275,293,319)(228,281,313,306,323)(229,283,314,329,310)
(251,294,278,290,320)(257,295,286,316,328)(258,292,321,327,326)
(277,311,315,285,282)(287,317,301,298,309)(297,312,324,330,322)],1);
