Revision.m22_231:="@(#)$Id: m22.231,v 1.1 2000/01/12 15:50:38 ahulpke Exp $";

coh:=MakeCohort(
[(5,182)(6,162)(7,32)(10,187)(11,164)(12,25)(13,194)(14,27)
(15,155)(16,113)(17,114)(18,66)(19,151)(20,51)(21,224)(22,71)
(24,117)(26,93)(28,142)(29,53)(30,230)(31,68)(33,221)(34,73)
(35,85)(36,212)(37,225)(38,58)(42,104)(43,173)(44,158)(45,168)
(48,90)(49,56)(50,231)(54,160)(55,218)(57,161)(59,192)(60,84)
(61,171)(62,74)(63,188)(64,149)(65,166)(67,102)(70,174)(72,130)
(75,100)(76,132)(81,115)(82,121)(83,116)(86,228)(87,205)(89,118)
(91,122)(92,193)(94,198)(96,145)(99,215)(101,150)(105,157)(106,186)
(107,220)(108,110)(109,124)(111,138)(119,153)(120,141)(123,152)(126,176)
(127,189)(128,217)(131,148)(135,195)(136,197)(137,211)(139,229)(143,227)
(144,180)(146,201)(147,177)(154,214)(156,199)(159,184)(163,223)(165,207)
(167,202)(169,209)(170,191)(175,222)(179,206)(181,208)(183,185)(190,196)
(203,210)(216,226),(1,2,4,8,16,28,13)(3,6,12,5,10,20,
26)(7,14,25,41,63,94,45)(9,18,31,49,75,104,52)
(11,21,35,55,84,125,58)(15,27,44,68,101,124,34)
(17,29,47,72,89,23,37)(19,32,51,78,117,122,82)
(22,36,57,86,129,160,50)(24,39,61,38,59,88,93)
(30,40,62,92,126,128,111)(33,53,81,121,165,191,73)
(42,64,96,116,135,65,97)(43,66,99,139,85,127,141)
(46,48,74,67,100,140,149)(54,83,123,168,119,163,166)
(56,60,90,134,169,177,170)(69,103,145,185,197,120,80)
(70,105,147,155,137,178,182)(71,107,148,130,98,91,108)
(76,113,156,167,199,219,194)(77,115,159,136,176,174,175)
(79,118,162,196,203,87,131)(95,132,172,202,186,106,142)
(102,143,183,207,221,222,209)(109,150,153,138,144,184,151)
(110,152,189,206,188,205,180)(112,154,158,114,157,193,179)
(133,173,204,210,224,212,181)(146,187,211,225,215,223,208)
(161,164,198,218,227,231,195)(171,200,201,217,229,220,230)
(190,213,216,228,226,192,214),(1,3,7,15,10)(2,5,11,22,18)
(4,9,19,33,29)(6,13,24,40,37)(8,17,30,48,16)
(12,23,38,60,21)(14,26,43,67,64)(20,34,54,81,66)
(25,42,65,98,57)(27,45,70,106,103)(28,46,71,108,39)
(31,50,77,116,113)(32,52,80,120,118)(35,56,85,128,55)
(36,58,87,132,41)(44,69,104,146,143)(47,73,110,153,150)
(49,76,114,158,154)(51,79,119,164,78)(53,82,122,167,99)
(59,89,133,100,141)(61,91,135,175,90)(62,93,137,179,176)
(63,95,68,102,144)(72,109,151,190,173)(74,111,139,156,96)
(75,112,155,192,187)(83,124,129,121,166)(84,126,92,136,177)
(86,130,171,201,165)(88,127,170,159,178)(94,138,180,205,105)
(101,142,182,115,160)(107,149,140,181,206)(117,161,195,216,199)
(123,163,131,125,169)(134,174,193,198,168)(145,186,210,224,202)
(147,188,212,204,214)(148,189,152,191,200)(157,194,215,227,218)
(162,197,217,230,196)(172,203,220,229,185)(183,208,222,221,207)
(184,209,223,219,213)(211,226,228,231,225)],1);
