Revision.m23_506:="@(#)$Id: m23.506,v 1.1 2000/01/12 15:50:38 ahulpke Exp $";

coh := MakeCohort( 
[ (  1,  2,  4,  8, 16, 31, 60,113,193,310,364,397,456,444,204,326,172,269,
      32, 62,117,107,192)(  3,  6, 12, 23, 44, 84,154,259,299,350,463,429,459,
     294,112,198,319,440,267, 67,123,184, 63)(  5, 10, 19, 37, 71,129,219,347,
     389,418,478,505,225,356,409,468, 83,152,256,388,471,467,504)
    (  7, 14, 27, 52, 98,178,289,414,244,167, 17, 33, 64,119,208,331,446,188,
     303,358,101,183,297)(  9, 15, 29, 56,106,191,308,368,290,222,165,212,337,
     380,327,394,443,332,416,464,503,450,275)( 11, 21, 40, 77,140,237,292,157,
     264,199,194,312,373,386,480,506,334,447,393,302,401,487,476)
    ( 13, 25, 48, 55,104, 89,163,271,399,196,316, 20, 38, 73,133,226,357,279,
     218,149,250,384,479)( 18, 35, 68,124,213,339,284,155,261,151,254,328,200,
     186,286,411,492,143,240,216,344,375,466)( 22, 42, 80,146,245,377,431,470,
     220,349,441,488,501,502,483,251,385,315,410,321,325, 57,108)
    ( 24, 46, 88,130,221,351,465,451,412,114,201,322,442,305, 87,160,268,242,
     103,147,246,318,439)( 26, 50, 94,171,281,285,309, 53,100,181,295,406,489,
     494,355,118,206,253,387,481,348,460,496)( 28, 54,102,185,105,189,304,425,
     300,422,484, 39, 75,136,230,361,229, 74,134, 99, 47, 90, 36)
    ( 30, 58,109, 65,121,139,235,365,419,179,291,417,493,255,338,371,475,461,
     396,170,280,407,490)( 34, 66,122,210,335,141,207,329,445,499,352, 43, 82,
     150,252, 95,173,282,270,398,462,421,366)( 41, 79,144,241, 76,138,234,159,
     61,115, 97,176,132,224,354,382,427,211,336,313,433,307,426)
    ( 45, 86,158,266,395, 78,142,238,369,473,452,180,293,408,482,424, 85,156,
     236,367,472,491,247)( 49, 92,168,277,405,458,402,164,272,400,363,455,432,
     497,126,135,228,273,202,323,288, 93,169)( 51, 96,175,231,362,345,239,370,
     428,495,227,359,110,195,314,435,474,500,434, 59,111,197,265)
    ( 69,125,214,341,453,249,383,449,260,372,343,415,448,276,278,317,438, 72,
     131,223,353,346,457)( 70,127,217,120,209,333,182,296,215,298,128,187,301,
     342,454,486,177,287,413,437,498,485,262)( 81,148,248,381,477,469,161,205,
     145,243,374,423,330,436,360,376,379,404,391, 91,166,274,403)
    (116,203,324,378,420,258,320,340,162,233,311,430,153,257,174,283,137,232,
     263,392,190,306,390), (  1,  3,  7, 15, 30, 59,112,199,320,254, 19)
    (  2,  5, 11, 22, 43, 83,153,258,344,248,382)(  4,  9, 18, 36, 70,128,218,
     346,458, 73, 62)(  6, 13, 26, 51, 97,177,288,243,375, 90,165)
    (  8, 17, 34, 67,119,158,267,397,473, 94,172)( 10, 20, 39, 76,139,236,224,
     355,468,283,409)( 12, 24, 47, 91,167,276,404,488,457,160,269)
    ( 14, 28, 55,105,190,307,427,246,379,293,108)( 16, 32, 63,118,207,330,208,
     332,163,150,253)( 21, 41, 25, 49, 93,170,115,202,319,441,399)
    ( 23, 45, 87,161, 58,110,196,317,197,318, 66)( 27, 53,101,184,299,381,111,
     124,206,183,298)( 29, 57, 50, 95,174,284,301,424,463,310,429)
    ( 31, 61,116,204,327,444,426,268,324,104,188)( 33, 65, 92, 54,103,187,302,
     272,401,369,474)( 35, 69,126,216,210,131,134,168,278,406,252)
    ( 37, 72,132,225,274,308,428,496,499,169,279)( 38, 74,135,229,148,249,374,
     476,503, 86,159)( 40, 78,143,185,121,138,173,203,325,214,342)
    ( 42, 81,149,251,386,438,442,102,186,300,423)( 44, 85,157,265,394,414,392,
     485,446,480,498)( 46, 89,164,273,402,280,146,136,231,363,297)
    ( 48, 82,151,255,259,370,331,250,201,306,341)( 52, 99,180,294,420,472,398,
     367,142,239,371)( 56,107,193,311,431,354,467,336,450,500,329)
    ( 60,114,192,191,309, 75,137,233,133,227, 96)( 64,120, 77,141,125,215,343,
     455,195,315,365)( 68, 88,162,270, 80,147,247,380,435,387,417)
    ( 71,130,222,352,466,475,171,257,389,291,418)( 79,145,244,376,198,281,312,
     432,238,296,400)( 84,155,262,391,484,271,287,351,339,277,356)
    ( 98,179,292,419,335,449,497,505,323,347,459)(100,182,237,368,349,462,490,
     403,226,358,181)(106,144,242,303,223,316,437,175,285,410,377)
    (109,194,313,434,492,440,156,263,240,372,140)(113,200,321,230,353,460,127,
     209,334,448,337)(117,205,328,425,264,393,433,304,189,305,152)
    (122,211,261,390,483,504,228,360,213,340,452)(123,212,338,451,453,487,479,
     447,178,290,416)(129,220,350,464,176,286,412,384,430,241,373)
    (154,260,357,469,221,232,364,388,482,506,422)(166,275,361,471,405,413,407,
     454,481,495,256)(217,345,456,501,465,235,366,289,415,322,443)
    (219,348,461,502,493,362,314,436,477,411,333)(234,326,359,470,295,421,494,
     383,478,439,489)(245,378,445,395,486,282,408,491,266,396,385) ], 0 );
