Revision.o10pc2_527:="@(#)$Id: o10pc2.527,v 1.1 2000/01/12 15:50:38 ahulpke Exp $";

coh:=MakeCohort(
[(16,272)(17,273)(18,274)(19,275)(20,276)(21,277)(22,278)(23,279)
(24,280)(25,281)(26,282)(27,283)(28,284)(29,285)(30,286)(31,287)
(40,288)(41,289)(42,290)(43,291)(44,292)(45,293)(46,294)(47,295)
(56,304)(57,305)(58,306)(59,307)(60,308)(61,309)(62,310)(63,311)
(72,320)(73,321)(74,322)(75,323)(76,324)(77,325)(78,326)(79,327)
(88,336)(89,337)(90,338)(91,339)(92,340)(93,341)(94,342)(95,343)
(104,352)(105,353)(106,354)(107,355)(108,356)(109,357)(110,358)(111,359)
(120,368)(121,369)(122,370)(123,371)(124,372)(125,373)(126,374)(127,375)
(136,384)(137,385)(138,386)(139,387)(140,388)(141,389)(142,390)(143,391)
(152,400)(153,401)(154,402)(155,403)(156,404)(157,405)(158,406)(159,407)
(168,416)(169,417)(170,418)(171,419)(172,420)(173,421)(174,422)(175,423)
(184,432)(185,433)(186,434)(187,435)(188,436)(189,437)(190,438)(191,439)
(200,448)(201,449)(202,450)(203,451)(204,452)(205,453)(206,454)(207,455)
(216,464)(217,465)(218,466)(219,467)(220,468)(221,469)(222,470)(223,471)
(232,480)(233,481)(234,482)(235,483)(236,484)(237,485)(238,486)(239,487)
(248,496)(249,497)(250,498)(251,499)(252,500)(253,501)(254,502)(255,503)
(264,512)(265,513)(266,514)(267,515)(268,516)(269,517)(270,518)(271,519),
(1,3)(5,7)(9,11)(13,15)(17,19)(21,23)(25,27)(29,31)
(48,64)(49,65)(50,66)(51,67)(52,68)(53,69)(54,70)(55,71)
(56,72)(57,73)(58,74)(59,75)(60,76)(61,77)(62,78)(63,79)
(81,83)(85,87)(89,91)(93,95)(98,99)(102,103)(106,107)(110,111)
(112,128)(113,129)(114,131)(115,130)(116,132)(117,133)(118,135)(119,134)
(120,136)(121,137)(122,139)(123,138)(124,140)(125,141)(126,143)(127,142)
(145,147)(149,151)(153,155)(157,159)(164,165)(166,167)(172,173)(174,175)
(176,192)(177,193)(178,194)(179,195)(180,197)(181,196)(182,199)(183,198)
(184,200)(185,201)(186,202)(187,203)(188,205)(189,204)(190,207)(191,206)
(209,211)(213,215)(217,219)(221,223)(226,227)(228,229)(234,235)(236,237)
(240,256)(241,257)(242,259)(243,258)(244,261)(245,260)(246,262)(247,263)
(248,264)(249,265)(250,267)(251,266)(252,269)(253,268)(254,270)(255,271)
(273,275)(277,279)(281,283)(285,287)(296,297)(298,299)(300,301)(302,303)
(304,320)(305,321)(306,322)(307,323)(308,324)(309,325)(310,326)(311,327)
(312,329)(313,328)(314,331)(315,330)(316,333)(317,332)(318,335)(319,334)
(337,339)(341,343)(345,347)(349,351)(354,355)(358,359)(360,361)(364,365)
(368,384)(369,385)(370,387)(371,386)(372,388)(373,389)(374,391)(375,390)
(376,393)(377,392)(378,394)(379,395)(380,397)(381,396)(382,398)(383,399)
(401,403)(405,407)(409,411)(413,415)(420,421)(422,423)(424,425)(426,427)
(432,448)(433,449)(434,450)(435,451)(436,453)(437,452)(438,455)(439,454)
(440,457)(441,456)(442,459)(443,458)(444,460)(445,461)(446,462)(447,463)
(465,467)(469,471)(473,475)(477,479)(482,483)(484,485)(488,489)(494,495)
(496,512)(497,513)(498,515)(499,514)(500,517)(501,516)(502,518)(503,519)
(504,521)(505,520)(506,522)(507,523)(508,524)(509,525)(510,527)(511,526),
(2,3)(6,7)(10,11)(14,15)(18,19)(22,23)(26,27)(30,31)
(32,64)(33,65)(34,66)(35,67)(36,68)(37,69)(38,70)(39,71)
(40,72)(41,73)(42,74)(43,75)(44,76)(45,77)(46,78)(47,79)
(82,83)(86,87)(90,91)(94,95)(96,128)(97,129)(98,130)(99,131)
(100,132)(101,133)(102,134)(103,135)(104,136)(105,137)(106,138)(107,139)
(108,140)(109,141)(110,142)(111,143)(114,115)(118,119)(122,123)(126,127)
(146,147)(150,151)(154,155)(158,159)(160,192)(161,193)(162,194)(163,195)
(164,196)(165,197)(166,198)(167,199)(168,200)(169,201)(170,202)(171,203)
(172,204)(173,205)(174,206)(175,207)(180,181)(182,183)(188,189)(190,191)
(210,211)(214,215)(218,219)(222,223)(224,256)(225,257)(226,258)(227,259)
(228,260)(229,261)(230,262)(231,263)(232,264)(233,265)(234,266)(235,267)
(236,268)(237,269)(238,270)(239,271)(242,243)(244,245)(250,251)(252,253)
(274,275)(278,279)(282,283)(286,287)(288,320)(289,321)(290,322)(291,323)
(292,324)(293,325)(294,326)(295,327)(296,328)(297,329)(298,330)(299,331)
(300,332)(301,333)(302,334)(303,335)(312,313)(314,315)(316,317)(318,319)
(338,339)(342,343)(346,347)(350,351)(352,384)(353,385)(354,386)(355,387)
(356,388)(357,389)(358,390)(359,391)(360,392)(361,393)(362,394)(363,395)
(364,396)(365,397)(366,398)(367,399)(370,371)(374,375)(376,377)(380,381)
(402,403)(406,407)(410,411)(414,415)(416,448)(417,449)(418,450)(419,451)
(420,452)(421,453)(422,454)(423,455)(424,456)(425,457)(426,458)(427,459)
(428,460)(429,461)(430,462)(431,463)(436,437)(438,439)(440,441)(442,443)
(466,467)(470,471)(474,475)(478,479)(480,512)(481,513)(482,514)(483,515)
(484,516)(485,517)(486,518)(487,519)(488,520)(489,521)(490,522)(491,523)
(492,524)(493,525)(494,526)(495,527)(498,499)(500,501)(504,505)(510,511),
(2,6)(3,7)(10,14)(11,15)(18,22)(19,23)(26,30)(27,31)
(33,35)(37,39)(41,43)(45,47)(65,67)(69,71)(73,75)(77,79)
(80,112)(81,113)(82,114)(83,115)(84,116)(85,117)(86,118)(87,119)
(88,120)(89,121)(90,122)(91,123)(92,124)(93,125)(94,126)(95,127)
(96,128)(97,131)(98,130)(99,129)(100,132)(101,135)(102,134)(103,133)
(104,136)(105,139)(106,138)(107,137)(108,140)(109,143)(110,142)(111,141)
(146,150)(147,151)(154,158)(155,159)(161,163)(165,167)(169,171)(173,175)
(180,182)(181,183)(188,190)(189,191)(193,195)(197,199)(201,203)(205,207)
(208,240)(209,241)(210,242)(211,243)(212,246)(213,247)(214,244)(215,245)
(216,248)(217,249)(218,250)(219,251)(220,254)(221,255)(222,252)(223,253)
(224,256)(225,259)(226,258)(227,257)(228,260)(229,263)(230,262)(231,261)
(232,264)(233,267)(234,266)(235,265)(236,268)(237,271)(238,270)(239,269)
(274,278)(275,279)(282,286)(283,287)(289,291)(293,295)(297,299)(301,303)
(312,314)(313,315)(316,318)(317,319)(321,323)(325,327)(329,331)(333,335)
(336,368)(337,369)(338,370)(339,371)(340,372)(341,373)(342,374)(343,375)
(344,378)(345,379)(346,376)(347,377)(348,382)(349,383)(350,380)(351,381)
(352,384)(353,387)(354,386)(355,385)(356,388)(357,391)(358,390)(359,389)
(360,392)(361,395)(362,394)(363,393)(364,396)(365,399)(366,398)(367,397)
(402,406)(403,407)(410,414)(411,415)(417,419)(421,423)(425,427)(429,431)
(436,438)(437,439)(440,442)(441,443)(449,451)(453,455)(457,459)(461,463)
(464,496)(465,497)(466,498)(467,499)(468,502)(469,503)(470,500)(471,501)
(472,506)(473,507)(474,504)(475,505)(476,508)(477,509)(478,510)(479,511)
(480,512)(481,515)(482,514)(483,513)(484,516)(485,519)(486,518)(487,517)
(488,520)(489,523)(490,522)(491,521)(492,524)(493,527)(494,526)(495,525),
(4,6)(5,7)(12,14)(13,15)(20,22)(21,23)(28,30)(29,31)
(34,35)(38,39)(42,43)(46,47)(48,112)(49,113)(50,114)(51,115)
(52,116)(53,117)(54,118)(55,119)(56,120)(57,121)(58,122)(59,123)
(60,124)(61,125)(62,126)(63,127)(64,128)(65,129)(66,131)(67,130)
(68,132)(69,133)(70,135)(71,134)(72,136)(73,137)(74,139)(75,138)
(76,140)(77,141)(78,143)(79,142)(98,99)(102,103)(106,107)(110,111)
(148,150)(149,151)(156,158)(157,159)(162,163)(166,167)(170,171)(174,175)
(176,240)(177,241)(178,242)(179,243)(180,244)(181,245)(182,246)(183,247)
(184,248)(185,249)(186,250)(187,251)(188,252)(189,253)(190,254)(191,255)
(192,256)(193,257)(194,259)(195,258)(196,260)(197,261)(198,263)(199,262)
(200,264)(201,265)(202,267)(203,266)(204,268)(205,269)(206,271)(207,270)
(212,214)(213,215)(220,222)(221,223)(226,227)(230,231)(234,235)(238,239)
(276,278)(277,279)(284,286)(285,287)(290,291)(294,295)(298,299)(302,303)
(304,368)(305,369)(306,370)(307,371)(308,372)(309,373)(310,374)(311,375)
(312,376)(313,377)(314,378)(315,379)(316,380)(317,381)(318,382)(319,383)
(320,384)(321,385)(322,387)(323,386)(324,388)(325,389)(326,391)(327,390)
(328,392)(329,393)(330,395)(331,394)(332,396)(333,397)(334,399)(335,398)
(344,346)(345,347)(348,350)(349,351)(354,355)(358,359)(362,363)(366,367)
(404,406)(405,407)(412,414)(413,415)(418,419)(422,423)(426,427)(430,431)
(432,496)(433,497)(434,498)(435,499)(436,500)(437,501)(438,502)(439,503)
(440,504)(441,505)(442,506)(443,507)(444,508)(445,509)(446,510)(447,511)
(448,512)(449,513)(450,515)(451,514)(452,516)(453,517)(454,519)(455,518)
(456,520)(457,521)(458,523)(459,522)(460,524)(461,525)(462,527)(463,526)
(468,470)(469,471)(472,474)(473,475)(482,483)(486,487)(490,491)(494,495),
(4,12)(5,13)(6,14)(7,15)(20,28)(21,29)(22,30)(23,31)
(34,38)(35,39)(42,46)(43,47)(50,54)(51,55)(58,62)(59,63)
(66,70)(67,71)(74,78)(75,79)(98,102)(99,103)(106,110)(107,111)
(114,118)(115,119)(122,126)(123,127)(130,134)(131,135)(138,142)(139,143)
(144,208)(145,209)(146,210)(147,211)(148,212)(149,213)(150,214)(151,215)
(152,216)(153,217)(154,218)(155,219)(156,220)(157,221)(158,222)(159,223)
(160,224)(161,225)(162,230)(163,231)(164,228)(165,229)(166,226)(167,227)
(168,232)(169,233)(170,238)(171,239)(172,236)(173,237)(174,234)(175,235)
(176,240)(177,241)(178,246)(179,247)(180,244)(181,245)(182,242)(183,243)
(184,248)(185,249)(186,254)(187,255)(188,252)(189,253)(190,250)(191,251)
(192,256)(193,257)(194,262)(195,263)(196,260)(197,261)(198,258)(199,259)
(200,264)(201,265)(202,270)(203,271)(204,268)(205,269)(206,266)(207,267)
(276,284)(277,285)(278,286)(279,287)(290,294)(291,295)(298,302)(299,303)
(306,310)(307,311)(314,318)(315,319)(322,326)(323,327)(330,334)(331,335)
(344,348)(345,349)(346,350)(347,351)(354,358)(355,359)(362,366)(363,367)
(370,374)(371,375)(378,382)(379,383)(386,390)(387,391)(394,398)(395,399)
(400,464)(401,465)(402,466)(403,467)(404,468)(405,469)(406,470)(407,471)
(408,476)(409,477)(410,478)(411,479)(412,472)(413,473)(414,474)(415,475)
(416,480)(417,481)(418,486)(419,487)(420,484)(421,485)(422,482)(423,483)
(424,488)(425,489)(426,494)(427,495)(428,492)(429,493)(430,490)(431,491)
(432,496)(433,497)(434,502)(435,503)(436,500)(437,501)(438,498)(439,499)
(440,504)(441,505)(442,510)(443,511)(444,508)(445,509)(446,506)(447,507)
(448,512)(449,513)(450,518)(451,519)(452,516)(453,517)(454,514)(455,515)
(456,520)(457,521)(458,526)(459,527)(460,524)(461,525)(462,522)(463,523),
(8,12)(9,13)(10,14)(11,15)(24,28)(25,29)(26,30)(27,31)
(36,38)(37,39)(44,46)(45,47)(52,54)(53,55)(60,62)(61,63)
(68,70)(69,71)(76,78)(77,79)(80,208)(81,209)(82,210)(83,211)
(84,212)(85,213)(86,214)(87,215)(88,216)(89,217)(90,218)(91,219)
(92,220)(93,221)(94,222)(95,223)(96,224)(97,225)(98,226)(99,227)
(100,230)(101,231)(102,228)(103,229)(104,232)(105,233)(106,234)(107,235)
(108,238)(109,239)(110,236)(111,237)(112,240)(113,241)(114,242)(115,243)
(116,246)(117,247)(118,244)(119,245)(120,248)(121,249)(122,250)(123,251)
(124,254)(125,255)(126,252)(127,253)(128,256)(129,257)(130,258)(131,259)
(132,262)(133,263)(134,260)(135,261)(136,264)(137,265)(138,266)(139,267)
(140,270)(141,271)(142,268)(143,269)(164,166)(165,167)(172,174)(173,175)
(180,182)(181,183)(188,190)(189,191)(196,198)(197,199)(204,206)(205,207)
(280,284)(281,285)(282,286)(283,287)(292,294)(293,295)(300,302)(301,303)
(308,310)(309,311)(316,318)(317,319)(324,326)(325,327)(332,334)(333,335)
(336,464)(337,465)(338,466)(339,467)(340,468)(341,469)(342,470)(343,471)
(344,472)(345,473)(346,474)(347,475)(348,476)(349,477)(350,478)(351,479)
(352,480)(353,481)(354,482)(355,483)(356,486)(357,487)(358,484)(359,485)
(360,488)(361,489)(362,490)(363,491)(364,494)(365,495)(366,492)(367,493)
(368,496)(369,497)(370,498)(371,499)(372,502)(373,503)(374,500)(375,501)
(376,504)(377,505)(378,506)(379,507)(380,510)(381,511)(382,508)(383,509)
(384,512)(385,513)(386,514)(387,515)(388,518)(389,519)(390,516)(391,517)
(392,520)(393,521)(394,522)(395,523)(396,526)(397,527)(398,524)(399,525)
(408,412)(409,413)(410,414)(411,415)(420,422)(421,423)(428,430)(429,431)
(436,438)(437,439)(444,446)(445,447)(452,454)(453,455)(460,462)(461,463),
(8,24)(9,25)(10,26)(11,27)(12,28)(13,29)(14,30)(15,31)
(36,44)(37,45)(38,46)(39,47)(52,60)(53,61)(54,62)(55,63)
(68,76)(69,77)(70,78)(71,79)(84,92)(85,93)(86,94)(87,95)
(100,108)(101,109)(102,110)(103,111)(116,124)(117,125)(118,126)(119,127)
(132,140)(133,141)(134,142)(135,143)(164,172)(165,173)(166,174)(167,175)
(180,188)(181,189)(182,190)(183,191)(196,204)(197,205)(198,206)(199,207)
(212,220)(213,221)(214,222)(215,223)(228,236)(229,237)(230,238)(231,239)
(244,252)(245,253)(246,254)(247,255)(260,268)(261,269)(262,270)(263,271)
(272,400)(273,401)(274,402)(275,403)(276,404)(277,405)(278,406)(279,407)
(280,408)(281,409)(282,410)(283,411)(284,412)(285,413)(286,414)(287,415)
(288,416)(289,417)(290,418)(291,419)(292,428)(293,429)(294,430)(295,431)
(296,424)(297,425)(298,426)(299,427)(300,420)(301,421)(302,422)(303,423)
(304,432)(305,433)(306,434)(307,435)(308,444)(309,445)(310,446)(311,447)
(312,440)(313,441)(314,442)(315,443)(316,436)(317,437)(318,438)(319,439)
(320,448)(321,449)(322,450)(323,451)(324,460)(325,461)(326,462)(327,463)
(328,456)(329,457)(330,458)(331,459)(332,452)(333,453)(334,454)(335,455)
(336,464)(337,465)(338,466)(339,467)(340,476)(341,477)(342,478)(343,479)
(344,472)(345,473)(346,474)(347,475)(348,468)(349,469)(350,470)(351,471)
(352,480)(353,481)(354,482)(355,483)(356,492)(357,493)(358,494)(359,495)
(360,488)(361,489)(362,490)(363,491)(364,484)(365,485)(366,486)(367,487)
(368,496)(369,497)(370,498)(371,499)(372,508)(373,509)(374,510)(375,511)
(376,504)(377,505)(378,506)(379,507)(380,500)(381,501)(382,502)(383,503)
(384,512)(385,513)(386,514)(387,515)(388,524)(389,525)(390,526)(391,527)
(392,520)(393,521)(394,522)(395,523)(396,516)(397,517)(398,518)(399,519),
(16,24)(17,25)(18,26)(19,27)(20,28)(21,29)(22,30)(23,31)
(40,44)(41,45)(42,46)(43,47)(56,60)(57,61)(58,62)(59,63)
(72,76)(73,77)(74,78)(75,79)(88,92)(89,93)(90,94)(91,95)
(104,108)(105,109)(106,110)(107,111)(120,124)(121,125)(122,126)(123,127)
(136,140)(137,141)(138,142)(139,143)(144,400)(145,401)(146,402)(147,403)
(148,404)(149,405)(150,406)(151,407)(152,408)(153,409)(154,410)(155,411)
(156,412)(157,413)(158,414)(159,415)(160,416)(161,417)(162,418)(163,419)
(164,420)(165,421)(166,422)(167,423)(168,428)(169,429)(170,430)(171,431)
(172,424)(173,425)(174,426)(175,427)(176,432)(177,433)(178,434)(179,435)
(180,436)(181,437)(182,438)(183,439)(184,444)(185,445)(186,446)(187,447)
(188,440)(189,441)(190,442)(191,443)(192,448)(193,449)(194,450)(195,451)
(196,452)(197,453)(198,454)(199,455)(200,460)(201,461)(202,462)(203,463)
(204,456)(205,457)(206,458)(207,459)(208,464)(209,465)(210,466)(211,467)
(212,468)(213,469)(214,470)(215,471)(216,476)(217,477)(218,478)(219,479)
(220,472)(221,473)(222,474)(223,475)(224,480)(225,481)(226,482)(227,483)
(228,484)(229,485)(230,486)(231,487)(232,492)(233,493)(234,494)(235,495)
(236,488)(237,489)(238,490)(239,491)(240,496)(241,497)(242,498)(243,499)
(244,500)(245,501)(246,502)(247,503)(248,508)(249,509)(250,510)(251,511)
(252,504)(253,505)(254,506)(255,507)(256,512)(257,513)(258,514)(259,515)
(260,516)(261,517)(262,518)(263,519)(264,524)(265,525)(266,526)(267,527)
(268,520)(269,521)(270,522)(271,523)(296,300)(297,301)(298,302)(299,303)
(312,316)(313,317)(314,318)(315,319)(328,332)(329,333)(330,334)(331,335)
(344,348)(345,349)(346,350)(347,351)(360,364)(361,365)(362,366)(363,367)
(376,380)(377,381)(378,382)(379,383)(392,396)(393,397)(394,398)(395,399),
(8,280)(9,281)(10,282)(11,283)(12,284)(13,285)(14,286)(15,287)
(16,152)(17,153)(18,154)(19,155)(20,156)(21,157)(22,158)(23,159)
(24,408)(25,409)(26,410)(27,411)(28,412)(29,413)(30,414)(31,415)
(36,292)(37,293)(38,294)(39,295)(40,168)(41,169)(42,170)(43,171)
(44,428)(45,429)(46,430)(47,431)(52,308)(53,309)(54,310)(55,311)
(56,184)(57,185)(58,186)(59,187)(60,444)(61,445)(62,446)(63,447)
(68,324)(69,325)(70,326)(71,327)(72,200)(73,201)(74,202)(75,203)
(76,460)(77,461)(78,462)(79,463)(84,340)(85,341)(86,342)(87,343)
(88,216)(89,217)(90,218)(91,219)(92,476)(93,477)(94,478)(95,479)
(100,356)(101,357)(102,358)(103,359)(104,232)(105,233)(106,234)(107,235)
(108,492)(109,493)(110,494)(111,495)(116,372)(117,373)(118,374)(119,375)
(120,248)(121,249)(122,250)(123,251)(124,508)(125,509)(126,510)(127,511)
(132,388)(133,389)(134,390)(135,391)(136,264)(137,265)(138,266)(139,267)
(140,524)(141,525)(142,526)(143,527)(164,420)(165,421)(166,422)(167,423)
(172,300)(173,301)(174,302)(175,303)(180,436)(181,437)(182,438)(183,439)
(188,316)(189,317)(190,318)(191,319)(196,452)(197,453)(198,454)(199,455)
(204,332)(205,333)(206,334)(207,335)(212,468)(213,469)(214,470)(215,471)
(220,348)(221,349)(222,350)(223,351)(228,484)(229,485)(230,486)(231,487)
(236,364)(237,365)(238,366)(239,367)(244,500)(245,501)(246,502)(247,503)
(252,380)(253,381)(254,382)(255,383)(260,516)(261,517)(262,518)(263,519)
(268,396)(269,397)(270,398)(271,399)(296,424)(297,425)(298,426)(299,427)
(312,440)(313,441)(314,442)(315,443)(328,456)(329,457)(330,458)(331,459)
(344,472)(345,473)(346,474)(347,475)(360,488)(361,489)(362,490)(363,491)
(376,504)(377,505)(378,506)(379,507)(392,520)(393,521)(394,522)(395,523),
(144,152)(145,153)(146,154)(147,155)(148,156)(149,157)(150,158)(151,159)
(160,168)(161,169)(162,170)(163,171)(164,172)(165,173)(166,174)(167,175)
(176,184)(177,185)(178,186)(179,187)(180,188)(181,189)(182,190)(183,191)
(192,200)(193,201)(194,202)(195,203)(196,204)(197,205)(198,206)(199,207)
(208,216)(209,217)(210,218)(211,219)(212,220)(213,221)(214,222)(215,223)
(224,232)(225,233)(226,234)(227,235)(228,236)(229,237)(230,238)(231,239)
(240,248)(241,249)(242,250)(243,251)(244,252)(245,253)(246,254)(247,255)
(256,264)(257,265)(258,266)(259,267)(260,268)(261,269)(262,270)(263,271)
(272,280)(273,281)(274,282)(275,283)(276,284)(277,285)(278,286)(279,287)
(288,292)(289,293)(290,294)(291,295)(296,300)(297,301)(298,302)(299,303)
(304,308)(305,309)(306,310)(307,311)(312,316)(313,317)(314,318)(315,319)
(320,324)(321,325)(322,326)(323,327)(328,332)(329,333)(330,334)(331,335)
(336,340)(337,341)(338,342)(339,343)(344,348)(345,349)(346,350)(347,351)
(352,356)(353,357)(354,358)(355,359)(360,364)(361,365)(362,366)(363,367)
(368,372)(369,373)(370,374)(371,375)(376,380)(377,381)(378,382)(379,383)
(384,388)(385,389)(386,390)(387,391)(392,396)(393,397)(394,398)(395,399)
(400,408)(401,409)(402,410)(403,411)(404,412)(405,413)(406,414)(407,415)
(416,428)(417,429)(418,430)(419,431)(420,424)(421,425)(422,426)(423,427)
(432,444)(433,445)(434,446)(435,447)(436,440)(437,441)(438,442)(439,443)
(448,460)(449,461)(450,462)(451,463)(452,456)(453,457)(454,458)(455,459)
(464,476)(465,477)(466,478)(467,479)(468,472)(469,473)(470,474)(471,475)
(480,492)(481,493)(482,494)(483,495)(484,488)(485,489)(486,490)(487,491)
(496,508)(497,509)(498,510)(499,511)(500,504)(501,505)(502,506)(503,507)
(512,524)(513,525)(514,526)(515,527)(516,520)(517,521)(518,522)(519,523)
],1);
