Revision.o8mc2_765:="@(#)$Id: o8mc2.765,v 1.1 2000/01/12 15:50:38 ahulpke Exp $";

coh:=MakeCohort(
[(5,6)(9,15)(11,30)(12,13)(16,28)(19,36)(21,57)(22,31)
(23,71)(25,43)(26,44)(27,66)(37,55)(40,60)(41,59)(42,58)
(46,90)(47,67)(48,75)(49,123)(52,80)(53,82)(54,114)(61,83)
(62,119)(64,72)(73,89)(77,95)(78,109)(79,104)(84,94)(86,129)
(87,131)(88,162)(91,227)(93,195)(97,135)(99,174)(101,190)(102,147)
(103,141)(105,216)(106,168)(107,261)(111,125)(115,222)(116,223)(117,118)
(127,160)(128,155)(133,165)(136,172)(137,184)(138,201)(140,205)(142,178)
(144,185)(145,189)(148,164)(149,171)(150,241)(152,288)(153,244)(154,239)
(156,310)(157,236)(158,443)(161,225)(163,377)(167,246)(169,248)(170,329)
(175,328)(176,252)(177,250)(180,351)(181,268)(182,392)(183,358)(186,273)
(187,274)(188,367)(192,398)(194,200)(196,476)(199,479)(202,478)(203,352)
(204,260)(206,258)(207,228)(208,345)(211,212)(213,230)(217,262)(218,234)
(220,342)(229,263)(232,321)(233,344)(235,297)(238,304)(240,293)(242,286)
(247,289)(249,340)(251,326)(254,383)(255,386)(257,393)(259,391)(265,373)
(266,350)(269,356)(270,354)(271,365)(272,362)(275,408)(279,343)(280,450)
(281,663)(283,454)(284,455)(285,510)(290,447)(291,544)(294,434)(295,566)
(298,437)(299,594)(300,515)(301,607)(302,567)(303,442)(305,440)(306,311)
(307,423)(308,521)(309,425)(312,445)(313,428)(314,459)(315,532)(316,531)
(317,463)(318,461)(319,368)(320,571)(322,394)(323,418)(324,582)(325,472)
(330,468)(332,570)(333,390)(334,370)(336,611)(337,504)(338,576)(339,466)
(341,464)(347,491)(348,493)(349,606)(353,381)(355,494)(357,416)(359,590)
(361,413)(363,614)(364,429)(366,496)(369,388)(371,395)(372,488)(374,487)
(375,587)(379,469)(380,652)(382,475)(384,473)(385,480)(387,389)(396,477)
(399,595)(400,415)(402,403)(405,640)(406,407)(411,639)(414,484)(417,536)
(419,499)(421,498)(422,426)(424,446)(427,520)(430,486)(432,588)(433,482)
(436,527)(438,538)(439,540)(441,539)(444,500)(449,518)(451,505)(452,508)
(453,507)(460,553)(462,552)(465,591)(467,581)(470,575)(471,572)(474,549)
(481,584)(485,629)(489,604)(490,599)(495,637)(497,589)(501,680)(503,583)
(506,647)(509,664)(511,620)(512,669)(514,649)(516,541)(517,661)(519,625)
(522,657)(523,691)(524,705)(525,558)(526,656)(529,655)(530,551)(533,690)
(534,645)(535,646)(537,658)(542,610)(543,710)(545,554)(546,709)(548,617)
(556,695)(557,630)(559,703)(560,624)(561,688)(562,677)(563,667)(564,665)
(568,618)(569,627)(573,727)(574,651)(577,726)(578,592)(580,724)(585,626)
(586,616)(596,597)(598,681)(600,648)(601,662)(602,730)(605,679)(608,609)
(612,632)(613,732)(615,650)(619,653)(622,670)(623,675)(634,740)(635,636)
(638,744)(642,738)(644,713)(654,697)(660,707)(666,718)(671,717)(672,721)
(676,704)(678,694)(682,728)(683,686)(684,736)(685,743)(687,693)(689,699)
(692,747)(696,733)(698,722)(700,754)(701,748)(706,725)(708,757)(711,756)
(716,749)(720,753)(723,729)(731,735)(737,762)(742,763)(745,758)(746,755)
(750,751)(752,760)(764,765),(4,8)(7,14)(9,19)(10,20)(11,21)
(12,22)(13,31)(15,36)(16,37)(17,38)(23,49)(24,50)(25,52)
(26,53)(27,62)(28,55)(29,56)(30,57)(32,68)(33,69)(34,70)
(39,76)(40,77)(41,84)(42,79)(43,80)(44,82)(51,98)(54,105)
(58,104)(59,94)(60,95)(61,97)(63,110)(64,111)(65,113)(66,119)
(71,123)(72,125)(78,137)(81,143)(83,135)(88,156)(93,168)(96,173)
(99,178)(100,179)(101,180)(102,181)(103,185)(106,195)(107,196)(108,197)
(109,184)(114,216)(116,194)(117,211)(118,212)(124,219)(126,231)(127,235)
(134,191)(136,201)(138,172)(139,253)(140,254)(141,144)(142,174)(145,266)
(146,267)(147,268)(149,232)(154,289)(157,294)(158,295)(159,296)(160,297)
(162,310)(163,293)(166,224)(169,319)(170,320)(171,321)(175,332)(176,333)
(177,334)(182,344)(183,345)(186,347)(187,348)(188,364)(189,350)(190,351)
(192,359)(193,360)(198,378)(199,379)(200,223)(202,322)(203,381)(204,382)
(205,383)(206,384)(207,357)(208,358)(210,327)(213,408)(215,410)(217,356)
(218,413)(220,375)(221,376)(226,245)(228,416)(229,354)(230,275)(233,392)
(234,361)(236,434)(237,435)(238,436)(239,247)(240,377)(248,368)(249,369)
(250,370)(251,389)(252,390)(255,330)(256,331)(257,430)(258,473)(259,471)
(260,475)(261,476)(262,269)(263,270)(264,335)(265,336)(271,371)(272,490)
(273,491)(274,493)(276,483)(277,397)(278,431)(279,432)(280,500)(285,466)
(290,511)(291,512)(292,513)(298,422)(299,522)(300,523)(301,488)(302,525)
(303,526)(304,527)(305,529)(306,530)(307,531)(308,532)(309,461)(311,551)
(312,552)(313,553)(314,520)(315,521)(316,423)(317,424)(318,425)(323,568)
(324,573)(325,569)(326,387)(328,570)(329,571)(338,585)(339,510)(340,388)
(341,586)(342,587)(343,588)(349,601)(352,353)(355,433)(362,599)(363,600)
(365,395)(366,605)(367,429)(372,607)(373,611)(374,497)(380,624)(385,481)
(386,468)(391,572)(393,486)(394,478)(396,548)(398,590)(399,578)(400,608)
(404,579)(405,580)(406,581)(407,467)(411,577)(412,593)(414,499)(415,609)
(417,645)(418,618)(419,484)(421,619)(426,437)(427,459)(428,460)(438,654)
(439,564)(440,655)(441,485)(442,656)(443,566)(444,450)(445,462)(446,463)
(447,620)(448,621)(449,622)(452,583)(464,616)(469,479)(470,676)(472,627)
(474,677)(477,617)(480,584)(482,494)(487,589)(489,680)(495,683)(496,679)
(498,653)(501,604)(502,631)(503,508)(514,690)(515,691)(516,693)(517,630)
(518,670)(519,694)(524,651)(528,659)(533,649)(534,536)(535,696)(537,559)
(538,697)(539,629)(540,665)(541,687)(542,698)(543,700)(544,669)(546,701)
(547,702)(549,562)(550,668)(555,715)(556,716)(557,661)(558,567)(560,652)
(561,682)(563,650)(565,603)(574,705)(575,704)(576,626)(582,727)(592,595)
(594,657)(598,666)(602,689)(606,662)(610,722)(612,729)(614,648)(615,667)
(623,671)(625,678)(628,673)(632,723)(637,686)(638,742)(639,726)(640,724)
(641,674)(644,746)(646,733)(658,703)(660,672)(675,717)(681,718)(685,750)
(688,728)(692,706)(695,749)(699,730)(707,721)(709,748)(710,754)(713,755)
(725,747)(743,751)(744,763),(8,18)(14,35)(19,48)(20,45)(21,46)
(22,47)(31,67)(36,75)(37,73)(38,74)(49,91)(50,92)(51,85)
(52,86)(53,87)(54,88)(55,89)(56,112)(57,90)(62,115)(68,122)
(69,120)(70,121)(76,132)(77,133)(78,127)(79,128)(80,129)(81,130)
(82,131)(84,148)(93,163)(94,164)(95,165)(96,166)(97,167)(99,168)
(100,151)(101,152)(102,153)(103,154)(104,155)(105,194)(106,174)(107,158)
(108,159)(109,160)(110,209)(111,161)(113,214)(114,162)(116,156)(119,222)
(123,227)(124,224)(125,225)(126,226)(134,245)(135,246)(136,247)(137,232)
(138,185)(139,237)(140,238)(141,239)(142,240)(144,201)(145,242)(146,243)
(147,244)(149,235)(150,280)(157,298)(169,314)(170,315)(171,297)(172,289)
(173,219)(175,316)(176,317)(177,318)(178,293)(182,319)(183,320)(184,321)
(186,283)(187,284)(188,285)(189,286)(190,288)(191,231)(192,291)(193,292)
(195,377)(196,375)(197,376)(198,335)(199,336)(200,216)(202,301)(203,302)
(204,303)(205,304)(206,305)(207,307)(208,308)(210,401)(211,402)(212,403)
(213,309)(215,409)(217,312)(218,313)(220,295)(221,296)(223,310)(228,423)
(229,424)(230,425)(233,427)(234,428)(236,437)(241,450)(248,459)(249,460)
(250,461)(251,462)(252,463)(253,431)(254,432)(255,359)(256,360)(257,439)
(258,440)(259,441)(260,442)(261,443)(262,445)(263,446)(264,448)(265,449)
(269,389)(270,390)(271,452)(272,453)(273,454)(274,455)(275,334)(276,457)
(277,458)(278,435)(279,436)(281,501)(282,502)(290,434)(294,447)(299,533)
(300,534)(306,545)(311,554)(322,557)(323,558)(324,559)(325,560)(326,552)
(328,531)(329,532)(330,512)(331,513)(332,416)(333,354)(337,561)(338,562)
(339,563)(340,553)(341,564)(342,566)(343,527)(344,520)(345,521)(352,567)
(353,568)(355,569)(356,387)(357,570)(358,571)(361,369)(362,507)(363,613)
(364,615)(365,508)(366,509)(367,510)(368,392)(370,408)(371,516)(372,517)
(373,518)(374,519)(378,621)(379,622)(380,482)(381,618)(382,484)(383,588)
(384,619)(385,589)(386,590)(388,413)(391,539)(393,540)(394,630)(395,541)
(396,542)(398,544)(399,548)(400,549)(404,633)(405,634)(406,635)(407,636)
(411,642)(412,643)(414,475)(415,474)(417,524)(418,525)(419,526)(420,528)
(421,529)(422,620)(426,511)(429,650)(430,586)(433,652)(438,657)(451,662)
(456,565)(464,665)(465,666)(466,667)(468,669)(469,670)(470,671)(471,672)
(472,624)(473,653)(476,587)(477,610)(478,607)(479,611)(480,497)(481,678)
(485,660)(486,616)(487,625)(488,661)(494,627)(495,684)(496,664)(498,655)
(499,656)(503,687)(504,688)(505,601)(506,689)(514,654)(515,645)(522,538)
(523,574)(535,704)(536,705)(537,692)(543,708)(546,711)(547,712)(550,714)
(555,719)(556,720)(572,721)(573,706)(575,717)(576,677)(578,698)(582,703)
(583,693)(584,694)(585,608)(591,718)(592,722)(594,690)(595,617)(609,626)
(612,731)(614,732)(623,733)(628,734)(629,707)(632,735)(637,736)(638,737)
(639,738)(640,740)(641,741)(644,745)(646,676)(647,699)(649,697)(651,691)
(658,747)(663,680)(675,696)(685,752)(695,753)(709,756)(710,757)(713,758)
(725,727)(743,760)(744,762),(2,4)(3,7)(5,13)(6,12)(8,18)
(11,27)(14,35)(16,41)(20,51)(21,54)(22,47)(23,58)(24,33)
(25,60)(28,59)(30,66)(31,67)(34,39)(37,78)(38,81)(40,43)
(42,71)(45,85)(46,88)(49,93)(50,96)(52,103)(53,102)(55,109)
(57,114)(61,72)(62,116)(64,83)(69,124)(70,126)(73,127)(74,130)
(76,134)(77,136)(79,142)(80,141)(82,147)(84,149)(86,154)(87,153)
(89,160)(90,162)(91,163)(92,166)(94,171)(95,172)(97,177)(99,168)
(100,151)(101,188)(104,178)(105,194)(106,174)(107,202)(108,159)(110,210)
(111,213)(113,215)(115,156)(119,223)(120,224)(121,226)(123,195)(125,230)
(128,240)(129,239)(131,244)(132,245)(133,247)(135,250)(137,232)(138,185)
(139,237)(140,259)(144,201)(145,271)(146,243)(148,235)(152,285)(155,293)
(158,301)(161,309)(164,297)(165,289)(167,318)(170,324)(173,219)(175,337)
(179,346)(180,349)(182,352)(183,291)(184,321)(186,361)(187,284)(189,365)
(190,367)(191,231)(192,320)(193,335)(196,380)(197,276)(198,292)(199,204)
(200,216)(203,392)(205,391)(206,305)(207,307)(208,399)(209,401)(211,407)
(212,406)(214,409)(217,414)(218,313)(220,417)(221,420)(222,310)(225,425)
(227,377)(228,423)(229,430)(233,381)(234,428)(238,441)(242,452)(246,461)
(249,465)(251,470)(253,277)(254,474)(255,477)(256,448)(257,354)(258,440)
(260,479)(261,478)(262,484)(263,486)(264,360)(265,389)(266,489)(267,492)
(269,449)(270,393)(272,416)(273,413)(274,455)(275,334)(278,282)(279,299)
(281,503)(283,369)(286,508)(288,510)(295,524)(296,528)(300,394)(302,368)
(303,336)(304,539)(308,548)(312,475)(315,559)(316,561)(319,567)(322,515)
(325,574)(326,575)(328,504)(329,582)(330,537)(332,453)(333,439)(338,514)
(339,451)(340,591)(342,536)(343,594)(344,353)(345,595)(347,598)(348,597)
(350,604)(351,606)(355,517)(356,518)(357,362)(358,544)(359,610)(364,615)
(366,473)(370,408)(371,516)(372,569)(373,387)(374,589)(375,482)(376,457)
(379,623)(382,445)(383,549)(384,496)(385,519)(386,396)(388,454)(390,540)
(395,541)(397,631)(398,571)(400,588)(402,636)(403,635)(405,638)(411,644)
(415,432)(419,646)(421,647)(424,586)(427,618)(429,650)(431,458)(433,587)
(435,502)(436,533)(438,572)(442,611)(443,607)(446,616)(460,666)(462,671)
(466,505)(468,658)(469,675)(471,538)(472,651)(476,652)(480,625)(483,659)
(485,626)(487,497)(488,627)(490,682)(491,681)(493,596)(494,661)(495,556)
(498,506)(499,535)(501,687)(507,570)(509,653)(512,692)(520,568)(521,617)
(522,672)(523,560)(526,676)(527,690)(529,699)(531,688)(532,703)(534,630)
(542,590)(543,685)(546,612)(547,628)(552,717)(553,718)(555,641)(557,645)
(562,654)(563,662)(566,705)(573,722)(576,649)(578,725)(583,663)(585,629)
(592,706)(599,728)(601,667)(602,605)(608,707)(609,660)(619,664)(622,733)
(624,691)(632,709)(634,737)(637,695)(639,713)(640,744)(642,745)(655,689)
(656,704)(657,721)(669,747)(670,696)(677,697)(679,730)(680,693)(684,720)
(698,727)(708,752)(710,743)(711,731)(712,734)(719,741)(735,756)(736,753)
(738,758)(740,762)(757,760),(4,9)(7,15)(8,19)(10,23)(11,24)
(12,29)(13,32)(14,36)(16,39)(17,40)(20,49)(21,50)(22,56)
(25,41)(27,42)(28,63)(30,65)(31,68)(33,71)(34,60)(37,76)
(38,77)(44,61)(51,99)(52,84)(54,106)(55,110)(57,113)(62,79)
(64,117)(69,123)(70,95)(78,138)(81,144)(82,97)(85,150)(88,157)
(93,168)(96,174)(98,178)(100,182)(101,183)(102,181)(103,191)(105,195)
(107,198)(108,199)(109,184)(111,211)(114,216)(116,219)(124,194)(126,232)
(127,236)(130,241)(134,185)(136,201)(137,172)(139,255)(140,256)(141,143)
(142,173)(145,269)(146,270)(147,275)(149,231)(151,281)(152,282)(153,287)
(154,290)(156,294)(158,299)(159,300)(160,306)(162,311)(163,280)(166,298)
(169,319)(170,320)(171,327)(175,335)(176,336)(177,334)(179,344)(180,345)
(186,301)(187,363)(188,338)(189,350)(190,351)(192,368)(193,369)(196,378)
(197,379)(200,215)(202,322)(203,285)(204,394)(205,397)(206,384)(207,357)
(208,358)(210,321)(213,408)(217,356)(218,413)(220,416)(221,354)(223,410)
(224,422)(226,426)(228,375)(229,376)(230,268)(233,431)(234,432)(235,434)
(237,438)(238,417)(239,444)(240,447)(242,420)(243,451)(244,456)(245,437)
(247,450)(248,359)(249,360)(250,467)(251,389)(252,390)(253,330)(254,331)
(257,452)(258,481)(259,471)(260,475)(261,483)(262,266)(263,267)(264,332)
(265,333)(271,325)(272,441)(273,495)(274,497)(276,476)(277,383)(278,392)
(279,361)(283,337)(286,346)(288,492)(289,511)(291,514)(292,515)(293,500)
(295,522)(296,523)(297,530)(302,324)(304,349)(305,543)(307,546)(308,547)
(309,550)(310,551)(312,555)(313,556)(314,501)(315,502)(316,533)(317,534)
(318,565)(323,395)(326,577)(328,579)(329,580)(339,393)(340,593)(341,355)
(342,587)(343,588)(347,488)(348,600)(352,503)(353,508)(362,612)(364,585)
(365,568)(366,605)(367,616)(370,407)(371,569)(372,419)(373,611)(374,493)
(377,620)(381,466)(382,478)(385,473)(386,628)(387,411)(388,412)(391,617)
(396,548)(398,590)(399,632)(400,618)(401,545)(404,570)(405,571)(406,581)
(409,554)(414,637)(415,472)(418,608)(421,648)(423,649)(424,536)(425,603)
(427,594)(428,651)(429,464)(430,583)(433,586)(435,654)(436,645)(439,470)
(442,644)(443,489)(445,659)(446,606)(448,538)(449,574)(453,465)(455,506)
(457,663)(458,505)(459,657)(460,524)(461,668)(462,528)(463,662)(468,673)
(469,674)(477,572)(479,641)(480,584)(482,576)(484,607)(485,490)(486,510)
(487,498)(491,683)(494,626)(496,685)(499,686)(509,596)(512,690)(513,691)
(516,646)(518,695)(519,602)(520,604)(521,631)(525,573)(527,601)(529,700)
(531,701)(532,702)(537,549)(539,595)(542,638)(544,709)(552,715)(553,716)
(557,561)(559,562)(560,671)(564,676)(566,680)(578,723)(589,653)(592,629)
(598,660)(599,729)(609,627)(614,619)(615,706)(621,697)(622,705)(623,652)
(633,711)(634,712)(635,739)(636,714)(639,726)(640,724)(642,719)(643,720)
(656,746)(661,682)(666,672)(667,692)(669,748)(670,749)(679,750)(689,694)
(693,733)(698,742)(708,732)(734,756)(735,737)(736,745)(738,759)(740,761)
(741,753)(743,751)(760,764),(1,2)(3,5)(4,10)(7,16)(8,20)
(9,23)(11,25)(12,28)(13,33)(14,37)(15,39)(17,42)(18,45)
(19,49)(21,52)(22,55)(24,41)(26,58)(27,40)(29,63)(30,64)
(31,69)(32,71)(34,44)(35,73)(36,76)(38,79)(43,72)(46,86)
(47,89)(48,91)(50,84)(51,100)(53,104)(54,107)(56,110)(57,111)
(60,61)(62,77)(65,117)(67,120)(68,123)(70,82)(74,128)(75,132)
(78,139)(80,125)(81,145)(85,151)(87,155)(88,158)(90,161)(92,148)
(93,169)(95,97)(96,175)(98,179)(99,182)(101,186)(102,189)(103,192)
(105,196)(106,198)(108,203)(109,207)(112,209)(113,211)(114,217)(115,133)
(116,220)(121,131)(122,227)(124,228)(126,233)(127,237)(129,225)(130,242)
(134,248)(136,251)(137,253)(138,255)(140,257)(141,262)(142,264)(143,266)
(144,269)(146,272)(147,276)(149,278)(150,281)(152,283)(153,286)(154,291)
(156,295)(157,299)(159,302)(160,307)(162,312)(163,314)(165,167)(166,316)
(168,319)(170,322)(171,328)(172,330)(173,332)(174,335)(176,338)(177,342)
(178,344)(180,347)(181,350)(183,301)(184,357)(185,359)(187,362)(188,336)
(190,366)(191,368)(193,371)(194,375)(195,378)(197,381)(199,285)(200,387)
(201,389)(202,320)(204,372)(205,374)(206,373)(208,260)(210,404)(213,398)
(214,402)(215,411)(216,356)(218,396)(219,416)(221,418)(223,326)(224,423)
(226,427)(229,400)(230,261)(231,392)(232,431)(234,433)(235,435)(236,438)
(238,439)(239,445)(240,448)(241,420)(243,453)(244,457)(245,459)(247,462)
(249,325)(250,468)(252,471)(254,430)(256,452)(258,482)(259,390)(263,485)
(265,364)(267,490)(268,483)(270,441)(271,360)(273,496)(274,277)(275,476)
(279,341)(280,501)(282,337)(284,507)(287,346)(288,509)(289,512)(290,514)
(292,516)(293,520)(294,522)(296,525)(297,531)(298,533)(300,324)(303,517)
(304,519)(305,518)(306,546)(308,442)(309,544)(310,552)(311,555)(313,542)
(315,557)(317,562)(318,566)(321,570)(323,503)(327,579)(329,499)(331,583)
(333,585)(334,587)(339,592)(340,578)(343,584)(345,488)(348,599)(349,602)
(351,605)(352,395)(353,365)(354,608)(355,361)(358,475)(363,612)(367,617)
(369,569)(370,386)(376,618)(377,621)(379,466)(380,440)(382,607)(383,497)
(384,611)(385,626)(388,399)(391,616)(393,629)(394,419)(397,493)(401,633)
(405,637)(406,639)(407,628)(408,590)(409,642)(410,577)(412,632)(413,548)
(414,571)(415,487)(417,470)(421,469)(422,649)(424,549)(425,443)(426,594)
(428,652)(429,477)(432,586)(434,654)(436,564)(437,657)(444,659)(446,660)
(447,538)(449,615)(450,528)(451,465)(454,664)(455,458)(456,663)(460,560)
(461,669)(463,672)(464,572)(467,673)(472,498)(473,494)(474,625)(478,484)
(479,619)(480,588)(481,576)(486,539)(489,603)(491,679)(492,596)(495,685)
(500,604)(502,561)(505,506)(508,568)(510,595)(511,690)(513,693)(515,646)
(521,661)(523,573)(524,671)(526,630)(527,694)(529,670)(530,701)(532,656)
(534,559)(536,537)(540,707)(541,567)(543,695)(545,711)(547,644)(550,709)
(551,715)(553,698)(554,719)(556,638)(558,687)(563,722)(565,680)(574,706)
(580,686)(581,726)(589,609)(593,723)(598,606)(600,729)(601,689)(610,650)
(613,731)(614,641)(620,697)(622,667)(623,651)(624,655)(627,653)(631,682)
(634,736)(635,738)(636,734)(640,743)(643,735)(645,676)(648,674)(662,666)
(665,721)(668,748)(677,678)(683,750)(684,752)(691,733)(692,705)(700,749)
(702,746)(708,753)(712,745)(714,756)(716,742)(720,737)(724,751)(732,741)
(739,759)(740,760)(761,764),(1,3)(2,5)(4,11)(7,17)(8,21)
(9,24)(10,25)(12,30)(13,34)(14,38)(15,40)(16,42)(18,46)
(19,50)(20,52)(22,57)(23,41)(26,43)(27,39)(28,64)(29,65)
(31,70)(32,60)(33,44)(35,74)(36,77)(37,79)(45,86)(47,90)
(48,92)(49,84)(51,101)(53,80)(54,108)(55,111)(56,113)(58,72)
(61,71)(62,76)(63,117)(67,121)(68,95)(69,82)(73,128)(75,133)
(78,140)(81,146)(85,152)(87,129)(88,159)(89,161)(91,148)(93,170)
(96,176)(97,123)(98,180)(99,183)(100,186)(102,190)(103,193)(104,125)
(105,197)(106,199)(107,203)(109,208)(110,211)(112,214)(114,218)(115,132)
(116,221)(120,131)(122,165)(124,229)(126,234)(127,238)(130,243)(134,249)
(136,252)(137,254)(138,256)(139,257)(141,263)(142,265)(143,267)(144,270)
(145,272)(147,277)(149,279)(150,282)(151,283)(153,288)(154,292)(155,225)
(156,296)(157,300)(158,302)(160,308)(162,313)(163,315)(166,317)(167,227)
(168,320)(169,322)(171,329)(172,331)(173,333)(174,336)(175,338)(177,343)
(178,345)(179,347)(181,351)(182,301)(184,358)(185,360)(187,273)(188,335)
(189,366)(191,369)(192,371)(194,376)(195,379)(196,381)(198,285)(200,388)
(201,390)(202,319)(204,395)(205,230)(206,398)(207,260)(209,402)(210,405)
(213,373)(215,412)(216,413)(217,396)(219,354)(220,418)(223,340)(224,424)
(226,428)(228,400)(231,361)(232,432)(233,433)(235,436)(236,417)(237,439)
(239,446)(240,449)(241,451)(242,453)(244,458)(245,460)(247,463)(248,325)
(250,469)(251,471)(253,430)(255,452)(258,415)(259,389)(261,374)(262,485)
(264,364)(266,490)(268,397)(269,441)(271,359)(274,276)(275,383)(278,341)
(280,502)(281,337)(284,454)(286,509)(287,492)(289,513)(290,515)(291,516)
(293,521)(294,523)(295,525)(297,532)(298,534)(299,324)(303,541)(304,425)
(305,544)(306,547)(307,442)(309,518)(310,553)(311,556)(312,542)(314,557)
(316,562)(318,527)(321,571)(323,394)(326,578)(327,580)(328,499)(330,583)
(332,585)(334,588)(339,464)(342,584)(344,488)(346,596)(348,491)(349,603)
(350,605)(352,372)(353,607)(355,392)(356,548)(357,475)(362,496)(363,495)
(365,382)(367,486)(368,569)(370,479)(375,618)(377,622)(378,466)(380,625)
(384,590)(385,627)(386,619)(387,399)(391,595)(393,429)(401,634)(404,637)
(406,640)(407,641)(408,611)(409,643)(410,593)(411,632)(414,570)(416,608)
(419,503)(420,465)(421,468)(422,536)(423,549)(426,651)(427,652)(431,586)
(434,645)(435,564)(437,524)(438,470)(440,474)(443,519)(444,606)(445,660)
(447,574)(448,615)(450,662)(455,457)(456,505)(459,560)(461,670)(462,672)
(467,674)(472,481)(473,609)(476,497)(477,629)(478,568)(480,587)(482,487)
(483,493)(484,508)(489,602)(494,589)(498,576)(500,631)(501,561)(506,663)
(507,664)(510,616)(511,691)(512,693)(514,646)(517,567)(520,661)(522,573)
(526,687)(528,666)(529,669)(530,702)(531,656)(533,559)(537,649)(538,706)
(539,617)(540,650)(543,709)(545,712)(546,644)(550,695)(551,716)(552,698)
(554,720)(555,638)(558,630)(563,665)(565,601)(566,694)(572,592)(577,723)
(579,686)(581,724)(594,623)(598,659)(599,679)(600,683)(604,682)(610,707)
(612,685)(613,684)(614,628)(620,705)(621,667)(624,678)(626,653)(633,736)
(635,740)(636,741)(639,743)(642,735)(648,673)(654,676)(655,677)(657,671)
(668,749)(680,689)(690,733)(692,697)(700,748)(701,746)(708,756)(711,745)
(714,753)(715,742)(719,737)(721,722)(726,751)(729,750)(731,752)(732,734)
(738,760)(739,761)(759,764),(2,6)(3,5)(4,12)(7,13)(8,22)
(10,26)(11,25)(14,31)(16,43)(17,44)(18,47)(20,53)(21,52)
(23,59)(24,61)(27,60)(28,58)(30,42)(33,72)(34,64)(35,67)
(37,80)(38,82)(39,83)(40,41)(45,87)(46,86)(49,94)(50,97)
(51,102)(54,103)(55,104)(57,79)(62,95)(63,118)(65,117)(66,71)
(69,125)(70,111)(73,129)(74,131)(76,135)(77,84)(78,141)(81,147)
(85,153)(88,154)(89,155)(90,128)(91,164)(92,167)(93,171)(96,177)
(98,181)(99,184)(100,187)(101,186)(105,185)(106,200)(107,204)(108,206)
(109,178)(110,212)(113,211)(114,142)(115,165)(116,172)(119,123)(120,225)
(121,161)(124,230)(126,213)(127,239)(130,244)(132,246)(133,148)(134,250)
(136,149)(137,144)(138,194)(139,258)(140,260)(143,268)(145,273)(146,274)
(151,284)(152,283)(156,289)(158,303)(159,305)(160,293)(162,240)(163,297)
(166,318)(168,321)(169,323)(170,325)(173,334)(174,216)(175,339)(176,341)
(179,348)(180,347)(182,353)(183,355)(188,361)(189,362)(190,272)(191,370)
(192,372)(193,374)(195,223)(196,382)(197,384)(198,385)(199,202)(201,232)
(203,263)(205,396)(207,395)(208,400)(209,403)(210,406)(214,402)(215,407)
(217,415)(218,371)(219,275)(220,419)(221,421)(222,227)(224,425)(226,309)
(228,429)(229,257)(231,408)(233,393)(234,364)(235,247)(237,440)(238,442)
(242,454)(243,455)(245,461)(248,464)(249,466)(251,472)(252,418)(253,473)
(254,475)(255,478)(256,480)(259,479)(261,477)(262,482)(264,487)(265,488)
(266,491)(267,493)(269,494)(270,381)(271,413)(276,496)(277,366)(278,498)
(279,499)(281,504)(282,506)(285,369)(286,507)(288,453)(291,517)(292,519)
(295,526)(296,529)(299,535)(300,537)(301,336)(302,446)(304,542)(307,541)
(308,549)(310,377)(312,474)(313,516)(314,558)(315,560)(316,563)(317,564)
(319,568)(320,569)(322,379)(324,574)(326,576)(327,581)(328,503)(329,338)
(330,394)(331,584)(332,510)(333,586)(335,589)(337,451)(340,583)(342,592)
(343,578)(344,352)(345,433)(346,597)(349,598)(350,599)(351,490)(354,430)
(356,609)(357,365)(358,608)(359,607)(360,497)(363,404)(367,416)(368,616)
(373,485)(375,484)(376,619)(378,481)(380,445)(383,548)(386,391)(387,626)
(388,452)(389,627)(390,618)(392,486)(397,605)(398,629)(399,588)(401,635)
(405,637)(409,636)(410,467)(411,495)(412,614)(414,432)(417,646)(420,647)
(423,650)(424,439)(427,540)(428,615)(431,653)(435,655)(436,656)(438,658)
(441,611)(443,610)(448,625)(449,661)(457,664)(458,509)(459,665)(460,667)
(462,624)(463,525)(465,505)(468,572)(469,471)(470,651)(476,617)(483,679)
(489,681)(492,596)(501,688)(502,689)(508,570)(512,630)(513,694)(514,582)
(515,623)(518,660)(520,567)(521,652)(522,696)(523,559)(524,676)(527,698)
(528,699)(531,687)(532,562)(533,704)(534,692)(536,706)(538,675)(539,590)
(543,547)(544,707)(546,713)(552,677)(553,693)(555,710)(556,644)(557,622)
(561,662)(566,722)(571,585)(573,705)(575,649)(577,683)(579,600)(580,686)
(587,595)(591,663)(593,648)(594,725)(601,666)(602,631)(604,728)(606,682)
(612,639)(613,633)(621,678)(628,685)(632,640)(634,736)(638,695)(641,743)
(642,684)(643,732)(645,733)(654,703)(657,747)(659,730)(669,721)(670,672)
(671,691)(673,750)(674,751)(680,718)(690,727)(697,717)(700,702)(701,755)
(708,712)(709,744)(711,758)(715,754)(716,746)(719,757)(720,745)(723,724)
(726,729)(731,738)(734,752)(735,740)(737,753)(741,760)(742,749)(748,763)
(756,762)(759,765)(761,764),(2,3)(4,7)(5,6)(8,14)(10,17)
(11,28)(12,13)(16,30)(18,35)(20,38)(21,55)(22,31)(23,60)
(24,39)(25,58)(26,44)(27,59)(33,34)(37,57)(40,71)(41,66)
(42,43)(45,74)(46,89)(47,67)(49,95)(50,76)(51,81)(52,104)
(53,82)(54,109)(61,83)(62,94)(63,65)(64,72)(69,70)(73,90)
(77,123)(78,114)(79,80)(84,119)(85,130)(86,155)(87,131)(88,160)
(91,165)(92,132)(93,172)(96,134)(97,135)(98,143)(99,185)(100,146)
(101,189)(102,147)(103,178)(105,184)(106,201)(107,205)(108,139)(110,113)
(111,125)(115,164)(116,171)(117,118)(120,121)(124,126)(127,162)(128,129)
(133,227)(136,195)(137,216)(138,168)(140,261)(141,142)(144,174)(145,190)
(148,222)(149,223)(151,243)(152,286)(153,244)(154,293)(156,297)(158,304)
(159,237)(161,225)(163,289)(166,245)(167,246)(169,176)(170,326)(173,191)
(175,340)(177,250)(179,267)(180,350)(181,268)(182,354)(183,356)(186,362)
(187,274)(188,365)(192,373)(193,264)(194,321)(196,383)(197,253)(198,256)
(199,386)(200,232)(202,391)(203,393)(204,396)(206,258)(207,234)(208,262)
(209,214)(210,215)(211,212)(213,230)(217,345)(218,228)(219,231)(220,343)
(221,278)(224,226)(229,344)(233,263)(235,310)(238,443)(239,240)(242,288)
(247,377)(248,252)(249,328)(251,329)(254,476)(255,479)(257,352)(259,478)
(260,477)(265,398)(266,351)(269,358)(270,392)(271,367)(272,273)(275,408)
(276,277)(279,342)(281,505)(282,420)(283,507)(284,455)(285,508)(291,518)
(292,448)(295,527)(296,435)(299,536)(300,538)(301,539)(302,540)(303,542)
(305,440)(307,428)(308,445)(309,425)(312,521)(313,423)(314,317)(315,552)
(316,553)(318,461)(319,333)(320,387)(322,572)(323,341)(324,575)(325,576)
(327,410)(330,469)(331,378)(332,388)(334,370)(335,360)(336,590)(337,591)
(338,472)(339,583)(346,492)(347,599)(348,493)(349,604)(353,430)(355,609)
(357,361)(359,611)(363,614)(364,395)(366,496)(368,390)(369,570)(371,429)
(372,485)(374,487)(375,588)(376,431)(379,468)(380,549)(381,486)(382,548)
(384,473)(385,480)(389,571)(394,471)(397,483)(399,484)(400,482)(401,409)
(402,403)(404,412)(405,639)(406,407)(411,640)(413,416)(414,595)(415,433)
(417,594)(418,464)(419,578)(421,498)(424,520)(427,446)(432,587)(436,566)
(438,515)(439,567)(441,607)(442,610)(449,544)(451,663)(452,510)(453,454)
(457,458)(459,463)(460,531)(462,532)(465,504)(466,503)(467,581)(470,582)
(474,652)(475,617)(481,584)(488,629)(489,606)(490,491)(494,608)(495,632)
(497,589)(499,592)(501,601)(502,528)(506,647)(509,664)(512,670)(513,621)
(514,651)(516,650)(517,660)(519,625)(522,534)(523,697)(524,690)(525,665)
(526,698)(529,655)(533,705)(535,706)(537,675)(541,615)(543,710)(546,695)
(547,555)(556,709)(557,721)(558,564)(559,717)(560,677)(561,718)(562,624)
(563,693)(568,586)(569,626)(573,704)(574,649)(577,724)(579,593)(580,726)
(585,627)(596,597)(598,728)(600,648)(602,730)(605,679)(612,637)(613,732)
(616,618)(619,653)(622,669)(623,658)(628,641)(630,672)(631,659)(633,643)
(634,738)(635,636)(638,713)(642,740)(644,744)(645,657)(646,725)(654,691)
(656,722)(661,707)(662,680)(666,688)(667,687)(671,703)(673,674)(676,727)
(678,694)(681,682)(683,723)(684,735)(685,743)(686,729)(689,699)(692,696)
(700,754)(701,749)(702,715)(708,757)(711,753)(712,719)(716,748)(720,756)
(731,736)(733,747)(734,741)(737,758)(742,755)(745,762)(746,763)(750,751)
(752,760)(759,761)(764,765)],1);
