Revision.o8pc2_960:="@(#)$Id: o8pc2.960,v 1.1 2000/01/12 15:50:39 ahulpke Exp $";

coh:=MakeCohort(
[(10,20)(12,18)(13,634)(15,70)(16,113)(21,102)(22,81)(23,883)
(25,142)(26,38)(28,744)(29,912)(31,151)(32,49)(33,97)(34,186)
(36,730)(37,152)(40,738)(41,192)(42,106)(44,745)(50,141)(52,737)
(53,61)(55,63)(65,158)(66,175)(68,648)(69,101)(72,734)(73,182)
(74,156)(76,733)(82,114)(84,795)(85,93)(87,95)(98,191)(100,909)
(104,911)(105,185)(108,800)(116,786)(117,125)(119,127)(130,136)(132,134)
(143,731)(149,882)(154,792)(155,176)(157,181)(159,875)(170,180)(172,178)
(173,638)(183,910)(188,642)(189,880)(193,197)(194,393)(195,199)(196,395)
(198,391)(200,389)(202,387)(204,385)(205,639)(206,366)(207,504)(208,347)
(210,401)(212,403)(213,421)(214,233)(215,796)(216,382)(217,297)(218,485)
(219,379)(220,798)(221,743)(222,376)(223,440)(224,265)(225,350)(226,553)
(227,259)(228,797)(229,293)(230,566)(231,263)(232,884)(234,433)(235,275)
(236,643)(237,515)(238,251)(239,513)(240,249)(241,374)(242,448)(243,267)
(244,928)(245,523)(247,521)(250,531)(252,529)(253,519)(255,517)(257,289)
(258,551)(260,735)(261,344)(262,571)(264,746)(266,430)(268,729)(269,544)
(270,283)(271,542)(272,281)(273,384)(274,419)(276,736)(277,537)(279,539)
(282,528)(284,526)(285,534)(287,536)(290,563)(291,352)(292,790)(294,560)
(295,342)(296,924)(298,497)(299,336)(300,793)(301,480)(302,315)(303,478)
(304,313)(305,368)(306,512)(307,345)(308,927)(309,473)(311,475)(314,464)
(316,462)(317,470)(319,472)(322,455)(324,453)(326,457)(328,459)(329,337)
(330,465)(331,339)(332,467)(333,483)(334,377)(335,644)(338,451)(340,449)
(341,732)(343,574)(346,783)(348,494)(349,545)(351,647)(353,357)(354,406)
(355,359)(356,408)(358,411)(360,409)(362,398)(364,400)(365,881)(367,505)
(370,416)(372,414)(373,441)(375,926)(378,491)(380,650)(381,636)(383,427)
(386,402)(388,404)(397,413)(399,415)(417,833)(418,922)(420,484)(422,546)
(423,867)(424,823)(425,865)(426,925)(428,573)(429,498)(431,832)(432,821)
(434,493)(435,819)(436,827)(437,608)(438,906)(439,564)(442,559)(443,899)
(444,719)(445,618)(446,720)(447,511)(454,458)(456,460)(469,474)(471,476)
(481,715)(482,709)(486,552)(487,716)(488,710)(489,717)(490,705)(492,572)
(495,617)(496,712)(499,706)(500,718)(501,818)(502,711)(503,554)(506,565)
(507,607)(508,908)(509,921)(510,825)(518,522)(520,524)(533,538)(535,540)
(547,866)(548,623)(549,615)(550,905)(555,620)(556,609)(557,704)(558,907)
(561,904)(562,923)(567,817)(568,703)(569,621)(570,614)(575,826)(576,868)
(577,626)(578,870)(579,668)(580,877)(581,889)(583,841)(584,842)(587,627)
(591,929)(592,682)(594,685)(595,597)(600,931)(602,809)(604,725)(610,633)
(616,739)(619,640)(624,876)(625,893)(631,835)(654,655)(657,765)(658,871)
(659,895)(660,662)(661,702)(665,678)(671,898)(672,920)(677,771)(679,696)
(686,849)(691,957)(692,950)(693,848)(697,747)(698,943)(701,807)(707,869)
(708,748)(728,830)(740,834)(741,762)(752,766)(763,873)(767,955)(768,806)
(774,872)(775,862)(776,891)(777,779)(784,820)(791,828)(803,805)(804,959)
(808,941)(812,864)(814,958)(816,854)(824,879)(847,932)(852,855)(858,952)
(859,878)(861,944)(863,892)(874,919)(886,913)(902,917)(933,956)(937,948),
(1,334)(2,238)(3,132)(4,36)(5,142)(6,46)(7,470)(8,487)
(9,423)(10,519)(11,145)(12,49)(13,31)(14,23)(15,214)(16,222)
(17,159)(18,63)(19,302)(20,273)(21,549)(22,553)(24,25)(26,32)
(27,547)(28,563)(29,206)(30,217)(33,638)(34,61)(35,141)(37,634)
(38,55)(39,106)(40,164)(41,172)(42,60)(43,730)(44,151)(45,50)
(47,125)(48,910)(51,738)(52,98)(53,178)(54,124)(56,875)(57,883)
(58,134)(59,166)(62,911)(64,146)(65,639)(66,517)(67,433)(68,408)
(69,881)(70,523)(71,448)(72,395)(73,401)(74,515)(75,884)(76,427)
(77,497)(78,411)(79,453)(80,796)(81,416)(82,529)(83,797)(84,440)
(85,385)(86,451)(87,491)(88,924)(89,926)(90,473)(91,391)(92,483)
(93,485)(94,647)(95,400)(96,462)(97,737)(99,310)(100,369)(101,928)
(102,481)(103,118)(104,177)(105,165)(107,879)(108,478)(109,246)(110,363)
(111,116)(112,786)(113,353)(114,263)(115,789)(117,163)(119,513)(120,876)
(121,927)(122,417)(123,171)(126,635)(127,359)(128,342)(129,791)(130,531)
(131,160)(133,794)(135,291)(136,199)(137,203)(138,256)(139,792)(140,154)
(143,467)(144,633)(147,783)(148,432)(149,209)(150,323)(152,745)(153,649)
(155,193)(156,259)(157,499)(158,643)(161,297)(162,251)(167,457)(168,489)
(169,443)(170,521)(173,191)(174,183)(175,374)(176,382)(179,329)(180,265)
(181,569)(182,566)(184,185)(186,192)(187,558)(188,574)(189,366)(190,377)
(194,771)(195,475)(196,264)(197,347)(198,773)(200,488)(201,425)(202,245)
(204,806)(205,546)(207,864)(208,216)(210,520)(211,315)(212,808)(213,556)
(215,860)(218,768)(219,561)(220,223)(221,861)(224,551)(225,650)(226,518)
(227,419)(228,410)(229,798)(230,524)(231,430)(232,390)(233,387)(234,516)
(235,746)(236,422)(237,274)(239,322)(240,880)(241,398)(242,530)(243,735)
(244,442)(247,258)(248,882)(249,912)(250,311)(252,266)(253,262)(254,909)
(255,362)(257,744)(260,356)(261,642)(267,648)(268,343)(269,498)(270,406)
(271,460)(272,743)(275,734)(276,290)(277,404)(278,465)(279,492)(280,790)
(281,636)(282,471)(283,393)(284,484)(285,486)(286,732)(287,413)(288,480)
(289,736)(292,781)(293,795)(294,482)(295,327)(296,838)(298,749)(299,640)
(300,303)(301,769)(304,793)(305,357)(306,807)(307,641)(308,450)(309,836)
(312,784)(313,800)(314,436)(316,770)(317,532)(318,799)(319,777)(320,352)
(321,740)(324,787)(325,785)(326,514)(328,728)(330,684)(331,644)(332,335)
(333,742)(336,739)(337,371)(338,674)(339,731)(340,445)(341,726)(344,729)
(345,637)(346,463)(348,748)(349,500)(350,733)(351,758)(354,677)(355,455)
(358,675)(360,490)(361,438)(364,804)(365,559)(367,958)(368,376)(370,522)
(372,752)(373,567)(375,960)(378,959)(379,576)(380,383)(381,944)(384,571)
(386,533)(388,814)(389,507)(392,937)(394,945)(396,501)(397,812)(399,540)
(402,816)(403,539)(405,946)(407,508)(409,502)(412,948)(414,534)(415,698)
(418,468)(420,708)(421,496)(424,724)(426,756)(428,495)(429,701)(431,477)
(434,699)(435,464)(437,727)(439,509)(441,510)(444,759)(446,449)(447,815)
(452,938)(454,541)(456,830)(458,760)(459,542)(461,947)(466,940)(469,840)
(472,528)(474,527)(476,779)(479,939)(493,525)(494,526)(503,538)(504,536)
(505,537)(506,535)(511,543)(512,544)(545,555)(548,767)(550,564)(552,766)
(554,854)(557,955)(560,568)(562,764)(565,943)(570,573)(572,941)(575,942)
(577,712)(578,603)(579,662)(580,616)(581,660)(582,610)(583,591)(584,599)
(585,932)(586,934)(587,617)(588,612)(589,933)(590,931)(592,594)(593,600)
(595,685)(596,693)(597,679)(598,690)(601,833)(602,664)(604,618)(605,870)
(606,922)(607,661)(608,885)(609,626)(611,624)(613,873)(614,627)(615,658)
(619,877)(620,741)(621,657)(622,761)(623,913)(625,817)(628,776)(629,908)
(630,775)(631,874)(632,809)(645,820)(646,772)(651,821)(652,774)(653,872)
(654,819)(655,827)(656,778)(659,703)(663,902)(665,868)(666,865)(667,907)
(668,672)(669,867)(670,862)(671,863)(673,906)(676,866)(678,904)(680,842)
(681,950)(682,696)(683,899)(686,929)(687,692)(688,847)(689,956)(691,841)
(694,848)(695,951)(697,705)(700,818)(702,710)(704,886)(706,765)(707,905)
(709,895)(711,747)(713,763)(714,721)(715,871)(716,750)(717,751)(718,762)
(719,916)(720,725)(722,834)(723,900)(753,822)(754,828)(755,831)(757,832)
(780,878)(782,805)(788,813)(801,839)(802,896)(803,837)(810,894)(811,829)
(823,887)(824,901)(825,893)(826,914)(835,898)(843,852)(844,846)(845,856)
(849,957)(850,930)(851,855)(853,859)(857,935)(858,953)(869,921)(888,923)
(889,920)(890,891)(892,919)(897,903)(915,925)(917,918)(936,952)(949,954),
(1,463)(2,258)(3,831)(4,716)(5,718)(6,906)(7,431)(8,290)
(9,500)(10,317)(11,832)(12,620)(13,624)(14,900)(15,271)(16,541)
(17,622)(18,866)(19,527)(20,285)(21,239)(22,418)(23,834)(24,618)
(25,922)(26,720)(27,445)(28,308)(29,335)(30,514)(31,833)(32,714)
(33,392)(34,198)(35,713)(36,824)(37,823)(38,899)(39,444)(40,296)
(41,424)(42,358)(43,719)(44,610)(45,615)(46,903)(47,218)(48,479)
(49,613)(50,867)(51,412)(52,351)(53,309)(54,562)(55,717)(56,608)
(57,923)(58,821)(59,437)(60,298)(61,204)(62,394)(63,715)(64,822)
(65,493)(66,242)(67,495)(68,244)(69,506)(70,230)(71,508)(72,232)
(73,501)(74,234)(75,503)(76,236)(77,253)(78,482)(79,223)(80,413)
(81,509)(82,226)(83,511)(84,228)(85,245)(86,556)(87,343)(88,492)
(89,471)(90,250)(91,488)(92,356)(93,237)(94,498)(95,303)(96,436)
(97,461)(98,333)(99,532)(100,276)(101,474)(102,247)(103,552)(104,341)
(105,469)(106,372)(107,486)(108,346)(109,322)(110,450)(111,324)(112,452)
(113,477)(114,349)(115,405)(116,215)(117,328)(118,458)(119,326)(120,460)
(121,454)(122,332)(123,456)(124,330)(125,338)(126,466)(127,340)(128,468)
(129,404)(130,210)(131,617)(132,825)(133,826)(134,907)(135,540)(136,277)
(137,520)(138,362)(139,623)(140,706)(141,711)(142,921)(143,205)(144,484)
(145,709)(146,904)(147,399)(148,255)(149,264)(150,546)(151,621)(152,704)
(153,925)(154,828)(155,533)(156,284)(157,196)(158,386)(159,619)(160,827)
(161,522)(162,266)(163,548)(164,364)(165,476)(166,354)(167,550)(168,252)
(169,490)(170,370)(171,554)(172,348)(173,375)(174,575)(175,373)(176,573)
(177,426)(178,316)(179,564)(180,360)(181,383)(182,570)(183,381)(184,572)
(185,565)(186,367)(187,567)(188,365)(189,380)(190,559)(191,378)(192,557)
(193,643)(194,911)(195,435)(197,464)(199,791)(200,734)(201,739)(202,880)
(203,531)(206,417)(207,786)(208,644)(209,499)(211,793)(212,638)(213,731)
(214,876)(216,542)(217,513)(219,740)(220,785)(221,635)(222,927)(224,446)
(225,494)(227,496)(229,504)(231,502)(233,507)(235,505)(238,481)(240,385)
(241,510)(243,512)(246,549)(248,485)(249,473)(251,489)(254,497)(256,432)
(257,411)(259,633)(260,641)(261,647)(262,909)(263,423)(265,443)(267,924)
(268,637)(269,642)(270,640)(272,480)(273,879)(274,882)(275,391)(278,561)
(279,648)(280,790)(281,636)(282,800)(283,425)(286,406)(287,795)(288,784)
(289,414)(291,783)(292,789)(293,796)(294,744)(295,545)(297,521)(299,732)
(300,799)(301,910)(302,928)(304,403)(305,736)(306,738)(307,483)(310,519)
(311,912)(312,743)(313,926)(314,733)(315,539)(318,400)(319,737)(320,729)
(321,465)(323,467)(325,453)(327,455)(329,457)(331,459)(334,478)(336,393)
(337,449)(339,451)(342,553)(344,472)(345,491)(347,475)(350,462)(352,528)
(353,470)(355,555)(357,534)(359,547)(361,438)(363,563)(366,569)(368,571)
(369,487)(371,551)(374,558)(376,560)(377,574)(379,576)(382,566)(384,568)
(387,841)(388,589)(389,691)(390,953)(395,858)(396,685)(397,845)(398,596)
(401,595)(402,933)(407,694)(408,930)(409,692)(410,846)(415,598)(416,950)
(419,696)(420,689)(421,682)(422,936)(427,952)(428,686)(429,690)(430,687)
(433,929)(434,956)(439,681)(440,844)(441,693)(442,850)(447,856)(448,848)
(515,600)(516,593)(517,586)(518,949)(523,931)(524,590)(525,594)(526,591)
(529,954)(530,934)(535,585)(536,855)(537,597)(538,849)(543,843)(544,847)
(577,886)(578,672)(579,653)(580,915)(581,631)(582,657)(583,650)(584,614)
(587,655)(588,668)(592,639)(599,609)(601,611)(602,605)(603,612)(604,606)
(607,634)(616,649)(625,629)(626,627)(628,652)(630,660)(632,671)(645,914)
(646,662)(651,667)(654,913)(656,663)(658,669)(659,916)(661,887)(664,670)
(665,888)(666,885)(673,897)(674,768)(675,749)(676,871)(677,727)(678,753)
(679,746)(680,710)(683,751)(684,764)(688,735)(695,705)(697,707)(698,701)
(699,708)(700,702)(703,730)(712,745)(721,725)(722,723)(724,748)(726,756)
(728,767)(741,873)(742,758)(747,763)(750,901)(752,759)(754,765)(755,893)
(757,895)(760,766)(761,877)(762,869)(769,939)(770,836)(771,945)(772,872)
(773,806)(774,837)(775,874)(776,803)(777,947)(778,896)(779,840)(780,878)
(781,946)(782,839)(787,860)(788,859)(792,819)(794,820)(797,852)(798,851)
(801,898)(802,902)(804,838)(805,835)(807,948)(808,937)(809,811)(810,813)
(812,815)(814,816)(817,857)(818,842)(829,863)(830,854)(853,894)(861,940)
(862,870)(864,938)(865,875)(868,883)(881,932)(884,957)(889,891)(890,892)
(905,951)(908,935)(917,918)(919,920)(941,943)(942,944)(955,958)(959,960),
(1,29)(2,936)(3,827)(4,711)(5,704)(6,925)(7,108)(8,114)
(9,686)(10,22)(11,828)(12,621)(13,617)(14,904)(15,95)(16,89)
(17,619)(18,921)(19,96)(20,87)(21,733)(23,826)(24,623)(25,907)
(26,706)(27,113)(28,101)(30,912)(31,825)(32,709)(33,388)(34,402)
(35,710)(36,818)(37,817)(38,905)(39,429)(40,447)(41,397)(42,434)
(43,705)(44,614)(45,607)(46,865)(47,319)(48,221)(49,609)(50,908)
(51,420)(52,415)(53,207)(54,301)(55,703)(56,616)(57,868)(58,819)
(59,292)(60,306)(61,212)(62,194)(63,712)(64,820)(65,66)(67,68)
(69,76)(70,81)(71,74)(72,83)(73,84)(75,82)(77,648)(78,585)
(79,136)(80,155)(85,795)(86,135)(88,849)(90,800)(91,843)(92,156)
(93,642)(94,594)(97,552)(98,372)(99,799)(100,850)(102,744)(103,461)
(104,405)(105,215)(106,333)(107,681)(109,110)(111,328)(112,456)(115,341)
(116,469)(117,324)(118,338)(119,121)(120,128)(122,127)(123,452)(124,466)
(125,458)(126,330)(129,179)(130,167)(131,624)(132,833)(133,834)(134,922)
(137,785)(138,150)(139,618)(140,720)(141,716)(142,866)(143,147)(144,694)
(145,714)(146,900)(148,731)(149,846)(151,620)(152,718)(153,906)(154,832)
(157,180)(158,170)(159,622)(160,831)(161,880)(162,953)(163,476)(164,348)
(165,548)(166,426)(168,734)(169,685)(171,316)(172,364)(173,565)(174,381)
(175,181)(176,187)(177,354)(178,554)(182,188)(183,575)(184,557)(185,375)
(186,378)(189,190)(191,367)(192,572)(193,240)(195,779)(196,360)(197,767)
(198,933)(199,531)(200,252)(201,677)(202,522)(203,791)(204,638)(205,399)
(206,353)(208,667)(209,595)(210,550)(211,770)(213,255)(214,519)(216,913)
(217,926)(218,737)(219,678)(220,520)(222,249)(223,277)(224,895)(225,625)
(226,503)(227,701)(228,501)(229,814)(230,509)(231,702)(232,511)(233,812)
(234,508)(235,697)(236,506)(237,269)(238,932)(239,314)(241,626)(242,493)
(243,708)(244,495)(245,287)(246,302)(247,294)(248,592)(250,282)(251,852)
(253,279)(254,957)(256,291)(257,427)(258,422)(259,515)(260,516)(261,517)
(262,518)(263,408)(264,410)(265,440)(266,390)(267,529)(268,524)(270,666)
(271,303)(272,861)(273,523)(274,530)(275,395)(276,442)(278,645)(280,771)
(281,665)(283,781)(284,356)(285,343)(286,580)(288,769)(289,762)(290,349)
(293,521)(295,755)(296,856)(297,796)(298,738)(299,673)(300,532)(304,830)
(305,676)(307,848)(308,474)(309,786)(310,876)(311,514)(312,684)(313,513)
(315,938)(317,418)(318,342)(320,674)(321,722)(322,450)(323,451)(325,329)
(326,454)(327,611)(331,604)(332,340)(334,547)(335,463)(336,726)(337,721)
(339,467)(344,766)(345,950)(346,431)(347,860)(350,563)(351,598)(352,947)
(355,655)(357,886)(358,956)(359,478)(361,877)(362,546)(363,462)(365,570)
(366,382)(368,960)(369,929)(370,386)(371,754)(373,383)(374,574)(376,955)
(377,558)(379,944)(380,559)(384,941)(385,643)(387,804)(389,748)(391,858)
(392,589)(393,756)(394,911)(396,490)(398,657)(400,553)(401,499)(403,854)
(404,564)(406,915)(407,484)(409,747)(411,952)(412,689)(413,533)(414,869)
(416,491)(417,470)(419,742)(421,752)(423,930)(424,845)(425,946)(428,500)
(430,750)(432,783)(433,487)(435,840)(436,527)(437,789)(438,761)(439,486)
(441,741)(443,844)(444,690)(445,477)(446,757)(448,483)(449,725)(453,457)
(455,601)(459,606)(460,468)(464,728)(465,723)(471,541)(472,760)(473,927)
(475,787)(479,635)(480,940)(481,881)(482,535)(485,639)(488,543)(489,797)
(492,538)(494,629)(496,698)(497,884)(498,525)(502,700)(504,816)(505,707)
(507,815)(510,627)(512,699)(526,661)(528,777)(534,577)(536,808)(537,659)
(539,864)(540,556)(542,654)(544,807)(545,893)(549,928)(551,765)(555,587)
(560,958)(561,914)(562,910)(566,569)(567,573)(568,943)(571,959)(576,942)
(578,646)(579,670)(581,630)(582,596)(583,669)(584,610)(586,647)(588,656)
(590,637)(591,887)(593,641)(597,916)(599,613)(600,633)(602,612)(603,605)
(608,649)(615,634)(628,671)(631,660)(632,652)(636,888)(640,885)(644,651)
(650,658)(653,664)(662,672)(663,668)(675,688)(679,683)(680,713)(682,759)
(687,901)(691,724)(692,763)(693,873)(695,719)(696,758)(715,745)(717,730)
(727,739)(729,768)(732,897)(735,749)(736,871)(740,753)(743,764)(746,751)
(772,896)(773,851)(774,839)(775,878)(776,859)(778,872)(780,874)(782,837)
(784,939)(788,803)(790,945)(792,821)(793,836)(794,822)(798,806)(801,894)
(802,870)(805,829)(809,810)(811,813)(823,857)(824,842)(835,863)(838,841)
(847,948)(853,898)(855,937)(862,902)(867,935)(875,903)(879,931)(882,934)
(883,923)(889,918)(890,919)(891,917)(892,920)(899,951)(909,949)(924,954),
(1,333)(2,198)(3,857)(4,133)(5,152)(6,134)(7,212)(8,575)
(9,424)(10,301)(11,730)(12,584)(13,23)(14,31)(15,554)(16,552)
(17,151)(18,883)(19,572)(20,469)(21,562)(22,207)(24,32)(25,26)
(27,548)(28,221)(29,215)(30,218)(33,690)(34,166)(35,160)(36,794)
(37,680)(38,875)(39,165)(40,183)(41,845)(42,910)(43,145)(44,159)
(45,64)(46,58)(47,62)(48,60)(49,599)(50,146)(51,184)(52,789)
(53,54)(55,56)(57,63)(59,61)(65,720)(66,906)(67,348)(68,381)
(69,372)(70,354)(71,825)(72,834)(73,620)(74,904)(75,367)(76,341)
(77,479)(78,392)(79,925)(80,704)(81,328)(82,330)(83,711)(84,619)
(85,923)(86,623)(87,405)(88,412)(89,461)(90,394)(91,823)(92,826)
(93,608)(94,719)(95,466)(96,452)(97,103)(98,115)(99,298)(100,296)
(101,306)(102,437)(104,116)(105,106)(107,444)(108,292)(109,316)(110,378)
(111,177)(112,689)(113,429)(114,447)(117,933)(118,737)(119,194)(120,557)
(121,319)(122,426)(123,192)(124,178)(125,911)(126,191)(127,402)(128,420)
(129,714)(130,865)(131,141)(132,935)(135,709)(136,922)(137,717)(138,907)
(139,695)(140,153)(142,745)(143,616)(144,713)(147,703)(148,903)(149,610)
(150,706)(154,649)(155,718)(156,617)(157,622)(158,712)(161,715)(162,867)
(163,589)(164,174)(167,819)(168,822)(169,613)(170,868)(171,186)(172,856)
(173,635)(175,908)(176,710)(179,705)(180,614)(181,900)(182,607)(185,738)
(187,831)(188,820)(189,624)(190,716)(193,762)(195,851)(196,410)(197,419)
(199,606)(200,570)(201,435)(202,370)(203,751)(204,590)(205,220)(206,860)
(208,224)(209,582)(210,274)(211,384)(213,550)(214,854)(216,551)(217,768)
(219,555)(222,766)(223,546)(225,687)(226,322)(227,347)(228,264)(229,696)
(230,258)(231,327)(232,380)(233,841)(234,266)(235,371)(236,335)(237,520)
(238,773)(239,518)(240,676)(241,596)(242,362)(243,368)(244,276)(245,522)
(246,770)(247,524)(248,683)(249,674)(250,514)(251,669)(252,516)(253,532)
(254,675)(255,530)(256,667)(257,698)(259,587)(260,365)(261,757)(262,317)
(263,815)(265,627)(267,943)(268,346)(269,399)(270,459)(271,503)(272,512)
(273,840)(275,700)(277,493)(278,494)(279,474)(280,472)(281,414)(282,454)
(283,504)(284,511)(285,506)(286,505)(287,386)(288,403)(289,305)(290,442)
(291,895)(293,869)(294,431)(295,430)(297,871)(299,446)(300,308)(302,941)
(303,450)(304,688)(307,901)(309,949)(310,749)(311,326)(312,568)(313,760)
(314,418)(315,571)(318,960)(320,344)(321,502)(323,765)(324,936)(325,754)
(329,697)(331,679)(332,422)(334,742)(336,496)(337,746)(338,912)(339,707)
(340,509)(342,708)(343,463)(345,758)(349,495)(350,699)(351,637)(352,729)
(353,701)(355,583)(356,559)(357,736)(358,909)(359,816)(360,501)(361,510)
(363,959)(364,850)(366,611)(369,838)(373,508)(374,629)(375,799)(376,735)
(377,750)(379,507)(382,702)(383,390)(385,888)(387,691)(388,681)(389,576)
(391,887)(393,536)(395,722)(396,490)(397,686)(398,693)(400,940)(401,741)
(404,525)(406,542)(407,567)(408,944)(409,740)(411,937)(413,533)(415,744)
(416,728)(417,756)(421,739)(423,724)(425,464)(427,726)(428,500)(432,897)
(433,748)(434,733)(436,468)(438,441)(439,445)(440,877)(443,873)(448,893)
(449,640)(451,913)(453,915)(455,591)(456,849)(457,654)(458,800)(460,538)
(462,938)(465,526)(467,580)(470,808)(471,541)(473,945)(475,855)(476,585)
(477,482)(478,781)(480,539)(481,727)(483,914)(484,543)(485,885)(486,535)
(487,942)(488,573)(489,753)(491,946)(492,527)(497,939)(498,540)(499,761)
(513,771)(515,678)(517,673)(519,769)(521,665)(523,677)(528,790)(529,684)
(531,666)(534,636)(537,732)(544,743)(545,561)(547,767)(549,764)(553,864)
(556,564)(558,755)(560,784)(563,861)(565,648)(566,661)(569,723)(574,645)
(577,643)(578,662)(579,603)(581,630)(586,651)(588,652)(592,604)(593,615)
(594,618)(595,626)(597,644)(598,638)(600,658)(601,858)(602,919)(605,835)
(609,685)(612,774)(621,846)(625,848)(628,772)(631,780)(632,889)(633,763)
(634,842)(639,725)(641,824)(642,832)(646,776)(647,916)(650,692)(653,810)
(655,852)(656,918)(657,844)(659,783)(660,775)(663,802)(664,892)(668,853)
(670,863)(671,862)(672,859)(682,798)(694,817)(721,791)(731,905)(734,818)
(747,797)(752,881)(759,879)(777,927)(778,917)(779,932)(782,829)(785,828)
(786,956)(787,952)(788,803)(792,951)(793,847)(795,921)(796,886)(801,891)
(804,930)(805,811)(806,931)(807,928)(809,920)(812,929)(813,837)(814,950)
(821,934)(827,843)(830,957)(833,953)(836,954)(839,890)(866,880)(870,898)
(872,894)(874,878)(876,955)(882,899)(884,958)(896,902)(924,948)(926,947),
(1,742)(2,258)(3,694)(4,563)(5,718)(6,906)(7,752)(8,487)
(9,500)(10,42)(11,766)(12,950)(13,72)(14,722)(15,275)(16,43)
(17,726)(18,170)(19,51)(20,257)(21,489)(22,747)(23,834)(24,705)
(25,697)(26,329)(27,490)(28,36)(29,264)(30,751)(31,395)(32,179)
(33,585)(34,70)(35,128)(37,849)(38,119)(39,113)(40,68)(41,686)
(44,76)(45,529)(46,673)(47,531)(48,769)(49,681)(50,82)(52,108)
(53,515)(54,678)(55,513)(56,771)(57,665)(58,517)(59,677)(60,519)
(61,523)(62,666)(63,521)(64,684)(65,654)(66,134)(67,748)(69,808)
(71,893)(73,728)(74,178)(75,661)(77,497)(78,486)(79,453)(80,413)
(81,741)(83,864)(84,116)(85,385)(86,404)(87,491)(88,492)(89,498)
(90,485)(91,460)(92,400)(93,473)(94,471)(95,483)(96,484)(97,135)
(98,478)(99,749)(100,276)(101,807)(102,481)(103,709)(104,619)(105,701)
(106,353)(107,482)(109,266)(110,750)(111,440)(112,843)(114,263)(115,781)
(117,595)(118,895)(120,488)(121,659)(122,499)(123,710)(124,904)(125,130)
(126,645)(127,265)(129,556)(131,708)(132,848)(133,861)(136,339)(137,768)
(138,362)(139,594)(140,467)(141,342)(142,762)(143,154)(144,436)(145,552)
(146,330)(147,777)(148,432)(149,335)(150,765)(151,427)(152,155)(153,580)
(156,350)(157,417)(158,577)(159,341)(160,420)(161,871)(162,322)(163,685)
(164,408)(165,429)(166,354)(167,725)(168,549)(169,445)(171,702)(172,929)
(173,188)(174,944)(175,374)(176,192)(177,877)(180,359)(181,569)(182,958)
(183,381)(184,572)(185,941)(186,382)(187,567)(189,380)(190,959)(191,574)
(193,745)(194,875)(195,682)(196,206)(197,227)(198,230)(199,731)(200,876)
(201,739)(202,880)(203,218)(204,931)(205,828)(207,797)(208,746)(209,332)
(210,338)(211,735)(212,881)(213,791)(214,734)(215,228)(216,235)(217,717)
(219,740)(220,785)(221,794)(222,730)(223,325)(224,337)(225,591)(226,867)
(229,855)(231,295)(232,624)(233,691)(234,316)(236,610)(237,249)(238,247)
(239,251)(240,245)(241,693)(242,907)(243,315)(244,296)(246,252)(248,250)
(253,254)(255,256)(259,733)(260,799)(261,800)(262,909)(267,648)(268,637)
(269,926)(270,732)(271,391)(272,480)(273,744)(274,912)(277,451)(278,465)
(279,924)(280,790)(281,636)(282,647)(283,393)(284,462)(285,411)(286,406)
(287,796)(288,743)(289,357)(290,369)(291,737)(292,789)(293,795)(294,879)
(297,715)(298,310)(299,640)(300,641)(301,910)(302,738)(303,307)(304,847)
(305,736)(306,928)(308,824)(309,600)(311,882)(312,784)(313,642)(314,633)
(317,358)(318,356)(319,783)(320,729)(321,561)(323,706)(324,844)(326,899)
(327,430)(328,401)(331,597)(333,334)(336,425)(340,443)(343,345)(344,352)
(346,351)(347,419)(348,433)(349,423)(355,692)(360,547)(361,438)(363,716)
(364,930)(365,375)(366,383)(367,566)(368,571)(370,866)(371,551)(372,470)
(373,558)(376,384)(377,378)(379,576)(386,886)(387,841)(388,599)(389,507)
(390,611)(392,535)(394,885)(396,548)(397,845)(398,596)(399,947)(402,627)
(403,544)(405,946)(407,831)(409,555)(410,860)(412,527)(414,534)(415,840)
(416,620)(418,763)(421,435)(422,582)(424,428)(426,761)(431,759)(434,587)
(437,727)(439,613)(441,510)(442,838)(444,477)(446,449)(447,815)(448,825)
(450,901)(452,543)(454,916)(455,687)(456,680)(457,720)(458,757)(459,537)
(461,540)(463,758)(464,496)(466,914)(468,713)(469,698)(472,528)(474,948)
(475,696)(476,690)(479,939)(493,913)(494,526)(495,724)(501,767)(502,545)
(503,887)(504,536)(505,542)(506,937)(508,755)(509,873)(511,938)(512,539)
(514,683)(516,770)(518,669)(520,674)(522,676)(524,773)(525,623)(530,667)
(532,675)(533,704)(538,823)(541,719)(546,754)(550,721)(553,711)(554,700)
(557,573)(559,960)(560,568)(562,753)(564,714)(565,943)(570,955)(575,942)
(578,776)(579,772)(581,775)(583,650)(584,814)(586,821)(588,774)(589,609)
(590,806)(592,792)(593,836)(598,779)(601,953)(602,801)(603,628)(604,951)
(605,898)(606,905)(607,884)(608,945)(612,652)(614,816)(615,954)(616,649)
(617,699)(618,695)(621,952)(622,756)(625,935)(626,933)(629,908)(630,660)
(631,874)(632,809)(634,957)(635,820)(638,932)(639,819)(643,712)(644,679)
(646,662)(651,934)(653,872)(655,956)(656,778)(657,936)(658,949)(663,896)
(664,839)(668,837)(670,782)(671,811)(672,803)(688,793)(689,827)(703,927)
(707,922)(723,900)(760,832)(764,822)(780,878)(786,852)(787,846)(788,859)
(798,851)(802,902)(804,850)(805,862)(810,894)(812,856)(813,853)(817,857)
(818,854)(826,940)(829,863)(830,842)(833,858)(835,870)(865,911)(868,883)
(869,921)(888,923)(889,920)(890,892)(891,919)(897,903)(915,925)(917,918),
(1,68)(2,81)(3,132)(4,145)(5,63)(6,46)(7,100)(8,113)
(9,127)(10,110)(11,36)(12,49)(13,131)(14,146)(15,96)(16,77)
(17,159)(18,142)(19,95)(20,78)(21,128)(22,109)(23,64)(24,45)
(25,50)(26,35)(27,114)(28,99)(29,67)(30,82)(31,160)(32,141)
(33,638)(34,933)(37,792)(38,951)(39,106)(40,105)(41,117)(42,118)
(43,730)(44,584)(47,689)(48,635)(51,737)(52,598)(53,123)(54,124)
(55,695)(56,649)(57,883)(58,857)(59,104)(60,103)(61,589)(62,911)
(65,882)(66,934)(69,637)(70,936)(71,138)(72,137)(73,149)(74,150)
(75,912)(76,590)(79,843)(80,795)(83,785)(84,846)(85,155)(86,156)
(87,585)(88,800)(89,648)(90,849)(91,136)(92,135)(93,594)(94,642)
(97,738)(98,690)(101,799)(102,681)(107,744)(108,850)(111,845)(112,786)
(115,789)(116,856)(119,949)(120,733)(121,909)(122,686)(125,956)(126,910)
(129,734)(130,953)(133,794)(134,935)(139,634)(140,680)(143,593)(144,731)
(147,641)(148,694)(151,599)(152,745)(153,875)(154,842)(157,685)(158,880)
(161,170)(162,167)(163,172)(164,165)(166,177)(168,179)(169,180)(171,178)
(173,185)(174,183)(175,187)(176,181)(182,189)(184,191)(186,192)(188,190)
(193,385)(194,394)(195,387)(196,396)(197,389)(198,402)(199,391)(200,404)
(201,393)(202,386)(203,395)(204,388)(205,516)(206,433)(207,452)(208,494)
(209,401)(210,390)(211,403)(212,392)(213,484)(214,462)(215,447)(216,526)
(217,529)(218,420)(219,465)(220,511)(221,479)(222,497)(223,543)(224,430)
(225,644)(226,514)(227,419)(228,410)(229,798)(230,422)(231,551)(232,520)
(233,475)(234,546)(235,746)(236,524)(237,525)(238,416)(239,468)(240,643)
(241,398)(242,530)(243,729)(244,463)(245,533)(246,553)(247,439)(248,639)
(249,884)(250,538)(251,457)(252,564)(253,541)(254,927)(255,407)(256,448)
(257,879)(258,509)(259,451)(260,399)(261,647)(262,454)(263,547)(264,501)
(265,443)(266,550)(267,926)(268,506)(269,498)(270,406)(271,436)(272,784)
(273,411)(274,493)(275,791)(276,431)(277,488)(278,561)(279,471)(280,790)
(281,636)(282,492)(283,425)(284,556)(285,482)(286,640)(287,413)(288,480)
(289,736)(290,477)(291,483)(292,405)(293,796)(294,486)(295,545)(296,469)
(297,521)(298,552)(299,732)(300,474)(301,466)(302,400)(303,527)(304,793)
(305,414)(306,461)(307,783)(308,532)(309,456)(310,563)(311,503)(312,743)
(313,924)(314,460)(315,539)(316,554)(317,450)(318,928)(319,412)(320,512)
(321,740)(322,418)(323,515)(324,397)(325,797)(326,518)(327,555)(328,424)
(329,489)(330,562)(331,650)(332,428)(333,429)(334,408)(335,495)(336,739)
(337,409)(338,434)(339,633)(340,500)(341,437)(342,549)(343,535)(344,735)
(345,881)(346,442)(347,507)(348,548)(349,445)(350,876)(351,415)(352,544)
(353,487)(354,426)(355,455)(356,540)(357,534)(358,458)(359,423)(360,490)
(361,438)(362,508)(363,519)(364,476)(365,559)(366,566)(367,557)(368,568)
(369,470)(370,522)(371,502)(372,444)(373,567)(374,558)(375,565)(376,560)
(377,574)(378,572)(379,576)(380,570)(381,575)(382,569)(383,573)(384,571)
(417,929)(421,682)(427,931)(432,848)(435,841)(440,844)(441,693)(446,687)
(449,692)(453,852)(459,583)(464,691)(467,600)(472,688)(473,957)(478,930)
(481,950)(485,592)(491,932)(496,696)(499,595)(504,851)(505,679)(510,596)
(513,954)(517,586)(523,952)(528,847)(531,858)(536,855)(537,597)(542,591)
(577,886)(578,603)(579,664)(580,885)(581,660)(582,627)(587,611)(588,668)
(601,655)(602,662)(604,658)(605,646)(606,669)(607,623)(608,616)(609,621)
(610,614)(612,672)(613,620)(615,618)(617,624)(619,622)(625,651)(626,657)
(628,632)(629,667)(630,631)(645,914)(652,671)(653,670)(654,887)(656,663)
(659,916)(661,913)(665,888)(666,915)(673,897)(674,699)(675,760)(676,869)
(677,756)(678,723)(683,707)(684,764)(697,751)(698,758)(700,754)(701,742)
(702,765)(703,719)(704,712)(705,717)(706,710)(708,768)(709,716)(711,714)
(713,720)(715,718)(721,747)(722,753)(724,728)(725,763)(726,727)(741,873)
(748,767)(749,766)(750,895)(752,759)(755,893)(757,901)(761,877)(762,871)
(769,940)(770,854)(771,945)(772,870)(773,816)(774,863)(775,874)(776,809)
(777,948)(778,902)(779,804)(780,878)(781,946)(782,805)(787,812)(788,813)
(801,898)(802,896)(803,811)(806,814)(807,947)(808,937)(810,859)(815,860)
(817,821)(818,828)(819,823)(820,826)(822,834)(824,832)(825,831)(827,833)
(829,837)(830,836)(835,839)(838,840)(853,894)(861,939)(862,872)(864,938)
(865,925)(866,921)(867,922)(868,923)(889,891)(890,920)(892,919)(899,905)
(900,904)(903,906)(907,908)(917,918)(941,959)(942,944)(943,960)(955,958),
(1,850)(2,88)(3,242)(4,196)(5,202)(6,567)(7,69)(8,87)
(9,909)(10,686)(11,501)(12,269)(13,205)(14,223)(15,30)(16,27)
(17,559)(18,533)(19,70)(20,744)(21,22)(23,220)(24,556)(25,213)
(26,550)(28,29)(31,546)(32,564)(33,39)(34,51)(35,266)(36,264)
(37,274)(38,488)(40,52)(41,42)(43,490)(44,260)(45,284)(46,373)
(47,171)(48,856)(49,498)(50,484)(53,956)(54,786)(55,200)(56,570)
(57,287)(58,508)(59,185)(60,172)(61,738)(62,186)(63,386)(64,511)
(65,819)(66,831)(67,99)(68,108)(71,821)(72,828)(73,832)(74,827)
(75,90)(76,799)(77,114)(78,107)(79,900)(80,868)(81,800)(82,96)
(83,822)(84,820)(85,921)(86,618)(89,681)(91,899)(92,621)(93,607)
(94,613)(95,936)(97,589)(98,164)(100,637)(101,590)(102,648)(103,163)
(104,173)(105,598)(106,638)(109,128)(110,122)(111,126)(112,124)(113,585)
(115,174)(116,635)(117,118)(119,120)(121,127)(123,125)(129,705)(130,710)
(131,516)(132,530)(133,410)(134,407)(135,609)(136,905)(137,818)(138,817)
(139,525)(140,390)(141,252)(142,245)(143,624)(144,867)(145,396)(146,543)
(147,614)(148,908)(149,824)(150,833)(151,356)(152,370)(153,383)(154,232)
(155,866)(156,615)(157,716)(158,715)(159,365)(160,234)(161,712)(162,713)
(165,690)(166,184)(167,720)(168,711)(169,719)(170,704)(175,903)(176,865)
(177,191)(178,689)(179,714)(180,703)(181,925)(182,608)(183,789)(187,906)
(188,619)(189,616)(190,622)(192,911)(193,676)(194,557)(195,512)(197,688)
(198,412)(199,707)(201,368)(203,700)(204,306)(206,563)(207,562)(208,862)
(209,901)(210,680)(211,496)(212,372)(214,217)(215,221)(216,670)(218,554)
(219,859)(222,547)(224,671)(225,772)(226,436)(227,793)(228,794)(229,288)
(230,527)(231,774)(233,352)(235,782)(236,300)(237,634)(238,924)(239,418)
(240,762)(241,896)(243,435)(244,346)(246,342)(247,279)(248,887)(249,957)
(250,503)(251,763)(253,349)(254,423)(255,935)(256,625)(257,273)(258,492)
(259,658)(261,741)(262,500)(263,497)(265,659)(267,481)(268,276)(270,919)
(271,514)(272,851)(275,751)(277,951)(278,894)(280,576)(281,780)(282,509)
(283,560)(285,294)(286,890)(289,581)(290,343)(291,626)(292,381)(293,888)
(295,588)(296,351)(297,577)(298,348)(299,889)(301,397)(302,523)(303,422)
(304,419)(305,630)(307,582)(308,335)(309,434)(310,433)(311,538)(312,536)
(313,416)(314,518)(315,421)(316,420)(317,428)(318,427)(319,402)(320,387)
(321,813)(322,468)(323,601)(324,466)(325,722)(326,460)(327,612)(328,458)
(329,721)(330,452)(331,605)(332,450)(333,364)(334,930)(336,384)(337,811)
(338,456)(339,606)(340,454)(341,375)(344,691)(345,369)(347,847)(350,954)
(353,932)(354,572)(355,578)(357,775)(358,424)(359,927)(360,730)(361,917)
(362,857)(363,417)(366,580)(367,394)(371,829)(374,897)(376,425)(377,761)
(378,426)(379,790)(380,649)(382,666)(385,869)(388,461)(389,472)(391,683)
(392,444)(393,568)(395,754)(398,802)(399,584)(400,952)(401,757)(403,696)
(404,695)(405,575)(406,892)(408,478)(409,803)(411,879)(413,883)(414,631)
(415,469)(429,476)(430,652)(431,506)(432,629)(437,565)(438,918)(439,471)
(440,645)(441,656)(442,463)(443,916)(445,541)(446,632)(447,479)(448,651)
(449,809)(451,604)(453,723)(455,603)(457,725)(459,602)(462,529)(464,735)
(465,810)(467,611)(470,881)(473,884)(474,524)(475,544)(477,535)(480,798)
(482,486)(483,657)(485,661)(487,491)(489,747)(493,792)(494,872)(495,532)
(499,750)(502,837)(504,784)(505,839)(507,528)(510,778)(513,876)(515,655)
(517,755)(519,929)(520,842)(521,886)(522,745)(526,653)(531,702)(534,874)
(537,801)(539,682)(540,599)(542,664)(545,668)(548,552)(549,553)(551,863)
(555,672)(558,673)(561,853)(566,885)(569,915)(571,739)(573,875)(574,877)
(579,591)(583,662)(586,893)(587,600)(592,913)(593,617)(594,623)(595,895)
(596,902)(597,898)(610,641)(620,642)(627,783)(628,687)(633,669)(636,878)
(639,654)(640,920)(643,871)(644,870)(646,650)(647,873)(660,736)(663,693)
(665,796)(667,848)(674,830)(675,724)(677,941)(678,852)(679,835)(684,938)
(685,709)(692,776)(694,907)(697,791)(698,840)(699,836)(701,779)(706,953)
(708,770)(717,734)(718,880)(726,960)(727,943)(728,760)(729,841)(731,922)
(732,891)(733,949)(737,933)(740,788)(742,804)(743,855)(746,805)(748,749)
(752,808)(753,797)(756,959)(758,838)(759,937)(764,864)(765,858)(766,767)
(768,854)(769,812)(771,955)(773,948)(777,816)(781,944)(785,834)(787,940)
(795,923)(806,807)(814,947)(815,939)(823,882)(825,934)(826,846)(843,904)
(844,914)(845,910)(849,912)(860,861)(926,950)(928,931)(942,946)(945,958),
(1,30)(2,637)(3,112)(4,60)(5,184)(6,789)(7,121)(8,77)
(9,88)(10,28)(11,118)(12,638)(13,178)(14,48)(15,733)(16,113)
(17,62)(18,173)(19,128)(20,744)(21,95)(22,101)(23,910)(24,165)
(25,105)(26,737)(27,89)(29,912)(31,53)(32,97)(33,49)(34,44)
(35,51)(36,42)(37,41)(38,52)(39,43)(40,50)(45,164)(46,115)
(47,140)(54,133)(55,98)(56,177)(57,174)(58,111)(59,153)(61,151)
(63,191)(64,126)(65,73)(66,84)(67,75)(68,82)(69,81)(70,76)
(71,83)(72,74)(78,107)(79,148)(80,187)(85,181)(86,129)(87,102)
(90,122)(91,144)(92,168)(93,157)(94,169)(96,120)(99,110)(100,909)
(103,145)(104,875)(106,730)(108,119)(109,799)(114,648)(116,134)(117,792)
(123,160)(124,794)(125,154)(127,800)(130,143)(131,171)(132,786)(135,179)
(136,731)(137,150)(138,785)(139,163)(141,738)(142,185)(146,635)(147,167)
(149,882)(152,192)(155,176)(156,734)(158,182)(159,911)(161,190)(162,641)
(166,649)(170,188)(172,634)(175,795)(180,642)(183,883)(186,745)(189,880)
(193,382)(194,619)(195,331)(196,237)(197,216)(198,610)(199,339)(200,284)
(201,286)(202,380)(203,323)(204,621)(205,210)(206,249)(207,825)(208,347)
(209,248)(211,327)(212,620)(213,277)(214,350)(215,907)(217,334)(218,706)
(219,272)(220,362)(221,904)(222,353)(223,255)(224,344)(225,233)(226,244)
(227,235)(228,242)(229,241)(230,236)(231,243)(232,234)(238,345)(239,303)
(240,366)(245,383)(246,318)(247,343)(250,332)(251,307)(252,356)(253,290)
(254,369)(256,325)(257,273)(258,268)(259,275)(260,266)(261,265)(262,276)
(263,267)(264,274)(269,360)(270,336)(271,314)(278,312)(279,349)(280,361)
(281,379)(282,340)(283,299)(285,294)(287,373)(288,321)(289,384)(291,329)
(292,906)(293,374)(295,315)(296,867)(297,377)(298,716)(300,322)(301,834)
(302,342)(304,355)(305,368)(306,711)(308,317)(309,833)(310,363)(311,335)
(313,359)(316,624)(319,720)(320,371)(324,821)(326,346)(328,819)(330,820)
(333,717)(337,352)(338,828)(341,865)(348,607)(351,899)(354,616)(357,376)
(358,824)(364,615)(365,370)(367,712)(372,703)(375,866)(378,715)(381,868)
(385,569)(386,570)(387,650)(388,609)(389,526)(390,516)(391,633)(392,613)
(393,640)(394,622)(395,515)(396,525)(397,817)(398,798)(399,550)(400,549)
(401,639)(402,614)(403,555)(404,556)(405,903)(406,739)(407,543)(408,529)
(409,544)(410,530)(411,879)(412,713)(413,567)(414,568)(415,905)(416,881)
(417,473)(418,474)(419,746)(420,710)(421,537)(422,524)(423,924)(424,823)
(425,732)(426,608)(427,523)(428,538)(429,705)(430,735)(431,454)(432,453)
(433,884)(434,818)(435,459)(436,460)(437,925)(438,790)(439,535)(440,517)
(441,536)(442,518)(443,647)(444,719)(445,471)(446,472)(447,908)(448,797)
(449,528)(450,532)(451,791)(452,831)(455,793)(456,827)(457,783)(458,832)
(461,714)(462,876)(463,514)(464,542)(465,784)(466,822)(467,531)(468,527)
(469,922)(470,927)(475,644)(476,618)(477,541)(478,513)(479,900)(480,740)
(481,491)(482,486)(483,489)(484,488)(485,499)(487,497)(490,498)(492,500)
(493,501)(494,507)(495,503)(496,505)(502,512)(504,510)(506,509)(508,511)
(519,563)(520,546)(521,574)(522,559)(533,573)(534,560)(539,545)(540,564)
(547,926)(548,623)(551,729)(552,709)(553,928)(554,617)(557,704)(558,796)
(561,743)(562,826)(565,921)(566,643)(571,736)(572,718)(575,923)(576,636)
(577,958)(578,805)(579,671)(580,677)(581,919)(582,773)(583,841)(584,933)
(585,681)(586,844)(587,854)(588,801)(589,599)(590,936)(591,691)(592,595)
(593,953)(594,685)(596,851)(597,682)(598,951)(600,858)(601,836)(602,774)
(603,782)(604,779)(605,837)(606,840)(611,770)(612,839)(625,812)(626,814)
(627,816)(628,670)(629,815)(630,890)(631,920)(632,653)(645,684)(646,829)
(651,787)(652,664)(654,728)(655,830)(656,894)(657,806)(658,804)(659,752)
(660,892)(661,748)(662,863)(663,853)(665,944)(666,726)(667,860)(668,898)
(669,838)(672,835)(673,781)(674,754)(675,901)(676,960)(678,861)(679,696)
(680,689)(683,758)(686,849)(687,688)(690,695)(692,847)(693,855)(694,843)
(697,701)(698,707)(699,700)(702,708)(721,947)(722,769)(723,939)(724,887)
(725,777)(727,915)(741,808)(742,751)(747,807)(749,750)(753,940)(755,938)
(756,885)(757,760)(759,916)(761,945)(762,941)(763,948)(764,914)(765,768)
(766,895)(767,913)(771,877)(772,811)(775,891)(776,862)(778,810)(780,918)
(788,802)(803,870)(809,872)(813,896)(842,956)(845,857)(846,934)(848,852)
(850,949)(856,935)(859,902)(864,893)(869,943)(871,959)(873,937)(874,889)
(878,917)(886,955)(888,942)(897,946)(929,957)(930,954)(931,952)(932,950)
],1);
