Revision.s4c4_120:="@(#)$Id: s4c4.120,v 1.1 2000/01/12 15:50:39 ahulpke Exp $";

coh:=MakeCohort(
[(5,51,104,66)(6,45)(7,54,34,75)(8,13,93,53)(9,69,115,111
)(10,50)(11,81,70,62)(12,102,57,43)(14,78,64,23)
(15,38,44,73)(16,107,119,96)(17,18)(19,72,97,27)
(20,103,35,77)(21,24,86,40)(22,80,106,61)(25,41,85,105)
(26,30)(28,59,68,118)(29,101,52,67)(31,74,39,42)
(32,37,65,109)(33,47,71,99)(36,91)(48,89,79,117)
(49,87,94,90)(55,108)(58,114)(60,110)(63,88)(82,112)(83,113)
(92,95)(98,100,116,120),
(2,3,5,7,11,18,31,51,77,103,41,39,63,54,81,79,10)
(4,6,9,15,26,44,69,95,112,8,13,22,38,47,72,65,93)
(12,20,34,56,62,90,25,43,68,17,29,50,76,21,36,59,89)
(14,24,42,66,60,57,85,91,105,23,40,64,88,35,58,87,110)
(16,27,46,45,71,98,19,32,53,80,107,33,55,82,106,119,30)
(28,48,74,86,101,102,114,117,67,52,78,104,118,49,75,70,94)
(37,61,92,113,120,99,115,96,116,111,73,100,108,83,97,109,84),
(1,2,4,3)(5,8,14,25)(6,10,17,30)(7,12,21,37)
(9,16,28,49)(11,19,33,15)(13,23,41,66)(18,26,45,50)
(20,35)(22,39,29,48)(24,32,54,43)(27,47,73,81)
(31,52,79,106)(34,57,86,109)(36,60,91,110)(38,62,72,99)
(40,65,75,102)(42,67,89,61)(44,70,97,71)(46,56,84,76)
(51,53,78,105)(55,83,108,113)(58,88,112,95)(59,90,69,96)
(63,82,92,114)(64,85,104,93)(68,94,115,119)(74,101,117,80)
(87,111,107,118)(98,116)],1);
