Revision.s6c2e2_784:="@(#)$Id: s6c2e2.784,v 1.1 2000/01/12 15:50:39 ahulpke Exp $";

coh:=MakeCohort(
[(2,29)(3,57)(4,85)(5,113)(6,141)(7,169)(8,197)(9,225)
(10,253)(11,281)(12,309)(13,337)(14,365)(15,393)(16,421)(17,449)
(18,477)(19,505)(20,533)(21,561)(22,589)(23,617)(24,645)(25,673)
(26,701)(27,729)(28,757)(31,58)(32,86)(33,114)(34,142)(35,170)
(36,198)(37,226)(38,254)(39,282)(40,310)(41,338)(42,366)(43,394)
(44,422)(45,450)(46,478)(47,506)(48,534)(49,562)(50,590)(51,618)
(52,646)(53,674)(54,702)(55,730)(56,758)(60,87)(61,115)(62,143)
(63,171)(64,199)(65,227)(66,255)(67,283)(68,311)(69,339)(70,367)
(71,395)(72,423)(73,451)(74,479)(75,507)(76,535)(77,563)(78,591)
(79,619)(80,647)(81,675)(82,703)(83,731)(84,759)(89,116)(90,144)
(91,172)(92,200)(93,228)(94,256)(95,284)(96,312)(97,340)(98,368)
(99,396)(100,424)(101,452)(102,480)(103,508)(104,536)(105,564)(106,592)
(107,620)(108,648)(109,676)(110,704)(111,732)(112,760)(118,145)(119,173)
(120,201)(121,229)(122,257)(123,285)(124,313)(125,341)(126,369)(127,397)
(128,425)(129,453)(130,481)(131,509)(132,537)(133,565)(134,593)(135,621)
(136,649)(137,677)(138,705)(139,733)(140,761)(147,174)(148,202)(149,230)
(150,258)(151,286)(152,314)(153,342)(154,370)(155,398)(156,426)(157,454)
(158,482)(159,510)(160,538)(161,566)(162,594)(163,622)(164,650)(165,678)
(166,706)(167,734)(168,762)(176,203)(177,231)(178,259)(179,287)(180,315)
(181,343)(182,371)(183,399)(184,427)(185,455)(186,483)(187,511)(188,539)
(189,567)(190,595)(191,623)(192,651)(193,679)(194,707)(195,735)(196,763)
(205,232)(206,260)(207,288)(208,316)(209,344)(210,372)(211,400)(212,428)
(213,456)(214,484)(215,512)(216,540)(217,568)(218,596)(219,624)(220,652)
(221,680)(222,708)(223,736)(224,764)(234,261)(235,289)(236,317)(237,345)
(238,373)(239,401)(240,429)(241,457)(242,485)(243,513)(244,541)(245,569)
(246,597)(247,625)(248,653)(249,681)(250,709)(251,737)(252,765)(263,290)
(264,318)(265,346)(266,374)(267,402)(268,430)(269,458)(270,486)(271,514)
(272,542)(273,570)(274,598)(275,626)(276,654)(277,682)(278,710)(279,738)
(280,766)(292,319)(293,347)(294,375)(295,403)(296,431)(297,459)(298,487)
(299,515)(300,543)(301,571)(302,599)(303,627)(304,655)(305,683)(306,711)
(307,739)(308,767)(321,348)(322,376)(323,404)(324,432)(325,460)(326,488)
(327,516)(328,544)(329,572)(330,600)(331,628)(332,656)(333,684)(334,712)
(335,740)(336,768)(350,377)(351,405)(352,433)(353,461)(354,489)(355,517)
(356,545)(357,573)(358,601)(359,629)(360,657)(361,685)(362,713)(363,741)
(364,769)(379,406)(380,434)(381,462)(382,490)(383,518)(384,546)(385,574)
(386,602)(387,630)(388,658)(389,686)(390,714)(391,742)(392,770)(408,435)
(409,463)(410,491)(411,519)(412,547)(413,575)(414,603)(415,631)(416,659)
(417,687)(418,715)(419,743)(420,771)(437,464)(438,492)(439,520)(440,548)
(441,576)(442,604)(443,632)(444,660)(445,688)(446,716)(447,744)(448,772)
(466,493)(467,521)(468,549)(469,577)(470,605)(471,633)(472,661)(473,689)
(474,717)(475,745)(476,773)(495,522)(496,550)(497,578)(498,606)(499,634)
(500,662)(501,690)(502,718)(503,746)(504,774)(524,551)(525,579)(526,607)
(527,635)(528,663)(529,691)(530,719)(531,747)(532,775)(553,580)(554,608)
(555,636)(556,664)(557,692)(558,720)(559,748)(560,776)(582,609)(583,637)
(584,665)(585,693)(586,721)(587,749)(588,777)(611,638)(612,666)(613,694)
(614,722)(615,750)(616,778)(640,667)(641,695)(642,723)(643,751)(644,779)
(669,696)(670,724)(671,752)(672,780)(698,725)(699,753)(700,781)(727,754)
(728,782)(756,783),(2,3)(5,11)(6,10)(7,8)(13,23)(15,21)
(16,27)(18,26)(19,25)(22,28)(30,31)(33,39)(34,38)(35,36)
(41,51)(43,49)(44,55)(46,54)(47,53)(50,56)(58,59)(61,67)
(62,66)(63,64)(69,79)(71,77)(72,83)(74,82)(75,81)(78,84)
(86,87)(89,95)(90,94)(91,92)(97,107)(99,105)(100,111)(102,110)
(103,109)(106,112)(114,115)(117,123)(118,122)(119,120)(125,135)(127,133)
(128,139)(130,138)(131,137)(134,140)(142,143)(145,151)(146,150)(147,148)
(153,163)(155,161)(156,167)(158,166)(159,165)(162,168)(170,171)(173,179)
(174,178)(175,176)(181,191)(183,189)(184,195)(186,194)(187,193)(190,196)
(198,199)(201,207)(202,206)(203,204)(209,219)(211,217)(212,223)(214,222)
(215,221)(218,224)(226,227)(229,235)(230,234)(231,232)(237,247)(239,245)
(240,251)(242,250)(243,249)(246,252)(254,255)(257,263)(258,262)(259,260)
(265,275)(267,273)(268,279)(270,278)(271,277)(274,280)(282,283)(285,291)
(286,290)(287,288)(293,303)(295,301)(296,307)(298,306)(299,305)(302,308)
(310,311)(313,319)(314,318)(315,316)(321,331)(323,329)(324,335)(326,334)
(327,333)(330,336)(338,339)(341,347)(342,346)(343,344)(349,359)(351,357)
(352,363)(354,362)(355,361)(358,364)(366,367)(369,375)(370,374)(371,372)
(377,387)(379,385)(380,391)(382,390)(383,389)(386,392)(394,395)(397,403)
(398,402)(399,400)(405,415)(407,413)(408,419)(410,418)(411,417)(414,420)
(422,423)(425,431)(426,430)(427,428)(433,443)(435,441)(436,447)(438,446)
(439,445)(442,448)(450,451)(453,459)(454,458)(455,456)(461,471)(463,469)
(464,475)(466,474)(467,473)(470,476)(478,479)(481,487)(482,486)(483,484)
(489,499)(491,497)(492,503)(494,502)(495,501)(498,504)(506,507)(509,515)
(510,514)(511,512)(517,527)(519,525)(520,531)(522,530)(523,529)(526,532)
(534,535)(537,543)(538,542)(539,540)(545,555)(547,553)(548,559)(550,558)
(551,557)(554,560)(562,563)(565,571)(566,570)(567,568)(573,583)(575,581)
(576,587)(578,586)(579,585)(582,588)(590,591)(593,599)(594,598)(595,596)
(601,611)(603,609)(604,615)(606,614)(607,613)(610,616)(618,619)(621,627)
(622,626)(623,624)(629,639)(631,637)(632,643)(634,642)(635,641)(638,644)
(646,647)(649,655)(650,654)(651,652)(657,667)(659,665)(660,671)(662,670)
(663,669)(666,672)(674,675)(677,683)(678,682)(679,680)(685,695)(687,693)
(688,699)(690,698)(691,697)(694,700)(702,703)(705,711)(706,710)(707,708)
(713,723)(715,721)(716,727)(718,726)(719,725)(722,728)(730,731)(733,739)
(734,738)(735,736)(741,751)(743,749)(744,755)(746,754)(747,753)(750,756)
(758,759)(761,767)(762,766)(763,764)(769,779)(771,777)(772,783)(774,782)
(775,781)(778,784),(29,57)(30,58)(31,59)(32,60)(33,61)(34,62)
(35,63)(36,64)(37,65)(38,66)(39,67)(40,68)(41,69)(42,70)
(43,71)(44,72)(45,73)(46,74)(47,75)(48,76)(49,77)(50,78)
(51,79)(52,80)(53,81)(54,82)(55,83)(56,84)(113,281)(114,282)
(115,283)(116,284)(117,285)(118,286)(119,287)(120,288)(121,289)(122,290)
(123,291)(124,292)(125,293)(126,294)(127,295)(128,296)(129,297)(130,298)
(131,299)(132,300)(133,301)(134,302)(135,303)(136,304)(137,305)(138,306)
(139,307)(140,308)(141,253)(142,254)(143,255)(144,256)(145,257)(146,258)
(147,259)(148,260)(149,261)(150,262)(151,263)(152,264)(153,265)(154,266)
(155,267)(156,268)(157,269)(158,270)(159,271)(160,272)(161,273)(162,274)
(163,275)(164,276)(165,277)(166,278)(167,279)(168,280)(169,197)(170,198)
(171,199)(172,200)(173,201)(174,202)(175,203)(176,204)(177,205)(178,206)
(179,207)(180,208)(181,209)(182,210)(183,211)(184,212)(185,213)(186,214)
(187,215)(188,216)(189,217)(190,218)(191,219)(192,220)(193,221)(194,222)
(195,223)(196,224)(337,617)(338,618)(339,619)(340,620)(341,621)(342,622)
(343,623)(344,624)(345,625)(346,626)(347,627)(348,628)(349,629)(350,630)
(351,631)(352,632)(353,633)(354,634)(355,635)(356,636)(357,637)(358,638)
(359,639)(360,640)(361,641)(362,642)(363,643)(364,644)(393,561)(394,562)
(395,563)(396,564)(397,565)(398,566)(399,567)(400,568)(401,569)(402,570)
(403,571)(404,572)(405,573)(406,574)(407,575)(408,576)(409,577)(410,578)
(411,579)(412,580)(413,581)(414,582)(415,583)(416,584)(417,585)(418,586)
(419,587)(420,588)(421,729)(422,730)(423,731)(424,732)(425,733)(426,734)
(427,735)(428,736)(429,737)(430,738)(431,739)(432,740)(433,741)(434,742)
(435,743)(436,744)(437,745)(438,746)(439,747)(440,748)(441,749)(442,750)
(443,751)(444,752)(445,753)(446,754)(447,755)(448,756)(477,701)(478,702)
(479,703)(480,704)(481,705)(482,706)(483,707)(484,708)(485,709)(486,710)
(487,711)(488,712)(489,713)(490,714)(491,715)(492,716)(493,717)(494,718)
(495,719)(496,720)(497,721)(498,722)(499,723)(500,724)(501,725)(502,726)
(503,727)(504,728)(505,673)(506,674)(507,675)(508,676)(509,677)(510,678)
(511,679)(512,680)(513,681)(514,682)(515,683)(516,684)(517,685)(518,686)
(519,687)(520,688)(521,689)(522,690)(523,691)(524,692)(525,693)(526,694)
(527,695)(528,696)(529,697)(530,698)(531,699)(532,700)(589,757)(590,758)
(591,759)(592,760)(593,761)(594,762)(595,763)(596,764)(597,765)(598,766)
(599,767)(600,768)(601,769)(602,770)(603,771)(604,772)(605,773)(606,774)
(607,775)(608,776)(609,777)(610,778)(611,779)(612,780)(613,781)(614,782)
(615,783)(616,784),(1,28,10,27,12,3)(2,17,15,19,13,4)
(6,11,16,24,21,25)(7,20,18)(8,9,22,23,14,26)
(29,56,38,55,40,31)(30,45,43,47,41,32)(34,39,44,52,49,53
)(35,48,46)(36,37,50,51,42,54)(57,84,66,83,68,59)
(58,73,71,75,69,60)(62,67,72,80,77,81)(63,76,74)
(64,65,78,79,70,82)(85,112,94,111,96,87)(86,101,99,103,97,88
)(90,95,100,108,105,109)(91,104,102)(92,93,106,107,98,110)
(113,140,122,139,124,115)(114,129,127,131,125,116)(118,123,128,136,133,137
)(119,132,130)(120,121,134,135,126,138)(141,168,150,167,152,143)
(142,157,155,159,153,144)(146,151,156,164,161,165)(147,160,158)
(148,149,162,163,154,166)(169,196,178,195,180,171)(170,185,183,187,181,172
)(174,179,184,192,189,193)(175,188,186)(176,177,190,191,182,194)
(197,224,206,223,208,199)(198,213,211,215,209,200)(202,207,212,220,217,221
)(203,216,214)(204,205,218,219,210,222)(225,252,234,251,236,227)
(226,241,239,243,237,228)(230,235,240,248,245,249)(231,244,242)
(232,233,246,247,238,250)(253,280,262,279,264,255)(254,269,267,271,265,256
)(258,263,268,276,273,277)(259,272,270)(260,261,274,275,266,278)
(281,308,290,307,292,283)(282,297,295,299,293,284)(286,291,296,304,301,305
)(287,300,298)(288,289,302,303,294,306)(309,336,318,335,320,311)
(310,325,323,327,321,312)(314,319,324,332,329,333)(315,328,326)
(316,317,330,331,322,334)(337,364,346,363,348,339)(338,353,351,355,349,340
)(342,347,352,360,357,361)(343,356,354)(344,345,358,359,350,362)
(365,392,374,391,376,367)(366,381,379,383,377,368)(370,375,380,388,385,389
)(371,384,382)(372,373,386,387,378,390)(393,420,402,419,404,395)
(394,409,407,411,405,396)(398,403,408,416,413,417)(399,412,410)
(400,401,414,415,406,418)(421,448,430,447,432,423)(422,437,435,439,433,424
)(426,431,436,444,441,445)(427,440,438)(428,429,442,443,434,446)
(449,476,458,475,460,451)(450,465,463,467,461,452)(454,459,464,472,469,473
)(455,468,466)(456,457,470,471,462,474)(477,504,486,503,488,479)
(478,493,491,495,489,480)(482,487,492,500,497,501)(483,496,494)
(484,485,498,499,490,502)(505,532,514,531,516,507)(506,521,519,523,517,508
)(510,515,520,528,525,529)(511,524,522)(512,513,526,527,518,530)
(533,560,542,559,544,535)(534,549,547,551,545,536)(538,543,548,556,553,557
)(539,552,550)(540,541,554,555,546,558)(561,588,570,587,572,563)
(562,577,575,579,573,564)(566,571,576,584,581,585)(567,580,578)
(568,569,582,583,574,586)(589,616,598,615,600,591)(590,605,603,607,601,592
)(594,599,604,612,609,613)(595,608,606)(596,597,610,611,602,614)
(617,644,626,643,628,619)(618,633,631,635,629,620)(622,627,632,640,637,641
)(623,636,634)(624,625,638,639,630,642)(645,672,654,671,656,647)
(646,661,659,663,657,648)(650,655,660,668,665,669)(651,664,662)
(652,653,666,667,658,670)(673,700,682,699,684,675)(674,689,687,691,685,676
)(678,683,688,696,693,697)(679,692,690)(680,681,694,695,686,698)
(701,728,710,727,712,703)(702,717,715,719,713,704)(706,711,716,724,721,725
)(707,720,718)(708,709,722,723,714,726)(729,756,738,755,740,731)
(730,745,743,747,741,732)(734,739,744,752,749,753)(735,748,746)
(736,737,750,751,742,754)(757,784,766,783,768,759)(758,773,771,775,769,760
)(762,767,772,780,777,781)(763,776,774)(764,765,778,779,770,782),
(1,757,253,729,309,57)(2,758,254,730,310,58)(3,759,255,731,311,59)
(4,760,256,732,312,60)(5,761,257,733,313,61)(6,762,258,734,314,62
)(7,763,259,735,315,63)(8,764,260,736,316,64)(9,765,261,737,317,
65)(10,766,262,738,318,66)(11,767,263,739,319,67)(12,768,264,740,
320,68)(13,769,265,741,321,69)(14,770,266,742,322,70)
(15,771,267,743,323,71)(16,772,268,744,324,72)(17,773,269,745,325,73
)(18,774,270,746,326,74)(19,775,271,747,327,75)(20,776,272,748,328,
76)(21,777,273,749,329,77)(22,778,274,750,330,78)(23,779,275,751,
331,79)(24,780,276,752,332,80)(25,781,277,753,333,81)
(26,782,278,754,334,82)(27,783,279,755,335,83)(28,784,280,756,336,84
)(29,449,393,505,337,85)(30,450,394,506,338,86)(31,451,395,507,339,
87)(32,452,396,508,340,88)(33,453,397,509,341,89)(34,454,398,510,
342,90)(35,455,399,511,343,91)(36,456,400,512,344,92)
(37,457,401,513,345,93)(38,458,402,514,346,94)(39,459,403,515,347,95
)(40,460,404,516,348,96)(41,461,405,517,349,97)(42,462,406,518,350,
98)(43,463,407,519,351,99)(44,464,408,520,352,100)(45,465,409,521,
353,101)(46,466,410,522,354,102)(47,467,411,523,355,103)
(48,468,412,524,356,104)(49,469,413,525,357,105)(50,470,414,526,358,106
)(51,471,415,527,359,107)(52,472,416,528,360,108)(53,473,417,529,361,
109)(54,474,418,530,362,110)(55,475,419,531,363,111)(56,476,420,532,
364,112)(141,281,421,645,561,673)(142,282,422,646,562,674)
(143,283,423,647,563,675)(144,284,424,648,564,676)(145,285,425,649,565,677
)(146,286,426,650,566,678)(147,287,427,651,567,679)(148,288,428,652,568,
680)(149,289,429,653,569,681)(150,290,430,654,570,682)(151,291,431,655,
571,683)(152,292,432,656,572,684)(153,293,433,657,573,685)
(154,294,434,658,574,686)(155,295,435,659,575,687)(156,296,436,660,576,688
)(157,297,437,661,577,689)(158,298,438,662,578,690)(159,299,439,663,579,
691)(160,300,440,664,580,692)(161,301,441,665,581,693)(162,302,442,666,
582,694)(163,303,443,667,583,695)(164,304,444,668,584,696)
(165,305,445,669,585,697)(166,306,446,670,586,698)(167,307,447,671,587,699
)(168,308,448,672,588,700)(169,533,477)(170,534,478)(171,535,479)
(172,536,480)(173,537,481)(174,538,482)(175,539,483)(176,540,484)
(177,541,485)(178,542,486)(179,543,487)(180,544,488)(181,545,489)
(182,546,490)(183,547,491)(184,548,492)(185,549,493)(186,550,494)
(187,551,495)(188,552,496)(189,553,497)(190,554,498)(191,555,499)
(192,556,500)(193,557,501)(194,558,502)(195,559,503)(196,560,504)
(197,225,589,617,365,701)(198,226,590,618,366,702)(199,227,591,619,367,703
)(200,228,592,620,368,704)(201,229,593,621,369,705)(202,230,594,622,370,
706)(203,231,595,623,371,707)(204,232,596,624,372,708)(205,233,597,625,
373,709)(206,234,598,626,374,710)(207,235,599,627,375,711)
(208,236,600,628,376,712)(209,237,601,629,377,713)(210,238,602,630,378,714
)(211,239,603,631,379,715)(212,240,604,632,380,716)(213,241,605,633,381,
717)(214,242,606,634,382,718)(215,243,607,635,383,719)(216,244,608,636,
384,720)(217,245,609,637,385,721)(218,246,610,638,386,722)
(219,247,611,639,387,723)(220,248,612,640,388,724)(221,249,613,641,389,725
)(222,250,614,642,390,726)(223,251,615,643,391,727)(224,252,616,644,392,
728)],1);
