Revision.u4c4_325:="@(#)$Id: u4c4.325,v 1.1 2000/01/12 15:50:40 ahulpke Exp $";

coh:=MakeCohort(
[(1,8,254,297,142,107,133,269,53,171)(2,162,43,177,138,32,286,82,
323,201,288,208,137,106,264,265,5,233,314,66)(3,300,248,167,150,293,
168,92,183,298,287,280,18,52,37,274,129,255,238,279)(4,96,85,252,
146,89,206,135,224,210,289,153,188,95,91,226,125,212,75,160)
(6,307,116,57,144,317,48,250,172,308,305,285,10,123,105,322,130,152,
22,284)(7,24,42,220,73,59,35,247,170,306,241,243,211,69,194,192,
97,174,113,283)(9,197,191,179,301,110,61,80,173,309,182,76,86,120,
278,23,87,219,244,282)(11,136,215,111,143,149,304,228,291,222,302,161,
132,245,28,38,16,190,277,196)(12,223,45,50,316,276,262,257,229,19,
119,70,158,128,324,292,101,147,60,109)(13,237,126,189,68,198,139,118,
175,299,181,180,205,231,78,79,98,236,20,281)(14,311,320,313,121,156,
100,272,54,103)(15,34,164,104,122,239,33,203,140,157,234,251,55,26,
163,117,99,169,31,46)(17,93,44,151,127)(21,261,221,90,145,62,
154,217,230,56,303,102,199,40,259,84,131,155,63,209)(25,240,218,207,
134,271,273,36,141,83)(27,77,115,108,187,202,49,290,315,41,258,71,
184,246,64,51,216,275,325,256)(29,112,114,310,242,185,47,195,193,74)
(30,165,296,88,268)(39,260,318,81,270,65,321,214,204,178)
(58,166,319,148,227,263,253,225,159,124)(67,186,249,312,176)
(72,294,295,213,232,235,200,94,266,267),
(1,254,142,133,53)(2,43,138,286,323,288,137,264,5,314)
(3,248,150,168,183,287,18,37,129,238)(4,85,146,206,224,289,188,91,
125,75)(6,116,144,48,172,305,10,105,130,22)(7,42,73,35,170,
241,211,194,97,113)(8,297,107,269,171)(9,191,301,61,173,182,86,
278,87,244)(11,215,143,304,291,302,132,28,16,277)(12,45,316,262,
229,119,158,324,101,60)(13,126,68,139,175,181,205,78,98,20)
(14,320,121,100,54)(15,164,122,33,140,234,55,163,99,31)
(17,44,127,93,151)(19,70,128,292,147,109,223,50,276,257)
(21,221,145,154,230,303,199,259,131,63)(23,219,282,197,179,110,80,309,
76,120)(24,220,59,247,306,243,69,192,174,283)(25,218,134,273,141)
(26,117,169,46,34,104,239,203,157,251)(27,115,187,49,315,258,184,64,
216,325)(29,114,242,47,193)(30,296,268,165,88)(32,82,201,208,106,
265,233,66,162,177)(36,83,240,207,271)(38,190,196,136,111,149,228,
222,161,245)(39,318,270,321,204)(40,84,155,209,261,90,62,217,56,102
)(41,71,246,51,275,256,77,108,202,290)(52,274,255,279,300,167,293,
92,298,280)(57,317,250,308,285,123,322,152,284,307)(58,319,227,253,159
)(65,214,178,260,81)(67,249,176,186,312)(72,295,232,200,266)
(74,112,310,185,195)(79,236,281,237,189,198,118,299,180,231)
(89,135,210,153,95,226,212,160,96,252)(94,267,294,213,235)
(103,311,313,156,272)(124,166,148,263,225),
(1,235,72,107,88)(2,185,139,265,87)(3,17,317,226,21)
(4,320,117,274,89)(5,112,126,208,86)(6,239,272,62,303)
(7,196,176,264,79)(8,268,133,294,200)(9,138,74,181,66)
(10,169,103,155,221)(11,243,29,149,61)(12,202,290,262,83)
(13,65,110,28,198)(14,104,167,95,224)(15,293,84,319,287)
(16,247,47,136,191)(18,44,152,135,199)(19,257,325,134,187)
(20,82,173,137,195)(22,31,57,263,75)(23,39,59,241,201)
(24,35,32,76,321)(25,27,276,50,64)(26,156,40,63,172)
(30,254,94,295,269)(33,285,148,206,48)(34,313,261,154,130)
(36,229,246,51,324)(37,122,298,209,253)(38,67,288,180,97)
(41,71,119,207,316)(42,162,80,318,174)(43,189,170,228,249)
(45,271,101,77,108)(46,279,210,146,100)(49,218,184,147,292)
(52,90,58,238,140)(53,213,266,297,165)(54,251,280,96,125)
(55,255,217,227,248)(56,259,144,157,311)(60,240,158,275,256)
(68,178,309,277,299)(69,113,233,179,204)(70,115,141,315,128)
(73,111,312,314,281)(78,177,301,323,310)(81,120,215,231,175)
(85,116,164,250,124)(91,105,163,284,166)(92,212,188,121,203)
(93,307,153,131,129)(98,260,197,302,237)(99,300,102,159,168)
(106,282,270,306,194)(109,258,273,216,223)(114,190,244,132,220)
(118,211,161,186,286)(123,252,230,183,151)(127,308,160,145,150)
(142,267,232,171,296)(143,192,242,222,182)(193,245,278,291,283)
(205,214,219,304,236)(225,289,305,234,322),
(1,161,141,62,75,168,252,265,93,86,147,72,100)(2,102,145,199,295,
114,115,9,178,221,278,60,230)(3,8,153,318,24,31,233,126,127,287,
202,68,155)(4,285,5,228,149,77,206,323,270,195,88,64,15)
(6,43,190,211,54,21,134,274,92,283,169,293,107)(7,290,84,138,20,
232,122,85,263,176,175,41,111)(10,224,71,81,277,231,130,172,34,37,
250,80,119)(11,212,164,249,257,167,13,208,91,241,272,234,312)
(12,204,22,245,203,273,152,207,65,150,156,51,261)(14,216,225,237,118,
192,210,209,246,187,142,301,170)(16,303,247,325,244,166,197,226,90,260,
236,97,193)(17,63,313,160,78,253,299,281,297,306,70,271,275)
(18,82,32,106,45,296,28,128,57,137,95,182,163)(19,189,229,39,300,
67,214,235,196,191,213,123,248)(23,280,258,179,66,132,243,129,154,47,
307,311,159)(25,220,112,89,109,42,104,282,157,55,136,76,133)
(26,319,99,305,188,184,205,33,269,215,36,151,53)(27,162,108,44,117,
185,288,56,135,181,79,222,94)(29,217,310,158,279,183,48,58,177,186,
308,180,200)(30,255,320,218,98,304,266,50,103,116,238,113,143)
(35,96,284,165,174,317,74,286,131,110,294,87,315)(38,140,40,69,49,
239,262,268,124,254,125,314,291)(46,105,59,148,194,61,324,198,240,219,
201,227,256)(52,144,173,73,171,276,316,120,259,121,309,251,242)
(83,101,302,146,223,292,322,139,267,289,321,298,264)],2);
