#############################################################################
##
#W  ctbnews.tbl                 GAP table library               Thomas Breuer
##
#Y  Copyright (C)  2001,  Lehrstuhl D fuer Mathematik,  RWTH Aachen,  Germany
##
##  This file contains the Brauer character tables for which the ordinary
##  tables are stored in the file `ctonews.tbl'.
##
#H  ctbllib history
#H  ---------------
#H  $Log: ctbnews.tbl,v $
#H  Revision 4.2  2011/09/28 12:12:37  gap
#H  removed Revision entries and SET_TABLEFILENAME calls
#H      TB
#H
#H  Revision 4.1  2001/11/14 16:01:08  gap
#H  first Brauer tables of maximal subgroups that are themselves
#H  not ATLAS groups
#H      TB
#H
##

MBT("3^7.O7(3)",2,
"computed by G. Hiss, Oct. 2001",
[1,1,1,1,1,1,1,1,1,1,1,1,2,2,3,6,6,6,6,6,6,6,7,7,7,7,7,7,7,8,9,14,14,14,14,14,
14,14,16,16,16,17,17,17,18,18,18,18,18,18,18,18,18,25,4,5,10,11,12,13,15,19,20
,21,22,23,24,26,27,28],
[9,3,1,0,0,7,8,1,2,0,0,0,0,6,0,3,2,5,0,0,0,0,0,0,1,0,0,0],
[[1,2,3,4,8,9,11,15,17,26,39,40],[36,47],,,,[59,91,92,93,98,99,103],[60,61,63,
64,69,71,72],,[101],,,,,[117,118,119,120,124,127,128],,[136,163,164],[137,138,
139],[141,142,143,144,145,146,147,148,149]],
[,,[[1,2]],,,,,3,,,,,,,,,,,,,,,,,3],
[[[0,2,0,0,0,-1,-2,-1,0,0,0,1],[0,2,0,0,-1,0,-2,-1,0,0,1,0],[1,-1,0,-1,0,0,0,0
,0,1,0,0],[0,-1,-1,0,0,0,0,0,1,0,0,0],[0,0,0,0,0,0,0,1,0,0,0,0],[0,-1,0,0,0,0,
1,0,0,0,0,0],[0,0,0,0,0,1,0,0,0,0,0,0],[0,0,0,0,1,0,0,0,0,0,0,0],[-1,0,0,1,0,0
,0,0,0,0,0,0],[-1,0,1,0,0,0,0,0,0,0,0,0],[0,1,0,0,0,0,0,0,0,0,0,0],[1,0,0,0,0,
0,0,0,0,0,0,0]],[[0,1],[1,0]],,,,[[0,1,-2,-1,0,-1,1],[0,-1,0,0,0,1,0],[0,-1,1,
0,1,0,0],[-1,-1,1,1,0,0,0],[0,1,-1,0,0,0,0],[0,0,1,0,0,0,0],[1,0,0,0,0,0,0]],[
[0,-1,0,-1,0,0,1],[0,-1,0,-1,0,1,0],[-1,0,0,0,1,0,0],[0,-1,0,1,0,0,0],[0,0,1,0
,0,0,0],[0,1,0,0,0,0,0],[1,0,0,0,0,0,0]],,[[1]],,,,,[[1,0,-1,-1,0,0,1],[1,-1,0
,-1,0,1,0],[-1,0,0,0,1,0,0],[0,0,0,1,0,0,0],[-1,0,1,0,0,0,0],[-1,1,0,0,0,0,0],
[1,0,0,0,0,0,0]],,[[-1,0,1],[-1,1,0],[1,0,0]],[[0,0,1],[0,1,0],[1,0,0]],[[0,0,
0,0,0,0,0,0,1],[0,0,0,0,0,0,0,1,0],[0,0,0,0,0,0,1,0,0],[0,0,0,0,0,1,0,0,0],[0,
0,0,0,1,0,0,0,0],[0,0,0,1,0,0,0,0,0],[0,0,1,0,0,0,0,0,0],[0,1,0,0,0,0,0,0,0],[
1,0,0,0,0,0,0,0,0]]],
0,
[(68,70),(43,44),(20,24)(21,27)(22,25)(23,26)(29,31)(56,60)(57,61)(58,59),
(62,64)(65,66),(62,65,64,66)(63,67)],
0);

MBT("3^7.O7(3)",5,
"computed by G. Hiss, Oct. 2001",
[1,1,1,1,2,2,2,2,3,3,3,3,5,5,5,5,9,9,9,9,39,39,39,39,40,40,40,40,42,42,42,42,
63,63,64,64,64,64,80,80,80,80,96,96,4,6,7,8,10,11,12,13,14,15,16,17,18,19,20,
21,22,23,24,25,26,27,28,29,30,31,32,33,34,35,36,37,38,41,43,44,45,46,47,48,49,
50,51,52,53,54,55,56,57,58,59,60,61,62,65,66,67,68,69,70,71,72,73,74,75,76,77,
78,79,81,82,83,84,85,86,87,88,89,90,91,92,93,94,95,97,98,99,100,101,102,103,
104,105,106,107,108,109,110,111,112,113,114,115,116,117,118,119,120,121,122,
123,124,125,126,127,128,129,130,131,132,133,134,135,136,137],
[1,1,1,0,1,0,0,0,1,0,0,0,0,0,0,0,0,0,0,0,0,0,0,0,0,0,0,0,0,0,0,0,0,0,0,0,0,0,1
,1,0,1,0,0,0,0,0,0,0,0,0,0,0,0,0,0,0,0,0,0,0,0,1,1,0,0,0,0,0,0,0,0,0,0,0,0,0,0
,0,1,0,0,0,0,0,0,0,0,0,0,0,0,0,0,0,1,0,0,0,0,0,0,0,0,0,0,0,0,0,0,0,0,0,0,0,0,0
,0,0,0,0,0,0,0,0,0,0,0,0,0,0,0,0,0,0,0,0],
[],
[[[4,5],[3,5],[2,4],[1,2]],[[4,5],[3,5],[2,3],[1,4]],[[4,5],[3,5],[2,4],[1,3]]
,,3,,,,3,,,,,,,,,,,,,,,,,,,,,,,,,,,,,,1,1,,3,,,,,,,,,,,,,,,,,,,,,[[2,3,4],[1,2
]],2,,,,,,,,,,,,,,,,3,,,,,,,,,,,,,,,,[[2,3,4],[1,4]]],
[],
0,
[(163,164),(114,115),(108,109)(160,161),
( 30, 34)( 31, 37)( 32, 35)( 33, 36)( 39, 41)( 95,100)( 96, 98)( 97, 99)
(101,104)(102,103)(126,130)(127,131)(128,129)(132,134)(146,151)(147,149)
(148,150)
,(154,156)(157,158),(154,157,156,158)(155,159)],
0);

MBT("3^7.O7(3)",7,
"computed by G. Hiss, Oct. 2001",
[1,1,1,1,1,1,6,6,6,6,6,6,48,48,48,49,49,49,2,3,4,5,7,8,9,10,11,12,13,14,15,16,
17,18,19,20,21,22,23,24,25,26,27,28,29,30,31,32,33,34,35,36,37,38,39,40,41,42,
43,44,45,46,47,50,51,52,53,54,55,56,57,58,59,60,61,62,63,64,65,66,67,68,69,70,
71,72,73,74,75,76,77,78,79,80,81,82,83,84,85,86,87,88,89,90,91,92,93,94,95,96,
97,98,99,100,101,102,103,104,105,106,107,108,109,110,111,112,113,114,115,116,
117,118,119,120,121,122,123,124,125,126,127,128,129,130,131,132,133,134,135,
136,137,138,139,140,141,142,143,144,145,146,147,148,149,150,151,152,153,154,
155,156,157,158,159,160,161,162,163],
[1,0,0,0,0,1,0,0,0,0,0,0,0,0,0,0,0,0,0,0,0,0,0,0,0,0,0,0,0,0,0,0,0,0,0,0,0,0,0
,0,0,0,0,0,0,0,0,1,1,0,0,0,0,0,0,0,0,0,0,0,0,0,0,0,0,0,0,0,0,0,0,0,0,0,0,0,0,0
,0,0,0,0,0,0,0,0,0,0,0,0,0,0,0,0,0,0,0,0,0,0,0,0,0,0,0,0,0,0,0,0,0,0,0,0,0,0,0
,0,0,0,0,0,0,0,0,0,0,0,0,0,0,0,0,0,0,0,0,0,0,0,0,0,0,0,0,0,0,0,0,0,0,0,0,0,0,0
,0,0,0,0,0,0,0],
[],
[[[6,7],[5,7],[4,6],[3,5],[2,4],[1,3]],,,,,[[6,7],[5,7],[4,7],[3,7],[2,6],[1,5
]],,,,,,,,,,,,,,,,,,,,,,,,,,,,,,,,,,,,,,,,,,[[3,4,5],[2,5],[1,2]],[[4,5],[2,3,
5],[1,4]]],
[],
0,
[(176,177),(168,169),(165,167),(115,116),
( 30, 34)( 31, 37)( 32, 35)( 33, 36)( 39, 41)( 99,104)(100,102)(101,103)
(105,108)(106,107)(127,131)(128,132)(129,130)(137,139)(151,156)(152,154)
(153,155)
,(159,161)(162,163),(159,162,161,163)(160,164)],
0);

MBT("3^7.O7(3)",13,
"computed by G. Hiss, Oct. 2001",
[1,1,1,1,1,1,52,52,52,2,3,4,5,6,7,8,9,10,11,12,13,14,15,16,17,18,19,20,21,22,
23,24,25,26,27,28,29,30,31,32,33,34,35,36,37,38,39,40,41,42,43,44,45,46,47,48,
49,50,51,53,54,55,56,57,58,59,60,61,62,63,64,65,66,67,68,69,70,71,72,73,74,75,
76,77,78,79,80,81,82,83,84,85,86,87,88,89,90,91,92,93,94,95,96,97,98,99,100,
101,102,103,104,105,106,107,108,109,110,111,112,113,114,115,116,117,118,119,
120,121,122,123,124,125,126,127,128,129,130,131,132,133,134,135,136,137,138,
139,140,141,142,143,144,145,146,147,148,149,150,151,152,153,154,155,156,157,
158,159,160,161,162,163,164,165,166,167,168,169,170],
[1,0,0,0,0,0,0,0,0,0,0,0,0,0,0,0,0,0,0,0,0,0,0,0,0,0,0,0,0,0,0,0,0,0,0,0,0,0,0
,0,0,0,0,0,0,0,0,0,0,0,0,1,0,0,0,0,0,0,0,0,0,0,0,0,0,0,0,0,0,0,0,0,0,0,0,0,0,0
,0,0,0,0,0,0,0,0,0,0,0,0,0,0,0,0,0,0,0,0,0,0,0,0,0,0,0,0,0,0,0,0,0,0,0,0,0,0,0
,0,0,0,0,0,0,0,0,0,0,0,0,0,0,0,0,0,0,0,0,0,0,0,0,0,0,0,0,0,0,0,0,0,0,0,0,0,0,0
,0,0,0,0,0,0,0,0,0,0,0,0,0,0],
[],
[[[6,7,8],[5,8],[4,6,7],[3,4],[2,5],[1,3]],,,,,,,,,,,,,,,,,,,,,,,,,,,,,,,,,,,,
,,,,,,,,,,,,,,,[[3,4,5,6,7],[2,3],[1,2]]],
[],
0,
[(176,177),(168,169),(165,167),(118,119),(112,113)(162,163),
( 30, 34)( 31, 37)( 32, 35)( 33, 36)( 39, 41)( 99,104)(100,102)(101,103)
(105,108)(106,107)(130,134)(131,135)(132,133)(140,142)(154,159)(155,157)
(156,158)
],
0);

LIBTABLE.LOADSTATUS.ctbnews:="userloaded";

#############################################################################
##
#E

