#############################################################################
##
#W  ctbtwis2.tbl                GAP table library               Thomas Breuer
##
#Y  Copyright (C)  1996,  Lehrstuhl D fuer Mathematik,  RWTH Aachen,  Germany
##
##  This file contains the Brauer character tables related to
##  the twisted group $^2E_6(2)$ of the ATLAS
##  (see file `ctotwis2.tbl'), modulo all prime divisors of the group order.
##
#H  ctbllib history
#H  ---------------
#H  $Log: ctbtwis2.tbl,v $
#H  Revision 4.7  2011/09/28 12:12:38  gap
#H  removed Revision entries and SET_TABLEFILENAME calls
#H      TB
#H
#H  Revision 4.6  2005/08/10 14:43:05  gap
#H  added known modular tables of 2^2.2E6(2)
#H      TB
#H
#H  Revision 4.5  2001/05/04 16:46:32  gap
#H  first revision for ctbllib
#H
#H
#H  tbl history (GAP 4)
#H  -------------------
#H  (Rev. 4.5 of ctbllib coincides with Rev. 4.4 of tbl in GAP 4)
#H  
#H  RCS file: /gap/CVS/GAP/4.0/tbl/ctbtwis2.tbl,v
#H  Working file: ctbtwis2.tbl
#H  head: 4.4
#H  branch:
#H  locks: strict
#H  access list:
#H  symbolic names:
#H  	GAP4R2: 4.4.0.8
#H  	GAP4R2PRE2: 4.4.0.6
#H  	GAP4R2PRE1: 4.4.0.4
#H  	GAP4R1: 4.4.0.2
#H  keyword substitution: kv
#H  total revisions: 5;	selected revisions: 5
#H  description:
#H  ----------------------------
#H  revision 4.4
#H  date: 1999/07/20 08:20:00;  author: gap;  state: Exp;  lines: +10 -10
#H  adjusted ordering of characters in (recently corrected) tables of
#H  2.2E6(2).2mod19 and 2.2E6(2)mod19 to the ordering in the (newly
#H  created) Cambridge file
#H  
#H      TB
#H  ----------------------------
#H  revision 4.3
#H  date: 1999/03/25 12:29:35;  author: gap;  state: Exp;  lines: +6 -6
#H  corrected Brauer tree for 2.2E6(2).2 mod 19
#H  (computed by J"urgen M"uller)
#H  
#H      TB
#H  ----------------------------
#H  revision 4.2
#H  date: 1999/03/10 17:14:46;  author: gap;  state: Exp;  lines: +11 -9
#H  corrected faithful block of 2.2E6(2) mod 19
#H  (the correct table was computed by J"urgen M"uller)
#H  
#H      TB
#H  ----------------------------
#H  revision 4.1
#H  date: 1997/07/17 15:36:20;  author: fceller;  state: Exp;  lines: +2 -2
#H  for version 4
#H  ----------------------------
#H  revision 1.1
#H  date: 1996/10/21 15:58:47;  author: sam;  state: Exp;
#H  first proposal of the table library
#H  ==========================================================================
##

TEXT1:= "origin: modular ATLAS of finite groups, tests: DEC, TENS";

MBT("2E6(2).2",11,
TEXT1,
[1,1,2,2,3,4,5,6,7,8,9,9,10,11,12,13,14,15,16,17,18,2,2,1,1,19,20,21,22,23,24,
25,2,2,26,27,28,29,30,31,32,33,34,35,36,37,38,39,40,41,42,43,9,9,44,45,46,47,
48,49,50,51,52,53,54,55,56,57,58,59,60,9,9,61,62,63,64,65,1,1,2,2,66,67,68,69,
70,71,72,1,1,73,74,75,76,77,78,79,80,81,82,83,84,85,86,87,88,89,90,91,92,93,
94,95,96,97,98,99,100,101,9,9,102,103,104,105,106,107,108,109,110,111,112,113,
114,115,116,117,118,119,120,121,122,123,124,125,126,127,128,129,130,131,132,
133,134,135,1,1,136,137,138,9,9,139,140,141,142,143,144,145,146,147,148,149,
150,151,152,153,154,155,156,157,2,2,158,159],
[1,1,0,0,0,0,0,0,1,0,0,0,0,0,0,0,0,0,0,0,0,0,0,0,0,0,0,0,0,0,0,0,0,0,0,0,0,0,
0,0,0,0,0,0,0,0,0,0,0,0,0,0,0,0,0,0,0,0,0,0,0,0,0,0,0,0,0,0,0,0,0,0,0,0,0,0,0,
0,0,0,0,0,0,0,0,0,0,0,0,0,0,0,0,0,0,0,0,0,0,0,0,0,0,0,0,0,0,0,0,0,0,0,0,0,0,0,
0,0,0,0,0,0,0,0,0,0,0,0,0,0,0,0,0,0,0,0,0,0,0,0,0,0,0,0,0,0,0,0,0,0,0,0,0,0,0,
0,0,0,0],
[],
[[[1,3],[2,4],[3,5],[4,6],[5,9],[6,10],[7,11],[8,11],[9,11],[10,11]],[[1,5],[
2,6],[3,9],[4,9],[5,7],[6,8],[7,10],[8,11],[9,10],[9,11]],,,,,,,[[1,3],[2,4],[
3,7],[4,8],[5,9],[6,9],[7,10],[8,11],[9,10],[9,11]]],
[],
0,
[( 82, 83)(177,178),( 69, 70)(166,167),(147,148)(175,176)(183,184)],
0);

MBT("2E6(2).2",13,
"origin: modular ATLAS of finite groups, tests: DEC",
[1,2,2,1,3,4,5,6,7,8,9,10,2,1,1,2,11,12,13,14,15,16,17,18,19,20,21,22,23,24,
25,26,27,28,29,30,31,32,33,2,1,2,1,34,35,36,37,38,2,1,39,40,41,42,43,44,45,46,
47,1,2,48,49,50,51,52,53,54,55,56,57,58,59,60,61,62,63,64,65,66,67,68,69,70,
71,72,73,74,75,76,77,78,79,80,81,82,83,84,85,86,87,88,89,90,91,92,93,2,1,94,
95,1,2,96,97,98,99,100,101,102,103,104,105,106,107,108,109,110,111,112,113,
114,115,116,117,118,119,120,121,122,123,124,125,126,127,128,129,130,131,1,2,
132,133,134,135,136,137,138,139,140,141,142,143,144,145,146,147,148,149,150,
151,152,153,154,155,156,157,158,1,2,159,160,161,162,163,164,165],
[1,1,0,0,0,0,0,0,0,0,0,0,0,0,0,0,0,0,0,0,0,0,0,0,0,0,0,0,0,0,0,0,0,0,0,0,0,0,
0,0,0,0,0,0,0,0,0,0,0,0,0,0,0,0,0,0,0,0,0,0,0,0,0,0,0,0,0,0,0,0,0,0,0,0,0,0,0,
0,0,0,0,0,0,0,0,0,0,0,0,0,0,0,0,0,0,0,0,0,0,0,0,0,0,0,0,0,0,0,0,0,0,0,0,0,0,0,
0,0,0,0,0,0,0,0,0,0,0,0,0,0,0,0,0,0,0,0,0,0,0,0,0,0,0,0,0,0,0,0,0,0,0,0,0,0,0,
0,0,0,0,0,0,0,0,0,0],
[],
[[[1,4],[2,3],[3,7],[4,8],[5,12],[6,12],[7,9],[8,10],[9,11],[10,12],[11,13],[
12,13]],1],
[],
0,
[( 82, 83)(178,179),( 70, 71)(168,169),(149,150)(176,177)(184,185)],
0,
rec(version:=1,
date:="26.07.93"));

MBT("2E6(2).2",17,
TEXT1,
[1,2,3,4,5,6,7,8,1,2,9,10,1,2,11,12,13,14,15,16,17,18,19,20,21,22,23,24,25,26,
27,28,1,2,29,30,31,32,33,34,35,36,37,38,39,40,41,42,43,44,45,46,47,48,49,50,
51,52,53,54,55,56,57,58,59,60,61,62,63,64,65,66,67,68,69,70,71,72,2,1,73,74,
75,76,77,78,79,80,81,82,83,84,85,86,87,88,89,1,2,90,91,92,93,94,95,2,1,96,97,
98,99,100,101,102,103,104,105,106,107,108,109,110,111,112,113,114,115,116,117,
118,119,120,121,122,123,124,125,126,127,128,129,130,131,132,133,134,135,136,
137,138,139,140,141,142,143,144,145,146,147,148,149,150,151,152,153,154,155,
156,157,158,159,160,161,162,163,164,165,166,167,168,2,1,169,170,171],
[1,1,0,0,0,0,0,0,0,0,0,0,0,0,0,0,0,0,0,0,0,0,0,0,0,0,0,0,0,0,0,0,0,0,0,0,0,0,
0,0,0,0,0,0,0,0,0,0,0,0,0,0,0,0,0,0,0,0,0,0,0,0,0,0,0,0,0,0,0,0,0,0,0,0,0,0,0,
0,0,0,0,0,0,0,0,0,0,0,0,0,0,0,0,0,0,0,0,0,0,0,0,0,0,0,0,0,0,0,0,0,0,0,0,0,0,0,
0,0,0,0,0,0,0,0,0,0,0,0,0,0,0,0,0,0,0,0,0,0,0,0,0,0,0,0,0,0,0,0,0,0,0,0,0,0,0,
0,0,0,0,0,0,0,0,0,0,0,0,0,0,0,0],
[],
[[[1,3],[2,5],[3,4],[4,6],[5,7],[6,8,9],[7,10],[8,9,10]],1],
[],
0,
[( 70, 71)(167,168),(148,149)(176,177)(182,183)],
0);

MBT("2E6(2).2",19,
TEXT1,
[1,1,2,3,1,1,4,5,6,7,8,9,10,11,12,13,14,15,16,17,18,1,1,19,20,21,22,23,24,25,
26,27,28,29,30,31,32,1,1,1,1,1,1,33,34,35,36,37,38,39,40,41,42,43,44,45,46,47,
48,49,50,51,52,53,54,55,56,57,58,59,60,61,62,63,64,65,66,67,68,69,70,71,72,73,
74,75,76,77,78,1,1,79,80,81,82,83,84,85,86,87,88,89,90,91,92,93,94,95,96,97,
98,99,100,101,102,103,104,105,106,107,108,109,110,111,112,113,114,115,116,1,1,
117,118,119,120,121,122,123,124,125,126,127,128,129,130,131,132,133,134,135,
136,137,138,139,140,141,142,143,144,145,146,147,148,149,150,151,152,153,154,
155,156,157,158,159,160,161,162,1,1,163,164,165,166,167,168,169,170,171],
[1,0,0,0,0,0,0,0,0,0,0,0,0,0,0,0,0,0,0,0,0,0,0,0,0,0,0,0,0,0,0,0,0,0,0,0,0,0,
0,0,0,0,0,0,0,0,0,0,0,0,0,0,0,0,0,0,0,0,0,0,0,0,0,0,0,0,0,0,0,0,0,0,0,0,0,0,0,
0,0,0,0,0,0,0,0,0,0,0,0,0,0,0,0,0,0,0,0,0,0,0,0,0,0,0,0,0,0,0,0,0,0,0,0,0,0,0,
0,0,0,0,0,0,0,0,0,0,0,0,0,0,0,0,0,0,0,0,0,0,0,0,0,0,0,0,0,0,0,0,0,0,0,0,0,0,0,
0,0,0,0,0,0,0,0,0,0,0,0,0,0,0,0],
[],
[[[1,3],[2,4],[3,7],[4,8],[5,13],[6,14],[7,15],[8,16],[9,17],[10,17],[11,17],[
12,17],[13,17],[14,17],[15,18],[16,19],[17,18],[17,19]]],
[],
0,
[( 83, 84)(179,180),( 70, 71)(168,169),(149,150)(177,178)(185,186)],
0);

MBT("2E6(2)",11,
TEXT1,
[1,2,3,4,5,6,7,8,9,10,11,12,2,1,13,14,15,16,17,2,18,19,20,21,22,23,24,25,26,
27,28,29,6,30,31,32,33,34,35,36,37,38,39,6,40,41,42,43,1,2,44,45,46,47,48,1,
49,50,51,52,53,54,55,56,57,58,59,60,61,62,63,64,65,66,67,6,68,69,70,71,72,73,
74,75,76,77,78,79,80,81,82,83,84,85,86,87,88,89,90,91,92,93,1,94,95,96,6,97,
98,99,100,101,102,103,104,105,106,107,2,108],
[1,1,0,0,0,1,0,0,0,0,0,0,0,0,0,0,0,0,0,0,0,0,0,0,0,0,0,0,0,0,0,0,0,0,0,0,0,0,
0,0,0,0,0,0,0,0,0,0,0,0,0,0,0,0,0,0,0,0,0,0,0,0,0,0,0,0,0,0,0,0,0,0,0,0,0,0,0,
0,0,0,0,0,0,0,0,0,0,0,0,0,0,0,0,0,0,0,0,0,0,0,0,0,0,0,0,0,0,0],
[],
[[[1,2],[2,3],[3,5],[4,6,7],[5,6,7]],[[1,3],[2,5,6],[3,4],[4,7],[5,6,7]],,,,[[
1,2],[2,4],[3,5,6],[4,7],[5,6,7]]],
[],
0,
[(119,120),(101,102),(97,98),(95,96),(79,80),(59,60),( 12, 13)( 17, 18)
( 40, 41)( 44, 45)( 47, 48)( 63, 64)( 66, 67)( 74, 75)( 77, 78)( 87, 88)
( 90, 91)( 93, 94)(111,112)(114,115),( 11, 12)( 16, 17)( 39, 40)( 43, 44)
( 46, 47)( 62, 63)( 65, 66)( 73, 74)( 76, 77)( 86, 87)( 89, 90)( 92, 93)
(110,111)(113,114)],
0);

MBT("2E6(2)",13,
TEXT1,
[1,1,2,3,4,5,1,1,6,7,8,9,10,11,12,13,14,15,16,17,18,19,20,21,1,1,22,23,24,25,
1,26,27,28,29,30,31,1,32,33,34,35,36,37,38,39,40,41,42,43,44,45,46,47,48,49,
50,51,52,53,54,55,56,57,58,59,60,1,61,1,62,63,64,65,66,67,68,69,70,71,72,73,
74,75,76,77,78,79,80,81,82,83,84,85,1,86,87,88,89,90,91,92,93,94,95,96,97,98,
99,100,101,102,103,104,105,106,107,108,109,1,110,111,112,113,114],
[1,0,0,0,0,0,0,0,0,0,0,0,0,0,0,0,0,0,0,0,0,0,0,0,0,0,0,0,0,0,0,0,0,0,0,0,0,0,
0,0,0,0,0,0,0,0,0,0,0,0,0,0,0,0,0,0,0,0,0,0,0,0,0,0,0,0,0,0,0,0,0,0,0,0,0,0,0,
0,0,0,0,0,0,0,0,0,0,0,0,0,0,0,0,0,0,0,0,0,0,0,0,0,0,0,0,0,0,0,0,0,0,0,0,0],
[],
[[[1,4],[2,3],[3,7],[4,8],[5,12],[6,12],[7,9],[8,10],[9,11],[10,12],[11,13],[
12,13]]],
[],
0,
[(124,125),(102,103),(98,99),(96,97),(81,82),(61,62),( 55, 56)(108,109)
(122,123),( 12, 13)( 17, 18)( 40, 41)( 44, 45)( 47, 48)( 65, 66)( 68, 69)
( 76, 77)( 79, 80)( 88, 89)( 91, 92)( 94, 95)(114,115)(117,118),( 11, 12)
( 16, 17)( 39, 40)( 43, 44)( 46, 47)( 64, 65)( 67, 68)( 75, 76)( 78, 79)
( 87, 88)( 90, 91)( 93, 94)(113,114)(116,117)],
0);

MBT("2E6(2)",17,
TEXT1,
[1,2,3,4,1,5,1,6,7,8,9,10,11,12,13,14,15,16,17,1,18,19,20,21,22,23,24,25,26,
27,28,29,30,31,32,33,34,35,36,37,38,39,40,41,42,43,44,45,1,46,47,48,49,50,51,
52,53,54,55,56,57,58,1,59,60,61,1,62,63,64,65,66,67,68,69,70,71,72,73,74,75,
76,77,78,79,80,81,82,83,84,85,86,87,88,89,90,91,92,93,94,95,96,97,98,99,100,
101,102,103,104,105,106,107,108,109,110,111,112,113,114,1,115,116,117],
[1,0,0,0,0,0,0,0,0,0,0,0,0,0,0,0,0,0,0,0,0,0,0,0,0,0,0,0,0,0,0,0,0,0,0,0,0,0,
0,0,0,0,0,0,0,0,0,0,0,0,0,0,0,0,0,0,0,0,0,0,0,0,0,0,0,0,0,0,0,0,0,0,0,0,0,0,0,
0,0,0,0,0,0,0,0,0,0,0,0,0,0,0,0,0,0,0,0,0,0,0,0,0,0,0,0,0,0,0,0,0,0,0,0,0,0,0,
0],
[],
[[[1,3],[2,5],[3,4],[4,6],[5,7],[6,8,9],[7,10],[8,9,10]]],
[],
0,
[(123,124),(101,102),(97,98),(81,82),(61,62),( 55, 56)(107,108)(121,122),
( 12, 13)( 17, 18)( 40, 41)( 44, 45)( 47, 48)( 65, 66)( 68, 69)( 76, 77)
( 79, 80)( 89, 90)( 92, 93)( 95, 96)(113,114)(116,117),( 11, 12)( 16, 17)
( 39, 40)( 43, 44)( 46, 47)( 64, 65)( 67, 68)( 75, 76)( 78, 79)( 88, 89)
( 91, 92)( 94, 95)(112,113)(115,116)],
0);

MBT("2E6(2)",19,
TEXT1,
[1,2,1,3,4,5,6,7,8,9,10,11,1,12,13,14,15,16,17,18,19,20,21,1,1,1,22,23,24,25,
26,27,28,29,30,31,32,33,34,35,36,37,38,39,40,41,42,43,44,45,46,47,48,49,50,1,
51,52,53,54,55,56,57,58,59,60,61,62,63,64,65,66,67,68,69,70,71,72,73,74,75,1,
76,77,78,79,80,81,82,83,84,85,86,87,88,89,90,91,92,93,94,95,96,97,98,99,100,
101,102,103,104,105,106,107,108,109,110,1,111,112,113,114,115,116],
[1,0,0,0,0,0,0,0,0,0,0,0,0,0,0,0,0,0,0,0,0,0,0,0,0,0,0,0,0,0,0,0,0,0,0,0,0,0,
0,0,0,0,0,0,0,0,0,0,0,0,0,0,0,0,0,0,0,0,0,0,0,0,0,0,0,0,0,0,0,0,0,0,0,0,0,0,0,
0,0,0,0,0,0,0,0,0,0,0,0,0,0,0,0,0,0,0,0,0,0,0,0,0,0,0,0,0,0,0,0,0,0,0,0,0,0,
0],
[],
[[[1,2],[2,4],[3,7],[4,8],[5,9,10],[6,9,10],[7,9,10],[8,11],[9,10,11]]],
[],
0,
[(123,124),( 99,100),(97,98),(81,82),(61,62),( 55, 56)(107,108)(121,122),
( 12, 13)( 17, 18)( 40, 41)( 44, 45)( 47, 48)( 65, 66)( 68, 69)( 76, 77)
( 79, 80)( 89, 90)( 92, 93)( 95, 96)(113,114)(116,117),( 11, 12)( 16, 17)
( 39, 40)( 43, 44)( 46, 47)( 64, 65)( 67, 68)( 75, 76)( 78, 79)( 88, 89)
( 91, 92)( 94, 95)(112,113)(115,116)],
0);

MBT("2.2E6(2).2",11,
"origin: modular ATLAS of finite groups, tests: DEC",
[160,160,161,161,162,162,163,164,160,160,165,166,167,168,169,170,162,162,171,
172,173,174,175,176,160,160,177,178,179,180,181,161,161,182,183,184,185,186,
187,162,162,160,160,188,189,190,191,192,193,194,195,196,197,160,160,161,161,
198,199,200,201,202,203,204,205,161,161,206,207,208,209,210,211,212,213,214,
215,216,217,218,219,220,221,222,223,224,225,226,162,162,227,228,229,230,162,
162,231,232,233,234,235,236,237,238,239,240,241,242,243,244,245,246,247,248,
249,250,161,161,251,252,253,254,255,256,257,258,259,260],
[1,1,1,0,0,0,0,0,0,0,0,0,0,0,0,0,0,0,0,0,0,0,0,0,0,0,0,0,0,0,0,0,0,0,0,0,0,0,
0,0,0,0,0,0,0,0,0,0,0,0,0,0,0,0,0,0,0,0,0,0,0,0,0,0,0,0,0,0,0,0,0,0,0,0,0,0,0,
0,0,0,0,0,0,0,0,0,0,0,0,0,0,0,0,0,0,0,0,0,0,0,0],
[],
[[[1,3],[2,4],[3,6],[4,5],[5,7],[6,8],[7,10],[8,11],[9,10],[9,11]],[[1,3],[2,
4],[3,6],[4,7],[5,9],[5,8],[6,10],[7,11],[8,10],[9,11]],[[1,3],[2,4],[3,5],[4,
6],[5,9],[6,8],[7,10],[7,11],[8,10],[9,11]]],
[],
[["2E6(2).2",0]],
[(311,312),(249,250)(295,296)(309,310),(110,111)(279,280),(169,170)(171,172)
(173,174)(175,176)(177,178)(179,180)(181,182)(183,184)(185,186)(187,188)
(189,190)(191,192)(193,194)(195,196)(198,199)(200,201)(202,203)(205,206)
(212,213)(215,216)(217,218)(219,220)(221,222)(223,224)(225,226)(227,228)
(229,230)(231,232)(233,234)(235,236)(237,238)(239,240)(241,242)(243,244)
(245,246)(247,248)(252,253)(254,255)(256,257)(258,259)(260,261)(262,263)
(264,265)(267,268)(269,270)(274,275)(277,278)(281,282)(283,284)(285,286)
(287,288)(289,290)(291,292)(293,294)(297,298)(299,300)(301,302)(303,304)
(305,306)(307,308)(313,314),(130,132)(131,133)(297,299)(298,300)],
0,
rec(version:=1,
date:="26.07.93"));

MBT("2.2E6(2).2",13,
"origin: modular ATLAS of finite groups, tests: DEC",
[166,167,167,166,168,169,170,171,172,173,174,175,176,177,167,166,166,167,178,
179,180,181,182,183,184,185,186,187,188,189,190,166,167,191,192,193,194,195,
196,197,198,199,200,201,202,166,167,167,166,203,204,205,206,207,166,167,166,
167,208,209,210,211,212,213,214,215,216,217,218,219,220,221,222,223,224,225,
226,227,228,229,230,231,232,233,234,235,236,237,238,239,240,241,242,167,166,
243,244,167,166,245,246,247,248,249,167,166,250,251,252,253,254,255,256,257,
258,259,260,261,262,263,264,265,266,267,268,269,270,271,272],
[1,1,0,0,0,0,0,0,0,0,0,0,0,0,0,0,0,0,0,0,0,0,0,0,0,0,0,0,0,0,0,0,0,0,0,0,0,0,
0,0,0,0,0,0,0,0,0,0,0,0,0,0,0,0,0,0,0,0,0,0,0,0,0,0,0,0,0,0,0,0,0,0,0,0,0,0,0,
0,0,0,0,0,0,0,0,0,0,0,0,0,0,0,0,0,0,0,0,0,0,0,0,0,0,0,0,0,0],
[],
[[[1,4],[2,3],[3,5],[4,7],[6,9],[6,8],[5,10],[8,12],[7,11],[11,13],[9,10],[12,
13]],1],
[],
[["2E6(2).2",0]],
[(313,314),(253,254)(297,298)(311,312),(112,113)(283,284),(173,174)(175,176)
(177,178)(179,180)(181,182)(183,184)(185,186)(187,188)(189,190)(191,192)
(193,194)(195,196)(197,198)(199,200)(202,203)(204,205)(206,207)(209,210)
(216,217)(219,220)(221,222)(223,224)(225,226)(227,228)(229,230)(231,232)
(233,234)(235,236)(237,238)(239,240)(241,242)(243,244)(245,246)(247,248)
(249,250)(251,252)(256,257)(258,259)(260,261)(262,263)(264,265)(266,267)
(268,269)(271,272)(273,274)(278,279)(281,282)(285,286)(287,288)(289,290)
(291,292)(293,294)(295,296)(299,300)(301,302)(303,304)(305,306)(307,308)
(309,310)(315,316)],
0,
rec(version:=1,
date:="26.07.93"));

MBT("2.2E6(2).2",17,
"origin: modular ATLAS of finite groups, tests: DEC",
[172,173,174,175,176,177,178,179,180,181,182,183,172,173,184,185,186,187,188,
189,190,191,192,193,194,195,196,197,198,199,200,201,202,203,204,172,173,205,
206,207,208,209,210,172,173,211,212,213,214,215,216,217,218,219,220,221,222,
223,224,225,226,227,228,172,173,229,230,231,232,233,234,235,236,237,238,239,
240,241,242,243,244,245,246,247,248,249,250,173,172,251,252,253,254,255,256,
257,258,259,260,173,172,261,262,263,264,265,266,267,268,269,270,271,272,273,
274,275,276,277,278,279,280,281,282,172,173,283,284],
[1,1,0,0,0,0,0,0,0,0,0,0,0,0,0,0,0,0,0,0,0,0,0,0,0,0,0,0,0,0,0,0,0,0,0,0,0,0,
0,0,0,0,0,0,0,0,0,0,0,0,0,0,0,0,0,0,0,0,0,0,0,0,0,0,0,0,0,0,0,0,0,0,0,0,0,0,0,
0,0,0,0,0,0,0,0,0,0,0,0,0,0,0,0,0,0,0,0,0,0,0,0,0,0,0,0,0,0,0,0,0,0,0,0],
[],
[[[1,2],[2,4],[3,5],[4,9],[5,6,7],[6,7,8],[8,10],[9,10]],1],
[],
[["2E6(2).2",0]],
[(309,310),(251,252)(297,298)(307,308),(112,113)(281,282),(171,172)(173,174)
(175,176)(177,178)(179,180)(181,182)(183,184)(185,186)(187,188)(189,190)
(191,192)(193,194)(195,196)(197,198)(200,201)(202,203)(204,205)(207,208)
(214,215)(217,218)(219,220)(221,222)(223,224)(225,226)(227,228)(229,230)
(231,232)(233,234)(235,236)(237,238)(239,240)(241,242)(243,244)(245,246)
(247,248)(249,250)(254,255)(256,257)(258,259)(260,261)(262,263)(264,265)
(266,267)(269,270)(271,272)(276,277)(279,280)(283,284)(285,286)(287,288)
(289,290)(291,292)(293,294)(295,296)(299,300)(301,302)(303,304)(305,306)
(311,312)],
0,
rec(version:=1,
date:="26.07.93"));

MBT("2.2E6(2).2",19,
TEXT1,
[172,173,174,174,175,176,174,174,177,178,179,180,181,182,183,184,185,186,187,
188,189,190,191,192,193,194,195,196,197,198,199,200,201,174,174,202,203,204,
205,206,207,208,209,210,211,212,213,214,215,216,217,218,219,220,221,222,223,
224,225,174,174,226,227,228,229,230,231,232,233,234,235,236,237,238,239,174,
174,240,241,174,174,242,243,244,245,246,247,248,249,250,251,252,174,174,253,
254,255,174,174,256,257,258,259,260,261,174,174,262,263,264,265,266,267,268,
269,270,271,272,273,274,275,276,277,278,279,280,281,282,283,284],
[0,0,1,0,0,0,0,0,0,0,0,0,0,0,0,0,0,0,0,0,0,0,0,0,0,0,0,0,0,0,0,0,0,0,0,0,0,0,
0,0,0,0,0,0,0,0,0,0,0,0,0,0,0,0,0,0,0,0,0,0,0,0,0,0,0,0,0,0,0,0,0,0,0,0,0,0,0,
0,0,0,0,0,0,0,0,0,0,0,0,0,0,0,0,0,0,0,0,0,0,0,0,0,0,0,0,0,0,0,0,0,0,0,0],
[],
[,,[[1,3],[2,4],[3,5],[4,6],[5,9],[6,10],[7,11],[8,12],[7,14],[8,13],[13,16],[
14,17],[10,11],[9,12],[16,18],[17,19],[15,18],[15,19]]],
[],
[["2E6(2).2",0]],
[(253,254)(299,300)(313,314),(112,113)(283,284),(173,174)(175,176)(177,178)
(179,180)(181,182)(183,184)(185,186)(187,188)(189,190)(191,192)(193,194)
(195,196)(197,198)(199,200)(202,203)(204,205)(206,207)(209,210)(216,217)
(219,220)(221,222)(223,224)(225,226)(227,228)(229,230)(231,232)(233,234)
(235,236)(237,238)(239,240)(241,242)(243,244)(245,246)(247,248)(249,250)
(251,252)(256,257)(258,259)(260,261)(262,263)(264,265)(266,267)(268,269)
(271,272)(273,274)(278,279)(281,282)(285,286)(287,288)(289,290)(291,292)
(293,294)(295,296)(297,298)(301,302)(303,304)(305,306)(307,308)(309,310)
(311,312)(315,316)(317,318)],
0,
rec(version:=2,
date:="08.03.99"));

MBT("2.2E6(2)",11,
"origin: modular ATLAS of finite groups, tests: DEC",
[109,110,111,112,109,113,114,115,111,116,117,118,109,119,120,121,122,110,123,
124,125,111,109,126,127,128,129,130,109,110,131,132,133,134,110,135,136,137,
138,139,140,141,142,143,144,145,146,111,147,148,111,149,150,151,152,153,154,
155,156,157,158,159,160,161,110,162,163,164,165,166],
[1,1,1,0,0,0,0,0,0,0,0,0,0,0,0,0,0,0,0,0,0,0,0,0,0,0,0,0,0,0,0,0,0,0,0,0,0,0,
0,0,0,0,0,0,0,0,0,0,0,0,0,0,0,0,0,0,0,0],
[],
[[[1,2],[2,3],[3,4],[4,7],[5,6,7]],[[1,2],[2,5],[3,4,6],[5,7],[6,7]],[[1,2],[
2,3],[3,6],[4,5,7],[6,7]]],
[],
[["2E6(2)",0]],
[(187,189)(188,190),(156,158)(157,159),(148,150)(149,151),(144,146)(145,147),
(121,122),( 91, 92),( 20, 21)( 27, 28)( 64, 65)( 69, 70)( 73, 74)( 97, 98)
(101,102)(113,115)(114,116)(119,120)(134,135)(138,139)(142,143)(175,176)
(179,180)],
0,
rec(version:=1,
date:="26.07.93"));

MBT("2.2E6(2)",13,
"origin: modular ATLAS of finite groups, tests: DEC",
[115,115,116,117,118,119,120,115,115,121,122,123,124,125,126,127,128,115,129,
130,131,132,133,134,115,115,135,136,137,138,115,115,139,140,141,142,143,144,
145,146,147,148,149,150,151,152,153,154,155,156,157,158,159,160,115,161,115,
162,163,164,165,115,166,167,168,169,170,171,172,173,174,175,176,177,178],
[1,0,0,0,0,0,0,0,0,0,0,0,0,0,0,0,0,0,0,0,0,0,0,0,0,0,0,0,0,0,0,0,0,0,0,0,0,0,
0,0,0,0,0,0,0,0,0,0,0,0,0,0,0,0,0,0,0,0,0,0,0,0,0,0],
[],
[[[1,4],[2,3],[3,5],[4,7],[6,9],[6,8],[5,10],[8,12],[7,11],[11,13],[9,10],[12,
13]]],
[],
[["2E6(2)",0]],
[(197,199)(198,200),(158,160)(159,161),(150,152)(151,153),(125,126),( 95, 96),
( 86, 88)( 87, 89)(170,172)(171,173)(193,195)(194,196),( 20, 21)( 27, 28)
( 64, 65)( 69, 70)( 73, 74)(101,102)(105,106)(117,119)(118,120)(123,124)
(136,137)(140,141)(144,145)(181,182)(185,186)],
0,
rec(version:=1,
date:="26.07.93"));

MBT("2.2E6(2)",17,
"origin: modular ATLAS of finite groups, tests: DEC",
[118,119,120,121,122,123,118,124,125,126,127,128,129,130,131,132,133,134,135,
118,136,137,138,118,139,140,141,142,143,144,145,146,147,148,149,150,118,151,
152,153,154,155,156,157,158,159,160,161,118,162,163,164,165,166,167,168,169,
118,170,171,172,173,174,175,176,177,178,179,180,181,182,183,118,184],
[1,0,0,0,0,0,0,0,0,0,0,0,0,0,0,0,0,0,0,0,0,0,0,0,0,0,0,0,0,0,0,0,0,0,0,0,0,0,
0,0,0,0,0,0,0,0,0,0,0,0,0,0,0,0,0,0,0,0,0,0,0,0,0,0,0,0,0],
[],
[[[1,2],[2,4],[3,5],[4,9],[5,6,7],[6,7,8],[8,10],[9,10]]],
[],
[["2E6(2)",0]],
[(195,197)(196,198),(156,158)(157,159),(148,150)(149,151),(125,126),( 95, 96),
( 86, 88)( 87, 89)(168,170)(169,171)(191,193)(192,194),( 20, 21)( 27, 28)
( 64, 65)( 69, 70)( 73, 74)(101,102)(105,106)(117,119)(118,120)(123,124)
(138,139)(142,143)(146,147)(179,180)(183,184)],
0,
rec(version:=1,
date:="26.07.93"));

MBT("2.2E6(2)",19,
TEXT1,
[117,118,119,118,120,121,122,123,124,125,126,127,128,129,130,131,132,133,118,
134,135,136,137,138,139,140,141,142,143,144,145,146,147,148,118,149,150,151,
152,153,154,155,118,156,118,157,158,159,160,161,162,163,118,164,165,166,118,
167,168,169,118,170,171,172,173,174,175,176,177,178,179,180,181,182],
[0,1,0,0,0,0,0,0,0,0,0,0,0,0,0,0,0,0,0,0,0,0,0,0,0,0,0,0,0,0,0,0,0,0,0,0,0,0,
0,0,0,0,0,0,0,0,0,0,0,0,0,0,0,0,0,0,0,0,0,0,0,0,0,0,0,0],
[],
[,[[1,2],[2,3],[3,5],[4,6],[4,7],[7,10],[5,6],[10,11],[8,9,11]]],
[],
[["2E6(2)",0]],
[(195,197)(196,198),(152,154)(153,155),(125,126),( 95, 96),( 86, 88)( 87, 89)
(168,170)(169,171)(191,193)(192,194),( 20, 21)( 27, 28)( 64, 65)( 69, 70)
( 73, 74)(101,102)(105,106)(117,119)(118,120)(123,124)(138,139)(142,143)
(146,147)(179,180)(183,184)],
0,
rec(version:=2,
date:="03.03.99"));

MBT("2^2.2E6(2)",11,
"constructed using `PossibleCharacterTablesOfTypeV4G'",
[167,168,169,170,167,171,172,173,169,174,175,176,167,177,178,179,180,168,181,
182,183,169,167,184,185,186,187,188,167,168,189,190,191,192,168,193,194,195,
196,197,198,199,200,201,202,203,204,169,205,206,169,207,208,209,210,211,212,
213,214,215,216,217,218,219,168,220,221,222,223,224,225,226,227,228,225,229,
230,231,227,232,233,234,225,235,236,237,238,226,239,240,241,227,225,242,243,
244,245,246,225,226,247,248,249,250,226,251,252,253,254,255,256,257,258,259,
260,261,262,227,263,264,227,265,266,267,268,269,270,271,272,273,274,275,276,
277,226,278,279,280,281,282],
[1,1,1,0,0,0,0,0,0,0,0,0,0,0,0,0,0,0,0,0,0,0,0,0,0,0,0,0,0,0,0,0,0,0,0,0,0,0,0
,0,0,0,0,0,0,0,0,0,0,0,0,0,0,0,0,0,0,0,1,1,1,0,0,0,0,0,0,0,0,0,0,0,0,0,0,0,0,0
,0,0,0,0,0,0,0,0,0,0,0,0,0,0,0,0,0,0,0,0,0,0,0,0,0,0,0,0,0,0,0,0,0,0,0,0,0,0],
[],
[[[1,2],[2,3],[3,4],[4,7],[5,6,7]],[[1,2],[2,5],[3,4,6],[5,7],[6,7]],[[1,2],[2
,3],[3,6],[4,5,7],[6,7]],,,,,,,,,,,,,,,,,,,,,,,,,,,,,,,,,,,,,,,,,,,,,,,,,,,,,,
,,1,2,3],
[],
[["2E6(2)",0],["2.2E6(2)",0]],
[(),(323,327)(324,328)(325,329)(326,330),(266,270)(267,271)(268,272)(269,273),
(250,254)(251,255)(252,256)(253,257),(242,246)(243,247)(244,248)(245,249),
(205,206),(155,156),
(  3,  4)(  7,  8)( 11, 12)( 16, 17)( 20, 21)( 24, 25)( 28, 29)( 34, 36)
( 35, 37)( 41, 42)( 45, 47)( 46, 48)( 51, 52)( 58, 59)( 62, 63)( 66, 67)
( 70, 71)( 74, 75)( 78, 79)( 83, 84)( 87, 88)( 91, 92)( 95, 96)( 99,100)
(104,105)(110,112)(111,113)(117,119)(118,120)(123,125)(124,126)(130,131)
(134,135)(138,139)(142,143)(146,147)(152,153)(159,160)(163,165)(164,166)
(169,171)(170,172)(175,176)(181,182)(185,186)(189,190)(191,195)(192,196)
(193,198)(194,197)(201,203)(202,204)(209,210)(213,214)(217,218)(221,222)
(225,226)(228,229)(232,234)(233,235)(238,240)(239,241)(244,245)(248,249)
(252,253)(256,257)(260,261)(264,265)(268,269)(272,273)(276,277)(280,281)
(284,285)(288,289)(292,293)(296,297)(301,303)(302,304)(307,309)(308,310)
(313,314)(317,318)(321,322)(325,326)(329,330)
,
(  2,  3)(  6,  7)( 10, 11)( 15, 16)( 19, 20)( 23, 24)( 27, 28)( 32, 34)
( 33, 35)( 40, 41)( 43, 45)( 44, 46)( 50, 51)( 57, 58)( 61, 62)( 65, 66)
( 69, 70)( 73, 74)( 77, 78)( 82, 83)( 86, 87)( 90, 91)( 94, 95)( 98, 99)
(103,104)(108,110)(109,111)(115,117)(116,118)(121,123)(122,124)(129,130)
(133,134)(137,138)(141,142)(145,146)(151,152)(158,159)(161,163)(162,164)
(167,169)(168,170)(174,175)(180,181)(184,185)(187,191)(188,193)(189,192)
(190,194)(196,197)(199,201)(200,202)(208,209)(212,213)(216,217)(220,221)
(224,225)(227,228)(230,232)(231,233)(236,238)(237,239)(243,244)(247,248)
(251,252)(255,256)(259,260)(263,264)(267,268)(271,272)(275,276)(279,280)
(283,284)(287,288)(291,292)(295,296)(299,301)(300,302)(305,307)(306,308)
(312,313)(316,317)(320,321)(324,325)(328,329)
],
0);

MBT("2^2.2E6(2)",13,
"constructed using `PossibleCharacterTablesOfTypeV4G'",
[179,179,180,181,182,183,184,179,179,185,186,187,188,189,190,191,192,179,193,
194,195,196,197,198,179,179,199,200,201,202,179,179,203,204,205,206,207,208,
209,210,211,212,213,214,215,216,217,218,219,220,221,222,223,224,179,225,179,
226,227,228,229,179,230,231,232,233,234,235,236,237,238,239,240,241,242,243,
243,244,245,246,247,248,243,243,249,250,251,252,253,254,255,256,243,257,258,
259,260,261,262,243,243,263,264,265,266,243,243,267,268,269,270,271,272,273,
274,275,276,277,278,279,280,281,282,283,284,285,286,287,288,243,289,243,290,
291,292,293,243,294,295,296,297,298,299,300,301,302,303,304,305,306],
[1,0,0,0,0,0,0,0,0,0,0,0,0,0,0,0,0,0,0,0,0,0,0,0,0,0,0,0,0,0,0,0,0,0,0,0,0,0,0
,0,0,0,0,0,0,0,0,0,0,0,0,0,0,0,0,0,0,0,0,0,0,0,0,0,1,0,0,0,0,0,0,0,0,0,0,0,0,0
,0,0,0,0,0,0,0,0,0,0,0,0,0,0,0,0,0,0,0,0,0,0,0,0,0,0,0,0,0,0,0,0,0,0,0,0,0,0,0
,0,0,0,0,0,0,0,0,0,0,0],
[],
[[[1,4],[2,3],[3,5],[4,7],[6,9],[6,8],[5,10],[8,12],[7,11],[11,13],[9,10],[12,
13]],,,,,,,,,,,,,,,,,,,,,,,,,,,,,,,,,,,,,,,,,,,,,,,,,,,,,,,,,,,,,,,,1],
[],
[["2E6(2)",0],["2.2E6(2)",0]],
[(),(343,347)(344,348)(345,349)(346,350),(270,274)(271,275)(272,276)(273,277),
(254,258)(255,259)(256,260)(257,261),(213,214),(163,164),
(148,152)(149,153)(150,154)(151,155)(294,298)(295,299)(296,300)(297,301)
(335,339)(336,340)(337,341)(338,342)
,
(  3,  4)(  7,  8)( 11, 12)( 16, 17)( 20, 21)( 24, 25)( 28, 29)( 34, 36)
( 35, 37)( 41, 42)( 45, 47)( 46, 48)( 51, 52)( 58, 59)( 62, 63)( 66, 67)
( 70, 71)( 74, 75)( 78, 79)( 83, 84)( 87, 88)( 91, 92)( 95, 96)( 99,100)
(104,105)(110,112)(111,113)(117,119)(118,120)(123,125)(124,126)(130,131)
(134,135)(138,139)(142,143)(146,147)(150,151)(154,155)(160,161)(167,168)
(171,173)(172,174)(177,179)(178,180)(183,184)(189,190)(193,194)(197,198)
(199,203)(200,204)(201,206)(202,205)(209,211)(210,212)(217,218)(221,222)
(225,226)(229,230)(232,233)(236,238)(237,239)(242,244)(243,245)(248,249)
(252,253)(256,257)(260,261)(264,265)(268,269)(272,273)(276,277)(280,281)
(284,285)(288,289)(292,293)(296,297)(300,301)(304,305)(308,309)(313,315)
(314,316)(319,321)(320,322)(325,326)(329,330)(333,334)(337,338)(341,342)
(345,346)(349,350)
,
(  2,  3)(  6,  7)( 10, 11)( 15, 16)( 19, 20)( 23, 24)( 27, 28)( 32, 34)
( 33, 35)( 40, 41)( 43, 45)( 44, 46)( 50, 51)( 57, 58)( 61, 62)( 65, 66)
( 69, 70)( 73, 74)( 77, 78)( 82, 83)( 86, 87)( 90, 91)( 94, 95)( 98, 99)
(103,104)(108,110)(109,111)(115,117)(116,118)(121,123)(122,124)(129,130)
(133,134)(137,138)(141,142)(145,146)(149,150)(153,154)(159,160)(166,167)
(169,171)(170,172)(175,177)(176,178)(182,183)(188,189)(192,193)(195,199)
(196,201)(197,200)(198,202)(204,205)(207,209)(208,210)(216,217)(220,221)
(224,225)(228,229)(231,232)(234,236)(235,237)(240,242)(241,243)(247,248)
(251,252)(255,256)(259,260)(263,264)(267,268)(271,272)(275,276)(279,280)
(283,284)(287,288)(291,292)(295,296)(299,300)(303,304)(307,308)(311,313)
(312,314)(317,319)(318,320)(324,325)(328,329)(332,333)(336,337)(340,341)
(344,345)(348,349)
],
0);

MBT("2^2.2E6(2)",17,
"constructed using `PossibleCharacterTablesOfTypeV4G'",
[185,186,187,188,189,190,185,191,192,193,194,195,196,197,198,199,200,201,202,
185,203,204,205,185,206,207,208,209,210,211,212,213,214,215,216,217,185,218,
219,220,221,222,223,224,225,226,227,228,185,229,230,231,232,233,234,235,236,
185,237,238,239,240,241,242,243,244,245,246,247,248,249,250,185,251,252,253,
254,255,256,257,252,258,259,260,261,262,263,264,265,266,267,268,269,252,270,
271,272,252,273,274,275,276,277,278,279,280,281,282,283,284,252,285,286,287,
288,289,290,291,292,293,294,295,252,296,297,298,299,300,301,302,303,252,304,
305,306,307,308,309,310,311,312,313,314,315,316,317,252,318],
[1,0,0,0,0,0,0,0,0,0,0,0,0,0,0,0,0,0,0,0,0,0,0,0,0,0,0,0,0,0,0,0,0,0,0,0,0,0,0
,0,0,0,0,0,0,0,0,0,0,0,0,0,0,0,0,0,0,0,0,0,0,0,0,0,0,0,0,1,0,0,0,0,0,0,0,0,0,0
,0,0,0,0,0,0,0,0,0,0,0,0,0,0,0,0,0,0,0,0,0,0,0,0,0,0,0,0,0,0,0,0,0,0,0,0,0,0,0
,0,0,0,0,0,0,0,0,0,0,0,0,0,0,0,0,0],
[],
[[[1,2],[2,4],[3,5],[4,9],[5,6,7],[6,7,8],[8,10],[9,10]],,,,,,,,,,,,,,,,,,,,,,
,,,,,,,,,,,,,,,,,,,,,,,,,,,,,,,,,,,,,,,,,,,,,1],
[],
[["2E6(2)",0],["2.2E6(2)",0]],
[(),(339,343)(340,344)(341,345)(342,346),(266,270)(267,271)(268,272)(269,273),
(250,254)(251,255)(252,256)(253,257),(213,214),(163,164),
(148,152)(149,153)(150,154)(151,155)(290,294)(291,295)(292,296)(293,297)
(331,335)(332,336)(333,337)(334,338)
,
(  3,  4)(  7,  8)( 11, 12)( 16, 17)( 20, 21)( 24, 25)( 28, 29)( 34, 36)
( 35, 37)( 41, 42)( 45, 47)( 46, 48)( 51, 52)( 58, 59)( 62, 63)( 66, 67)
( 70, 71)( 74, 75)( 78, 79)( 83, 84)( 87, 88)( 91, 92)( 95, 96)( 99,100)
(104,105)(110,112)(111,113)(117,119)(118,120)(123,125)(124,126)(130,131)
(134,135)(138,139)(142,143)(146,147)(150,151)(154,155)(160,161)(167,168)
(171,173)(172,174)(177,179)(178,180)(183,184)(189,190)(193,194)(197,198)
(199,203)(200,204)(201,206)(202,205)(209,211)(210,212)(217,218)(221,222)
(225,226)(229,230)(233,234)(236,237)(240,242)(241,243)(246,248)(247,249)
(252,253)(256,257)(260,261)(264,265)(268,269)(272,273)(276,277)(280,281)
(284,285)(288,289)(292,293)(296,297)(300,301)(304,305)(309,311)(310,312)
(315,317)(316,318)(321,322)(325,326)(329,330)(333,334)(337,338)(341,342)
(345,346)
,
(  2,  3)(  6,  7)( 10, 11)( 15, 16)( 19, 20)( 23, 24)( 27, 28)( 32, 34)
( 33, 35)( 40, 41)( 43, 45)( 44, 46)( 50, 51)( 57, 58)( 61, 62)( 65, 66)
( 69, 70)( 73, 74)( 77, 78)( 82, 83)( 86, 87)( 90, 91)( 94, 95)( 98, 99)
(103,104)(108,110)(109,111)(115,117)(116,118)(121,123)(122,124)(129,130)
(133,134)(137,138)(141,142)(145,146)(149,150)(153,154)(159,160)(166,167)
(169,171)(170,172)(175,177)(176,178)(182,183)(188,189)(192,193)(195,199)
(196,201)(197,200)(198,202)(204,205)(207,209)(208,210)(216,217)(220,221)
(224,225)(228,229)(232,233)(235,236)(238,240)(239,241)(244,246)(245,247)
(251,252)(255,256)(259,260)(263,264)(267,268)(271,272)(275,276)(279,280)
(283,284)(287,288)(291,292)(295,296)(299,300)(303,304)(307,309)(308,310)
(313,315)(314,316)(320,321)(324,325)(328,329)(332,333)(336,337)(340,341)
(344,345)
],
0);

MBT("2^2.2E6(2)",19,
"constructed using `PossibleCharacterTablesOfTypeV4G'",
[183,184,185,184,186,187,188,189,190,191,192,193,194,195,196,197,198,199,184,
200,201,202,203,204,205,206,207,208,209,210,211,212,213,214,184,215,216,217,
218,219,220,221,184,222,184,223,224,225,226,227,228,229,184,230,231,232,184,
233,234,235,184,236,237,238,239,240,241,242,243,244,245,246,247,248,249,250,
251,250,252,253,254,255,256,257,258,259,260,261,262,263,264,265,250,266,267,
268,269,270,271,272,273,274,275,276,277,278,279,280,250,281,282,283,284,285,
286,287,250,288,250,289,290,291,292,293,294,295,250,296,297,298,250,299,300,
301,250,302,303,304,305,306,307,308,309,310,311,312,313,314],
[0,1,0,0,0,0,0,0,0,0,0,0,0,0,0,0,0,0,0,0,0,0,0,0,0,0,0,0,0,0,0,0,0,0,0,0,0,0,0
,0,0,0,0,0,0,0,0,0,0,0,0,0,0,0,0,0,0,0,0,0,0,0,0,0,0,0,0,1,0,0,0,0,0,0,0,0,0,0
,0,0,0,0,0,0,0,0,0,0,0,0,0,0,0,0,0,0,0,0,0,0,0,0,0,0,0,0,0,0,0,0,0,0,0,0,0,0,0
,0,0,0,0,0,0,0,0,0,0,0,0,0,0,0],
[],
[,[[1,2],[2,3],[3,5],[4,6],[4,7],[7,10],[5,6],[10,11],[8,9,11]],,,,,,,,,,,,,,,
,,,,,,,,,,,,,,,,,,,,,,,,,,,,,,,,,,,,,,,,,,,,,,,,,,,2],
[],
[["2E6(2)",0],["2.2E6(2)",0]],
[(),(339,343)(340,344)(341,345)(342,346),(258,262)(259,263)(260,264)(261,265),
(213,214),(163,164),
(148,152)(149,153)(150,154)(151,155)(290,294)(291,295)(292,296)(293,297)
(331,335)(332,336)(333,337)(334,338)
,
(  3,  4)(  7,  8)( 11, 12)( 16, 17)( 20, 21)( 24, 25)( 28, 29)( 34, 36)
( 35, 37)( 41, 42)( 45, 47)( 46, 48)( 51, 52)( 58, 59)( 62, 63)( 66, 67)
( 70, 71)( 74, 75)( 78, 79)( 83, 84)( 87, 88)( 91, 92)( 95, 96)( 99,100)
(104,105)(110,112)(111,113)(117,119)(118,120)(123,125)(124,126)(130,131)
(134,135)(138,139)(142,143)(146,147)(150,151)(154,155)(160,161)(167,168)
(171,173)(172,174)(177,179)(178,180)(183,184)(189,190)(193,194)(197,198)
(199,203)(200,204)(201,206)(202,205)(209,211)(210,212)(217,218)(221,222)
(225,226)(229,230)(233,234)(236,237)(240,242)(241,243)(246,248)(247,249)
(252,253)(256,257)(260,261)(264,265)(268,269)(272,273)(276,277)(280,281)
(284,285)(288,289)(292,293)(296,297)(300,301)(304,305)(309,311)(310,312)
(315,317)(316,318)(321,322)(325,326)(329,330)(333,334)(337,338)(341,342)
(345,346)
,
(  2,  3)(  6,  7)( 10, 11)( 15, 16)( 19, 20)( 23, 24)( 27, 28)( 32, 34)
( 33, 35)( 40, 41)( 43, 45)( 44, 46)( 50, 51)( 57, 58)( 61, 62)( 65, 66)
( 69, 70)( 73, 74)( 77, 78)( 82, 83)( 86, 87)( 90, 91)( 94, 95)( 98, 99)
(103,104)(108,110)(109,111)(115,117)(116,118)(121,123)(122,124)(129,130)
(133,134)(137,138)(141,142)(145,146)(149,150)(153,154)(159,160)(166,167)
(169,171)(170,172)(175,177)(176,178)(182,183)(188,189)(192,193)(195,199)
(196,201)(197,200)(198,202)(204,205)(207,209)(208,210)(216,217)(220,221)
(224,225)(228,229)(232,233)(235,236)(238,240)(239,241)(244,246)(245,247)
(251,252)(255,256)(259,260)(263,264)(267,268)(271,272)(275,276)(279,280)
(283,284)(287,288)(291,292)(295,296)(299,300)(303,304)(307,309)(308,310)
(313,315)(314,316)(320,321)(324,325)(328,329)(332,333)(336,337)(340,341)
(344,345)
],
0);

LIBTABLE.LOADSTATUS.ctbtwis2:="userloaded";

#############################################################################
##
#E

