coh := MakeCohort( 
[ (  1,  2)(  3,  6)(  4, 10)(  5, 12)(  7, 17)(  8, 19)(  9, 22)( 11, 15)
    ( 13, 27)( 14, 31)( 16, 35)( 18, 38)( 20, 41)( 21, 45)( 23, 48)( 24, 50)
    ( 25, 33)( 26, 42)( 28, 57)( 29, 59)( 30, 61)( 32, 64)( 36, 70)( 37, 72)
    ( 39, 76)( 40, 78)( 43, 81)( 44, 84)( 46, 75)( 47, 88)( 49, 91)( 51, 94)
    ( 52, 98)( 53, 99)( 54, 80)( 55,102)( 56,105)( 58,108)( 60,112)( 63,116)
    ( 65,120)( 66,122)( 68,123)( 69, 92)( 71,127)( 73,130)( 74,134)( 77,137)
    ( 79,141)( 82,146)( 83,150)( 85,153)( 86,129)( 87,135)( 89,156)( 90,158)
    ( 93,163)( 95,154)( 96,165)( 97,151)(100,170)(101,171)(103,175)(104,179)
    (106,182)(107,119)(109,184)(110,186)(111,188)(113,191)(114,193)(117,196)
    (118,199)(124,205)(125,161)(126,131)(128,209)(132,213)(133,215)(136,218)
    (138,222)(139,226)(142,227)(143,230)(144,232)(145,168)(147,236)(148,234)
    (149,239)(155,211)(157,177)(159,246)(160,247)(162,164)(166,255)(167,259)
    (169,261)(172,262)(173,208)(174,266)(176,216)(178,270)(180,189)(181,272)
    (183,200)(185,273)(187,276)(190,280)(192,283)(194,285)(195,287)(197,220)
    (198,291)(201,293)(203,288)(207,212)(210,299)(214,267)(217,302)(219,274)
    (221,304)(223,308)(224,242)(225,311)(228,314)(229,306)(231,316)(233,318)
    (235,320)(237,319)(238,322)(240,324)(244,264)(245,309)(248,329)(249,252)
    (250,332)(251,254)(256,292)(257,325)(258,339)(260,341)(263,298)(265,297)
    (268,342)(269,345)(271,278)(275,286)(277,279)(281,347)(282,350)(289,343)
    (290,296)(294,355)(295,356)(300,357)(301,346)(303,351)(305,359)(307,315)
    (310,327)(312,364)(313,361)(317,362)(321,366)(323,367)(330,334)(331,349)
    (333,348)(335,358)(336,371)(337,353)(338,372)(340,373)(344,374)(352,375)
    (360,363)(365,369)(370,377)(376,378), (  2,  5)(  3,  8)(  4, 11)(  6, 15)
    (  7, 18)(  9, 23)( 10, 24)( 12, 26)( 13, 29)( 14, 32)( 16, 36)( 17, 37)
    ( 19, 40)( 20, 43)( 21, 46)( 22, 47)( 25, 53)( 27, 55)( 28, 58)( 30, 62)
    ( 31, 63)( 33, 66)( 34, 68)( 35, 69)( 38, 75)( 39, 77)( 41, 79)( 44, 85)
    ( 45, 86)( 48, 90)( 49, 93)( 50, 78)( 51, 96)( 52, 74)( 54,101)( 56,106)
    ( 57,107)( 59,110)( 60,113)( 61,114)( 64,119)( 65,121)( 70,126)( 71,128)
    ( 72,129)( 73,132)( 76,136)( 80,144)( 81,145)( 82,148)( 83,151)( 84,152)
    ( 88,134)( 89,157)( 91,160)( 92,162)( 94,142)( 95,164)( 97,168)( 98,158)
    ( 99,122)(102,174)(103,177)(104,180)(105,181)(108,116)(109,185)(111,189)
    (112,190)(115,195)(117,197)(118,123)(120,201)(125,206)(127,208)(130,191)
    (131,154)(133,216)(135,217)(137,221)(138,224)(139,203)(140,199)(141,150)
    (143,231)(146,234)(147,205)(149,240)(153,243)(155,198)(156,244)(159,178)
    (161,250)(163,252)(165,171)(166,257)(167,260)(169,261)(170,204)(172,264)
    (173,242)(175,268)(176,248)(179,214)(182,219)(183,233)(184,269)(186,275)
    (187,278)(188,279)(193,284)(194,274)(196,289)(200,292)(202,283)(207,296)
    (209,229)(210,300)(211,288)(213,301)(215,271)(218,251)(220,245)(222,306)
    (223,309)(226,312)(227,232)(228,315)(230,263)(235,321)(236,311)(238,323)
    (241,326)(247,295)(249,331)(253,332)(254,335)(255,336)(256,314)(258,340)
    (259,298)(262,342)(265,294)(266,286)(267,330)(270,344)(272,303)(273,297)
    (276,282)(277,334)(280,346)(285,351)(290,333)(291,352)(293,354)(299,337)
    (302,347)(304,358)(305,345)(307,362)(308,363)(310,322)(313,341)(316,361)
    (317,318)(319,324)(320,365)(327,366)(328,370)(329,350)(338,368)(339,357)
    (343,360)(349,356)(353,376)(355,359)(364,375)(367,369)(372,377)(373,378), 
  (  1,  3)(  2,  6)(  4,  9)(  5, 13)(  7, 16)(  8, 20)( 10, 22)( 11, 25)
    ( 12, 27)( 14, 30)( 15, 33)( 17, 35)( 18, 39)( 19, 41)( 21, 44)( 23, 49)
    ( 24, 51)( 26, 54)( 28, 56)( 29, 53)( 31, 61)( 32, 65)( 34, 67)( 36, 71)
    ( 37, 73)( 38, 76)( 42, 80)( 43, 82)( 45, 84)( 46, 87)( 47, 89)( 48, 91)
    ( 50, 94)( 52, 97)( 55,103)( 57,105)( 58,109)( 59, 99)( 60,100)( 62,115)
    ( 63,117)( 64,120)( 66, 93)( 68,124)( 69,125)( 70,127)( 72,130)( 74,133)
    ( 75,135)( 77,138)( 79,142)( 81,146)( 83,149)( 85,154)( 86,155)( 88,156)
    ( 90,159)( 92,161)( 95,153)( 96,166)( 98,151)(101,172)(102,175)(104,178)
    (106,182)(107,183)(108,184)(110,187)(111,169)(112,170)(113,192)(114,194)
    (116,196)(118,198)(119,200)(121,202)(122,163)(123,205)(126,207)(128,210)
    (129,211)(131,212)(134,215)(136,219)(137,222)(139,225)(141,227)(143,229)
    (144,232)(145,157)(147,235)(148,237)(150,239)(152,241)(158,246)(160,248)
    (162,251)(164,254)(165,255)(167,258)(168,177)(171,262)(173,265)(176,244)
    (179,270)(180,271)(181,273)(185,272)(186,276)(188,261)(189,278)(190,281)
    (191,283)(193,285)(195,288)(197,290)(199,291)(201,294)(203,287)(204,253)
    (208,297)(209,299)(216,264)(217,303)(218,274)(220,296)(221,305)(223,307)
    (224,310)(226,311)(228,313)(230,306)(231,317)(233,245)(234,319)(236,320)
    (238,322)(240,325)(242,327)(243,328)(247,329)(249,330)(250,333)(252,334)
    (256,337)(257,324)(259,339)(260,269)(263,343)(268,344)(275,286)(277,279)
    (280,347)(282,349)(289,298)(292,353)(293,355)(300,323)(302,351)(304,359)
    (308,315)(309,318)(312,335)(314,361)(316,362)(321,338)(326,368)(331,350)
    (332,348)(336,371)(340,369)(341,345)(342,374)(357,367)(358,364)(360,363)
    (365,373)(366,372)(370,378)(376,377), (  1,  4)(  2,  7)(  3,  9)(  5, 14)
    (  6, 16)(  8, 21)( 10, 17)( 12, 28)( 13, 30)( 15, 34)( 18, 32)( 19, 42)
    ( 20, 44)( 22, 35)( 23, 46)( 24, 52)( 26, 45)( 27, 56)( 29, 60)( 31, 57)
    ( 33, 67)( 36, 68)( 37, 74)( 38, 47)( 39, 65)( 41, 80)( 43, 83)( 48, 92)
    ( 49, 87)( 50, 95)( 51, 97)( 53,100)( 54, 84)( 55,104)( 58, 86)( 59,111)
    ( 61,105)( 62,113)( 63,118)( 64, 88)( 69, 75)( 70,119)( 71,124)( 72,131)
    ( 73,133)( 76, 89)( 77,139)( 78,140)( 79,143)( 81,147)( 82,149)( 85,151)
    ( 90,108)( 91,161)( 94,153)( 96,167)( 98,154)( 99,169)(101,173)(102,176)
    (103,178)(106,180)(107,123)(109,155)(110,187)(112,188)(114,194)(115,192)
    (116,162)(117,198)(120,156)(121,203)(122,204)(125,135)(126,134)(127,200)
    (129,158)(130,212)(132,214)(136,220)(137,223)(138,225)(141,228)(142,229)
    (144,231)(145,233)(146,235)(148,238)(150,236)(152,242)(157,245)(159,184)
    (160,249)(163,253)(164,199)(165,256)(166,258)(168,260)(170,261)(171,263)
    (172,265)(174,267)(175,244)(177,269)(179,216)(181,274)(182,271)(183,205)
    (185,197)(186,277)(189,278)(190,282)(193,286)(196,251)(201,268)(202,287)
    (206,295)(207,215)(208,298)(209,243)(211,246)(213,266)(217,247)(218,273)
    (219,296)(221,305)(222,307)(226,308)(227,313)(230,314)(232,317)(234,319)
    (237,322)(239,320)(240,323)(241,327)(248,330)(250,331)(252,302)(254,291)
    (255,337)(257,338)(259,292)(262,343)(264,270)(272,290)(275,285)(276,279)
    (280,348)(281,349)(284,301)(289,297)(293,335)(294,344)(299,328)(300,325)
    (303,329)(304,360)(306,361)(309,345)(311,315)(312,355)(316,362)(318,341)
    (321,324)(326,369)(332,347)(333,350)(334,351)(336,370)(339,353)(340,368)
    (342,358)(352,354)(357,372)(359,363)(364,374)(366,367)(371,378)(376,377) 
 ], 0 );
