coh:=MakeCohort(
[(4,41)(5,126)(7,74)(8,14)(9,19)(10,129)(11,143)(12,244)
(13,45)(15,306)(16,149)(17,219)(18,196)(21,103)(22,200)(23,91)
(24,258)(25,100)(26,118)(28,115)(29,250)(30,304)(31,43)(32,266)
(33,160)(35,49)(36,252)(37,240)(38,119)(39,81)(40,167)(42,67)
(44,50)(46,77)(47,204)(48,189)(51,141)(52,184)(53,131)(55,187)
(56,282)(57,73)(58,117)(59,153)(60,69)(61,285)(62,104)(63,82)
(64,267)(65,86)(66,315)(70,78)(71,249)(72,294)(75,256)(76,79)
(80,233)(83,122)(84,262)(85,243)(87,273)(88,311)(89,307)(90,227)
(92,121)(93,106)(94,289)(95,180)(96,168)(97,139)(98,221)(99,125)
(101,260)(102,269)(105,124)(107,222)(108,276)(110,217)(111,144)(112,281)
(113,133)(114,205)(116,185)(120,188)(123,245)(127,203)(128,246)(130,299)
(132,194)(134,197)(136,264)(138,177)(140,212)(142,210)(145,293)(146,274)
(147,313)(148,271)(150,303)(151,179)(152,278)(154,192)(155,302)(156,288)
(157,183)(158,232)(159,172)(162,298)(163,296)(165,198)(166,253)(169,216)
(170,277)(171,248)(173,270)(174,272)(175,207)(178,230)(181,231)(182,211)
(186,268)(191,295)(193,287)(195,300)(201,279)(202,213)(206,263)(208,226)
(209,235)(214,238)(215,255)(218,314)(223,261)(224,241)(225,286)(228,283)
(229,239)(234,309)(236,301)(237,254)(247,251)(257,291)(259,310)(265,308)
(275,280)(284,305)(292,312),(1,2,3,5,8)(4,7,11,17,28)
(6,10,16,24,41)(9,14,23,39,65)(12,19,32,54,89)
(13,21,35,58,95)(15,25,36,60,20)(18,30,50,81,124)
(22,37,38,63,55)(26,44,74,116,105)(27,46,78,121,176)
(29,49,82,91,135)(31,52,87,128,182)(33,56,92,137,190)
(34,57,51,85,129)(40,67,62,98,147)(42,70,69,110,146)
(43,72,113,169,230)(45,76,120,175,165)(47,79,48,80,123)
(59,97,145,138,191)(61,100,150,205,86)(64,101,151,109,142)
(66,106,159,217,170)(68,108,162,221,266)(73,77,112,168,228)
(75,118,173,94,141)(83,125,180,235,242)(84,127,181,236,206)
(88,131,103,155,174)(90,133,93,139,192)(96,143,196,249,280)
(99,144,197,210,126)(102,153,172,167,226)(104,157,213,130,184)
(107,148,202,119,117)(111,166,225,252,284)(114,171,198,250,281)
(115,164,199,160,218)(122,178,232,264,290)(134,186,240,275,259)
(136,187,241,276,282)(140,193,246,255,222)(149,204,188,243,177)
(152,207,185,239,274)(154,208,256,288,305)(156,211,158,215,262)
(161,216,263,293,308)(163,223,258,291,200)(179,233,201,253,219)
(183,238,231,271,298)(189,244,212,260,272)(194,247,245,278,234)
(195,248,279,300,277)(203,254,286,303,237)(209,257,289,307,297)
(214,261,227,269,285)(220,265,295,301,313)(224,267,287,304,270)
(251,283,268,296,310)(273,299,312,302,292)(294,309,315,306,314),
(1,2,4,7,12,20,34)(3,6,10,16,27,47,79)(5,9,15,26,
45,77,70)(8,13,22,38,64,104,116)(11,18,31,53,88,89,132)
(14,24,42,71,112,85,129)(17,29,49,83,126,19,33)
(21,36,61,101,152,139,82)(23,40,68,109,164,137,176)
(25,43,73,115,141,194,211)(28,48,81,60,99,149,204)
(30,51,86,124,56,93,140)(32,55,91,136,189,244,247)
(35,59,98,148,203,255,230)(37,62,102,154,209,258,67)
(39,66,107,161,220,265,233)(41,69,111,167,227,266,291)
(44,75,119,157,214,228,270)(46,78,122,153,106,160,219)
(50,84,128,183,238,197,173)(52,87,130,184,100,118,174)
(54,90,134,187,242,192,131)(57,94,142,195,133,185,95)
(58,96,144,198,151,206,80)(63,103,156,212,260,241,277)
(65,105,158,216,236,108,163)(72,114,171,231,254,287,304)
(74,117,172,191,123,179,234)(76,120,121,177,143,196,218)
(92,138,166,225,162,222,207)(97,146,200,252,285,302,226)
(110,165,224,269,297,311,208)(113,170,223,268,286,303,263)
(125,180,235,272,186,240,275)(127,181,237,273,299,312,213)
(135,188,243,190,245,278,295)(145,199,251,283,257,290,175)
(147,201,253,249,281,293,308)(150,205,168,229,261,292,202)
(155,210,259,248,279,182,193)(159,217,264,294,309,315,310)
(169,221,267,296,305,178,232)(215,262,246,271,298,300,313)
(239,274,250,282,301,276,280)(256,288,306,314,289,307,284)],1);
