coh:=MakeCohort(
[(7,70)(8,67)(9,69)(10,68)(11,71)(12,103)(13,106)(14,105)
(15,104)(16,102)(17,115)(18,114)(19,116)(20,118)(21,117)(22,88)
(23,87)(24,89)(25,91)(26,90)(27,98)(28,97)(29,99)(30,101)
(31,100)(32,123)(33,109)(34,111)(35,119)(36,122)(37,93)(38,92)
(39,94)(40,96)(41,95)(42,84)(43,126)(44,113)(45,86)(46,81)
(47,125)(48,80)(49,124)(50,121)(51,73)(52,75)(53,74)(54,72)
(55,76)(56,78)(57,110)(58,107)(59,83)(60,82)(61,85)(62,79)
(63,77)(64,120)(65,108)(66,112)(127,444)(128,428)(129,351)(130,420)
(131,386)(132,426)(133,332)(134,438)(135,190)(136,393)(138,360)(139,436)
(141,423)(142,399)(143,422)(144,188)(145,425)(146,286)(147,427)(148,324)
(149,370)(150,429)(151,354)(153,442)(154,261)(155,264)(156,443)(157,187)
(158,297)(159,437)(160,432)(161,189)(162,434)(163,421)(164,191)(166,431)
(167,419)(168,439)(169,433)(170,258)(171,430)(172,445)(174,392)(175,279)
(176,435)(177,424)(178,239)(179,440)(180,251)(181,441)(182,451)(183,457)
(184,464)(185,463)(186,328)(192,369)(193,651)(194,335)(195,596)(196,553)
(197,408)(198,415)(199,417)(200,400)(201,295)(207,529)(208,320)(209,576)
(210,494)(211,584)(212,237)(213,259)(214,243)(215,271)(216,263)(217,316)
(218,495)(219,659)(220,605)(221,483)(222,508)(223,565)(224,558)(225,485)
(226,519)(227,622)(228,549)(229,527)(230,661)(231,371)(232,647)(233,312)
(234,365)(235,477)(236,533)(238,401)(241,631)(242,446)(244,416)(245,319)
(247,349)(248,396)(249,548)(252,663)(253,646)(254,282)(255,557)(256,502)
(257,534)(260,652)(262,460)(265,402)(266,418)(267,294)(268,455)(269,617)
(270,521)(274,278)(275,577)(276,346)(277,620)(281,406)(283,405)(284,407)
(285,524)(287,555)(289,599)(290,612)(291,466)(292,541)(296,368)(299,350)
(300,635)(301,653)(302,506)(303,486)(304,357)(305,579)(306,329)(307,662)
(308,338)(309,666)(310,573)(311,353)(313,537)(315,588)(317,569)(318,377)
(321,638)(322,397)(323,474)(325,640)(326,564)(327,375)(330,520)(331,618)
(336,471)(337,604)(339,544)(340,615)(341,453)(342,595)(344,621)(345,669)
(347,379)(348,609)(355,554)(356,668)(358,630)(359,627)(361,623)(362,546)
(363,613)(364,403)(366,509)(367,389)(373,510)(374,580)(376,614)(378,583)
(380,447)(381,551)(385,498)(387,656)(388,597)(390,505)(391,454)(394,525)
(398,472)(409,469)(410,644)(411,465)(413,448)(414,582)(449,491)(450,482)
(456,547)(459,581)(461,578)(467,515)(468,616)(470,531)(473,658)(475,559)
(476,655)(478,536)(480,523)(481,628)(484,633)(487,518)(488,590)(490,571)
(492,562)(493,545)(496,561)(499,560)(500,552)(501,538)(503,556)(511,550)
(512,642)(513,667)(514,566)(516,671)(517,602)(526,601)(528,570)(530,600)
(532,592)(535,632)(539,607)(540,629)(542,574)(543,608)(563,641)(567,594)
(568,645)(575,643)(585,626)(587,657)(593,598)(610,654)(611,637)(619,650)
(624,665)(625,636)(639,670)(649,660),
(1,59,45,42,61,60)(2,25,29,36,33,49,27,40,24,7,8,66,
22,35,39,56,63,43,37,11,34,14,16,58,32,62,9,55,52,50,
10,13,48,21,18,44,46,54,15,6,3,65,12,20,53,31,28,47,
51,5,19,26,23,57,17,30,4,41,38,64)(67,70,209,167,222,220,
193,196,224,210,202,229,134,149,204,225,187,227,208,211,190,205,197,219,
223,226,199,188,212,230,203,206,214,200,185,218,191,189,184,215,68,221,
198,201,69,186,192,228,213,216,194,71,175,217,183,182,169,195,207,231)
(72,115,467,632,432,370,172,255,499,514,333,441,179,164,470,542,651,647,
414,439,368,298,425,365,295,404,572,662,123,96,419,369,299,664,250,76,
437,360,288,302,168,162,502,109,625,571,114,176,346,273,509,560,254,405,
95,160,535,523,157,400)(73,335,138,601,174,541,147,428,374,301,455,528,
145,111,408,481,413,552,390,246,438,359,85,620,415,156,429,384,261,355,
279,116,282,608,133,512,351,253,294,671,460,563,557,135,93,575,406,634,
577,443,75,304,86,562,92,412,130,500,251,379)(74,507,515,264,381,311,
151,336,342,136,656,606,128,603,520,349,325,487,409,524,339,389,480,589,
417,638,637,82,619,474,433,345,307,258,362,290,423,377,306,142,594,639,
646,670,550,446,599,629,534,555,616,391,350,669,94,590,561,83,613,587)
(77,427,385,315,483,486,275,505,633,527,324,372,129,97,621,421,364,293,
463,242,493,322,663,667,399,81,280,652,578,654,565,267,334,547,120,473,
420,150,291,121,274,498,580,457,585,236,132,660,98,393,340,139,338,602,
247,508,649,450,388,607)(78,321,657,451,107,426,276,287,627,392,252,284,
159,641,614,485,177,521,328,556,570,445,378,308,332,357,285,582,403,110,
519,323,488,100,622,260,434,353,277,262,436,143,283,526,317,79,618,459,
101,592,543,234,477,397,268,492,612,181,482,549)(80,163,90,356,281,245,
257,456,265,497,402,148,141,410,154,559,584,461,464,605,452,536,91,358,
286,386,106,309,248,495,558,597,263,510,180,430,354,278,165,383,314,588,
469,341,448,600,105,533,99,113,396,573,271,491,233,249,494,476,173,124)
(84,239,146,312,411)(87,380,310,327,644,88,244,108,624,490,548,238,170,
269,506,566,579,155,458,131,574,537,112,462,103,453,538,478,241,102,259,
394,655,598,171,237,140,371,300,636,449,152,367,297,366,296,398,454,401,
630,531,564,661,416,529,319,568,666,442,320)(89,387,316,610,153,489,266,
475,422,376,305,468,178,544,472,569,407,530,343,604,631,539,659,567,104,
623,581,586,424,361,243,511,125,626,525,337,137,373,235,503,617,551,465,
546,158,532,583,668,418,479,447,344,126,330,576,522,331,352,270,504)
(117,256,501,484,658,593,232,161,595,513,347,609,144,431,363,292,518,326,
444,382,313,540,642,650,395,596,648,554,517,329,553,435,375,303,466,645,
440,122,289,615,643,591,119,272,496,516,318,635,240,127,665,471,653,611,
166,118,348,628,545,640),(2,67,60)(3,68,59)(4,69,42)
(5,70,61)(6,71,45)(7,72,182)(8,73,183)(9,74,184)
(10,75,185)(11,76,186)(12,77,187)(13,78,188)(14,79,189)
(15,80,190)(16,81,191)(17,82,192)(18,83,193)(19,84,194)
(20,85,195)(21,86,196)(22,87,197)(23,88,198)(24,89,199)
(25,90,200)(26,91,201)(27,92,202)(28,93,203)(29,94,204)
(30,95,205)(31,96,206)(32,97,207)(33,98,208)(34,99,209)
(35,100,210)(36,101,211)(37,102,212)(38,103,213)(39,104,214)
(40,105,215)(41,106,216)(43,107,217)(44,108,218)(46,109,175)
(47,110,219)(48,111,169)(49,112,220)(50,113,221)(51,114,222)
(52,115,223)(53,116,224)(54,117,225)(55,118,226)(56,119,149)
(57,120,227)(58,121,228)(62,122,167)(63,123,134)(64,124,229)
(65,125,230)(66,126,231)(127,419,248)(128,286,646)(129,420,367)
(130,360,565)(131,421,472)(132,422,588)(133,165,437)(135,239,469)
(136,152,429)(137,423,146)(138,393,282)(139,424,597)(140,351,142)
(141,354,465)(143,297,364)(144,251,283)(145,399,557)(147,425,508)
(148,426,644)(150,427,454)(151,428,558)(153,430,618)(154,431,382)
(155,432,333)(156,433,266)(157,264,580)(158,386,284)(159,434,448)
(160,279,238)(161,261,582)(162,435,519)(163,436,630)(164,258,505)
(166,370,265)(168,438,244)(170,439,404)(171,324,525)(172,440,485)
(173,441,174)(176,392,647)(177,442,322)(178,443,412)(179,332,502)
(180,444,395)(181,445,281)(232,346,451)(233,576,243)(234,406,596)
(235,581,661)(236,547,549)(237,247,320)(240,452,400)(241,579,605)
(242,529,259)(245,491,527)(246,343,417)(249,341,483)(250,458,408)
(252,482,316)(253,534,464)(254,577,457)(255,294,463)(256,365,328)
(257,411,335)(260,308,659)(262,494,263)(267,391,369)(268,584,271)
(269,380,495)(270,583,371)(272,314,295)(273,462,415)(274,578,622)
(275,389,651)(276,413,553)(277,543,654)(278,453,403)(280,642,555)
(285,484,603)(287,639,466)(288,636,381)(289,572,568)(290,474,352)
(291,601,487)(292,660,311)(293,318,301)(296,559,330)(298,537,611)
(299,387,326)(300,530,538)(302,497,571)(303,384,569)(304,317,608)
(305,388,548)(306,470,504)(307,604,363)(309,362,648)(310,599,619)
(312,409,418)(313,567,523)(315,319,447)(321,602,539)(323,517,589)
(325,623,542)(327,475,564)(329,350,361)(331,663,461)(334,540,355)
(336,667,620)(337,368,561)(338,394,521)(339,536,609)(340,629,359)
(342,478,637)(344,612,633)(345,513,657)(347,653,614)(348,594,573)
(349,374,416)(353,626,486)(356,490,551)(357,670,575)(358,617,378)
(366,511,510)(372,628,587)(375,665,666)(376,552,658)(377,563,473)
(379,606,627)(383,509,625)(385,590,643)(390,401,446)(396,460,414)
(397,533,449)(398,477,450)(402,455,405)(407,652,456)(410,631,459)
(467,645,544)(468,501,662)(471,649,512)(476,520,591)(479,613,514)
(480,650,489)(481,518,498)(488,610,493)(492,585,526)(496,624,499)
(500,615,503)(506,550,664)(507,641,671)(515,595,522)(516,554,556)
(524,586,638)(528,592,562)(531,560,616)(532,545,634)(535,656,566)
(541,570,669)(546,574,600)(593,655,635)(598,632,640)],1);
