coh:=MakeCohort(
[(2,7,6,13)(3,10,8,9)(4,12,5,11)(14,18,16,24)(15,19,17,22)
(20,21,23,25)(26,88,50,90)(27,40,52,75)(28,73,49,42)(29,30,47,55)
(31,85,48,81)(32,87)(33,86,46,89)(34,56,54,64)(35,77,53,82)(36,65,51,59)
(37,80,68,84)(38,57,74,69)(39,70,72,63)(41,43,71,76)(44,91)(45,83,58,79)
(60,66,67,62)(61,78),(2,5,8,6,4,3)(7,11,9,13,12,10)
(14,23,19,16,20,22)(15,18,25,17,24,21)(26,37,48,50,68,31)(27,38,56,52,74,
64)(28,39,59,49,72,65)(29,41,62,47,71,66)(30,43,60,55,76,67)(32,44,61)
(33,45,35,46,58,53)(34,40,57,54,75,69)(36,42,63,51,73,70)(77,89,79,82,86,
83)(78,87,91)(80,81,90,84,85,88),
(1,7,14)(2,86,15)(3,73,16)(4,87,17)(5,77,18)(6,40,19)(8,30,20)
(9,47,21)(10,85,22)(11,88,23)(12,56,24)(13,65,25)(26,79,48)(27,63,35)
(28,91,57)(29,69,58)(31,76,59)(32,41,60)(33,90,61)(34,84,62)(36,49,37)
(38,78,51)(39,54,46)(42,66,50)(43,80,52)(44,81,53)(45,74,55)(64,68,75)
(67,72,82)(70,71,89)],1);
