coh:=MakeCohort(
[(2,7,298,246)(3,145,248,198)(4,158,177,129)(5,187,28,57)
(6,60,27,258)(8,265,42,200)(9,41,43,274)(10,48,151,66)
(11,100,174,290)(12,210,254,112)(13,118,96,29)(14,122,227,55)
(15,176)(16,33,115,271)(17,75,273,35)(18,229,291,206)
(19,297,234,56)(20,113,64,266)(21,272,71,199)(22,166,183,50)
(23,88,277,222)(24,195,182,97)(25,110,221,263)(26,173,242,236)
(30,78,47,268)(31,153,161,295)(32,299,238,120)(34,49,83,209)
(36,203,282,121)(37,296,264,193)(38,76,207,244)(39,194,105,94)
(40,116)(44,149,191,103)(45,280,192,205)(46,185,131,134)
(51,259,252,68)(52,128,107,157)(53,132,119,267)(54,125,155,99)
(58,204,172,289)(59,247)(61,164,201,72)(62,77,136,117)
(63,140,285,93)(65,230,108,162)(67,281,146,219)(69,101,171,233)
(70,126,86,216)(73,278,179,269)(74,197,80,208)(79,270,276,239)
(81,87,163,150)(82,196,245,288)(84,249,224,211)(85,214,287,160)
(89,257,255,237)(90,156,123,124)(91,212,231,109)(95,180,202,143)
(98,188,168,284)(102,127,218,147)(104,241,250,215)(106,141,169,142)
(111,225,139,283)(114,190,286,133)(135,137,300,293)(138,235,152,240)
(144,170,213,178)(154,292,226,260)(159,279,262,217)(165,223,275,294)
(167,253,261,256)(175,181,228,189)(184,251,186,220),
(2,25,59,225)(3,140,160,56)(5,57,250,194)(6,123,219,44)
(7,111,75,178)(8,60,103,167)(9,84,211,119)(10,15,207,34)
(11,33,36,165)(12,87,295,221)(13,265,256,201)(14,125,24,175)
(16,240,245,203)(17,144)(18,239,298,213)(19,287,223,121)
(20,64,230,151)(21,199,126,228)(22,118,164,61)(23,79,206,116)
(26,155,55,227)(27,200,46,98)(28,99,236,215)(29,237,185,42)
(30,205,73,78)(31,81,277,204)(32,264,285,198)(35,289,229,170)
(37,115,290,154)(38,162,83,177)(39,195,54,187)(40,291,172,88)
(41,132,86,71)(43,272,181,97)(45,268,278,192)(47,269,232,179)
(48,209,108,113)(49,76,158,129)(50,143,89,96)(51,77,141,80)
(52,300,251,159)(53,104,242,216)(58,273,283,153)(62,127,91,169)
(63,292,174,85)(65,244,176,66)(67,156,95,183)(68,136)
(69,279,184,135)(70,173,122,189)(72,261,281,166)(74,130,208,106)
(82,297,282,196)(90,188,134,180)(92,147,212,102)(93,296,260,226)
(94,249,274,182)(100,294,275,214)(101,293,157,114)(105,241,267,224)
(107,262,233,190)(109,259,197,142)(110,246,276,210)(112,163)
(117,252,231,218)(120,138,271,193)(124,258,284,168)(128,217)
(131,255,257,202)(133,243,286,171)(137,220,148,186)(139,247,263,161)
(145,234,288,152)(146,253,191,149)(150,254,270,222)(235,238,299,248),
(1,22,118,121,109,45,39,73,68,85,90,8)(2,23,47,122,136,92,
40,63,69,131,32,140)(3,13,82,123,5,15,41,125,70,113,43,134)
(4,14,97,124,58,112,42,26,71,108,80,51)(6,16,146,84,141,7,
17,135,72,145,83,44)(9,18,24,119,106,78,35,133,65,95,86,56)
(10,19,148,120,99,110,36,116,66,29,87,103)(11,20,139,91,144,62,
37,130,31,147,88,76)(12,21,102,74,54,111,38,98,67,61,89,129)
(25,150,107,79,50,149,137,96,142,57,115,126)(27,77,49,81,52,94,
138,55,114,59,34,127)(28,117,101,30,53,104,75,46,143,60,100,128)
(33,93,105,64,48,132)(151,183,247,294,288,161,270,165,193,213,257,158)
(152,244,188,277,191,162,273,238,254,241,292,157)(153,271,202,265,297,263,
227,243,290,196,279,216)(154,167,223,204,184,197,170,274,222,252,262,291)
(155,258,246,240,300,232,205,171,260,225,166,267)(156,261,295,190,229,206,
182,248,242,208,180,233)(159,272,226,284,203,256,160,224,251,207,181,209)
(163,234,269,296,298,185)(164,221,211,199,280,286,218,249,293,198,255,253)
(168,230,220,283,179,231,195,250,178,173,275,194)(169,187,268,239,289,299,
245,219,217,282,210,259)(172,212,175,200,214,281,201,266,264,237,186,276)
(174,215,177,235,287,176,228,285,192,236,189,278),
(1,173,227)(2,144,223)(3,172,202)(4,171,44)(5,170,17)
(6,98,213)(7,46,119)(8,159,120)(9,42,228)(10,127,207)
(11,175,193)(12,174,92)(13,249,272)(14,221,151)(15,291,131)
(16,58,279)(18,79,84)(19,107,83)(20,179,183)(21,243,133)
(22,204,116)(23,71,189)(24,47,101)(25,80,224)(26,294,99)
(27,235,128)(28,37,192)(29,91,296)(30,45,260)(31,184,56)
(32,122,115)(33,195,197)(34,220,205)(35,138,251)(36,75,110)
(38,261,236)(39,298,40)(41,188,225)(43,270,126)(48,278,148)
(49,212,176)(50,85,165)(51,196,136)(52,245,263)(53,74,167)
(54,280,271)(55,292,290)(57,90,297)(59,262,72)(60,114,158)
(61,166,78)(62,180,209)(63,64,257)(65,104,146)(66,111,161)
(67,232,103)(68,186,177)(69,139,256)(70,250,288)(73,181,135)
(76,300,117)(77,190,185)(81,248,274)(82,287,150)(86,141,149)
(87,145,137)(88,153,96)(89,154,142)(93,264,284)(94,259,247)
(95,100,140)(97,152,222)(102,214,163)(105,242,240)(106,125,203)
(108,226,143)(109,255,252)(112,275,234)(113,210,155)(118,299,267)
(121,168,215)(123,253,269)(124,229,258)(129,217,160)(130,241,265)
(132,164,216)(134,277,285)(147,276,246)(156,218,162)(157,169,200)
(178,182,206)(187,194,191)(198,201,211)(199,219,208)(230,283,273)
(231,239,254)(233,238,286)(237,289,244)(266,281,268)(282,293,295)],2);
