coh:=MakeCohort(
[(2,9,11,27,7,29,4,36,16,33,10,24,6,17,25,35,37,28,
31,20,26,34,19,30,12,22,21,18,13,32,8,23,5,15,3,14)
(38,73,52,44,39,41,71,57,70,66,47,60,72,68,40,67,62,55,
50,58,43,63,45,54,46,49,48,42,61,53,64,69,56,59,65,51)
(74,426,109,106,224,140,175,234,268,149,403,244,352,384,456,330,535,462,
638,509,703,440,496,589,430,657,585,491,296,369,206,277,312,183,404,311)
(75,645,110,573,209,620,163,487,256,632,394,270,342,177,470,314,610,412,
639,86,700,121,574,222,490,173,565,266,289,360,198,350,307,467,405,608)
(76,248,111,388,218,335,158,472,252,612,390,648,337,544,438,658,587,492,
641,497,701,273,361,179,481,316,629,421,276,100,182,134,298,217,406,154)
(77,318,112,415,223,92,146,126,242,210,382,153,329,247,457,387,603,334,
537,464,678,446,654,594,484,696,434,651,281,356,188,517,319,294,366,204)
(78,477,113,568,236,295,152,205,246,300,386,427,333,108,451,142,579,220,
623,168,562,261,653,398,482,346,540,469,274,353,180,514,305,659,407,650)
(79,683,114,583,230,541,164,554,257,686,395,503,343,445,459,593,489,695,
631,500,291,362,200,521,322,664,419,690,97,377,131,531,212,616,148,551)
(80,344,115,468,235,609,150,553,245,685,385,655,331,485,471,635,611,290,
373,199,528,310,652,409,480,81,637,116,275,226,181,166,317,259,408,396)
(82,563,117,582,213,624,159,549,253,681,391,671,338,504,465,439,606,588,
483,502,636,433,284,371,191,526,313,666,271,376,91,530,125,577,232,619)
(83,601,118,569,216,621,169,556,262,478,399,628,347,297,367,207,524,321,
646,422,693,101,649,135,474,237,617,172,283,265,190,401,325,349,410,454)
(84,697,119,575,228,372,147,527,243,667,383,669,103,548,137,578,219,613,
144,506,240,449,380,597,327,545,463,680,279,368,186,513,308,448,411,596)
(85,581,120,571,151,566,155,559,249,674,332,547,336,543,458,679,604,511,
642,437,656,442,486,591,493,694,282,375,189,358,201,519,320,662,88,689)
(87,498,122,436,225,586,156,560,250,688,286,365,194,523,302,665,413,692)
(89,435,123,570,231,622,170,557,263,354,192,515,299,534,418,677,96,698,
130,494,214,431,157,552,251,684,389,668,272,357,178,518,324,661,414,507)
(90,682,124,572,221,512,174,441,267,590,402,673,351,536,269,370,176,525,
306,508,417,447,95,595,129,576,238,625,162,359,196,520,303,663,341,550)
(93,105,127,139,208,227,145,160,241,254,381,392,328,339,466,461,607,605,
643,495,510,444,428,592,476,475,626,627,288,280,197,187,323,301,416,425)
(94,615,128,564,229,618,167,567,260,539,397,675,345,538,452,501,599,432,
640,499,479,450,634,598,285,374,193,529,292,355,202,516,99,660,133,580)
(98,400,132,348,215,460,143,561,239,644,379,672,326,546,453,473,600,630,
647,287,364,195,522,315,488,424,633,104,293,138,203,211,304,171,420,264)
(102,699,136,378,184,532,165,555,258,687,107,670,141,542,233,614,161,558,
255,505,393,443,340,533,455,676,602,702,278,363,185,429,309,584,423,691),
(2,11,7,4,16,10,6,25,37,31,26,19,12,21,13,8,5,3)
(9,27,29,36,33,24,17,35,28,20,34,30,22,18,32,23,15,14)
(38,52,39,71,70,47,72,40,62,50,43,45,46,48,61,64,56,65)
(41,57,66,60,68,67,55,58,63,54,49,42,53,69,59,51,73,44)
(74,109,224,175,268,403,352,456,535,638,703,496,430,585,296,206,312,404)
(75,110,209,163,256,394,342,470,610,639,700,574,490,565,289,198,307,405)
(76,111,218,158,252,390,337,438,587,641,701,361,481,629,276,182,298,406)
(77,112,223,146,242,382,329,457,603,537,678,654,484,434,281,188,319,366)
(78,113,236,152,246,386,333,451,579,623,562,653,482,540,274,180,305,407)
(79,114,230,164,257,395,343,459,489,631,291,200,322,419,97,131,212,148)
(80,115,235,150,245,385,331,471,611,373,528,652,480,637,275,181,317,408)
(81,116,226,166,259,396,344,468,609,553,685,655,485,635,290,199,310,409)
(82,117,213,159,253,391,338,465,606,483,636,284,191,313,271,91,125,232)
(83,118,216,169,262,399,347,367,524,646,693,649,474,617,283,190,325,410)
(84,119,228,147,243,383,103,137,219,144,240,380,327,463,279,186,308,411)
(85,120,151,155,249,332,336,458,604,642,656,486,493,282,189,201,320,88)
(86,121,222,173,266,360,350,467,608,645,573,620,487,632,270,177,314,412)
(87,122,225,156,250,286,194,302,413)(89,123,231,170,263,192,299,418,96,
130,214,157,251,389,272,178,324,414)(90,124,221,174,267,402,351,269,176,
306,417,95,129,238,162,196,303,341)(92,126,210,153,247,387,334,464,446,
594,696,651,356,517,294,204,318,415)(93,127,208,145,241,381,328,466,607,
643,510,428,476,626,288,197,323,416)(94,128,229,167,260,397,345,452,599,
640,479,634,285,193,292,202,99,133)(98,132,215,143,239,379,326,453,600,
647,364,522,488,633,293,203,304,420)(100,134,217,154,248,388,335,472,612,
648,544,658,492,497,273,179,316,421)(101,135,237,172,265,401,349,454,601,
569,621,556,478,628,297,207,321,422)(102,136,184,165,258,107,141,233,161,
255,393,340,455,602,278,185,309,423)(104,138,211,171,264,400,348,460,561,
644,672,546,473,630,287,195,315,424)(105,139,227,160,254,392,339,461,605,
495,444,592,475,627,280,187,301,425)(106,140,234,149,244,384,330,462,509,
440,589,657,491,369,277,183,311,426)(108,142,220,168,261,398,346,469,353,
514,659,650,477,568,295,205,300,427)(354,515,534,677,698,494,431,552,684,
668,357,518,661,507,435,570,622,557)(355,516,660,580,615,564,618,567,539,
675,538,501,432,499,450,598,374,529)(358,519,662,689,581,571,566,559,674,
547,543,679,511,437,442,591,694,375)(359,520,663,550,682,572,512,441,590,
673,536,370,525,508,447,595,576,625)(362,521,664,690,377,531,616,551,683,
583,541,554,686,503,445,593,695,500)(363,429,584,691,699,378,532,555,687,
670,542,614,558,505,443,533,676,702)(365,523,665,692,498,436,586,560,688)
(368,513,448,596,697,575,372,527,667,669,548,578,613,506,449,597,545,680)
(371,526,666,376,530,577,619,563,582,624,549,681,671,504,439,588,502,433),
(1,33,38)(2,568,39)(3,569,40)(4,494,41)(5,564,42)
(6,415,43)(7,570,44)(8,468,45)(9,571,46)(10,388,47)
(11,139,48)(12,572,49)(13,573,50)(14,298,51)(15,531,52)
(16,378,53)(17,203,54)(18,574,55)(19,348,56)(20,208,57)
(21,436,58)(22,242,59)(23,474,60)(24,575,61)(25,106,62)
(26,576,63)(27,577,64)(28,578,65)(29,579,66)(30,275,67)
(31,580,68)(32,175,69)(34,581,70)(35,582,71)(36,583,72)
(37,542,73)(74,508,259)(75,287,255)(76,199,250)(77,512,266)
(78,168,258)(79,86,245)(80,501,248)(81,484,253)(82,422,262)
(83,498,244)(84,464,256)(85,363,243)(87,511,263)(88,499,155)
(89,437,267)(90,502,251)(91,497,241)(92,500,246)(93,509,260)
(94,379,247)(95,510,261)(96,337,264)(97,495,239)(98,505,254)
(99,110,265)(100,305,117)(101,496,240)(102,506,196)(103,507,257)
(104,513,268)(105,503,252)(107,504,229)(108,216,249)(109,353,299)
(111,354,300)(112,355,301)(113,356,302)(114,357,212)(115,226,303)
(116,358,304)(118,280,306)(119,359,201)(120,360,307)(121,361,308)
(122,362,309)(123,364,310)(124,342,311)(125,138,312)(126,197,313)
(127,365,314)(128,366,315)(129,367,316)(130,368,292)(131,369,317)
(132,370,318)(133,371,165)(134,372,319)(135,152,320)(136,373,321)
(137,374,322)(140,375,323)(141,376,324)(142,377,325)(143,426,597)
(144,412,281)(145,421,521)(146,427,593)(147,419,552)(148,409,163)
(149,408,590)(150,271,594)(151,383,533)(153,405,595)(154,413,331)
(156,418,591)(157,417,442)(158,232,398)(159,425,587)(160,202,585)
(161,341,596)(162,414,588)(164,424,476)(166,406,598)(167,410,222)
(169,411,589)(170,420,179)(171,416,584)(172,404,586)(173,423,453)
(174,407,592)(176,351,551)(177,238,403)(178,626,487)(180,282,553)
(181,627,527)(182,628,554)(183,629,555)(184,389,549)(185,434,556)
(186,630,283)(187,617,557)(188,493,472)(189,631,558)(190,632,559)
(191,463,560)(192,540,234)(193,565,205)(194,633,561)(195,634,562)
(198,635,563)(200,636,441)(204,602,329)(206,517,566)(207,637,567)
(209,380,544)(210,381,539)(211,382,536)(213,384,215)(214,385,546)
(217,386,534)(218,387,548)(219,332,550)(220,286,537)(221,390,297)
(223,391,339)(224,392,543)(225,393,445)(227,394,523)(228,395,538)
(230,396,535)(231,397,545)(233,399,485)(235,400,547)(236,401,541)
(237,402,466)(269,641,492)(270,638,698)(272,639,605)(273,640,703)
(274,645,671)(276,604,334)(277,623,702)(278,643,290)(279,338,692)
(284,642,432)(285,452,695)(288,514,613)(289,644,686)(291,440,654)
(293,648,679)(294,646,661)(295,647,525)(296,483,462)(326,650,599)
(327,454,600)(328,677,601)(330,689,603)(333,608,345)(335,690,524)
(336,691,489)(340,693,446)(343,447,606)(344,669,607)(346,480,458)
(347,516,609)(349,662,610)(350,619,611)(352,687,612)(428,656,444)
(429,620,701)(430,459,696)(431,651,528)(433,522,621)(435,655,678)
(438,657,479)(439,649,672)(443,658,700)(448,652,659)(449,653,685)
(450,486,465)(451,673,473)(455,471,475)(456,676,477)(457,684,478)
(460,694,481)(461,697,482)(467,664,488)(469,526,490)(470,622,491)
(515,614,699)(518,615,668)(519,616,666)(520,618,688)(529,532,625)
(530,624,680)(660,663,665)(670,675,682)(674,681,683)],1);
