coh:=MakeCohort(
[(5,10)(6,7)(9,12)(14,15)(16,25)(17,37)(18,49)(19,26)(20,50)(21,39)
(22,27)(23,38)(24,51)(29,52)(30,40)(31,34)(32,43)(33,58)(35,55)(36,46)
(42,54)(44,56)(45,47)(48,60)(57,59),
(4,42,12,28,9,54)(5,41,10,29,8,52)(6,40,11,30,7,53)(13,15,14)
(16,38,23,25,20,50)(17,37,24,26,19,51)(18,39,22,27,21,49)(31,60,56,44,48,
34)(32,59,57,43,46,36)(33,58,55,45,47,35),
(1,17,33,46,49)(2,18,31,47,50)(3,16,32,48,51)(4,20,36,39,52)
(5,21,34,37,53)(6,19,35,38,54)(7,23,26,42,55)(8,24,27,40,56)
(9,22,25,41,57)(10,13,29,45,58)(11,14,30,43,59)(12,15,28,44,60),
(1,2,3)(4,7,10)(5,9,11)(6,8,12)(13,14,15)(16,19,22)(17,21,23)
(18,20,24)(25,37,49)(26,39,50)(27,38,51)(28,40,52)(29,42,53)(30,41,54)
(31,46,55)(32,47,56)(33,48,57)(34,43,58)(35,44,59)(36,45,60),
(1,49,46,33,17)(2,25,55,48,21)(3,37,31,57,23)(4,38,58,24,30)
(5,50,22,42,32)(6,13,40,59,36)(7,51,34,18,41)(8,14,52,35,45)
(9,26,16,53,47)(10,27,43,20,54)(11,39,19,29,56)(12,15,28,44,60),
(1,3,2)(4,5,6)(7,9,8)(10,11,12)(13,14,15)(16,18,17)(19,20,21)
(22,24,23)(25,27,26)(28,29,30)(31,33,32)(34,35,36)(37,38,39)(40,42,41)
(43,44,45)(46,48,47)(49,51,50)(52,53,54)(55,57,56)(58,59,60)],2);
