coh:=MakeCohort(
[(8,50)(9,51)(10,52)(11,53)(12,54)(13,55)(14,56)(15,99)
(16,100)(17,101)(18,102)(19,103)(20,104)(21,105)(22,148)(23,149)
(24,150)(25,151)(26,152)(27,153)(28,154)(29,197)(30,198)(31,199)
(32,200)(33,201)(34,202)(35,203)(36,246)(37,247)(38,248)(39,249)
(40,250)(41,251)(42,252)(43,295)(44,296)(45,297)(46,298)(47,299)
(48,300)(49,301)(64,106)(65,107)(66,108)(67,109)(68,110)(69,111)
(70,112)(71,155)(72,156)(73,157)(74,158)(75,159)(76,160)(77,161)
(78,204)(79,205)(80,206)(81,207)(82,208)(83,209)(84,210)(85,253)
(86,254)(87,255)(88,256)(89,257)(90,258)(91,259)(92,302)(93,303)
(94,304)(95,305)(96,306)(97,307)(98,308)(120,162)(121,163)(122,164)
(123,165)(124,166)(125,167)(126,168)(127,211)(128,212)(129,213)(130,214)
(131,215)(132,216)(133,217)(134,260)(135,261)(136,262)(137,263)(138,264)
(139,265)(140,266)(141,309)(142,310)(143,311)(144,312)(145,313)(146,314)
(147,315)(176,218)(177,219)(178,220)(179,221)(180,222)(181,223)(182,224)
(183,267)(184,268)(185,269)(186,270)(187,271)(188,272)(189,273)(190,316)
(191,317)(192,318)(193,319)(194,320)(195,321)(196,322)(232,274)(233,275)
(234,276)(235,277)(236,278)(237,279)(238,280)(239,323)(240,324)(241,325)
(242,326)(243,327)(244,328)(245,329)(288,330)(289,331)(290,332)(291,333)
(292,334)(293,335)(294,336),(2,50,8)(3,99,15)(4,148,22)
(5,197,29)(6,246,36)(7,295,43)(9,51,57)(10,100,64)
(11,149,71)(12,198,78)(13,247,85)(14,296,92)(16,52,106)
(17,101,113)(18,150,120)(19,199,127)(20,248,134)(21,297,141)
(23,53,155)(24,102,162)(25,151,169)(26,200,176)(27,249,183)
(28,298,190)(30,54,204)(31,103,211)(32,152,218)(33,201,225)
(34,250,232)(35,299,239)(37,55,253)(38,104,260)(39,153,267)
(40,202,274)(41,251,281)(42,300,288)(44,56,302)(45,105,309)
(46,154,316)(47,203,323)(48,252,330)(49,301,337)(59,107,65)
(60,156,72)(61,205,79)(62,254,86)(63,303,93)(66,108,114)
(67,157,121)(68,206,128)(69,255,135)(70,304,142)(73,109,163)
(74,158,170)(75,207,177)(76,256,184)(77,305,191)(80,110,212)
(81,159,219)(82,208,226)(83,257,233)(84,306,240)(87,111,261)
(88,160,268)(89,209,275)(90,258,282)(91,307,289)(94,112,310)
(95,161,317)(96,210,324)(97,259,331)(98,308,338)(116,164,122)
(117,213,129)(118,262,136)(119,311,143)(123,165,171)(124,214,178)
(125,263,185)(126,312,192)(130,166,220)(131,215,227)(132,264,234)
(133,313,241)(137,167,269)(138,216,276)(139,265,283)(140,314,290)
(144,168,318)(145,217,325)(146,266,332)(147,315,339)(173,221,179)
(174,270,186)(175,319,193)(180,222,228)(181,271,235)(182,320,242)
(187,223,277)(188,272,284)(189,321,291)(194,224,326)(195,273,333)
(196,322,340)(230,278,236)(231,327,243)(237,279,285)(238,328,292)
(244,280,334)(245,329,341)(287,335,293)(294,336,342),
(1,2,4)(3,7,5)(8,9,11)(10,14,12)(15,16,18)
(17,21,19)(22,23,25)(24,28,26)(29,30,32)(31,35,33)
(36,37,39)(38,42,40)(43,44,46)(45,49,47)(50,51,53)
(52,56,54)(57,58,60)(59,63,61)(64,65,67)(66,70,68)
(71,72,74)(73,77,75)(78,79,81)(80,84,82)(85,86,88)
(87,91,89)(92,93,95)(94,98,96)(99,100,102)(101,105,103)
(106,107,109)(108,112,110)(113,114,116)(115,119,117)(120,121,123)
(122,126,124)(127,128,130)(129,133,131)(134,135,137)(136,140,138)
(141,142,144)(143,147,145)(148,149,151)(150,154,152)(155,156,158)
(157,161,159)(162,163,165)(164,168,166)(169,170,172)(171,175,173)
(176,177,179)(178,182,180)(183,184,186)(185,189,187)(190,191,193)
(192,196,194)(197,198,200)(199,203,201)(204,205,207)(206,210,208)
(211,212,214)(213,217,215)(218,219,221)(220,224,222)(225,226,228)
(227,231,229)(232,233,235)(234,238,236)(239,240,242)(241,245,243)
(246,247,249)(248,252,250)(253,254,256)(255,259,257)(260,261,263)
(262,266,264)(267,268,270)(269,273,271)(274,275,277)(276,280,278)
(281,282,284)(283,287,285)(288,289,291)(290,294,292)(295,296,298)
(297,301,299)(302,303,305)(304,308,306)(309,310,312)(311,315,313)
(316,317,319)(318,322,320)(323,324,326)(325,329,327)(330,331,333)
(332,336,334)(337,338,340)(339,343,341),
(1,8,22)(2,9,23)(3,10,24)(4,11,25)(5,12,26)
(6,13,27)(7,14,28)(15,43,29)(16,44,30)(17,45,31)
(18,46,32)(19,47,33)(20,48,34)(21,49,35)(50,57,71)
(51,58,72)(52,59,73)(53,60,74)(54,61,75)(55,62,76)
(56,63,77)(64,92,78)(65,93,79)(66,94,80)(67,95,81)
(68,96,82)(69,97,83)(70,98,84)(99,106,120)(100,107,121)
(101,108,122)(102,109,123)(103,110,124)(104,111,125)(105,112,126)
(113,141,127)(114,142,128)(115,143,129)(116,144,130)(117,145,131)
(118,146,132)(119,147,133)(148,155,169)(149,156,170)(150,157,171)
(151,158,172)(152,159,173)(153,160,174)(154,161,175)(162,190,176)
(163,191,177)(164,192,178)(165,193,179)(166,194,180)(167,195,181)
(168,196,182)(197,204,218)(198,205,219)(199,206,220)(200,207,221)
(201,208,222)(202,209,223)(203,210,224)(211,239,225)(212,240,226)
(213,241,227)(214,242,228)(215,243,229)(216,244,230)(217,245,231)
(246,253,267)(247,254,268)(248,255,269)(249,256,270)(250,257,271)
(251,258,272)(252,259,273)(260,288,274)(261,289,275)(262,290,276)
(263,291,277)(264,292,278)(265,293,279)(266,294,280)(295,302,316)
(296,303,317)(297,304,318)(298,305,319)(299,306,320)(300,307,321)
(301,308,322)(309,337,323)(310,338,324)(311,339,325)(312,340,326)
(313,341,327)(314,342,328)(315,343,329),
(1,50,148)(2,51,149)(3,52,150)(4,53,151)(5,54,152)
(6,55,153)(7,56,154)(8,57,155)(9,58,156)(10,59,157)
(11,60,158)(12,61,159)(13,62,160)(14,63,161)(15,64,162)
(16,65,163)(17,66,164)(18,67,165)(19,68,166)(20,69,167)
(21,70,168)(22,71,169)(23,72,170)(24,73,171)(25,74,172)
(26,75,173)(27,76,174)(28,77,175)(29,78,176)(30,79,177)
(31,80,178)(32,81,179)(33,82,180)(34,83,181)(35,84,182)
(36,85,183)(37,86,184)(38,87,185)(39,88,186)(40,89,187)
(41,90,188)(42,91,189)(43,92,190)(44,93,191)(45,94,192)
(46,95,193)(47,96,194)(48,97,195)(49,98,196)(99,295,197)
(100,296,198)(101,297,199)(102,298,200)(103,299,201)(104,300,202)
(105,301,203)(106,302,204)(107,303,205)(108,304,206)(109,305,207)
(110,306,208)(111,307,209)(112,308,210)(113,309,211)(114,310,212)
(115,311,213)(116,312,214)(117,313,215)(118,314,216)(119,315,217)
(120,316,218)(121,317,219)(122,318,220)(123,319,221)(124,320,222)
(125,321,223)(126,322,224)(127,323,225)(128,324,226)(129,325,227)
(130,326,228)(131,327,229)(132,328,230)(133,329,231)(134,330,232)
(135,331,233)(136,332,234)(137,333,235)(138,334,236)(139,335,237)
(140,336,238)(141,337,239)(142,338,240)(143,339,241)(144,340,242)
(145,341,243)(146,342,244)(147,343,245),
(1,4,7)(2,6,5)(8,11,14)(9,13,12)(15,18,21)
(16,20,19)(22,25,28)(23,27,26)(29,32,35)(30,34,33)
(36,39,42)(37,41,40)(43,46,49)(44,48,47)(50,53,56)
(51,55,54)(57,60,63)(58,62,61)(64,67,70)(65,69,68)
(71,74,77)(72,76,75)(78,81,84)(79,83,82)(85,88,91)
(86,90,89)(92,95,98)(93,97,96)(99,102,105)(100,104,103)
(106,109,112)(107,111,110)(113,116,119)(114,118,117)(120,123,126)
(121,125,124)(127,130,133)(128,132,131)(134,137,140)(135,139,138)
(141,144,147)(142,146,145)(148,151,154)(149,153,152)(155,158,161)
(156,160,159)(162,165,168)(163,167,166)(169,172,175)(170,174,173)
(176,179,182)(177,181,180)(183,186,189)(184,188,187)(190,193,196)
(191,195,194)(197,200,203)(198,202,201)(204,207,210)(205,209,208)
(211,214,217)(212,216,215)(218,221,224)(219,223,222)(225,228,231)
(226,230,229)(232,235,238)(233,237,236)(239,242,245)(240,244,243)
(246,249,252)(247,251,250)(253,256,259)(254,258,257)(260,263,266)
(261,265,264)(267,270,273)(268,272,271)(274,277,280)(275,279,278)
(281,284,287)(282,286,285)(288,291,294)(289,293,292)(295,298,301)
(296,300,299)(302,305,308)(303,307,306)(309,312,315)(310,314,313)
(316,319,322)(317,321,320)(323,326,329)(324,328,327)(330,333,336)
(331,335,334)(337,340,343)(338,342,341),
(1,22,43)(2,23,44)(3,24,45)(4,25,46)(5,26,47)
(6,27,48)(7,28,49)(8,36,29)(9,37,30)(10,38,31)
(11,39,32)(12,40,33)(13,41,34)(14,42,35)(50,71,92)
(51,72,93)(52,73,94)(53,74,95)(54,75,96)(55,76,97)
(56,77,98)(57,85,78)(58,86,79)(59,87,80)(60,88,81)
(61,89,82)(62,90,83)(63,91,84)(99,120,141)(100,121,142)
(101,122,143)(102,123,144)(103,124,145)(104,125,146)(105,126,147)
(106,134,127)(107,135,128)(108,136,129)(109,137,130)(110,138,131)
(111,139,132)(112,140,133)(148,169,190)(149,170,191)(150,171,192)
(151,172,193)(152,173,194)(153,174,195)(154,175,196)(155,183,176)
(156,184,177)(157,185,178)(158,186,179)(159,187,180)(160,188,181)
(161,189,182)(197,218,239)(198,219,240)(199,220,241)(200,221,242)
(201,222,243)(202,223,244)(203,224,245)(204,232,225)(205,233,226)
(206,234,227)(207,235,228)(208,236,229)(209,237,230)(210,238,231)
(246,267,288)(247,268,289)(248,269,290)(249,270,291)(250,271,292)
(251,272,293)(252,273,294)(253,281,274)(254,282,275)(255,283,276)
(256,284,277)(257,285,278)(258,286,279)(259,287,280)(295,316,337)
(296,317,338)(297,318,339)(298,319,340)(299,320,341)(300,321,342)
(301,322,343)(302,330,323)(303,331,324)(304,332,325)(305,333,326)
(306,334,327)(307,335,328)(308,336,329),
(1,148,295)(2,149,296)(3,150,297)(4,151,298)(5,152,299)
(6,153,300)(7,154,301)(8,155,302)(9,156,303)(10,157,304)
(11,158,305)(12,159,306)(13,160,307)(14,161,308)(15,162,309)
(16,163,310)(17,164,311)(18,165,312)(19,166,313)(20,167,314)
(21,168,315)(22,169,316)(23,170,317)(24,171,318)(25,172,319)
(26,173,320)(27,174,321)(28,175,322)(29,176,323)(30,177,324)
(31,178,325)(32,179,326)(33,180,327)(34,181,328)(35,182,329)
(36,183,330)(37,184,331)(38,185,332)(39,186,333)(40,187,334)
(41,188,335)(42,189,336)(43,190,337)(44,191,338)(45,192,339)
(46,193,340)(47,194,341)(48,195,342)(49,196,343)(50,246,197)
(51,247,198)(52,248,199)(53,249,200)(54,250,201)(55,251,202)
(56,252,203)(57,253,204)(58,254,205)(59,255,206)(60,256,207)
(61,257,208)(62,258,209)(63,259,210)(64,260,211)(65,261,212)
(66,262,213)(67,263,214)(68,264,215)(69,265,216)(70,266,217)
(71,267,218)(72,268,219)(73,269,220)(74,270,221)(75,271,222)
(76,272,223)(77,273,224)(78,274,225)(79,275,226)(80,276,227)
(81,277,228)(82,278,229)(83,279,230)(84,280,231)(85,281,232)
(86,282,233)(87,283,234)(88,284,235)(89,285,236)(90,286,237)
(91,287,238)(92,288,239)(93,289,240)(94,290,241)(95,291,242)
(96,292,243)(97,293,244)(98,294,245)],2);
