coh:=MakeCohort(
[(2,78)(3,66)(4,13)(5,25)(6,83)(7,43)(8,61)(9,99)
(10,28)(11,114)(12,102)(14,26)(15,65)(16,44)(17,62)(18,81)
(19,100)(20,82)(21,64)(22,112)(23,32)(24,94)(27,76)(29,96)
(30,84)(33,101)(34,41)(35,59)(36,117)(37,46)(38,60)(40,103)
(42,67)(45,85)(47,95)(48,68)(49,58)(51,77)(52,104)(53,113)
(54,86)(55,109)(56,73)(57,91)(70,106)(71,115)(72,92)(74,90)
(79,107)(80,116)(87,105)(89,97)(93,111)(108,110),
(1,28,10)(2,29,11)(3,30,12)(4,31,13)(5,32,14)
(6,33,15)(7,34,16)(8,35,17)(9,36,18)(19,21,20)
(22,27,24)(23,25,26)(40,42,45)(41,43,44)(47,53,51)
(48,54,52)(55,56,57)(59,61,62)(64,100,82)(65,101,83)
(66,102,84)(67,103,85)(68,104,86)(69,105,87)(70,106,88)
(71,107,89)(72,108,90)(73,109,91)(74,110,92)(75,111,93)
(76,112,94)(77,113,95)(78,114,96)(79,115,97)(80,116,98)
(81,117,99),(1,46,19)(2,47,20)(3,48,21)(4,49,22)
(5,50,23)(6,51,24)(7,52,25)(8,53,26)(9,54,27)
(10,64,37)(11,65,38)(12,66,39)(13,67,40)(14,68,41)
(15,69,42)(16,70,43)(17,71,44)(18,72,45)(28,73,55)
(29,74,56)(30,75,57)(31,76,58)(32,77,59)(33,78,60)
(34,79,61)(35,80,62)(36,81,63)(82,86,84)(83,85,87)
(88,90,89)(91,108,114)(92,106,115)(93,102,109)(94,104,117)
(95,101,112)(96,100,113)(97,107,111)(98,105,116)(99,103,110)],1);
