coh:=MakeCohort(
[(141,337)(142,338)(143,339)(144,340)(145,341)(146,342)(147,343)(148,344)
(149,345)(150,346)(151,347)(152,348)(153,349)(154,350)(155,351)(156,352)
(157,353)(158,354)(159,355)(160,356)(161,357)(162,358)(163,359)(164,360)
(165,361)(166,362)(167,363)(168,364)(169,281)(170,282)(171,283)(172,284)
(173,285)(174,286)(175,287)(176,288)(177,289)(178,290)(179,291)(180,292)
(181,293)(182,294)(183,295)(184,296)(185,297)(186,298)(187,299)(188,300)
(189,301)(190,302)(191,303)(192,304)(193,305)(194,306)(195,307)(196,308)
(197,309)(198,310)(199,311)(200,312)(201,313)(202,314)(203,315)(204,316)
(205,317)(206,318)(207,319)(208,320)(209,321)(210,322)(211,323)(212,324)
(213,325)(214,326)(215,327)(216,328)(217,329)(218,330)(219,331)(220,332)
(221,333)(222,334)(223,335)(224,336)(365,393)(366,394)(367,395)(368,396)
(369,397)(370,398)(371,399)(372,400)(373,401)(374,402)(375,403)(376,404)
(377,405)(378,406)(379,407)(380,408)(381,409)(382,410)(383,411)(384,412)
(385,413)(386,414)(387,415)(388,416)(389,417)(390,418)(391,419)(392,420)
(449,589)(450,590)(451,591)(452,592)(453,593)(454,594)(455,595)(456,596)
(457,597)(458,598)(459,599)(460,600)(461,601)(462,602)(463,603)(464,604)
(465,605)(466,606)(467,607)(468,608)(469,609)(470,610)(471,611)(472,612)
(473,613)(474,614)(475,615)(476,616)(533,673)(534,674)(535,675)(536,676)
(537,677)(538,678)(539,679)(540,680)(541,681)(542,682)(543,683)(544,684)
(545,685)(546,686)(547,687)(548,688)(549,689)(550,690)(551,691)(552,692)
(553,693)(554,694)(555,695)(556,696)(557,697)(558,698)(559,699)(560,700),
(6,13)(7,11)(8,12)(14,15)(17,22)(20,25)(34,41)(35,39)
(36,40)(42,43)(45,50)(48,53)(62,69)(63,67)(64,68)(70,71)
(73,78)(76,81)(90,97)(91,95)(92,96)(98,99)(101,106)(104,109)
(118,125)(119,123)(120,124)(126,127)(129,134)(132,137)(141,337)(142,338)
(143,339)(144,340)(145,341)(146,349)(147,347)(148,348)(149,345)(150,346)
(151,343)(152,344)(153,342)(154,351)(155,350)(156,352)(157,358)(158,354)
(159,355)(160,361)(161,357)(162,353)(163,359)(164,360)(165,356)(166,362)
(167,363)(168,364)(169,281)(170,282)(171,283)(172,284)(173,285)(174,293)
(175,291)(176,292)(177,289)(178,290)(179,287)(180,288)(181,286)(182,295)
(183,294)(184,296)(185,302)(186,298)(187,299)(188,305)(189,301)(190,297)
(191,303)(192,304)(193,300)(194,306)(195,307)(196,308)(197,309)(198,310)
(199,311)(200,312)(201,313)(202,321)(203,319)(204,320)(205,317)(206,318)
(207,315)(208,316)(209,314)(210,323)(211,322)(212,324)(213,330)(214,326)
(215,327)(216,333)(217,329)(218,325)(219,331)(220,332)(221,328)(222,334)
(223,335)(224,336)(230,237)(231,235)(232,236)(238,239)(241,246)(244,249)
(258,265)(259,263)(260,264)(266,267)(269,274)(272,277)(365,393)(366,394)
(367,395)(368,396)(369,397)(370,405)(371,403)(372,404)(373,401)(374,402)
(375,399)(376,400)(377,398)(378,407)(379,406)(380,408)(381,414)(382,410)
(383,411)(384,417)(385,413)(386,409)(387,415)(388,416)(389,412)(390,418)
(391,419)(392,420)(426,433)(427,431)(428,432)(434,435)(437,442)(440,445)
(449,589)(450,590)(451,591)(452,592)(453,593)(454,601)(455,599)(456,600)
(457,597)(458,598)(459,595)(460,596)(461,594)(462,603)(463,602)(464,604)
(465,610)(466,606)(467,607)(468,613)(469,609)(470,605)(471,611)(472,612)
(473,608)(474,614)(475,615)(476,616)(482,489)(483,487)(484,488)(490,491)
(493,498)(496,501)(510,517)(511,515)(512,516)(518,519)(521,526)(524,529)
(533,673)(534,674)(535,675)(536,676)(537,677)(538,685)(539,683)(540,684)
(541,681)(542,682)(543,679)(544,680)(545,678)(546,687)(547,686)(548,688)
(549,694)(550,690)(551,691)(552,697)(553,693)(554,689)(555,695)(556,696)
(557,692)(558,698)(559,699)(560,700)(566,573)(567,571)(568,572)(574,575)
(577,582)(580,585)(622,629)(623,627)(624,628)(630,631)(633,638)(636,641)
(650,657)(651,655)(652,656)(658,659)(661,666)(664,669)(706,713)(707,711)
(708,712)(714,715)(717,722)(720,725)(734,741)(735,739)(736,740)(742,743)
(745,750)(748,753)(762,769)(763,767)(764,768)(770,771)(773,778)(776,781),
(2,29)(3,57)(4,85)(5,113)(6,141)(7,169)(8,197)(9,225)
(10,253)(11,281)(12,309)(13,337)(14,365)(15,393)(16,421)(17,449)
(18,477)(19,505)(20,533)(21,561)(22,589)(23,617)(24,645)(25,673)
(26,701)(27,729)(28,757)(31,58)(32,86)(33,114)(34,142)(35,170)
(36,198)(37,226)(38,254)(39,282)(40,310)(41,338)(42,366)(43,394)
(44,422)(45,450)(46,478)(47,506)(48,534)(49,562)(50,590)(51,618)
(52,646)(53,674)(54,702)(55,730)(56,758)(60,87)(61,115)(62,143)
(63,171)(64,199)(65,227)(66,255)(67,283)(68,311)(69,339)(70,367)
(71,395)(72,423)(73,451)(74,479)(75,507)(76,535)(77,563)(78,591)
(79,619)(80,647)(81,675)(82,703)(83,731)(84,759)(89,116)(90,144)
(91,172)(92,200)(93,228)(94,256)(95,284)(96,312)(97,340)(98,368)
(99,396)(100,424)(101,452)(102,480)(103,508)(104,536)(105,564)(106,592)
(107,620)(108,648)(109,676)(110,704)(111,732)(112,760)(118,145)(119,173)
(120,201)(121,229)(122,257)(123,285)(124,313)(125,341)(126,369)(127,397)
(128,425)(129,453)(130,481)(131,509)(132,537)(133,565)(134,593)(135,621)
(136,649)(137,677)(138,705)(139,733)(140,761)(147,174)(148,202)(149,230)
(150,258)(151,286)(152,314)(153,342)(154,370)(155,398)(156,426)(157,454)
(158,482)(159,510)(160,538)(161,566)(162,594)(163,622)(164,650)(165,678)
(166,706)(167,734)(168,762)(176,203)(177,231)(178,259)(179,287)(180,315)
(181,343)(182,371)(183,399)(184,427)(185,455)(186,483)(187,511)(188,539)
(189,567)(190,595)(191,623)(192,651)(193,679)(194,707)(195,735)(196,763)
(205,232)(206,260)(207,288)(208,316)(209,344)(210,372)(211,400)(212,428)
(213,456)(214,484)(215,512)(216,540)(217,568)(218,596)(219,624)(220,652)
(221,680)(222,708)(223,736)(224,764)(234,261)(235,289)(236,317)(237,345)
(238,373)(239,401)(240,429)(241,457)(242,485)(243,513)(244,541)(245,569)
(246,597)(247,625)(248,653)(249,681)(250,709)(251,737)(252,765)(263,290)
(264,318)(265,346)(266,374)(267,402)(268,430)(269,458)(270,486)(271,514)
(272,542)(273,570)(274,598)(275,626)(276,654)(277,682)(278,710)(279,738)
(280,766)(292,319)(293,347)(294,375)(295,403)(296,431)(297,459)(298,487)
(299,515)(300,543)(301,571)(302,599)(303,627)(304,655)(305,683)(306,711)
(307,739)(308,767)(321,348)(322,376)(323,404)(324,432)(325,460)(326,488)
(327,516)(328,544)(329,572)(330,600)(331,628)(332,656)(333,684)(334,712)
(335,740)(336,768)(350,377)(351,405)(352,433)(353,461)(354,489)(355,517)
(356,545)(357,573)(358,601)(359,629)(360,657)(361,685)(362,713)(363,741)
(364,769)(379,406)(380,434)(381,462)(382,490)(383,518)(384,546)(385,574)
(386,602)(387,630)(388,658)(389,686)(390,714)(391,742)(392,770)(408,435)
(409,463)(410,491)(411,519)(412,547)(413,575)(414,603)(415,631)(416,659)
(417,687)(418,715)(419,743)(420,771)(437,464)(438,492)(439,520)(440,548)
(441,576)(442,604)(443,632)(444,660)(445,688)(446,716)(447,744)(448,772)
(466,493)(467,521)(468,549)(469,577)(470,605)(471,633)(472,661)(473,689)
(474,717)(475,745)(476,773)(495,522)(496,550)(497,578)(498,606)(499,634)
(500,662)(501,690)(502,718)(503,746)(504,774)(524,551)(525,579)(526,607)
(527,635)(528,663)(529,691)(530,719)(531,747)(532,775)(553,580)(554,608)
(555,636)(556,664)(557,692)(558,720)(559,748)(560,776)(582,609)(583,637)
(584,665)(585,693)(586,721)(587,749)(588,777)(611,638)(612,666)(613,694)
(614,722)(615,750)(616,778)(640,667)(641,695)(642,723)(643,751)(644,779)
(669,696)(670,724)(671,752)(672,780)(698,725)(699,753)(700,781)(727,754)
(728,782)(756,783),(1,2,3,4,5,6,8)(7,10,14,16,19,23,
24)(9,12,15,17,20,11,13)(18,22,26,28,21,25,27)
(29,30,31,32,33,34,36)(35,38,42,44,47,51,52)
(37,40,43,45,48,39,41)(46,50,54,56,49,53,55)
(57,58,59,60,61,62,64)(63,66,70,72,75,79,80)
(65,68,71,73,76,67,69)(74,78,82,84,77,81,83)
(85,86,87,88,89,90,92)(91,94,98,100,103,107,108)
(93,96,99,101,104,95,97)(102,106,110,112,105,109,111)
(113,114,115,116,117,118,120)(119,122,126,128,131,135,136)
(121,124,127,129,132,123,125)(130,134,138,140,133,137,139)
(141,142,143,144,145,146,148)(147,150,154,156,159,163,164)
(149,152,155,157,160,151,153)(158,162,166,168,161,165,167)
(169,170,171,172,173,174,176)(175,178,182,184,187,191,192)
(177,180,183,185,188,179,181)(186,190,194,196,189,193,195)
(197,198,199,200,201,202,204)(203,206,210,212,215,219,220)
(205,208,211,213,216,207,209)(214,218,222,224,217,221,223)
(225,226,227,228,229,230,232)(231,234,238,240,243,247,248)
(233,236,239,241,244,235,237)(242,246,250,252,245,249,251)
(253,254,255,256,257,258,260)(259,262,266,268,271,275,276)
(261,264,267,269,272,263,265)(270,274,278,280,273,277,279)
(281,282,283,284,285,286,288)(287,290,294,296,299,303,304)
(289,292,295,297,300,291,293)(298,302,306,308,301,305,307)
(309,310,311,312,313,314,316)(315,318,322,324,327,331,332)
(317,320,323,325,328,319,321)(326,330,334,336,329,333,335)
(337,338,339,340,341,342,344)(343,346,350,352,355,359,360)
(345,348,351,353,356,347,349)(354,358,362,364,357,361,363)
(365,366,367,368,369,370,372)(371,374,378,380,383,387,388)
(373,376,379,381,384,375,377)(382,386,390,392,385,389,391)
(393,394,395,396,397,398,400)(399,402,406,408,411,415,416)
(401,404,407,409,412,403,405)(410,414,418,420,413,417,419)
(421,422,423,424,425,426,428)(427,430,434,436,439,443,444)
(429,432,435,437,440,431,433)(438,442,446,448,441,445,447)
(449,450,451,452,453,454,456)(455,458,462,464,467,471,472)
(457,460,463,465,468,459,461)(466,470,474,476,469,473,475)
(477,478,479,480,481,482,484)(483,486,490,492,495,499,500)
(485,488,491,493,496,487,489)(494,498,502,504,497,501,503)
(505,506,507,508,509,510,512)(511,514,518,520,523,527,528)
(513,516,519,521,524,515,517)(522,526,530,532,525,529,531)
(533,534,535,536,537,538,540)(539,542,546,548,551,555,556)
(541,544,547,549,552,543,545)(550,554,558,560,553,557,559)
(561,562,563,564,565,566,568)(567,570,574,576,579,583,584)
(569,572,575,577,580,571,573)(578,582,586,588,581,585,587)
(589,590,591,592,593,594,596)(595,598,602,604,607,611,612)
(597,600,603,605,608,599,601)(606,610,614,616,609,613,615)
(617,618,619,620,621,622,624)(623,626,630,632,635,639,640)
(625,628,631,633,636,627,629)(634,638,642,644,637,641,643)
(645,646,647,648,649,650,652)(651,654,658,660,663,667,668)
(653,656,659,661,664,655,657)(662,666,670,672,665,669,671)
(673,674,675,676,677,678,680)(679,682,686,688,691,695,696)
(681,684,687,689,692,683,685)(690,694,698,700,693,697,699)
(701,702,703,704,705,706,708)(707,710,714,716,719,723,724)
(709,712,715,717,720,711,713)(718,722,726,728,721,725,727)
(729,730,731,732,733,734,736)(735,738,742,744,747,751,752)
(737,740,743,745,748,739,741)(746,750,754,756,749,753,755)
(757,758,759,760,761,762,764)(763,766,770,772,775,779,780)
(765,768,771,773,776,767,769)(774,778,782,784,777,781,783),
(1,29,57,85,113,141,197)(2,30,58,86,114,142,198)(3,31,59,87,
115,143,199)(4,32,60,88,116,144,200)(5,33,61,89,117,145,201)
(6,34,62,90,118,146,202)(7,35,63,91,119,147,203)
(8,36,64,92,120,148,204)(9,37,65,93,121,149,205)
(10,38,66,94,122,150,206)(11,39,67,95,123,151,207)
(12,40,68,96,124,152,208)(13,41,69,97,125,153,209)
(14,42,70,98,126,154,210)(15,43,71,99,127,155,211)
(16,44,72,100,128,156,212)(17,45,73,101,129,157,213)
(18,46,74,102,130,158,214)(19,47,75,103,131,159,215)
(20,48,76,104,132,160,216)(21,49,77,105,133,161,217)
(22,50,78,106,134,162,218)(23,51,79,107,135,163,219)
(24,52,80,108,136,164,220)(25,53,81,109,137,165,221)
(26,54,82,110,138,166,222)(27,55,83,111,139,167,223)
(28,56,84,112,140,168,224)(169,253,365,421,505,617,645)
(170,254,366,422,506,618,646)(171,255,367,423,507,619,647)
(172,256,368,424,508,620,648)(173,257,369,425,509,621,649)
(174,258,370,426,510,622,650)(175,259,371,427,511,623,651)
(176,260,372,428,512,624,652)(177,261,373,429,513,625,653)
(178,262,374,430,514,626,654)(179,263,375,431,515,627,655)
(180,264,376,432,516,628,656)(181,265,377,433,517,629,657)
(182,266,378,434,518,630,658)(183,267,379,435,519,631,659)
(184,268,380,436,520,632,660)(185,269,381,437,521,633,661)
(186,270,382,438,522,634,662)(187,271,383,439,523,635,663)
(188,272,384,440,524,636,664)(189,273,385,441,525,637,665)
(190,274,386,442,526,638,666)(191,275,387,443,527,639,667)
(192,276,388,444,528,640,668)(193,277,389,445,529,641,669)
(194,278,390,446,530,642,670)(195,279,391,447,531,643,671)
(196,280,392,448,532,644,672)(225,309,393,449,533,281,337)
(226,310,394,450,534,282,338)(227,311,395,451,535,283,339)
(228,312,396,452,536,284,340)(229,313,397,453,537,285,341)
(230,314,398,454,538,286,342)(231,315,399,455,539,287,343)
(232,316,400,456,540,288,344)(233,317,401,457,541,289,345)
(234,318,402,458,542,290,346)(235,319,403,459,543,291,347)
(236,320,404,460,544,292,348)(237,321,405,461,545,293,349)
(238,322,406,462,546,294,350)(239,323,407,463,547,295,351)
(240,324,408,464,548,296,352)(241,325,409,465,549,297,353)
(242,326,410,466,550,298,354)(243,327,411,467,551,299,355)
(244,328,412,468,552,300,356)(245,329,413,469,553,301,357)
(246,330,414,470,554,302,358)(247,331,415,471,555,303,359)
(248,332,416,472,556,304,360)(249,333,417,473,557,305,361)
(250,334,418,474,558,306,362)(251,335,419,475,559,307,363)
(252,336,420,476,560,308,364)(477,589,701,757,561,673,729)
(478,590,702,758,562,674,730)(479,591,703,759,563,675,731)
(480,592,704,760,564,676,732)(481,593,705,761,565,677,733)
(482,594,706,762,566,678,734)(483,595,707,763,567,679,735)
(484,596,708,764,568,680,736)(485,597,709,765,569,681,737)
(486,598,710,766,570,682,738)(487,599,711,767,571,683,739)
(488,600,712,768,572,684,740)(489,601,713,769,573,685,741)
(490,602,714,770,574,686,742)(491,603,715,771,575,687,743)
(492,604,716,772,576,688,744)(493,605,717,773,577,689,745)
(494,606,718,774,578,690,746)(495,607,719,775,579,691,747)
(496,608,720,776,580,692,748)(497,609,721,777,581,693,749)
(498,610,722,778,582,694,750)(499,611,723,779,583,695,751)
(500,612,724,780,584,696,752)(501,613,725,781,585,697,753)
(502,614,726,782,586,698,754)(503,615,727,783,587,699,755)
(504,616,728,784,588,700,756),(5,7,11)(6,9,13)(8,12,10)
(14,15,18)(17,21,22)(20,24,25)(33,35,39)(34,37,41)
(36,40,38)(42,43,46)(45,49,50)(48,52,53)(61,63,67)
(62,65,69)(64,68,66)(70,71,74)(73,77,78)(76,80,81)
(89,91,95)(90,93,97)(92,96,94)(98,99,102)(101,105,106)
(104,108,109)(117,119,123)(118,121,125)(120,124,122)(126,127,130)
(129,133,134)(132,136,137)(145,147,151)(146,149,153)(148,152,150)
(154,155,158)(157,161,162)(160,164,165)(173,175,179)(174,177,181)
(176,180,178)(182,183,186)(185,189,190)(188,192,193)(201,203,207)
(202,205,209)(204,208,206)(210,211,214)(213,217,218)(216,220,221)
(229,231,235)(230,233,237)(232,236,234)(238,239,242)(241,245,246)
(244,248,249)(257,259,263)(258,261,265)(260,264,262)(266,267,270)
(269,273,274)(272,276,277)(285,287,291)(286,289,293)(288,292,290)
(294,295,298)(297,301,302)(300,304,305)(313,315,319)(314,317,321)
(316,320,318)(322,323,326)(325,329,330)(328,332,333)(341,343,347)
(342,345,349)(344,348,346)(350,351,354)(353,357,358)(356,360,361)
(369,371,375)(370,373,377)(372,376,374)(378,379,382)(381,385,386)
(384,388,389)(397,399,403)(398,401,405)(400,404,402)(406,407,410)
(409,413,414)(412,416,417)(425,427,431)(426,429,433)(428,432,430)
(434,435,438)(437,441,442)(440,444,445)(453,455,459)(454,457,461)
(456,460,458)(462,463,466)(465,469,470)(468,472,473)(481,483,487)
(482,485,489)(484,488,486)(490,491,494)(493,497,498)(496,500,501)
(509,511,515)(510,513,517)(512,516,514)(518,519,522)(521,525,526)
(524,528,529)(537,539,543)(538,541,545)(540,544,542)(546,547,550)
(549,553,554)(552,556,557)(565,567,571)(566,569,573)(568,572,570)
(574,575,578)(577,581,582)(580,584,585)(593,595,599)(594,597,601)
(596,600,598)(602,603,606)(605,609,610)(608,612,613)(621,623,627)
(622,625,629)(624,628,626)(630,631,634)(633,637,638)(636,640,641)
(649,651,655)(650,653,657)(652,656,654)(658,659,662)(661,665,666)
(664,668,669)(677,679,683)(678,681,685)(680,684,682)(686,687,690)
(689,693,694)(692,696,697)(705,707,711)(706,709,713)(708,712,710)
(714,715,718)(717,721,722)(720,724,725)(733,735,739)(734,737,741)
(736,740,738)(742,743,746)(745,749,750)(748,752,753)(761,763,767)
(762,765,769)(764,768,766)(770,771,774)(773,777,778)(776,780,781),
(113,169,281)(114,170,282)(115,171,283)(116,172,284)(117,173,285)
(118,174,286)(119,175,287)(120,176,288)(121,177,289)(122,178,290)
(123,179,291)(124,180,292)(125,181,293)(126,182,294)(127,183,295)
(128,184,296)(129,185,297)(130,186,298)(131,187,299)(132,188,300)
(133,189,301)(134,190,302)(135,191,303)(136,192,304)(137,193,305)
(138,194,306)(139,195,307)(140,196,308)(141,225,337)(142,226,338)
(143,227,339)(144,228,340)(145,229,341)(146,230,342)(147,231,343)
(148,232,344)(149,233,345)(150,234,346)(151,235,347)(152,236,348)
(153,237,349)(154,238,350)(155,239,351)(156,240,352)(157,241,353)
(158,242,354)(159,243,355)(160,244,356)(161,245,357)(162,246,358)
(163,247,359)(164,248,360)(165,249,361)(166,250,362)(167,251,363)
(168,252,364)(197,309,253)(198,310,254)(199,311,255)(200,312,256)
(201,313,257)(202,314,258)(203,315,259)(204,316,260)(205,317,261)
(206,318,262)(207,319,263)(208,320,264)(209,321,265)(210,322,266)
(211,323,267)(212,324,268)(213,325,269)(214,326,270)(215,327,271)
(216,328,272)(217,329,273)(218,330,274)(219,331,275)(220,332,276)
(221,333,277)(222,334,278)(223,335,279)(224,336,280)(365,393,477)
(366,394,478)(367,395,479)(368,396,480)(369,397,481)(370,398,482)
(371,399,483)(372,400,484)(373,401,485)(374,402,486)(375,403,487)
(376,404,488)(377,405,489)(378,406,490)(379,407,491)(380,408,492)
(381,409,493)(382,410,494)(383,411,495)(384,412,496)(385,413,497)
(386,414,498)(387,415,499)(388,416,500)(389,417,501)(390,418,502)
(391,419,503)(392,420,504)(449,561,589)(450,562,590)(451,563,591)
(452,564,592)(453,565,593)(454,566,594)(455,567,595)(456,568,596)
(457,569,597)(458,570,598)(459,571,599)(460,572,600)(461,573,601)
(462,574,602)(463,575,603)(464,576,604)(465,577,605)(466,578,606)
(467,579,607)(468,580,608)(469,581,609)(470,582,610)(471,583,611)
(472,584,612)(473,585,613)(474,586,614)(475,587,615)(476,588,616)
(533,645,673)(534,646,674)(535,647,675)(536,648,676)(537,649,677)
(538,650,678)(539,651,679)(540,652,680)(541,653,681)(542,654,682)
(543,655,683)(544,656,684)(545,657,685)(546,658,686)(547,659,687)
(548,660,688)(549,661,689)(550,662,690)(551,663,691)(552,664,692)
(553,665,693)(554,666,694)(555,667,695)(556,668,696)(557,669,697)
(558,670,698)(559,671,699)(560,672,700)],3);
