coh:=MakeCohort(
[(3,14)(4,15)(5,10)(6,11)(7,8)(9,45)(12,36)(13,28)
(16,136)(17,23)(18,26)(19,112)(20,92)(21,22)(24,319)(25,90)
(27,85)(29,278)(30,272)(31,73)(32,72)(33,57)(34,67)(35,53)
(37,467)(38,237)(39,235)(40,71)(41,58)(42,56)(43,221)(44,51)
(46,442)(47,437)(48,231)(49,200)(50,199)(52,164)(54,185)(55,183)
(59,473)(60,418)(61,416)(62,230)(63,198)(64,165)(65,160)(66,163)
(68,229)(69,153)(70,127)(74,451)(75,450)(76,413)(77,391)(78,390)
(79,194)(80,133)(81,135)(82,357)(83,132)(84,111)(86,192)(87,158)
(88,151)(91,126)(93,448)(94,426)(95,367)(96,412)(97,389)(98,358)
(99,376)(100,255)(101,353)(102,356)(103,109)(104,110)(106,302)(107,108)
(113,398)(114,487)(115,399)(116,493)(117,386)(118,316)(119,318)(120,485)
(121,296)(122,297)(123,315)(124,313)(125,131)(128,308)(129,225)(130,301)
(134,300)(137,424)(138,479)(139,445)(140,288)(141,486)(142,495)(143,481)
(144,483)(145,452)(146,337)(147,277)(148,253)(149,275)(150,276)(152,234)
(154,222)(155,266)(156,352)(157,260)(159,258)(161,259)(162,256)(166,327)
(167,494)(168,462)(169,469)(170,464)(171,328)(172,466)(173,456)(174,474)
(175,463)(176,461)(177,294)(178,271)(179,216)(181,274)(182,236)(184,197)
(186,261)(187,347)(189,312)(190,262)(191,409)(193,219)(195,458)(196,220)
(201,366)(202,480)(203,433)(204,444)(205,490)(206,280)(207,449)(208,478)
(209,435)(210,441)(211,439)(212,440)(213,254)(214,215)(217,233)(218,415)
(223,306)(226,350)(227,270)(228,344)(232,408)(238,320)(239,427)(240,460)
(241,420)(242,363)(243,475)(244,245)(246,368)(247,431)(248,459)(249,436)
(250,438)(251,417)(257,388)(263,310)(265,360)(267,381)(268,380)(269,379)
(273,378)(279,287)(281,425)(282,411)(283,455)(284,394)(285,434)(286,488)
(289,400)(290,430)(291,384)(292,414)(293,491)(295,370)(299,387)(303,329)
(304,346)(305,345)(307,343)(309,349)(311,314)(317,377)(321,348)(322,351)
(323,406)(325,447)(326,471)(331,405)(332,410)(333,355)(334,476)(335,393)
(336,338)(340,354)(341,342)(359,382)(361,385)(362,419)(364,470)(365,421)
(369,375)(371,496)(372,428)(373,374)(383,402)(392,404)(395,446)(396,443)
(397,482)(401,453)(403,484)(407,457)(422,423)(429,465)(454,492)(472,489),
(1,2)(4,6)(9,12)(11,15)(16,19)(18,22)(21,26)(24,29)
(25,31)(27,34)(30,38)(32,41)(36,45)(37,46)(39,49)(42,51)
(43,54)(44,56)(47,60)(50,64)(55,69)(58,72)(59,74)(61,77)
(62,79)(65,80)(66,81)(67,85)(68,86)(73,90)(75,94)(78,98)
(83,103)(89,105)(91,110)(95,115)(96,117)(100,122)(101,118)(102,119)
(104,126)(106,128)(107,125)(108,131)(109,132)(112,136)(113,137)(116,141)
(121,146)(123,149)(124,147)(129,155)(130,157)(133,160)(134,161)(135,163)
(138,167)(139,169)(140,171)(143,168)(144,170)(145,172)(148,179)(150,182)
(153,183)(154,186)(156,189)(159,193)(162,196)(165,199)(166,201)(173,208)
(174,202)(175,211)(176,210)(177,213)(185,221)(187,223)(190,227)(192,229)
(194,230)(195,203)(200,235)(204,241)(205,243)(206,244)(207,239)(209,240)
(212,251)(216,253)(219,258)(220,256)(222,261)(224,264)(225,266)(226,267)
(228,268)(236,276)(237,272)(238,279)(242,284)(245,280)(246,289)(248,285)
(254,294)(255,297)(259,300)(260,301)(262,270)(263,304)(265,307)(275,315)
(277,313)(278,319)(287,320)(288,328)(290,323)(291,332)(295,336)(296,337)
(298,339)(299,333)(302,308)(303,329)(305,345)(306,347)(309,349)(310,346)
(311,341)(312,352)(314,342)(316,353)(317,354)(318,356)(322,361)(325,364)
(327,366)(331,369)(335,373)(338,370)(340,377)(343,360)(344,380)(350,381)
(351,385)(355,387)(358,390)(362,392)(363,394)(365,395)(367,399)(368,400)
(371,397)(372,401)(374,393)(375,405)(384,410)(386,412)(391,416)(396,422)
(398,424)(403,429)(404,419)(406,430)(417,440)(418,437)(420,444)(421,446)
(423,443)(426,450)(427,449)(428,453)(433,458)(434,459)(435,460)(439,463)
(441,461)(442,467)(445,469)(447,470)(451,473)(452,466)(456,478)(462,481)
(464,483)(465,484)(472,489)(474,480)(475,490)(479,494)(482,496)(486,493),
(1,3,5,8,11)(2,4,7,10,14)(6,9,13,17,21)
(12,16,20,25,32)(15,18,23,28,36)(19,24,30,39,50)
(22,27,35,44,57)(26,33,42,53,67)(29,37,47,61,78)
(31,40,51,65,83)(34,43,55,70,89)(38,48,62,80,100)
(41,52,66,84,104)(45,58,73,92,112)(46,59,75,95,116)
(49,63,81,101,123)(54,68,87,107,130)(56,71,90,109,133)
(60,76,96,118,143)(64,82,102,124,150)(69,88,108,132,159)
(72,91,111,135,164)(74,93,113,138,168)(77,97,119,144,175)
(79,99,121,147,178)(85,105,127,153,185)(86,106,129,156,190)
(94,114,139,170,205)(98,120,145,176,212)(103,125,151,183,219)
(110,134,162,197,234)(115,140,172,207,246)(117,142,174,210,249)
(122,148,180,216,255)(126,152,184,220,259)(128,154,187,224,265)
(131,158,192,221,260)(136,165,200,237,278)(137,166,202,239,281)
(141,173,209,248,291)(146,177,214,253,295)(149,181,217,256,298)
(155,188,225,258,193)(157,191,228,269,311)(160,194,231,272,297)
(161,195,232,273,314)(163,198,235,275,316)(167,203,240,282,322)
(169,204,242,285,325)(171,206,245,288,329)(179,215,254,296,338)
(182,218,257,299,340)(186,222,262,303,227)(189,226,268,310,351)
(196,233,274,315,339)(199,236,277,318,357)(201,238,280,321,360)
(208,247,290,331,370)(211,250,292,333,371)(213,252,294,335,374)
(223,263,305,346,347)(229,270,312,266,308)(230,271,313,337,376)
(241,283,323,362,393)(243,286,326,365,397)(244,287,327,307,348)
(251,293,334,372,403)(261,302,343,264,306)(267,309,350,384,332)
(276,317,355,388,415)(279,320,359,345,382)(284,324,363,395,421)
(289,330,368,401,428)(300,341,378,408,433)(301,342,379,380,409)
(304,344,381,352,361)(319,358,391,418,442)(328,367,400,427,452)
(336,375,406,431,456)(349,383,405,369,402)(353,386,413,437,462)
(354,377,407,432,457)(356,389,416,439,464)(364,396,423,447,472)
(366,398,425,449,474)(373,404,430,455,444)(385,411,435,458,479)
(387,414,438,463,482)(390,417,441,466,485)(392,419,443,468,422)
(394,420,445,470,459)(399,426,451,467,486)(410,434,460,478,493)
(412,436,461,480,495)(424,448,473,481,494)(429,454,477,492,484)
(440,465,453,476,491)(446,471,488,490,496)(450,475,483,469,487)],1);
