coh := MakeCohort( 
[ (  1,  2)(  3,  4)(  6,  8)(  7, 10)(  9, 12)( 11, 15)( 13, 18)( 14, 19)
    ( 16, 22)( 17, 24)( 20, 28)( 21, 30)( 23, 33)( 25, 35)( 26, 37)( 27, 39)
    ( 29, 42)( 31, 44)( 32, 46)( 34, 49)( 36, 51)( 38, 53)( 40, 56)( 41, 58)
    ( 43, 61)( 45, 64)( 47, 66)( 48, 67)( 50, 69)( 54, 72)( 57, 75)( 59, 70)
    ( 60, 78)( 62, 81)( 63, 83)( 65, 86)( 68, 89)( 71, 93)( 73, 95)( 74, 96)
    ( 76, 98)( 77, 99)( 79,100)( 80,102)( 82,104)( 84,106)( 85,108)( 87,111)
    ( 88,113)( 90,110)( 91,116)( 92,118)( 94,112)( 97,122)(101,125)(103,109)
    (107,130)(114,133)(115,135)(120,128)(121,139)(123,140)(124,141)(127,142)
    (129,143)(131,146)(132,148)(134,149)(136,144)(137,153)(145,157)(147,155)
    (150,159)(156,160)(158,161)(163,164), (  2,  3,  5,  7)(  4,  6,  9, 13)
    (  8, 11, 16, 23)( 10, 14, 20, 29)( 12, 17, 25, 36)( 15, 21, 31, 45)
    ( 18, 26, 38, 54)( 19, 27, 40, 57)( 22, 32, 47, 51)( 24, 34)
    ( 28, 41, 59, 77)( 30, 43, 62, 82)( 33, 48, 68, 90)( 35, 50, 70, 92)
    ( 37, 52, 56, 74)( 39, 55, 73, 78)( 42, 60, 79,101)( 44, 63, 84,107)
    ( 46, 65)( 49, 64, 85,109)( 53, 71, 94,119)( 58, 76, 86,110)
    ( 61, 80,103,126)( 66, 87,112,133)( 67, 88,114,116)( 69, 91,117,137)
    ( 72, 93,100,124)( 75, 97, 95,120)( 81, 98,104,127)( 83,105,128,141)
    ( 89,115,136,152)( 96,121)( 99,123)(102,125,135,151)(106,129,144,149)
    (108,131,147,148)(111,132,142,153)(113,134,150,122)(118,138,154,157)
    (130,145,143,156)(139,146,158,159)(140,155)(160,161,162,163)(164,165) ], 
0 );
