coh := MakeCohort( 
[ (  2,211)(  3,129)(  4, 45)(  5,138)(  6,146)(  7, 42)(  8,300)(  9, 13)
    ( 10,294)( 11,112)( 12,162)( 15,168)( 16, 76)( 17,247)( 18, 63)( 19, 61)
    ( 20,306)( 21,374)( 22,160)( 23, 69)( 24,335)( 25,329)( 26,324)( 27, 46)
    ( 28, 72)( 29,210)( 30,231)( 31,364)( 32,233)( 33,152)( 34, 41)( 35,284)
    ( 36,330)( 37,101)( 38,274)( 39,141)( 43,242)( 44,390)( 47,175)( 50,354)
    ( 51,230)( 52,111)( 53,156)( 54,121)( 55,196)( 56,286)( 57,315)( 58, 62)
    ( 59,362)( 60,297)( 64,118)( 65,202)( 66,224)( 67,198)( 68,186)( 70,215)
    ( 73, 79)( 74, 89)( 75,235)( 77,201)( 78,341)( 80,115)( 81,309)( 82,193)
    ( 83,187)( 84,265)( 85,207)( 86,291)( 87,379)( 88,316)( 90,153)( 91,327)
    ( 92,322)( 93,343)( 94,154)( 95,155)( 96,188)( 97,318)( 98,289)( 99,308)
    (100,149)(102,192)(103,159)(104,375)(105,157)(106,359)(107,225)(108,345)
    (109,130)(110,147)(113,346)(114,122)(116,190)(117,226)(119,392)(120,301)
    (123,243)(124,260)(125,128)(126,163)(127,319)(131,356)(132,279)(133,240)
    (134,385)(135,255)(136,236)(137,336)(139,239)(140,205)(142,249)(143,382)
    (144,381)(145,214)(148,251)(150,331)(151,164)(158,292)(161,237)(165,371)
    (166,269)(167,234)(169,194)(170,293)(171,373)(173,208)(174,213)(176,296)
    (178,184)(179,387)(180,241)(181,383)(182,259)(183,280)(185,378)(189,377)
    (191,376)(195,245)(197,367)(199,256)(200,222)(203,388)(204,244)(206,337)
    (209,321)(212,391)(216,228)(217,252)(218,312)(219,268)(221,328)(223,229)
    (227,276)(232,349)(238,282)(246,278)(248,288)(250,263)(253,254)(257,342)
    (258,366)(261,352)(264,368)(266,326)(267,304)(270,283)(272,353)(273,298)
    (275,277)(281,351)(285,287)(290,344)(295,338)(299,333)(302,311)(305,317)
    (307,320)(310,389)(313,350)(314,365)(323,325)(332,386)(334,396)(339,360)
    (340,361)(347,384)(358,394)(363,372)(369,370)(380,395), 
  (  1,  2,  4)(  3,  6, 11)(  5,  9, 16)(  7, 13, 21)(  8, 14, 23)
    ( 10, 18, 28)( 12, 19, 30)( 15, 25, 39)( 17, 27, 43)( 20, 32, 51)
    ( 22, 34, 55)( 24, 37, 60)( 26, 41, 65)( 29, 46, 72)( 31, 49, 77)
    ( 33, 53, 82)( 35, 57, 87)( 36, 58, 89)( 38, 62, 95)( 40, 63, 97)
    ( 42, 67, 92)( 44, 61, 93)( 45, 70,106)( 47, 74,111)( 48, 75,112)
    ( 50, 79,116)( 52, 76,114)( 54, 73, 94)( 56, 85,125)( 59, 91,134)
    ( 64, 99,100)( 66,101, 78)( 68,103,148)( 69,105,151)( 71,108,137)
    ( 80,117,166)( 81,119,167)( 83,121,170)( 84,123,173)( 86,127,178)
    ( 88,129,182)( 90,132,187)( 96,138,194)( 98,141,199)(102,146,135)
    (104,150,126)(107,154,213)(109,157,217)(110,159,155)(113,162,224)
    (115,164,228)(118,120,145)(122,172,238)(124,175,158)(128,180,249)
    (130,184,255)(131,185,257)(133,189,216)(136,192,265)(139,196,268)
    (140,197,270)(142,201,275)(143,198,272)(144,203,277)(147,183,253)
    (149,207,271)(152,211,287)(153,212,288)(156,215,209)(160,220,193)
    (161,222,298)(163,226,302)(165,230,300)(168,233,310)(169,235,313)
    (171,237,316)(174,240,244)(176,243,320)(177,245,321)(179,247,324)
    (181,251,317)(186,258,334)(188,260,336)(190,262,338)(191,264,339)
    (195,239,242)(200,263,340)(202,276,278)(204,273,346)(205,279,352)
    (206,281,259)(208,283,356)(210,285,267)(214,290,315)(218,292,361)
    (219,294,363)(221,297,360)(223,299,367)(225,301,368)(227,304,359)
    (229,306,351)(231,232,309)(234,312,358)(236,314,286)(241,319,333)
    (246,318,372)(248,250,326)(252,327,374)(254,329,355)(256,331,291)
    (261,322,375)(266,343,282)(269,335,380)(274,349,337)(280,354,341)
    (284,357,373)(289,345,385)(293,362,323)(295,296,344)(303,348,387)
    (305,353,376)(307,308,371)(311,350,388)(325,370,347)(328,369,392)
    (330,377,393)(332,378,382)(342,383,394)(364,390,366)(365,391,384)
    (379,395,396)(381,386,389), (  1,  3,  7)(  2,  5, 10)(  4,  8, 15)
    (  6, 12, 20)(  9, 17, 11)( 13, 22, 35)( 14, 24, 38)( 16, 26, 42)
    ( 18, 29, 47)( 19, 31, 50)( 21, 33, 54)( 23, 36, 59)( 25, 40, 64)
    ( 27, 44, 69)( 28, 45, 71)( 30, 48, 76)( 32, 52, 81)( 34, 56, 86)
    ( 37, 61, 94)( 39, 41, 66)( 43, 68,104)( 46, 73,110)( 49, 78,115)
    ( 51, 80,118)( 53, 83,122)( 55, 84,124)( 57, 88,130)( 58, 90,133)
    ( 60, 92,136)( 62, 96,139)( 63, 98,142)( 65,100,144)( 67,102,147)
    ( 70,107,155)( 72,109,158)( 74,106,153)( 75,113, 79)( 77,105,152)
    ( 82,120,169)( 85,126,177)( 87,128,181)( 89,131,186)( 91,135,191)
    ( 93,137,193)( 95,121,171)( 97,140,198)( 99,143,202)(101,145,204)
    (103,149,208)(108,156,216)(111,160,221)(112,161,223)(114,163,227)
    (116,165,231)(117,162,225)(119,168,234)(123,174,241)(125,176,244)
    (127,179,248)(129,183,254)(132,188,213)(134,190,263)(138,195,267)
    (141,200,274)(146,205,280)(148,206,185)(150,209,284)(151,210,286)
    (154,214,173)(157,218,293)(159,219,295)(164,229,307)(166,232,167)
    (170,236,315)(172,239,318)(175,242,215)(178,246,323)(180,250,249)
    (182,252,328)(184,256,332)(187,259,335)(189,261,337)(192,266,314)
    (194,245,322)(196,269,345)(197,271,347)(199,273,310)(201,247,325)
    (203,278,351)(207,282,243)(211,222,235)(212,289,359)(217,291,253)
    (220,296,364)(224,300,352)(226,303,288)(228,305,299)(230,308,354)
    (233,311,367)(237,317,240)(238,294,312)(251,306,370)(255,330,258)
    (257,333,326)(260,316,362)(262,339,382)(264,341,380)(265,342,372)
    (268,344,383)(270,346,386)(272,348,388)(275,321,374)(276,350,385)
    (277,324,376)(279,353,361)(281,355,377)(283,327,356)(285,298,366)
    (287,358,313)(290,360,357)(292,336,371)(297,365,331)(301,309,340)
    (302,363,319)(304,369,390)(320,373,392)(329,334,379)(338,381,368)
    (343,384,375)(349,389,391)(378,394,387)(393,396,395) ], 1 );
