coh := MakeCohort( 
[ (  3,231)(  4, 80)(  5,325)(  6,283)(  7,264)(  8, 19)(  9,875)( 10,804)
    ( 11,504)( 12,377)( 13,711)( 14,595)( 15,696)( 16,287)( 17,850)( 18,803)
    ( 20,235)( 21,879)( 22,313)( 23,471)( 24,691)( 25,400)( 26,795)( 27,500)
    ( 28,515)( 29,267)( 30,398)( 31, 72)( 32,594)( 33,406)( 34,498)( 35,121)
    ( 36,139)( 37,338)( 38,206)( 39,517)( 40,123)( 41,357)( 42,425)( 43, 77)
    ( 44,213)( 45,442)( 46,118)( 47,613)( 48,576)( 49,117)( 50,478)( 52,460)
    ( 53,420)( 54,617)( 55,226)( 56,716)( 57,216)( 58,163)( 59,516)( 60,453)
    ( 61, 83)( 62,250)( 63,457)( 64,318)( 65,100)( 66,294)( 67,707)( 68,674)
    ( 69,179)( 70,253)( 71,547)( 73,534)( 75,709)( 76,365)( 78,373)( 79,870)
    ( 81,272)( 82,477)( 84,334)( 85,404)( 86,807)( 87,431)( 88,684)( 89,714)
    ( 90,799)( 91,297)( 92,109)( 93,847)( 94,446)( 95,527)( 96,877)( 97,415)
    (101,445)(102,652)(104,335)(105,721)(106,174)(107,739)(108,476)(110,246)
    (111,437)(112,497)(113,416)(114,675)(115,392)(116,223)(119,473)(120,835)
    (122,828)(124,125)(126,484)(127,827)(128,152)(129,422)(130,143)(131,605)
    (132,464)(133,833)(134,703)(135,439)(136,525)(137,826)(138,496)(140,693)
    (141,454)(142,209)(144,450)(145,747)(146,550)(147,686)(148,342)(149,187)
    (150,592)(151,510)(153,806)(154,797)(155,656)(156,159)(157,379)(158,324)
    (160,389)(161,609)(162,849)(164,455)(165,571)(166,785)(167,597)(168,288)
    (169,754)(170,621)(171,252)(172,465)(173,475)(175,330)(176,178)(177,384)
    (180,579)(181,689)(182,440)(183,337)(184,683)(185,589)(188,396)(189,343)
    (190,624)(191,742)(192,228)(193,502)(194,639)(195,374)(196,225)(197,322)
    (198,565)(199,408)(200,843)(201,620)(202,305)(203,215)(204,381)(205,353)
    (207,635)(208,277)(210,792)(211,528)(212,699)(214,667)(217,505)(218,298)
    (219,708)(221,780)(222,783)(224,788)(227,570)(229,537)(230,472)(232,551)
    (233,808)(234,545)(236,470)(237,469)(239,748)(240,655)(241,555)(242,255)
    (243,723)(244,756)(245,254)(247,794)(248,482)(249,546)(251,356)(256,787)
    (257,698)(258,320)(259,300)(261,273)(262,355)(263,539)(265,811)(266,274)
    (268,720)(269,417)(270,668)(271,503)(276,402)(278,779)(280,452)(281,459)
    (282,332)(284,778)(285,397)(286,366)(289,448)(290,670)(291,659)(292,561)
    (293,636)(295,813)(296,873)(299,348)(301,341)(302,490)(303,495)(304,745)
    (306,493)(307,327)(308,553)(309,735)(310,853)(311,349)(312,554)(314,848)
    (315,740)(316,339)(317,633)(319,385)(321,862)(323,449)(326,702)(328,340)
    (329,519)(331,856)(333,499)(336,590)(344,541)(345,488)(346,687)(347,802)
    (350,673)(351,728)(352,386)(354,432)(358,863)(359,768)(360,737)(361,480)
    (362,786)(363,857)(367,818)(368,782)(369,610)(370,585)(372,411)(375,759)
    (376,523)(378,791)(380,701)(382,428)(383,466)(387,761)(388,769)(390,394)
    (391,580)(393,727)(395,542)(399,593)(401,734)(403,855)(405,474)(407,622)
    (409,869)(410,858)(412,427)(413,666)(414,612)(418,603)(419,736)(421,775)
    (423,575)(424,430)(426,573)(429,676)(433,814)(434,648)(435,509)(436,880)
    (443,625)(447,798)(451,846)(456,750)(458,694)(461,744)(462,820)(463,688)
    (467,672)(468,634)(479,526)(481,753)(483,831)(485,852)(486,646)(487,627)
    (489,600)(492,532)(494,741)(501,664)(506,726)(507,522)(508,549)(511,859)
    (512,544)(513,832)(514,533)(518,569)(520,654)(521,618)(524,758)(529,819)
    (530,860)(531,725)(535,548)(536,690)(538,578)(540,805)(543,731)(552,704)
    (556,560)(557,718)(558,562)(559,755)(563,772)(564,608)(566,729)(567,712)
    (568,660)(572,717)(574,841)(577,658)(581,584)(582,606)(583,816)(586,587)
    (588,626)(591,719)(596,876)(598,764)(599,823)(601,851)(602,679)(604,706)
    (607,611)(614,700)(615,651)(616,815)(619,776)(623,777)(628,752)(629,844)
    (630,657)(631,677)(632,671)(637,681)(638,830)(640,867)(641,766)(642,661)
    (643,793)(644,680)(645,871)(647,770)(649,760)(650,800)(653,738)(662,774)
    (663,773)(665,724)(669,809)(678,789)(682,865)(685,812)(692,801)(695,751)
    (697,861)(705,878)(710,757)(713,771)(715,872)(722,762)(732,763)(733,839)
    (743,842)(746,866)(749,845)(765,868)(767,822)(781,834)(784,821)(790,874)
    (796,836)(810,829)(817,838)(824,837)(825,840)(854,864), 
  (  2,  3,  5)(  4,  7, 11)(  6,  9, 14)( 10, 16, 24)( 12, 18, 28)
    ( 13, 20, 31)( 15, 22, 35)( 17, 26, 41)( 19, 30, 47)( 21, 33, 52)
    ( 23, 37, 57)( 25, 39, 61)( 27, 43, 36)( 29, 45, 70)( 32, 50, 78)
    ( 34, 54, 84)( 38, 59, 91)( 40, 63, 97)( 42, 65,101)( 44, 68,106)
    ( 46, 72,111)( 48, 74,115)( 49, 76,118)( 51, 80,123)( 53, 82,126)
    ( 55, 86,132)( 56, 88, 58)( 60, 93, 79)( 62, 95,145)( 64, 99,151)
    ( 66,103,155)( 67,104,157)( 69,108,163)( 71, 77,120)( 73,113,171)
    ( 75,117,177)( 81,125,176)( 83,128,191)( 85,130,195)( 87,134,133)
    ( 89,136,202)( 90,138,205)( 92,140,208)( 94,143,213)( 96,147,217)
    ( 98,149,221)(100,152,224)(102,153,226)(105,159,235)(107,161,239)
    (109,165,244)(110,167,246)(112,169,249)(114,173,227)(116,175,257)
    (119,179,262)(121,182,267)(122,184,270)(124,186,272)(127,189,277)
    (129,193,283)(131,196,287)(135,200,293)(137,204,278)(139,207,303)
    (141,210,306)(142,211,308)(144,214,312)(146,194,285)(148,219,318)
    (150,222,320)(154,228,263)(156,230,330)(158,233,335)(160,237,340)
    (162,241,346)(164,242,348)(166,245,352)(168,197,225)(170,251,360)
    (172,180,264)(174,255,347)(178,260,371)(181,265,375)(183,269,380)
    (185,271,383)(187,274,325)(188,253,363)(190,279,389)(192,281,392)
    (198,290,402)(199,291,403)(201,295,408)(203,297,411)(206,301,236)
    (209,240,344)(212,310,309)(215,313,426)(216,315,429)(218,317,432)
    (220,319,345)(223,322,437)(229,329,446)(231,332,449)(232,333,450)
    (234,337,454)(238,342,459)(243,350,304)(247,354,474)(248,356,463)
    (250,358,479)(252,362,404)(254,364,457)(256,367,485)(258,331,376)
    (259,370,488)(261,372,436)(266,377,390)(268,284,395)(273,336,440)
    (275,386,504)(276,387,506)(280,391,511)(282,394,515)(286,397,518)
    (288,399,384)(289,401,311)(292,405,524)(294,316,431)(296,410,530)
    (298,412,334)(299,413,534)(300,328,444)(302,417,538)(305,388,508)
    (307,421,542)(314,428,549)(321,435,369)(323,438,557)(324,439,558)
    (326,441,560)(327,443,427)(338,456,447)(339,373,491)(341,368,442)
    (343,461,580)(349,467,586)(351,470,590)(353,472,593)(355,475,545)
    (357,477,564)(359,480,600)(361,482,552)(365,378,496)(366,484,606)
    (374,492,455)(379,497,618)(381,499,420)(382,501,622)(385,503,624)
    (393,513,462)(396,516,634)(398,520,581)(400,521,424)(406,473,548)
    (407,527,646)(409,523,641)(414,535,493)(415,536,465)(416,537,494)
    (418,539,657)(419,540,659)(422,543,662)(423,544,654)(425,546,619)
    (430,445,562)(433,554,582)(434,555,672)(448,565,680)(451,568,574)
    (452,453,571)(458,575,613)(460,578,675)(464,583,693)(466,585,677)
    (468,588,696)(469,589,631)(471,592,699)(476,596,701)(478,598,703)
    (481,601,567)(483,604,710)(486,609,714)(487,610,595)(489,611,635)
    (490,612,716)(495,577,688)(498,620,561)(500,621,723)(502,591,599)
    (505,626,728)(507,551,668)(509,629,731)(510,630,576)(514,632,734)
    (517,636,615)(519,637,738)(522,639,608)(525,643,746)(526,645,748)
    (528,648,572)(529,550,667)(531,651,754)(532,653,757)(533,655,759)
    (541,644,687)(547,665,768)(553,670,771)(556,597,702)(559,674,765)
    (563,623,566)(569,683,779)(570,684,614)(573,686,782)(579,690,785)
    (584,694,715)(587,689,713)(594,628,730)(602,707,742)(603,708,797)
    (605,711,799)(607,673,695)(616,719,712)(617,720,805)(625,727,813)
    (627,729,815)(633,736,820)(638,740,796)(640,743,772)(642,745,704)
    (647,749,827)(649,752,656)(650,732,658)(652,756,812)(661,763,835)
    (663,766,678)(664,767,837)(666,755,681)(669,770,839)(671,761,717)
    (676,773,801)(679,776,843)(682,777,844)(685,781,845)(691,698,791)
    (692,787,783)(697,789,750)(700,792,705)(706,741,802)(709,721,804)
    (718,803,780)(722,807,744)(724,810,737)(725,808,788)(726,811,849)
    (733,816,847)(735,818,861)(739,822,864)(747,825,866)(751,829,800)
    (753,774,842)(758,832,778)(760,833,764)(762,834,870)(769,838,871)
    (775,794,855)(784,848,863)(786,831,868)(790,852,836)(793,854,821)
    (795,828,814)(798,856,874)(806,809,859)(817,840,824)(819,826,850)
    (823,865,858)(830,853,869)(851,860,862)(857,877,880)(867,875,873)
    (876,879,878), (  1,  2,  4)(  3,  6, 10)(  5,  8, 13)(  7, 12, 19)
    (  9, 15, 23)( 11, 17, 27)( 14, 21, 34)( 16, 25, 40)( 18, 29, 46)
    ( 20, 32, 51)( 22, 36, 56)( 24, 38, 60)( 26, 42, 66)( 28, 44, 69)
    ( 30, 48, 75)( 31, 49, 77)( 33, 53, 83)( 35, 55, 87)( 37, 58, 90)
    ( 39, 62, 96)( 41, 64,100)( 43, 67,105)( 45, 71,110)( 47, 73,114)
    ( 50, 79,122)( 52, 81, 99)( 54, 85,131)( 57, 89,137)( 59, 92,141)
    ( 61, 94,144)( 63, 98,150)( 65,102,154)( 68,107,162)( 70,109,166)
    ( 72,112,170)( 74,116,176)( 76,119,180)( 78,121,183)( 80,124,149)
    ( 82,127,190)( 84,129,194)( 86,133,198)( 88,135,201)( 91,139,184)
    ( 93,142,212)( 95,146,216)( 97,148,220)(101,123,185)(103,156,231)
    (104,158,234)(106,160,238)(108,164,243)(111,168,248)(113,172,253)
    (115,174,256)(118,178,261)(120,181,266)(125,187,275)(126,188,276)
    (128,192,282)(130,155,229)(132,197,289)(134,199,292)(136,203,298)
    (138,206,302)(140,209,305)(143,171,252)(145,215,314)(147,218,165)
    (151,223,323)(152,225,325)(153,227,327)(157,232,334)(159,236,339)
    (161,240,345)(163,230,331)(167,247,355)(169,250,359)(173,254,365)
    (175,258,369)(177,259,260)(179,263,374)(182,268,379)(186,273,385)
    (189,278,388)(191,280,214)(193,284,358)(195,286,219)(196,288,400)
    (200,294,407)(202,296,290)(204,299,414)(205,300,415)(207,237,341)
    (208,304,419)(210,307,422)(211,309,421)(213,311,274)(217,316,364)
    (221,317,433)(222,321,436)(224,324,440)(226,326,442)(228,328,445)
    (233,336,453)(235,338,457)(239,343,462)(241,347,465)(242,349,468)
    (244,351,471)(245,353,473)(246,251,361)(249,357,478)(255,366,297)
    (257,368,487)(262,373,395)(264,287,398)(265,376,494)(267,378,449)
    (269,381,500)(270,382,502)(271,312,425)(272,384,475)(277,322,354)
    (279,390,510)(281,393,514)(283,352,438)(285,396,517)(291,404,520)
    (293,406,526)(295,409,529)(301,416,383)(303,418,332)(306,420,541)
    (308,423,403)(310,424,545)(313,427,548)(315,430,551)(318,387,507)
    (319,394,363)(320,434,399)(329,447,564)(330,448,566)(333,451,569)
    (335,452,570)(337,455,573)(340,458,576)(342,460,579)(344,463,582)
    (346,464,584)(348,466,477)(350,469,506)(356,476,597)(360,481,602)
    (362,483,605)(367,486,538)(370,489,437)(372,490,613)(375,493,616)
    (377,495,536)(380,498,571)(386,505,627)(389,509,604)(391,512,534)
    (392,441,429)(397,519,618)(401,522,640)(402,523,626)(405,525,644)
    (408,528,649)(410,531,652)(411,532,654)(412,533,634)(413,524,642)
    (417,516,635)(426,547,666)(428,550,499)(431,552,669)(432,553,593)
    (435,556,444)(439,559,675)(443,561,677)(446,563,679)(450,567,681)
    (454,572,685)(456,574,511)(459,577,689)(461,581,692)(467,587,695)
    (470,591,698)(472,594,700)(474,595,670)(479,599,705)(480,598,704)
    (482,603,709)(484,607,713)(485,608,611)(488,554,671)(491,614,718)
    (492,615,590)(496,617,684)(497,619,721)(501,623,725)(503,625,558)
    (504,555,673)(508,628,565)(513,631,609)(515,633,535)(518,540,660)
    (521,638,741)(527,647,750)(530,650,753)(537,656,730)(539,658,716)
    (542,661,764)(543,663,714)(544,659,762)(546,664,752)(549,657,761)
    (557,592,596)(560,676,774)(562,678,775)(568,682,778)(575,687,586)
    (578,643,747)(580,691,786)(583,653,758)(585,694,711)(588,697,790)
    (589,600,690)(601,706,796)(606,712,800)(610,715,801)(612,717,802)
    (620,722,808)(621,724,707)(622,655,760)(624,726,812)(629,732,736)
    (630,733,817)(632,735,819)(636,737,821)(637,739,823)(639,742,743)
    (641,744,745)(645,710,798)(646,680,699)(648,751,766)(651,755,831)
    (662,765,836)(667,740,756)(668,769,731)(672,729,763)(674,772,759)
    (683,780,835)(686,783,847)(688,784,849)(693,701,793)(696,788,842)
    (702,794,816)(703,795,813)(708,727,814)(719,804,782)(720,806,728)
    (723,809,738)(734,807,858)(746,824,864)(748,826,805)(749,828,867)
    (754,830,829)(757,811,825)(767,832,869)(768,771,840)(770,820,863)
    (773,841,865)(777,845,838)(779,846,859)(781,833,870)(785,850,827)
    (787,851,868)(789,822,843)(791,803,857)(792,853,875)(797,839,834)
    (799,856,876)(810,852,874)(815,860,878)(818,862,879)(844,872,855)
    (848,873,880)(861,871,877) ], 1 );
