coh := MakeCohort( 
[ (  2,  3,  5)(  4,  7, 11)(  6,  9, 14)( 10, 16, 24)( 12, 18, 28)
    ( 13, 20, 31)( 15, 22, 35)( 17, 26, 41)( 19, 30, 47)( 21, 33, 52)
    ( 23, 37, 56)( 25, 39, 60)( 27, 43, 36)( 29, 45, 68)( 32, 50, 76)
    ( 34, 40, 62)( 38, 58, 86)( 42, 64, 94)( 44, 66, 98)( 46, 70,102)
    ( 48, 72,106)( 49, 74,108)( 51, 78,112)( 53, 80, 54)( 55, 83, 57)
    ( 59, 87, 77)( 61, 89,122)( 63, 92,127)( 65, 96, 67)( 69, 75,110)
    ( 71,104,138)( 73,107,141)( 79, 84, 99)( 81, 82,115)( 85,117,152)
    ( 88,120,156)( 90,124,157)( 91,125,159)( 93,128,162)( 95,129, 97)
    (100,133,166)(101,135,167)(103,137,169)(105,119,154)(109,143,147)
    (111,146,179)(113,148,170)(114,149,136)(116,151,181)(118,131,163)
    (121,139,144)(123,126,160)(130,153,176)(132,164,193)(134,158,188)
    (142,174,198)(145,177,201)(150,182,187)(155,186,185)(161,168,195)
    (165,189,207)(172,196,213)(173,197,214)(175,199,208)(178,202,204)
    (180,192,210)(183,184,205)(190,206,218)(191,209,194)(200,216,211)
    (203,212,220)(215,217,219), (  1,  2,  4)(  3,  6, 10)(  5,  8, 13)
    (  7, 12, 19)(  9, 15, 23)( 11, 17, 27)( 14, 21, 34)( 16, 25, 40)
    ( 18, 29, 46)( 20, 32, 51)( 22, 36, 55)( 24, 38, 59)( 26, 42, 58)
    ( 28, 44, 67)( 30, 48, 73)( 31, 49, 75)( 33, 53, 81)( 35, 54, 82)
    ( 37, 57, 85)( 39, 61, 90)( 41, 63, 93)( 43, 65, 97)( 45, 69,101)
    ( 47, 71,105)( 50, 77,111)( 52, 79, 92)( 56, 84,116)( 60, 88,121)
    ( 62, 91,126)( 64, 95,130)( 66, 99, 72)( 68,100,134)( 70,103,135)
    ( 74,109,144)( 78,113,125)( 80,114,150)( 83, 89,123)( 86,118,146)
    ( 87,119,155)( 94,112,147)( 96,131,164)( 98,132,165)(102,136,168)
    (104,139,115)(106,140,172)(108,142,175)(110,145,178)(117,153,184)
    (120,138,171)(122,137,170)(124,158,133)(127,161,190)(128,149,181)
    (129,154,185)(141,173,174)(143,176,200)(148,180,203)(151,156,187)
    (152,183,196)(157,169,186)(159,188,206)(160,189,208)(162,191,210)
    (163,192,179)(166,194,212)(177,193,211)(182,204,201)(195,197,215)
    (199,209,216)(202,217,213)(205,207,219)(214,218,220) ], 0 );
