coh:=MakeCohort(
[(2,25)(3,49)(4,73)(5,97)(6,121)(7,145)(8,169)(9,193)
(10,217)(11,241)(12,265)(13,289)(14,313)(15,337)(16,361)(17,385)
(18,409)(19,433)(20,457)(21,481)(22,505)(23,529)(24,553)(27,50)
(28,74)(29,98)(30,122)(31,146)(32,170)(33,194)(34,218)(35,242)
(36,266)(37,290)(38,314)(39,338)(40,362)(41,386)(42,410)(43,434)
(44,458)(45,482)(46,506)(47,530)(48,554)(52,75)(53,99)(54,123)
(55,147)(56,171)(57,195)(58,219)(59,243)(60,267)(61,291)(62,315)
(63,339)(64,363)(65,387)(66,411)(67,435)(68,459)(69,483)(70,507)
(71,531)(72,555)(77,100)(78,124)(79,148)(80,172)(81,196)(82,220)
(83,244)(84,268)(85,292)(86,316)(87,340)(88,364)(89,388)(90,412)
(91,436)(92,460)(93,484)(94,508)(95,532)(96,556)(102,125)(103,149)
(104,173)(105,197)(106,221)(107,245)(108,269)(109,293)(110,317)(111,341)
(112,365)(113,389)(114,413)(115,437)(116,461)(117,485)(118,509)(119,533)
(120,557)(127,150)(128,174)(129,198)(130,222)(131,246)(132,270)(133,294)
(134,318)(135,342)(136,366)(137,390)(138,414)(139,438)(140,462)(141,486)
(142,510)(143,534)(144,558)(152,175)(153,199)(154,223)(155,247)(156,271)
(157,295)(158,319)(159,343)(160,367)(161,391)(162,415)(163,439)(164,463)
(165,487)(166,511)(167,535)(168,559)(177,200)(178,224)(179,248)(180,272)
(181,296)(182,320)(183,344)(184,368)(185,392)(186,416)(187,440)(188,464)
(189,488)(190,512)(191,536)(192,560)(202,225)(203,249)(204,273)(205,297)
(206,321)(207,345)(208,369)(209,393)(210,417)(211,441)(212,465)(213,489)
(214,513)(215,537)(216,561)(227,250)(228,274)(229,298)(230,322)(231,346)
(232,370)(233,394)(234,418)(235,442)(236,466)(237,490)(238,514)(239,538)
(240,562)(252,275)(253,299)(254,323)(255,347)(256,371)(257,395)(258,419)
(259,443)(260,467)(261,491)(262,515)(263,539)(264,563)(277,300)(278,324)
(279,348)(280,372)(281,396)(282,420)(283,444)(284,468)(285,492)(286,516)
(287,540)(288,564)(302,325)(303,349)(304,373)(305,397)(306,421)(307,445)
(308,469)(309,493)(310,517)(311,541)(312,565)(327,350)(328,374)(329,398)
(330,422)(331,446)(332,470)(333,494)(334,518)(335,542)(336,566)(352,375)
(353,399)(354,423)(355,447)(356,471)(357,495)(358,519)(359,543)(360,567)
(377,400)(378,424)(379,448)(380,472)(381,496)(382,520)(383,544)(384,568)
(402,425)(403,449)(404,473)(405,497)(406,521)(407,545)(408,569)(427,450)
(428,474)(429,498)(430,522)(431,546)(432,570)(452,475)(453,499)(454,523)
(455,547)(456,571)(477,500)(478,524)(479,548)(480,572)(502,525)(503,549)
(504,573)(527,550)(528,574)(552,575),
(1,2,3,4,5,6,7,8,9,10,11,12,13,14,15,16,17,18,
19,20,21,22,23)(25,26,27,28,29,30,31,32,33,34,35,36,37,
38,39,40,41,42,43,44,45,46,47)(49,50,51,52,53,54,55,56,
57,58,59,60,61,62,63,64,65,66,67,68,69,70,71)
(73,74,75,76,77,78,79,80,81,82,83,84,85,86,87,88,89,90,
91,92,93,94,95)(97,98,99,100,101,102,103,104,105,106,107,108,109,
110,111,112,113,114,115,116,117,118,119)(121,122,123,124,125,126,127,128,
129,130,131,132,133,134,135,136,137,138,139,140,141,142,143)
(145,146,147,148,149,150,151,152,153,154,155,156,157,158,159,160,161,162,
163,164,165,166,167)(169,170,171,172,173,174,175,176,177,178,179,180,181,
182,183,184,185,186,187,188,189,190,191)(193,194,195,196,197,198,199,200,
201,202,203,204,205,206,207,208,209,210,211,212,213,214,215)
(217,218,219,220,221,222,223,224,225,226,227,228,229,230,231,232,233,234,
235,236,237,238,239)(241,242,243,244,245,246,247,248,249,250,251,252,253,
254,255,256,257,258,259,260,261,262,263)(265,266,267,268,269,270,271,272,
273,274,275,276,277,278,279,280,281,282,283,284,285,286,287)
(289,290,291,292,293,294,295,296,297,298,299,300,301,302,303,304,305,306,
307,308,309,310,311)(313,314,315,316,317,318,319,320,321,322,323,324,325,
326,327,328,329,330,331,332,333,334,335)(337,338,339,340,341,342,343,344,
345,346,347,348,349,350,351,352,353,354,355,356,357,358,359)
(361,362,363,364,365,366,367,368,369,370,371,372,373,374,375,376,377,378,
379,380,381,382,383)(385,386,387,388,389,390,391,392,393,394,395,396,397,
398,399,400,401,402,403,404,405,406,407)(409,410,411,412,413,414,415,416,
417,418,419,420,421,422,423,424,425,426,427,428,429,430,431)
(433,434,435,436,437,438,439,440,441,442,443,444,445,446,447,448,449,450,
451,452,453,454,455)(457,458,459,460,461,462,463,464,465,466,467,468,469,
470,471,472,473,474,475,476,477,478,479)(481,482,483,484,485,486,487,488,
489,490,491,492,493,494,495,496,497,498,499,500,501,502,503)
(505,506,507,508,509,510,511,512,513,514,515,516,517,518,519,520,521,522,
523,524,525,526,527)(529,530,531,532,533,534,535,536,537,538,539,540,541,
542,543,544,545,546,547,548,549,550,551)(553,554,555,556,557,558,559,560,
561,562,563,564,565,566,567,568,569,570,571,572,573,574,575),
(1,25,49,73,97,121,145,169,193,217,241,265,289,313,337,361,385,409,
433,457,481,505,529)(2,26,50,74,98,122,146,170,194,218,242,266,290,
314,338,362,386,410,434,458,482,506,530)(3,27,51,75,99,123,147,171,
195,219,243,267,291,315,339,363,387,411,435,459,483,507,531)
(4,28,52,76,100,124,148,172,196,220,244,268,292,316,340,364,388,412,
436,460,484,508,532)(5,29,53,77,101,125,149,173,197,221,245,269,293,
317,341,365,389,413,437,461,485,509,533)(6,30,54,78,102,126,150,174,
198,222,246,270,294,318,342,366,390,414,438,462,486,510,534)
(7,31,55,79,103,127,151,175,199,223,247,271,295,319,343,367,391,415,
439,463,487,511,535)(8,32,56,80,104,128,152,176,200,224,248,272,296,
320,344,368,392,416,440,464,488,512,536)(9,33,57,81,105,129,153,177,
201,225,249,273,297,321,345,369,393,417,441,465,489,513,537)
(10,34,58,82,106,130,154,178,202,226,250,274,298,322,346,370,394,418,
442,466,490,514,538)(11,35,59,83,107,131,155,179,203,227,251,275,299,
323,347,371,395,419,443,467,491,515,539)(12,36,60,84,108,132,156,180,
204,228,252,276,300,324,348,372,396,420,444,468,492,516,540)
(13,37,61,85,109,133,157,181,205,229,253,277,301,325,349,373,397,421,
445,469,493,517,541)(14,38,62,86,110,134,158,182,206,230,254,278,302,
326,350,374,398,422,446,470,494,518,542)(15,39,63,87,111,135,159,183,
207,231,255,279,303,327,351,375,399,423,447,471,495,519,543)
(16,40,64,88,112,136,160,184,208,232,256,280,304,328,352,376,400,424,
448,472,496,520,544)(17,41,65,89,113,137,161,185,209,233,257,281,305,
329,353,377,401,425,449,473,497,521,545)(18,42,66,90,114,138,162,186,
210,234,258,282,306,330,354,378,402,426,450,474,498,522,546)
(19,43,67,91,115,139,163,187,211,235,259,283,307,331,355,379,403,427,
451,475,499,523,547)(20,44,68,92,116,140,164,188,212,236,260,284,308,
332,356,380,404,428,452,476,500,524,548)(21,45,69,93,117,141,165,189,
213,237,261,285,309,333,357,381,405,429,453,477,501,525,549)
(22,46,70,94,118,142,166,190,214,238,262,286,310,334,358,382,406,430,
454,478,502,526,550)(23,47,71,95,119,143,167,191,215,239,263,287,311,
335,359,383,407,431,455,479,503,527,551)(24,48,72,96,120,144,168,192,
216,240,264,288,312,336,360,384,408,432,456,480,504,528,552),
(3,17,10,7,9)(4,13,14,19,5)(8,18,11,12,23)
(15,20,22,21,16)(27,41,34,31,33)(28,37,38,43,29)
(32,42,35,36,47)(39,44,46,45,40)(51,65,58,55,57)
(52,61,62,67,53)(56,66,59,60,71)(63,68,70,69,64)
(75,89,82,79,81)(76,85,86,91,77)(80,90,83,84,95)
(87,92,94,93,88)(99,113,106,103,105)(100,109,110,115,101)
(104,114,107,108,119)(111,116,118,117,112)(123,137,130,127,129)
(124,133,134,139,125)(128,138,131,132,143)(135,140,142,141,136)
(147,161,154,151,153)(148,157,158,163,149)(152,162,155,156,167)
(159,164,166,165,160)(171,185,178,175,177)(172,181,182,187,173)
(176,186,179,180,191)(183,188,190,189,184)(195,209,202,199,201)
(196,205,206,211,197)(200,210,203,204,215)(207,212,214,213,208)
(219,233,226,223,225)(220,229,230,235,221)(224,234,227,228,239)
(231,236,238,237,232)(243,257,250,247,249)(244,253,254,259,245)
(248,258,251,252,263)(255,260,262,261,256)(267,281,274,271,273)
(268,277,278,283,269)(272,282,275,276,287)(279,284,286,285,280)
(291,305,298,295,297)(292,301,302,307,293)(296,306,299,300,311)
(303,308,310,309,304)(315,329,322,319,321)(316,325,326,331,317)
(320,330,323,324,335)(327,332,334,333,328)(339,353,346,343,345)
(340,349,350,355,341)(344,354,347,348,359)(351,356,358,357,352)
(363,377,370,367,369)(364,373,374,379,365)(368,378,371,372,383)
(375,380,382,381,376)(387,401,394,391,393)(388,397,398,403,389)
(392,402,395,396,407)(399,404,406,405,400)(411,425,418,415,417)
(412,421,422,427,413)(416,426,419,420,431)(423,428,430,429,424)
(435,449,442,439,441)(436,445,446,451,437)(440,450,443,444,455)
(447,452,454,453,448)(459,473,466,463,465)(460,469,470,475,461)
(464,474,467,468,479)(471,476,478,477,472)(483,497,490,487,489)
(484,493,494,499,485)(488,498,491,492,503)(495,500,502,501,496)
(507,521,514,511,513)(508,517,518,523,509)(512,522,515,516,527)
(519,524,526,525,520)(531,545,538,535,537)(532,541,542,547,533)
(536,546,539,540,551)(543,548,550,549,544)(555,569,562,559,561)
(556,565,566,571,557)(560,570,563,564,575)(567,572,574,573,568),
(49,385,217,145,193)(50,386,218,146,194)(51,387,219,147,195)
(52,388,220,148,196)(53,389,221,149,197)(54,390,222,150,198)
(55,391,223,151,199)(56,392,224,152,200)(57,393,225,153,201)
(58,394,226,154,202)(59,395,227,155,203)(60,396,228,156,204)
(61,397,229,157,205)(62,398,230,158,206)(63,399,231,159,207)
(64,400,232,160,208)(65,401,233,161,209)(66,402,234,162,210)
(67,403,235,163,211)(68,404,236,164,212)(69,405,237,165,213)
(70,406,238,166,214)(71,407,239,167,215)(72,408,240,168,216)
(73,289,313,433,97)(74,290,314,434,98)(75,291,315,435,99)
(76,292,316,436,100)(77,293,317,437,101)(78,294,318,438,102)
(79,295,319,439,103)(80,296,320,440,104)(81,297,321,441,105)
(82,298,322,442,106)(83,299,323,443,107)(84,300,324,444,108)
(85,301,325,445,109)(86,302,326,446,110)(87,303,327,447,111)
(88,304,328,448,112)(89,305,329,449,113)(90,306,330,450,114)
(91,307,331,451,115)(92,308,332,452,116)(93,309,333,453,117)
(94,310,334,454,118)(95,311,335,455,119)(96,312,336,456,120)
(169,409,241,265,529)(170,410,242,266,530)(171,411,243,267,531)
(172,412,244,268,532)(173,413,245,269,533)(174,414,246,270,534)
(175,415,247,271,535)(176,416,248,272,536)(177,417,249,273,537)
(178,418,250,274,538)(179,419,251,275,539)(180,420,252,276,540)
(181,421,253,277,541)(182,422,254,278,542)(183,423,255,279,543)
(184,424,256,280,544)(185,425,257,281,545)(186,426,258,282,546)
(187,427,259,283,547)(188,428,260,284,548)(189,429,261,285,549)
(190,430,262,286,550)(191,431,263,287,551)(192,432,264,288,552)
(337,457,505,481,361)(338,458,506,482,362)(339,459,507,483,363)
(340,460,508,484,364)(341,461,509,485,365)(342,462,510,486,366)
(343,463,511,487,367)(344,464,512,488,368)(345,465,513,489,369)
(346,466,514,490,370)(347,467,515,491,371)(348,468,516,492,372)
(349,469,517,493,373)(350,470,518,494,374)(351,471,519,495,375)
(352,472,520,496,376)(353,473,521,497,377)(354,474,522,498,378)
(355,475,523,499,379)(356,476,524,500,380)(357,477,525,501,381)
(358,478,526,502,382)(359,479,527,503,383)(360,480,528,504,384),
(1,24)(2,23)(3,12)(4,16)(5,18)(6,10)(7,20)(8,14)
(9,21)(11,17)(13,22)(15,19)(25,48)(26,47)(27,36)(28,40)
(29,42)(30,34)(31,44)(32,38)(33,45)(35,41)(37,46)(39,43)
(49,72)(50,71)(51,60)(52,64)(53,66)(54,58)(55,68)(56,62)
(57,69)(59,65)(61,70)(63,67)(73,96)(74,95)(75,84)(76,88)
(77,90)(78,82)(79,92)(80,86)(81,93)(83,89)(85,94)(87,91)
(97,120)(98,119)(99,108)(100,112)(101,114)(102,106)(103,116)(104,110)
(105,117)(107,113)(109,118)(111,115)(121,144)(122,143)(123,132)(124,136)
(125,138)(126,130)(127,140)(128,134)(129,141)(131,137)(133,142)(135,139)
(145,168)(146,167)(147,156)(148,160)(149,162)(150,154)(151,164)(152,158)
(153,165)(155,161)(157,166)(159,163)(169,192)(170,191)(171,180)(172,184)
(173,186)(174,178)(175,188)(176,182)(177,189)(179,185)(181,190)(183,187)
(193,216)(194,215)(195,204)(196,208)(197,210)(198,202)(199,212)(200,206)
(201,213)(203,209)(205,214)(207,211)(217,240)(218,239)(219,228)(220,232)
(221,234)(222,226)(223,236)(224,230)(225,237)(227,233)(229,238)(231,235)
(241,264)(242,263)(243,252)(244,256)(245,258)(246,250)(247,260)(248,254)
(249,261)(251,257)(253,262)(255,259)(265,288)(266,287)(267,276)(268,280)
(269,282)(270,274)(271,284)(272,278)(273,285)(275,281)(277,286)(279,283)
(289,312)(290,311)(291,300)(292,304)(293,306)(294,298)(295,308)(296,302)
(297,309)(299,305)(301,310)(303,307)(313,336)(314,335)(315,324)(316,328)
(317,330)(318,322)(319,332)(320,326)(321,333)(323,329)(325,334)(327,331)
(337,360)(338,359)(339,348)(340,352)(341,354)(342,346)(343,356)(344,350)
(345,357)(347,353)(349,358)(351,355)(361,384)(362,383)(363,372)(364,376)
(365,378)(366,370)(367,380)(368,374)(369,381)(371,377)(373,382)(375,379)
(385,408)(386,407)(387,396)(388,400)(389,402)(390,394)(391,404)(392,398)
(393,405)(395,401)(397,406)(399,403)(409,432)(410,431)(411,420)(412,424)
(413,426)(414,418)(415,428)(416,422)(417,429)(419,425)(421,430)(423,427)
(433,456)(434,455)(435,444)(436,448)(437,450)(438,442)(439,452)(440,446)
(441,453)(443,449)(445,454)(447,451)(457,480)(458,479)(459,468)(460,472)
(461,474)(462,466)(463,476)(464,470)(465,477)(467,473)(469,478)(471,475)
(481,504)(482,503)(483,492)(484,496)(485,498)(486,490)(487,500)(488,494)
(489,501)(491,497)(493,502)(495,499)(505,528)(506,527)(507,516)(508,520)
(509,522)(510,514)(511,524)(512,518)(513,525)(515,521)(517,526)(519,523)
(529,552)(530,551)(531,540)(532,544)(533,546)(534,538)(535,548)(536,542)
(537,549)(539,545)(541,550)(543,547)(553,576)(554,575)(555,564)(556,568)
(557,570)(558,562)(559,572)(560,566)(561,573)(563,569)(565,574)(567,571),
(1,553)(2,554)(3,555)(4,556)(5,557)(6,558)(7,559)(8,560)
(9,561)(10,562)(11,563)(12,564)(13,565)(14,566)(15,567)(16,568)
(17,569)(18,570)(19,571)(20,572)(21,573)(22,574)(23,575)(24,576)
(25,529)(26,530)(27,531)(28,532)(29,533)(30,534)(31,535)(32,536)
(33,537)(34,538)(35,539)(36,540)(37,541)(38,542)(39,543)(40,544)
(41,545)(42,546)(43,547)(44,548)(45,549)(46,550)(47,551)(48,552)
(49,265)(50,266)(51,267)(52,268)(53,269)(54,270)(55,271)(56,272)
(57,273)(58,274)(59,275)(60,276)(61,277)(62,278)(63,279)(64,280)
(65,281)(66,282)(67,283)(68,284)(69,285)(70,286)(71,287)(72,288)
(73,361)(74,362)(75,363)(76,364)(77,365)(78,366)(79,367)(80,368)
(81,369)(82,370)(83,371)(84,372)(85,373)(86,374)(87,375)(88,376)
(89,377)(90,378)(91,379)(92,380)(93,381)(94,382)(95,383)(96,384)
(97,409)(98,410)(99,411)(100,412)(101,413)(102,414)(103,415)(104,416)
(105,417)(106,418)(107,419)(108,420)(109,421)(110,422)(111,423)(112,424)
(113,425)(114,426)(115,427)(116,428)(117,429)(118,430)(119,431)(120,432)
(121,217)(122,218)(123,219)(124,220)(125,221)(126,222)(127,223)(128,224)
(129,225)(130,226)(131,227)(132,228)(133,229)(134,230)(135,231)(136,232)
(137,233)(138,234)(139,235)(140,236)(141,237)(142,238)(143,239)(144,240)
(145,457)(146,458)(147,459)(148,460)(149,461)(150,462)(151,463)(152,464)
(153,465)(154,466)(155,467)(156,468)(157,469)(158,470)(159,471)(160,472)
(161,473)(162,474)(163,475)(164,476)(165,477)(166,478)(167,479)(168,480)
(169,313)(170,314)(171,315)(172,316)(173,317)(174,318)(175,319)(176,320)
(177,321)(178,322)(179,323)(180,324)(181,325)(182,326)(183,327)(184,328)
(185,329)(186,330)(187,331)(188,332)(189,333)(190,334)(191,335)(192,336)
(193,481)(194,482)(195,483)(196,484)(197,485)(198,486)(199,487)(200,488)
(201,489)(202,490)(203,491)(204,492)(205,493)(206,494)(207,495)(208,496)
(209,497)(210,498)(211,499)(212,500)(213,501)(214,502)(215,503)(216,504)
(241,385)(242,386)(243,387)(244,388)(245,389)(246,390)(247,391)(248,392)
(249,393)(250,394)(251,395)(252,396)(253,397)(254,398)(255,399)(256,400)
(257,401)(258,402)(259,403)(260,404)(261,405)(262,406)(263,407)(264,408)
(289,505)(290,506)(291,507)(292,508)(293,509)(294,510)(295,511)(296,512)
(297,513)(298,514)(299,515)(300,516)(301,517)(302,518)(303,519)(304,520)
(305,521)(306,522)(307,523)(308,524)(309,525)(310,526)(311,527)(312,528)
(337,433)(338,434)(339,435)(340,436)(341,437)(342,438)(343,439)(344,440)
(345,441)(346,442)(347,443)(348,444)(349,445)(350,446)(351,447)(352,448)
(353,449)(354,450)(355,451)(356,452)(357,453)(358,454)(359,455)(360,456)
],1);
