coh:=MakeCohort(
[(119,120)(121,124)(122,126)(123,125)(127,136)(128,138)(129,137)(130,142)
(131,144)(132,143)(133,139)(134,141)(135,140)(145,154)(146,156)(147,155)
(148,160)(149,162)(150,161)(151,157)(152,159)(153,158)(163,190)(164,192)
(165,191)(166,196)(167,198)(168,197)(169,193)(170,195)(171,194)(172,208)
(173,210)(174,209)(175,214)(176,216)(177,215)(178,211)(179,213)(180,212)
(181,199)(182,201)(183,200)(184,205)(185,207)(186,206)(187,202)(188,204)
(189,203)(217,298)(218,300)(219,299)(220,304)(221,306)(222,305)(223,301)
(224,303)(225,302)(226,316)(227,318)(228,317)(229,322)(230,324)(231,323)
(232,319)(233,321)(234,320)(235,307)(236,309)(237,308)(238,313)(239,315)
(240,314)(241,310)(242,312)(243,311)(244,352)(245,354)(246,353)(247,358)
(248,360)(249,359)(250,355)(251,357)(252,356)(253,370)(254,372)(255,371)
(256,376)(257,378)(258,377)(259,373)(260,375)(261,374)(262,361)(263,363)
(264,362)(265,367)(266,369)(267,368)(268,364)(269,366)(270,365)(271,325)
(272,327)(273,326)(274,331)(275,333)(276,332)(277,328)(278,330)(279,329)
(280,343)(281,345)(282,344)(283,349)(284,351)(285,350)(286,346)(287,348)
(288,347)(289,334)(290,336)(291,335)(292,340)(293,342)(294,341)(295,337)
(296,339)(297,338),(4,241,310)(5,243,311)(6,242,312)(7,232,319)
(8,233,321)(9,234,320)(13,277,328)(14,279,329)(15,278,330)
(16,250,355)(17,251,357)(18,252,356)(22,295,337)(23,297,338)
(24,296,339)(25,259,373)(26,260,375)(27,261,374)(31,286,346)
(32,288,347)(33,287,348)(34,268,364)(35,269,366)(36,270,365)
(37,136,127)(38,138,128)(39,137,129)(40,142,130)(41,144,131)
(42,143,132)(43,139,133)(44,141,134)(45,140,135)(49,160,148)
(50,162,149)(51,161,150)(52,313,238)(53,314,240)(54,315,239)
(58,151,157)(59,153,158)(60,152,159)(61,322,229)(62,323,231)
(63,324,230)(67,196,166)(68,198,167)(69,197,168)(70,331,274)
(71,332,276)(72,333,275)(76,214,175)(77,216,176)(78,215,177)
(79,340,292)(80,341,294)(81,342,293)(85,205,184)(86,207,185)
(87,206,186)(88,349,283)(89,350,285)(90,351,284)(94,169,193)
(95,171,194)(96,170,195)(97,358,247)(98,359,249)(99,360,248)
(103,187,202)(104,189,203)(105,188,204)(106,367,265)(107,368,267)
(108,369,266)(112,178,211)(113,180,212)(114,179,213)(115,376,256)
(116,377,258)(117,378,257)(118,298,217)(119,299,218)(120,300,219)
(121,301,220)(122,302,221)(123,303,222)(124,304,223)(125,305,224)
(126,306,225)(145,307,226)(146,308,227)(147,309,228)(154,316,235)
(155,317,236)(156,318,237)(163,325,244)(164,326,245)(165,327,246)
(172,334,253)(173,335,254)(174,336,255)(181,343,262)(182,344,263)
(183,345,264)(190,352,271)(191,353,272)(192,354,273)(199,361,280)
(200,362,281)(201,363,282)(208,370,289)(209,371,290)(210,372,291),
(37,217,298)(38,218,300)(39,219,299)(40,220,304)(41,221,306)
(42,222,305)(43,223,301)(44,224,303)(45,225,302)(46,232,319)
(47,233,321)(48,234,320)(49,226,316)(50,227,318)(51,228,317)
(52,229,322)(53,230,324)(54,231,323)(55,241,310)(56,242,312)
(57,243,311)(58,235,307)(59,236,309)(60,237,308)(61,238,313)
(62,239,315)(63,240,314)(64,250,355)(65,251,357)(66,252,356)
(67,244,352)(68,245,354)(69,246,353)(70,247,358)(71,248,360)
(72,249,359)(73,259,373)(74,260,375)(75,261,374)(76,253,370)
(77,254,372)(78,255,371)(79,256,376)(80,257,378)(81,258,377)
(82,268,364)(83,269,366)(84,270,365)(85,262,361)(86,263,363)
(87,264,362)(88,265,367)(89,266,369)(90,267,368)(91,277,328)
(92,278,330)(93,279,329)(94,271,325)(95,272,327)(96,273,326)
(97,274,331)(98,275,333)(99,276,332)(100,286,346)(101,287,348)
(102,288,347)(103,280,343)(104,281,345)(105,282,344)(106,283,349)
(107,284,351)(108,285,350)(109,295,337)(110,296,339)(111,297,338)
(112,289,334)(113,290,336)(114,291,335)(115,292,340)(116,293,342)
(117,294,341)(118,127,136)(119,128,137)(120,129,138)(121,130,139)
(122,131,140)(123,132,141)(124,133,142)(125,134,143)(126,135,144)
(145,148,151)(146,149,152)(147,150,153)(154,157,160)(155,158,161)
(156,159,162)(163,166,169)(164,167,170)(165,168,171)(172,175,178)
(173,176,179)(174,177,180)(181,184,187)(182,185,188)(183,186,189)
(190,193,196)(191,194,197)(192,195,198)(199,202,205)(200,203,206)
(201,204,207)(208,211,214)(209,212,215)(210,213,216),
(2,5,8)(3,9,6)(10,13,16)(11,14,17)(12,15,18)
(20,23,26)(21,27,24)(29,32,35)(30,36,33)(37,94,67)
(38,95,68)(39,96,69)(40,97,64)(41,98,65)(42,99,66)
(43,91,70)(44,92,71)(45,93,72)(46,100,73)(47,104,80)
(48,108,78)(49,103,76)(50,107,74)(51,102,81)(52,106,79)
(53,101,77)(54,105,75)(55,109,82)(56,113,89)(57,117,87)
(58,112,85)(59,116,83)(60,111,90)(61,115,88)(62,110,86)
(63,114,84)(121,130,139)(122,131,140)(123,132,141)(124,142,133)
(125,143,134)(126,144,135)(146,149,152)(147,153,150)(155,158,161)
(156,162,159)(173,176,179)(174,180,177)(182,185,188)(183,189,186)
(200,203,206)(201,207,204)(209,212,215)(210,216,213)(217,271,244)
(218,272,245)(219,273,246)(220,274,250)(221,275,251)(222,276,252)
(223,277,247)(224,278,248)(225,279,249)(226,280,253)(227,284,260)
(228,288,258)(229,283,256)(230,287,254)(231,282,261)(232,286,259)
(233,281,257)(234,285,255)(235,289,262)(236,293,269)(237,297,267)
(238,292,265)(239,296,263)(240,291,270)(241,295,268)(242,290,266)
(243,294,264)(298,325,352)(299,326,353)(300,327,354)(301,328,358)
(302,329,359)(303,330,360)(304,331,355)(305,332,356)(306,333,357)
(307,334,361)(308,338,368)(309,342,366)(310,337,364)(311,341,362)
(312,336,369)(313,340,367)(314,335,365)(315,339,363)(316,343,370)
(317,347,377)(318,351,375)(319,346,373)(320,350,371)(321,345,378)
(322,349,376)(323,344,374)(324,348,372),
(4,5,6)(7,9,8)(10,91,64)(11,93,65)(12,92,66)
(13,97,67)(14,99,68)(15,98,69)(16,94,70)(17,96,71)
(18,95,72)(19,109,73)(20,111,74)(21,110,75)(22,117,78)
(23,116,76)(24,115,77)(25,113,80)(26,112,81)(27,114,79)
(28,100,82)(29,102,83)(30,101,84)(31,108,87)(32,107,85)
(33,106,86)(34,104,89)(35,103,90)(36,105,88)(37,40,43)
(38,41,44)(39,42,45)(49,50,51)(52,54,53)(58,59,60)
(61,63,62)(127,130,133)(128,131,134)(129,132,135)(136,142,139)
(137,143,140)(138,144,141)(148,149,150)(151,153,152)(157,158,159)
(160,162,161)(163,325,244)(164,326,245)(165,327,246)(166,328,247)
(167,329,248)(168,330,249)(169,331,250)(170,332,251)(171,333,252)
(172,334,253)(173,335,254)(174,336,255)(175,338,258)(176,339,256)
(177,337,257)(178,342,260)(179,340,261)(180,341,259)(181,343,262)
(182,344,263)(183,345,264)(184,347,267)(185,348,265)(186,346,266)
(187,351,269)(188,349,270)(189,350,268)(190,271,352)(191,272,353)
(192,273,354)(193,274,355)(194,275,356)(195,276,357)(196,277,358)
(197,278,359)(198,279,360)(199,280,361)(200,281,362)(201,282,363)
(202,284,366)(203,285,364)(204,283,365)(205,288,368)(206,286,369)
(207,287,367)(208,289,370)(209,290,371)(210,291,372)(211,293,375)
(212,294,373)(213,292,374)(214,297,377)(215,295,378)(216,296,376)
(229,230,231)(232,234,233)(238,239,240)(241,243,242)(310,311,312)
(313,315,314)(319,320,321)(322,324,323),
(1,2,3)(4,5,6)(7,8,9)(10,29,20)(11,30,19)
(12,28,21)(13,32,23)(14,33,22)(15,31,24)(16,35,26)
(17,36,25)(18,34,27)(38,41,44)(39,45,42)(46,47,48)
(52,54,53)(55,57,56)(61,62,63)(64,83,74)(65,84,73)
(66,82,75)(67,85,76)(68,86,78)(69,87,77)(70,90,81)
(71,88,80)(72,89,79)(91,102,111)(92,100,110)(93,101,109)
(94,103,112)(95,104,114)(96,105,113)(97,107,116)(98,108,115)
(99,106,117)(119,122,125)(120,126,123)(128,131,134)(129,135,132)
(137,140,143)(138,144,141)(163,181,172)(164,182,174)(165,183,173)
(166,184,175)(167,185,177)(168,186,176)(169,187,178)(170,188,180)
(171,189,179)(190,199,208)(191,200,210)(192,201,209)(193,202,211)
(194,203,213)(195,204,212)(196,205,214)(197,206,216)(198,207,215)
(218,221,224)(219,225,222)(229,231,230)(232,233,234)(238,239,240)
(241,243,242)(244,262,253)(245,263,255)(246,264,254)(247,267,258)
(248,265,257)(249,266,256)(250,269,260)(251,270,259)(252,268,261)
(271,280,289)(272,281,291)(273,282,290)(274,284,293)(275,285,292)
(276,283,294)(277,288,297)(278,286,296)(279,287,295)(299,302,305)
(300,306,303)(310,311,312)(313,315,314)(319,321,320)(322,323,324)
(325,343,334)(326,344,336)(327,345,335)(328,347,338)(329,348,337)
(330,346,339)(331,351,342)(332,349,341)(333,350,340)(352,361,370)
(353,362,372)(354,363,371)(355,366,375)(356,364,374)(357,365,373)
(358,368,377)(359,369,376)(360,367,378),
(1,28,19)(2,30,20)(3,29,21)(4,34,22)(5,36,23)
(6,35,24)(7,31,25)(8,33,26)(9,32,27)(10,11,12)
(13,14,15)(16,17,18)(40,41,42)(43,45,44)(46,100,73)
(47,101,74)(48,102,75)(49,103,76)(50,104,77)(51,105,78)
(52,106,79)(53,107,80)(54,108,81)(55,82,109)(56,83,110)
(57,84,111)(58,85,112)(59,86,113)(60,87,114)(61,88,115)
(62,89,116)(63,90,117)(64,65,66)(70,72,71)(91,93,92)
(97,98,99)(121,122,123)(124,126,125)(130,131,132)(133,135,134)
(139,140,141)(142,144,143)(145,199,172)(146,200,173)(147,201,174)
(148,202,175)(149,203,176)(150,204,177)(151,205,178)(152,206,179)
(153,207,180)(154,181,208)(155,182,209)(156,183,210)(157,184,211)
(158,185,212)(159,186,213)(160,187,214)(161,188,215)(162,189,216)
(220,221,222)(223,225,224)(226,280,253)(227,281,254)(228,282,255)
(229,283,256)(230,284,257)(231,285,258)(232,286,259)(233,287,260)
(234,288,261)(235,262,289)(236,263,290)(237,264,291)(238,265,292)
(239,266,293)(240,267,294)(241,268,295)(242,269,296)(243,270,297)
(247,249,248)(250,251,252)(274,275,276)(277,279,278)(301,302,303)
(304,306,305)(307,361,334)(308,362,335)(309,363,336)(310,364,337)
(311,365,338)(312,366,339)(313,367,340)(314,368,341)(315,369,342)
(316,343,370)(317,344,371)(318,345,372)(319,346,373)(320,347,374)
(321,348,375)(322,349,376)(323,350,377)(324,351,378)(328,329,330)
(331,333,332)(355,357,356)(358,359,360)],1);
