coh:=MakeCohort(
[(2,76,89,126,88,205,4,79)(3,22,289,51,245,104,101,75,127,297,
301,145,98,111,119,78)(5,292,310,144,251,35,94,74,8,361,247,53,
123,105,215,109)(6,40,169,146,202,418,23,376,59,264,187,77,214,183,
180,175)(7,218,375,367,383,186,242,420,164,200,34,267,193,369,404,240)
(9,31,191,54,233,393,11,272,165,424,97,204,309,342,68,354)
(10,13,371,336,271,223,160,326,137,237,45,95,182,194,405,67)
(12,212,184,248,303,48,261,306,219,330,62,17,156,150,283,387)
(14,287,134,157,185,270,143,416,47,266,116,80,277,133,176,28)
(15,222,332,396,316,36,392,372,260,408,58,55,230,87,425,161)
(16,313,217,308,92,206,258,81,86,238,130,33,228,147,151,201)
(18,341,227,311,273,343,282,190,155,57,120,181,149,232,82,208)
(19,329,298,368,389,188,278,262,91,348,386,280,257,360,359,38)
(20,113,333,224,384,236,141,220,395,382,319,325,99,362,52,29)
(21,295,323,56,423,422,263,170,284,406,421,321,377,302,324,50)
(24,177,291,281,250,221,256,198,340,131,351,125,265,148,44,410)
(25,60,286,84,344,128,385,118,106,347,129,178,314,171,409,96)
(26,140,179,274,317,304,364,300,305,299,102,293,337,370,49,152)
(27,252,285,85,355,209,268,373,71,374,199,114,213,358,397,225)
(30,363,70,46,168,401,93,110,288,407,234,275,328,349,163,108)
(32,378,417,339,229,269,352,142,197,414,249,115,69,296,379,244)
(37,239,398,315,195,413,174,210,353,246,254,167,124,253,66,338)
(39,132,235,419,366,90,403,380,189,172,103,211,231,394,63,158)
(41,255,65,356,162,320,153,107,350,357,335,121,322,346,136,112)
(42,64,73,345,243,216,276,402,415,135,203,412,381,241,390,207)
(43,139,365,307,192,294,388,196,159,166,312,399,83,72,391,400)
(61,117,290,173,259,318,100,154,334,331,226,411,138,327,122,279),
(7,177)(8,127)(9,130)(12,87)(13,337)(16,23)(17,91)(18,194)
(19,192)(20,193)(21,240)(22,78)(24,73)(26,231)(27,170)(28,314)
(29,196)(30,96)(31,133)(32,43)(33,81)(34,189)(35,111)(36,229)
(37,182)(38,269)(39,149)(40,183)(41,136)(42,52)(44,48)(45,237)
(47,328)(49,115)(50,324)(53,145)(54,147)(55,85)(57,351)(58,155)
(59,138)(60,122)(61,163)(62,330)(63,186)(64,362)(65,290)(66,268)
(67,72)(68,178)(69,360)(71,181)(74,297)(75,292)(76,205)(77,106)
(80,107)(82,90)(83,370)(86,226)(88,89)(92,350)(93,202)(94,301)
(95,260)(97,288)(98,123)(99,218)(100,233)(101,289)(102,137)(103,164)
(108,279)(109,361)(110,204)(114,280)(116,334)(117,320)(118,185)(119,310)
(120,131)(121,175)(124,142)(125,305)(128,162)(129,264)(132,252)(134,214)
(135,203)(140,329)(141,325)(148,209)(150,207)(151,153)(152,158)(154,206)
(156,159)(160,281)(161,296)(165,322)(166,246)(167,278)(169,309)(171,217)
(172,200)(174,377)(176,234)(180,335)(184,312)(187,347)(188,219)(190,321)
(191,277)(197,306)(198,375)(199,420)(201,349)(210,220)(211,224)(212,352)
(215,247)(221,369)(222,257)(223,404)(225,284)(227,235)(228,258)(230,253)
(232,249)(236,340)(238,275)(241,265)(242,332)(243,400)(248,304)(254,262)
(255,318)(256,388)(261,406)(263,311)(266,331)(267,368)(270,327)(271,339)
(273,410)(274,307)(282,395)(283,343)(285,373)(286,385)(287,342)(291,302)
(293,315)(294,316)(295,417)(298,333)(299,408)(300,319)(303,387)(308,407)
(317,425)(326,413)(338,381)(341,412)(344,356)(345,422)(346,393)(348,389)
(353,364)(354,411)(355,421)(357,424)(358,403)(359,399)(363,401)(365,379)
(366,405)(367,396)(371,392)(372,398)(374,384)(376,416)(378,423)(380,386)
(382,390)(383,394)(391,402)(397,414)(409,418)(415,419),
(1,2,4)(3,6,11)(5,9,16)(8,14,23)(10,15,25)
(12,20,33)(17,28,44)(18,26,40)(19,31,48)(21,32,50)
(24,37,57)(27,42,62)(29,46,69)(30,41,61)(34,49,73)
(35,51,76)(36,55,81)(38,43,64)(45,67,71)(47,70,101)
(52,72,103)(53,79,111)(54,58,82)(56,83,117)(59,65,94)
(63,91,129)(66,90,77)(68,98,138)(74,78,109)(80,113,160)
(84,119,165)(85,121,102)(86,123,171)(87,125,175)(92,122,169)
(93,118,100)(95,133,186)(96,134,187)(97,136,191)(99,140,198)
(104,145,205)(105,144,126)(106,148,210)(107,150,213)(108,152,216)
(110,155,220)(112,158,114)(115,120,167)(116,163,228)(124,173,242)
(127,130,143)(128,178,247)(131,182,254)(132,184,257)(135,189,262)
(137,193,266)(139,196,270)(141,200,269)(142,201,276)(146,207,281)
(147,209,283)(149,212,156)(154,219,195)(157,188,248)(161,224,299)
(162,226,301)(164,230,225)(166,232,272)(168,234,310)(170,237,284)
(172,240,315)(174,244,320)(176,245,322)(179,249,286)(180,251,328)
(181,253,330)(183,256,265)(185,202,233)(190,231,308)(192,264,300)
(194,261,238)(199,274,348)(203,278,351)(204,268,343)(206,239,304)
(208,280,279)(211,285,273)(214,277,258)(215,217,290)(218,291,222)
(221,295,287)(223,267,342)(227,302,371)(229,305,331)(235,312,375)
(236,311,374)(241,275,321)(243,318,382)(246,323,385)(250,327,360)
(252,329,392)(255,298,366)(259,335,289)(260,314,319)(263,340,384)
(271,345,398)(282,354,369)(288,334,347)(293,362,303)(294,364,408)
(296,365,359)(306,337,341)(307,372,317)(313,377,370)(316,379,373)
(324,387,325)(326,389,339)(332,336,349)(333,383,363)(338,344,391)
(346,402,396)(353,399,410)(355,356,403)(357,404,395)(358,367,409)
(368,411,386)(376,390,394)(378,381,418)(380,417,424)(388,406,407)
(393,423,421)(397,400,401)(405,416,414)(413,419,425)(415,420,422),
(1,3,7,13,22)(2,5,10,18,30)(4,8,15,26,41)
(6,12,21,35,54)(9,17,29,47,71)(11,19,32,51,77)
(14,24,38,59,87)(16,27,43,65,95)(20,34,53,80,114)
(23,36,56,84,120)(25,39,60,88,126)(28,45,68,99,141)
(31,49,74,106,149)(33,52,78,110,156)(37,58,86,124,174)
(40,61,89,127,177)(42,63,92,131,183)(44,66,96,135,190)
(46,70,102,143,203)(48,72,104,146,208)(50,75,107,151,215)
(55,82,116,164,231)(57,85,122,170,238)(62,90,128,179,250)
(64,93,132,185,94)(67,97,137,194,268)(69,100,142,202,119)
(73,105,147,152,217)(76,108,153,218,292)(79,112,159,222,297)
(81,115,162,227,303)(83,118,166,233,101)(91,130,181,117,165)
(98,139,197,272,347)(103,144,204,216,290)(109,154,212,287,359)
(111,157,158,221,296)(113,161,225,300,369)(121,168,235,313,351)
(123,172,241,257,334)(125,176,246,315,209)(129,180,252,270,253)
(133,163,229,306,330)(134,188,261,338,397)(136,192,265,283,167)
(138,195,269,344,400)(140,199,266,262,339)(145,206,280,295,365)
(148,211,286,358,305)(150,214,289,360,406)(155,182,255,332,395)
(160,223,298,367,410)(169,236,308,373,415)(171,239,240,316,380)
(173,243,319,220,294)(175,187,260,337,278)(178,248,325,379,417)
(184,258,247,324,388)(186,259,336,387,343)(189,193,267,281,353)
(191,263,341,398,424)(196,271,346,322,384)(198,273,342,399,404)
(200,275,276,350,251)(201,277,301,370,412)(205,279,352,291,361)
(207,282,355,382,224)(210,284,356,323,386)(213,288,245,244,321)
(219,293,363,402,226)(228,304,256,333,396)(230,307,371,413,264)
(232,309,310,362,407)(234,311,327,391,422)(237,314,378,375,416)
(242,317,381,419,409)(249,326,390,348,318)(254,331,394,329,393)
(274,349,403,389,421)(285,357,405,392,418)(299,368,302,364,354)
(312,376,408,411,423)(320,383,420,328,374)(335,340,377,345,401)
(366,372,414,425,385)],2);
