coh:=MakeCohort(
[(1,2,3,5,8,12,17)(4,7,10,15,21,31,25)(6,9,13,19,
27,38,53)(11,16,23,33,46,43,61)(14,20,29,40,56,77,106)
(18,26,36,51,71,98,132)(22,32,44,62,85,117,156)
(24,35,49,68,93,126,170)(28,39,54,75,103,138,185)
(30,42,59,81,112,149,198)(34,48,67,91,124,157,205)
(37,52,72,100,134,180,231)(41,58,80,110,147,186,218)
(45,64,87,120,159,208,253)(47,66,63,86,118,158,206)
(50,70,96,130,176,225,264)(55,76,104,140,188,236,272)
(57,79,109,145,193,241,280)(60,83,114,153,202,249,152)
(65,89,122,163,212,256,97)(69,95,129,174,223,207,252)
(73,101,135,181,136,182,232)(74,102,137,183,234,270,233)
(78,108,143,192,240,279,304)(82,113,151,200,247,281,175)
(84,116,155,189,237,274,269)(88,121,161,146,194,242,282)
(90,123,165,215,260,291,313)(92,125,168,201,248,287,310)
(94,128,173,222,261,292,314)(99,133,178,228,266,295,318)
(105,141,190,238,276,301,321)(107,142,184,210,255,162,211)
(111,148,196,244,283,305,323)(115,154,203,191,239,160,209)
(119,139,187,195,243,167,217)(127,172,221,213,258,286,309)
(131,177,226,257,290,312,326)(144,164,214,259,268,297,299)
(150,199,246,285,308,169,219)(166,216,262,293,315,327,306)
(171,220,204,251,197,245,284)(179,230,267,273,298,307,324)
(224,229,235,271,296,319,254)(227,250,288,265,294,317,330)
(263,278,303,320,331,334,336)(275,300,277,302,322,332,335)
(289,311,325,328,333,316,329),(2,4)(3,6)(7,11)(9,14)
(12,18)(15,22)(16,24)(17,25)(19,28)(20,30)(23,34)(26,37)
(29,41)(31,43)(32,45)(33,47)(35,50)(39,55)(40,57)(42,60)
(44,63)(46,65)(49,69)(52,73)(53,74)(56,78)(59,82)(61,84)
(64,88)(66,90)(67,92)(68,94)(70,97)(71,99)(76,105)(77,107)
(80,111)(83,115)(86,119)(93,127)(96,131)(101,136)(102,116)(103,139)
(108,144)(109,146)(112,150)(113,152)(117,157)(120,160)(121,162)(122,164)
(123,166)(124,167)(125,169)(126,171)(129,175)(132,154)(133,179)(134,141)
(137,184)(138,186)(140,189)(142,191)(145,156)(147,195)(148,197)(151,201)
(155,204)(158,207)(161,210)(163,213)(165,205)(168,218)(173,199)(174,224)
(177,227)(178,229)(180,211)(182,233)(183,190)(185,196)(187,235)(194,216)
(200,208)(202,250)(209,254)(212,257)(215,261)(219,245)(220,263)(222,264)
(223,265)(228,243)(230,268)(231,269)(236,273)(237,275)(238,277)(239,278)
(241,281)(247,286)(252,289)(256,287)(259,288)(262,285)(267,296)(274,299)
(279,305)(282,306)(283,307)(292,312)(293,316)(298,320)(302,318)(310,311)
(313,326)(315,328)(317,327)(323,332)],0);
