coh:=MakeCohort(
[(1,2,4,6,10,16,26)(3,5,8,13,21,30,44)(7,12,19,31,
45,63,87)(9,15,24,37,54,76,105)(11,18,29,42,61,84,115)
(14,23,36,52,74,88,118)(17,28,41,60,82,112,144)
(20,33,47,67,93,97,126)(22,35,50,71,99,128,161)
(25,39,57,79,109,139,175)(27,40,58,81,111,143,180)
(32,46,65,90,120,145,182)(34,49,69,96,125,153,43)
(38,56,78,83,114,147,184)(48,68,94,103,134,169,170)
(51,73,101,132,166,205,59)(53,75,104,62,86,117,152)
(55,77,106,136,167,206,246)(64,89,102,133,168,207,222)
(66,92,122,113,146,183,221)(70,98,127,160,196,237,181)
(72,100,130,163,200,149,186)(80,110,141,177,217,247,276)
(85,116,150,187,204,245,275)(91,121,156,193,234,248,277)
(95,124,135,171,209,123,158)(107,137,173,210,249,278,223)
(108,138,174,212,252,214,231)(119,155,191,232,264,220,208)
(129,162,198,226,261,287,304)(131,165,203,243,140,176,215)
(142,179,218,257,225,240,271)(148,185,224,259,285,229,172)
(151,189,228,213,254,281,302)(154,190,230,263,290,291,298)
(157,194,235,268,253,282,255)(159,195,192,233,265,292,299)
(164,202,242,197,238,270,295)(178,219,258,284,267,244,274)
(188,227,236,269,294,201,241)(199,239,262,289,306,312,283)
(211,251,279,300,260,286,303)(216,256,266,293,307,273,297)
(250,280,301,308,288,305,311)(272,296,309,313,314,315,310),
(1,3)(4,7)(5,9)(6,11)(8,14)(10,17)(12,20)(13,22)
(15,25)(16,27)(18,30)(19,32)(21,34)(24,38)(29,43)(33,48)
(35,51)(36,53)(37,55)(39,54)(40,59)(42,58)(44,62)(45,64)
(46,66)(49,70)(50,72)(57,80)(60,83)(61,85)(63,88)(65,91)
(67,75)(68,95)(69,97)(71,90)(73,102)(74,103)(76,96)(77,107)
(78,108)(81,87)(82,113)(89,119)(94,123)(99,129)(100,131)(101,122)
(104,135)(106,127)(109,140)(110,142)(112,145)(114,148)(115,149)(116,151)
(117,153)(118,154)(121,157)(125,143)(126,159)(128,147)(130,164)(132,167)
(134,170)(136,172)(141,178)(144,181)(150,188)(152,171)(155,192)(160,197)
(162,199)(163,201)(165,204)(168,196)(169,208)(173,211)(174,213)(175,214)
(176,216)(177,218)(182,220)(183,222)(184,223)(185,225)(186,195)(187,226)
(189,229)(190,231)(194,236)(200,240)(203,244)(206,247)(207,248)(210,250)
(212,253)(215,255)(224,260)(228,262)(233,266)(234,267)(237,245)(239,242)
(241,272)(243,273)(249,279)(252,281)(257,283)(261,288)(264,291)(269,284)
(270,287)(275,298)(276,299)(285,286)(290,293)(295,308)(296,303)(300,310)
],0);
