coh:=MakeCohort(
[(1,65)(2,66)(3,67)(4,68)(9,73)(10,74)(11,75)(12,76)
(17,81)(18,82)(19,83)(20,84)(25,89)(26,90)(27,91)(28,92)
(33,97)(34,98)(35,99)(36,100)(41,105)(42,106)(43,107)(44,108)
(49,113)(50,114)(51,115)(52,116),(1,5)(2,6)(3,7)(4,8)
(9,13)(10,14)(11,15)(12,16)(17,21)(18,22)(19,23)(20,24)
(25,29)(26,30)(27,31)(28,32)(33,37)(34,38)(35,39)(36,40)
(41,45)(42,46)(43,47)(44,48)(49,53)(50,54)(51,55)(52,56),
(3,7)(4,8)(11,15)(12,16)(19,23)(20,24)(25,29)(26,30)
(27,31)(28,32)(35,39)(36,40)(43,47)(44,48)(51,55)(52,56)
(57,93)(58,94)(59,95)(60,96)(61,89)(62,90)(63,91)(64,92)
(65,97)(66,98)(67,103)(68,104)(69,101)(70,102)(71,99)(72,100)
(73,105)(74,106)(75,111)(76,112)(77,109)(78,110)(79,107)(80,108)
(81,113)(82,114)(83,119)(84,120)(85,117)(86,118)(87,115)(88,116),
(5,7)(6,8)(13,15)(14,16)(21,23)(22,24)(25,89)(26,90)
(27,91)(28,92)(29,93)(30,94)(31,95)(32,96)(33,97)(34,98)
(35,99)(36,100)(37,103)(38,104)(39,101)(40,102)(41,105)(42,106)
(43,107)(44,108)(45,111)(46,112)(47,109)(48,110)(49,113)(50,114)
(51,115)(52,116)(53,119)(54,120)(55,117)(56,118)(57,61)(58,62)
(59,63)(60,64)(69,71)(70,72)(77,79)(78,80)(85,87)(86,88),
(2,4)(6,8)(9,11)(10,12)(13,15)(14,16)(18,20)(22,24)
(25,43)(26,44)(27,41)(28,42)(29,47)(30,48)(31,45)(32,46)
(33,49)(34,52)(35,51)(36,50)(37,53)(38,56)(39,55)(40,54)
(59,63)(60,64)(66,68)(70,72)(73,75)(74,76)(82,84)(86,88)
(89,107)(90,108)(91,105)(92,106)(93,109)(94,110)(95,111)(96,112)
(97,113)(98,116)(99,115)(100,114)(101,117)(102,120)(103,119)(104,118),
(3,4)(7,8)(9,41)(10,42)(11,43)(12,44)(13,45)(14,46)
(15,47)(16,48)(17,49)(18,50)(19,52)(20,51)(21,53)(22,54)
(23,56)(24,55)(25,27)(26,28)(29,31)(30,32)(35,36)(39,40)
(61,63)(62,64)(67,68)(71,72)(73,105)(74,106)(75,107)(76,108)
(77,109)(78,110)(79,111)(80,112)(81,113)(82,114)(83,116)(84,115)
(85,117)(86,118)(87,120)(88,119)(89,91)(90,92)(99,100)(103,104),
(1,2)(3,4)(5,6)(7,8)(9,18)(10,17)(11,20)(12,19)
(13,22)(14,21)(15,24)(16,23)(26,28)(30,32)(33,34)(37,38)
(41,50)(42,49)(43,51)(44,52)(45,54)(46,53)(47,55)(48,56)
(58,60)(62,64)(65,66)(67,68)(73,82)(74,81)(75,84)(76,83)
(77,85)(78,86)(79,87)(80,88)(90,92)(94,96)(97,98)(103,104)
(105,114)(106,113)(107,115)(108,116)(109,117)(110,118)(111,120)(112,119),
(1,17)(2,18)(3,19)(4,20)(5,21)(6,22)(7,23)(8,24)
(9,10)(11,12)(13,14)(15,16)(27,28)(31,32)(33,49)(34,50)
(35,51)(36,52)(37,53)(38,54)(39,55)(40,56)(41,42)(45,46)
(59,60)(63,64)(65,81)(66,82)(67,83)(68,84)(69,85)(70,86)
(71,87)(72,88)(73,74)(75,76)(91,92)(95,96)(97,113)(98,114)
(99,115)(100,116)(101,117)(102,118)(103,119)(104,120)(105,106)(111,112)
],0);
