coh:=MakeCohort(
[(5,8,16,13)(6,9,23,14)(7,35,15,24)(19,115,151,86)
(20,116,145,87)(21,93,88,137)(22,38,89,52)(25,58,40,75)
(26,59,41,76)(28,111,67,77)(29,112,84,78)(30,136,79,158)
(31,32,80,64)(33,105,65,121)(34,72,141,47)(36,48,73,57)
(37,49,74,140)(39,123,53,42)(43,61,66,133)(45,55,92,68)
(46,90,129,69)(50,132,107,71)(51,54,91,98)(56,131,81,157)
(60,168,174,147)(62,134,101,173)(63,122,102,154)(70,130,152,106)
(82,120,109,139)(83,99,96,172)(85,124,148,161)(95,171,128,155)
(97,160,103,100)(104,119,108,138)(110,169,135,125)(118,127,175,149)
(126,156,142,146)(143,144,166,164)(150,153,170,159)(162,163,165,167),
(1,2,3,5,8,13,16)(4,7,11,19,32,52,55)(6,10,17,28,
45,77,89)(9,15,25,22,38,64,80)(12,21,36,60,99,144,110)
(14,24,40,68,111,107,151)(18,30,48,82,127,41,70)
(20,34,56,95,125,74,119)(23,35,58,71,115,92,67)
(26,43,73,39,66,108,85)(27,44,75,31,50,86,132)
(29,47,81,126,142,105,102)(33,54,93,138,164,172,175)
(37,62,83,129,158,173,135)(42,72,94,140,165,97,143)
(46,79,78,63,104,149,103)(49,84,61,101,147,168,169)
(51,88,134,120,124,100,145)(53,91,137,163,156,171,174)
(57,96,116,154,167,76,122)(59,98,117,131,160,161,146)
(65,106,150,148,121,141,157)(69,113,114,153,118,155,139)
(87,133,112,152,170,166,109)(90,136,162,128,123,130,159),
(2,4,5,9,16,27,3,6)(7,12,22,39,67,110,17,29)
(8,14,13,23)(10,18,31,51,89,135,40,69)(11,20,35,59,68,
112,132,113)(15,26,28,46,80,125,25,42)(19,33,55,94,58,98,
44,76)(21,37,63,82,128,127,157,162)(24,41,71,116,151,169,75,121
)(30,49,85,131,159,70,114,138)(32,53,92,84,111,91,52,90)
(34,57,97,136,143,149,150,168)(36,61,102,148,163,173,72,117)
(38,65,107,145,45,78,86,54)(43,74,120,60,100,146,81,101)
(47,48,83,130,119,156,137,144)(50,87,77,123)(56,88,122,140,166,
96,142,167)(62,103,106,108,147,66,109,126)(64,105,115,129)
(73,118,93,139,152,104,95,141)(79,124,153,171,133,161,134,99)
(154,164,160,174,175,165,170,158)(155,172)],1);
