coh:=MakeCohort(
[(4,18,9,30,78,84)(5,111,91,83,55,120)(6,158,10,29,38,40)
(7,24,74,41,98,66)(8,85,52,73,87,151)(11,27,162,135,104,65
)(12,46,22)(13,63,90,72,45,133)(14,97,61,125,16,62)
(15,122,47,95,69,131)(17,144,77,150,114,54)(19,138,116,68,101,94
)(20,142,60,51,155,80)(21,23,139)(25,39,28,99,100,110)
(26,141,44,132,33,109)(31,126,161,152,86,117)(32,42,129,67,140,48
)(34,130,56,156,37,64)(35,119,43,147,75,59)(36,128,127,123,49,
146)(50,96,71,157,154,103)(53,160,145)(57,88,89,124,136,58)
(70,76,137,115,153,93)(79,149)(81,106,143,105,159,134)
(82,118,113,108,102,121)(92,112)(107,148),
(4,36)(5,91)(6,40)(7,155)(8,87)(9,49)(10,29)(11,27)
(12,21)(13,72)(14,97)(15,95)(16,125)(17,114)(18,146)(19,71)
(20,98)(22,23)(24,51)(25,39)(26,109)(28,110)(30,123)(31,117)
(32,105)(33,141)(34,130)(35,147)(37,156)(38,158)(41,142)(42,143)
(43,119)(44,132)(45,133)(46,139)(47,122)(48,159)(50,116)(56,64)
(57,58)(59,75)(60,74)(61,62)(63,90)(65,162)(66,80)(67,81)
(68,103)(69,131)(70,115)(73,85)(76,137)(78,127)(79,149)(82,118)
(83,120)(84,128)(86,126)(88,136)(89,124)(92,112)(93,153)(94,157)
(96,138)(99,100)(101,154)(102,108)(104,135)(106,129)(107,148)(113,121)
(134,140)(144,150)(145,160)(152,161),
(2,3,5,9,17,30,52)(4,7,13,25,43,69,105)(6,11,21,12,
23,40,65)(8,15,28,48,76,113,123)(10,19,33,56,16,27,46)
(14,26,44,71,109,141,156)(18,31,54,85,120,153,121)
(20,35,53,83,115,148,134)(22,38,64,97,132,101,135)
(24,42,51,81,117,150,161)(29,50,79,116,149,154,162)
(32,49,77,114,128,155,63)(34,58,89,125,104,139,158)
(36,60,92,102,41,67,86)(37,62,96,68,103,138,157)
(39,59,91,127,137,108,80)(45,72,110,143,66,100,133)
(47,75,55,87,122,147,160)(57,88,124,61,94,130,136)
(70,107,129,146,152,142,159)(73,111,144,126,78,93,82)
(74,112,118,151,145,131,140)(84,98,119,95,99,90,106),
(1,2,4,8,16,25,17,31,50,80,75,48)(3,6,12,24,35,59)
(5,10,20,36,61,95)(7,14,27,47,38,60,93,129,117,151,143,149)
(9,18,32,55,83,92,85,121,43,70,108,140)(11,22,39,52,76,77,
94,100,134,153,160,157)(13,26,45,73,109,142,62,69,106,87,123,154)
(15,29,51,82,71,110,144,105,91,128,33,57)(19,34,21,37,63,30,
53,84,119,114,147,120)(23,41,68,104,135,58,90,126,113,132,130,139)
(28,49,78,115,103,133,112,146,150,141,56,88)(40,66,101,136,156,162,
124,64,98,97,122,127)(42,54,86)(44,72,111,145,67,102,137,125,
148,138,46,74)(65,99,116)(79,89,107,81,118,152,161,158,155,159,
96,131)],2);
