coh:=MakeCohort(
[(3,9)(4,5)(6,7)(10,22,28,43,12,25,29,49)
(11,20,27,48,16,21,30,42)(13,19,33,46,15,18,31,45)
(14,23,26,47,17,24,32,44)(34,52,39,55,36,56,37,50)
(35,54,41,51,40,57,38,53)(58,65,59,60,63,62,61,64)
(66,279,135,269,68,285,133,265)(67,282,129,268,72,283,134,250)
(69,284,118,264,71,281,131,266)(70,271,132,270,73,115,130,267)
(74,182,78,184,80,186,75,187)(76,120,81,183,77,188,79,185)
(82,206,86,209,84,204,89,205)(83,208,87,210,88,203,85,207)
(90,175,136,237,96,173,141,240)(91,170,138,235,94,177,142,116)
(92,174,139,241,93,171,137,236)(95,176,140,239,97,172,143,238)
(98,101,105,100,103,99,102,104)(106,124,110,125,112,123,107,122)
(108,127,113,126,109,121,111,128)(114,290,179,193,228,280,297,195)
(117,161,145,156,147,158,146,155)(119,230,287,249,191,233,151,294)
(144,160,149,157,148,162,150,159)(152,254,215,242,168,153,217,244)
(154,257,226,201,274,262,221,200)(163,255,213,246,164,253,180,181)
(165,251,211,243,166,256,216,248)(167,252,212,247,169,219,214,245)
(178,277,261,227,202,272,263,222)(189,234,289,292,194,229,286,295)
(190,231,291,293,192,232,288,296)(196,276,259,218,197,275,220,224)
(198,273,260,225,199,278,258,223),(10,11,17)(12,16,14)(18,45,33)
(19,46,31)(20,43,32)(21,49,26)(22,44,28)(23,42,30)
(24,48,27)(25,47,29)(34,35,41)(36,40,38)(50,98,58)
(51,99,59)(52,100,60)(53,101,61)(54,102,62)(55,103,63)
(56,104,64)(57,105,65)(66,67,73)(68,72,70)(75,77,79)
(76,81,78)(82,113,146)(83,106,147)(84,111,145)(85,109,144)
(86,110,149)(87,108,148)(88,112,117)(89,107,150)(91,93,95)
(92,97,94)(114,233,232)(115,256,270)(116,170,141)(118,212,169)
(119,193,190)(120,121,157)(122,161,185)(123,162,187)(124,160,184)
(125,158,183)(126,155,186)(127,159,188)(128,156,182)(129,211,168)
(130,215,163)(131,214,167)(132,217,164)(133,213,165)(134,216,152)
(135,180,166)(136,235,177)(137,239,173)(138,241,172)(139,238,175)
(140,237,171)(142,236,176)(143,240,174)(151,201,260)(153,268,284)
(154,294,225)(178,262,288)(179,227,278)(181,245,244)(191,195,192)
(196,259,289)(197,220,286)(198,261,290)(199,263,280)(200,258,287)
(202,257,291)(203,205,210)(207,208,209)(218,275,292)(219,265,283)
(221,272,296)(222,273,297)(223,274,249)(224,276,295)(226,277,293)
(228,230,231)(242,246,247)(250,281,254)(251,267,271)(252,269,282)
(253,266,279)(255,264,285),
(1,10,105,98,222,43,73,88,135,227,49,205,204,234,9)
(2,11,188,99,247,39,195,120,241,203,37,230,4,13,228)
(3,12,235,100,165,290,155,197,261,55,280,152,207,243,229)
(5,14,271,101,78,112,284,276,20,93,106,145,208,96,231)
(6,15,191,102,237,253,142,91,159,144,255,53,210,74,232)
(7,16,131,103,257,180,294,31,297,27,213,201,209,69,233)
(8,17,147,104,160,172,76,54,279,269,176,242,206,189,114)
(18,287,92,267,148,86,288,84,77,141,281,289,154,19,274)
(21,35,127,183,265,61,41,83,187,125,138,34,65,182,275)
(22,168,68,170,133,262,123,85,174,58,249,33,202,173,273)
(23,82,244,71,193,118,240,89,278,25,156,292,29,50,277)
(24,254,259,179,30,124,219,87,63,200,70,256,132,166,272)
(26,81,157,283,122,51,66,62,129,245,90,192,117,239,293)
(28,140,211,97,136,146,72,212,134,75,270,282,217,268,295)
(32,246,80,190,115,236,67,121,130,162,59,95,57,150,296)
(36,177,184,215,111)(38,251,185,109,216)(40,214,186,286,151)
(42,60,250,196,221,44,266,164,137,223,45,263,143,128,218)
(46,226,47,107,225)(48,175,291,153,224)(52,139,258,181,248,194,119,
116,238,199,264,161,158,163,56)(64,113,94,167,149,198,110,260,79,169,
285,108,126,220,178)],1);
