coh:=MakeCohort(
[(7,29)(8,11)(9,12)(10,19)(14,475)(15,48)(16,49)(17,54)
(20,366)(21,33)(22,34)(23,52)(24,31)(25,50)(26,104)(27,28)
(30,616)(32,40)(38,57)(39,72)(41,81)(42,51)(43,67)(44,77)
(45,98)(46,65)(55,96)(56,60)(58,74)(59,107)(61,82)(64,91)
(66,78)(70,100)(73,89)(79,140)(80,97)(83,85)(84,90)(86,115)
(88,108)(92,119)(93,120)(94,176)(99,110)(101,211)(102,212)(103,323)
(106,109)(111,141)(114,162)(118,170)(121,131)(124,181)(126,169)(128,130)
(129,168)(132,634)(133,406)(134,302)(135,553)(136,158)(137,161)(142,144)
(143,160)(145,213)(146,217)(147,614)(148,478)(149,737)(152,229)(154,180)
(156,228)(159,322)(163,441)(164,374)(165,300)(166,518)(167,175)(171,481)
(172,173)(174,270)(177,462)(178,296)(179,438)(182,667)(183,284)(184,358)
(187,405)(188,286)(189,421)(190,536)(191,385)(192,386)(193,529)(194,689)
(195,275)(196,276)(197,410)(198,199)(200,303)(201,559)(202,558)(203,604)
(204,210)(205,381)(206,314)(207,315)(208,458)(209,243)(214,517)(215,367)
(216,368)(218,326)(219,378)(220,525)(221,468)(222,445)(223,471)(224,740)
(225,765)(226,668)(227,555)(230,417)(231,351)(232,360)(233,500)(236,690)
(237,283)(238,282)(239,569)(240,349)(241,348)(242,497)(245,329)(246,247)
(248,371)(249,311)(250,253)(251,254)(252,379)(255,331)(256,477)(257,469)
(258,556)(259,290)(260,291)(261,426)(262,345)(263,266)(264,267)(265,396)
(268,390)(269,395)(271,549)(273,523)(274,301)(277,297)(278,720)(279,547)
(280,624)(281,419)(285,641)(288,692)(289,593)(292,304)(293,584)(294,585)
(295,721)(298,427)(299,691)(306,541)(307,453)(308,704)(309,310)(312,463)
(317,451)(318,736)(319,628)(321,464)(324,425)(325,332)(327,369)(330,365)
(333,382)(334,738)(335,527)(336,679)(337,615)(338,659)(339,626)(340,771)
(341,526)(342,621)(343,344)(346,436)(347,496)(350,361)(354,502)(355,836)
(356,501)(362,499)(364,510)(370,513)(372,459)(375,606)(376,605)(377,695)
(380,394)(383,729)(384,440)(387,411)(388,412)(389,561)(392,677)(393,678)
(399,544)(401,550)(403,480)(404,479)(407,422)(409,437)(413,532)(414,803)
(415,697)(416,575)(418,505)(423,442)(424,663)(428,591)(429,671)(430,620)
(431,670)(432,586)(433,718)(434,435)(439,560)(446,531)(447,595)(448,542)
(449,612)(450,680)(454,598)(455,597)(456,506)(460,724)(461,493)(465,601)
(466,734)(467,539)(470,676)(473,474)(476,524)(482,592)(483,484)(485,627)
(487,660)(488,661)(489,793)(490,552)(491,669)(492,749)(495,507)(498,611)
(503,509)(504,508)(511,588)(512,741)(515,630)(519,566)(520,646)(521,607)
(522,753)(528,594)(530,557)(533,693)(534,633)(535,790)(537,543)(545,784)
(546,700)(548,773)(562,587)(563,568)(564,725)(565,608)(567,739)(570,705)
(574,709)(576,808)(577,712)(578,781)(579,684)(580,717)(581,625)(582,802)
(589,708)(599,602)(600,730)(603,732)(609,702)(613,640)(617,748)(618,782)
(622,744)(631,665)(632,662)(635,779)(637,756)(638,751)(639,811)(643,648)
(649,650)(653,707)(654,761)(655,762)(656,710)(658,743)(664,800)(666,750)
(672,711)(673,694)(674,850)(675,792)(681,794)(682,698)(683,701)(686,785)
(687,745)(688,821)(696,780)(699,812)(703,799)(715,778)(716,728)(719,796)
(722,856)(723,727)(735,860)(742,807)(752,839)(754,774)(755,776)(757,875)
(758,760)(759,868)(763,768)(769,795)(772,844)(775,789)(786,846)(787,880)
(788,876)(791,822)(797,804)(801,805)(810,849)(816,855)(819,861)(823,832)
(825,829)(826,847)(828,867)(830,831)(833,854)(834,835)(841,845)(851,864)
(852,865)(853,887)(858,883)(862,882)(866,874)(869,871)(872,873)(877,884)
(885,889)(888,890),(6,70,97,112,80,100)(7,73)(8,101,141,111,
211,11)(9,102,142,144,212,12)(10,19,742,33,21,807)(13,619)
(14,455,245,149,146,376)(15,48)(16,49)(17,52,658,60,46,418)
(18,159,161,113,137,322)(20,526,163,484,249,220)(22,816,39,72,855,34
)(23,54,505,65,56,743)(24,71,31,741,848,512)(25,27)
(26,837,104,419,843,281)(28,50)(29,89)(30,606,467,736,214,598)
(32,40,572)(38,51,110,96,98,74)(41,652,81)(42,57,58,45,55,
99)(43,815,67)(44,818,77)(47,139)(53,357)(59,107)(61,68,82)
(62,78,66)(63,79,140)(64,90,116,84,91,150)(69,83,85)(75,125)
(86,115,119,106,109,92)(87,185)(88,688,236,829,180,173)
(93,128,130,120,156,228)(94,844,286,188,772,176)(103,424,695,607,317,404
)(108,172,154,825,690,821)(114,251,627,485,254,162)(117,126,175,151,167,
169)(118,774,385,259,756,864)(121,638,847,826,751,131)(122,178,624,824,
280,296)(123,129,182,827,667,168)(124,421,292,446,303,306)(127,746)
(132,564,346,687,258,739)(133,822,777,791,406,153)(134,823,840,832,302,234
)(135,529,392,360,183,584)(136,158)(138,676,665,452,631,470)
(143,472,160,489,610,793)(145,344,524,367,246,216)(147,474,478,365,621,510
)(148,473,614,364,342,330)(152,718,545,850,681,801)(155,438,591,397,428,
179)(157,704,543,444,537,308)(164,581,373,625,374,320)(165,580,328,717,
300,305)(166,257,469,518,459,372)(170,851,637,290,191,754)
(171,686,262,799,239,702)(174,301,411,387,274,270)(177,780,194,728,187,723
)(181,541,200,531,304,189)(184,585,288,720,393,351)(186,670,671,398,429,
431)(190,744,230,574,273,779)(192,828,269,852,868,291)(193,553,293,284,
232,677)(195,787,880,275,263,266)(196,788,876,276,264,267)
(197,235,410,390,443,268)(198,199)(201,283,237,559,299,691)
(202,282,238,558,265,396)(203,403,336,224,694,753)(204,255,460,384,519,227
)(205,369,324,321,218,223)(206,337,660,487,615,314)(207,430,661,488,620,
315)(208,313,458,659,486,338)(209,243)(210,555,566,440,724,331)
(213,368,247,215,476,343)(217,737,329,597,475,605)(219,378,250,628,319,253
)(221,468,340,527,335,771)(222,445,561,552,490,389)(225,612,449,765,252,
379)(226,601,465,668,334,738)(229,805,794,674,784,433)(231,678,278,692,
294,358)(233,500,719,356,501,796)(240,778,856,722,715,349)
(241,803,576,808,414,348)(242,496,706,347,497,809)(244,630,588,457,511,515
)(248,371,528,256,477,594)(260,759,865,395,867,386)(261,426)
(271,549,407,412,388,422)(272,781,482,573,592,578)(277,878,297,775,287,789
)(279,563,542,448,568,547)(285,641)(289,538,593,577,623,712)
(295,575,307,415,401,434)(298,853,557,884,873,841)(309,589,534,432,790,442
)(310,423,535,586,633,708)(311,483,441,341,366,525)(312,493,565,394,532,
332)(316,680,382,726,333,450)(318,539,375,616,454,517)(323,479,451,521,
377,663)(325,413,380,608,461,463)(326,464,425,327,381,471)
(339,520,731,646,626,514)(345,785,481,609,569,703)(350,361)(352,359)
(353,494)(354,613)(355,760,758,836,866,874)(362,504,509,603,860,495)
(363,651)(370,685,513,399,408,544)(383,596,729,618,516,782)
(391,890,854,881,833,888)(400,747)(402,583)(405,716,689,696,462,727)
(409,875,869,871,757,437)(416,721,435,550,697,453)(417,622,536,635,523,709
)(420,842)(427,845,872,877,530,887)(436,725,634,567,556,745)(439,560)
(447,587,546,700,562,595)(456,498,783,611,506,766)(466,734,730,811,639,600
)(480,604,522,673,740,679)(491,773,755,776,548,669)(492,636,749,701,713,
683)(499,507,735,732,503,508)(502,640)(533,570,554,705,693,764)
(540,885,831,870,830,889)(551,682,617,590,748,698)(579,714,684,666,629,750
)(582,662,800,664,632,802)(599,602)(643,648,814)(647,654,761)
(649,813,650)(653,707,767)(655,762,657)(656,710,769,786,846,795)
(672,792,675,711,752,839)(699,820,812,768,806,763)(797,838,804)
(810,849,859)(817,882,862)(819,861,863)(834,835)(858,886,883),
(4,5,7)(6,9,14)(8,12,20)(10,16,26)(11,18,30)
(13,22,33)(15,24,39)(17,28,46)(19,31,49)(21,34,53)
(23,37,40)(25,41,32)(27,44,67)(35,54,77)(36,56,81)
(38,51,74)(42,63,82)(43,65,95)(45,69,78)(48,72,104)
(50,52,60)(55,79,66)(57,83,61)(58,85,62)(59,87,75)
(64,93,132)(68,99,140)(70,102,146)(73,105,76)(80,113,163)
(84,117,171)(86,120,177)(88,123,182)(90,126,187)(91,128,190)
(92,130,194)(94,134,127)(96,98,110)(97,137,205)(100,142,214)
(101,144,218)(103,148,224)(106,151,230)(108,154,236)(109,156,239)
(111,159,245)(112,161,249)(114,165,255)(115,167,258)(116,169,262)
(118,173,269)(119,175,273)(121,129,192)(122,180,280)(124,184,284)
(125,185,285)(131,196,298)(133,199,302)(135,202,308)(136,139,209)
(138,207,317)(141,212,324)(143,216,328)(145,162,251)(147,222,337)
(149,226,208)(150,228,346)(152,232,351)(153,234,355)(155,238,358)
(157,241,360)(158,243,363)(160,247,370)(164,254,380)(166,257,383)
(168,260,195)(170,264,391)(172,267,263)(174,271,402)(176,198,188)
(178,276,290)(179,278,414)(181,237,282)(183,283,186)(189,288,392)
(191,291,427)(193,294,433)(197,265,393)(200,304,446)(201,306,299)
(203,310,451)(204,312,453)(206,315,309)(210,305,448)(211,322,467)
(213,325,384)(215,246,368)(217,329,326)(219,332,374)(220,334,225)
(221,336,482)(223,339,486)(227,344,493)(229,240,348)(231,349,235)
(233,353,497)(242,350,498)(244,365,511)(248,372,316)(250,300,440)
(252,376,520)(253,378,524)(256,382,528)(259,386,530)(261,388,533)
(266,395,540)(268,398,545)(270,400,549)(272,404,552)(274,407,554)
(275,409,557)(277,412,426)(279,416,568)(281,357,419)(286,420,406)
(287,422,301)(289,424,430)(292,429,443)(293,431,576)(295,435,401)
(296,437,385)(297,439,387)(303,444,591)(307,447,542)(311,441,381)
(313,455,601)(314,457,604)(318,375,341)(319,461,610)(320,463,595)
(321,465,612)(323,445,593)(327,471,483)(330,474,364)(331,476,394)
(333,469,518)(335,480,623)(338,484,626)(340,488,633)(342,490,527)
(343,485,628)(345,481,405)(347,494,639)(352,501,611)(354,362,509)
(356,361,500)(359,506,466)(366,475,616)(367,513,373)(369,514,659)
(371,516,459)(377,522,534)(379,526,668)(389,535,660)(390,537,674)
(396,421,558)(397,543,681)(399,547,519)(403,479,621)(408,555,627)
(410,559,692)(411,560,693)(413,563,489)(415,566,532)(417,569,436)
(423,538,577)(425,517,539)(428,531,671)(432,578,712)(434,581,717)
(438,585,722)(442,589,586)(449,598,731)(450,596,680)(452,470,510)
(454,597,464)(456,599,496)(458,606,738)(460,608,575)(462,536,523)
(468,478,620)(472,580,550)(473,588,676)(477,594,729)(487,631,753)
(491,629,750)(492,636,755)(495,613,603)(499,645,648)(502,649,643)
(503,650,644)(505,652,572)(507,655,642)(508,657,647)(512,619,741)
(515,661,521)(525,605,737)(529,670,778)(541,678,553)(544,587,724)
(546,562,697)(548,684,701)(551,687,786)(556,689,634)(561,695,630)
(564,699,792)(565,700,793)(567,703,725)(570,705,583)(573,708,781)
(574,710,682)(579,714,800)(582,713,683)(584,720,805)(590,728,763)
(592,615,740)(602,734,811)(607,694,790)(609,635,709)(614,679,663)
(617,723,806)(618,726,782)(622,745,696)(624,667,690)(625,685,721)
(632,749,666)(637,757,831)(638,759,833)(640,762,654)(646,765,736)
(653,767,707)(656,711,799)(662,669,776)(664,773,802)(665,673,771)
(672,779,812)(675,702,795)(677,691,704)(686,768,748)(688,788,751)
(698,739,769)(706,719,766)(715,801,856)(716,785,727)(718,803,808)
(730,809,783)(732,798,761)(735,813,814)(742,816,843)(743,818,815)
(744,820,839)(746,823,866)(747,775,789)(752,780,846)(754,827,871)
(756,821,865)(758,791,842)(760,835,874)(772,840,777)(774,828,873)
(784,850,794)(787,852,854)(797,804,838)(807,848,855)(810,859,849)
(817,862,882)(819,863,861)(822,832,834)(824,867,847)(825,868,851)
(826,869,872)(829,875,880)(830,864,876)(841,870,889)(845,877,853)
(858,883,886)(881,884,890)(885,887,888),
(1,2,3,4,6,10,17,29,47,71)(5,8,13,23,38,59,88,124,
34,46)(7,11,19,32,51,75,108,155,104,28)(9,15,25,42,64,
94,135,203,311,452)(12,21,35,55,80,114,166,254,381,511)
(14,24,40,61,90,127,189,289,425,474)(16,27,45,70,103,149,227,345,
123,183)(18,31,50,73,106,152,233,354,243,364)(20,33,52,76,109,
157,242,362,363,510)(22,36,57,84,118,174,272,405,280,284)
(26,43,66,97,138,208,319,462,236,283)(30,48,54,78,111,160,248,373,
517,365)(37,58,86,121,179,279,417,570,706,797)(39,60,89,125,186)
(41,62,91,129,193,295,436,583,719,804)(44,68,100,143,217,330,475,619,
743,819)(49,56,82,115,168,261,389,536,180,238)(53,65,96,136,204,
313,456,603,185,184)(63,92,131,197,300,441,588,726,807,858)
(67,98,139,210,321,466,613,285,358,72)(69,101,145,220,335,481,624,747,
816,862)(74,107,153,235,356,504,651,766,838,81)(77,110,158,244,366,
512,658,770,818,863)(79,112,162,252,377,523,667,775,843,882)
(83,116,170,265,394,539,676,782,848,883)(85,119,176,274,408,556,690,789,
855,886)(87,122,181,281,418,571,657,731,811,860)(93,133,200,305,449,
599,732,812,388,534)(95,99,141,213,326,470,616,741,815,861)
(102,147,223,340,175,199,303,445,594,476)(105,150,229,347,495,641,764,837,
879,891)(113,164,137,206,316,216,214,247,371,451)(117,172,268,399,548,
681,700,773,407,493)(120,178,277,413,564,545,563,698,560,694)
(126,188,287,423,574,674,781,792,850,552)(128,191,292,430,144,219,333,478,
484,627)(130,195,297,416,239,349,497,643,626,610)(132,198,301,442,590,
585,708,799,803,535)(134,201,307,450,600,733,813,820,864,887)
(140,211,323,469,615,329,473,618,742,817)(142,215,327,472,617,576,589,727,
444,592)(146,221,257,384,212,255,382,424,245,367)(148,225,342,491,637,
758,557,691,165,256)(151,231,350,499,646,344,262,173,270,401)
(154,237,357,505,653,762,806,801,488,634)(156,240,359,507,656,722,712,684,
398,546)(159,246,369,515,662,772,841,386,531,513)(161,250)
(163,253,379,527,669,777,845,540,677,380)(167,259,304,447,596,730,810,649,
514,660)(169,263,390,538,675,414,565,701,794,623)(171,266,396,542,680,
783,849,645,668,404)(177,275,410,310,249,374,518,663,765,555)
(182,282,419,572,707,798,795,856,790,689)(187,286,421,453,598,506,654,768,
402,480)(190,290,426,575,711,670,608,739,693,633)(192,293,432,579,715,
753,776,844,840,881)(194,296,438,586,723,294,434,582,718,522)
(196,299,312,454,353,503,334,479,622,746)(202,309,372,368,486,630,752,826,
870,298)(205,314,458,607,273,406,553,593,729,440)(207,318,460,609,308)
(209,320,464,611,509)(218,331)(222,338,485,629,751,788,854,885,302,443)
(224,341,489,635,288)(226,343,492,638,760,836,878,809,859,650)
(228,241,361,508,601,639,761,710,543,568)(230,348,496,642,699,537,578,713,
778,697)(232,352,502,339,487,632,754,828,874,234)(251,375,519,664,422,
573,709,393,332,477)(258,385,529,547,683,720,717,802,554,461)
(260,387,532,672,533,673,780,847,873,866)(264,392,336,383,524,606,695,687,
787,853)(267,397,544,682,784,490,636,756,830,877)(269,400,550,686,271,
403,551,688,757,832)(276,411,561,696,791)(278,415,567,704,325,467,614,
737,793,800)(291,428,370,516,317,376,521,666,774,842)(306,448,597,498,
644,520,665,745,822,391)(315,459,457,605,724,779,439,587,725,692)
(322,468,471,581,714,433,580,716,671,328)(324,378,525,566,702,431,577,703,
678,740)(337,483,625,748,549,685,785,429,482,528)(346,351,500,647,465,
494,640,763,805,435)(355,360,501,648,738,631,750,825,831,835)
(395,541,679,526,621,744,821,865,759,834)(409,558,463,455,602,735,786,851,
852,884)(412,562,569,705,796,857,652,767,655,769)(420,559,604,736,628,
749,824,867,869,888)(427,446,595,612,734,814,846,827,872,890)
(437,584,721,728,808,661,755,829,876,889)(530,591,620,659,771,839,880,875,
833,823)],2);
