#############################################################################
##
#W  ctborth2.tbl                GAP table library               Thomas Breuer
##
#H  @(#)$Id$
##
#Y  Copyright (C)  1996,  Lehrstuhl D fuer Mathematik,  RWTH Aachen,  Germany
##
##  This file contains the Brauer character tables related to the
##  orthogonal groups $O_8^+(2)$ and $O_8^+(3)$ (see file 'ctoorth2.tbl'),
##  modulo all prime divisors of the group order.
##
Revision.ctborth2_tbl :=
    "@(#)$Id$";

SET_TABLEFILENAME("ctborth2");
TEXT1:= "origin: modular ATLAS of finite groups, tests: DEC, TENS";

MBT("2.O8+(2).2",3,
TEXT1,
[9,9,9,9,9,9,9,9,9,9,9,10,11,9,9,11,10],
[5,1,1],
[[68,69,70,71,72,73,76,77,78,86,87,95,96]],
[,[[1,3],[2,3]],2],
[[[1,0,0,0,0,0,0,0,0,0,0,0,0],[0,1,0,0,0,0,0,0,0,0,0,0,0],[0,0,1,0,0,0,0,0,0,
0,0,0,0],[0,0,0,1,0,0,0,0,0,0,0,0,0],[-1,0,0,0,1,0,0,0,0,0,0,0,0],[0,-1,0,0,0,
1,0,0,0,0,0,0,0],[0,0,0,0,0,0,1,0,0,0,0,0,0],[-1,-1,0,0,0,0,0,1,0,0,0,0,0],[
-1,-1,0,0,0,0,0,0,1,0,0,0,0],[1,0,-2,0,-1,0,0,0,0,1,0,0,0],[0,1,0,-2,0,-1,0,0,
0,0,1,0,0],[0,0,-1,0,0,0,-1,0,0,0,0,1,0],[0,0,0,-1,0,0,-1,0,0,0,0,0,1]]],
[["O8+(2).2",0]],
[(27,28)(29,30)(31,32)(34,35)(38,39)(42,43)(44,45)(46,47)],
0);

MBT("2.O8+(2).2",5,
TEXT1,
[37,37,37,37,37,37,38,39,37,37,37,40,41,39,38,37,38,39,37,37,42,43,44,45,46,
47,39,38,37,37,48,49,50,51,52,53,54],
[2,1,1,0,0,0,0,0,0,0,0,0,0,0,0,0,0,0],
[[68,69,70,71,72,73,76,79,80,83,86,87,104,105]],
[,[[1,3],[2,4],[3,5],[4,5]],2],
[[[1,0,0,0,0,0,0,0,0,0,0,0,0,0],[0,1,0,0,0,0,0,0,0,0,0,0,0,0],[0,0,1,0,0,0,0,
0,0,0,0,0,0,0],[0,0,0,1,0,0,0,0,0,0,0,0,0,0],[-1,0,0,0,1,0,0,0,0,0,0,0,0,0],[
0,-1,0,0,0,1,0,0,0,0,0,0,0,0],[0,0,-1,-1,0,0,1,0,0,0,0,0,0,0],[1,0,0,0,-1,0,0,
1,0,0,0,0,0,0],[0,1,0,0,0,-1,0,0,1,0,0,0,0,0],[-1,-1,0,0,0,0,0,0,0,1,0,0,0,
0],[1,0,0,0,-1,0,0,0,0,0,1,0,0,0],[0,1,0,0,0,-1,0,0,0,0,0,1,0,0],[0,0,1,1,0,0,
-1,0,0,0,-1,0,0,1],[1,1,0,0,0,0,0,0,0,-1,1,0,1,-1]]],
[["O8+(2).2",0]],
[(55,56)(57,58)(59,60)(62,63)(66,67)(68,69)(70,71)(72,73)(74,75)(76,77)(78,79)
(82,83)(84,85)(88,89)(90,91)(92,93)(94,95)],
0);

MBT("2.O8+(2).2",7,
TEXT1,
[56,57,58,59,60,61,56,57,62,57,56,63,64,65,66,67,68,69,70,71,72,56,57,57,56,
73,74,75,76,77,78,79,57,56,80,81,82,83,84,85,86,87,88],
[1,1,0,0,0,0,0,0,0,0,0,0,0,0,0,0,0,0,0,0,0,0,0,0,0,0,0,0,0,0,0,0,0],
[],
[[[1,2],[2,4],[3,6],[4,5],[5,7],[6,7]],1],
[],
[["O8+(2).2",0]],
[( 64, 65)( 66, 67)( 68, 69)( 71, 72)( 75, 76)( 77, 78)( 79, 80)( 81, 82)
( 83, 84)( 85, 86)( 87, 88)( 91, 92)( 93, 94)( 95, 96)( 99,100)(101,102)
(103,104)(105,106)(107,108)],
0);

MBT("2.O8+(2)",3,
TEXT1,
[7,7,7,7,7,7,7,8,7,8],
[5,1],
[[54,55,56,58,59,60,66,72]],
[,[[1,3],[2,3]]],
[[[1,0,0,0,0,0,0,0],[0,1,0,0,0,0,0,0],[-1,0,1,0,0,0,0,0],[0,0,0,1,0,0,0,0],[0,
0,0,0,1,0,0,0],[-2,0,0,0,0,1,0,0],[1,-2,-1,0,0,0,1,0],[0,-1,0,-1,-1,0,0,1]]],
[["O8+(2)",0]],
[( 6, 7)(14,15)(19,21)(20,22)(30,31)],
0);

MBT("2.O8+(2)",5,
TEXT1,
[27,27,27,28,27,27,27,29,28,27,27,28,27,30,31,32,28,27,33,34,35,36,37],
[2,1,0,0,0,0,0,0,0,0,0],
[[54,55,56,58,59,61,63,64,66,78]],
[,[[1,3],[2,4],[3,5],[4,5]]],
[[[1,0,0,0,0,0,0,0,0,0],[0,1,0,0,0,0,0,0,0,0],[-1,0,1,0,0,0,0,0,0,0],[0,-1,0,
1,0,0,0,0,0,0],[0,-1,0,0,1,0,0,0,0,0],[1,0,-1,0,0,1,0,0,0,0],[-1,0,0,0,0,0,1,
0,0,0],[-1,0,0,0,0,0,0,1,0,0],[1,0,-1,0,0,0,0,0,1,0],[1,1,0,0,-1,0,0,-1,0,
1]]],
[["O8+(2)",0]],
[( 6, 7)(11,13)(12,14)(24,25)(29,30)(33,34)(38,39)(42,43)(52,54)(53,55)(58,60)
(59,61)(66,67)],
0);

MBT("2.O8+(2)",7,
TEXT1,
[48,49,50,48,51,52,48,53,54,55,56,57,58,59,60,48,48,61,62,63,64,65,48,66,67,
68,69,70,71],
[1,0,0,0,0,0,0,0,0,0,0,0,0,0,0,0,0,0,0,0,0,0,0,0],
[],
[[[1,2],[2,4],[3,6],[4,5],[5,7],[6,7]]],
[],
[["O8+(2)",0]],
[( 6, 7)(11,13)(12,14)(24,25)(29,31)(30,32)(35,36)(39,40)(44,45)(48,49)(56,58)
(57,59)(62,63)(66,68)(67,69)(74,75)(78,80)(79,81)],
0);

MBT("O8+(2).2",2,
TEXT1,
[1,1,1,1,1,1,1,1,1,1,1,2],
[13,1],
[[1,3,5,7,10,12,15,17,18,40,42]],
[,[[1,2]]],
[[[1,0,0,0,0,0,0,0,0,0,0],[1,-1,1,0,0,0,0,0,0,0,0],[2,-2,0,1,0,0,0,0,0,0,0],[
-2,1,0,0,0,0,0,0,0,0,0],[-1,0,-1,0,1,0,0,0,0,0,0],[-2,0,0,-1,0,1,0,0,0,0,0],[
-1,2,-1,-1,0,0,1,0,0,0,0],[-2,4,-2,-2,0,0,0,1,0,0,0],[2,-2,0,0,0,0,0,0,1,0,
0],[-1,2,-1,-1,0,0,-1,0,-1,1,0],[-2,4,-2,-2,0,0,0,-1,-2,0,1]]],
0,
[],
[1,1,1,1,1,1,1,1,1,1,1,1]);

MBT("O8+(2).2",3,
TEXT1,
[1,1,1,1,1,1,1,1,1,1,1,1,1,1,1,1,1,1,2,3,4,5,6,1,1,3,2,4,7,8],
[5,1,1,1,0,0,0,0],
[[1,2,3,4,5,6,7,8,9,13,14,20,21,22,23,29,30,31,43,44]],
[,[[1,3],[2,3]],2,2],
[[[1,0,0,0,0,0,0,0,0,0,0,0,0,0,0,0,0,0,0,0],[0,1,0,0,0,0,0,0,0,0,0,0,0,0,0,0,
0,0,0,0],[0,0,1,0,0,0,0,0,0,0,0,0,0,0,0,0,0,0,0,0],[0,0,0,1,0,0,0,0,0,0,0,0,0,
0,0,0,0,0,0,0],[0,0,0,0,1,0,0,0,0,0,0,0,0,0,0,0,0,0,0,0],[0,0,0,0,0,1,0,0,0,0,
0,0,0,0,0,0,0,0,0,0],[0,0,0,0,0,0,1,0,0,0,0,0,0,0,0,0,0,0,0,0],[-1,-1,0,0,0,0,
0,1,0,0,0,0,0,0,0,0,0,0,0,0],[-1,-1,0,0,0,0,0,0,1,0,0,0,0,0,0,0,0,0,0,0],[0,0,
0,-1,0,0,0,0,0,1,0,0,0,0,0,0,0,0,0,0],[0,0,-1,0,0,0,0,0,0,0,1,0,0,0,0,0,0,0,0,
0],[0,0,-1,0,0,0,0,0,0,0,0,1,0,0,0,0,0,0,0,0],[0,0,0,-1,0,0,0,0,0,0,0,0,1,0,0,
0,0,0,0,0],[0,0,-1,0,0,0,0,0,0,0,0,0,0,1,0,0,0,0,0,0],[0,0,0,-1,0,0,0,0,0,0,0,
0,0,0,1,0,0,0,0,0],[0,0,0,1,-1,0,0,0,0,-1,0,0,0,0,0,1,0,0,0,0],[0,0,1,0,0,-1,
0,0,0,0,-1,0,0,0,0,0,1,0,0,0],[0,0,1,1,0,0,-1,0,0,-1,-1,0,0,0,0,0,0,1,0,0],[0,
0,-1,0,0,0,0,0,0,-1,0,0,0,0,0,0,0,0,1,0],[0,0,0,-1,0,0,0,0,0,0,-1,0,0,0,0,0,0,
0,0,1]]],
0,
[],
0);

MBT("O8+(2).2",5,
TEXT1,
[1,1,1,1,2,3,4,5,6,1,1,1,7,8,3,2,4,9,10,11,12,13,14,1,1,1,15,16,17,18,19,1,1,
2,3,4,20,21,22,23,24,25,26,27,1,1,3,2,4,28,29,30,31,32,33,34,35,36],
[2,1,1,1,0,0,0,0,0,0,0,0,0,0,0,0,0,0,0,0,0,0,0,0,0,0,0,0,0,0,0,0,0,0,0,0],
[[1,2,3,4,10,11,12,24,25,26,35,36,54,55]],
[,[[1,3],[2,4],[3,5],[4,5]],2,2],
[[[1,0,0,0,0,0,0,0,0,0,0,0,0,0],[0,1,0,0,0,0,0,0,0,0,0,0,0,0],[0,0,1,0,0,0,0,
0,0,0,0,0,0,0],[0,0,0,1,0,0,0,0,0,0,0,0,0,0],[-1,0,0,0,1,0,0,0,0,0,0,0,0,0],[
0,-1,0,0,0,1,0,0,0,0,0,0,0,0],[-1,-1,0,0,0,0,1,0,0,0,0,0,0,0],[0,0,-1,0,0,0,0,
1,0,0,0,0,0,0],[0,0,0,-1,0,0,0,0,1,0,0,0,0,0],[0,0,-1,-1,0,0,0,0,0,1,0,0,0,
0],[1,1,0,0,-1,0,-1,0,0,0,1,0,0,0],[1,1,0,0,0,-1,-1,0,0,0,0,1,0,0],[0,0,1,0,0,
0,0,-1,0,0,0,0,1,0],[0,0,0,1,0,0,0,0,-1,0,0,0,0,1]]],
0,
[],
0);

MBT("O8+(2).2",7,
TEXT1,
[1,2,3,4,5,6,7,2,1,8,9,10,11,12,13,14,15,1,2,16,17,18,19,20,21,22,23,24,25,26,
27,28,29,30,2,1,31,32,33,34,35,36,37,38,39,40,41,42,43,44,45,46,47,48,49,50,2,
1,51,52,53,1,2,54,55],
[1,1,0,0,0,0,0,0,0,0,0,0,0,0,0,0,0,0,0,0,0,0,0,0,0,0,0,0,0,0,0,0,0,0,0,0,0,0,
0,0,0,0,0,0,0,0,0,0,0,0,0,0,0,0,0],
[],
[[[1,3],[2,4],[3,6],[4,5],[5,7],[6,7]],1],
[],
0,
[],
0);

MBT("O8+(2).3",2,
TEXT1,
[1,1,1,1,1,1,1,1,1,1,1,1,1,2,3,4],
[12,0,0,0],
[[1,2,3,4,5,6,7,11,15,16,17,18,35]],
[],
[[[1,0,0,0,0,0,0,0,0,0,0,0,0],[0,1,0,0,0,0,0,0,0,0,0,0,0],[0,0,1,0,0,0,0,0,0,
0,0,0,0],[1,1,1,-1,-1,-1,1,0,0,0,0,0,0],[0,-1,-1,1,0,0,0,0,0,0,0,0,0],[-1,0,
-1,0,1,0,0,0,0,0,0,0,0],[-1,-1,0,0,0,1,0,0,0,0,0,0,0],[-1,-1,-1,0,0,0,-1,1,0,
0,0,0,0],[-1,-1,-1,2,2,2,-3,0,1,0,0,0,0],[0,1,1,-2,0,0,0,0,0,1,0,0,0],[1,0,1,
0,-2,0,0,0,0,0,1,0,0],[1,1,0,0,0,-2,0,0,0,0,0,1,0],[-1,-1,-1,2,2,2,-3,0,-1,-1,
-1,-1,1]]],
0,
[( 9,10)(11,12)(13,14)(15,16)],
[1,0,0,1,1,0,0,1,1,1,0,0,1,1,0,0]);

MBT("O8+(2).3",3,
TEXT1,
[1,1,1,1,1,1,1,1,2,3,1,2,4],
[6,1,1,1],
[[1,4,7,8,12,19,22,29,36]],
[,[[1,3],[2,3]],[[1,2,3]],3],
[[[1,0,0,0,0,0,0,0,0],[0,1,0,0,0,0,0,0,0],[0,0,1,0,0,0,0,0,0],[-2,0,0,1,0,0,0,
0,0],[0,-1,0,0,1,0,0,0,0],[0,-1,0,0,0,1,0,0,0],[0,-1,0,0,0,0,1,0,0],[0,3,-1,0,
-3,0,0,1,0],[0,-1,0,0,-1,0,0,0,1]]],
0,
[],
0);

MBT("O8+(2).3",5,
TEXT1,
[1,1,1,1,1,1,2,3,4,5,1,6,7,8,2,9,10,11,12,13,14,15,16,17,1,18,19,20,21,1,1,1,
2,22,23,24,25,26,1,1,1,2,27,28,29,30,31,32,33,34,35,36],
[2,1,0,0,0,0,0,0,0,0,0,0,0,0,0,0,0,0,0,0,0,0,0,0,0,0,0,0,0,0,0,0,0,0,0,0],
[[1,2,3,4,5,6,11,25,31,32,33,42,47,48]],
[,[[1,3],[2,4],[3,5],[4,5]]],
[[[1,0,0,0,0,0,0,0,0,0,0,0,0,0],[0,1,0,0,0,0,0,0,0,0,0,0,0,0],[0,0,1,0,0,0,0,
0,0,0,0,0,0,0],[0,0,0,1,0,0,0,0,0,0,0,0,0,0],[0,0,0,0,1,0,0,0,0,0,0,0,0,0],[0,
0,0,0,0,1,0,0,0,0,0,0,0,0],[-1,-1,-1,0,0,0,1,0,0,0,0,0,0,0],[0,0,0,-1,-1,-1,0,
1,0,0,0,0,0,0],[0,1,1,0,0,0,-1,0,1,0,0,0,0,0],[1,0,1,0,0,0,-1,0,0,1,0,0,0,0],[
1,1,0,0,0,0,-1,0,0,0,1,0,0,0],[0,-1,-1,0,1,1,1,-1,-1,0,0,0,1,0],[-1,0,-1,1,0,
1,1,-1,0,-1,0,0,0,1],[1,1,2,0,0,-1,-2,1,1,1,0,1,-1,-1]]],
0,
[(25,26)(27,28)(29,30)(31,32)(33,34)(35,36)(37,38)(39,40)(41,42)(43,44)(45,46)
(47,48)(49,50)(51,52)],
0);

MBT("O8+(2).3",7,
TEXT1,
[1,2,3,4,5,6,7,1,2,3,8,9,10,11,12,1,2,3,13,14,15,16,17,18,19,20,21,22,23,24,1,
2,3,25,26,27,28,29,30,31,32,33,1,2,3,34,1,2,3,35,36,37],
[1,1,1,0,0,0,0,0,0,0,0,0,0,0,0,0,0,0,0,0,0,0,0,0,0,0,0,0,0,0,0,0,0,0,0,0,0],
[],
[[[1,3],[2,4],[3,6],[4,5],[5,7],[6,7]],1,1],
[],
0,
[(27,28)(29,30)(31,32)(33,34)(35,36)(37,38)(39,40)(41,42)(43,44)(45,46)(47,48)
(49,50)(51,52)],
0);

MBT("O8+(2)",2,
TEXT1,
[1,1,1,1,1,1,1,1,1,1,1,1,1,1,1,2],
[12,0],
[[1,2,3,4,5,7,8,9,11,12,13,14,31,32,33]],
[],
[[[1,0,0,0,0,0,0,0,0,0,0,0,0,0,0],[1,-1,1,0,0,0,0,0,0,0,0,0,0,0,0],[1,-1,0,1,
0,0,0,0,0,0,0,0,0,0,0],[1,-1,0,0,1,0,0,0,0,0,0,0,0,0,0],[-2,1,0,0,0,0,0,0,0,0,
0,0,0,0,0],[-1,0,-1,0,0,1,0,0,0,0,0,0,0,0,0],[-1,0,0,-1,0,0,1,0,0,0,0,0,0,0,
0],[-1,0,0,0,-1,0,0,1,0,0,0,0,0,0,0],[-1,2,-1,-1,-1,0,0,0,1,0,0,0,0,0,0],[-1,
2,-1,-1,-1,0,0,0,0,1,0,0,0,0,0],[-1,2,-1,-1,-1,0,0,0,0,0,1,0,0,0,0],[2,-2,0,0,
0,0,0,0,0,0,0,1,0,0,0],[-1,2,-1,-1,-1,0,0,0,-1,0,0,-1,1,0,0],[-1,2,-1,-1,-1,0,
0,0,0,-1,0,-1,0,1,0],[-1,2,-1,-1,-1,0,0,0,0,0,-1,-1,0,0,1]]],
0,
[( 3, 4)( 8, 9)(12,13)(15,16),( 2, 3)( 7, 8)(11,12)(14,15)],
[1,1,1,1,1,1,1,1,1,1,1,1,1,1,1,1]);

MBT("O8+(2)",3,
TEXT1,
[1,1,1,1,1,1,1,1,1,1,1,1,2,3,4,5,1,2,3,4,6],
[5,1,1,1,0,0],
[[1,2,3,4,5,6,10,15,16,21,22,23,34]],
[,[[1,3],[2,3]],2,2],
[[[1,0,0,0,0,0,0,0,0,0,0,0,0],[0,1,0,0,0,0,0,0,0,0,0,0,0],[0,0,1,0,0,0,0,0,0,
0,0,0,0],[0,0,0,1,0,0,0,0,0,0,0,0,0],[0,0,0,0,1,0,0,0,0,0,0,0,0],[-2,0,0,0,0,
1,0,0,0,0,0,0,0],[0,-1,0,0,0,0,1,0,0,0,0,0,0],[0,-1,0,0,0,0,0,1,0,0,0,0,0],[0,
-1,0,0,0,0,0,0,1,0,0,0,0],[0,1,-1,0,0,0,-1,0,0,1,0,0,0],[0,1,0,-1,0,0,-1,0,0,
0,1,0,0],[0,1,0,0,-1,0,-1,0,0,0,0,1,0],[0,-1,0,0,0,0,-1,0,0,0,0,0,1]]],
0,
[( 4, 5)(10,11)(14,15)(20,21),( 3, 4)( 9,10)(13,14)(19,20)],
0);

MBT("O8+(2)",5,
TEXT1,
[1,1,2,3,4,5,1,1,1,6,2,3,4,7,8,9,1,1,1,10,11,12,13,1,2,3,4,14,15,16,17,18,19,
20,1,2,3,4,21,22,23,24,25,26],
[2,1,1,1,0,0,0,0,0,0,0,0,0,0,0,0,0,0,0,0,0,0,0,0,0,0],
[[1,2,7,8,9,17,18,19,27,44]],
[,[[1,3],[2,4],[3,5],[4,5]],2,2],
[[[1,0,0,0,0,0,0,0,0,0],[0,1,0,0,0,0,0,0,0,0],[-1,0,1,0,0,0,0,0,0,0],[-1,0,0,
1,0,0,0,0,0,0],[-1,0,0,0,1,0,0,0,0,0],[0,-1,0,0,0,1,0,0,0,0],[0,-1,0,0,0,0,1,
0,0,0],[0,-1,0,0,0,0,0,1,0,0],[2,0,-1,-1,-1,0,0,0,1,0],[0,1,0,0,0,-1,0,0,0,
1]]],
0,
[( 4, 5)( 8, 9)(15,16)(19,20)(22,23)(26,27)(29,30)(36,37)(39,40)(43,44),
( 3, 4)( 7, 8)(14,15)(18,19)(21,22)(25,26)(28,29)(35,36)(38,39)(42,43)],
0);

MBT("O8+(2)",7,
TEXT1,
[1,2,3,4,5,1,6,7,8,9,10,11,12,1,13,14,15,16,17,18,19,20,21,22,23,24,1,25,26,
27,28,29,30,31,32,33,34,35,36,37,38,39,40,41,42,43,1,44,45,46,1,47],
[1,0,0,0,0,0,0,0,0,0,0,0,0,0,0,0,0,0,0,0,0,0,0,0,0,0,0,0,0,0,0,0,0,0,0,0,0,0,
0,0,0,0,0,0,0,0,0],
[],
[[[1,3],[2,4],[3,6],[4,5],[5,7],[6,7]]],
[],
0,
[( 4, 5)( 8, 9)(15,16)(19,20)(22,23)(25,26)(29,30)(32,33)(38,39)(41,42)(44,45)
(48,49)(51,52),( 3, 4)( 7, 8)(14,15)(18,19)(21,22)(24,25)(28,29)(31,32)(37,38)
(40,41)(43,44)(47,48)(50,51)],
0);

MBT("O8+(3)",13,
TEXT1,
[1,2,3,4,5,6,7,1,8,9,10,11,12,13,14,15,16,17,18,19,20,21,1,22,23,24,25,26,27,
28,29,30,31,32,33,1,34,35,36,37,38,39,40,41,42,43,44,45,46,47,48,49,50,51,52,
53,54,55,56,57,58,59,60,61,62,63,64,65,66,67,68,69,70,71,72,73,74,75,76,77,78,
1,79,80,81,82,83,84,85,86,87,88,89,90,91,92,93,94,95,96,97,98,99,100,101,102,
103,104,105,106,107,1],
[1,0,0,0,0,0,0,0,0,0,0,0,0,0,0,0,0,0,0,0,0,0,0,0,0,0,0,0,0,0,0,0,0,0,0,0,0,0,
0,0,0,0,0,0,0,0,0,0,0,0,0,0,0,0,0,0,0,0,0,0,0,0,0,0,0,0,0,0,0,0,0,0,0,0,0,0,0,
0,0,0,0,0,0,0,0,0,0,0,0,0,0,0,0,0,0,0,0,0,0,0,0,0,0,0,0,0,0],
[],
[[[1,3],[2,4],[3,6],[4,5],[5,7,8],[6,7,8]]],
[],
0,
[(  8, 11)(  9, 12)( 13, 14)( 15, 16)( 32, 35)( 33, 36)( 38, 41)( 39, 42)
( 46, 47)( 48, 49)( 50, 51)( 52, 53)( 59, 62)( 60, 63)( 64, 65)( 66, 67)
( 68, 69)( 70, 71)( 79, 82)( 80, 83)( 85, 86)( 87, 88)( 90, 93)( 91, 94)
( 99,102)(100,103)(105,108)(106,109),(  7, 10)(  9, 12)( 13, 15)( 14, 16)
( 31, 34)( 33, 36)( 37, 40)( 39, 42)( 46, 48)( 47, 49)( 50, 52)( 51, 53)
( 58, 61)( 60, 63)( 64, 66)( 65, 67)( 68, 70)( 69, 71)( 78, 81)( 80, 83)
( 85, 87)( 86, 88)( 89, 92)( 91, 94)( 98,101)(100,103)(104,107)(106,109),
(  3,  4)(  8,  9)( 11, 12)( 15, 16)( 21, 22)( 25, 26)( 28, 29)( 32, 33)
( 35, 36)( 38, 39)( 41, 42)( 44, 45)( 48, 49)( 52, 53)( 59, 60)( 62, 63)
( 66, 67)( 70, 71)( 73, 74)( 76, 77)( 79, 80)( 82, 83)( 87, 88)( 90, 91)
( 93, 94)( 96, 97)( 99,100)(102,103)(105,106)(108,109)(111,112),(  2,  3)
(  7,  8)( 10, 11)( 14, 15)( 20, 21)( 24, 25)( 27, 28)( 31, 32)( 34, 35)
( 37, 38)( 40, 41)( 43, 44)( 47, 48)( 51, 52)( 58, 59)( 61, 62)( 65, 66)
( 69, 70)( 72, 73)( 75, 76)( 78, 79)( 81, 82)( 86, 87)( 89, 90)( 92, 93)
( 95, 96)( 98, 99)(101,102)(104,105)(107,108)(110,111)],
0,
rec(version:=1,
date:="18.02.94"));

MBT("O8+(3)",2,
TEXT1,
[1,1,1,1,1,1,1,1,1,1,1,1,1,1,1,1,1,1,1,1,1,1,1,1,2,3,4,1,1,1,1,2,3,4,2,3,4,5,
6,7],
[12,3,3,3,2,0,0],
[[1,2,3,4,5,6,7,8,12,13,14,15,16,24,26,27,28,29,30,31,32,33,34,35,59,60,61,
62],[50,83,86],[51,84,87],[52,85,88]],
[,,,,[[1,2,3,4]]],
[[[1,0,0,0,0,0,0,0,0,0,0,0,0,0,0,0,0,0,0,0,0,0,0,0,0,0,0,0],[0,1,0,0,0,0,0,0,
0,0,0,0,0,0,0,0,0,0,0,0,0,0,0,0,0,0,0,0],[0,0,1,0,0,0,0,0,0,0,0,0,0,0,0,0,0,0,
0,0,0,0,0,0,0,0,0,0],[0,0,0,1,0,0,0,0,0,0,0,0,0,0,0,0,0,0,0,0,0,0,0,0,0,0,0,
0],[0,0,0,0,1,0,0,0,0,0,0,0,0,0,0,0,0,0,0,0,0,0,0,0,0,0,0,0],[0,0,0,0,0,1,0,0,
0,0,0,0,0,0,0,0,0,0,0,0,0,0,0,0,0,0,0,0],[0,0,0,0,0,0,1,0,0,0,0,0,0,0,0,0,0,0,
0,0,0,0,0,0,0,0,0,0],[-2,0,0,0,0,0,0,1,0,0,0,0,0,0,0,0,0,0,0,0,0,0,0,0,0,0,0,
0],[1,0,0,0,-1,-1,-1,-1,1,0,0,0,0,0,0,0,0,0,0,0,0,0,0,0,0,0,0,0],[1,0,-1,-1,
-1,0,0,-1,0,1,0,0,0,0,0,0,0,0,0,0,0,0,0,0,0,0,0,0],[1,-1,0,-1,0,-1,0,-1,0,0,1,
0,0,0,0,0,0,0,0,0,0,0,0,0,0,0,0,0],[1,-1,-1,0,0,0,-1,-1,0,0,0,1,0,0,0,0,0,0,0,
0,0,0,0,0,0,0,0,0],[0,0,0,0,0,0,0,0,0,0,0,0,1,0,0,0,0,0,0,0,0,0,0,0,0,0,0,0],[
-1,0,0,0,1,1,1,1,-1,0,0,0,-1,0,1,0,0,0,0,0,0,0,0,0,0,0,0,0],[-1,0,1,1,1,0,0,1,
0,-1,0,0,-1,0,0,1,0,0,0,0,0,0,0,0,0,0,0,0],[-1,1,0,1,0,1,0,1,0,0,-1,0,-1,0,0,
0,1,0,0,0,0,0,0,0,0,0,0,0],[-1,1,1,0,0,0,1,1,0,0,0,-1,-1,0,0,0,0,1,0,0,0,0,0,
0,0,0,0,0],[2,-1,-1,-1,-1,-1,-1,-2,0,0,0,0,0,1,0,0,0,0,0,0,0,0,0,0,0,0,0,0],[
-2,0,1,1,0,1,1,2,0,0,-1,-1,-1,0,0,0,0,0,1,0,0,0,0,0,0,0,0,0],[-2,1,0,1,1,0,1,
2,0,-1,0,-1,-1,0,0,0,0,0,0,1,0,0,0,0,0,0,0,0],[-2,1,1,0,1,1,0,2,0,-1,-1,0,-1,
0,0,0,0,0,0,0,1,0,0,0,0,0,0,0],[-2,0,1,1,0,1,1,2,-1,-1,0,0,-1,0,0,0,0,0,0,0,0,
1,0,0,0,0,0,0],[-2,1,0,1,1,0,1,2,-1,0,-1,0,-1,0,0,0,0,0,0,0,0,0,1,0,0,0,0,0],[
-2,1,1,0,1,1,0,2,-1,0,0,-1,-1,0,0,0,0,0,0,0,0,0,0,1,0,0,0,0],[-1,0,0,0,1,1,1,
1,-1,0,0,0,-1,0,0,0,0,0,0,0,0,0,0,0,1,0,0,0],[-1,0,1,1,1,0,0,1,0,-1,0,0,-1,0,
0,0,0,0,0,0,0,0,0,0,0,1,0,0],[-1,1,0,1,0,1,0,1,0,0,-1,0,-1,0,0,0,0,0,0,0,0,0,
0,0,0,0,1,0],[-1,1,1,0,0,0,1,1,0,0,0,-1,-1,0,0,0,0,0,0,0,0,0,0,0,0,0,0,1]],[[
1,0,0],[-1,1,0],[-1,0,1]],2,2],
0,
[(33,34),( 4, 5)( 7, 8)(11,12)(16,17)(20,21)(23,24)(27,28)(31,32)(36,37)
(39,40),( 4, 7)( 5, 8)( 9,10)(11,12)(20,23)(21,24)(25,26)(27,28)(29,30)(31,32)
(36,39)(37,40),( 3, 4)( 6, 7)(10,11)(15,16)(19,20)(22,23)(26,27)(30,31)(35,36)
(38,39)],
[1,1,1,1,1,1,1,1,1,1,1,1,1,1,1,1,1,1,1,1,1,1,1,1,1,1,1,1,1,1,1,1,1,1,1,1,1,1,
1,1],
rec(version:=1,
date:="09.03.94"));

MBT("O8+(3)",5,
TEXT1,
[1,2,3,4,5,6,7,8,1,1,1,9,10,11,12,1,5,6,7,2,3,4,13,14,15,16,17,18,19,1,20,21,
22,23,24,25,26,27,28,29,27,28,29,30,31,32,33,34,35,1,1,1,2,3,4,5,6,7,36,37,38,
39,40,41,42,43,44,45,5,6,7,2,3,4,46,47,48,49,50,27,28,29,27,28,29,51,52,53,54,
55,56,57,58,59,60,1,61,62,63],
[2,1,1,1,1,1,1,0,0,0,0,0,0,0,0,0,0,0,0,0,0,0,0,0,0,0,1,1,1,0,0,0,0,0,0,0,0,0,
0,0,0,0,0,0,0,0,0,0,0,0,0,0,0,0,0,0,0,0,0,0,0,0,0],
[[1,9,10,11,16,36,50,51,52,105]],
[,[[1,3],[2,4],[3,5],[4,5]],2,2,2,2,2,,,,,,,,,,,,,,,,,,,,2,2,2],
[[[1,0,0,0,0,0,0,0,0,0],[-1,1,0,0,0,0,0,0,0,0],[-1,0,1,0,0,0,0,0,0,0],[-1,0,0,
1,0,0,0,0,0,0],[0,0,0,0,1,0,0,0,0,0],[2,-1,-1,-1,0,1,0,0,0,0],[0,0,0,0,-1,0,1,
0,0,0],[0,0,0,0,-1,0,0,1,0,0],[0,0,0,0,-1,0,0,0,1,0],[0,0,0,0,1,0,-1,0,0,1]]],
0,
[(89,90),( 8,11)( 9,12)(13,14)(15,16)(29,32)(30,33)(35,38)(36,39)(43,44)
(45,46)(47,48)(49,50)(56,59)(57,60)(61,62)(63,64)(65,66)(67,68)(73,76)(74,77)
(79,80)(81,82)(84,87)(85,88)(95,98)(96,99),( 7,10)( 9,12)(13,15)(14,16)(28,31)
(30,33)(34,37)(36,39)(43,45)(44,46)(47,49)(48,50)(55,58)(57,60)(61,63)(62,64)
(65,67)(66,68)(72,75)(74,77)(79,81)(80,82)(83,86)(85,88)(94,97)(96,99),( 3, 4)
( 8, 9)(11,12)(15,16)(21,22)(25,26)(29,30)(32,33)(35,36)(38,39)(41,42)(45,46)
(49,50)(56,57)(59,60)(63,64)(67,68)(70,71)(73,74)(76,77)(81,82)(84,85)(87,88)
(92,93)(95,96)(98,99),( 2, 3)( 7, 8)(10,11)(14,15)(20,21)(24,25)(28,29)(31,32)
(34,35)(37,38)(40,41)(44,45)(48,49)(55,56)(58,59)(62,63)(66,67)(69,70)(72,73)
(75,76)(80,81)(83,84)(86,87)(91,92)(94,95)(97,98)],
0,
rec(version:=1,
date:="13.07.92"));

MBT("O8+(3)",7,
TEXT1,
[1,2,3,4,2,3,4,1,5,6,7,8,9,10,11,1,12,13,14,15,16,17,18,1,19,20,21,22,23,2,3,
4,2,3,4,24,25,26,27,28,29,30,31,32,33,34,35,36,37,38,39,40,41,42,43,44,45,46,
47,48,49,50,51,52,53,54,55,56,57,58,59,2,3,4,2,3,4,60,61,62,63,1,64,65,66,67,
68,69,70,71,72,73,74,75,76,77,78,79,80,81,1,82,83,84,85,86,87,88,89,90],
[1,1,1,1,0,0,0,0,0,0,0,0,0,0,0,0,0,0,0,0,0,0,0,0,0,0,0,0,0,0,0,0,0,0,0,0,0,0,
0,0,0,0,0,0,0,0,0,0,0,0,0,0,0,0,0,0,0,0,0,0,0,0,0,0,0,0,0,0,0,0,0,0,0,0,0,0,0,
0,0,0,0,0,0,0,0,0,0,0,0,0],
[],
[[[1,2],[2,4],[3,6],[4,5],[5,7],[6,7]],[[1,3],[2,4],[3,5],[4,6],[5,7],[6,7]],
2,2],
[],
0,
[( 94, 95),(  8, 11)(  9, 12)( 13, 14)( 15, 16)( 32, 35)( 33, 36)( 38, 41)
( 39, 42)( 46, 47)( 48, 49)( 50, 51)( 52, 53)( 58, 61)( 59, 62)( 63, 64)
( 65, 66)( 67, 68)( 69, 70)( 78, 81)( 79, 82)( 84, 85)( 86, 87)( 89, 92)
( 90, 93)( 97,100)( 98,101)(103,106)(104,107),(  7, 10)(  9, 12)( 13, 15)
( 14, 16)( 31, 34)( 33, 36)( 37, 40)( 39, 42)( 46, 48)( 47, 49)( 50, 52)
( 51, 53)( 57, 60)( 59, 62)( 63, 65)( 64, 66)( 67, 69)( 68, 70)( 77, 80)
( 79, 82)( 84, 86)( 85, 87)( 88, 91)( 90, 93)( 96, 99)( 98,101)(102,105)
(104,107),(  3,  4)(  8,  9)( 11, 12)( 15, 16)( 21, 22)( 25, 26)( 28, 29)
( 32, 33)( 35, 36)( 38, 39)( 41, 42)( 44, 45)( 48, 49)( 52, 53)( 58, 59)
( 61, 62)( 65, 66)( 69, 70)( 72, 73)( 75, 76)( 78, 79)( 81, 82)( 86, 87)
( 89, 90)( 92, 93)( 97, 98)(100,101)(103,104)(106,107)(109,110),(  2,  3)
(  7,  8)( 10, 11)( 14, 15)( 20, 21)( 24, 25)( 27, 28)( 31, 32)( 34, 35)
( 37, 38)( 40, 41)( 43, 44)( 47, 48)( 51, 52)( 57, 58)( 60, 61)( 64, 65)
( 68, 69)( 71, 72)( 74, 75)( 77, 78)( 80, 81)( 85, 86)( 88, 89)( 91, 92)
( 96, 97)( 99,100)(102,103)(105,106)(108,109)],
0,
rec(version:=1,
date:="15.07.92"));

MBT("O8+(3).2_1",13,
TEXT1,
[1,2,3,4,5,6,7,8,1,2,9,10,11,12,13,14,15,16,17,18,19,20,21,22,23,24,1,2,25,26,
27,28,29,30,31,32,33,34,35,36,1,2,37,38,39,40,41,42,43,44,45,46,47,48,49,50,
51,52,53,54,55,56,57,58,59,60,61,62,63,64,65,66,67,68,69,70,71,72,73,74,75,76,
77,78,79,80,81,82,83,84,85,86,87,88,89,90,1,2,91,92,93,94,95,96,97,98,99,100,
101,102,103,104,105,106,107,108,109,110,111,112,113,114,116,115,117,118,119,
120,121,122,123,124,125,126,127,128,129,130,1,2],
[1,1,0,0,0,0,0,0,0,0,0,0,0,0,0,0,0,0,0,0,0,0,0,0,0,0,0,0,0,0,0,0,0,0,0,0,0,0,
0,0,0,0,0,0,0,0,0,0,0,0,0,0,0,0,0,0,0,0,0,0,0,0,0,0,0,0,0,0,0,0,0,0,0,0,0,0,0,
0,0,0,0,0,0,0,0,0,0,0,0,0,0,0,0,0,0,0,0,0,0,0,0,0,0,0,0,0,0,0,0,0,0,0,0,0,0,0,
0,0,0,0,0,0,0,0,0,0,0,0,0,0],
[],
[[[1,3],[2,4],[3,6],[4,5],[5,7,8],[6,7,8]],1],
[],
0,
[(139,140),(137,138),(  7, 10)( 11, 12)( 27, 30)( 31, 34)( 38, 39)( 40, 41)
( 46, 49)( 50, 51)( 52, 53)( 60, 63)( 65, 66)( 67, 70)( 74, 77)( 78, 81)
( 92, 93)( 94, 95)( 96, 97)(111,112)(116,117)(120,121)(127,128)(133,134)
(135,136),(129,130)(131,132),(  3,  4)(  8,  9)( 17, 18)( 21, 22)( 24, 25)
( 28, 29)( 32, 33)( 36, 37)( 47, 48)( 55, 56)( 58, 59)( 61, 62)( 68, 69)
( 72, 73)( 75, 76)( 79, 80)( 83, 84)(101,102)(104,105)(107,108)(123,124)
(125,126)(131,132)(137,139)(138,140)],
0,
rec(version:=1,
date:="18.02.94"));

MBT("O8+(3).2_1",2,
TEXT1,
[1,1,1,1,1,1,1,1,1,1,1,1,1,1,1,1,2,3,4,1,1,2,3,4,2,5,6,7],
[13,4,4,4,3,1,1],
[[1,3,5,6,7,9,17,18,19,29,33,34,35,37,38,39,69,70],[57,99,103],[59,101],[61,
102]],
[,,,,[[1,2,3,4,5,6,7,8]],[[1,2]],6],
[[[1,0,0,0,0,0,0,0,0,0,0,0,0,0,0,0,0,0],[0,1,0,0,0,0,0,0,0,0,0,0,0,0,0,0,0,
0],[0,0,1,0,0,0,0,0,0,0,0,0,0,0,0,0,0,0],[0,0,0,1,0,0,0,0,0,0,0,0,0,0,0,0,0,
0],[0,0,0,0,1,0,0,0,0,0,0,0,0,0,0,0,0,0],[-2,0,0,0,0,1,0,0,0,0,0,0,0,0,0,0,0,
0],[2,0,-1,-1,-2,-2,1,0,0,0,0,0,0,0,0,0,0,0],[2,-2,-1,-1,0,-2,0,1,0,0,0,0,0,0,
0,0,0,0],[0,0,0,0,0,0,0,0,1,0,0,0,0,0,0,0,0,0],[-2,0,1,1,2,2,-1,0,-2,0,1,0,0,
0,0,0,0,0],[-2,2,1,1,0,2,0,-1,-2,0,0,1,0,0,0,0,0,0],[2,-1,-1,-1,-1,-2,0,0,0,1,
0,0,0,0,0,0,0,0],[-2,0,1,1,0,2,0,-1,-1,0,0,0,1,0,0,0,0,0],[-4,2,0,2,2,4,-1,-1,
-2,0,0,0,0,1,0,0,0,0],[-4,2,2,0,2,4,-1,-1,-2,0,0,0,0,0,1,0,0,0],[-2,0,1,1,0,2,
-1,0,-1,0,0,0,0,0,0,1,0,0],[-2,0,1,1,2,2,-1,0,-2,0,0,0,0,0,0,0,1,0],[-2,2,1,1,
0,2,0,-1,-2,0,0,0,0,0,0,0,0,1]],[[1,0,0],[-1,1,0],[-1,0,1]],[[1,0],[-2,1]],3],
0,
[(23,24),( 4, 5)(12,13)(16,17)(26,27),( 3, 6)( 7, 8)(15,18)(19,20)(21,22)
(25,28)],
[1,1,1,1,1,1,1,1,1,1,1,1,1,1,1,1,1,1,1,1,1,1,1,1,1,1,1,1],
rec(version:=1,
date:="09.03.94"));

MBT("O8+(3).2_1",5,
TEXT1,
[1,2,3,4,5,6,7,8,9,10,1,2,1,2,1,2,11,12,1,2,7,8,5,6,3,4,13,14,15,16,17,18,19,
20,1,2,21,22,23,24,25,26,27,28,29,30,31,32,29,30,33,34,35,36,37,38,1,2,2,1,2,
1,3,4,5,6,7,8,39,40,41,42,43,44,45,46,47,48,49,50,51,52,7,8,5,6,3,4,53,54,55,
56,30,29,31,32,30,29,57,58,59,60,61,62,63,64,65,66,67,68,70,69,1,2,71,72,73,
74,75,76],
[2,2,1,1,1,1,1,1,0,0,0,0,0,0,0,0,0,0,0,0,0,0,0,0,0,0,0,0,1,1,1,1,0,0,0,0,0,0,
0,0,0,0,0,0,0,0,0,0,0,0,0,0,0,0,0,0,0,0,0,0,0,0,0,0,0,0,0,0,0,0,0,0,0,0,0,0],
[[1,11,13,15,19,41,57,60,62,125],[2,12,14,16,20,42,58,59,61,126]],
[,,[[1,3],[2,4],[3,5],[4,5]],3,3,3,3,3,,,,,,,,,,,,,,,,,,,,,3,3,[[1,2],[2,3,
4]],31],
[[[1,0,0,0,0,0,0,0,0,0],[-1,1,0,0,0,0,0,0,0,0],[-1,0,1,0,0,0,0,0,0,0],[-1,0,0,
1,0,0,0,0,0,0],[0,0,0,0,1,0,0,0,0,0],[2,-1,-1,-1,0,1,0,0,0,0],[0,0,0,0,-1,0,1,
0,0,0],[0,0,0,0,-1,0,0,1,0,0],[0,0,0,0,-1,0,0,0,1,0],[0,0,0,0,1,0,-1,0,0,1]],
1],
0,
[( 65, 66)(113,114),(  7, 10)( 11, 12)( 24, 27)( 28, 31)( 35, 36)( 37, 38)
( 43, 46)( 47, 48)( 49, 50)( 54, 57)( 59, 60)( 61, 64)( 70, 73)( 81, 82)
( 83, 84)( 85, 86)( 96, 97)(101,102)(105,106)(111,112)(119,120),(115,116)
(117,118),(  3,  4)(  8,  9)( 17, 18)( 21, 22)( 25, 26)( 29, 30)( 33, 34)
( 44, 45)( 52, 53)( 55, 56)( 62, 63)( 68, 69)( 71, 72)( 90, 91)( 93, 94)
(107,108)(109,110)(117,118)],
0,
rec(version:=2,
date:="18.02.94"));

MBT("O8+(3).2_1",7,
TEXT1,
[1,2,3,4,5,6,3,4,1,2,7,8,9,10,11,12,13,14,1,2,15,16,17,18,19,20,21,22,1,2,23,
24,25,26,3,4,5,6,3,4,27,28,29,30,31,32,33,34,35,36,37,38,39,40,41,42,43,44,45,
46,47,48,49,50,51,52,53,54,55,56,57,58,59,60,61,62,63,64,65,66,67,68,69,70,71,
72,73,74,3,4,5,6,3,4,75,76,1,2,77,78,79,80,81,82,83,84,85,86,87,88,89,90,91,
92,93,94,1,2,95,96,97,98,99,100,101,102,103,104,105,106,107,108,109,110,111,
112],
[1,1,1,1,1,1,0,0,0,0,0,0,0,0,0,0,0,0,0,0,0,0,0,0,0,0,0,0,0,0,0,0,0,0,0,0,0,0,
0,0,0,0,0,0,0,0,0,0,0,0,0,0,0,0,0,0,0,0,0,0,0,0,0,0,0,0,0,0,0,0,0,0,0,0,0,0,0,
0,0,0,0,0,0,0,0,0,0,0,0,0,0,0,0,0,0,0,0,0,0,0,0,0,0,0,0,0,0,0,0,0,0,0],
[],
[[[1,2],[2,4],[3,6],[4,5],[5,7],[6,7]],1,[[1,3],[2,4],[3,5],[4,6],[5,7],[6,
7]],3,[[1,2],[2,3],[3,4,5]],5],
[],
0,
[( 70, 71)(127,128),(  7, 10)( 11, 12)( 27, 30)( 31, 34)( 38, 39)( 40, 41)
( 45, 48)( 49, 50)( 51, 52)( 59, 62)( 64, 65)( 66, 69)( 72, 75)( 76, 79)
( 90, 91)( 92, 93)( 94, 95)(109,110)(114,115)(118,119)(125,126)(129,130)
(131,132),(135,136),(133,134),(  3,  4)(  8,  9)( 17, 18)( 21, 22)( 24, 25)
( 28, 29)( 32, 33)( 36, 37)( 46, 47)( 54, 55)( 57, 58)( 60, 61)( 67, 68)
( 73, 74)( 77, 78)( 81, 82)( 99,100)(102,103)(105,106)(121,122)(123,124)
(133,135)(134,136)],
0,
rec(version:=1,
date:="15.07.92"));

MBT("O8+(3).2_2",13,
TEXT1,
[1,2,3,4,5,6,7,8,2,1,9,10,11,12,13,14,15,16,17,18,19,20,21,22,23,24,1,2,25,26,
27,28,29,30,31,32,33,34,35,36,37,38,39,2,1,40,41,42,43,44,45,46,47,48,49,50,
51,52,53,54,55,56,57,58,59,60,61,62,63,64,65,66,67,68,69,70,71,72,73,74,75,76,
77,78,79,80,81,82,83,84,85,86,87,2,1,88,89,90,91,92,93,94,95,96,97,98,99,100,
101,102,103,104,105,106,107,108,109,110,111,112,113,114,115,116,117,118,119,
120,121,1,2],
[1,1,0,0,0,0,0,0,0,0,0,0,0,0,0,0,0,0,0,0,0,0,0,0,0,0,0,0,0,0,0,0,0,0,0,0,0,0,
0,0,0,0,0,0,0,0,0,0,0,0,0,0,0,0,0,0,0,0,0,0,0,0,0,0,0,0,0,0,0,0,0,0,0,0,0,0,0,
0,0,0,0,0,0,0,0,0,0,0,0,0,0,0,0,0,0,0,0,0,0,0,0,0,0,0,0,0,0,0,0,0,0,0,0,0,0,0,
0,0,0,0,0],
[],
[[[1,3],[2,4],[3,6],[4,5],[5,7,8],[6,7,8]],1],
[],
0,
[(  7,  9)( 10, 11)( 25, 27)( 29, 31)( 34, 35)( 37, 38)( 45, 47)( 48, 49)
( 51, 52)( 59, 61)( 63, 64)( 67, 69)( 73, 75)( 77, 79)( 92, 93)( 97, 98)
(116,117)(122,123)(124,125)],
0,
rec(version:=1,
date:="18.02.94"));

MBT("O8+(3).2_2",2,
TEXT1,
[1,1,1,1,1,1,1,1,1,1,1,1,1,1,1,1,1,1,2,3,1,1,1,2,3,2,3,4,5,6],
[13,4,3,3,1,1],
[[1,3,5,6,8,9,14,16,18,19,29,33,35,37,38,40,41,43,69,71,73],[60,96,99],[62,98,
101],[117]],
[,,,,[[1,2]],5],
[[[1,0,0,0,0,0,0,0,0,0,0,0,0,0,0,0,0,0,0,0,0],[0,1,0,0,0,0,0,0,0,0,0,0,0,0,0,
0,0,0,0,0,0],[0,0,1,0,0,0,0,0,0,0,0,0,0,0,0,0,0,0,0,0,0],[0,0,0,1,0,0,0,0,0,0,
0,0,0,0,0,0,0,0,0,0,0],[0,0,0,0,1,0,0,0,0,0,0,0,0,0,0,0,0,0,0,0,0],[-2,0,0,0,
0,1,0,0,0,0,0,0,0,0,0,0,0,0,0,0,0],[1,0,0,-1,-1,-1,1,0,0,0,0,0,0,0,0,0,0,0,0,
0,0],[1,0,-1,-1,0,-1,0,1,0,0,0,0,0,0,0,0,0,0,0,0,0],[2,-2,-1,0,-1,-2,0,0,1,0,
0,0,0,0,0,0,0,0,0,0,0],[0,0,0,0,0,0,0,0,0,1,0,0,0,0,0,0,0,0,0,0,0],[-1,0,0,1,
1,1,-1,0,0,-1,0,1,0,0,0,0,0,0,0,0,0],[-1,0,1,1,0,1,0,-1,0,-1,0,0,1,0,0,0,0,0,
0,0,0],[-2,2,1,0,1,2,0,0,-1,-2,0,0,0,1,0,0,0,0,0,0,0],[2,-1,-1,-1,-1,-2,0,0,0,
0,1,0,0,0,0,0,0,0,0,0,0],[-2,0,1,0,1,2,0,0,-1,-1,0,0,0,0,1,0,0,0,0,0,0],[-4,2,
1,2,1,4,0,-2,-1,-2,0,0,0,0,0,1,0,0,0,0,0],[-2,0,1,0,1,2,-1,-1,0,-1,0,0,0,0,0,
0,1,0,0,0,0],[-4,2,1,2,1,4,-2,0,-1,-2,0,0,0,0,0,0,0,1,0,0,0],[-1,0,0,1,1,1,-1,
0,0,-1,0,0,0,0,0,0,0,0,1,0,0],[-1,0,1,1,0,1,0,-1,0,-1,0,0,0,0,0,0,0,0,0,1,0],[
-2,2,1,0,1,2,0,0,-1,-2,0,0,0,0,0,0,0,0,0,0,1]],[[1,0,0],[-1,1,0],[-1,0,1]],
2,[[1]]],
0,
[(25,26),( 4, 6)( 7, 8)(16,18)(19,20)(22,23)(28,30)],
[1,1,1,1,1,1,1,1,1,1,1,1,1,1,1,1,1,1,1,1,1,1,1,1,1,1,1,1,1,1],
rec(version:=1,
date:="09.03.94"));

MBT("O8+(3).2_2",5,
TEXT1,
[1,1,2,3,4,5,6,7,8,9,1,1,1,10,11,12,13,14,1,1,6,5,7,3,2,4,15,16,17,18,19,20,
21,22,23,24,25,1,1,26,27,28,29,30,31,32,33,34,35,36,35,34,36,37,38,39,40,41,
42,1,1,1,3,2,4,5,6,7,43,44,45,46,47,48,49,50,51,52,53,5,6,7,3,2,4,54,55,56,57,
58,59,60,34,35,36,35,34,36,61,62,63,64,65,66,67,68,69,70,71,72,73,74,1,1,75,
76,77,78,79,80],
[2,1,1,1,1,1,1,0,0,0,0,0,0,0,0,0,0,0,0,0,0,0,0,0,0,0,0,0,0,0,0,0,0,1,1,1,0,0,
0,0,0,0,0,0,0,0,0,0,0,0,0,0,0,0,0,0,0,0,0,0,0,0,0,0,0,0,0,0,0,0,0,0,0,0,0,0,0,
0,0,0],
[[1,2,11,12,13,19,20,44,45,60,61,62,122,123]],
[,[[1,3],[2,4],[3,5],[4,5]],2,2,2,2,2,,,,,,,,,,,,,,,,,,,,,,,,,,,2,2,2],
[[[1,0,0,0,0,0,0,0,0,0,0,0,0,0],[0,1,0,0,0,0,0,0,0,0,0,0,0,0],[-1,0,1,0,0,0,0,
0,0,0,0,0,0,0],[0,-1,0,1,0,0,0,0,0,0,0,0,0,0],[-1,-1,0,0,1,0,0,0,0,0,0,0,0,
0],[0,0,0,0,0,1,0,0,0,0,0,0,0,0],[0,0,0,0,0,0,1,0,0,0,0,0,0,0],[1,1,-1,0,-1,0,
0,1,0,0,0,0,0,0],[1,1,0,-1,-1,0,0,0,1,0,0,0,0,0],[0,0,0,0,0,-1,0,0,0,1,0,0,0,
0],[0,0,0,0,0,0,-1,0,0,0,1,0,0,0],[0,0,0,0,0,-1,-1,0,0,0,0,1,0,0],[0,0,0,0,0,
1,0,0,0,-1,0,0,1,0],[0,0,0,0,0,0,1,0,0,0,-1,0,0,1]]],
0,
[( 66, 67)(117,118),(  7,  9)( 10, 11)( 23, 25)( 27, 29)( 32, 33)( 35, 36)
( 43, 45)( 46, 47)( 49, 50)( 55, 57)( 59, 60)( 63, 65)( 71, 73)( 84, 85)
( 89, 90)(106,107)(112,113)(114,115)],
0,
rec(version:=2,
date:="18.02.94"));

MBT("O8+(3).2_2",7,
TEXT1,
[1,2,3,4,5,4,3,5,1,2,6,7,8,9,10,11,12,13,2,1,14,15,16,17,18,19,20,21,1,2,22,
23,24,25,26,27,28,3,4,5,4,3,5,29,30,31,32,33,34,35,36,37,38,39,40,41,42,43,44,
45,46,47,48,49,50,51,52,53,54,55,56,57,58,59,60,61,62,63,64,65,66,67,4,3,5,4,
3,5,68,69,70,71,72,2,1,73,74,75,76,77,78,79,80,81,82,83,84,85,86,87,88,89,90,
91,92,93,2,1,94,95,96,97,98,99,100,101,102,103,104,105],
[1,1,1,1,1,0,0,0,0,0,0,0,0,0,0,0,0,0,0,0,0,0,0,0,0,0,0,0,0,0,0,0,0,0,0,0,0,0,
0,0,0,0,0,0,0,0,0,0,0,0,0,0,0,0,0,0,0,0,0,0,0,0,0,0,0,0,0,0,0,0,0,0,0,0,0,0,0,
0,0,0,0,0,0,0,0,0,0,0,0,0,0,0,0,0,0,0,0,0,0,0,0,0,0,0,0],
[],
[[[1,2],[2,4],[3,6],[4,5],[5,7],[6,7]],1,[[1,3],[2,4],[3,5],[4,6],[5,7],[6,
7]],3,3],
[],
0,
[( 69, 70)(126,127),(  7,  9)( 10, 11)( 25, 27)( 29, 31)( 34, 35)( 37, 38)
( 44, 46)( 47, 48)( 50, 51)( 58, 60)( 62, 63)( 66, 68)( 72, 74)( 76, 78)
( 91, 92)( 96, 97)(115,116)(120,121)(122,123)],
0,
rec(version:=1,
date:="15.07.92"));

MBT("O8+(3).3",13,
TEXT1,
[1,2,3,4,5,1,2,3,6,7,8,9,10,11,12,13,14,15,1,2,3,16,17,18,19,20,21,22,23,24,
25,26,27,1,2,3,28,29,30,31,32,33,34,35,36,37,38,39,40,41,42,43,44,45,46,47,48,
49,50,1,2,3,51,52,53,54,55,56,57,58,59,60,61,62,63,64,65,66,67,68,69,70,71,72,
73,1,2,3],
[1,1,1,0,0,0,0,0,0,0,0,0,0,0,0,0,0,0,0,0,0,0,0,0,0,0,0,0,0,0,0,0,0,0,0,0,0,0,
0,0,0,0,0,0,0,0,0,0,0,0,0,0,0,0,0,0,0,0,0,0,0,0,0,0,0,0,0,0,0,0,0,0,0],
[],
[[[1,3],[2,4],[3,6],[4,5],[5,7,8],[6,7,8]],1,1],
[],
0,
[(51,52)(53,54)(55,56)(57,58)(59,60)(61,62)(63,64)(65,66)(67,68)(69,70)(71,72)
(73,74)(75,76)(77,78)(79,80)(81,82)(83,84)(85,86)(87,88)],
0,
rec(version:=1,
date:="18.02.94"));

MBT("O8+(3).3",2,
TEXT1,
[1,1,1,1,1,1,1,1,1,1,1,1,1,1,1,1,1,1,1,1,1,1,1,1,2,1,1,1,1,2,2,3,3,3,4,5,6,7,
8,9],
[12,3,2,0,0,0,0,0,0],
[[1,2,3,4,5,6,7,8,10,11,12,13,14,15,16,22,23,24,28,29,30,31,32,33,47,48,49,
50],[44,63,64]],
[,,[[1,4],[2,4],[3,4]]],
[[[1,0,0,0,0,0,0,0,0,0,0,0,0,0,0,0,0,0,0,0,0,0,0,0,0,0,0,0],[0,1,0,0,0,0,0,0,
0,0,0,0,0,0,0,0,0,0,0,0,0,0,0,0,0,0,0,0],[0,0,1,0,0,0,0,0,0,0,0,0,0,0,0,0,0,0,
0,0,0,0,0,0,0,0,0,0],[0,0,0,1,0,0,0,0,0,0,0,0,0,0,0,0,0,0,0,0,0,0,0,0,0,0,0,
0],[0,0,0,0,1,0,0,0,0,0,0,0,0,0,0,0,0,0,0,0,0,0,0,0,0,0,0,0],[0,-1,-1,0,0,1,0,
0,0,0,0,0,0,0,0,0,0,0,0,0,0,0,0,0,0,0,0,0],[-1,0,-1,0,0,0,1,0,0,0,0,0,0,0,0,0,
0,0,0,0,0,0,0,0,0,0,0,0],[-1,-1,0,0,0,0,0,1,0,0,0,0,0,0,0,0,0,0,0,0,0,0,0,0,0,
0,0,0],[-1,1,1,0,-1,-1,0,0,1,0,0,0,0,0,0,0,0,0,0,0,0,0,0,0,0,0,0,0],[1,-1,1,0,
-1,0,-1,0,0,1,0,0,0,0,0,0,0,0,0,0,0,0,0,0,0,0,0,0],[1,1,-1,0,-1,0,0,-1,0,0,1,
0,0,0,0,0,0,0,0,0,0,0,0,0,0,0,0,0],[1,1,1,-2,-1,-1,-1,-1,0,0,0,1,0,0,0,0,0,0,
0,0,0,0,0,0,0,0,0,0],[0,0,0,0,0,0,0,0,0,0,0,0,1,0,0,0,0,0,0,0,0,0,0,0,0,0,0,
0],[0,0,0,0,0,0,0,0,0,0,0,0,0,1,0,0,0,0,0,0,0,0,0,0,0,0,0,0],[0,0,0,0,0,0,0,0,
0,0,0,0,0,0,1,0,0,0,0,0,0,0,0,0,0,0,0,0],[1,-1,-1,0,1,1,0,0,-1,0,0,0,-1,0,0,0,
0,0,1,0,0,0,0,0,0,0,0,0],[-1,1,-1,0,1,0,1,0,0,-1,0,0,0,-1,0,0,0,0,0,1,0,0,0,0,
0,0,0,0],[-1,-1,1,0,1,0,0,1,0,0,-1,0,0,0,-1,0,0,0,0,0,1,0,0,0,0,0,0,0],[-1,-1,
-1,2,1,1,1,1,0,0,0,-1,-1,-1,-1,0,0,0,0,0,0,1,0,0,0,0,0,0],[0,1,1,-1,-1,0,-1,
-1,0,0,0,0,0,0,0,1,0,0,0,0,0,0,0,0,0,0,0,0],[1,0,1,-1,-1,-1,0,-1,0,0,0,0,0,0,
0,0,1,0,0,0,0,0,0,0,0,0,0,0],[1,1,0,-1,-1,-1,-1,0,0,0,0,0,0,0,0,0,0,1,0,0,0,0,
0,0,0,0,0,0],[-2,-2,-2,2,2,2,2,2,0,0,0,-2,-1,-1,-1,0,0,0,0,0,0,0,1,0,0,0,0,
0],[-2,-2,-2,2,2,2,2,2,-1,-1,-1,-1,-1,-1,-1,0,0,0,0,0,0,0,0,1,0,0,0,0],[1,-1,
-1,0,1,1,0,0,-1,0,0,0,-1,0,0,0,0,0,0,0,0,0,0,0,1,0,0,0],[-1,1,-1,0,1,0,1,0,0,
-1,0,0,0,-1,0,0,0,0,0,0,0,0,0,0,0,1,0,0],[-1,-1,1,0,1,0,0,1,0,0,-1,0,0,0,-1,0,
0,0,0,0,0,0,0,0,0,0,1,0],[-1,-1,-1,2,1,1,1,1,0,0,0,-1,-1,-1,-1,0,0,0,0,0,0,0,
0,0,0,0,0,1]],[[1,0,0],[-1,1,0],[-1,0,1]]],
0,
[(21,22)(23,24)(25,26)(27,28)(29,30)(31,32)(33,34)(35,36)(37,38)(39,40),
(17,18)(37,39)(38,40)],
[1,0,0,1,1,1,0,0,1,0,0,1,1,0,0,1,0,0,1,1,0,0,1,1,1,1,0,0,1,1,1,1,0,0,1,0,0,1,
0,0],
rec(version:=1,
date:="09.03.94"));

MBT("O8+(3).3",5,
TEXT1,
[1,1,1,2,3,4,5,6,1,7,8,9,10,1,1,1,3,2,11,12,13,14,15,16,17,18,19,20,21,22,23,
1,1,1,24,25,26,27,28,29,29,30,31,1,2,3,32,33,34,35,36,37,3,2,38,39,40,41,42,
43,44,29,29,45,46,47,48,49,50,51,52,53,54,55,56,57,58,1,1,1,59,60,61,62,63,64,
65,66,67],
[2,1,1,0,0,0,0,0,0,0,0,0,0,0,0,0,0,0,0,0,0,0,0,0,0,0,0,0,1,0,0,0,0,0,0,0,0,0,
0,0,0,0,0,0,0,0,0,0,0,0,0,0,0,0,0,0,0,0,0,0,0,0,0,0,0,0,0],
[[1,2,3,9,14,15,16,34,35,36,44,81,86,87]],
[,[[1,3],[2,4],[3,5],[4,5]],2,,,,,,,,,,,,,,,,,,,,,,,,,,2],
[[[1,0,0,0,0,0,0,0,0,0,0,0,0,0],[0,1,0,0,0,0,0,0,0,0,0,0,0,0],[0,0,1,0,0,0,0,
0,0,0,0,0,0,0],[-1,-1,-1,1,0,0,0,0,0,0,0,0,0,0],[0,0,0,0,1,0,0,0,0,0,0,0,0,
0],[0,0,0,0,0,1,0,0,0,0,0,0,0,0],[0,0,0,0,0,0,1,0,0,0,0,0,0,0],[0,1,1,-1,0,0,
0,1,0,0,0,0,0,0],[1,0,1,-1,0,0,0,0,1,0,0,0,0,0],[1,1,0,-1,0,0,0,0,0,1,0,0,0,
0],[0,0,0,0,-1,-1,-1,0,0,0,1,0,0,0],[0,-1,-1,1,0,1,1,-1,0,0,-1,0,1,0],[-1,0,
-1,1,1,0,1,0,-1,0,-1,0,0,1],[1,1,2,-2,0,0,-1,1,1,0,1,1,-1,-1]]],
0,
[(48,49)(50,51)(52,53)(54,55)(56,57)(58,59)(60,61)(62,63)(64,65)(66,67)(68,69)
(70,71)(72,73)(74,75)(76,77)(78,79)(80,81)(82,83)(84,85)(86,87)(88,89),(43,44)
(86,88)(87,89)],
0,
rec(version:=2,
date:="18.02.94"));

MBT("O8+(3).3",7,
TEXT1,
[1,2,3,4,4,1,2,3,5,6,7,8,9,1,2,3,10,11,12,13,14,1,2,3,15,16,17,18,19,20,21,4,
4,22,23,24,25,26,27,28,29,30,31,32,33,34,35,36,37,38,39,40,41,4,4,42,43,44,45,
1,2,3,46,47,48,49,50,51,52,53,54,55,56,57,58,59,1,2,3,60,61,62,63,64,65,66,67,
68,69,70],
[1,1,1,1,0,0,0,0,0,0,0,0,0,0,0,0,0,0,0,0,0,0,0,0,0,0,0,0,0,0,0,0,0,0,0,0,0,0,
0,0,0,0,0,0,0,0,0,0,0,0,0,0,0,0,0,0,0,0,0,0,0,0,0,0,0,0,0,0,0,0],
[],
[[[1,2],[2,4],[3,6],[4,5],[5,7],[6,7]],1,1,[[1,3],[2,4],[3,5],[4,6],[5,7],[6,
7]]],
[],
0,
[(51,52)(53,54)(55,56)(57,58)(59,60)(61,62)(63,64)(65,66)(67,68)(69,70)(71,72)
(73,74)(75,76)(77,78)(79,80)(81,82)(83,84)(85,86)(87,88)(89,90),(44,45)(87,89)
(88,90)],
0,
rec(version:=1,
date:="15.07.92"));

MBT("O8+(3).4",13,
TEXT1,
[1,2,3,4,5,6,7,3,4,1,2,8,9,10,11,12,13,14,15,16,17,18,19,20,21,1,2,3,4,22,23,
24,25,26,27,28,29,30,31,32,33,3,4,1,2,34,35,36,37,38,39,40,41,42,43,44,45,46,
47,48,49,50,51,52,53,54,55,56,57,58,59,60,61,62,63,64,65,66,67,68,69,70,71,72,
73,74,75,3,4,1,2,76,77,78,79,80,81,82,83,84,85,86,87,88,89,90,91,92,93,94,95,
96,97,98,99,100,101,102,103,104,105,106,107,108,109,110,111,112,113,114,115,
116,1,2,3,4],
[1,1,1,1,0,0,0,0,0,0,0,0,0,0,0,0,0,0,0,0,0,0,0,0,0,0,0,0,0,0,0,0,0,0,0,0,0,0,
0,0,0,0,0,0,0,0,0,0,0,0,0,0,0,0,0,0,0,0,0,0,0,0,0,0,0,0,0,0,0,0,0,0,0,0,0,0,0,
0,0,0,0,0,0,0,0,0,0,0,0,0,0,0,0,0,0,0,0,0,0,0,0,0,0,0,0,0,0,0,0,0,0,0,0,0,0,
0],
[],
[[[1,3],[2,4],[3,6],[4,5],[5,7,8],[6,7,8]],1,1,1],
[],
0,
[(129,131)(130,132),( 91, 92),( 93, 94)( 95, 96)( 97, 98)( 99,100)(101,102)
(103,104)(105,106)(107,108)(109,110)(111,112)(113,114)(115,116)(117,118)
(119,120)(121,122)(123,124)(125,126)(127,128)(129,130)(131,132)(133,136)
(134,135),( 87, 88)(133,135)(134,136)],
0,
rec(version:=1,
date:="18.02.94"));

MBT("O8+(3).4",2,
TEXT1,
[1,1,1,1,1,1,1,1,1,1,2,3,1,2,3,4,5,6],
[14,5,4,4,2,2],
[[1,5,7,8,18,19,30,38,39,41,65],[56,92],[60,94],[107]],
[,,,,[[1,2,3,4]],5],
[[[1,0,0,0,0,0,0,0,0,0,0],[0,1,0,0,0,0,0,0,0,0,0],[0,0,1,0,0,0,0,0,0,0,0],[-2,
0,0,1,0,0,0,0,0,0,0],[4,-2,-2,-4,1,0,0,0,0,0,0],[0,0,0,0,0,1,0,0,0,0,0],[-4,2,
2,4,-1,-4,0,1,0,0,0],[2,-1,-1,-2,0,0,1,0,0,0,0],[-4,0,2,4,-1,-2,0,0,1,0,0],[
-8,4,2,8,-2,-4,0,0,0,1,0],[-4,2,2,4,-1,-4,0,0,0,0,1]],[[1,0],[-2,1]],2,[[1]]],
0,
[(15,16)],
[1,1,1,1,1,1,1,1,1,1,1,1,1,1,1,1,1,1],
rec(version:=1,
date:="09.03.94"));

MBT("O8+(3).4",5,
TEXT1,
[1,2,1,2,3,4,5,6,7,8,9,1,2,1,2,1,2,10,1,2,1,2,3,4,5,11,12,13,14,15,16,17,18,
19,20,21,22,23,1,2,1,2,24,25,26,27,28,29,30,31,32,33,34,35,36,1,2,1,2,2,1,3,4,
5,37,38,39,40,41,42,43,44,45,46,47,48,49,3,4,5,50,51,52,53,54,32,31,33,55,56,
57,58,59,60,61,62,63,64,65,66,67,68,69,70,71,72,73,1,2,1,2,74,75,76,77,78,79,
80,81,82,83,84,85],
[2,2,1,1,1,0,0,0,0,0,0,0,0,0,0,0,0,0,0,0,0,0,0,0,0,0,0,0,0,0,1,1,1,0,0,0,0,0,
0,0,0,0,0,0,0,0,0,0,0,0,0,0,0,0,0,0,0,0,0,0,0,0,0,0,0,0,0,0,0,0,0,0,0,0,0,0,0,
0,0,0,0,0,0,0,0],
[[1,3,12,14,16,19,21,42,44,56,58,61,117,119],[2,4,13,15,17,20,22,43,45,57,59,
60,118,120]],
[,,[[1,3],[2,4],[3,5],[4,5]],3,3,,,,,,,,,,,,,,,,,,,,,,,,,,[[1,2],[2,3,4]],31,
31],
[[[1,0,0,0,0,0,0,0,0,0,0,0,0,0],[0,1,0,0,0,0,0,0,0,0,0,0,0,0],[-1,0,1,0,0,0,0,
0,0,0,0,0,0,0],[0,-1,0,1,0,0,0,0,0,0,0,0,0,0],[-1,-1,0,0,1,0,0,0,0,0,0,0,0,
0],[0,0,0,0,0,1,0,0,0,0,0,0,0,0],[0,0,0,0,0,0,1,0,0,0,0,0,0,0],[1,1,-1,0,-1,0,
0,1,0,0,0,0,0,0],[1,1,0,-1,-1,0,0,0,1,0,0,0,0,0],[0,0,0,0,0,0,-1,0,0,1,0,0,0,
0],[0,0,0,0,0,-1,0,0,0,0,1,0,0,0],[0,0,0,0,0,-1,-1,0,0,0,0,1,0,0],[0,0,0,0,0,
0,1,0,0,-1,0,0,1,0],[0,0,0,0,0,1,0,0,0,0,-1,0,0,1]],1],
0,
[( 42, 43)( 76, 77)(116,118)(117,119),( 82, 83)( 84, 85)( 86, 87)( 88, 89)
( 90, 91)( 92, 93)( 94, 95)( 96, 97)( 98, 99)(100,101)(102,103)(104,105)
(106,107)(108,109)(110,111)(112,113)(114,115)(116,117)(118,119)(120,123)
(121,122),( 79, 80)(120,122)(121,123)],
0,
rec(version:=2,
date:="18.02.94"));

MBT("O8+(3).4",7,
TEXT1,
[1,2,3,4,5,6,7,1,2,3,4,8,9,10,11,12,13,14,3,4,1,2,15,16,17,18,19,20,21,1,2,3,
4,22,23,24,25,26,5,6,7,27,28,29,30,31,32,33,34,35,36,37,38,39,40,41,42,43,44,
45,46,47,48,49,50,51,52,53,54,55,56,57,58,59,60,61,62,63,64,65,66,67,68,5,6,7,
69,3,4,1,2,70,71,72,73,74,75,76,77,78,79,80,81,82,83,84,3,4,1,2,85,86,87,88,
89,90,91,92,93,94,95,96,97,98,99,100,101,102,103,104,105,106,107,108],
[1,1,1,1,1,1,1,0,0,0,0,0,0,0,0,0,0,0,0,0,0,0,0,0,0,0,0,0,0,0,0,0,0,0,0,0,0,0,
0,0,0,0,0,0,0,0,0,0,0,0,0,0,0,0,0,0,0,0,0,0,0,0,0,0,0,0,0,0,0,0,0,0,0,0,0,0,0,
0,0,0,0,0,0,0,0,0,0,0,0,0,0,0,0,0,0,0,0,0,0,0,0,0,0,0,0,0,0,0],
[],
[[[1,2],[2,4],[3,6],[4,5],[5,7],[6,7]],1,1,1,[[1,2],[2,3],[3,4,5]],5,5],
[],
0,
[(127,129)(128,130),( 89, 90),( 91, 92)( 93, 94)( 95, 96)( 97, 98)( 99,100)
(101,102)(103,104)(105,106)(107,108)(109,110)(111,112)(113,114)(115,116)
(117,118)(119,120)(121,122)(123,124)(125,126)(127,128)(129,130)(131,132)
(133,134),( 45, 46)( 85, 86)(131,133)(132,134)],
0,
rec(version:=1,
date:="15.07.92"));

LIBTABLE.LOADSTATUS.ctborth2:="userloaded";

#############################################################################
##
#E

