#############################################################################
##
#W  ctoinert.tbl                GAP table library               Thomas Breuer
##
#H  @(#)$Id$
##
#Y  Copyright (C)  1996,  Lehrstuhl D fuer Mathematik,  RWTH Aachen,  Germany
##
##  This file contains ordinary character tables of some small groups that
##  occur as  inertia factor groups of some tables encoded using Clifford
##  matrices.
##
Revision.ctoinert_tbl :=
    "@(#)$Id$";

SET_TABLEFILENAME("ctoinert");
ALN:= Ignore;

MOT("S3",
0,
[6,3,2],
[,[1,2,1],[1,1,3]],
[[1,1,1],[1,1,-1],[2,-1,0]],
[]);
ARC("S3","projectives",["2.S3",[[1,1,E(4)],[2,-1,0]],]);

MOT("2.S3",
0,
[12,12,6,6,4,4],
[,[1,1,3,3,2,2],[1,2,1,2,6,5]],
[["S3",[]],["2.S3",[]]],
[(5,6)],
ConstructProj);
ALF("2.S3","S3",[1,1,2,2,3,3]);

MOT("Sym4",
0,
[24,8,3,4,4],
[,[1,1,3,1,2],[1,2,1,4,5]],
[[1,1,1,1,1],[1,1,1,-1,-1],[2,2,-1,0,0],[3,-1,0,-1,1],
[TENSOR,[4,2]]],
[]);
ARC("Sym4","projectives",["2.Sym4",[[2,0,-1,0,E(8)-E(8)^3],[4,0,1,0,0]],]);

MOT("2.Sym4",
0,
[48,48,8,6,6,4,8,8],
[,[1,1,2,4,4,2,3,3],[1,2,3,1,2,6,8,7]],
[["Sym4",[]],["2.Sym4",[]]],
[(7,8)],
ConstructProj);
ALF("2.Sym4","Sym4",[1,1,2,3,3,4,5,5]);

MOT("D8",
0,
[8,8,4,4,4],
[,[1,1,2,1,1]],
[[1,1,1,1,1],[1,1,1,-1,-1],[1,1,-1,1,-1],
[TENSOR,[2,3]],[2,-2,0,0,0]],
[(4,5)]);
ARC("D8","projectives",["2.D8",[[2,0,-E(8)+E(8)^3,0,0]],]);

MOT("2.D8",
0,
[16,16,8,8,8,4,4],
[,[1,1,2,3,3,2,2]],
[["D8",[]],["2.D8",[]]],
[(4,5),(6,7)],
ConstructProj);
ALF("2.D8","D8",[1,1,2,3,3,4,5]);

MOT("7:3",
0,
[21,7,7,3,3],
[,[1,2,3,5,4],[1,3,2,1,1],,,,[1,1,1,4,5]],
[[1,1,1,1,1],[1,1,1,E(3),E(3)^2],
[TENSOR,[2,2]],[3,E(7)+E(7)^2+E(7)^4,E(7)^3+E(7)^5+E(7)^6,0,0],
[GALOIS,[4,3]]],
0);
ARC("7:3","projectives",["2x7:3",[[1,1,1,1,1],[3,E(7)+E(7)^2+E(7)^4,
E(7)^3+E(7)^5+E(7)^6,0,0],[GALOIS,[2,3]]],]);

MOT("2x7:3",
0,
[42,42,14,14,14,14,6,6,6,6],
[,[1,1,3,3,5,5,9,9,7,7],[1,2,5,6,3,4,1,2,1,2],,,,[1,2,1,2,1,2,7,8,9,10]],
[["7:3",[]],["2x7:3",[]]],
0,
ConstructProj);
ALF("2x7:3","7:3",[1,1,2,2,3,3,4,4,5,5]);

MOT("C4",
0,
[4,4,4,4],
[,[1,3,1,3]],
[[1,1,1,1],
[TENSOR,[3,3]],
[1,E(4),-1,-E(4)],
[TENSOR,[2,3]]],
0);

MOT("C6",
0,
[6,6,6,6,6,6],
[,[1,3,5,1,3,5],[1,4,1,4,1,4]],
[[1,1,1,1,1,1],
[TENSOR,[6,6]],
[GALOIS,[2,2]],
[TENSOR,[6,2]],
[GALOIS,[6,2]],
[1,-E(3)^2,E(3),-1,E(3)^2,-E(3)]],
0);

MOT("3^2:2",
0,
[18,9,9,9,9,2],
[,[1,2,3,4,5,1],[1,1,1,1,1,6]],
[[1,1,1,1,1,1],[1,1,1,1,1,-1],[2,2,-1,-1,-1,0],[2,-1,2,-1,-1,0],[2,-1,-1,2,-1,
0],[2,-1,-1,-1,2,0]],
0);
ARC("3^2:2","projectives",["3^(1+2)_+:2",[[3,0,0,0,0,1],[3,0,0,0,0,1]],]);

MOT("3^(1+2)_+:2",
0,
[54,54,54,9,9,9,9,6,6,6],
[,[1,3,2,4,5,6,7,1,3,2],[1,1,1,1,1,1,1,8,8,8]],
[["3^2:2",[]],,["3^(1+2)_+:2",[-1,-1]]],
0,
ConstructProj);
ALF("3^(1+2)_+:2","3^2:2",[1,1,1,2,3,4,5,6,6,6]);

MOT("3^2:4",
0,
[36,9,9,4,4,4],
[,[1,2,3,1,4,4],[1,1,1,4,6,5]],
[[1,1,1,1,1,1],[1,1,1,1,-1,-1],[1,1,1,-1,E(4),-E(4)],
[TENSOR,[2,3]],[4,1,-2,0,0,0],[4,-2,1,0,0,0]],
0);

MOT("2^3.S3",
[
"subgroup of 2^3:sl(3,2)"
],
[48,16,6,8,8,48,16,6,8,8],
[,[1,1,3,1,2,1,1,3,1,2],[1,2,1,4,5,6,7,6,9,10],,[1,2,3,4,5,6,7,8,9,10]],
[[1,1,1,1,1,1,1,1,1,1],[1,1,1,1,1,-1,-1,-1,-1,-1],[1,1,1,-1,-1,1,1,1,-1,-1],
[TENSOR,[2,3]],[2,2,-1,0,0,2,2,-1,0,0],
[TENSOR,[5,2]],
[TENSOR,[9,4]],
[TENSOR,[9,3]],
[3,-1,0,1,-1,3,-1,0,1,-1],
[TENSOR,[9,2]]],
0);

MOT("2^3.D8",
[
"Sylow 2 subgroup of 2^3:sl(3,2)"
],
[64,64,32,32,32,16,16,16,16,8,16,16,8,16,16,8],
[,[1,1,1,1,1,1,1,1,2,3,1,2,4,1,2,5],[1,2,3,4,5,6,7,8,9,10,11,12,13,14,15,16]],
[[1,1,1,1,1,1,1,1,1,1,1,1,1,1,1,1],[1,1,1,1,1,-1,-1,1,1,-1,1,1,-1,1,1,-1],
[1,1,1,1,1,1,1,1,1,1,-1,-1,-1,-1,-1,-1],
[1,1,1,1,1,1,1,-1,-1,-1,1,1,1,-1,-1,-1],
[TENSOR,[2,3]],
[TENSOR,[2,4]],
[TENSOR,[3,4]],
[TENSOR,[2,7]],
[2,2,-2,-2,2,0,0,0,0,0,0,0,0,2,-2,0],
[TENSOR,[9,4]],
[TENSOR,[12,3]],
[2,2,-2,2,-2,0,0,0,0,0,2,-2,0,0,0,0],
[2,2,2,-2,-2,0,0,2,-2,0,0,0,0,0,0,0],
[TENSOR,[13,4]],
[TENSOR,[16,2]],
[4,-4,0,0,0,2,-2,0,0,0,0,0,0,0,0,0]],
0);

MOT("2^3.S4v1",
[
"subgroup of 2^3:sl(3,2)"
],
[192,64,48,32,32,16,6,6,16,16,16,16,8,8],
[,[1,1,1,1,1,2,7,7,1,2,2,1,4,5],[1,2,3,4,5,6,1,3,9,10,11,12,13,14],,[1,2,3,4,
5,6,7,8,9,10,11,12,13,14]],
[[1,1,1,1,1,1,1,1,1,1,1,1,1,1],[1,1,1,1,1,1,1,1,-1,-1,-1,-1,-1,-1],[2,2,2,2,2,
2,-1,-1,0,0,0,0,0,0],[3,3,3,-1,-1,-1,0,0,1,1,1,1,-1,-1],
[TENSOR,[4,2]],[1,1,-1,1,1,-1,1,-1,1,1,-1,-1,1,-1],
[TENSOR,[2,6]],
[TENSOR,[3,6]],
[TENSOR,[4,6]],
[TENSOR,[4,7]],
[6,-2,0,-2,2,0,0,0,0,0,-2,2,0,0],
[6,-2,0,2,-2,0,0,0,2,-2,0,0,0,0],
[TENSOR,[11,2]],
[TENSOR,[12,2]]],
0);

MOT("2^3.S4v2",
[
"subgroup of 2^3:sl(3,2)"
],
[192,192,32,32,32,16,6,6,16,16,8,8,8],
[,[1,1,1,1,1,2,7,7,1,1,5,4,3],[1,2,3,4,5,6,1,2,9,10,11,12,13],,[1,2,3,4,5,6,7,
8,9,10,11,12,13]],
[[1,1,1,1,1,1,1,1,1,1,1,1,1],[1,1,1,1,1,1,1,1,-1,-1,-1,-1,-1],[2,2,2,2,2,2,-1,
-1,0,0,0,0,0],
[TENSOR,[5,2]],[3,3,3,-1,-1,-1,0,0,-1,-1,1,1,-1],
[TENSOR,[7,2]],[3,3,-1,3,-1,-1,0,0,-1,-1,1,-1,1],
[3,3,-1,-1,3,-1,0,0,-1,-1,-1,1,1],
[TENSOR,[8,2]],[6,6,-2,-2,-2,2,0,0,0,0,0,0,0],
[TENSOR,[12,2]],[4,-4,0,0,0,0,1,-1,-2,2,0,0,0],
[8,-8,0,0,0,0,-1,1,0,0,0,0,0]],
0);

MOT("2xSym4",
0,
[48,48,16,16,6,6,8,8,8,8],
[,[1,1,1,1,5,5,1,1,3,3],[1,2,3,4,1,2,7,8,9,10],,[1,2,3,4,5,6,7,8,9,10]],
[[1,1,1,1,1,1,1,1,1,1],[1,1,1,1,1,1,-1,-1,-1,-1],[2,2,2,2,-1,-1,0,0,0,0],
[TENSOR,[5,2]],
[3,3,-1,-1,0,0,1,1,-1,-1],
[1,-1,1,-1,1,-1,1,-1,1,-1],
[TENSOR,[2,6]],
[TENSOR,[3,6]],
[TENSOR,[4,6]],
[TENSOR,[4,7]]],
0);

MOT("D8x2",
0,
[16,16,16,16,8,8,8,8,8,8],
[,[1,1,1,1,2,2,1,1,1,1]],
[[1,1,1,1,1,1,1,1,1,1],[1,1,-1,-1,1,-1,1,-1,1,-1],
[1,1,-1,-1,-1,1,-1,1,1,-1],
[1,1,1,1,-1,-1,1,1,-1,-1],
[TENSOR,[4,8]],
[TENSOR,[2,4]],
[TENSOR,[2,8]],
[1,1,1,1,1,1,-1,-1,-1,-1],
[2,-2,2,-2,0,0,0,0,0,0],
[TENSOR,[9,2]]],
0);

MOT("2^2:S4",
0,
[96,32,32,32,16,3,8,8,8,8],
[,[1,1,1,1,1,6,1,2,3,4],[1,2,3,4,5,1,7,8,9,10]],
[[1,1,1,1,1,1,1,1,1,1],[1,1,1,1,1,1,-1,-1,-1,-1],[2,2,2,2,2,-1,0,0,0,0],
[TENSOR,[5,2]],
[3,3,-1,-1,-1,0,1,1,-1,-1],
[3,-1,3,-1,-1,0,1,-1,1,-1],
[TENSOR,[9,2]],
[TENSOR,[6,2]],
[3,-1,-1,3,-1,0,1,-1,-1,1],
[6,-2,-2,-2,2,0,0,0,0,0]],
0);

MOT("(A4x3):2",
0,
[72,36,24,12,9,9,9,4,4],
[,[1,2,1,2,5,6,7,1,3],[1,1,3,3,1,1,1,8,9]],
[[1,1,1,1,1,1,1,1,1],[1,1,1,1,1,1,1,-1,-1],[2,2,2,2,-1,-1,-1,0,0],
[2,-1,2,-1,2,-1,-1,0,0],
[2,-1,2,-1,-1,2,-1,0,0],
[2,-1,2,-1,-1,-1,2,0,0],
[3,3,-1,-1,0,0,0,
1,-1],
[TENSOR,[7,2]],[6,-3,-2,1,0,0,0,0,0]],
0);

MOT("S3x2",
0,
[12,12,6,6,4,4],
[,[1,1,3,3,1,1],[1,2,1,2,5,6]],
[[1,1,1,1,1,1],[1,1,1,1,-1,-1],[1,-1,1,-1,1,-1],
[TENSOR,[2,3]],[2,2,-1,-1,0,0],
[TENSOR,[5,3]]],
0);

MOT("(A5x3):2",
0,
[360,24,18,15,180,12,9,15,15,12,4,6],
[,[1,1,3,4,5,5,7,8,9,1,2,3],[1,2,1,4,1,2,1,4,4,10,11,10],,[1,2,3,1,5,6,7,5,5,
10,11,12]],
[[1,1,1,1,1,1,1,1,1,1,1,1],[1,1,1,1,1,1,1,1,1,-1,-1,-1],[2,2,2,2,-1,-1,-1,-1,
-1,0,0,0],[4,0,1,-1,4,0,1,-1,-1,2,0,-1],
[TENSOR,[4,2]],[5,1,-1,0,5,1,-1,0,0,1,-1,1],
[TENSOR,[6,2]],[6,-2,0,1,6,-2,0,1,1,0,0,0],[6,-2,0,1,-3,1,0,
-E(15)-E(15)^2-E(15)^4-E(15)^8,-E(15)^7-E(15)^11-E(15)^13-E(15)^14,0,0,0],
[GALOIS,[9,7]],[8,0,2,-2,-4,0,-1,1,1,0,0,0],[10,2,-2,0,-5,-1,1,0,0,0,0,0]],
0);
ALF("(A5x3):2","A8",[1,3,4,8,4,9,5,13,14,3,7,9]);

MOT("2^4:(3x3):2",
0,
[288,96,96,32,36,12,36,12,9,9,8,8,8,8],
[,[1,1,1,1,5,5,7,7,9,10,1,2,3,4],[1,2,3,4,1,3,1,2,1,1,11,12,13,14]],
[[1,1,1,1,1,1,1,1,1,1,1,1,1,1],[1,1,1,1,1,1,1,1,1,1,-1,-1,-1,-1],[2,2,2,2,-1,
-1,2,2,-1,-1,0,0,0,0],
[2,2,2,2,-1,-1,-1,-1,2,-1,0,0,0,0],
[2,2,2,2,-1,-1,-1,-1, -1,2,0,0,0,0],
[2,2,2,2,2,2,-1,-1,-1,-1,0,0,0,0],
[3,3,-1,-1,3,-1,0,0,0,0,1,1,-1,-1],
[TENSOR,[9,2]],
[3,-1,3,-1,0,0,3,-1,0,0,1,-1,1,-1],
[TENSOR,[7,2]],
[6,6,-2,-2,-3,1,0,0,0,0,0,0,0, 0],
[6,-2,6,-2,0,0,-3,1,0,0,0,0,0,0],
[TENSOR,[14,2]],
[9,-3,-3,1,0,0,0,0,0,0,1,-1,-1,1],
],
0);

MOT("2^3:7",
0,
[56,8,7,7,7,7,7,7],
[,[1,1,4,6,8,3,5,7],,,,,[1,2,1,1,1,1,1,1]],
[[1,1,1,1,1,1,1,1],[1,1,E(7),E(7)^2,E(7)^3,E(7)^4,E(7)^5,E(7)^6],
[TENSOR,[2,2]],
[TENSOR,[2,3]],
[TENSOR,[2,4]],
[TENSOR,[2,5]],
[TENSOR,[2,6]],[7,-1,0,0,0,0,0,0]],
0);

MOT("2^3",
0,
[8,8,8,8,8,8,8,8],
[,[1,1,1,1,1,1,1,1]],
[[1,1,1,1,1,1,1,1],[1,1,1,1,-1,-1,-1,-1],[1,1,-1,-1,1,1,-1,-1],
[TENSOR,[2,3]],[1,-1,1,-1,1,-1,1,-1],
[TENSOR,[2,5]],
[TENSOR,[3,5]],
[TENSOR,[2,7]]],
0);

MOT("S3xS3",
0,
[36,18,18,9,12,6,12,6,4],
[,[1,2,3,4,1,3,1,2,1],[1,1,1,1,5,5,7,7,9]],
[[1,1,1,1,1,1,1,1,1],[1,1,1,1,-1,-1,1,1,-1],[1,1,1,1,1,1,-1,-1,-1],
[TENSOR,[2,3]],[2,-1,2,-1,0,0,2,-1,0],
[TENSOR,[5,3]],[2,2,-1,-1,2,-1,0,0,0],
[TENSOR,[7,2]],[4,-2,-2,1,0,0,0,0,0]],
0);

MOT("3^(1+2):4",
0,
[108,108,108,9,9,12,12,12,12,12,12,12,12,12],
[,[1,3,2,4,5,1,3,2,6,8,7,6,8,7],[1,1,1,1,1,6,6,6,12,12,12,9,9,9],,[1,3,2,4,5,
6,8,7,9,11,10,12,14,13],,[1,2,3,4,5,6,7,8,12,13,14,9,10,11],,,,[1,3,2,4,5,6,8,
7,12,14,13,9,11,10]],
[[1,1,1,1,1,1,1,1,1,1,1,1,1,1],[1,1,1,1,1,1,1,1,-1,-1,-1,-1,-1,-1],[1,1,1,1,1,
-1,-1,-1,-E(4),-E(4),-E(4),E(4),E(4),E(4)],
[TENSOR,[2,3]],[3,3*E(3)^2,3*E(3),0,0,1,E(3)^2,E(3),-E(4),-E(12)^11,-E(12)^7,
E(4),E(12)^11,E(12)^7],
[TENSOR,[5,2]],
[GALOIS,[5,5]],
[TENSOR,[7,2]],
[TENSOR,[5,3]],
[TENSOR,[7,3]],
[TENSOR,[5,4]],
[TENSOR,[7,4]],[4,4,4,-2,1,0,0,0,0,0,0,0,0,0],[4,4,4,1,-2,0,0,0,0,0,0,0,0,0]],
0);

MOT("4^2:3",
0,
[48,16,16,16,16,16,3,3],
[,[1,1,2,2,2,2,8,7],[1,2,4,3,6,5,1,1]],
[[1,1,1,1,1,1,1,1],[1,1,1,1,1,1,E(3),E(3)^2],
[TENSOR,[2,2]],[3,3,-1,-1,-1,-1,0,0],[3,-1,1,1,-1-2*E(4),-1+2*E(4),0,0],
[GALOIS,[5,3]],[3,-1,-1+2*E(4),-1-2*E(4),1,1,0,0],
[GALOIS,[7,3]]],
0);

MOT("3^2",
0,
[9,9,9,9,9,9,9,9,9],
[,,[1,1,1,1,1,1,1,1,1]],
[[1,1,1,1,1,1,1,1,1],[1,E(3),E(3)^2,1,E(3),E(3)^2,1,E(3),E(3)^2],
[TENSOR,[2,2]],[1,1,1,E(3),E(3),E(3),E(3)^2,E(3)^2,E(3)^2],
[TENSOR,[2,4]],
[TENSOR,[2,5]],
[TENSOR,[4,4]],
[TENSOR,[2,7]],
[TENSOR,[2,8]]],
0);
ARC("3^2","projectives",["3^(1+2)_+",[[3,0,0,0,0,0,0,0,0]],]);

MOT("3^(1+2)_+",
0,
[27,27,27,9,9,9,9,9,9,9,9],
[,,[1,1,1,1,1,1,1,1,1,1,1]],
[["3^2",[]],,["3^(1+2)_+",[-1]]],
0,
ConstructProj);
ALF("3^(1+2)_+","3^2",[1,1,1,2,3,4,5,6,7,8,9]);

MOT("2.2^4:3",
0,
[96,96,16,16,16,16,16,6,6,6,6],
[,[1,1,2,2,1,1,1,10,10,8,8],[1,2,3,4,5,6,7,1,2,1,2]],
[[1,1,1,1,1,1,1,1,1,1,1],[1,1,1,1,1,1,1,E(3)^2,E(3)^2,E(3),E(3)],
[TENSOR,[2,2]],[3,3,-1,3,-1,-1,-1,0,0,0,0],[3,3,3,-1,-1,-1,-1,0,0,0,0],[3,3,
-1,-1,-1,-1,3,0,0,0,0],[3,3,-1,-1,-1,3,-1,0,0,0,0],[3,3,-1,-1,3,-1,-1,0,0,0,
0],[4,-4,0,0,0,0,0,1,-1,1,-1],
[TENSOR,[9,3]],
[TENSOR,[9,2]]],
0);

LIBTABLE.LOADSTATUS.mytbl:="userloaded";

#############################################################################
##
#E  ctoinert.tbl. . . . . . . . . . . . . . . . . . . . . . . . . . ends here
