#############################################################################
##
#W  ctoline3.tbl                GAP table library               Thomas Breuer
##
#H  @(#)$Id$
##
#Y  Copyright (C)  1996,  Lehrstuhl D fuer Mathematik,  RWTH Aachen,  Germany
##
##  This file contains the ordinary character tables related to the
##  linear group $L_3(4)$ of the ATLAS.
##
Revision.ctoline3_tbl :=
    "@(#)$Id$";

SET_TABLEFILENAME("ctoline3");
ALN:= Ignore;

MOT("12_1.L3(4)",
[
"origin: ATLAS of finite groups, tests: 1.o.r., pow[2,3,5,7]"
],
[241920,241920,241920,241920,241920,241920,241920,241920,241920,241920,241920,
241920,384,384,384,384,384,384,36,36,36,36,96,96,96,96,96,96,48,48,48,48,48,
48,60,60,60,60,60,60,60,60,60,60,60,60,60,60,60,60,60,60,60,60,60,60,60,60,84,
84,84,84,84,84,84,84,84,84,84,84,84,84,84,84,84,84,84,84,84,84,84,84],
[,[1,3,5,7,9,11,1,3,5,7,9,11,1,3,5,7,9,11,19,21,19,21,13,15,17,13,15,17,16,18,
14,16,18,14,47,49,51,53,55,57,47,49,51,53,55,57,35,37,39,41,43,45,35,37,39,41,
43,45,59,61,63,65,67,69,59,61,63,65,67,69,71,73,75,77,79,81,71,73,75,77,79,
81],[1,4,7,10,1,4,7,10,1,4,7,10,13,16,13,16,13,16,1,4,7,10,23,26,23,26,23,26,
29,29,29,32,32,32,47,50,53,56,47,50,53,56,47,50,53,56,35,38,41,44,35,38,41,44,
35,38,41,44,71,74,77,80,71,74,77,80,71,74,77,80,59,62,65,68,59,62,65,68,59,62,
65,68],,[1,6,11,4,9,2,7,12,5,10,3,8,13,18,17,16,15,14,19,20,21,22,23,28,27,26,
25,24,29,31,30,32,34,33,1,6,11,4,9,2,7,12,5,10,3,8,1,6,11,4,9,2,7,12,5,10,3,8,
71,76,81,74,79,72,77,82,75,80,73,78,59,64,69,62,67,60,65,70,63,68,61,66],,[1,
8,3,10,5,12,7,2,9,4,11,6,13,14,15,16,17,18,19,22,21,20,23,24,25,26,27,28,29,
30,31,32,33,34,47,54,49,56,51,58,53,48,55,50,57,52,35,42,37,44,39,46,41,36,43,
38,45,40,1,8,3,10,5,12,7,2,9,4,11,6,1,8,3,10,5,12,7,2,9,4,11,6]],
[["L3(4)",[]],["2.L3(4)",[]],["3.L3(4)",[-1,-1,-1,-1,-13,-13,11,11,
-1]],["4_1.L3(4)",[-9,-9,-1,-1,15,15]],,["6.L3(4)",[-1,-1,11,11,-13,-13,
-1]],,,,,,["12_1.L3(4)",[[-55,-377,-433],[-55,-377,-433],[41,-209,-169],[41,
-209,-169],[-7,7,-1]]]],
[(59,71)(60,72)(61,73)(62,74)(63,75)(64,76)(65,77)(66,78)(67,79)(68,80)(69,81)
(70,82),(35,47)(36,48)(37,49)(38,50)(39,51)(40,52)(41,53)(42,54)(43,55)(44,56)
(45,57)(46,58),(29,32)(30,33)(31,34),( 2, 6)( 3,11)( 5, 9)( 8,12)(14,18)
(15,17)(24,28)(25,27)(30,31)(33,34)(36,40)(37,45)(39,43)(42,46)(48,52)(49,57)
(51,55)(54,58)(60,64)(61,69)(63,67)(66,70)(72,76)(73,81)(75,79)(78,82),( 2, 8)
( 4,10)( 6,12)(20,22)(36,42)(38,44)(40,46)(48,54)(50,56)(52,58)(60,66)(62,68)
(64,70)(72,78)(74,80)(76,82)],
function ( tbl )
    ConstructProj( tbl );
end);
ARC("12_1.L3(4)","irredinfo",rec(pblock:=[,[1,1,1,1,1,1,1,1,1,2,1,1,1,1,1,2,1,
1,1,1,1,1,1,1,2,2,1,1,1,1,3,4,3,4,3,4,3,4,3,4,3,4,3,4,3,4,3,4,3,4,3,4,3,4,3,4,
3,4,3,4,3,4,3,4,3,4,3,4,3,4,3,4,3,4,3,4,3,4,3,4,3,4],[1,1,1,1,1,2,3,4,5,1,6,6,
6,6,7,6,6,8,9,10,9,10,9,10,9,10,9,10,9,10,1,1,1,1,1,1,1,1,2,2,3,3,4,4,5,5,1,1,
6,6,7,7,6,6,6,6,6,6,6,6,8,8,9,9,10,10,9,9,10,10,9,9,10,10,9,9,10,10,9,9,10,
10],,[1,2,3,4,5,6,7,1,1,1,8,9,10,10,10,10,11,12,13,14,13,14,13,14,13,14,15,16,
17,18,19,20,21,22,23,24,25,26,27,28,29,30,25,26,25,26,25,26,31,32,31,32,31,32,
31,32,33,34,35,36,37,38,39,40,41,42,39,40,41,42,39,40,41,42,39,40,41,42,43,44,
45,46],,[1,1,2,3,4,1,1,5,6,1,7,7,8,9,7,7,10,7,11,12,11,12,13,14,11,12,11,12,
11,12,15,16,15,16,15,16,17,18,15,16,15,16,19,20,21,22,23,24,25,26,25,26,27,28,
29,30,25,26,25,26,25,26,31,32,33,34,31,32,33,34,31,32,33,34,31,32,33,34,31,32,
33,34]]));
ALF("12_1.L3(4)","L3(4)",[1,1,1,1,1,1,1,1,1,1,1,1,2,2,2,2,2,2,3,3,3,3,4,4,
4,4,4,4,5,5,5,6,6,6,7,7,7,7,7,7,7,7,7,7,7,7,8,8,8,8,8,8,8,8,8,8,8,8,9,9,9,
9,9,9,9,9,9,9,9,9,10,10,10,10,10,10,10,10,10,10,10,10]);
ALF("12_1.L3(4)","2.L3(4)",[1,2,1,2,1,2,1,2,1,2,1,2,3,4,3,4,3,4,5,6,5,6,7,
8,7,8,7,8,9,9,9,10,10,10,11,12,11,12,11,12,11,12,11,12,11,12,13,14,13,14,
13,14,13,14,13,14,13,14,15,16,15,16,15,16,15,16,15,16,15,16,17,18,17,18,
17,18,17,18,17,18,17,18]);
ALF("12_1.L3(4)","4_1.L3(4)",[1,2,3,4,1,2,3,4,1,2,3,4,5,6,5,6,5,6,7,8,9,
10,11,12,11,12,11,12,13,13,13,14,14,14,15,16,17,18,15,16,17,18,15,16,17,
18,19,20,21,22,19,20,21,22,19,20,21,22,23,24,25,26,23,24,25,26,23,24,25,
26,27,28,29,30,27,28,29,30,27,28,29,30]);
ALF("12_1.L3(4)","3.L3(4)",[1,2,3,1,2,3,1,2,3,1,2,3,4,5,6,4,5,6,7,7,7,7,8,
9,10,8,9,10,11,12,13,14,15,16,17,18,19,17,18,19,17,18,19,17,18,19,20,21,
22,20,21,22,20,21,22,20,21,22,23,24,25,23,24,25,23,24,25,23,24,25,26,27,
28,26,27,28,26,27,28,26,27,28]);
ALF("12_1.L3(4)","6.L3(4)",[1,2,3,4,5,6,1,2,3,4,5,6,7,8,9,10,11,12,13,14,
13,14,15,16,17,18,19,20,21,22,23,24,25,26,27,28,29,30,31,32,27,28,29,30,
31,32,33,34,35,36,37,38,33,34,35,36,37,38,39,40,41,42,43,44,39,40,41,42,
43,44,45,46,47,48,49,50,45,46,47,48,49,50]);
ALF("12_1.L3(4)","12_1.L3(4).2_1",[1,2,3,4,5,6,7,2,8,4,9,6,10,11,12,13,14,
15,16,17,18,17,19,20,21,22,23,24,25,26,27,28,29,30,31,32,33,34,35,36,37,
38,39,40,41,42,31,38,33,40,35,42,37,32,39,34,41,36,43,44,45,46,47,48,49,
50,51,52,53,54,43,50,45,52,47,54,49,44,51,46,53,48]);
ALF("12_1.L3(4)","12_1.L3(4).2_2",[1,2,3,4,5,6,7,6,5,4,3,2,8,9,10,11,10,9,
12,13,14,13,15,16,17,18,17,16,19,20,21,19,21,20,22,23,24,25,26,27,28,29,
30,31,32,33,22,33,32,31,30,29,28,27,26,25,24,23,34,35,36,37,38,39,40,39,
38,37,36,35,41,42,43,44,45,46,47,46,45,44,43,42]);
ALF("12_1.L3(4)","12_1.L3(4).2_3",[1,2,3,4,5,2,6,7,5,8,3,7,9,10,11,12,11,
10,13,14,15,16,17,18,19,20,19,18,21,22,23,21,23,22,24,25,26,27,28,25,29,
30,28,31,26,30,32,33,34,35,36,33,37,38,36,39,34,38,40,41,42,43,44,45,46,
47,48,49,50,51,40,45,50,43,48,41,46,51,44,49,42,47]);
ALF("12_1.L3(4)","12.M22",[1,2,3,4,5,6,7,8,9,10,11,12,13,14,15,16,17,18,
19,20,21,22,23,24,25,26,27,28,29,30,31,29,30,31,32,33,34,35,36,37,38,39,
40,41,42,43,32,33,34,35,36,37,38,39,40,41,42,43,50,51,52,53,54,55,56,57,
58,59,60,61,62,63,64,65,66,67,68,69,70,71,72,73],[
"fusion map is unique up to table automorphisms"
]);

MOT("12_1.L3(4).2_1",
[
"origin: ATLAS of finite groups, tests: 1.o.r., pow[2,3,5,7]"
],
[483840,241920,483840,241920,483840,241920,483840,483840,483840,768,768,768,
768,768,768,72,36,72,192,192,192,192,192,192,96,96,96,96,96,96,60,60,60,60,60,
60,60,60,60,60,60,60,84,84,84,84,84,84,84,84,84,84,84,84,432,432,432,48,48,48,
36,36,48,48,48,48,48,48,48,48,48,48,48,48,48,48,48,48,48,48],
[,[1,3,5,7,8,9,1,5,8,1,3,5,7,8,9,16,18,16,10,12,14,10,12,14,13,15,11,13,15,11,
31,33,35,37,39,41,31,33,35,37,39,41,43,45,47,49,51,53,43,45,47,49,51,53,1,8,5,
10,12,14,16,16,19,21,23,19,21,23,25,27,26,25,27,26,28,30,29,28,30,29],[1,4,7,
4,1,4,7,1,7,10,13,10,13,10,13,1,4,7,19,22,19,22,19,22,25,25,25,28,28,28,31,40,
37,34,31,40,37,34,31,40,37,34,43,52,49,46,43,52,49,46,43,52,49,46,55,55,55,58,
58,58,55,55,63,66,63,66,63,66,72,69,72,69,72,69,78,75,78,75,78,75],,[1,6,9,4,
8,2,7,5,3,10,15,14,13,12,11,16,17,18,19,24,23,22,21,20,25,27,26,28,30,29,1,6,
9,4,8,2,7,6,5,4,3,2,43,54,53,52,51,50,49,48,47,46,45,44,55,57,56,58,60,59,61,
62,63,68,67,66,65,64,72,71,70,69,74,73,78,77,76,75,80,79],,[1,2,3,4,5,6,7,8,9,
10,11,12,13,14,15,16,17,18,19,20,21,22,23,24,25,26,27,28,29,30,31,32,33,34,35,
36,37,38,39,40,41,42,1,2,3,4,5,6,7,2,8,4,9,6,55,56,57,58,59,60,61,62,63,64,65,
66,67,68,69,70,71,72,73,74,75,76,77,78,79,80]],
0,
[(69,72)(70,73)(71,74)(75,78)(76,79)(77,80),(63,66)(64,67)(65,68),(61,62),
(44,50)(46,52)(48,54),(32,38)(34,40)(36,42),(32,38)(34,40)(36,42)(44,50)
(46,52)(48,54),(32,38)(34,40)(36,42)(44,50)(46,52)(48,54)(69,72)(70,73)(71,74)
(75,78)(76,79)(77,80),( 2, 6)( 3, 9)( 5, 8)(11,15)(12,14)(20,24)(21,23)(26,27)
(29,30)(32,36)(33,41)(35,39)(38,42)(44,48)(45,53)(47,51)(50,54)(56,57)(59,60)
(64,68)(65,67)(70,74)(71,73)(76,80)(77,79),(25,28)(26,29)(27,30)(69,75)(70,76)
(71,77)(72,78)(73,79)(74,80)],
function ( tbl )
    ConstructMixed( tbl, "12_1.L3(4)", "6.L3(4).2_1", 
     [ [ 19, 22 ], [ 20, 21 ], [ 23, 24 ], [ 25, 26 ], [ 27, 30 ], 
        [ 28, 29 ], [ 63, 69 ], [ 64, 70 ], [ 65, 67 ], [ 66, 68 ], 
        [ 71, 77 ], [ 72, 78 ], [ 73, 75 ], [ 74, 76 ], [ 79, 81 ], 
        [ 80, 82 ] ], (25,31,37,43,49,55,61,67,27,33,39,45,51,57,63,69,29,35,
       41,47,53,59,65)(26,32,38,44,50,56,62,68,28,34,40,46,52,58,64,70,30,36,
       42,48,54,60,66) );
end);
ARC("12_1.L3(4).2_1","irredinfo",rec(pblock:=[,[1,1,1,1,1,1,1,1,1,1,1,1,2,2,1,
1,1,1,2,2,1,1,1,1,1,1,1,2,1,1,3,3,4,4,3,3,4,4,3,3,4,4,3,3,4,4,3,4,3,4,3,3,4,4,
3,3,4,4,3,3,4,4,3,4,3,4,3,3,4,4,3,4,3,4,3,4,3,4,3,4],[1,2,1,2,2,1,2,1,2,1,3,4,
2,1,5,5,6,7,5,5,5,5,8,9,10,10,10,10,10,10,2,1,2,1,2,1,2,1,2,1,2,1,1,2,1,2,3,3,
4,4,2,1,2,1,5,5,5,5,6,7,6,7,5,5,5,5,8,9,8,9,10,10,10,10,10,10,10,10,10,10],,[
1,1,2,3,4,5,6,7,8,9,10,1,1,1,11,12,12,12,12,12,13,14,15,16,17,17,17,17,18,19,
20,21,22,23,24,25,26,27,28,29,30,31,32,32,33,33,34,35,32,33,32,32,33,33,36,36,
37,37,36,36,37,37,36,37,38,39,40,41,42,43,44,45,44,45,44,45,44,45,46,47],,[1,
1,1,1,2,3,4,5,6,7,1,8,1,1,9,10,9,9,9,9,11,12,9,9,13,13,14,13,13,13,15,15,16,
16,15,15,16,16,15,15,16,16,17,18,19,20,15,16,21,22,23,24,25,26,27,27,28,28,27,
27,28,28,29,30,27,28,27,27,28,28,31,32,31,32,31,32,31,32,31,32]]));
ALF("12_1.L3(4).2_1","L3(4).2_1",[1,1,1,1,1,1,1,1,1,2,2,2,2,2,2,3,3,3,4,4,
4,4,4,4,5,5,5,6,6,6,7,7,7,7,7,7,7,7,7,7,7,7,8,8,8,8,8,8,8,8,8,8,8,8,9,9,9,
10,10,10,11,11,12,12,12,12,12,12,13,13,13,13,13,13,14,14,14,14,14,14]);
ALF("12_1.L3(4).2_1","2.L3(4).2_1",[1,2,1,2,1,2,1,1,1,3,4,3,4,3,4,5,6,5,7,
8,7,8,7,8,9,9,9,10,10,10,11,12,11,12,11,12,11,12,11,12,11,12,13,14,13,14,
13,14,13,14,13,14,13,14,15,15,15,16,16,16,17,18,19,20,19,20,19,20,21,22,
21,22,21,22,23,24,23,24,23,24]);
ALF("12_1.L3(4).2_1","4_1.L3(4).2_1",[1,2,3,2,1,2,3,1,3,4,5,4,5,4,5,6,7,8,
9,10,9,10,9,10,11,11,11,12,12,12,13,14,15,16,13,14,15,16,13,14,15,16,17,
18,19,20,17,18,19,20,17,18,19,20,21,21,21,22,22,22,23,24,25,26,25,26,25,
26,27,28,27,28,27,28,29,30,29,30,29,30]);
ALF("12_1.L3(4).2_1","3.L3(4).2_1",[1,2,3,1,2,3,1,3,2,4,5,6,4,5,6,7,7,7,8,
9,10,8,9,10,11,12,13,14,15,16,17,18,19,17,18,19,17,18,19,17,18,19,20,21,
22,20,21,22,20,21,22,20,21,22,23,24,25,26,27,28,29,29,30,31,32,30,31,32,
33,34,35,33,34,35,36,37,38,36,37,38]);
ALF("12_1.L3(4).2_1","6.L3(4).2_1",[1,2,3,4,5,6,1,3,5,7,8,9,10,11,12,13,
14,13,15,16,17,18,19,20,21,22,23,24,25,26,27,28,29,30,31,32,27,28,29,30,
31,32,33,34,35,36,37,38,33,34,35,36,37,38,39,40,41,42,43,44,45,46,47,48,
49,50,51,52,53,54,55,56,57,58,59,60,61,62,63,64]);

MOT("12_1.L3(4).2_2",
[
"origin: ATLAS of finite groups, tests: 1.o.r., pow[2,3,5,7]"
],
[483840,241920,241920,241920,241920,241920,483840,768,384,384,768,72,36,72,
192,96,96,192,48,48,48,60,60,60,60,60,60,60,60,60,60,60,60,168,84,84,84,84,84,
168,168,84,84,84,84,84,168,672,672,32,32,12,12,16,16,28,28,28,28],
[,[1,3,5,7,5,3,1,1,3,5,7,12,14,12,8,10,10,8,11,9,9,22,32,30,28,26,24,22,32,30,
28,26,24,34,36,38,40,38,36,34,41,43,45,47,45,43,41,1,1,8,8,12,12,18,18,34,34,
41,41],[1,4,7,4,1,4,7,8,11,8,11,1,4,7,15,18,15,18,19,19,19,22,31,28,25,22,31,
28,25,22,31,28,25,41,44,47,44,41,44,47,34,37,40,37,34,37,40,48,49,50,51,48,49,
55,54,58,59,56,57],,[1,6,3,4,5,2,7,8,9,10,11,12,13,14,15,16,17,18,19,21,20,1,
6,3,4,5,2,7,2,5,4,3,6,41,46,43,44,45,42,47,34,39,36,37,38,35,40,48,49,50,51,
52,53,54,55,58,59,56,57],,[1,6,3,4,5,2,7,8,9,10,11,12,13,14,15,16,17,18,19,20,
21,22,27,32,25,30,23,28,33,26,31,24,29,1,6,3,4,5,2,7,1,6,3,4,5,2,7,48,49,50,
51,52,53,55,54,48,49,48,49]],
0,
[(54,55),(34,41)(35,42)(36,43)(37,44)(38,45)(39,46)(40,47)(56,58)(57,59),
(23,33)(24,32)(25,31)(26,30)(27,29),(20,21),( 2, 6)(23,27)(24,32)(26,30)
(29,33)(35,39)(42,46),( 2, 6)(23,29)(25,31)(27,33)(35,39)(42,46),( 2, 6)
(23,29)(25,31)(27,33)(35,39)(42,46)(54,55),( 2, 6)(20,21)(23,27)(24,32)(26,30)
(29,33)(35,39)(42,46),(48,49)(50,51)(52,53)(56,57)(58,59)],
function ( tbl )
    ConstructMixed( tbl, "12_1.L3(4)", "2.L3(4).2_2", 
     [ [ 19, 22 ], [ 20, 21 ], [ 23, 24 ], [ 25, 26 ], [ 27, 28 ], 
        [ 29, 30 ], [ 31, 32 ], [ 33, 36 ], [ 34, 35 ], [ 37, 38 ], 
        [ 39, 40 ], [ 41, 42 ], [ 43, 46 ], [ 44, 45 ], [ 47, 48 ], 
        [ 49, 50 ], [ 51, 52 ], [ 53, 56 ], [ 54, 55 ], [ 57, 58 ], 
        [ 59, 60 ], [ 61, 62 ], [ 63, 66 ], [ 64, 65 ], [ 67, 70 ], 
        [ 68, 69 ], [ 71, 78 ], [ 72, 77 ], [ 73, 76 ], [ 74, 75 ], 
        [ 79, 82 ], [ 80, 81 ] ], () );
end);
ARC("12_1.L3(4).2_2","irredinfo",rec(pblock:=[,[1,1,1,1,1,1,1,1,1,1,1,1,2,2,1,
1,1,1,1,1,1,2,2,1,1,1,1,1,1,1,2,1,1,3,3,3,3,3,3,3,3,3,3,3,3,3,3,3,3,3,3,3,3,3,
3,3,3,3,3],[1,1,1,1,1,1,1,2,2,3,3,4,1,1,5,5,5,5,5,6,6,5,5,5,5,7,7,8,8,8,8,8,8,
1,1,1,1,2,3,4,4,1,5,6,5,5,5,5,7,8,8,8,8,8,8,8,8,8,8],,[1,1,2,3,4,5,6,7,8,9,10,
1,1,1,11,12,13,14,15,15,15,15,15,16,17,18,19,20,20,20,20,21,22,23,24,25,26,27,
28,26,26,26,29,29,29,29,30,31,32,33,34,33,34,33,34,34,33,35,36],,[1,2,1,2,3,4,
5,1,2,1,2,6,1,2,7,8,7,8,9,7,8,8,7,10,11,8,7,12,12,13,12,12,12,14,14,14,15,14,
14,16,17,18,19,19,20,21,19,19,19,22,23,22,23,22,23,23,22,22,23]]));
ALF("12_1.L3(4).2_2","L3(4).2_2",[1,1,1,1,1,1,1,2,2,2,2,3,3,3,4,4,4,4,5,5,
5,6,6,6,6,6,6,6,6,6,6,6,6,7,7,7,7,7,7,7,8,8,8,8,8,8,8,9,9,10,10,11,11,12,
12,13,13,14,14]);
ALF("12_1.L3(4).2_2","2.L3(4).2_2",[1,2,1,2,1,2,1,3,4,3,4,5,6,5,7,8,7,8,9,
9,9,10,11,10,11,10,11,10,11,10,11,10,11,12,13,12,13,12,13,12,14,15,14,15,
14,15,14,16,17,18,19,20,21,22,23,24,25,26,27]);
ALF("12_1.L3(4).2_2","4_1.L3(4).2_2",[1,2,3,2,1,2,3,4,5,4,5,6,7,8,9,10,9,
10,11,11,11,12,13,14,15,12,13,14,15,12,13,14,15,16,17,18,17,16,17,18,19,
20,21,20,19,20,21,22,23,24,25,26,27,28,29,30,31,32,33]);
ALF("12_1.L3(4).2_2","3.L3(4).2_2",[1,2,2,1,2,2,1,3,4,4,3,5,5,5,6,7,7,6,8,
9,10,11,12,13,11,12,13,11,12,13,11,12,13,14,15,15,14,15,15,14,16,17,17,16,
17,17,16,18,18,19,19,20,20,21,21,22,22,23,23]);
ALF("12_1.L3(4).2_2","6.L3(4).2_2",[1,2,3,4,3,2,1,5,6,7,8,9,10,9,11,12,13,
14,15,16,17,18,19,20,21,22,23,18,19,20,21,22,23,24,25,26,27,26,25,24,28,
29,30,31,30,29,28,32,33,34,35,36,37,38,39,40,41,42,43]);

MOT("12_1.L3(4).2_3",
[
"origin: ATLAS of finite groups, tests: 1.o.r., pow[2,3,5,7]"
],
[483840,241920,241920,483840,241920,483840,241920,483840,768,384,384,768,72,
72,72,72,192,96,96,192,48,48,48,120,60,60,120,60,120,60,120,120,60,60,120,60,
120,60,120,84,84,84,84,84,84,84,84,84,84,84,84,480,480,480,480,24,24,24,24,32,
32,32,32,40,40,40,40,40,40,40,40],
[,[1,3,5,6,5,1,3,6,1,3,5,6,13,15,13,15,9,11,11,9,12,10,10,32,34,36,37,36,32,
34,37,24,26,28,29,28,24,26,29,40,42,44,46,48,50,40,42,44,46,48,50,1,6,1,6,13,
15,13,15,17,17,17,17,32,37,32,37,24,29,24,29],[1,4,6,8,1,6,8,4,9,12,9,12,1,4,
6,8,17,20,17,20,21,21,21,32,35,37,39,32,37,39,35,24,27,29,31,24,29,31,27,40,
43,46,49,40,43,46,49,40,43,46,49,52,55,54,53,52,55,54,53,61,60,63,62,68,71,70,
69,64,67,66,65],,[1,2,3,4,5,6,7,8,9,10,11,12,13,14,15,16,17,18,19,20,21,23,22,
1,2,3,4,5,6,7,8,1,2,3,4,5,6,7,8,40,41,42,43,44,45,46,47,48,49,50,51,52,53,54,
55,56,57,58,59,61,60,63,62,52,53,54,55,52,53,54,55],,[1,7,3,8,5,6,2,4,9,10,11,
12,13,16,15,14,17,18,19,20,21,22,23,32,38,34,39,36,37,33,35,24,30,26,31,28,29,
25,27,1,7,3,8,5,7,6,2,5,4,3,2,52,55,54,53,56,59,58,57,60,61,62,63,68,71,70,69,
64,67,66,65]],
0,
[(62,63),(60,61),(41,45)(42,50)(44,48)(47,51),(24,32)(25,33)(26,34)(27,35)
(28,36)(29,37)(30,38)(31,39)(64,68)(65,69)(66,70)(67,71),(22,23),(22,23)
(41,45)(42,50)(44,48)(47,51),( 2, 7)( 4, 8)(14,16)(25,30)(27,31)(33,38)(35,39)
(41,47)(43,49)(45,51)(53,55)(57,59)(65,67)(69,71),( 2, 7)( 4, 8)(14,16)(25,30)
(27,31)(33,38)(35,39)(41,47)(43,49)(45,51)(53,55)(57,59)(60,61)(62,63)(65,67)
(69,71),(52,54)(53,55)(56,58)(57,59)(64,66)(65,67)(68,70)(69,71)],
function ( tbl )
    ConstructMixed( tbl, "12_1.L3(4)", "4_1.L3(4).2_3", 
     [ [ 31, 32 ], [ 33, 36 ], [ 34, 35 ], [ 37, 38 ], [ 39, 42 ], 
        [ 40, 41 ], [ 43, 44 ], [ 45, 46 ], [ 47, 48 ], [ 49, 50 ], 
        [ 51, 52 ], [ 53, 54 ], [ 55, 56 ], [ 57, 60 ], [ 58, 59 ], 
        [ 61, 62 ], [ 63, 68 ], [ 64, 67 ], [ 65, 70 ], [ 66, 69 ], 
        [ 71, 72 ], [ 73, 74 ], [ 75, 76 ], [ 77, 78 ], [ 79, 80 ], 
        [ 81, 82 ] ], () );
end);
ARC("12_1.L3(4).2_3","irredinfo",rec(pblock:=[,[1,1,1,1,1,1,1,1,1,1,1,1,2,2,1,
1,1,1,1,1,1,2,2,1,1,1,1,1,1,1,1,1,1,1,1,1,1,1,1,2,2,2,2,1,1,3,3,3,3,3,3,3,3,3,
3,3,3,3,3,3,3,3,3,3,3,3,3,3,3,3,3],[1,1,1,1,1,1,1,2,3,3,4,4,1,1,5,5,5,5,5,6,6,
5,5,5,5,7,7,8,8,9,9,8,8,9,9,8,8,9,9,8,8,9,9,8,9,1,1,1,1,2,2,3,4,1,5,6,5,5,5,5,
7,8,8,9,9,8,9,8,9,8,9],,[1,2,3,4,5,6,7,8,1,2,1,2,1,2,9,10,11,10,11,11,10,11,
10,12,13,14,15,16,17,18,19,16,17,18,19,17,16,19,18,17,16,19,18,20,21,22,23,24,
25,26,27,25,25,25,28,28,28,28,29,30,31,32,32,33,33,32,33,32,33,34,35],,[1,1,1,
1,2,3,4,1,5,6,7,8,1,1,9,10,11,12,13,9,9,9,9,14,15,9,9,16,16,17,17,16,16,17,17,
18,19,20,21,16,16,17,17,16,17,22,22,22,23,22,22,24,25,26,27,27,28,29,27,27,27,
30,30,31,31,30,31,30,31,30,31]]));
ALF("12_1.L3(4).2_3","L3(4).2_3",[1,1,1,1,1,1,1,1,2,2,2,2,3,3,3,3,4,4,4,4,
5,5,5,6,6,6,6,6,6,6,6,7,7,7,7,7,7,7,7,8,8,8,8,8,8,8,8,8,8,8,8,9,9,9,9,10,
10,10,10,11,11,12,12,13,13,13,13,14,14,14,14]);
ALF("12_1.L3(4).2_3","2.L3(4).2_3",[1,2,1,2,1,1,2,2,3,4,3,4,5,6,5,6,7,8,7,
8,9,9,9,10,11,10,11,10,10,11,11,12,13,12,13,12,12,13,13,14,15,14,15,14,15,
14,15,14,15,14,15,16,17,16,17,18,19,18,19,20,21,22,23,24,25,24,25,26,27,
26,27]);
ALF("12_1.L3(4).2_3","4_1.L3(4).2_3",[1,2,3,4,1,3,4,2,5,6,5,6,7,8,9,10,11,
12,11,12,13,13,13,14,15,16,17,14,16,17,15,18,19,20,21,18,20,21,19,22,23,
24,25,22,23,24,25,22,23,24,25,26,27,28,29,30,31,32,33,34,35,36,37,38,39,
40,41,42,43,44,45]);
ALF("12_1.L3(4).2_3","3.L3(4).2_3",[1,2,2,1,2,1,2,1,3,4,4,3,5,5,5,5,6,7,7,
6,8,9,10,11,12,12,11,12,11,12,11,13,14,14,13,14,13,14,13,15,16,17,15,16,
17,15,16,17,15,16,17,18,18,18,18,19,19,19,19,20,20,21,21,22,22,22,22,23,
23,23,23]);
ALF("12_1.L3(4).2_3","6.L3(4).2_3",[1,2,3,4,3,1,2,4,5,6,7,8,9,10,9,10,11,
12,13,14,15,16,17,18,19,20,21,20,18,19,21,22,23,24,25,24,22,23,25,26,27,
28,29,30,31,26,27,28,29,30,31,32,33,32,33,34,35,34,35,36,37,38,39,40,41,
40,41,42,43,42,43]);

MOT("12_2.L3(4)",
[
"origin: ATLAS of finite groups, tests: 1.o.r., pow[2,3,5,7]"
],
[241920,241920,241920,241920,241920,241920,241920,241920,241920,241920,241920,
241920,384,384,384,384,384,384,36,36,36,36,192,192,192,192,192,192,192,192,
192,192,192,192,48,48,48,48,48,48,60,60,60,60,60,60,60,60,60,60,60,60,60,60,
60,60,60,60,60,60,60,60,60,60,84,84,84,84,84,84,84,84,84,84,84,84,84,84,84,84,
84,84,84,84,84,84,84,84],
[,[1,3,5,7,9,11,1,3,5,7,9,11,1,3,5,7,9,11,19,21,19,21,13,15,17,13,15,17,13,15,
17,13,15,17,16,18,14,16,18,14,53,55,57,59,61,63,53,55,57,59,61,63,41,43,45,47,
49,51,41,43,45,47,49,51,65,67,69,71,73,75,65,67,69,71,73,75,77,79,81,83,85,87,
77,79,81,83,85,87],[1,4,7,10,1,4,7,10,1,4,7,10,13,16,13,16,13,16,1,4,7,10,23,
26,29,32,23,26,29,32,23,26,29,32,35,35,35,38,38,38,53,56,59,62,53,56,59,62,53,
56,59,62,41,44,47,50,41,44,47,50,41,44,47,50,77,80,83,86,77,80,83,86,77,80,83,
86,65,68,71,74,65,68,71,74,65,68,71,74],,[1,6,11,4,9,2,7,12,5,10,3,8,13,18,17,
16,15,14,19,20,21,22,23,28,33,26,31,24,29,34,27,32,25,30,35,37,36,38,40,39,1,
6,11,4,9,2,7,12,5,10,3,8,1,6,11,4,9,2,7,12,5,10,3,8,77,82,87,80,85,78,83,88,
81,86,79,84,65,70,75,68,73,66,71,76,69,74,67,72],,[1,8,3,10,5,12,7,2,9,4,11,6,
13,14,15,16,17,18,19,22,21,20,23,30,25,32,27,34,29,24,31,26,33,28,35,36,37,38,
39,40,53,60,55,62,57,64,59,54,61,56,63,58,41,48,43,50,45,52,47,42,49,44,51,46,
1,8,3,10,5,12,7,2,9,4,11,6,1,8,3,10,5,12,7,2,9,4,11,6]],
[["L3(4)",[]],["2.L3(4)",[]],["3.L3(4)",[-1,-1,-1,-1,-13,-13,11,11,
-1]],["4_2.L3(4)",[-1,-9,-9,-1,-1,15,15]],,["6.L3(4)",[-1,-1,11,11,-13,-13,
-1]],,,,,,["12_2.L3(4)",[[-7,7,-1],[41,-209,-169],[41,-209,-169],[-55,-377,
-433],[-55,-377,-433],[-7,7,-1]]]],
[(65,77)(66,78)(67,79)(68,80)(69,81)(70,82)(71,83)(72,84)(73,85)(74,86)(75,87)
(76,88),(41,53)(42,54)(43,55)(44,56)(45,57)(46,58)(47,59)(48,60)(49,61)(50,62)
(51,63)(52,64),(35,38)(36,39)(37,40),( 2, 6)( 3,11)( 5, 9)( 8,12)(14,18)
(15,17)(24,28)(25,33)(27,31)(30,34)(36,37)(39,40)(42,46)(43,51)(45,49)(48,52)
(54,58)(55,63)(57,61)(60,64)(66,70)(67,75)(69,73)(72,76)(78,82)(79,87)(81,85)
(84,88),( 2, 8)( 4,10)( 6,12)(20,22)(24,30)(26,32)(28,34)(42,48)(44,50)(46,52)
(54,60)(56,62)(58,64)(66,72)(68,74)(70,76)(78,84)(80,86)(82,88)],
function ( tbl )
    ConstructProj( tbl );
end);
ARC("12_2.L3(4)","irredinfo",rec(pblock:=[,[1,1,1,1,1,1,1,1,1,2,1,1,1,1,1,2,1,
1,1,1,1,1,1,1,1,1,2,2,1,1,1,1,3,4,3,4,3,4,3,4,3,4,3,4,3,4,3,4,3,4,3,4,3,4,3,4,
3,4,3,4,3,4,3,4,3,4,3,4,3,4,3,4,3,4,3,4,3,4,3,4,3,4,3,4,3,4,3,4],[1,1,1,1,1,2,
3,4,5,1,6,6,6,6,7,6,6,8,9,10,9,10,9,10,11,12,9,10,9,10,9,10,1,1,1,1,1,1,1,1,2,
2,3,3,4,4,5,5,1,1,6,6,7,7,6,6,6,6,6,6,6,6,8,8,11,11,12,12,9,9,10,10,9,9,10,10,
9,9,10,10,9,9,10,10,9,9,10,10],,[1,2,3,4,5,6,7,1,1,1,8,9,10,10,10,10,11,12,13,
14,15,16,15,16,15,16,15,16,17,18,19,20,21,22,23,24,25,26,27,28,29,30,31,32,27,
28,27,28,27,28,33,34,33,34,33,34,33,34,35,36,37,38,39,40,41,42,43,44,41,42,43,
44,41,42,43,44,45,46,47,48,49,50,51,52,41,42,43,44],,[1,1,2,3,4,1,1,5,6,1,7,7,
8,9,7,7,10,7,11,12,13,14,15,16,11,12,11,12,11,12,11,12,17,18,17,18,17,18,19,
20,17,18,17,18,21,22,23,24,25,26,27,28,27,28,29,30,31,32,27,28,27,28,27,28,33,
34,35,36,33,34,35,36,33,34,35,36,33,34,35,36,33,34,35,36,37,38,39,40]]));
ALF("12_2.L3(4)","L3(4)",[1,1,1,1,1,1,1,1,1,1,1,1,2,2,2,2,2,2,3,3,3,3,4,4,
4,4,4,4,4,4,4,4,4,4,5,5,5,6,6,6,7,7,7,7,7,7,7,7,7,7,7,7,8,8,8,8,8,8,8,8,8,
8,8,8,9,9,9,9,9,9,9,9,9,9,9,9,10,10,10,10,10,10,10,10,10,10,10,10]);
ALF("12_2.L3(4)","2.L3(4)",[1,2,1,2,1,2,1,2,1,2,1,2,3,4,3,4,3,4,5,6,5,6,7,
8,7,8,7,8,7,8,7,8,7,8,9,9,9,10,10,10,11,12,11,12,11,12,11,12,11,12,11,12,
13,14,13,14,13,14,13,14,13,14,13,14,15,16,15,16,15,16,15,16,15,16,15,16,
17,18,17,18,17,18,17,18,17,18,17,18]);
ALF("12_2.L3(4)","4_2.L3(4)",[1,2,3,4,1,2,3,4,1,2,3,4,5,6,5,6,5,6,7,8,9,
10,11,12,13,14,11,12,13,14,11,12,13,14,15,15,15,16,16,16,17,18,19,20,17,
18,19,20,17,18,19,20,21,22,23,24,21,22,23,24,21,22,23,24,25,26,27,28,25,
26,27,28,25,26,27,28,29,30,31,32,29,30,31,32,29,30,31,32]);
ALF("12_2.L3(4)","3.L3(4)",[1,2,3,1,2,3,1,2,3,1,2,3,4,5,6,4,5,6,7,7,7,7,8,
9,10,8,9,10,8,9,10,8,9,10,11,12,13,14,15,16,17,18,19,17,18,19,17,18,19,17,
18,19,20,21,22,20,21,22,20,21,22,20,21,22,23,24,25,23,24,25,23,24,25,23,
24,25,26,27,28,26,27,28,26,27,28,26,27,28]);
ALF("12_2.L3(4)","6.L3(4)",[1,2,3,4,5,6,1,2,3,4,5,6,7,8,9,10,11,12,13,14,
13,14,15,16,17,18,19,20,15,16,17,18,19,20,21,22,23,24,25,26,27,28,29,30,
31,32,27,28,29,30,31,32,33,34,35,36,37,38,33,34,35,36,37,38,39,40,41,42,
43,44,39,40,41,42,43,44,45,46,47,48,49,50,45,46,47,48,49,50]);
ALF("12_2.L3(4)","12_2.L3(4).2_1",[1,2,3,4,5,6,7,2,8,4,9,6,10,11,12,13,14,
15,16,17,18,17,19,20,21,22,23,24,25,20,26,22,27,24,28,29,30,31,32,33,34,
35,36,37,38,39,40,41,42,43,44,45,34,41,36,43,38,45,40,35,42,37,44,39,46,
47,48,49,50,51,52,53,54,55,56,57,46,53,48,55,50,57,52,47,54,49,56,51]);
ALF("12_2.L3(4)","12_2.L3(4).2_2",[1,2,3,4,5,2,6,7,5,8,3,7,9,10,11,12,11,
10,13,14,15,16,17,18,19,20,21,18,22,23,21,24,19,23,25,26,27,25,27,26,28,
29,30,31,32,33,34,35,36,37,38,39,28,33,38,31,36,29,34,39,32,37,30,35,40,
41,42,43,44,41,45,46,44,47,42,46,48,49,50,51,52,49,53,54,52,55,50,54]);
ALF("12_2.L3(4)","12_2.L3(4).2_3",[1,2,3,4,5,6,7,6,5,4,3,2,8,9,10,11,10,9,
12,13,14,13,15,16,17,18,19,20,21,20,19,18,17,16,22,23,24,22,24,23,25,26,
27,28,29,30,31,30,29,28,27,26,32,33,34,35,36,37,38,37,36,35,34,33,39,40,
41,42,43,44,45,46,47,48,49,50,39,50,49,48,47,46,45,44,43,42,41,40]);

MOT("12_2.L3(4).2_1",
[
"origin: ATLAS of finite groups, tests: 1.o.r., pow[2,3,5,7]"
],
[483840,241920,483840,241920,483840,241920,483840,483840,483840,768,768,768,
768,768,768,72,36,72,384,192,384,192,384,192,384,384,384,96,96,96,96,96,96,60,
60,60,60,60,60,60,60,60,60,60,60,84,84,84,84,84,84,84,84,84,84,84,84,432,432,
432,48,48,48,36,36,48,48,48,48,48,48,48,48,48,48,48,48,48,48,48,48,48,48],
[,[1,3,5,7,8,9,1,5,8,1,3,5,7,8,9,16,18,16,10,12,14,10,12,14,10,14,12,13,15,11,
13,15,11,34,36,38,40,42,44,34,36,38,40,42,44,46,48,50,52,54,56,46,48,50,52,54,
56,1,8,5,10,12,14,16,16,19,26,23,19,26,23,28,30,29,28,30,29,31,33,32,31,33,
32],[1,4,7,4,1,4,7,1,7,10,13,10,13,10,13,1,4,7,19,22,25,22,19,22,25,19,25,28,
28,28,31,31,31,34,43,40,37,34,43,40,37,34,43,40,37,46,55,52,49,46,55,52,49,46,
55,52,49,58,58,58,61,61,61,58,58,66,69,66,69,66,69,75,72,75,72,75,72,81,78,81,
78,81,78],,[1,6,9,4,8,2,7,5,3,10,15,14,13,12,11,16,17,18,19,24,27,22,26,20,25,
23,21,28,30,29,31,33,32,1,6,9,4,8,2,7,6,5,4,3,2,46,57,56,55,54,53,52,51,50,49,
48,47,58,60,59,61,63,62,64,65,66,71,70,69,68,67,75,74,73,72,77,76,81,80,79,78,
83,82],,[1,2,3,4,5,6,7,8,9,10,11,12,13,14,15,16,17,18,19,20,21,22,23,24,25,26,
27,28,29,30,31,32,33,34,35,36,37,38,39,40,41,42,43,44,45,1,2,3,4,5,6,7,2,8,4,
9,6,58,59,60,61,62,63,64,65,66,67,68,69,70,71,72,73,74,75,76,77,78,79,80,81,
82,83]],
0,
[(72,75)(73,76)(74,77)(78,81)(79,82)(80,83),(66,69)(67,70)(68,71),(64,65),
(47,53)(49,55)(51,57),(35,41)(37,43)(39,45),(35,41)(37,43)(39,45)(47,53)
(49,55)(51,57),(35,41)(37,43)(39,45)(47,53)(49,55)(51,57)(72,75)(73,76)(74,77)
(78,81)(79,82)(80,83),( 2, 6)( 3, 9)( 5, 8)(11,15)(12,14)(20,24)(21,27)(23,26)
(29,30)(32,33)(35,39)(36,44)(38,42)(41,45)(47,51)(48,56)(50,54)(53,57)(59,60)
(62,63)(67,71)(68,70)(73,77)(74,76)(79,83)(80,82),(28,31)(29,32)(30,33)(72,78)
(73,79)(74,80)(75,81)(76,82)(77,83)],
function ( tbl )
    ConstructMixed( tbl, "12_2.L3(4)", "6.L3(4).2_1", 
     [ [ 19, 20 ], [ 21, 24 ], [ 22, 23 ], [ 25, 26 ], [ 27, 28 ], 
        [ 29, 32 ], [ 30, 31 ], [ 65, 67 ], [ 66, 68 ], [ 69, 75 ], 
        [ 70, 76 ], [ 71, 73 ], [ 72, 74 ], [ 77, 83 ], [ 78, 84 ], 
        [ 79, 81 ], [ 80, 82 ], [ 85, 87 ], [ 86, 88 ] ], 
     (25,32,39,46,53,60,67,27,34,41,48,55,62,69,29,36,43,50,57,64,71,31,38,45,
       52,59,66,26,33,40,47,54,61,68,28,35,42,49,56,63,70,30,37,44,51,58,65) 
     );
end);
ARC("12_2.L3(4).2_1","irredinfo",rec(pblock:=[,[1,1,1,1,1,1,1,1,1,1,1,1,2,2,1,
1,1,1,2,2,1,1,1,1,1,1,1,1,2,1,1,3,3,4,4,3,3,4,4,3,3,4,4,3,3,4,4,3,4,3,4,3,3,4,
4,3,3,4,4,3,3,4,4,3,4,3,4,3,3,4,4,3,4,3,4,3,4,3,4,3,4,3,4],[1,2,1,2,2,1,2,1,2,
1,3,4,2,1,5,5,6,7,5,5,5,5,8,9,10,10,10,11,10,10,10,2,1,2,1,2,1,2,1,2,1,2,1,1,
2,1,2,3,3,4,4,2,1,2,1,5,5,5,5,6,7,6,7,5,5,5,5,8,9,8,9,11,11,10,10,10,10,10,10,
10,10,10,10],,[1,1,2,3,4,5,6,7,8,9,10,1,1,1,11,12,12,12,12,12,13,14,15,16,17,
18,18,18,18,19,20,21,22,23,24,25,26,27,28,29,30,31,32,33,33,34,34,35,36,33,34,
33,33,34,34,37,37,38,38,37,37,38,38,37,38,39,40,41,42,43,44,45,46,45,46,45,46,
47,48,49,50,45,46],,[1,1,1,1,2,3,4,5,6,7,1,8,1,1,9,10,9,9,9,9,11,12,9,9,13,14,
15,13,13,13,13,16,16,17,17,16,16,17,17,16,16,17,17,18,19,20,21,16,17,22,23,24,
25,26,27,28,28,29,29,28,28,29,29,30,31,28,29,28,28,29,29,32,33,32,33,32,33,32,
33,32,33,34,35]]));
ALF("12_2.L3(4).2_1","L3(4).2_1",[1,1,1,1,1,1,1,1,1,2,2,2,2,2,2,3,3,3,4,4,
4,4,4,4,4,4,4,5,5,5,6,6,6,7,7,7,7,7,7,7,7,7,7,7,7,8,8,8,8,8,8,8,8,8,8,8,8,
9,9,9,10,10,10,11,11,12,12,12,12,12,12,13,13,13,13,13,13,14,14,14,14,14,
14]);
ALF("12_2.L3(4).2_1","2.L3(4).2_1",[1,2,1,2,1,2,1,1,1,3,4,3,4,3,4,5,6,5,7,
8,7,8,7,8,7,7,7,9,9,9,10,10,10,11,12,11,12,11,12,11,12,11,12,11,12,13,14,
13,14,13,14,13,14,13,14,13,14,15,15,15,16,16,16,17,18,19,20,19,20,19,20,
21,22,21,22,21,22,23,24,23,24,23,24]);
ALF("12_2.L3(4).2_1","4_2.L3(4).2_1",[1,2,3,2,1,2,3,1,3,4,5,4,5,4,5,6,7,8,
9,10,11,10,9,10,11,9,11,12,12,12,13,13,13,14,15,16,17,14,15,16,17,14,15,
16,17,18,19,20,21,18,19,20,21,18,19,20,21,22,22,22,23,23,23,24,25,26,27,
26,27,26,27,28,29,28,29,28,29,30,31,30,31,30,31]);
ALF("12_2.L3(4).2_1","3.L3(4).2_1",[1,2,3,1,2,3,1,3,2,4,5,6,4,5,6,7,7,7,8,
9,10,8,9,10,8,10,9,11,12,13,14,15,16,17,18,19,17,18,19,17,18,19,17,18,19,
20,21,22,20,21,22,20,21,22,20,21,22,23,24,25,26,27,28,29,29,30,31,32,30,
31,32,33,34,35,33,34,35,36,37,38,36,37,38]);
ALF("12_2.L3(4).2_1","6.L3(4).2_1",[1,2,3,4,5,6,1,3,5,7,8,9,10,11,12,13,
14,13,15,16,17,18,19,20,15,17,19,21,22,23,24,25,26,27,28,29,30,31,32,27,
28,29,30,31,32,33,34,35,36,37,38,33,34,35,36,37,38,39,40,41,42,43,44,45,
46,47,48,49,50,51,52,53,54,55,56,57,58,59,60,61,62,63,64]);

MOT("12_2.L3(4).2_2",
[
"origin: ATLAS of finite groups, tests: 1.o.r., pow[2,3,5,7]"
],
[483840,241920,241920,483840,241920,483840,241920,483840,768,384,384,768,72,
72,72,72,384,192,192,384,192,384,192,384,48,48,48,60,60,60,60,60,60,60,60,60,
60,60,60,168,84,84,168,84,168,84,168,168,84,84,168,84,168,84,168,1344,1344,
1344,1344,32,32,24,24,24,24,32,32,32,32,56,56,56,56,56,56,56,56],
[,[1,3,5,6,5,1,3,6,1,3,5,6,13,15,13,15,9,11,11,9,11,9,11,9,12,10,10,28,38,36,
34,32,30,28,38,36,34,32,30,40,42,44,45,44,40,42,45,48,50,52,53,52,48,50,53,1,
6,1,6,9,9,13,15,13,15,20,24,20,24,40,45,40,45,48,53,48,53],[1,4,6,8,1,6,8,4,9,
12,9,12,1,4,6,8,17,20,22,24,17,22,24,20,25,25,25,28,31,34,37,28,31,34,37,28,
31,34,37,48,51,53,55,48,53,55,51,40,43,45,47,40,45,47,43,56,59,58,57,60,61,56,
59,58,57,69,68,67,66,74,77,76,75,70,73,72,71],,[1,2,3,4,5,6,7,8,9,10,11,12,13,
14,15,16,17,18,19,20,21,22,23,24,25,27,26,1,2,3,4,5,2,6,7,5,8,3,7,48,49,50,51,
52,53,54,55,40,41,42,43,44,45,46,47,56,57,58,59,60,61,62,63,64,65,66,67,68,69,
74,75,76,77,70,71,72,73],,[1,7,3,8,5,6,2,4,9,10,11,12,13,16,15,14,17,23,19,24,
21,22,18,20,25,26,27,28,39,38,37,36,35,34,33,32,31,30,29,1,7,3,8,5,6,2,4,1,7,
3,8,5,6,2,4,56,59,58,57,60,61,62,65,64,63,69,68,67,66,56,59,58,57,56,59,58,
57]],
0,
[(40,48)(41,49)(42,50)(43,51)(44,52)(45,53)(46,54)(47,55)(70,74)(71,75)(72,76)
(73,77),(29,33)(30,38)(32,36)(35,39),(26,27),(26,27)(29,33)(30,38)(32,36)
(35,39),( 2, 7)( 4, 8)(14,16)(18,23)(20,24)(29,35)(31,37)(33,39)(41,46)(43,47)
(49,54)(51,55)(57,59)(63,65)(66,69)(67,68)(71,73)(75,77),(56,58)(57,59)(62,64)
(63,65)(66,68)(67,69)(70,72)(71,73)(74,76)(75,77)],
function ( tbl )
    ConstructMixed( tbl, "12_2.L3(4)", "4_2.L3(4).2_2", 
     [ [ 33, 34 ], [ 35, 38 ], [ 36, 37 ], [ 39, 40 ], [ 41, 42 ], 
        [ 43, 44 ], [ 45, 48 ], [ 46, 47 ], [ 49, 50 ], [ 51, 52 ], 
        [ 53, 54 ], [ 55, 58 ], [ 56, 57 ], [ 59, 60 ], [ 61, 62 ], 
        [ 63, 64 ], [ 65, 66 ], [ 67, 68 ], [ 69, 74 ], [ 70, 73 ], 
        [ 71, 76 ], [ 72, 75 ], [ 77, 78 ], [ 79, 80 ], [ 81, 82 ], 
        [ 83, 84 ], [ 85, 86 ], [ 87, 88 ] ], () );
end);
ARC("12_2.L3(4).2_2","irredinfo",rec(pblock:=[,[1,1,1,1,1,1,1,1,1,1,1,1,2,2,1,
1,1,1,1,1,1,2,2,1,1,1,1,1,1,1,1,1,1,1,1,1,1,2,2,2,2,1,1,1,1,1,1,1,1,3,3,3,3,3,
3,3,3,3,3,3,3,3,3,3,3,3,3,3,3,3,3,3,3,3,3,3,3],[1,1,1,1,1,1,1,2,2,3,3,4,1,1,5,
5,5,5,5,6,6,5,5,5,5,7,7,8,8,9,9,8,9,10,10,11,11,8,8,9,9,8,8,9,9,8,8,9,9,1,1,1,
1,2,3,4,4,1,5,6,5,5,5,5,7,10,11,8,8,9,9,8,9,8,9,8,9],,[1,1,2,3,4,5,6,7,8,9,10,
1,1,1,11,12,13,14,15,15,15,15,15,16,17,18,19,20,21,22,23,24,25,24,24,25,25,24,
24,25,25,26,27,28,29,30,31,32,33,34,35,36,37,38,39,37,37,37,40,40,40,40,41,42,
43,44,45,44,44,45,45,46,47,48,49,44,45],,[1,2,1,2,3,4,5,1,2,1,2,6,1,2,7,8,7,8,
9,7,8,8,7,10,11,8,7,12,13,14,15,16,17,13,12,15,14,12,13,14,15,13,12,15,14,13,
12,15,14,18,18,18,19,18,18,20,21,22,23,23,24,25,23,23,23,26,27,26,26,27,27,26,
27,26,27,28,29]]));
ALF("12_2.L3(4).2_2","L3(4).2_2",[1,1,1,1,1,1,1,1,2,2,2,2,3,3,3,3,4,4,4,4,
4,4,4,4,5,5,5,6,6,6,6,6,6,6,6,6,6,6,6,7,7,7,7,7,7,7,7,8,8,8,8,8,8,8,8,9,9,
9,9,10,10,11,11,11,11,12,12,12,12,13,13,13,13,14,14,14,14]);
ALF("12_2.L3(4).2_2","2.L3(4).2_2",[1,2,1,2,1,1,2,2,3,4,3,4,5,6,5,6,7,8,7,
8,7,7,8,8,9,9,9,10,11,10,11,10,11,10,11,10,11,10,11,12,13,12,13,12,12,13,
13,14,15,14,15,14,14,15,15,16,17,16,17,18,19,20,21,20,21,22,23,22,23,24,
25,24,25,26,27,26,27]);
ALF("12_2.L3(4).2_2","4_2.L3(4).2_2",[1,2,3,4,1,3,4,2,5,6,5,6,7,8,9,10,11,
12,13,14,11,13,14,12,15,15,15,16,17,18,19,16,17,18,19,16,17,18,19,20,21,
22,23,20,22,23,21,24,25,26,27,24,26,27,25,28,29,30,31,32,33,34,35,36,37,
38,39,40,41,42,43,44,45,46,47,48,49]);
ALF("12_2.L3(4).2_2","3.L3(4).2_2",[1,2,2,1,2,1,2,1,3,4,4,3,5,5,5,5,6,7,7,
6,7,6,7,6,8,9,10,11,12,13,11,12,13,11,12,13,11,12,13,14,15,15,14,15,14,15,
14,16,17,17,16,17,16,17,16,18,18,18,18,19,19,20,20,20,20,21,21,21,21,22,
22,22,22,23,23,23,23]);
ALF("12_2.L3(4).2_2","6.L3(4).2_2",[1,2,3,4,3,1,2,4,5,6,7,8,9,10,9,10,11,
12,13,14,13,11,12,14,15,16,17,18,19,20,21,22,23,18,19,20,21,22,23,24,25,
26,27,26,24,25,27,28,29,30,31,30,28,29,31,32,33,32,33,34,35,36,37,36,37,
38,39,38,39,40,41,40,41,42,43,42,43]);

MOT("12_2.L3(4).2_3",
[
"origin: ATLAS of finite groups, tests: 1.o.r., pow[2,3,5,7]\n",
"2powermap determined in 4_2.L3(4).2_3 (see there)"
],
[483840,241920,241920,241920,241920,241920,483840,768,384,384,768,72,36,72,
384,192,192,192,192,192,384,48,48,48,120,60,60,60,60,60,120,120,60,60,60,60,
60,120,84,84,84,84,84,84,84,84,84,84,84,84,240,240,12,12,32,32,32,32,20,20,20,
20],
[,[1,3,5,7,5,3,1,1,3,5,7,12,14,12,8,10,10,8,10,10,8,11,9,9,32,34,36,38,36,34,
32,25,27,29,31,29,27,25,39,41,43,45,47,49,39,41,43,45,47,49,1,1,12,12,21,21,
15,15,32,32,25,25],[1,4,7,4,1,4,7,8,11,8,11,1,4,7,15,18,21,18,15,18,21,22,22,
22,32,35,38,35,32,35,38,25,28,31,28,25,28,31,39,48,45,42,39,48,45,42,39,48,45,
42,51,52,51,52,56,55,58,57,61,62,59,60],,[1,6,3,4,5,2,7,8,9,10,11,12,13,14,15,
20,17,18,19,16,21,22,24,23,1,6,3,4,5,2,7,1,6,3,4,5,2,7,39,46,41,48,43,50,45,
40,47,42,49,44,51,52,53,54,56,55,58,57,51,52,51,52],,[1,6,3,4,5,2,7,8,9,10,11,
12,13,14,15,20,17,18,19,16,21,22,23,24,32,37,34,35,36,33,38,25,30,27,28,29,26,
31,1,6,3,4,5,2,7,2,5,4,3,6,51,52,53,54,55,56,57,58,61,62,59,60]],
0,
[(57,58),(55,56),(40,50)(41,49)(42,48)(43,47)(44,46),(25,32)(26,33)(27,34)
(28,35)(29,36)(30,37)(31,38)(59,61)(60,62),(23,24),( 2, 6)(16,20)(26,30)
(33,37)(40,46)(42,48)(44,50),( 2, 6)(16,20)(26,30)(33,37)(40,46)(42,48)(44,50)
(55,56)(57,58),( 2, 6)(16,20)(23,24)(26,30)(33,37)(40,44)(41,49)(43,47)
(46,50),(51,52)(53,54)(59,60)(61,62)],
function ( tbl )
    ConstructMixed( tbl, "12_2.L3(4)", "2.L3(4).2_3", 
     [ [ 19, 20 ], [ 21, 22 ], [ 23, 24 ], [ 25, 26 ], [ 27, 28 ], 
        [ 29, 32 ], [ 30, 31 ], [ 33, 34 ], [ 35, 38 ], [ 36, 37 ], 
        [ 39, 40 ], [ 41, 44 ], [ 42, 43 ], [ 45, 46 ], [ 47, 48 ], 
        [ 49, 50 ], [ 51, 52 ], [ 53, 54 ], [ 55, 56 ], [ 57, 58 ], 
        [ 59, 62 ], [ 60, 61 ], [ 63, 64 ], [ 65, 68 ], [ 66, 67 ], 
        [ 69, 72 ], [ 70, 71 ], [ 73, 76 ], [ 74, 75 ], [ 77, 84 ], 
        [ 78, 83 ], [ 79, 82 ], [ 80, 81 ], [ 85, 88 ], [ 86, 87 ] ], () );
end);
ARC("12_2.L3(4).2_3","irredinfo",rec(pblock:=[,[1,1,1,1,1,1,1,1,1,1,1,1,2,2,1,
1,1,1,1,1,1,2,2,1,1,1,1,1,1,1,1,2,1,1,3,3,3,3,3,3,3,3,3,3,3,3,3,3,3,3,3,3,3,3,
3,3,3,3,3,3,3,3],[1,1,1,1,1,1,1,2,3,3,4,4,1,1,5,5,5,5,5,6,6,5,5,5,5,7,7,8,8,8,
9,8,8,8,1,1,1,1,2,2,3,4,1,5,6,5,5,5,5,7,9,9,8,8,8,8,8,8,8,8,8,8],,[1,2,3,4,5,
6,7,8,1,2,1,2,1,2,9,10,11,10,11,11,10,11,10,12,13,14,15,16,17,17,17,17,18,19,
20,21,22,23,24,25,23,23,23,26,26,26,26,27,28,29,30,31,30,31,30,31,32,33,34,35,
30,31],,[1,1,1,1,2,3,4,1,5,6,7,8,1,1,9,10,11,12,13,9,9,9,9,14,15,9,9,16,17,18,
16,16,16,16,19,19,19,20,19,19,21,22,23,24,24,25,26,24,24,24,27,28,27,28,27,28,
27,28,28,27,29,30]]));
ALF("12_2.L3(4).2_3","L3(4).2_3",[1,1,1,1,1,1,1,2,2,2,2,3,3,3,4,4,4,4,4,4,
4,5,5,5,6,6,6,6,6,6,6,7,7,7,7,7,7,7,8,8,8,8,8,8,8,8,8,8,8,8,9,9,10,10,11,
11,12,12,13,13,14,14]);
ALF("12_2.L3(4).2_3","2.L3(4).2_3",[1,2,1,2,1,2,1,3,4,3,4,5,6,5,7,8,7,8,7,
8,7,9,9,9,10,11,10,11,10,11,10,12,13,12,13,12,13,12,14,15,14,15,14,15,14,
15,14,15,14,15,16,17,18,19,20,21,22,23,24,25,26,27]);
ALF("12_2.L3(4).2_3","4_2.L3(4).2_3",[1,2,3,2,1,2,3,4,5,4,5,6,7,8,9,10,11,
10,9,10,11,12,12,12,13,14,15,14,13,14,15,16,17,18,17,16,17,18,19,20,21,22,
19,20,21,22,19,20,21,22,23,24,25,26,27,28,29,30,31,32,33,34]);
ALF("12_2.L3(4).2_3","3.L3(4).2_3",[1,2,2,1,2,2,1,3,4,4,3,5,5,5,6,7,7,6,7,
7,6,8,9,10,11,12,12,11,12,12,11,13,14,14,13,14,14,13,15,16,17,15,16,17,15,
16,17,15,16,17,18,18,19,19,20,20,21,21,22,22,23,23]);
ALF("12_2.L3(4).2_3","6.L3(4).2_3",[1,2,3,4,3,2,1,5,6,7,8,9,10,9,11,12,13,
14,13,12,11,15,16,17,18,19,20,21,20,19,18,22,23,24,25,24,23,22,26,27,28,
29,30,31,26,27,28,29,30,31,32,33,34,35,36,37,38,39,40,41,42,43]);

MOT("2.L3(4)",
[
"origin: ATLAS of finite groups, tests: 1.o.r., pow[2,3,5,7]"
],
[40320,40320,128,128,18,18,32,32,16,16,10,10,10,10,14,14,14,14],
[,[1,1,1,1,5,5,3,3,4,4,13,13,11,11,15,15,17,17],[1,2,3,4,1,2,7,8,9,10,13,14,
11,12,17,18,15,16],,[1,2,3,4,5,6,7,8,9,10,1,2,1,2,17,18,15,16],,[1,2,3,4,5,6,
7,8,9,10,13,14,11,12,1,2,1,2]],
[["L3(4)",[]],["2.L3(4)",[]]],
[(15,17)(16,18),(11,13)(12,14),( 9,10)],
function ( tbl )
    ConstructProj( tbl );
end);
ARC("2.L3(4)","irredinfo",rec(pblock:=[,[1,1,1,1,1,1,1,1,1,2,1,1,1,1,1,2,1,
1],[1,1,1,1,1,2,3,4,5,1,6,6,6,6,7,6,6,8],,[1,2,3,4,5,6,7,1,1,1,8,9,10,10,10,
10,11,12],,[1,1,2,3,4,1,1,5,6,1,7,7,8,9,7,7,10,7]]));
ALF("2.L3(4)","L3(4)",[1,1,2,2,3,3,4,4,5,6,7,7,8,8,9,9,10,10]);
ALF("2.L3(4)","2.L3(4).2_1",[1,2,3,4,5,6,7,8,9,10,11,12,11,12,13,14,13,14]);
ALF("2.L3(4)","2.L3(4).2_2",[1,2,3,4,5,6,7,8,9,9,10,11,10,11,12,13,14,15]);
ALF("2.L3(4)","2.L3(4).2_3",[1,2,3,4,5,6,7,8,9,9,10,11,12,13,14,15,14,15]);
ALF("2.L3(4)","2.M22",[1,2,3,4,5,6,7,8,9,9,10,11,10,11,14,15,16,17],[
"fusion map is unique up to table automorphisms"
]);

MOT("2.L3(4).2_1",
[
"origin: ATLAS of finite groups, tests: 1.o.r., pow[2,3,5,7]"
],
[80640,80640,256,256,36,36,64,64,32,32,10,10,14,14,144,16,36,36,16,16,16,16,
16,16],
[,[1,1,1,1,5,5,3,3,4,4,11,11,13,13,1,3,5,5,7,7,9,9,10,10],[1,2,3,4,1,2,7,8,9,
10,11,12,13,14,15,16,15,15,19,20,22,21,24,23],,[1,2,3,4,5,6,7,8,9,10,1,2,13,
14,15,16,17,18,19,20,22,21,24,23],,[1,2,3,4,5,6,7,8,9,10,11,12,1,2,15,16,17,
18,19,20,21,22,23,24]],
[["L3(4).2_1",[]],["2.L3(4).2_1",[]]],
[(21,22)(23,24),(19,20),(17,18),( 9,10)(21,23)(22,24)],
function ( tbl )
    ConstructProj( tbl );
end);
ARC("2.L3(4).2_1","irredinfo",rec(pblock:=[,[1,1,1,1,1,1,1,1,1,1,1,1,2,2,1,1,
1,1,2,2,1,1,1,1],[1,2,1,2,2,1,2,1,2,1,3,4,2,1,5,5,6,7,5,5,5,5,8,9],,[1,1,2,3,
4,5,6,7,8,9,10,1,1,1,11,12,12,12,12,12,13,14,15,16],,[1,1,1,1,2,3,4,5,6,7,1,8,
1,1,9,10,9,9,9,9,11,12,9,9]]));
ALF("2.L3(4).2_1","L3(4).2_1",[1,1,2,2,3,3,4,4,5,6,7,7,8,8,9,10,11,11,12,
12,13,13,14,14]);

MOT("2.L3(4).2_2",
[
"origin: ATLAS of finite groups, tests: 1.o.r., pow[2,3,5,7]"
],
[80640,80640,256,256,36,36,64,64,16,10,10,28,28,28,28,672,672,32,32,12,12,16,
16,28,28,28,28],
[,[1,1,1,1,5,5,3,3,4,10,10,12,12,14,14,1,1,3,3,5,5,8,8,12,12,14,14],[1,2,3,4,
1,2,7,8,9,10,11,14,15,12,13,16,17,18,19,16,17,23,22,26,27,24,25],,[1,2,3,4,5,
6,7,8,9,1,2,14,15,12,13,16,17,18,19,20,21,22,23,26,27,24,25],,[1,2,3,4,5,6,7,
8,9,10,11,1,2,1,2,16,17,18,19,20,21,23,22,16,17,16,17]],
[["L3(4).2_2",[]],["2.L3(4).2_2",[]]],
[(22,23),(12,14)(13,15)(24,26)(25,27),(16,17)(18,19)(20,21)(24,25)(26,27)],
function ( tbl )
    ConstructProj( tbl );
end);
ARC("2.L3(4).2_2","irredinfo",rec(pblock:=[,[1,1,1,1,1,1,1,1,1,1,1,1,2,2,1,1,
1,1,1,1,1,2,2,1,1,1,1],[1,1,1,1,1,1,1,2,3,4,5,6,1,1,7,7,7,7,7,8,9,7,7,7,7,10,
11],,[1,1,2,3,4,5,6,7,8,9,10,1,1,1,11,12,13,14,15,15,15,15,15,16,17,18,19],,[
1,2,1,2,3,4,5,1,2,1,2,6,1,2,7,8,7,8,9,7,8,8,7,10,11,8,7]]));
ALF("2.L3(4).2_2","L3(4).2_2",[1,1,2,2,3,3,4,4,5,6,6,7,7,8,8,9,9,10,10,11,
11,12,12,13,13,14,14]);

MOT("2.L3(4).2_3",
[
"origin: ATLAS of finite groups, tests: 1.o.r., pow[2,3,5,7]"
],
[80640,80640,256,256,36,36,64,64,16,20,20,20,20,14,14,240,240,12,12,32,32,32,
32,20,20,20,20],
[,[1,1,1,1,5,5,3,3,4,12,12,10,10,14,14,1,1,5,5,7,7,7,7,12,12,10,10],[1,2,3,4,
1,2,7,8,9,12,13,10,11,14,15,16,17,16,17,21,20,23,22,26,27,24,25],,[1,2,3,4,5,
6,7,8,9,1,2,1,2,14,15,16,17,18,19,21,20,23,22,16,17,16,17],,[1,2,3,4,5,6,7,8,
9,12,13,10,11,1,2,16,17,18,19,20,21,22,23,26,27,24,25]],
[["L3(4).2_3",[]],["2.L3(4).2_3",[]]],
[(22,23),(20,21),(20,21)(22,23),(10,12)(11,13)(24,26)(25,27),(16,17)(18,19)
(24,25)(26,27)],
function ( tbl )
    ConstructProj( tbl );
end);
ARC("2.L3(4).2_3","irredinfo",rec(pblock:=[,[1,1,1,1,1,1,1,1,1,1,1,1,2,2,1,1,
1,1,1,1,1,2,2,1,1,1,1],[1,1,1,1,1,1,1,2,3,4,5,6,1,1,7,7,7,7,7,8,9,7,7,7,7,10,
11],,[1,2,3,4,5,6,7,8,1,2,1,2,1,2,9,10,11,10,11,11,10,11,10,12,13,14,15],,[1,
1,1,1,2,3,4,1,5,6,7,8,1,1,9,10,11,12,13,9,9,9,9,14,15,9,9]]));
ALF("2.L3(4).2_3","L3(4).2_3",[1,1,2,2,3,3,4,4,5,6,6,7,7,8,8,9,9,10,10,11,
11,12,12,13,13,14,14]);

MOT("2^2.L3(4)",
[
"origin: ATLAS of finite groups, tests: 1.o.r., pow[2,3,5,7]"
],
[80640,80640,80640,80640,256,256,256,256,36,36,36,36,32,32,32,32,32,32,20,20,
20,20,20,20,20,20,28,28,28,28,28,28,28,28],
[,[1,1,1,1,1,1,1,1,9,9,9,9,6,6,7,7,8,8,23,23,23,23,19,19,19,19,27,27,27,27,31,
31,31,31],[1,2,3,4,5,6,7,8,1,2,3,4,13,14,15,16,17,18,23,24,25,26,19,20,21,22,
31,32,33,34,27,28,29,30],,[1,2,3,4,5,6,7,8,9,10,11,12,13,14,15,16,17,18,1,2,3,
4,1,2,3,4,31,32,33,34,27,28,29,30],,[1,2,3,4,5,6,7,8,9,10,11,12,13,14,15,16,
17,18,23,24,25,26,19,20,21,22,1,2,3,4,1,2,3,4]],
0,
[(27,31)(28,32)(29,33)(30,34),(19,23)(20,24)(21,25)(22,26),( 3, 4)( 7, 8)
(11,12)(15,17)(16,18)(21,22)(25,26)(29,30)(33,34),( 2, 3)( 6, 7)(10,11)(13,15)
(14,16)(20,21)(24,25)(28,29)(32,33)],
function( tbl ) ConstructV4G(tbl,"2.L3(4)",( 2, 3, 4)( 6, 7, 8)(10,11,12)
(13,15,17)(14,16,18)(20,21,22)(24,25,26)(28,29,30)(32,33,34));end);
ARC("2^2.L3(4)","irredinfo",rec(pblock:=[,[1,1,1,1,1,1,1,1,1,2,1,1,1,1,1,2,1,
1,1,1,1,1,1,2,1,1,1,1,1,1,1,2,1,1],[1,1,1,1,1,2,3,4,5,1,6,6,6,6,7,6,6,8,9,9,9,
9,10,9,9,11,12,12,12,12,13,12,12,14],,[1,2,3,4,5,6,7,1,1,1,8,9,10,10,10,10,11,
12,13,14,15,15,15,15,16,17,18,19,20,20,20,20,21,22],,[1,1,2,3,4,1,1,5,6,1,7,7,
8,9,7,7,10,7,11,11,12,13,11,11,14,11,15,15,16,17,15,15,18,15]]));
ALF("2^2.L3(4)","2.L3(4)",[1,1,2,2,3,3,4,4,5,5,6,6,7,8,9,9,10,10,11,11,12,
12,13,13,14,14,15,15,16,16,17,17,18,18]);
ALN("2^2.L3(4)",["V4.L3(4)"]);

MOT("3.L3(4)",
[
"origin: ATLAS of finite groups, tests: 1.o.r., pow[2,3,5,7]"
],
[60480,60480,60480,192,192,192,9,48,48,48,48,48,48,48,48,48,15,15,15,15,15,15,
21,21,21,21,21,21],
[,[1,3,2,1,3,2,7,4,6,5,4,6,5,4,6,5,20,22,21,17,19,18,23,25,24,26,28,27],[1,1,
1,4,4,4,1,8,8,8,11,11,11,14,14,14,20,20,20,17,17,17,26,26,26,23,23,23],,[1,3,
2,4,6,5,7,8,10,9,11,13,12,14,16,15,1,3,2,1,3,2,26,28,27,23,25,24],,[1,2,3,4,5,
6,7,8,9,10,11,12,13,14,15,16,20,21,22,17,18,19,1,2,3,1,2,3]],
[["L3(4)",[]],,["3.L3(4)",[-1,-1,-1,-1,-13,-13,11,11,-1]]],
[(23,26)(24,27)(25,28),(17,20)(18,21)(19,22),( 2, 3)( 5, 6)( 9,10)(12,13)
(15,16)(18,19)(21,22)(24,25)(27,28),(11,14)(12,15)(13,16),( 8,11)( 9,12)
(10,13)],
function ( tbl )
    ConstructProj( tbl );
end);
ARC("3.L3(4)","irredinfo",rec(pblock:=[,[1,1,1,1,1,1,1,1,1,2,3,4,3,4,3,4,3,4,
3,4,3,4,3,4,3,4,3,4],[1,1,1,1,1,2,3,4,5,1,1,1,1,1,1,1,1,1,2,2,3,3,4,4,5,5,1,
1],,[1,2,3,4,5,6,7,1,1,1,8,9,10,11,12,13,14,15,16,17,18,19,14,15,14,15,14,
15],,[1,1,2,3,4,1,1,5,6,1,7,8,7,8,7,8,9,10,7,8,7,8,11,12,13,14,15,16]]));
ALF("3.L3(4)","L3(4)",[1,1,1,2,2,2,3,4,4,4,5,5,5,6,6,6,7,7,7,8,8,8,9,9,9,
10,10,10]);
ALF("3.L3(4)","3.L3(4).2_1",[1,2,3,4,5,6,7,8,9,10,11,12,13,14,15,16,17,18,
19,17,18,19,20,21,22,20,21,22]);
ALF("3.L3(4)","3.L3(4).2_2",[1,2,2,3,4,4,5,6,7,7,8,9,10,8,10,9,11,12,13,
11,13,12,14,15,15,16,17,17]);
ALF("3.L3(4)","3.L3(4).2_3",[1,2,2,3,4,4,5,6,7,7,8,9,10,8,10,9,11,12,12,
13,14,14,15,16,17,15,17,16]);
ALF("3.L3(4)","3.L3(4).3",[1,2,3,4,5,6,7,8,9,10,8,9,10,8,9,10,11,12,13,14,
15,16,17,18,19,20,21,22]);
ALF("3.L3(4)","3.L3(4).6",[1,2,3,4,5,6,7,8,9,10,8,9,10,8,9,10,11,12,13,11,
12,13,14,15,16,14,15,16]);
ALF("3.L3(4)","3.M22",[1,2,3,4,5,6,7,8,9,10,11,12,13,11,12,13,14,15,16,14,
15,16,20,21,22,23,24,25],[
"fusion map is unique up to table automorphisms"
]);

MOT("3.L3(4).2^2",
[
"origin: ATLAS of finite groups, tests: 1.o.r., pow[2,3,5,7]"
],
[241920,120960,768,384,36,192,96,96,96,96,30,15,42,21,864,432,96,48,36,48,24,
24,24,24,672,32,12,16,14,240,12,32,32,10],
[,[1,2,1,2,5,3,4,3,4,4,11,12,13,14,1,2,3,4,5,6,7,8,10,9,1,3,5,6,13,1,5,6,6,
11],[1,1,3,3,1,6,6,8,8,8,11,11,13,13,15,15,17,17,15,20,20,22,22,22,25,26,25,
28,29,30,30,32,33,34],,[1,2,3,4,5,6,7,8,10,9,1,2,13,14,15,16,17,18,19,20,21,
22,24,23,25,26,27,28,29,30,31,32,33,30],,[1,2,3,4,5,6,7,8,9,10,11,12,1,2,15,
16,17,18,19,20,21,22,23,24,25,26,27,28,25,30,31,32,33,34]],
0,
[( 9,10)(23,24)],
function ( tbl )
    ConstructMixed( tbl, "3.L3(4).2_1", "L3(4).2^2", 
     [ [ 15, 17 ], [ 16, 18 ], [ 19, 25 ], [ 20, 26 ], [ 21, 23 ], 
        [ 22, 24 ], [ 27, 29 ], [ 28, 30 ], [ 31, 32 ], [ 33, 34 ], 
        [ 35, 37 ], [ 36, 38 ] ], () );
end);
ALF("3.L3(4).2^2","L3(4).2^2",[1,1,2,2,3,4,4,5,5,5,6,6,7,7,8,8,9,9,10,11,
11,12,12,12,13,14,15,16,17,18,19,20,21,22]);
ALN("3.L3(4).2^2",["3.L3(4).V4"]);

MOT("3.L3(4).2_1",
[
"origin: ATLAS of finite groups, tests: 1.o.r., pow[2,3,5,7]"
],
[120960,120960,120960,384,384,384,18,96,96,96,96,96,96,96,96,96,15,15,15,21,
21,21,432,432,432,48,48,48,18,24,24,24,24,24,24,24,24,24],
[,[1,3,2,1,3,2,7,4,6,5,4,6,5,4,6,5,17,19,18,20,22,21,1,3,2,4,6,5,7,8,10,9,11,
13,12,14,16,15],[1,1,1,4,4,4,1,8,8,8,11,11,11,14,14,14,17,17,17,20,20,20,23,
23,23,26,26,26,23,30,30,30,33,33,33,36,36,36],,[1,3,2,4,6,5,7,8,10,9,11,13,12,
14,16,15,1,3,2,20,22,21,23,25,24,26,28,27,29,30,32,31,33,35,34,36,38,37],,[1,
2,3,4,5,6,7,8,9,10,11,12,13,14,15,16,17,18,19,1,2,3,23,24,25,26,27,28,29,30,
31,32,33,34,35,36,37,38]],
[["L3(4).2_1",[]],,["3.L3(4).2_1",[-1,-1,-1,-1,-1,-1,-1]]],
[( 2, 3)( 5, 6)( 9,10)(12,13)(15,16)(18,19)(21,22)(24,25)(27,28)(31,32)(34,35)
(37,38),(11,14)(12,15)(13,16)(33,36)(34,37)(35,38),( 8,11)( 9,12)(10,13)
(30,33)(31,34)(32,35)],
function ( tbl )
    ConstructProj( tbl );
end);
ARC("3.L3(4).2_1","irredinfo",rec(pblock:=[,[1,1,1,1,1,1,1,1,1,1,1,1,2,2,3,3,
4,4,3,3,4,4,3,3,4,4,3,3,4,4,3,4,3,4,3,3,4,4],[1,2,1,2,2,1,2,1,2,1,3,4,2,1,2,1,
2,1,2,1,2,1,2,1,2,1,1,2,1,2,3,3,4,4,2,1,2,1],,[1,1,2,3,4,5,6,7,8,9,10,1,1,1,
11,12,13,14,15,16,17,18,19,20,21,22,23,23,24,24,25,26,23,24,23,23,24,24],,[1,
1,1,1,2,3,4,5,6,7,1,8,1,1,9,9,10,10,9,9,10,10,9,9,10,10,11,12,13,14,9,10,15,
16,17,18,19,20]]));
ALF("3.L3(4).2_1","L3(4).2_1",[1,1,1,2,2,2,3,4,4,4,5,5,5,6,6,6,7,7,7,8,8,
8,9,9,9,10,10,10,11,12,12,12,13,13,13,14,14,14]);
ALF("3.L3(4).2_1","3.L3(4).6",[1,2,3,4,5,6,7,8,9,10,8,9,10,8,9,10,11,12,
13,14,15,16,17,18,19,20,21,22,23,24,25,26,24,25,26,24,25,26]);
ALF("3.L3(4).2_1","3.L3(4).2^2",[1,2,2,3,4,4,5,6,7,7,8,9,10,8,10,9,11,12,
12,13,14,14,15,16,16,17,18,18,19,20,21,21,22,23,24,22,24,23]);

MOT("3.L3(4).2_2",
[
"origin: ATLAS of finite groups, tests: 1.o.r., pow[2,3,5,7]"
],
[120960,60480,384,192,18,96,48,48,48,48,15,15,15,42,21,42,21,336,16,6,8,14,
14],
[,[1,2,1,2,5,3,4,3,4,4,11,12,13,14,15,16,17,1,3,5,6,14,16],[1,1,3,3,1,6,6,8,8,
8,11,11,11,16,16,14,14,18,19,18,21,23,22],,[1,2,3,4,5,6,7,8,10,9,1,2,2,16,17,
14,15,18,19,20,21,23,22],,[1,2,3,4,5,6,7,8,9,10,11,13,12,1,2,1,2,18,19,20,21,
18,18]],
0,
[(14,16)(15,17)(22,23),(12,13),( 9,10),( 9,10)(12,13)],
function ( tbl )
    ConstructMixed( tbl, "3.L3(4)", "L3(4).2_2", 
     [ [ 11, 12 ], [ 13, 16 ], [ 14, 15 ], [ 17, 18 ], [ 19, 20 ], 
        [ 21, 22 ], [ 23, 26 ], [ 24, 25 ], [ 27, 28 ] ], () );
end);
ARC("3.L3(4).2_2","irredinfo",rec(pblock:=[,[1,1,1,1,1,1,1,1,1,1,1,1,2,2,3,3,
3,3,3,3,3,3,3],[1,1,1,1,1,1,1,2,2,3,3,4,1,1,1,1,1,1,2,3,4,4,1],,[1,1,2,3,4,5,
6,7,8,9,10,1,1,1,11,12,13,14,15,16,14,14,14],,[1,2,1,2,3,4,5,1,2,1,2,6,1,2,7,
7,7,8,7,7,9,10,11]]));
ALF("3.L3(4).2_2","L3(4).2_2",[1,1,2,2,3,4,4,5,5,5,6,6,6,7,7,8,8,9,10,11,
12,13,14]);
ALF("3.L3(4).2_2","3.L3(4).2^2",[1,2,3,4,5,6,7,8,9,10,11,12,12,13,14,13,
14,25,26,27,28,29,29]);

MOT("3.L3(4).2_3",
[
"origin: ATLAS of finite groups, tests: 1.o.r., pow[2,3,5,7]"
],
[120960,60480,384,192,18,96,48,48,48,48,30,15,30,15,21,21,21,120,6,16,16,10,
10],
[,[1,2,1,2,5,3,4,3,4,4,13,14,11,12,15,17,16,1,5,6,6,13,11],[1,1,3,3,1,6,6,8,8,
8,13,13,11,11,15,15,15,18,18,20,21,23,22],,[1,2,3,4,5,6,7,8,10,9,1,2,1,2,15,
16,17,18,19,20,21,18,18],,[1,2,3,4,5,6,7,8,9,10,13,14,11,12,1,2,2,18,19,20,21,
23,22]],
0,
[(20,21),(16,17),(11,13)(12,14)(22,23),( 9,10),( 9,10)(16,17)],
function ( tbl )
    ConstructMixed( tbl, "3.L3(4)", "L3(4).2_3", 
     [ [ 11, 12 ], [ 13, 16 ], [ 14, 15 ], [ 17, 18 ], [ 19, 22 ], 
        [ 20, 21 ], [ 23, 24 ], [ 25, 26 ], [ 27, 28 ] ], () );
end);
ARC("3.L3(4).2_3","irredinfo",rec(pblock:=[,[1,1,1,1,1,1,1,1,1,1,1,1,2,2,3,3,
3,3,3,3,3,3,3],[1,1,1,1,1,1,1,2,3,3,4,4,1,1,1,1,1,1,2,2,3,4,1],,[1,2,3,4,5,6,
7,8,1,2,1,2,1,2,9,10,11,12,13,14,12,12,12],,[1,1,1,1,2,3,4,1,5,6,7,8,1,1,9,9,
9,10,9,9,11,12,13]]));
ALF("3.L3(4).2_3","L3(4).2_3",[1,1,2,2,3,4,4,5,5,5,6,6,7,7,8,8,8,9,10,11,
12,13,14]);
ALF("3.L3(4).2_3","3.L3(4).2^2",[1,2,3,4,5,6,7,8,9,10,11,12,11,12,13,14,
14,30,31,32,33,34,34]);

MOT("3.L3(4).3",
[
"origin: ATLAS of finite groups, tests: 1.o.r., pow[2,3,5,7]"
],
[181440,181440,181440,576,576,576,27,48,48,48,45,45,45,45,45,45,63,63,63,63,
63,63,540,540,540,540,540,540,63,63,36,36,36,36,36,36,45,45,45,45,45,45,45,45,
45,45,45,45,63,63,63,63,63,63,63,63,63,63,63,63],
[,[1,3,2,1,3,2,7,4,6,5,14,16,15,11,13,12,17,19,18,20,22,21,26,27,28,23,24,25,
30,29,26,27,28,23,24,25,46,47,48,43,44,45,40,41,42,37,38,39,52,53,54,49,50,51,
58,59,60,55,56,57],[1,1,1,4,4,4,1,8,8,8,14,14,14,11,11,11,20,20,20,17,17,17,1,
1,1,1,1,1,2,3,4,4,4,4,4,4,14,14,14,14,14,14,11,11,11,11,11,11,21,21,21,22,22,
22,18,18,18,19,19,19],,[1,3,2,4,6,5,7,8,10,9,1,3,2,1,3,2,20,22,21,17,19,18,26,
27,28,23,24,25,30,29,34,35,36,31,32,33,26,27,28,23,24,25,26,27,28,23,24,25,60,
58,59,57,55,56,54,52,53,51,49,50],,[1,2,3,4,5,6,7,8,9,10,14,15,16,11,12,13,1,
2,3,1,2,3,23,24,25,26,27,28,29,30,31,32,33,34,35,36,43,44,45,46,47,48,37,38,
39,40,41,42,29,29,29,30,30,30,29,29,29,30,30,30]],
[["L3(4).3",[]],,["3.L3(4).3",[-1,-1,-55,-55,11,11,-1]]],
[(49,51,50)(52,54,53)(55,57,56)(58,60,59),(17,20)(18,21)(19,22)
(49,57,50,55,51,56)(52,60,53,58,54,59),(11,14)(12,15)(13,16)(37,43)(38,44)
(39,45)(40,46)(41,47)(42,48),( 2, 3)( 5, 6)( 9,10)(12,13)(15,16)(18,19)(21,22)
(23,26)(24,27)(25,28)(29,30)(31,34)(32,35)(33,36)(37,40)(38,41)(39,42)(43,46)
(44,47)(45,48)(49,54,50,52,51,53)(55,60,56,58,57,59),(23,24,25)(26,27,28)
(31,32,33)(34,35,36)(37,38,39)(40,41,42)(43,44,45)(46,47,48)],
function ( tbl )
    ConstructProj( tbl );
end);
ARC("3.L3(4).3","irredinfo",rec(pblock:=[,[1,1,1,1,1,1,1,1,1,1,1,1,1,1,1,1,1,
1,1,2,3,4,5,6,5,5,5,6,6,6,5,5,5,6,6,6,5,5,5,6,6,6,5,5,5,6,6,6,5,5,5,6,6,6,5,5,
5,6,6,6],[1,1,1,1,1,1,1,2,2,2,3,3,3,4,4,4,5,5,5,1,1,1,1,1,1,1,1,1,1,1,2,2,2,2,
2,2,3,3,3,3,3,3,4,4,4,4,4,4,5,5,5,5,5,5,1,1,1,1,1,1],,[1,2,3,4,5,6,7,8,9,10,
11,12,13,1,2,3,1,2,3,1,2,3,14,15,16,17,18,19,20,21,22,23,24,25,26,27,28,29,30,
31,32,33,17,18,16,21,19,20,17,18,16,21,19,20,18,16,17,20,21,19],,[1,2,3,1,2,3,
4,1,2,3,1,2,3,5,6,7,8,9,10,1,2,3,11,12,13,14,15,16,17,18,11,11,11,12,12,12,11,
11,11,12,12,12,19,20,21,22,23,24,25,26,27,28,29,30,31,32,33,34,35,36]]));
ALF("3.L3(4).3","L3(4).3",[1,1,1,2,2,2,3,4,4,4,5,5,5,6,6,6,7,7,7,8,8,8,9,
9,9,10,10,10,11,12,13,13,13,14,14,14,15,15,15,16,16,16,17,17,17,18,18,18,
19,19,19,20,20,20,21,21,21,22,22,22]);
ALF("3.L3(4).3","3.L3(4).6",[1,2,3,4,5,6,7,8,9,10,11,12,13,11,12,13,14,15,
16,14,15,16,27,28,29,30,31,32,33,34,35,36,37,38,39,40,41,42,43,44,45,46,
41,42,43,44,45,46,47,48,49,50,51,52,47,48,49,50,51,52]);

MOT("3.L3(4).6",
[
"origin: ATLAS of finite groups, tests: 1.o.r., pow[2,3,5,7]"
],
[362880,362880,362880,1152,1152,1152,54,96,96,96,45,45,45,63,63,63,1296,1296,
1296,144,144,144,54,24,24,24,1080,1080,1080,1080,1080,1080,126,126,72,72,72,
72,72,72,45,45,45,45,45,45,63,63,63,63,63,63,108,108,108,108,108,108,18,18,36,
36,36,36,36,36],
[,[1,3,2,1,3,2,7,4,6,5,11,13,12,14,16,15,1,3,2,4,6,5,7,8,10,9,30,31,32,27,28,
29,34,33,30,31,32,27,28,29,44,45,46,41,42,43,50,51,52,47,48,49,30,31,32,27,28,
29,34,33,38,39,40,35,36,37],[1,1,1,4,4,4,1,8,8,8,11,11,11,14,14,14,17,17,17,
20,20,20,17,24,24,24,1,1,1,1,1,1,2,3,4,4,4,4,4,4,11,11,11,11,11,11,15,15,15,
16,16,16,17,17,17,17,17,17,18,19,20,20,20,20,20,20],,[1,3,2,4,6,5,7,8,10,9,1,
3,2,14,16,15,17,19,18,20,22,21,23,24,26,25,30,31,32,27,28,29,34,33,38,39,40,
35,36,37,30,31,32,27,28,29,52,50,51,49,47,48,56,57,58,53,54,55,60,59,64,65,66,
61,62,63],,[1,2,3,4,5,6,7,8,9,10,11,12,13,1,2,3,17,18,19,20,21,22,23,24,25,26,
27,28,29,30,31,32,33,34,35,36,37,38,39,40,41,42,43,44,45,46,33,33,33,34,34,34,
53,54,55,56,57,58,59,60,61,62,63,64,65,66]],
[["L3(4).6",[]],,["3.L3(4).6",[-1,-1,-55,-1,-1]]],
[(47,49,48)(50,52,51),( 2, 3)( 5, 6)( 9,10)(12,13)(15,16)(18,19)(21,22)(25,26)
(27,30)(28,31)(29,32)(33,34)(35,38)(36,39)(37,40)(41,44)(42,45)(43,46)
(47,52,48,50,49,51)(53,56)(54,57)(55,58)(59,60)(61,64)(62,65)(63,66),
(27,28,29)(30,31,32)(35,36,37)(38,39,40)(41,42,43)(44,45,46)(53,54,55)
(56,57,58)(61,62,63)(64,65,66)],
function ( tbl )
    ConstructProj( tbl );
end);
ARC("3.L3(4).6","irredinfo",rec(pblock:=[,[1,1,1,1,1,1,1,1,1,1,1,1,1,1,1,1,1,
1,1,1,2,3,4,2,3,4,5,5,6,6,5,5,5,5,5,5,6,6,6,6,6,6,5,5,5,6,6,6,5,5,5,6,6,6,5,5,
5,5,5,5,6,6,6,6,6,6],[1,2,1,2,1,2,1,2,1,2,1,2,2,1,3,3,3,4,4,4,2,1,2,1,2,1,2,1,
2,1,1,2,1,2,1,2,1,2,1,2,1,2,3,3,3,3,3,3,4,4,4,4,4,4,2,1,2,1,2,1,2,1,2,1,2,
1],,[1,2,3,1,2,3,4,5,6,7,8,9,10,11,12,13,14,1,2,3,1,2,3,1,2,3,15,16,17,18,19,
20,21,19,20,21,22,23,24,22,23,24,25,26,27,28,29,30,20,21,19,24,22,23,21,19,20,
21,19,20,23,24,22,23,24,22],,[1,2,3,1,2,3,1,2,3,1,2,3,4,5,1,2,3,6,7,8,1,2,3,1,
2,3,9,9,10,10,11,12,13,14,15,16,17,18,19,20,21,22,9,9,9,10,10,10,23,24,25,26,
27,28,29,30,31,32,33,34,35,36,37,38,39,40]]));
ALF("3.L3(4).6","L3(4).6",[1,1,1,2,2,2,3,4,4,4,5,5,5,6,6,6,7,7,7,8,8,8,9,
10,10,10,11,11,11,12,12,12,13,14,15,15,15,16,16,16,17,17,17,18,18,18,19,
19,19,20,20,20,21,21,21,22,22,22,23,24,25,25,25,26,26,26]);

MOT("4_1.L3(4)",
[
"origin: ATLAS of finite groups, tests: 1.o.r., pow[2,3,5,7]"
],
[80640,80640,80640,80640,128,128,36,36,36,36,32,32,16,16,20,20,20,20,20,20,20,
20,28,28,28,28,28,28,28,28],
[,[1,3,1,3,1,3,7,9,7,9,5,5,6,6,19,21,19,21,15,17,15,17,23,25,23,25,27,29,27,
29],[1,4,3,2,5,6,1,4,3,2,11,12,13,14,19,22,21,20,15,18,17,16,27,30,29,28,23,
26,25,24],,[1,2,3,4,5,6,7,8,9,10,11,12,13,14,1,2,3,4,1,2,3,4,27,28,29,30,23,
24,25,26],,[1,4,3,2,5,6,7,10,9,8,11,12,13,14,19,22,21,20,15,18,17,16,1,4,3,2,
1,4,3,2]],
[["L3(4)",[]],["2.L3(4)",[]],,["4_1.L3(4)",[-9,-9,-1,-1,15,15]]],
[(23,27)(24,28)(25,29)(26,30),(15,19)(16,20)(17,21)(18,22),(13,14),( 2, 4)
( 8,10)(16,18)(20,22)(24,26)(28,30)],
function ( tbl )
    ConstructProj( tbl );
end);
ARC("4_1.L3(4)","irredinfo",rec(pblock:=[,[1,1,1,1,1,1,1,1,1,2,1,1,1,1,1,2,1,
1,1,1,1,1,1,1,2,2,1,1,1,1],[1,1,1,1,1,2,3,4,5,1,6,6,6,6,7,6,6,8,9,10,9,10,9,
10,9,10,9,10,9,10],,[1,2,3,4,5,6,7,1,1,1,8,9,10,10,10,10,11,12,13,14,13,14,13,
14,13,14,15,16,17,18],,[1,1,2,3,4,1,1,5,6,1,7,7,8,9,7,7,10,7,11,12,11,12,13,
14,11,12,11,12,11,12]]));
ALF("4_1.L3(4)","L3(4)",[1,1,1,1,2,2,3,3,3,3,4,4,5,6,7,7,7,7,8,8,8,8,9,9,
9,9,10,10,10,10]);
ALF("4_1.L3(4)","2.L3(4)",[1,2,1,2,3,4,5,6,5,6,7,8,9,10,11,12,11,12,13,14,
13,14,15,16,15,16,17,18,17,18]);
ALF("4_1.L3(4)","4_1.L3(4).2_1",[1,2,3,2,4,5,6,7,8,7,9,10,11,12,13,14,15,
16,13,16,15,14,17,18,19,20,17,20,19,18]);
ALF("4_1.L3(4)","4_1.L3(4).2_2",[1,2,3,2,4,5,6,7,8,7,9,10,11,11,12,13,14,
15,12,15,14,13,16,17,18,17,19,20,21,20]);
ALF("4_1.L3(4)","4_1.L3(4).2_3",[1,2,3,4,5,6,7,8,9,10,11,12,13,13,14,15,
16,17,18,19,20,21,22,23,24,25,22,23,24,25]);
ALF("4_1.L3(4)","4.M22",[1,2,3,4,5,6,7,8,9,10,11,12,13,13,14,15,16,17,14,
15,16,17,20,21,22,23,24,25,26,27],[
"fusion map is unique up to table automorphisms"
]);

MOT("4_1.L3(4).2_1",
[
"origin: ATLAS of finite groups, tests: 1.o.r., pow[2,3,5,7]"
],
[161280,80640,161280,256,256,72,36,72,64,64,32,32,20,20,20,20,28,28,28,28,144,
16,36,36,16,16,16,16,16,16],
[,[1,3,1,1,3,6,8,6,4,4,5,5,13,15,13,15,17,19,17,19,1,4,6,6,9,9,11,11,12,12],[
1,2,3,4,5,1,2,3,9,10,11,12,13,14,15,16,17,18,19,20,21,22,21,21,25,26,28,27,30,
29],,[1,2,3,4,5,6,7,8,9,10,11,12,1,2,3,2,17,20,19,18,21,22,23,24,25,26,28,27,
30,29],,[1,2,3,4,5,6,7,8,9,10,11,12,13,14,15,16,1,2,3,2,21,22,23,24,25,26,27,
28,29,30]],
0,
[(27,28)(29,30),(25,26),(23,24),(18,20),(14,16),(14,16)(18,20),(14,16)(18,20)
(27,28)(29,30),(11,12)(27,29)(28,30)],
function ( tbl )
    ConstructMixed( tbl, "4_1.L3(4)", "2.L3(4).2_1", 
     [ [ 19, 22 ], [ 20, 21 ], [ 23, 24 ], [ 25, 26 ], [ 27, 30 ], [ 28, 29 ] 
       ], () );
end);
ARC("4_1.L3(4).2_1","irredinfo",rec(pblock:=[,[1,1,1,1,1,1,1,1,1,1,1,1,2,2,1,
1,1,1,2,2,1,1,1,1,1,1,1,2,1,1],[1,2,1,2,2,1,2,1,2,1,3,4,2,1,5,5,6,7,5,5,5,5,8,
9,10,10,10,10,10,10],,[1,1,2,3,4,5,6,7,8,9,10,1,1,1,11,12,12,12,12,12,13,14,
15,16,17,17,17,17,18,19],,[1,1,1,1,2,3,4,5,6,7,1,8,1,1,9,10,9,9,9,9,11,12,9,9,
13,13,14,13,13,13]]));
ALF("4_1.L3(4).2_1","L3(4).2_1",[1,1,1,2,2,3,3,3,4,4,5,6,7,7,7,7,8,8,8,8,
9,10,11,11,12,12,13,13,14,14]);
ALF("4_1.L3(4).2_1","2.L3(4).2_1",[1,2,1,3,4,5,6,5,7,8,9,10,11,12,11,12,
13,14,13,14,15,16,17,18,19,20,21,22,23,24]);

MOT("4_1.L3(4).2_2",
[
"origin: ATLAS of finite groups, tests: 1.o.r., pow[2,3,5,7]"
],
[161280,80640,161280,256,256,72,36,72,64,64,16,20,20,20,20,56,28,56,56,28,56,
672,672,32,32,12,12,16,16,28,28,28,28],
[,[1,3,1,1,3,6,8,6,4,4,5,12,14,12,14,16,18,16,19,21,19,1,1,4,4,6,6,10,10,16,
16,19,19],[1,2,3,4,5,1,2,3,9,10,11,12,13,14,15,19,20,21,16,17,18,22,23,24,25,
22,23,29,28,32,33,30,31],,[1,2,3,4,5,6,7,8,9,10,11,1,2,3,2,19,20,21,16,17,18,
22,23,24,25,26,27,28,29,32,33,30,31],,[1,2,3,4,5,6,7,8,9,10,11,12,13,14,15,1,
2,3,1,2,3,22,23,24,25,26,27,29,28,22,23,22,23]],
[[1,1,1,1,1,1,1,1,1,1,1,1,1,1,1,1,1,1,1,1,1,1,1,1,1,1,1,1,1,1,1,1,1],[1,1,1,1,
1,1,1,1,1,1,1,1,1,1,1,1,1,1,1,1,1,-1,-1,-1,-1,-1,-1,-1,-1,-1,-1,-1,-1],[20,20,
20,4,4,2,2,2,0,0,0,0,0,0,0,-1,-1,-1,-1,-1,-1,6,6,2,2,0,0,0,0,-1,-1,-1,-1],
[TENSOR,[3,2]],[35,35,35,3,3,-1,-1,-1,3,3,-1,0,0,0,0,0,0,0,0,0,0,7,7,-1,-1,1,
1,-1,-1,0,0,0,0],
[TENSOR,[5,2]],[70,70,70,6,6,-2,-2,-2,-2,-2,2,0,0,0,0,0,0,0,0,0,0,0,0,0,0,0,0,
0,0,0,0,0,0],[45,45,45,-3,-3,0,0,0,1,1,1,0,0,0,0,E(7)+E(7)^2+E(7)^4,
E(7)+E(7)^2+E(7)^4,E(7)+E(7)^2+E(7)^4,E(7)^3+E(7)^5+E(7)^6,
E(7)^3+E(7)^5+E(7)^6,E(7)^3+E(7)^5+E(7)^6,3,3,-1,-1,0,0,1,1,E(7)+E(7)^2+E(7)^4
 ,E(7)+E(7)^2+E(7)^4,E(7)^3+E(7)^5+E(7)^6,E(7)^3+E(7)^5+E(7)^6],
[TENSOR,[8,2]],
[GALOIS,[8,3]],
[TENSOR,[10,2]],[126,126,126,-2,-2,0,0,0,-2,-2,-2,1,1,1,1,0,0,0,0,0,0,0,0,0,0,
0,0,0,0,0,0,0,0],[64,64,64,0,0,1,1,1,0,0,0,-1,-1,-1,-1,1,1,1,1,1,1,8,8,0,0,-1,
-1,0,0,1,1,1,1],
[TENSOR,[13,2]],[10,-10,10,2,-2,1,-1,1,2,-2,0,0,0,0,0,E(7)+E(7)^2+E(7)^4,
-E(7)-E(7)^2-E(7)^4,E(7)+E(7)^2+E(7)^4,E(7)^3+E(7)^5+E(7)^6,
-E(7)^3-E(7)^5-E(7)^6,E(7)^3+E(7)^5+E(7)^6,4,-4,0,0,1,-1,0,0,
-E(7)-E(7)^2-E(7)^4,E(7)+E(7)^2+E(7)^4,-E(7)^3-E(7)^5-E(7)^6,
E(7)^3+E(7)^5+E(7)^6],
[TENSOR,[15,2]],
[GALOIS,[15,3]],
[TENSOR,[17,2]],[56,-56,56,-8,8,2,-2,2,0,0,0,1,-1,1,-1,0,0,0,0,0,0,0,0,0,0,0,
0,0,0,0,0,0,0],[36,-36,36,4,-4,0,0,0,0,0,0,1,-1,1,-1,1,-1,1,1,-1,1,6,-6,2,-2,
0,0,0,0,-1,1,-1,1],
[TENSOR,[20,2]],[64,-64,64,0,0,1,-1,1,0,0,0,-1,1,-1,1,1,-1,1,1,-1,1,8,-8,0,0,
-1,1,0,0,1,-1,1,-1],
[TENSOR,[22,2]],[70,-70,70,-2,2,-2,2,-2,2,-2,0,0,0,0,0,0,0,0,0,0,0,0,0,0,0,0,
0,2*E(4),-2*E(4),0,0,0,0],
[TENSOR,[24,2]],[90,-90,90,2,-2,0,0,0,-2,2,0,0,0,0,0,-1,1,-1,-1,1,-1,6,-6,-2,
2,0,0,0,0,-1,1,-1,1],
[TENSOR,[26,2]],[16,0,-16,0,0,-2,0,2,0,0,0,1,-E(20)-E(20)^9+E(20)^13+E(20)^17,
-1,E(20)+E(20)^9-E(20)^13-E(20)^17,2,0,-2,2,0,-2,0,0,0,0,0,0,0,0,0,0,0,0],
[GALOIS,[28,11]],[112,0,-112,0,0,4,0,-4,0,0,0,2,0,-2,0,0,0,0,0,0,0,0,0,0,0,0,
0,0,0,0,0,0,0],[128,0,-128,0,0,2,0,-2,0,0,0,-2,0,2,0,2,0,-2,2,0,-2,0,0,0,0,0,
0,0,0,0,0,0,0],[160,0,-160,0,0,-2,0,2,0,0,0,0,0,0,0,2*E(7)+2*E(7)^2+2*E(7)^4,
0,-2*E(7)-2*E(7)^2-2*E(7)^4,2*E(7)^3+2*E(7)^5+2*E(7)^6,0,-2*E(7)^3-2*E(7)^5
 -2*E(7)^6,0,0,0,0,0,0,0,0,0,0,0,0],
[GALOIS,[32,3]]],
[(28,29),(16,19)(17,20)(18,21)(30,32)(31,33),(13,15),(13,15)(28,29),(22,23)
(24,25)(26,27)(30,31)(32,33)]);
ARC("4_1.L3(4).2_2","irredinfo",rec(pblock:=[,[1,1,1,1,1,1,1,1,1,1,1,1,2,2,1,
1,1,1,1,1,1,2,2,1,1,1,1,1,1,1,2,1,1],[1,1,1,1,1,1,1,2,3,4,5,6,1,1,7,7,7,7,7,8,
9,7,7,7,7,10,11,12,12,12,12,12,12],,[1,1,2,3,4,5,6,7,8,9,10,1,1,1,11,12,13,14,
15,15,15,15,15,16,17,18,19,20,20,20,20,21,22],,[1,2,1,2,3,4,5,1,2,1,2,6,1,2,7,
8,7,8,9,7,8,8,7,10,11,8,7,12,12,13,12,12,12]]));
ALF("4_1.L3(4).2_2","L3(4).2_2",[1,1,1,2,2,3,3,3,4,4,5,6,6,6,6,7,7,7,8,8,
8,9,9,10,10,11,11,12,12,13,13,14,14]);
ALF("4_1.L3(4).2_2","2.L3(4).2_2",[1,2,1,3,4,5,6,5,7,8,9,10,11,10,11,12,
13,12,14,15,14,16,17,18,19,20,21,22,23,24,25,26,27]);

MOT("4_1.L3(4).2_3",
[
"origin: ATLAS of finite groups, tests: 1.o.r., pow[2,3,5,7]"
],
[161280,161280,161280,161280,256,256,72,72,72,72,64,64,16,40,40,40,40,40,40,
40,40,28,28,28,28,480,480,480,480,24,24,24,24,32,32,32,32,40,40,40,40,40,40,
40,40],
[,[1,3,1,3,1,3,7,9,7,9,5,5,6,18,20,18,20,14,16,14,16,22,24,22,24,1,3,1,3,7,9,
7,9,11,11,11,11,18,20,18,20,14,16,14,16],[1,4,3,2,5,6,1,4,3,2,11,12,13,18,21,
20,19,14,17,16,15,22,25,24,23,26,29,28,27,26,29,28,27,35,34,37,36,42,45,44,43,
38,41,40,39],,[1,2,3,4,5,6,7,8,9,10,11,12,13,1,2,3,4,1,2,3,4,22,23,24,25,26,
27,28,29,30,31,32,33,35,34,37,36,26,27,28,29,26,27,28,29],,[1,4,3,2,5,6,7,10,
9,8,11,12,13,18,21,20,19,14,17,16,15,1,4,3,2,26,29,28,27,30,33,32,31,34,35,36,
37,42,45,44,43,38,41,40,39]],
[["L3(4).2_3",[]],["2.L3(4).2_3",[]],,["4_1.L3(4).2_3",[-9,-9,-1,-1,-1]]],
[(36,37),(34,35),(14,18)(15,19)(16,20)(17,21)(38,42)(39,43)(40,44)(41,45),
( 2, 4)( 8,10)(15,17)(19,21)(23,25)(27,29)(31,33)(39,41)(43,45),( 2, 4)( 8,10)
(15,17)(19,21)(23,25)(27,29)(31,33)(34,35)(36,37)(39,41)(43,45),(26,28)(27,29)
(30,32)(31,33)(38,40)(39,41)(42,44)(43,45)],
function ( tbl )
    ConstructProj( tbl );
end);
ARC("4_1.L3(4).2_3","irredinfo",rec(pblock:=[,[1,1,1,1,1,1,1,1,1,1,1,1,2,2,1,
1,1,1,1,1,1,2,2,1,1,1,1,1,1,1,1,1,1,1,1,1,1,1,1,2,2,2,2,1,1],[1,1,1,1,1,1,1,2,
3,4,5,6,1,1,7,7,7,7,7,8,9,7,7,7,7,10,11,12,12,13,13,12,12,13,13,12,12,13,13,
12,12,13,13,12,13],,[1,2,3,4,5,6,7,8,1,2,1,2,1,2,9,10,11,10,11,11,10,11,10,12,
13,14,15,16,17,18,19,16,17,18,19,17,16,19,18,17,16,19,18,20,21],,[1,1,1,1,2,3,
4,1,5,6,7,8,1,1,9,10,11,12,13,9,9,9,9,14,15,9,9,16,16,17,17,16,16,17,17,18,19,
20,21,16,16,17,17,16,17]]));
ALF("4_1.L3(4).2_3","L3(4).2_3",[1,1,1,1,2,2,3,3,3,3,4,4,5,6,6,6,6,7,7,7,
7,8,8,8,8,9,9,9,9,10,10,10,10,11,11,12,12,13,13,13,13,14,14,14,14]);
ALF("4_1.L3(4).2_3","2.L3(4).2_3",[1,2,1,2,3,4,5,6,5,6,7,8,9,10,11,10,11,
12,13,12,13,14,15,14,15,16,17,16,17,18,19,18,19,20,21,22,23,24,25,24,25,
26,27,26,27]);

MOT("4_2.L3(4)",
[
"origin: ATLAS of finite groups, tests: 1.o.r., pow[2,3,5,7]"
],
[80640,80640,80640,80640,128,128,36,36,36,36,64,64,64,64,16,16,20,20,20,20,20,
20,20,20,28,28,28,28,28,28,28,28],
[,[1,3,1,3,1,3,7,9,7,9,5,5,5,5,6,6,21,23,21,23,17,19,17,19,25,27,25,27,29,31,
29,31],[1,4,3,2,5,6,1,4,3,2,11,14,13,12,15,16,21,24,23,22,17,20,19,18,29,32,
31,30,25,28,27,26],,[1,2,3,4,5,6,7,8,9,10,11,12,13,14,15,16,1,2,3,4,1,2,3,4,
29,30,31,32,25,26,27,28],,[1,4,3,2,5,6,7,10,9,8,11,14,13,12,15,16,21,24,23,22,
17,20,19,18,1,4,3,2,1,4,3,2]],
[["L3(4)",[]],["2.L3(4)",[]],,["4_2.L3(4)",[-1,-9,-9,-1,-1,15,15]]],
[(25,29)(26,30)(27,31)(28,32),(17,21)(18,22)(19,23)(20,24),(15,16),( 2, 4)
( 8,10)(12,14)(18,20)(22,24)(26,28)(30,32)],
function ( tbl )
    ConstructProj( tbl );
end);
ARC("4_2.L3(4)","irredinfo",rec(pblock:=[,[1,1,1,1,1,1,1,1,1,2,1,1,1,1,1,2,1,
1,1,1,1,1,1,1,1,1,2,2,1,1,1,1],[1,1,1,1,1,2,3,4,5,1,6,6,6,6,7,6,6,8,9,10,9,10,
9,10,11,12,9,10,9,10,9,10],,[1,2,3,4,5,6,7,1,1,1,8,9,10,10,10,10,11,12,13,14,
15,16,15,16,15,16,15,16,17,18,19,20],,[1,1,2,3,4,1,1,5,6,1,7,7,8,9,7,7,10,7,
11,12,13,14,15,16,11,12,11,12,11,12,11,12]]));
ALF("4_2.L3(4)","L3(4)",[1,1,1,1,2,2,3,3,3,3,4,4,4,4,5,6,7,7,7,7,8,8,8,8,
9,9,9,9,10,10,10,10]);
ALF("4_2.L3(4)","2.L3(4)",[1,2,1,2,3,4,5,6,5,6,7,8,7,8,9,10,11,12,11,12,
13,14,13,14,15,16,15,16,17,18,17,18]);
ALF("4_2.L3(4)","4_2.L3(4).2_1",[1,2,3,2,4,5,6,7,8,7,9,10,11,10,12,13,14,
15,16,17,14,17,16,15,18,19,20,21,18,21,20,19]);
ALF("4_2.L3(4)","4_2.L3(4).2_2",[1,2,3,4,5,6,7,8,9,10,11,12,13,14,15,15,
16,17,18,19,16,17,18,19,20,21,22,23,24,25,26,27]);
ALF("4_2.L3(4)","4_2.L3(4).2_3",[1,2,3,2,4,5,6,7,8,7,9,10,11,10,12,12,13,
14,15,14,16,17,18,17,19,20,21,22,19,22,21,20]);

MOT("4_2.L3(4).2_1",
[
"origin: ATLAS of finite groups, tests: 1.o.r., pow[2,3,5,7]"
],
[161280,80640,161280,256,256,72,36,72,128,64,128,32,32,20,20,20,20,28,28,28,
28,144,16,36,36,16,16,16,16,16,16],
[,[1,3,1,1,3,6,8,6,4,4,4,5,5,14,16,14,16,18,20,18,20,1,4,6,6,9,9,12,12,13,
13],[1,2,3,4,5,1,2,3,9,10,11,12,13,14,15,16,17,18,19,20,21,22,23,22,22,26,27,
29,28,31,30],,[1,2,3,4,5,6,7,8,9,10,11,12,13,1,2,3,2,18,21,20,19,22,23,24,25,
26,27,29,28,31,30],,[1,2,3,4,5,6,7,8,9,10,11,12,13,14,15,16,17,1,2,3,2,22,23,
24,25,26,27,28,29,30,31]],
0,
[(28,29)(30,31),(26,27),(24,25),(19,21),(15,17),(15,17)(19,21),(15,17)(19,21)
(28,29)(30,31),(12,13)(28,30)(29,31)],
function ( tbl )
    ConstructMixed( tbl, "4_2.L3(4)", "2.L3(4).2_1", 
     [ [ 19, 20 ], [ 21, 24 ], [ 22, 23 ], [ 25, 26 ], [ 27, 28 ], 
        [ 29, 32 ], [ 30, 31 ] ], () );
end);
ARC("4_2.L3(4).2_1","irredinfo",rec(pblock:=[,[1,1,1,1,1,1,1,1,1,1,1,1,2,2,1,
1,1,1,2,2,1,1,1,1,1,1,1,1,2,1,1],[1,2,1,2,2,1,2,1,2,1,3,4,2,1,5,5,6,7,5,5,5,5,
8,9,10,10,10,11,10,10,10],,[1,1,2,3,4,5,6,7,8,9,10,1,1,1,11,12,12,12,12,12,13,
14,15,16,17,18,18,18,18,19,20],,[1,1,1,1,2,3,4,5,6,7,1,8,1,1,9,10,9,9,9,9,11,
12,9,9,13,14,15,13,13,13,13]]));
ALF("4_2.L3(4).2_1","L3(4).2_1",[1,1,1,2,2,3,3,3,4,4,4,5,6,7,7,7,7,8,8,8,
8,9,10,11,11,12,12,13,13,14,14]);
ALF("4_2.L3(4).2_1","2.L3(4).2_1",[1,2,1,3,4,5,6,5,7,8,7,9,10,11,12,11,12,
13,14,13,14,15,16,17,18,19,20,21,22,23,24]);
ALF("4_2.L3(4).2_1","ON",[1,4,2,2,5,3,14,7,5,5,4,10,11,6,25,12,26,8,27,15,
28,2,5,7,7,10,11,18,19,20,21],[
"fusion map is unique up to table automorphisms"
]);

MOT("4_2.L3(4).2_2",
[
"origin: ATLAS of finite groups, tests: 1.o.r., pow[2,3,5,7]"
],
[161280,161280,161280,161280,256,256,72,72,72,72,128,128,128,128,16,20,20,20,
20,56,56,56,56,56,56,56,56,1344,1344,1344,1344,32,32,24,24,24,24,32,32,32,32,
56,56,56,56,56,56,56,56],
[,[1,3,1,3,1,3,7,9,7,9,5,5,5,5,6,16,18,16,18,20,22,20,22,24,26,24,26,1,3,1,3,
5,5,7,9,7,9,14,12,14,12,20,22,20,22,24,26,24,26],[1,4,3,2,5,6,1,4,3,2,11,14,
13,12,15,16,19,18,17,24,27,26,25,20,23,22,21,28,31,30,29,32,33,28,31,30,29,41,
40,39,38,46,49,48,47,42,45,44,43],,[1,2,3,4,5,6,7,8,9,10,11,12,13,14,15,1,2,3,
4,24,25,26,27,20,21,22,23,28,29,30,31,32,33,34,35,36,37,38,39,40,41,46,47,48,
49,42,43,44,45],,[1,4,3,2,5,6,7,10,9,8,11,14,13,12,15,16,19,18,17,1,4,3,2,1,4,
3,2,28,31,30,29,32,33,34,37,36,35,41,40,39,38,28,31,30,29,28,31,30,29]],
[["L3(4).2_2",[]],["2.L3(4).2_2",[]],,["4_2.L3(4).2_2",[-1,-1,-1,-1,15,15]]],
[(20,24)(21,25)(22,26)(23,27)(42,46)(43,47)(44,48)(45,49),( 2, 4)( 8,10)
(12,14)(17,19)(21,23)(25,27)(29,31)(35,37)(38,41)(39,40)(43,45)(47,49),(28,30)
(29,31)(34,36)(35,37)(38,40)(39,41)(42,44)(43,45)(46,48)(47,49)],
function ( tbl )
    ConstructProj( tbl );
end);
ARC("4_2.L3(4).2_2","irredinfo",rec(pblock:=[,[1,1,1,1,1,1,1,1,1,1,1,1,2,2,1,
1,1,1,1,1,1,2,2,1,1,1,1,1,1,1,1,1,1,1,1,1,1,2,2,2,2,1,1,1,1,1,1,1,1],[1,1,1,1,
1,1,1,2,3,4,5,6,1,1,7,7,7,7,7,8,9,7,7,7,7,10,11,12,12,13,13,12,13,14,15,16,17,
12,12,13,13,12,12,13,13,12,12,13,13],,[1,1,2,3,4,5,6,7,8,9,10,1,1,1,11,12,13,
14,15,15,15,15,15,16,17,18,19,20,21,22,23,24,25,24,24,25,25,24,24,25,25,26,27,
28,29,30,31,32,33],,[1,2,1,2,3,4,5,1,2,1,2,6,1,2,7,8,7,8,9,7,8,8,7,10,11,8,7,
12,13,14,15,16,17,13,12,15,14,12,13,14,15,13,12,15,14,13,12,15,14]]));
ALF("4_2.L3(4).2_2","L3(4).2_2",[1,1,1,1,2,2,3,3,3,3,4,4,4,4,5,6,6,6,6,7,
7,7,7,8,8,8,8,9,9,9,9,10,10,11,11,11,11,12,12,12,12,13,13,13,13,14,14,14,
14]);
ALF("4_2.L3(4).2_2","2.L3(4).2_2",[1,2,1,2,3,4,5,6,5,6,7,8,7,8,9,10,11,10,
11,12,13,12,13,14,15,14,15,16,17,16,17,18,19,20,21,20,21,22,23,22,23,24,
25,24,25,26,27,26,27]);

MOT("4_2.L3(4).2_3",
[
"origin: ATLAS of finite groups, tests: 1.o.r., pow[2,3,5,7]\n",
"2powermap determined by fusion into 4.U4(3).2_3"
],
[161280,80640,161280,256,256,72,36,72,128,64,128,16,40,20,40,40,20,40,28,28,
28,28,240,240,12,12,32,32,32,32,20,20,20,20],
[,[1,3,1,1,3,6,8,6,4,4,4,5,16,18,16,13,15,13,19,21,19,21,1,1,6,6,11,11,9,9,16,
16,13,13],[1,2,3,4,5,1,2,3,9,10,11,12,16,17,18,13,14,15,19,20,21,22,23,24,23,
24,28,27,30,29,33,34,31,32],,[1,2,3,4,5,6,7,8,9,10,11,12,1,2,3,1,2,3,19,22,21,
20,23,24,25,26,28,27,30,29,23,24,23,24],,[1,2,3,4,5,6,7,8,9,10,11,12,16,17,18,
13,14,15,1,2,3,2,23,24,25,26,27,28,29,30,33,34,31,32]],
0,
[(29,30),(27,28),(20,22),(20,22)(27,28)(29,30),(13,16)(14,17)(15,18)(31,33)
(32,34),(23,24)(25,26)(31,32)(33,34)],
function ( tbl )
    ConstructMixed( tbl, "4_2.L3(4)", "2.L3(4).2_3", 
     [ [ 19, 20 ], [ 21, 22 ], [ 23, 24 ], [ 25, 26 ], [ 27, 28 ], 
        [ 29, 32 ], [ 30, 31 ] ], () );
end);
ARC("4_2.L3(4).2_3","irredinfo",rec(pblock:=[,[1,1,1,1,1,1,1,1,1,1,1,1,2,2,1,
1,1,1,1,1,1,2,2,1,1,1,1,1,1,1,1,2,1,1],[1,1,1,1,1,1,1,2,3,4,5,6,1,1,7,7,7,7,7,
8,9,7,7,7,7,10,11,12,12,12,13,12,12,12],,[1,2,3,4,5,6,7,8,1,2,1,2,1,2,9,10,11,
10,11,11,10,11,10,12,13,14,15,16,17,17,17,17,18,19],,[1,1,1,1,2,3,4,1,5,6,7,8,
1,1,9,10,11,12,13,9,9,9,9,14,15,9,9,16,17,18,16,16,16,16]]));
ALF("4_2.L3(4).2_3","L3(4).2_3",[1,1,1,2,2,3,3,3,4,4,4,5,6,6,6,7,7,7,8,8,
8,8,9,9,10,10,11,11,12,12,13,13,14,14]);
ALF("4_2.L3(4).2_3","2.L3(4).2_3",[1,2,1,3,4,5,6,5,7,8,7,9,10,11,10,12,13,
12,14,15,14,15,16,17,18,19,20,21,22,23,24,25,26,27]);
ALF("4_2.L3(4).2_3","4.U4(3).2_3",[1,2,3,4,5,13,14,15,16,17,18,19,20,21,
22,20,21,22,28,29,30,31,45,45,47,48,49,50,51,51,54,55,55,54],[
"fusion is unique up to table automorphisms"
]);

MOT("6.L3(4)",
[
"origin: ATLAS of finite groups, tests: 1.o.r., pow[2,3,5,7]"
],
[120960,120960,120960,120960,120960,120960,384,384,384,384,384,384,18,18,96,
96,96,96,96,96,48,48,48,48,48,48,30,30,30,30,30,30,30,30,30,30,30,30,42,42,42,
42,42,42,42,42,42,42,42,42],
[,[1,3,5,1,3,5,1,3,5,1,3,5,13,13,7,9,11,7,9,11,10,12,8,10,12,8,33,35,37,33,35,
37,27,29,31,27,29,31,39,41,43,39,41,43,45,47,49,45,47,49],[1,4,1,4,1,4,7,10,7,
10,7,10,1,4,15,18,15,18,15,18,21,21,21,24,24,24,33,36,33,36,33,36,27,30,27,30,
27,30,45,48,45,48,45,48,39,42,39,42,39,42],,[1,6,5,4,3,2,7,12,11,10,9,8,13,14,
15,20,19,18,17,16,21,23,22,24,26,25,1,6,5,4,3,2,1,6,5,4,3,2,45,50,49,48,47,46,
39,44,43,42,41,40],,[1,2,3,4,5,6,7,8,9,10,11,12,13,14,15,16,17,18,19,20,21,22,
23,24,25,26,33,34,35,36,37,38,27,28,29,30,31,32,1,2,3,4,5,6,1,2,3,4,5,6]],
[["L3(4)",[]],["2.L3(4)",[]],["3.L3(4)",[-1,-1,-1,-1,-13,-13,11,11,
-1]],,,["6.L3(4)",[-1,-1,11,11,-13,-13,-1]]],
[(39,45)(40,46)(41,47)(42,48)(43,49)(44,50),(27,33)(28,34)(29,35)(30,36)
(31,37)(32,38),( 2, 6)( 3, 5)( 8,12)( 9,11)(16,20)(17,19)(22,23)(25,26)(28,32)
(29,31)(34,38)(35,37)(40,44)(41,43)(46,50)(47,49),(21,24)(22,25)(23,26)],
function ( tbl )
    ConstructProj( tbl );
end);
ARC("6.L3(4)","irredinfo",rec(pblock:=[,[1,1,1,1,1,1,1,1,1,2,1,1,1,1,1,2,1,1,
3,4,3,4,3,4,3,4,3,4,3,4,3,4,3,4,3,4,3,4,3,4,3,4,3,4,3,4,3,4,3,4],[1,1,1,1,1,2,
3,4,5,1,6,6,6,6,7,6,6,8,1,1,1,1,1,1,1,1,2,2,3,3,4,4,5,5,1,1,6,6,7,7,6,6,6,6,6,
6,6,6,8,8],,[1,2,3,4,5,6,7,1,1,1,8,9,10,10,10,10,11,12,13,14,15,16,17,18,19,
20,21,22,23,24,19,20,19,20,19,20,25,26,25,26,25,26,25,26,27,28,29,30,31,32],,[
1,1,2,3,4,1,1,5,6,1,7,7,8,9,7,7,10,7,11,12,11,12,11,12,13,14,11,12,11,12,15,
16,17,18,19,20,21,22,21,22,23,24,25,26,21,22,21,22,21,22]]));
ALF("6.L3(4)","L3(4)",[1,1,1,1,1,1,2,2,2,2,2,2,3,3,4,4,4,4,4,4,5,5,5,6,6,
6,7,7,7,7,7,7,8,8,8,8,8,8,9,9,9,9,9,9,10,10,10,10,10,10]);
ALF("6.L3(4)","2.L3(4)",[1,2,1,2,1,2,3,4,3,4,3,4,5,6,7,8,7,8,7,8,9,9,9,10,
10,10,11,12,11,12,11,12,13,14,13,14,13,14,15,16,15,16,15,16,17,18,17,18,
17,18]);
ALF("6.L3(4)","3.L3(4)",[1,2,3,1,2,3,4,5,6,4,5,6,7,7,8,9,10,8,9,10,11,12,
13,14,15,16,17,18,19,17,18,19,20,21,22,20,21,22,23,24,25,23,24,25,26,27,
28,26,27,28]);
ALF("6.L3(4)","6.L3(4).2_1",[1,2,3,4,5,6,7,8,9,10,11,12,13,14,15,16,17,18,
19,20,21,22,23,24,25,26,27,28,29,30,31,32,27,28,29,30,31,32,33,34,35,36,
37,38,33,34,35,36,37,38]);
ALF("6.L3(4)","6.L3(4).2_2",[1,2,3,4,3,2,5,6,7,8,7,6,9,10,11,12,13,14,13,
12,15,16,17,15,17,16,18,19,20,21,22,23,18,23,22,21,20,19,24,25,26,27,26,
25,28,29,30,31,30,29]);
ALF("6.L3(4)","6.L3(4).2_3",[1,2,3,4,3,2,5,6,7,8,7,6,9,10,11,12,13,14,13,
12,15,16,17,15,17,16,18,19,20,21,20,19,22,23,24,25,24,23,26,27,28,29,30,
31,26,31,30,29,28,27]);
ALF("6.L3(4)","6.M22",[1,2,3,4,5,6,7,8,9,10,11,12,13,14,15,16,17,18,19,20,
21,22,23,21,22,23,24,25,26,27,28,29,24,25,26,27,28,29,36,37,38,39,40,41,
42,43,44,45,46,47],[
"fusion map is unique up to table automorphisms"
]);

MOT("6.L3(4).2_1",
[
"origin: ATLAS of finite groups, tests: 1.o.r., pow[2,3,5,7]"
],
[241920,241920,241920,241920,241920,241920,768,768,768,768,768,768,36,36,192,
192,192,192,192,192,96,96,96,96,96,96,30,30,30,30,30,30,42,42,42,42,42,42,432,
432,432,48,48,48,36,36,48,48,48,48,48,48,48,48,48,48,48,48,48,48,48,48,48,48],
[,[1,3,5,1,3,5,1,3,5,1,3,5,13,13,7,9,11,7,9,11,10,12,8,10,12,8,27,29,31,27,29,
31,33,35,37,33,35,37,1,3,5,7,9,11,13,13,15,17,19,15,17,19,21,23,22,21,23,22,
24,26,25,24,26,25],[1,4,1,4,1,4,7,10,7,10,7,10,1,4,15,18,15,18,15,18,21,21,21,
24,24,24,27,30,27,30,27,30,33,36,33,36,33,36,39,39,39,42,42,42,39,39,47,50,47,
50,47,50,56,53,56,53,56,53,62,59,62,59,62,59],,[1,6,5,4,3,2,7,12,11,10,9,8,13,
14,15,20,19,18,17,16,21,23,22,24,26,25,1,6,5,4,3,2,33,38,37,36,35,34,39,41,40,
42,44,43,45,46,47,52,51,50,49,48,56,55,54,53,58,57,62,61,60,59,64,63],,[1,2,3,
4,5,6,7,8,9,10,11,12,13,14,15,16,17,18,19,20,21,22,23,24,25,26,27,28,29,30,31,
32,1,2,3,4,5,6,39,40,41,42,43,44,45,46,47,48,49,50,51,52,53,54,55,56,57,58,59,
60,61,62,63,64]],
[["L3(4).2_1",[]],["2.L3(4).2_1",[]],["3.L3(4).2_1",[-1,-1,-1,-1,-1,-1,
-1]],,,["6.L3(4).2_1",[17,-1,-1,-1,17]]],
[(53,56)(54,57)(55,58)(59,62)(60,63)(61,64),(47,50)(48,51)(49,52),(45,46),
( 2, 6)( 3, 5)( 8,12)( 9,11)(16,20)(17,19)(22,23)(25,26)(28,32)(29,31)(34,38)
(35,37)(40,41)(43,44)(48,52)(49,51)(54,58)(55,57)(60,64)(61,63),(21,24)(22,25)
(23,26)(53,59)(54,60)(55,61)(56,62)(57,63)(58,64)],
function ( tbl )
    ConstructProj( tbl );
end);
ARC("6.L3(4).2_1","irredinfo",rec(pblock:=[,[1,1,1,1,1,1,1,1,1,1,1,1,2,2,1,1,
1,1,2,2,1,1,1,1,3,3,4,4,3,3,4,4,3,3,4,4,3,3,4,4,3,4,3,4,3,3,4,4,3,3,4,4,3,3,4,
4,3,4,3,4,3,3,4,4],[1,2,1,2,2,1,2,1,2,1,3,4,2,1,5,5,6,7,5,5,5,5,8,9,2,1,2,1,2,
1,2,1,2,1,2,1,1,2,1,2,3,3,4,4,2,1,2,1,5,5,5,5,6,7,6,7,5,5,5,5,8,9,8,9],,[1,1,
2,3,4,5,6,7,8,9,10,1,1,1,11,12,12,12,12,12,13,14,15,16,17,18,19,20,21,22,23,
24,25,26,27,28,29,29,30,30,31,32,29,30,29,29,30,30,33,33,34,34,33,33,34,34,33,
34,35,36,37,38,39,40],,[1,1,1,1,2,3,4,5,6,7,1,8,1,1,9,10,9,9,9,9,11,12,9,9,13,
13,14,14,13,13,14,14,13,13,14,14,15,16,17,18,13,14,19,20,21,22,23,24,25,25,26,
26,25,25,26,26,27,28,25,26,25,25,26,26]]));
ALF("6.L3(4).2_1","L3(4).2_1",[1,1,1,1,1,1,2,2,2,2,2,2,3,3,4,4,4,4,4,4,5,
5,5,6,6,6,7,7,7,7,7,7,8,8,8,8,8,8,9,9,9,10,10,10,11,11,12,12,12,12,12,12,
13,13,13,13,13,13,14,14,14,14,14,14]);
ALF("6.L3(4).2_1","2.L3(4).2_1",[1,2,1,2,1,2,3,4,3,4,3,4,5,6,7,8,7,8,7,8,
9,9,9,10,10,10,11,12,11,12,11,12,13,14,13,14,13,14,15,15,15,16,16,16,17,
18,19,20,19,20,19,20,21,22,21,22,21,22,23,24,23,24,23,24]);
ALF("6.L3(4).2_1","3.L3(4).2_1",[1,2,3,1,2,3,4,5,6,4,5,6,7,7,8,9,10,8,9,
10,11,12,13,14,15,16,17,18,19,17,18,19,20,21,22,20,21,22,23,24,25,26,27,
28,29,29,30,31,32,30,31,32,33,34,35,33,34,35,36,37,38,36,37,38]);

MOT("6.L3(4).2_2",
[
"origin: ATLAS of finite groups, tests: 1.o.r., pow[2,3,5,7]"
],
[241920,120960,120960,241920,768,384,384,768,36,36,192,96,96,192,48,48,48,30,
30,30,30,30,30,84,42,42,84,84,42,42,84,672,672,32,32,12,12,16,16,28,28,28,28],
[,[1,3,3,1,1,3,3,1,9,9,5,7,7,5,8,6,6,18,22,20,18,22,20,24,26,26,24,28,30,30,
28,1,1,5,5,9,9,14,14,24,24,28,28],[1,4,1,4,5,8,5,8,1,4,11,14,11,14,15,15,15,
18,21,18,21,18,21,28,31,28,31,24,27,24,27,32,33,34,35,32,33,39,38,42,43,40,
41],,[1,2,3,4,5,6,7,8,9,10,11,12,13,14,15,17,16,1,2,3,4,3,2,28,29,30,31,24,25,
26,27,32,33,34,35,36,37,38,39,42,43,40,41],,[1,2,3,4,5,6,7,8,9,10,11,12,13,14,
15,16,17,18,23,22,21,20,19,1,2,3,4,1,2,3,4,32,33,34,35,36,37,39,38,32,33,32,
33]],
0,
[(38,39),(24,28)(25,29)(26,30)(27,31)(40,42)(41,43),(19,23)(20,22),(16,17),
(16,17)(19,23)(20,22),(32,33)(34,35)(36,37)(40,41)(42,43)],
function ( tbl )
    ConstructMixed( tbl, "6.L3(4)", "2.L3(4).2_2", 
     [ [ 19, 20 ], [ 21, 24 ], [ 22, 23 ], [ 25, 26 ], [ 27, 28 ], 
        [ 29, 30 ], [ 31, 34 ], [ 32, 33 ], [ 35, 36 ], [ 37, 38 ], 
        [ 39, 40 ], [ 41, 44 ], [ 42, 43 ], [ 45, 46 ], [ 47, 48 ], 
        [ 49, 50 ] ], () );
end);
ARC("6.L3(4).2_2","irredinfo",rec(pblock:=[,[1,1,1,1,1,1,1,1,1,1,1,1,2,2,1,1,
1,1,1,1,1,2,2,1,1,1,1,3,3,3,3,3,3,3,3,3,3,3,3,3,3,3,3],[1,1,1,1,1,1,1,2,2,3,3,
4,1,1,5,5,5,5,5,6,6,5,5,5,5,7,7,1,1,1,1,2,3,4,4,1,5,6,5,5,5,5,7],,[1,1,2,3,4,
5,6,7,8,9,10,1,1,1,11,12,13,14,15,15,15,15,15,16,17,18,19,20,21,22,23,24,25,
23,23,23,26,26,26,26,27,28,29],,[1,2,1,2,3,4,5,1,2,1,2,6,1,2,7,8,7,8,9,7,8,8,
7,10,11,8,7,12,12,12,13,12,12,14,15,16,17,17,18,19,17,17,17]]));
ALF("6.L3(4).2_2","L3(4).2_2",[1,1,1,1,2,2,2,2,3,3,4,4,4,4,5,5,5,6,6,6,6,
6,6,7,7,7,7,8,8,8,8,9,9,10,10,11,11,12,12,13,13,14,14]);
ALF("6.L3(4).2_2","2.L3(4).2_2",[1,2,1,2,3,4,3,4,5,6,7,8,7,8,9,9,9,10,11,
10,11,10,11,12,13,12,13,14,15,14,15,16,17,18,19,20,21,22,23,24,25,26,27]);
ALF("6.L3(4).2_2","3.L3(4).2_2",[1,2,2,1,3,4,4,3,5,5,6,7,7,6,8,9,10,11,12,
13,11,12,13,14,15,15,14,16,17,17,16,18,18,19,19,20,20,21,21,22,22,23,23]);

MOT("6.L3(4).2_3",
[
"origin: ATLAS of finite groups, tests: 1.o.r., pow[2,3,5,7]"
],
[241920,120960,120960,241920,768,384,384,768,36,36,192,96,96,192,48,48,48,60,
30,30,60,60,30,30,60,42,42,42,42,42,42,240,240,12,12,32,32,32,32,20,20,20,20],
[,[1,3,3,1,1,3,3,1,9,9,5,7,7,5,8,6,6,22,24,24,22,18,20,20,18,26,28,30,26,28,
30,1,1,9,9,11,11,11,11,22,22,18,18],[1,4,1,4,5,8,5,8,1,4,11,14,11,14,15,15,15,
22,25,22,25,18,21,18,21,26,29,26,29,26,29,32,33,32,33,37,36,39,38,42,43,40,
41],,[1,2,3,4,5,6,7,8,9,10,11,12,13,14,15,17,16,1,2,3,4,1,2,3,4,26,27,28,29,
30,31,32,33,34,35,37,36,39,38,32,33,32,33],,[1,2,3,4,5,6,7,8,9,10,11,12,13,14,
15,16,17,22,23,24,25,18,19,20,21,1,2,3,4,3,2,32,33,34,35,36,37,38,39,42,43,40,
41]],
0,
[(38,39),(36,37),(36,37)(38,39),(27,31)(28,30),(18,22)(19,23)(20,24)(21,25)
(40,42)(41,43),(16,17),(16,17)(27,31)(28,30),(32,33)(34,35)(40,41)(42,43)],
function ( tbl )
    ConstructMixed( tbl, "6.L3(4)", "2.L3(4).2_3", 
     [ [ 19, 20 ], [ 21, 24 ], [ 22, 23 ], [ 25, 26 ], [ 27, 30 ], 
        [ 28, 29 ], [ 31, 32 ], [ 33, 34 ], [ 35, 36 ], [ 37, 38 ], 
        [ 39, 40 ], [ 41, 42 ], [ 43, 44 ], [ 45, 48 ], [ 46, 47 ], 
        [ 49, 50 ] ], () );
end);
ARC("6.L3(4).2_3","irredinfo",rec(pblock:=[,[1,1,1,1,1,1,1,1,1,1,1,1,2,2,1,1,
1,1,1,1,1,2,2,1,1,1,1,3,3,3,3,3,3,3,3,3,3,3,3,3,3,3,3],[1,1,1,1,1,1,1,2,3,3,4,
4,1,1,5,5,5,5,5,6,6,5,5,5,5,7,7,1,1,1,1,2,2,3,4,1,5,6,5,5,5,5,7],,[1,2,3,4,5,
6,7,8,1,2,1,2,1,2,9,10,11,10,11,11,10,11,10,12,13,14,15,16,17,18,19,20,21,19,
19,19,22,22,22,22,23,24,25],,[1,1,1,1,2,3,4,1,5,6,7,8,1,1,9,10,11,12,13,9,9,9,
9,14,15,9,9,16,16,16,17,16,16,18,19,20,21,21,22,23,21,21,21]]));
ALF("6.L3(4).2_3","L3(4).2_3",[1,1,1,1,2,2,2,2,3,3,4,4,4,4,5,5,5,6,6,6,6,
7,7,7,7,8,8,8,8,8,8,9,9,10,10,11,11,12,12,13,13,14,14]);
ALF("6.L3(4).2_3","2.L3(4).2_3",[1,2,1,2,3,4,3,4,5,6,7,8,7,8,9,9,9,10,11,
10,11,12,13,12,13,14,15,14,15,14,15,16,17,18,19,20,21,22,23,24,25,26,27]);
ALF("6.L3(4).2_3","3.L3(4).2_3",[1,2,2,1,3,4,4,3,5,5,6,7,7,6,8,9,10,11,12,
12,11,13,14,14,13,15,16,17,15,16,17,18,18,19,19,20,20,21,21,22,22,23,23]);

MOT("L3(4)",
[
"origin: ATLAS of finite groups, tests: 1.o.r., pow[2,3,5,7]"
],
[20160,64,9,16,16,16,5,5,7,7],
[,[1,1,3,2,2,2,8,7,9,10],[1,2,1,4,5,6,8,7,10,9],,[1,2,3,4,5,6,1,1,10,9],,[1,2,
3,4,5,6,8,7,1,1]],
[[1,1,1,1,1,1,1,1,1,1],[20,4,2,0,0,0,0,0,-1,-1],[35,3,-1,3,-1,-1,0,0,0,0],[35,
3,-1,-1,3,-1,0,0,0,0],[35,3,-1,-1,-1,3,0,0,0,0],[45,-3,0,1,1,1,0,0,
E(7)+E(7)^2+E(7)^4,E(7)^3+E(7)^5+E(7)^6],
[GALOIS,[6,3]],[63,-1,0,-1,-1,-1,-E(5)-E(5)^4,-E(5)^2-E(5)^3,0,0],
[GALOIS,[8,2]],[64,0,1,0,0,0,-1,-1,1,1]],
[( 9,10),(7,8),(5,6),(4,5)]);
ARC("L3(4)","tomfusion",rec(map:=[1,2,3,4,5,6,14,14,16,16],
text:="unique up to group automorphisms"));
ARC("L3(4)","irredinfo",rec(pblock:=[,[1,1,1,1,1,1,1,1,1,2],[1,1,1,1,1,2,3,4,
5,1],,[1,2,3,4,5,6,7,1,1,1],,[1,1,2,3,4,1,1,5,6,1]]));
ARC("L3(4)","CAS",[rec(name:="psl(3,4)",
permchars:=(8,9),
permclasses:=())]);
ARC("L3(4)","projectives",["2.L3(4)",[[10,2,1,2,0,0,0,0,E(7)+E(7)^2+E(7)^4,
E(7)^3+E(7)^5+E(7)^6],
[GALOIS,[1,3]],[28,-4,1,0,0,0,-E(5)-E(5)^4,-E(5)^2-E(5)^3,0,0],
[GALOIS,[3,2]],[36,4,0,0,0,0,1,1,1,1],[64,0,1,0,0,0,-1,-1,1,1],[70,-2,-2,2,0,
0,0,0,0,0],[90,2,0,-2,0,0,0,0,-1,-1]],"3.L3(4)",[[15,-1,0,3,-1,-1,0,0,1,1],[
15,-1,0,-1,3,-1,0,0,1,1],[15,-1,0,-1,-1,3,0,0,1,1],[21,5,0,1,1,1,1,1,0,0],[45,
-3,0,1,1,1,0,0,E(7)+E(7)^2+E(7)^4,E(7)^3+E(7)^5+E(7)^6],
[GALOIS,[5,3]],[63,-1,0,-1,-1,-1,-E(5)-E(5)^4,-E(5)^2-E(5)^3,0,0],
[GALOIS,[7,2]],[84,4,0,0,0,0,-1,-1,0,0]],"6.L3(4)",[[6,-2,0,2,0,0,1,1,-1,-1],[
36,4,0,0,0,0,1,1,1,1],[42,2,0,2,0,0,E(5)+E(5)^4,E(5)^2+E(5)^3,0,0],
[GALOIS,[3,2]],[60,-4,0,0,0,0,0,0,-E(7)-E(7)^2-E(7)^4,-E(7)^3-E(7)^5-E(7)^6],
[GALOIS,[5,3]],[90,2,0,-2,0,0,0,0,-1,-1]],"4_1.L3(4)",[[8,0,-1,0,0,0,
-E(5)-E(5)^4,-E(5)^2-E(5)^3,1,1],
[GALOIS,[1,2]],[56,0,2,0,0,0,1,1,0,0],[64,0,1,0,0,0,-1,-1,1,1],[80,0,-1,0,0,0,
0,0,E(7)+E(7)^2+E(7)^4,E(7)^3+E(7)^5+E(7)^6],
[GALOIS,[5,3]]],"4_2.L3(4)",[[20,0,2,2,0,0,0,0,-1,-1],[28,0,1,-2,0,0,
-E(5)-E(5)^4,-E(5)^2-E(5)^3,0,0],
[GALOIS,[2,2]],[36,0,0,2,0,0,1,1,1,1],[64,0,1,0,0,0,-1,-1,1,1],[80,0,-1,0,0,0,
0,0,E(7)+E(7)^2+E(7)^4,E(7)^3+E(7)^5+E(7)^6],
[GALOIS,[6,3]]],"12_1.L3(4)",[[24,0,0,0,0,0,-1,-1,E(7)+E(7)^2+E(7)^4,
E(7)^3+E(7)^5+E(7)^6],
[GALOIS,[1,3]],[48,0,0,0,0,0,-E(5)-E(5)^4,-E(5)^2-E(5)^3,-1,-1],
[GALOIS,[3,2]],[120,0,0,0,0,0,0,0,1,1]],"12_2.L3(4)",[[36,0,0,2,0,0,1,1,1,1],[
48,0,0,0,0,0,-E(5)-E(5)^4,-E(5)^2-E(5)^3,-1,-1],
[GALOIS,[2,2]],[60,0,0,-2,0,0,0,0,-E(7)-E(7)^2-E(7)^4,-E(7)^3-E(7)^5-E(7)^6],
[GALOIS,[4,3]],[84,0,0,2,0,0,-1,-1,0,0]],]);
ARC("L3(4)","isSimple",true);
ARC("L3(4)","extInfo",["(3x4^2)","D12"]);
ALF("L3(4)","L3(4).2_1",[1,2,3,4,5,6,7,7,8,8],[
"fusion is unique up to table automorphisms,\n",
"the representative is equal to the fusion map on the CAS table"
]);
ALF("L3(4)","L3(4).2_2",[1,2,3,4,5,5,6,6,7,8]);
ALF("L3(4)","L3(4).2_3",[1,2,3,4,5,5,6,7,8,8]);
ALF("L3(4)","L3(4).3",[1,2,3,4,4,4,5,6,7,8]);
ALF("L3(4)","L3(4).6",[1,2,3,4,4,4,5,5,6,6]);
ALF("L3(4)","M22",[1,2,3,4,5,5,6,6,8,9],[
"fusion is unique up to table automorphisms,\n",
"the representative is equal to the fusion map on the CAS table"
]);
ALN("L3(4)",["psl(3,4)"]);

MOT("L3(4).2^2",
[
"origin: ATLAS of finite groups, tests: 1.o.r., pow[2,3,5,7]"
],
[80640,256,36,64,32,10,14,288,32,36,16,8,672,32,12,16,14,240,12,32,32,10],
[,[1,1,3,2,2,6,7,1,2,3,4,5,1,2,3,4,7,1,3,4,4,6],[1,2,1,4,5,6,7,8,9,8,11,12,13,
14,13,16,17,18,18,20,21,22],,[1,2,3,4,5,1,7,8,9,10,11,12,13,14,15,16,17,18,19,
20,21,18],,[1,2,3,4,5,6,1,8,9,10,11,12,13,14,15,16,13,18,19,20,21,22]],
[[1,1,1,1,1,1,1,1,1,1,1,1,1,1,1,1,1,1,1,1,1,1],[1,1,1,1,1,1,1,1,1,1,1,1,-1,-1,
-1,-1,-1,-1,-1,-1,-1,-1],[1,1,1,1,1,1,1,-1,-1,-1,-1,-1,1,1,1,1,1,-1,-1,-1,-1,
-1],
[TENSOR,[2,3]],[20,4,2,0,0,0,-1,2,-2,2,0,0,6,2,0,0,-1,0,0,-2,2,0],
[TENSOR,[5,2]],
[TENSOR,[5,3]],
[TENSOR,[5,4]],[35,3,-1,3,-1,0,0,1,1,1,1,-1,7,-1,1,-1,0,5,-1,1,1,0],
[TENSOR,[9,2]],
[TENSOR,[9,3]],
[TENSOR,[9,4]],[70,6,-2,-2,2,0,0,2,2,2,-2,0,0,0,0,0,0,0,0,0,0,0],
[TENSOR,[13,3]],[90,-6,0,2,2,0,-1,0,0,0,0,0,6,-2,0,2,-1,0,0,0,0,0],
[TENSOR,[15,2]],[126,-2,0,-2,-2,1,0,0,0,0,0,0,0,0,0,0,0,6,0,-2,-2,1],
[TENSOR,[17,2]],[64,0,1,0,0,-1,1,8,0,-1,0,0,8,0,-1,0,1,4,1,0,0,-1],
[TENSOR,[19,2]],
[TENSOR,[19,3]],
[TENSOR,[19,4]]],
[]);
ALN("L3(4).2^2",["L3(4).V4"]);

MOT("L3(4).2_1",
[
"origin: ATLAS of finite groups, tests: 1.o.r., pow[2,3,5,7]"
],
[40320,128,18,32,32,32,5,7,144,16,18,8,8,8],
[,[1,1,3,2,2,2,7,8,1,2,3,4,5,6],[1,2,1,4,5,6,7,8,9,10,9,12,13,14],,[1,2,3,4,5,
6,1,8,9,10,11,12,13,14],,[1,2,3,4,5,6,7,1,9,10,11,12,13,14]],
[[1,1,1,1,1,1,1,1,1,1,1,1,1,1],[1,1,1,1,1,1,1,1,-1,-1,-1,-1,-1,-1],[20,4,2,0,
0,0,0,-1,2,-2,2,0,0,0],
[TENSOR,[3,2]],[35,3,-1,3,-1,-1,0,0,1,1,1,1,-1,-1],
[TENSOR,[5,2]],[35,3,-1,-1,3,-1,0,0,1,1,1,-1,1,-1],
[TENSOR,[7,2]],[35,3,-1,-1,-1,3,0,0,1,1,1,-1,-1,1],
[TENSOR,[9,2]],[90,-6,0,2,2,2,0,-1,0,0,0,0,0,0],[126,-2,0,-2,-2,-2,1,0,0,0,0,
0,0,0],[64,0,1,0,0,0,-1,1,8,0,-1,0,0,0],
[TENSOR,[13,2]]],
[( 5, 6)(13,14),( 4, 5)(12,13)]);
ARC("L3(4).2_1","irredinfo",rec(pblock:=[,[1,1,1,1,1,1,1,1,1,1,1,1,2,2],[1,2,
1,2,2,1,2,1,2,1,3,4,2,1],,[1,1,2,3,4,5,6,7,8,9,10,1,1,1],,[1,1,1,1,2,3,4,5,6,
7,1,8,1,1]]));
ARC("L3(4).2_1","CAS",[rec(name:="psl(3,4).2",
permchars:=( 6, 8, 9, 7)(11,13)(12,14),
permclasses:=())]);
ARC("L3(4).2_1","projectives",["2.L3(4).2_1",[[20,4,2,4,0,0,0,-1,0,0,0,0,0,
0],[56,-8,2,0,0,0,1,0,0,0,0,0,0,0],[36,4,0,0,0,0,1,1,0,0,0,2,0,0],[64,0,1,0,0,
0,-1,1,0,0,3,0,0,0],[70,-2,-2,2,0,0,0,0,0,0,0,0,E(8)-E(8)^3,E(8)-E(8)^3],[90,
2,0,-2,0,0,0,-1,0,0,0,0,E(8)-E(8)^3,-E(8)+E(8)^3]],"3.L3(4).2_1",[[15,-1,0,3,
-1,-1,0,1,3,-1,0,1,-1,-1],[15,-1,0,-1,3,-1,0,1,3,-1,0,-1,1,-1],[15,-1,0,-1,-1,
3,0,1,3,-1,0,-1,-1,1],[21,5,0,1,1,1,1,0,3,-1,0,1,1,1],[90,-6,0,2,2,2,0,-1,0,0,
0,0,0,0],[126,-2,0,-2,-2,-2,1,0,0,0,0,0,0,0],[84,4,0,0,0,0,-1,0,6,2,0,0,0,
0]],"6.L3(4).2_1",[[6,-2,0,2,0,0,1,-1,0,0,0,0,E(8)-E(8)^3,E(8)-E(8)^3],[36,4,
0,0,0,0,1,1,0,0,0,2,0,0],[84,4,0,4,0,0,-1,0,0,0,0,0,0,0],[120,-8,0,0,0,0,0,1,
0,0,0,0,0,0],[90,2,0,-2,0,0,0,-1,0,0,0,0,E(8)-E(8)^3,-E(8)+E(8)^3]],]);
ALF("L3(4).2_1","L3(4).6",[1,2,3,4,4,4,5,6,7,8,9,10,10,10]);
ALF("L3(4).2_1","HS",[1,2,4,6,7,7,10,13,3,7,11,14,15,16],[
"fusion is unique up to table automorphisms,\n",
"the representative is equal to the fusion map on the CAS table"
]);
ALF("L3(4).2_1","L3(4).2^2",[1,2,3,4,5,5,6,7,8,9,10,11,12,12]);
ALN("L3(4).2_1",["psl(3,4).2"]);

MOT("L3(4).2_2",
[
"origin: ATLAS of finite groups, tests: 1.o.r., pow[2,3,5,7]"
],
[40320,128,18,32,16,5,14,14,336,16,6,8,14,14],
[,[1,1,3,2,2,6,7,8,1,2,3,4,7,8],[1,2,1,4,5,6,8,7,9,10,9,12,14,13],,[1,2,3,4,5,
1,8,7,9,10,11,12,14,13],,[1,2,3,4,5,6,1,1,9,10,11,12,9,9]],
[[1,1,1,1,1,1,1,1,1,1,1,1,1,1],[1,1,1,1,1,1,1,1,-1,-1,-1,-1,-1,-1],[20,4,2,0,
0,0,-1,-1,6,2,0,0,-1,-1],
[TENSOR,[3,2]],[35,3,-1,3,-1,0,0,0,7,-1,1,-1,0,0],
[TENSOR,[5,2]],[70,6,-2,-2,2,0,0,0,0,0,0,0,0,0],[45,-3,0,1,1,0,
E(7)+E(7)^2+E(7)^4,E(7)^3+E(7)^5+E(7)^6,3,-1,0,1,E(7)+E(7)^2+E(7)^4,
E(7)^3+E(7)^5+E(7)^6],
[TENSOR,[8,2]],
[GALOIS,[8,3]],
[TENSOR,[10,2]],[126,-2,0,-2,-2,1,0,0,0,0,0,0,0,0],[64,0,1,0,0,-1,1,1,8,0,-1,
0,1,1],
[TENSOR,[13,2]]],
[( 7, 8)(13,14)]);
ARC("L3(4).2_2","irredinfo",rec(pblock:=[,[1,1,1,1,1,1,1,1,1,1,1,1,2,2],[1,1,
1,1,1,1,1,2,3,4,5,6,1,1],,[1,1,2,3,4,5,6,7,8,9,10,1,1,1],,[1,2,1,2,3,4,5,1,2,
1,2,6,1,2]]));
ARC("L3(4).2_2","CAS",[rec(name:="psl(3,4):2",
permchars:=( 7,13,11,10, 8)(12,14),
permclasses:=(),
text:=Concatenation(
"maximal subgroup of sporadic simple Mathieu group m23.\n",
"test: 1.OR, JAMES, JAMES,n=3,\n",
"and restricted characters decompose properly.\n",
""))]);
ARC("L3(4).2_2","projectives",["2.L3(4).2_2",[[10,2,1,2,0,0,E(7)+E(7)^2+E(7)^4
 ,E(7)^3+E(7)^5+E(7)^6,4,0,1,0,-E(7)-E(7)^2-E(7)^4,-E(7)^3-E(7)^5-E(7)^6],
[GALOIS,[1,3]],[56,-8,2,0,0,1,0,0,0,0,0,0,0,0],[36,4,0,0,0,1,1,1,6,2,0,0,-1,
-1],[64,0,1,0,0,-1,1,1,8,0,-1,0,1,1],[70,-2,-2,2,0,0,0,0,0,0,0,2*E(4),0,0],[
90,2,0,-2,0,0,-1,-1,6,-2,0,0,-1,-1]],"4_2.L3(4).2_2",[[20,0,2,2,0,0,-1,-1,6,0,
0,1+E(4),-1,-1],[56,0,2,-4,0,1,0,0,0,0,0,0,0,0],[36,0,0,2,0,1,1,1,6,0,0,
-1-E(4),-1,-1],[64,0,1,0,0,-1,1,1,8,0,-1,0,1,1],[80,0,-1,0,0,0,
E(7)+E(7)^2+E(7)^4,E(7)^3+E(7)^5+E(7)^6,4,0,1,0,-E(7)-E(7)^2-E(7)^4,
-E(7)^3-E(7)^5-E(7)^6],
[GALOIS,[5,3]]],]);
ALF("L3(4).2_2","McL",[1,2,4,5,5,7,10,11,2,5,9,12,19,20],[
"fusion is unique up to table automorphisms,\n",
"the representative is equal to the fusion map on the CAS table"
]);
ALF("L3(4).2_2","M23",[1,2,3,4,4,5,7,8,2,4,6,9,12,13],[
"fusion is unique up to table automorphisms,\n",
"the representative is equal to the fusion map on the CAS table"
]);
ALF("L3(4).2_2","L3(4).3.2_2",[1,2,3,4,4,5,6,7,15,16,17,18,19,20]);
ALF("L3(4).2_2","L3(4).2^2",[1,2,3,4,5,6,7,7,13,14,15,16,17,17]);
ALN("L3(4).2_2",["psl(3,4):2"]);

MOT("L3(4).2_3",
[
"origin: ATLAS of finite groups, tests: 1.o.r., pow[2,3,5,7]"
],
[40320,128,18,32,16,10,10,7,120,6,16,16,10,10],
[,[1,1,3,2,2,7,6,8,1,3,4,4,7,6],[1,2,1,4,5,7,6,8,9,9,11,12,14,13],,[1,2,3,4,5,
1,1,8,9,10,11,12,9,9],,[1,2,3,4,5,7,6,1,9,10,11,12,14,13]],
[[1,1,1,1,1,1,1,1,1,1,1,1,1,1],[1,1,1,1,1,1,1,1,-1,-1,-1,-1,-1,-1],[20,4,2,0,
0,0,0,-1,0,0,-2,2,0,0],
[TENSOR,[3,2]],[35,3,-1,3,-1,0,0,0,5,-1,1,1,0,0],
[TENSOR,[5,2]],[70,6,-2,-2,2,0,0,0,0,0,0,0,0,0],[90,-6,0,2,2,0,0,-1,0,0,0,0,0,
0],[63,-1,0,-1,-1,-E(5)-E(5)^4,-E(5)^2-E(5)^3,0,3,0,-1,-1,-E(5)-E(5)^4,
-E(5)^2-E(5)^3],
[TENSOR,[9,2]],
[GALOIS,[9,2]],
[TENSOR,[11,2]],[64,0,1,0,0,-1,-1,1,4,1,0,0,-1,-1],
[TENSOR,[13,2]]],
[(11,12),( 6, 7)(13,14)]);
ARC("L3(4).2_3","irredinfo",rec(pblock:=[,[1,1,1,1,1,1,1,1,1,1,1,1,2,2],[1,1,
1,1,1,1,1,2,3,4,5,6,1,1],,[1,2,3,4,5,6,7,8,1,2,1,2,1,2],,[1,1,1,1,2,3,4,1,5,6,
7,8,1,1]]));
ARC("L3(4).2_3","projectives",["2.L3(4).2_3",[[20,4,2,4,0,0,0,-1,0,0,0,0,0,
0],[28,-4,1,0,0,-E(5)-E(5)^4,-E(5)^2-E(5)^3,0,2,-1,0,0,E(5)+E(5)^4,
E(5)^2+E(5)^3],
[GALOIS,[2,2]],[36,4,0,0,0,1,1,1,6,0,0,0,1,1],[64,0,1,0,0,-1,-1,1,4,1,0,0,-1,
-1],[70,-2,-2,2,0,0,0,0,0,0,2*E(8)-2*E(8)^3,0,0,0],[90,2,0,-2,0,0,0,-1,0,0,0,
2*E(8)-2*E(8)^3,0,0]],"4_1.L3(4).2_3",[[8,0,-1,0,0,-E(5)-E(5)^4,
-E(5)^2-E(5)^3,1,2,-1,0,0,E(5)+E(5)^4,E(5)^2+E(5)^3],
[GALOIS,[1,2]],[56,0,2,0,0,1,1,0,6,0,0,0,1,1],[64,0,1,0,0,-1,-1,1,4,1,0,0,-1,
-1],[160,0,-2,0,0,0,0,-1,0,0,0,0,0,0]],]);
ALF("L3(4).2_3","L3(4).3.2_3",[1,2,3,4,4,5,6,7,15,16,17,18,19,20]);
ALF("L3(4).2_3","L3(4).2^2",[1,2,3,4,5,6,6,7,18,19,20,21,22,22]);

MOT("L3(4).3",
[
"origin: ATLAS of finite groups, tests: 1.o.r., pow[2,3,5,7]"
],
[60480,192,27,16,15,15,21,21,180,180,63,63,12,12,15,15,15,15,21,21,21,21],
[,[1,1,3,2,6,5,7,8,10,9,12,11,10,9,18,17,16,15,20,19,22,21],[1,2,1,4,6,5,8,7,
1,1,1,1,2,2,6,6,5,5,8,8,7,7],,[1,2,3,4,1,1,8,7,10,9,12,11,14,13,10,9,10,9,22,
21,20,19],,[1,2,3,4,6,5,1,1,9,10,11,12,13,14,17,18,15,16,11,12,11,12]],
[[1,1,1,1,1,1,1,1,1,1,1,1,1,1,1,1,1,1,1,1,1,1],[1,1,1,1,1,1,1,1,E(3),E(3)^2,
E(3),E(3)^2,E(3),E(3)^2,E(3),E(3)^2,E(3),E(3)^2,E(3),E(3)^2,E(3),E(3)^2],
[TENSOR,[2,2]],[20,4,2,0,0,0,-1,-1,5,5,-1,-1,1,1,0,0,0,0,-1,-1,-1,-1],
[TENSOR,[4,2]],
[TENSOR,[4,3]],[105,9,-3,1,0,0,0,0,0,0,0,0,0,0,0,0,0,0,0,0,0,0],[45,-3,0,1,0,
0,E(7)+E(7)^2+E(7)^4,E(7)^3+E(7)^5+E(7)^6,0,0,3,3,0,0,0,0,0,0,
E(7)+E(7)^2+E(7)^4,E(7)+E(7)^2+E(7)^4,E(7)^3+E(7)^5+E(7)^6,
E(7)^3+E(7)^5+E(7)^6],
[TENSOR,[8,2]],
[TENSOR,[8,3]],
[GALOIS,[8,3]],
[TENSOR,[11,2]],
[TENSOR,[11,3]],[63,-1,0,-1,-E(5)-E(5)^4,-E(5)^2-E(5)^3,0,0,3,3,0,0,-1,-1,
-E(5)-E(5)^4,-E(5)-E(5)^4,-E(5)^2-E(5)^3,-E(5)^2-E(5)^3,0,0,0,0],
[TENSOR,[14,2]],
[TENSOR,[14,3]],
[GALOIS,[14,2]],
[TENSOR,[17,2]],
[TENSOR,[17,3]],[64,0,1,0,-1,-1,1,1,4,4,1,1,0,0,-1,-1,-1,-1,1,1,1,1],
[TENSOR,[20,2]],
[TENSOR,[20,3]]],
[( 9,10)(11,12)(13,14)(15,16)(17,18)(19,20)(21,22),( 7, 8)(19,21)(20,22),
( 5, 6)(15,17)(16,18)]);
ARC("L3(4).3","irredinfo",rec(pblock:=[,[1,1,1,1,1,1,1,1,1,1,1,1,1,1,1,1,1,1,
1,2,3,4],[1,1,1,1,1,1,1,2,2,2,3,3,3,4,4,4,5,5,5,1,1,1],,[1,2,3,4,5,6,7,8,9,10,
11,12,13,1,2,3,1,2,3,1,2,3],,[1,2,3,1,2,3,4,1,2,3,1,2,3,5,6,7,8,9,10,1,2,
3]]));
ARC("L3(4).3","projectives",["3.L3(4).3",[[45,-3,0,1,0,0,3,3,0,0,0,0,0,0,0,0,
0,0,0,0,0,0],[21,5,0,1,1,1,0,0,5*E(3)+E(3)^2,E(3)+5*E(3)^2,0,0,-1,-1,E(3)^2,
E(3),E(3)^2,E(3),0,0,0,0],[45,-3,0,1,0,0,E(7)+E(7)^2+E(7)^4,
E(7)^3+E(7)^5+E(7)^6,0,0,0,0,0,0,0,0,0,0,E(63)+E(63)^4-E(63)^37-E(63)^58,
E(63)^8-E(63)^23+E(63)^32-E(63)^44,-E(63)^19+E(63)^31-E(63)^40+E(63)^55,
-E(63)^5-E(63)^26+E(63)^59+E(63)^62],
[GALOIS,[3,31]],[63,-1,0,-1,-E(5)-E(5)^4,-E(5)^2-E(5)^3,0,0,3,3,0,0,-1,-1,
-E(5)-E(5)^4,-E(5)-E(5)^4,-E(5)^2-E(5)^3,-E(5)^2-E(5)^3,0,0,0,0],
[GALOIS,[5,2]],[84,4,0,0,-1,-1,0,0,-E(3)-5*E(3)^2,-5*E(3)-E(3)^2,0,0,1,1,
-E(3),-E(3)^2,-E(3),-E(3)^2,0,0,0,0]],]);
ALF("L3(4).3","L3(4).6",[1,2,3,4,5,5,6,6,11,12,13,14,15,16,17,18,17,18,19,
20,19,20]);
ALF("L3(4).3","L3(4).3.2_2",[1,2,3,4,5,5,6,7,8,8,9,9,10,10,11,12,12,11,13,
13,14,14]);
ALF("L3(4).3","L3(4).3.2_3",[1,2,3,4,5,6,7,7,8,8,9,9,10,10,11,11,12,12,13,
14,14,13]);

MOT("L3(4).3.2_2",
[
"origin: ATLAS of finite groups, tests: 1.o.r., pow[2,3,5,7]"
],
[120960,384,54,32,15,42,42,180,63,12,15,15,21,21,336,16,6,8,14,14],
[,[1,1,3,2,5,6,7,8,9,8,11,12,13,14,1,2,3,4,6,7],[1,2,1,4,5,7,6,1,1,2,5,5,7,6,
15,16,15,18,20,19],,[1,2,3,4,1,7,6,8,9,10,8,8,14,13,15,16,17,18,20,19],,[1,2,
3,4,5,1,1,8,9,10,12,11,9,9,15,16,17,18,15,15]],
[[1,1,1,1,1,1,1,1,1,1,1,1,1,1,1,1,1,1,1,1],[1,1,1,1,1,1,1,1,1,1,1,1,1,1,-1,-1,
-1,-1,-1,-1],[2,2,2,2,2,2,2,-1,-1,-1,-1,-1,-1,-1,0,0,0,0,0,0],[20,4,2,0,0,-1,
-1,5,-1,1,0,0,-1,-1,6,2,0,0,-1,-1],
[TENSOR,[4,2]],[40,8,4,0,0,-2,-2,-5,1,-1,0,0,1,1,0,0,0,0,0,0],[105,9,-3,1,0,0,
0,0,0,0,0,0,0,0,7,-1,1,-1,0,0],
[TENSOR,[7,2]],[45,-3,0,1,0,E(7)+E(7)^2+E(7)^4,E(7)^3+E(7)^5+E(7)^6,0,3,0,0,0,
E(7)+E(7)^2+E(7)^4,E(7)^3+E(7)^5+E(7)^6,3,-1,0,1,E(7)+E(7)^2+E(7)^4,
E(7)^3+E(7)^5+E(7)^6],
[TENSOR,[9,2]],[90,-6,0,2,0,2*E(7)+2*E(7)^2+2*E(7)^4,2*E(7)^3+2*E(7)^5
 +2*E(7)^6,0,-3,0,0,0,-E(7)-E(7)^2-E(7)^4,-E(7)^3-E(7)^5-E(7)^6,0,0,0,0,0,0],
[GALOIS,[9,3]],
[TENSOR,[12,2]],
[GALOIS,[11,3]],[126,-2,0,-2,1,0,0,6,0,-2,1,1,0,0,0,0,0,0,0,0],[126,-2,0,-2,1,
0,0,-3,0,1,-E(15)-E(15)^2-E(15)^4-E(15)^8,-E(15)^7-E(15)^11-E(15)^13-E(15)^14,
0,0,0,0,0,0,0,0],
[GALOIS,[16,7]],[64,0,1,0,-1,1,1,4,1,0,-1,-1,1,1,8,0,-1,0,1,1],
[TENSOR,[18,2]],[128,0,2,0,-2,2,2,-4,-1,0,1,1,-1,-1,0,0,0,0,0,0]],
[(11,12),( 6, 7)(13,14)(19,20)]);
ARC("L3(4).3.2_2","irredinfo",rec(pblock:=[,[1,1,1,1,1,1,1,1,1,1,1,1,1,1,1,1,
1,2,2,3],[1,1,1,1,1,1,1,1,2,2,2,3,3,3,4,4,4,1,1,1],,[1,1,2,3,4,5,6,7,8,9,10,
11,12,13,1,2,2,1,1,2],,[1,2,3,1,2,3,4,5,1,2,3,1,2,3,6,7,8,1,2,3]]));
ARC("L3(4).3.2_2","CAS",[rec(name:="psl(3,4):s3",
permchars:=( 7,15,17,18,11,13,10, 9)( 8,16,19,12),
permclasses:=( 3, 5, 7,10, 8)( 4, 6, 9)(13,14),
text:=Concatenation(
"origin: CAS library,\n",
"names:= psl(3,4):s3, m21.s3\n",
" order: 120,960 = 2^7 . 3^3 . 5 . 7\n",
" number of classes: 20\n",
" source: todd,j.a.\n",
"        a representation of the mathieu-group m24\n",
"        as a collineation group\n",
"        ann.mat.pura appl (4) 71\n",
"        (1966),199-238\n",
" comments: psl(3,4):s3 is maximal subgroup of m24\n",
" test: orth.1, min, sym(3)         \n",
""))]);
ALF("L3(4).3.2_2","M24",[1,2,4,7,9,12,13,4,5,10,21,22,23,24,2,7,10,14,19,
20],[
"fusion is unique up to table automorphisms,\n",
"the representative is equal to the fusion map on the CAS table"
]);
ALN("L3(4).3.2_2",["psl(3,4):s3"]);

MOT("L3(4).3.2_3",
[
"origin: ATLAS of finite groups, tests: 1.o.r., pow[2,3,5,7]"
],
[120960,384,54,32,30,30,21,180,63,12,15,15,21,21,120,6,16,16,10,10],
[,[1,1,3,2,6,5,7,8,9,8,12,11,14,13,1,3,4,4,6,5],[1,2,1,4,6,5,7,1,1,2,6,5,7,7,
15,15,17,18,20,19],,[1,2,3,4,1,1,7,8,9,10,8,8,13,14,15,16,17,18,15,15],,[1,2,
3,4,6,5,1,8,9,10,12,11,9,9,15,16,17,18,20,19]],
[[1,1,1,1,1,1,1,1,1,1,1,1,1,1,1,1,1,1,1,1],[1,1,1,1,1,1,1,1,1,1,1,1,1,1,-1,-1,
-1,-1,-1,-1],[2,2,2,2,2,2,2,-1,-1,-1,-1,-1,-1,-1,0,0,0,0,0,0],[20,4,2,0,0,0,
-1,5,-1,1,0,0,-1,-1,0,0,-2,2,0,0],
[TENSOR,[4,2]],[40,8,4,0,0,0,-2,-5,1,-1,0,0,1,1,0,0,0,0,0,0],[105,9,-3,1,0,0,
0,0,0,0,0,0,0,0,5,-1,1,1,0,0],
[TENSOR,[7,2]],[90,-6,0,2,0,0,-1,0,-3,0,0,0,E(21)^2+E(21)^8+E(21)^10+E(21)^11
 +E(21)^13+E(21)^19,E(21)+E(21)^4+E(21)^5+E(21)^16+E(21)^17+E(21)^20,0,0,0,0,
0,0],
[GALOIS,[9,2]],[90,-6,0,2,0,0,-1,0,6,0,0,0,-1,-1,0,0,0,0,0,0],[63,-1,0,-1,
-E(5)-E(5)^4,-E(5)^2-E(5)^3,0,3,0,-1,-E(5)-E(5)^4,-E(5)^2-E(5)^3,0,0,3,0,-1,
-1,-E(5)-E(5)^4,-E(5)^2-E(5)^3],
[TENSOR,[12,2]],[126,-2,0,-2,-2*E(5)-2*E(5)^4,-2*E(5)^2-2*E(5)^3,0,-3,0,1,
E(5)+E(5)^4,E(5)^2+E(5)^3,0,0,0,0,0,0,0,0],
[GALOIS,[12,2]],
[TENSOR,[15,2]],
[GALOIS,[14,2]],[64,0,1,0,-1,-1,1,4,1,0,-1,-1,1,1,4,1,0,0,-1,-1],
[TENSOR,[18,2]],[128,0,2,0,-2,-2,2,-4,-1,0,1,1,-1,-1,0,0,0,0,0,0]],
[(17,18),(13,14),( 5, 6)(11,12)(19,20)]);
ARC("L3(4).3.2_3","irredinfo",rec(pblock:=[,[1,1,1,1,1,1,1,1,1,1,1,1,1,1,1,1,
1,2,2,3],[1,1,1,1,1,1,1,1,2,2,2,3,3,3,4,4,4,1,1,1],,[1,2,3,4,5,6,7,8,9,10,11,
1,2,3,1,2,3,1,2,3],,[1,1,2,1,1,2,3,4,2,2,1,5,6,7,8,9,10,1,1,2]]));

MOT("L3(4).6",
[
"origin: ATLAS of finite groups, tests: 1.o.r., pow[2,3,5,7]"
],
[120960,384,54,32,15,21,432,48,54,8,360,360,126,126,24,24,15,15,21,21,36,36,
18,18,12,12],
[,[1,1,3,2,5,6,1,2,3,4,12,11,14,13,12,11,18,17,20,19,12,11,14,13,16,15],[1,2,
1,4,5,6,7,8,7,10,1,1,1,1,2,2,5,5,6,6,7,7,7,7,8,8],,[1,2,3,4,1,6,7,8,9,10,12,
11,14,13,16,15,12,11,20,19,22,21,24,23,26,25],,[1,2,3,4,5,1,7,8,9,10,11,12,13,
14,15,16,17,18,13,14,21,22,23,24,25,26]],
[[1,1,1,1,1,1,1,1,1,1,1,1,1,1,1,1,1,1,1,1,1,1,1,1,1,1],[1,1,1,1,1,1,-1,-1,-1,
-1,E(3),E(3)^2,E(3),E(3)^2,E(3),E(3)^2,E(3),E(3)^2,E(3),E(3)^2,-E(3),-E(3)^2,
-E(3),-E(3)^2,-E(3),-E(3)^2],
[TENSOR,[2,2]],
[TENSOR,[2,3]],
[TENSOR,[2,4]],
[TENSOR,[2,5]],[20,4,2,0,0,-1,2,-2,2,0,5,5,-1,-1,1,1,0,0,-1,-1,-1,-1,-1,-1,1,
1],
[TENSOR,[7,2]],
[TENSOR,[7,3]],
[TENSOR,[7,4]],
[TENSOR,[7,5]],
[TENSOR,[7,6]],[105,9,-3,1,0,0,3,3,3,-1,0,0,0,0,0,0,0,0,0,0,0,0,0,0,0,0],
[TENSOR,[13,2]],[90,-6,0,2,0,-1,0,0,0,0,0,0,6,6,0,0,0,0,-1,-1,0,0,0,0,0,0],
[TENSOR,[15,2]],
[TENSOR,[15,3]],[126,-2,0,-2,1,0,0,0,0,0,6,6,0,0,-2,-2,1,1,0,0,0,0,0,0,0,0],
[TENSOR,[18,2]],
[TENSOR,[18,3]],[64,0,1,0,-1,1,8,0,-1,0,4,4,1,1,0,0,-1,-1,1,1,2,2,-1,-1,0,0],
[TENSOR,[21,2]],
[TENSOR,[21,3]],
[TENSOR,[21,4]],
[TENSOR,[21,5]],
[TENSOR,[21,6]]],
[(11,12)(13,14)(15,16)(17,18)(19,20)(21,22)(23,24)(25,26)]);
ARC("L3(4).6","irredinfo",rec(pblock:=[,[1,1,1,1,1,1,1,1,1,1,1,1,1,1,1,1,1,1,
1,1,2,3,4,2,3,4],[1,2,1,2,1,2,1,2,1,2,1,2,2,1,3,3,3,4,4,4,2,1,2,1,2,1],,[1,2,
3,1,2,3,4,5,6,7,8,9,10,11,12,13,14,1,2,3,1,2,3,1,2,3],,[1,2,3,1,2,3,1,2,3,1,2,
3,4,5,1,2,3,6,7,8,1,2,3,1,2,3]]));
ARC("L3(4).6","projectives",["3.L3(4).6",[[45,-3,0,1,0,3,9,-3,0,-1,0,0,0,0,0,
0,0,0,0,0,0,0,0,0,0,0],[21,5,0,1,1,0,3,-1,0,1,5*E(3)+E(3)^2,E(3)+5*E(3)^2,0,0,
-1,-1,E(3)^2,E(3),0,0,-E(3)+E(3)^2,E(3)-E(3)^2,0,0,-1,-1],[90,-6,0,2,0,-1,0,0,
0,0,0,0,0,0,0,0,0,0,E(63)+E(63)^4-E(63)^19+E(63)^31-E(63)^37-E(63)^40+E(63)^55
 -E(63)^58,-E(63)^5+E(63)^8-E(63)^23-E(63)^26+E(63)^32-E(63)^44+E(63)^59
 +E(63)^62,0,0,0,0,0,0],[126,-2,0,-2,1,0,0,0,0,0,6,6,0,0,-2,-2,1,1,0,0,0,0,0,
0,0,0],[84,4,0,0,-1,0,6,2,0,0,-E(3)-5*E(3)^2,-5*E(3)-E(3)^2,0,0,1,1,-E(3),
-E(3)^2,0,0,E(3)-E(3)^2,-E(3)+E(3)^2,0,0,-1,-1]],]);

LIBTABLE.LOADSTATUS.ctoline3:="userloaded";
ALN:= NotifyCharTableName;

#############################################################################
##
#E  ctoline3.tbl. . . . . . . . . . . . . . . . . . . . . . . . . . ends here
