#############################################################################
##
#W  ctomaxi1.tbl                GAP table library               Thomas Breuer
##
#H  @(#)$Id$
##
#Y  Copyright (C)  1997,  Lehrstuhl D fuer Mathematik,  RWTH Aachen,  Germany
##
##  This file contains the ordinary character tables of maximal subgroups
##  (which are neither ATLAS tables nor tables of Ostermann) of the
##  sporadic simple Mathieu groups.
##
Revision.ctomaxi1_tbl :=
    "@(#)$Id$";

SET_TABLEFILENAME("ctomaxi1");
ALN:= Ignore;

MOT("2^4:s5",
[
"origin: CAS library,\n",
"maximal subgroup of sporadic simple Mathieu Group m22\n",
"test: 1.OR,JAMES,JAMES,n=3,\n",
"and restricted characters decompose properly.\n",
"tests: 1.o.r., pow[2,3,5]"
],
[1920,128,32,32,16,6,5,48,16,8,8,6],
[,[1,1,1,2,2,6,7,1,2,3,4,6],[1,2,3,4,5,1,7,8,9,10,11,8],,[1,2,3,4,5,6,1,8,9,
10,11,12]],
[[1,1,1,1,1,1,1,1,1,1,1,1],[1,1,1,1,1,1,1,-1,-1,-1,-1,-1],[4,4,0,0,0,1,-1,2,2,
0,0,-1],
[TENSOR,[3,2]],[5,5,1,1,1,-1,0,1,1,-1,-1,1],
[TENSOR,[5,2]],[6,6,-2,-2,-2,0,1,0,0,0,0,0],[15,-1,3,-1,-1,0,0,3,-1,1,-1,0],
[TENSOR,[8,2]],[15,-1,-1,3,-1,0,0,3,-1,-1,1,0],
[TENSOR,[10,2]],[30,-2,-2,-2,2,0,0,0,0,0,0,0]],
[]);
ARC("2^4:s5","projectives",["2.M22M5",[[6,-2,-2,2,0,0,1,0,0,-2,0,0],[6,-2,2,
-2,0,0,1,0,0,0,-2*E(4),0],[10,2,2,2,0,1,0,2,2,0,0,-1],[10,2,-2,-2,0,1,0,-4,0,
0,0,-1],[20,4,0,0,0,-1,0,-2,2,0,0,1],[24,-8,0,0,0,0,-1,0,0,0,0,
0]],"4.M22M5",[[16,0,0,0,0,-2,1,0,0,0,0,0],[16,0,0,0,0,1,1,0,0,0,0,
E(3)-E(3)^2],[24,0,0,0,0,0,-1,0,0,0,2*E(8),0]],]);
ALF("2^4:s5","M22",[1,2,2,4,5,3,6,2,4,5,10,7],[
"fusion is unique, equal to that on the CAS table"
]);

MOT("2.M22M5",
[
"5th maximal subgroup of 2.M22,\n",
"constructed by S. Irnich using tables of M22, 2.M22, M22M5"
],
[3840,3840,256,256,64,64,64,64,16,12,12,10,10,96,96,32,32,16,16,16,16,12,12],
[,[1,1,1,1,1,1,3,3,4,10,10,12,12,1,1,3,3,6,6,7,7,10,10],[1,2,3,4,5,6,7,8,9,1,
2,12,13,14,15,16,17,18,19,21,20,14,15],,[1,2,3,4,5,6,7,8,9,10,11,1,2,14,15,16,
17,18,19,20,21,22,23]],
[["2^4:s5",[]],["2.M22M5",[]]],
[(20,21),(18,19),(14,15)(16,17)(22,23)],
function ( tbl )
    ConstructProj( tbl );
end);
ALF("2.M22M5","2^4:s5",[1,1,2,2,3,3,4,4,5,6,6,7,7,8,8,9,9,10,10,11,11,12,
12]);
ALF("2.M22M5","2.M22",[1,2,3,4,3,4,7,8,9,5,6,10,11,3,4,7,8,9,9,18,19,12,
13],[
"fusion map is unique up to table automorphisms"
]);

MOT("2.S4",
[
"origin: CAS library, tests: 1.o.r., pow[2,3]"
],
[48,48,8,4,8,8,6,6],
[,[1,1,2,1,3,3,7,7],[1,2,3,4,5,6,1,2]],
[[1,1,1,1,1,1,1,1],[1,1,1,-1,-1,-1,1,1],[2,2,2,0,0,0,-1,-1],[3,3,-1,1,-1,-1,0,
0],[4,-4,0,0,0,0,1,-1],[2,-2,0,0,E(8)+E(8)^3,-E(8)-E(8)^3,-1,1],
[TENSOR,[6,2]],
[TENSOR,[4,2]]],
[(5,6)]);
ARC("2.S4","CAS",[rec(name:="2.s4",
permchars:=(),
permclasses:=(),
text:="")]);
ALF("2.S4","M11",[1,2,4,2,7,8,3,6],[
"fusion is unique up to table automorphisms,\n",
"the representative is equal to the fusion map on the CAS table"
]);
ALN("2.S4",["M11C2","M8:S3","s2m11"]);

MOT("23:11",
[
"origin: CAS library,\n",
"maximal subgroup of sporadic simple Mathieu group m23\n",
"test: 1.OR, JAMES, JAMES,n=3,\n",
"and restricted characters decompose properly.\n",
"tests: 1.o.r., pow[11,23]"
],
[253,23,23,11,11,11,11,11,11,11,11,11,11],
[,[1,2,3,5,7,9,11,13,4,6,8,10,12],,,,,,,,,[1,3,2,1,1,1,1,1,1,1,1,1,
1],,,,,,,,,,,,[1,1,1,4,5,6,7,8,9,10,11,12,13]],
[[1,1,1,1,1,1,1,1,1,1,1,1,1],[1,1,1,E(11),E(11)^2,E(11)^3,E(11)^4,E(11)^5,
E(11)^6,E(11)^7,E(11)^8,E(11)^9,E(11)^10],
[TENSOR,[2,2]],
[TENSOR,[2,3]],
[TENSOR,[2,4]],
[TENSOR,[2,5]],
[TENSOR,[2,6]],
[TENSOR,[2,7]],
[TENSOR,[2,8]],
[TENSOR,[2,9]],
[TENSOR,[2,10]],[11,E(23)+E(23)^2+E(23)^3+E(23)^4+E(23)^6+E(23)^8+E(23)^9
 +E(23)^12+E(23)^13+E(23)^16+E(23)^18,E(23)^5+E(23)^7+E(23)^10+E(23)^11
 +E(23)^14+E(23)^15+E(23)^17+E(23)^19+E(23)^20+E(23)^21+E(23)^22,0,0,0,0,0,0,
0,0,0,0],
[GALOIS,[12,5]]],
[( 4, 5, 7,11, 8,13,12,10, 6, 9),(2,3)]);
ALF("23:11","M23",[1,16,17,10,11,10,10,10,11,11,11,10,11],[
"fusion is unique up to table automorphisms,\n",
"the representative is equal to the fusion map on the CAS table"
]);

MOT("2^3:sl(3,2)",
[
"origin: CAS library,\n",
"maximal subgroup of sporadic simple Mathieu group m22\n",
"test: 1.OR, JAMES, JAMES,n=3,\n",
"and restricted characters decompose properly\n",
"tests: 1.o.r., pow[2,3,7]"
],
[1344,192,32,32,16,8,8,6,6,7,7],
[,[1,1,1,1,2,3,4,8,8,10,11],[1,2,3,4,5,6,7,1,2,11,10],,,,[1,2,3,4,5,6,7,8,9,1,
1]],
[[1,1,1,1,1,1,1,1,1,1,1],[3,3,-1,-1,-1,1,1,0,0,E(7)+E(7)^2+E(7)^4,
E(7)^3+E(7)^5+E(7)^6],
[GALOIS,[2,3]],[6,6,2,2,2,0,0,0,0,-1,-1],[7,7,-1,-1,-1,-1,-1,1,1,0,0],[8,8,0,
0,0,0,0,-1,-1,1,1],[7,-1,3,-1,-1,1,-1,1,-1,0,0],[7,-1,-1,3,-1,-1,1,1,-1,0,0],[
14,-2,2,2,-2,0,0,-1,1,0,0],[21,-3,1,-3,1,-1,1,0,0,0,0],[21,-3,-3,1,1,1,-1,0,0,
0,0]],
[(10,11),(3,4)(6,7)]);
ALF("2^3:sl(3,2)","M22",[1,2,2,2,4,4,5,3,7,8,9],[
"fusion is unique up to table automorphisms,\n",
"the representative is equal to the fusion map on the CAS table"
]);

MOT("2^4:(3xA5).2",
[
"source: H. Pahlings,\n",
"6th maximal subgroup of M23,\n",
"4th maximal subgroup of J3.2,\n",
"table is sorted w.r. to normal series 2^4.3.A5.2,\n",
"tests: 1.o.r., pow[2,3,5]"
],
[5760,384,180,96,32,12,36,18,12,15,15,15,48,16,8,8,6],
[,[1,1,3,1,2,3,7,8,7,10,11,12,1,2,4,5,8],[1,2,1,4,5,4,1,1,2,10,10,10,13,14,15,
16,13],,[1,2,3,4,5,6,7,8,9,1,3,3,13,14,15,16,17]],
[[1,1,1,1,1,1,1,1,1,1,1,1,1,1,1,1,1],[1,1,1,1,1,1,1,1,1,1,1,1,-1,-1,-1,-1,
-1],[6,6,6,-2,-2,-2,0,0,0,1,1,1,0,0,0,0,0],[4,4,4,0,0,0,1,1,1,-1,-1,-1,2,2,0,
0,-1],
[TENSOR,[4,2]],[5,5,5,1,1,1,-1,-1,-1,0,0,0,1,1,-1,-1,1],
[TENSOR,[6,2]],[2,2,-1,2,2,-1,-1,2,-1,2,-1,-1,0,0,0,0,0],[6,6,-3,-2,-2,1,0,0,
0,1,-E(15)^7-E(15)^11-E(15)^13-E(15)^14,-E(15)-E(15)^2-E(15)^4-E(15)^8,0,0,0,
0,0],
[GALOIS,[9,7]],[8,8,-4,0,0,0,-1,2,-1,-2,1,1,0,0,0,0,0],[10,10,-5,2,2,-1,1,-2,
1,0,0,0,0,0,0,0,0],[15,-1,0,3,-1,0,3,0,-1,0,0,0,-3,1,-1,1,0],
[TENSOR,[13,2]],[30,-2,0,6,-2,0,-3,0,1,0,0,0,0,0,0,0,0],[45,-3,0,-3,1,0,0,0,0,
0,0,0,3,-1,-1,1,0],
[TENSOR,[16,2]]],
[(11,12)]);
ARC("2^4:(3xA5).2","CAS",[rec(name:="2^4:(3xa5):2",
permchars:=( 3,10, 9, 8)( 6, 7)(16,17),
permclasses:=( 3, 5, 8, 7, 6,13, 4)( 9,12,17,14)(10,11,16,15),
text:=Concatenation(
"maximal subgroup of sporadic simple Mathieu group m23.\n",
"Berechnet 6.6.88 mit Cayley.\n",
"test: 1.OR, JAMES, JAMES,n=3,\n",
"and restricted characters decompose properly."))]);
ALF("2^4:(3xA5).2","J3.2",[1,2,3,2,5,7,3,4,7,6,14,14,18,19,19,22,20],[
"fusion map is unique"
]);
ALF("2^4:(3xA5).2","M23",[1,2,3,2,4,6,3,3,6,5,14,15,2,4,4,9,6],[
"fusion map is unique up to table automorphisms"
]);
ALN("2^4:(3xA5).2",["2^4:(3xa5):2"]);

MOT("2^4:a6",
[
"origin: CAS library,\n",
"maximal subgroup of sporadic simple Mathieu Group m22\n",
"test: OR.1, JAMES, JAMES,n=3,\n",
"and restricted characters decompose properly.\n",
"tests: 1.o.r., pow[2,3,5]"
],
[5760,384,32,32,16,36,12,9,8,8,5,5],
[,[1,1,1,2,2,6,6,8,3,4,12,11],[1,2,3,4,5,1,2,1,9,10,12,11],,[1,2,3,4,5,6,7,8,
9,10,1,1]],
[[1,1,1,1,1,1,1,1,1,1,1,1],[5,5,1,1,1,2,2,-1,-1,-1,0,0],[5,5,1,1,1,-1,-1,2,-1,
-1,0,0],[8,8,0,0,0,-1,-1,-1,0,0,-E(5)^2-E(5)^3,-E(5)-E(5)^4],
[GALOIS,[4,2]],[9,9,1,1,1,0,0,0,1,1,-1,-1],[10,10,-2,-2,-2,1,1,1,0,0,0,0],[15,
-1,3,-1,-1,3,-1,0,1,-1,0,0],[15,-1,-1,3,-1,3,-1,0,-1,1,0,0],[30,-2,2,2,-2,-3,
1,0,0,0,0,0],[45,-3,1,-3,1,0,0,0,-1,1,0,0],[45,-3,-3,1,1,0,0,0,1,-1,0,0]],
[(11,12)]);
ARC("2^4:a6","CAS",[rec(name:="2^4.a6",
permclasses:=( 4, 5, 6, 9)( 7,12,11,10),
permchars:=( 2, 3)( 4, 5)(11,12),
text:=Concatenation(
"names:group1; g[2]..\n",
"order: 2^7.3^2.5 = 5,760\n",
"number of classes: 12\n",
"source:magliveras, s.s.\n",
"the subgroup structure of the\n",
"higman-sims simple group\n",
"univ. of birmingham [1970]\n",
"test: 1. o.r., sym 2 decompose correctly\n",
"comments: -"))]);
ARC("2^4:a6","projectives",["2.M22M2",[[6,-2,2,-2,0,3,1,0,0,0,1,1],[10,2,2,2,
0,1,-1,1,2,0,0,0],[10,2,2,2,0,1,-1,1,-2,0,0,0],[10,2,-2,-2,0,1,-1,1,0,2*E(4),
0,0],
[GALOIS,[4,3]],[18,-6,-2,2,0,0,0,0,0,0,-E(5)-E(5)^4,-E(5)^2-E(5)^3],
[GALOIS,[6,2]],[24,-8,0,0,0,3,1,0,0,0,-1,-1],[30,-10,2,-2,0,-3,-1,0,0,0,0,0],[
40,8,0,0,0,-2,2,1,0,0,0,0],[40,8,0,0,0,1,-1,-2,0,0,0,0]],"3.M22M2",[[3,3,-1,
-1,-1,0,0,0,1,1,-E(5)-E(5)^4,-E(5)^2-E(5)^3],
[GALOIS,[1,2]],[6,6,2,2,2,0,0,0,0,0,1,1],[9,9,1,1,1,0,0,0,1,1,-1,-1],[15,-1,
-1,3,-1,0,2,0,-1,1,0,0],[15,-1,3,-1,-1,0,2,0,1,-1,0,0],[15,15,-1,-1,-1,0,0,0,
-1,-1,0,0],[30,-2,2,2,-2,0,-2,0,0,0,0,0],[45,-3,-3,1,1,0,0,0,1,-1,0,0],[45,-3,
1,-3,1,0,0,0,-1,1,0,0]],"4.M22M2",[[16,0,0,0,0,-2,0,-2,0,0,1,1],[16,0,0,0,0,4,
0,1,0,0,1,1],[32,0,0,0,0,2,0,-1,0,0,E(5)^2+E(5)^3,E(5)+E(5)^4],
[GALOIS,[3,2]],[40,0,0,0,0,-2,0,1,0,2*E(8),0,0],
[GALOIS,[5,5]]],"6.M22M2",[[6,-2,2,-2,0,0,-2,0,0,0,1,1],[18,-6,-2,2,0,0,0,0,0,
0,-E(5)-E(5)^4,-E(5)^2-E(5)^3],
[GALOIS,[2,2]],[24,-8,0,0,0,0,-2,0,0,0,-1,-1],[30,-10,2,-2,0,0,2,0,0,0,0,0],[
30,6,-2,-2,0,0,0,0,-2,0,0,0],[30,6,-2,-2,0,0,0,0,2,0,0,0],[30,6,2,2,0,0,0,0,0,
-2*E(4),0,0],
[GALOIS,[8,3]]],"12.M22M2",[[24,0,0,0,0,0,0,0,0,2*E(8),-1,-1],
[GALOIS,[1,5]],[48,0,0,0,0,0,0,0,0,0,-E(5)-E(5)^4,-E(5)^2-E(5)^3],
[GALOIS,[3,2]]],]);
ALF("2^4:a6","A6",[1,1,2,2,2,3,3,4,5,5,6,7],[
"factor fusion equal to that on the CAS table"
]);
ALF("2^4:a6","M22",[1,2,2,4,5,3,7,3,4,10,6,6],[
"fusion is unique, equal to that on the CAS table"
]);
ALN("2^4:a6",["2^4.a6"]);

MOT("2.M22M2",
[
"2nd maximal subgroup of 2.M22,\n",
"constructed by Stefan Irnich using GAP"
],
[11520,11520,768,768,64,64,64,64,16,72,72,24,24,18,18,16,16,16,16,10,10,10,
10],
[,[1,1,1,1,1,1,3,3,4,10,10,10,10,14,14,5,5,7,7,22,22,20,20],[1,2,3,4,5,6,7,8,
9,1,2,3,4,1,2,16,17,19,18,22,23,20,21],,[1,2,3,4,5,6,7,8,9,10,11,12,13,14,15,
16,17,18,19,1,2,1,2]],
[["2^4:a6",[]],["2.M22M2",[]]],
[(18,19),(16,17),(20,22)(21,23)],
function ( tbl )
    ConstructProj( tbl );
end);
ALF("2.M22M2","2^4:a6",[1,1,2,2,3,3,4,4,5,6,6,7,7,8,8,9,9,10,10,11,11,12,
12]);
ALF("2.M22M2","2.M22",[1,2,3,4,3,4,7,8,9,5,6,12,13,5,6,7,8,18,19,10,11,10,
11]);

MOT("3.M22M2",
[
"2nd maximal subgroup of 3.M22,\n",
"constructed by Stefan Irnich using GAP"
],
[17280,17280,17280,1152,1152,1152,96,96,96,96,96,96,48,48,48,36,36,36,36,9,24,
24,24,24,24,24,15,15,15,15,15,15],
[,[1,3,2,1,3,2,1,3,2,4,6,5,4,6,5,16,16,16,16,20,7,9,8,10,12,11,30,32,31,27,29,
28],[1,1,1,4,4,4,7,7,7,10,10,10,13,13,13,1,4,4,4,1,21,21,21,24,24,24,30,30,30,
27,27,27],,[1,3,2,4,6,5,7,9,8,10,12,11,13,15,14,16,17,19,18,20,21,23,22,24,26,
25,1,3,2,1,3,2]],
[["2^4:a6",[]],,["3.M22M2",[-1,-1,-1,-1,-1,-1,-1,-1,-1,-1]]],
[(27,30)(28,31)(29,32),( 2, 3)( 5, 6)( 8, 9)(11,12)(14,15)(18,19)(22,23)
(25,26)(28,29)(31,32)],
function ( tbl )
    ConstructProj( tbl );
end);
ALF("3.M22M2","2^4:a6",[1,1,1,2,2,2,3,3,3,4,4,4,5,5,5,6,7,7,7,8,9,9,9,10,
10,10,11,11,11,12,12,12]);
ALF("3.M22M2","3.M22",[1,2,3,4,5,6,4,5,6,8,9,10,11,12,13,7,17,18,19,7,8,9,
10,26,27,28,14,15,16,14,15,16],[
"fusion map is unique up to table automorphisms"
]);

MOT("4.M22M2",
[
"2nd maximal subgroup of 4.M22,\n",
"constructed by Stefan Irnich using GAP"
],
[23040,23040,23040,23040,768,768,64,64,64,64,16,144,144,144,144,24,24,36,36,
36,36,16,16,32,32,32,32,20,20,20,20,20,20,20,20],
[,[1,3,1,3,1,3,1,3,5,5,6,12,14,12,14,12,14,18,20,18,20,7,7,9,9,9,9,32,34,32,
34,28,30,28,30],[1,4,3,2,5,6,7,8,9,10,11,1,4,3,2,5,6,1,4,3,2,22,23,25,24,27,
26,32,35,34,33,28,31,30,29],,[1,2,3,4,5,6,7,8,9,10,11,12,13,14,15,16,17,18,19,
20,21,22,23,26,27,24,25,1,2,3,4,1,2,3,4]],
[["2^4:a6",[]],["2.M22M2",[]],,["4.M22M2",[-1,-1,-1,-1,-1,-1]]],
[(24,26)(25,27),(22,23),(28,32)(29,33)(30,34)(31,35),( 2, 4)(13,15)(19,21)
(24,25)(26,27)(29,31)(33,35)],
function ( tbl )
    ConstructProj( tbl );
end);
ALF("4.M22M2","2.M22M2",[1,2,1,2,3,4,5,6,7,8,9,10,11,10,11,12,13,14,15,14,
15,16,17,18,19,18,19,20,21,20,21,22,23,22,23]);
ALF("4.M22M2","2^4:a6",[1,1,1,1,2,2,3,3,4,4,5,6,6,6,6,7,7,8,8,8,8,9,9,10,
10,10,10,11,11,11,11,12,12,12,12]);
ALF("4.M22M2","4.M22",[1,2,3,4,5,6,5,6,11,12,13,7,8,9,10,18,19,7,8,9,10,
11,12,28,29,30,31,14,15,16,17,14,15,16,17],[
"fusion map is unique up to table automorphisms"
]);

MOT("6.M22M2",
[
"2nd maximal subgroup of 6.M22,\n",
"constructed by Stefan Irnich using GAP"
],
[34560,34560,34560,34560,34560,34560,2304,2304,2304,2304,2304,2304,192,192,
192,192,192,192,192,192,192,192,192,192,48,48,48,72,72,72,72,72,72,72,72,18,
18,48,48,48,48,48,48,48,48,48,48,48,48,30,30,30,30,30,30,30,30,30,30,30,30],
[,[1,3,5,1,3,5,1,3,5,1,3,5,1,3,5,1,3,5,7,9,11,7,9,11,10,12,8,28,28,28,28,28,
28,28,28,36,36,13,15,17,13,15,17,19,21,23,19,21,23,56,58,60,56,58,60,50,52,54,
50,52,54],[1,4,1,4,1,4,7,10,7,10,7,10,13,16,13,16,13,16,19,22,19,22,19,22,25,
25,25,1,4,7,10,7,10,7,10,1,4,38,41,38,41,38,41,47,44,47,44,47,44,56,59,56,59,
56,59,50,53,50,53,50,53],,[1,6,5,4,3,2,7,12,11,10,9,8,13,18,17,16,15,14,19,24,
23,22,21,20,25,27,26,28,29,30,35,34,33,32,31,36,37,38,43,42,41,40,39,44,49,48,
47,46,45,1,6,5,4,3,2,1,6,5,4,3,2]],
[["2^4:a6",[]],["2.M22M2",[]],["3.M22M2",[-1,-1,-1,-1,-1,-1,-1,-1,-1,-1]],,,
["6.M22M2",[-1,-1,-1,-1,-1,-1,-1,-1,-1]]],
[(44,47)(45,48)(46,49),(38,41)(39,42)(40,43),(50,56)(51,57)(52,58)(53,59)
(54,60)(55,61),( 2, 6)( 3, 5)( 8,12)( 9,11)(14,18)(15,17)(20,24)(21,23)(26,27)
(31,35)(32,34)(39,43)(40,42)(45,49)(46,48)(51,55)(52,54)(57,61)(58,60)],
function ( tbl )
    ConstructProj( tbl );
end);
ALF("6.M22M2","2.M22M2",[1,2,1,2,1,2,3,4,3,4,3,4,5,6,5,6,5,6,7,8,7,8,7,8,
9,9,9,10,11,12,13,12,13,12,13,14,15,16,17,16,17,16,17,18,19,18,19,18,19,
20,21,20,21,20,21,22,23,22,23,22,23]);
ALF("6.M22M2","3.M22M2",[1,2,3,1,2,3,4,5,6,4,5,6,7,8,9,7,8,9,10,11,12,10,
11,12,13,14,15,16,16,17,18,19,17,18,19,20,20,21,22,23,21,22,23,24,25,26,
24,25,26,27,28,29,27,28,29,30,31,32,30,31,32]);
ALF("6.M22M2","2^4:a6",[1,1,1,1,1,1,2,2,2,2,2,2,3,3,3,3,3,3,4,4,4,4,4,4,5,
5,5,6,6,7,7,7,7,7,7,8,8,9,9,9,9,9,9,10,10,10,10,10,10,11,11,11,11,11,11,
12,12,12,12,12,12]);
ALF("6.M22M2","6.M22",[1,2,3,4,5,6,7,8,9,10,11,12,7,8,9,10,11,12,15,16,17,
18,19,20,21,22,23,13,14,30,31,32,33,34,35,13,14,15,16,17,18,19,20,48,49,
50,51,52,53,24,25,26,27,28,29,24,25,26,27,28,29],[
"fusion map is unique up to table automorphisms"
]);

MOT("12.M22M2",
[
"2nd maximal subgroup of 12.M22,\n",
"constructed by Stefan Irnich using GAP"
],
[69120,69120,69120,69120,69120,69120,69120,69120,69120,69120,69120,69120,2304,
2304,2304,2304,2304,2304,192,192,192,192,192,192,192,192,192,192,192,192,48,
48,48,144,144,144,144,72,72,72,72,72,72,36,36,36,36,48,48,48,48,48,48,96,96,
96,96,96,96,96,96,96,96,96,96,60,60,60,60,60,60,60,60,60,60,60,60,60,60,60,60,
60,60,60,60,60,60,60,60],
[,[1,3,5,7,9,11,1,3,5,7,9,11,1,3,5,7,9,11,1,3,5,7,9,11,13,15,17,13,15,17,16,
18,14,34,36,34,36,34,36,34,36,34,36,44,46,44,46,19,21,23,19,21,23,25,27,29,25,
27,29,25,27,29,25,27,29,78,80,82,84,86,88,78,80,82,84,86,88,66,68,70,72,74,76,
66,68,70,72,74,76],[1,4,7,10,1,4,7,10,1,4,7,10,13,16,13,16,13,16,19,22,19,22,
19,22,25,28,25,28,25,28,31,31,31,1,4,7,10,13,16,13,16,13,16,1,4,7,10,48,51,48,
51,48,51,63,54,57,60,63,54,57,60,63,54,57,60,78,81,84,87,78,81,84,87,78,81,84,
87,66,69,72,75,66,69,72,75,66,69,72,75],,[1,6,11,4,9,2,7,12,5,10,3,8,13,18,17,
16,15,14,19,24,23,22,21,20,25,30,29,28,27,26,31,33,32,34,35,36,37,38,43,42,41,
40,39,44,45,46,47,48,53,52,51,50,49,60,65,58,63,56,61,54,59,64,57,62,55,1,6,
11,4,9,2,7,12,5,10,3,8,1,6,11,4,9,2,7,12,5,10,3,8]],
[["2^4:a6",[]],["2.M22M2",[]],["3.M22M2",[-1,-1,-1,-1,-1,-1,-1,-1,-1,-1]],
["4.M22M2",[-1,-1,-1,-1,-1,-1]],,["6.M22M2",[-1,-1,-1,-1,-1,-1,-1,-1,-1]],
,,,,,["12.M22M2",[[29,19,11],[29,19,11],[29,19,11],[29,19,11]]]],
[(66,78)(67,79)(68,80)(69,81)(70,82)(71,83)(72,84)(73,85)(74,86)(75,87)(76,88)
(77,89),(48,51)(49,52)(50,53),(54,60)(55,61)(56,62)(57,63)(58,64)(59,65),
( 2, 6)( 3,11)( 5, 9)( 8,12)(14,18)(15,17)(20,24)(21,23)(26,30)(27,29)(32,33)
(39,43)(40,42)(49,53)(50,52)(55,59)(56,64)(58,62)(61,65)(67,71)(68,76)(70,74)
(73,77)(79,83)(80,88)(82,86)(85,89),( 2, 8)( 4,10)( 6,12)(35,37)(45,47)(54,57)
(55,64)(56,59)(58,61)(60,63)(62,65)(67,73)(69,75)(71,77)(79,85)(81,87)
(83,89)],
function ( tbl )
    ConstructProj( tbl );
end);
ALF("12.M22M2","2^4:a6",[1,1,1,1,1,1,1,1,1,1,1,1,2,2,2,2,2,2,3,3,3,3,3,3,
4,4,4,4,4,4,5,5,5,6,6,6,6,7,7,7,7,7,7,8,8,8,8,9,9,9,9,9,9,10,10,10,10,10,
10,10,10,10,10,10,10,11,11,11,11,11,11,11,11,11,11,11,11,12,12,12,12,12,
12,12,12,12,12,12,12]);
ALF("12.M22M2","2.M22M2",[1,2,1,2,1,2,1,2,1,2,1,2,3,4,3,4,3,4,5,6,5,6,5,6,
7,8,7,8,7,8,9,9,9,10,11,10,11,12,13,12,13,12,13,14,15,14,15,16,17,16,17,
16,17,18,19,18,19,18,19,18,19,18,19,18,19,20,21,20,21,20,21,20,21,20,21,
20,21,22,23,22,23,22,23,22,23,22,23,22,23]);
ALF("12.M22M2","4.M22M2",[1,2,3,4,1,2,3,4,1,2,3,4,5,6,5,6,5,6,7,8,7,8,7,8,
9,10,9,10,9,10,11,11,11,12,13,14,15,16,17,16,17,16,17,18,19,20,21,22,23,
22,23,22,23,24,25,26,27,24,25,26,27,24,25,26,27,28,29,30,31,28,29,30,31,
28,29,30,31,32,33,34,35,32,33,34,35,32,33,34,35]);
ALF("12.M22M2","3.M22M2",[1,2,3,1,2,3,1,2,3,1,2,3,4,5,6,4,5,6,7,8,9,7,8,9,
10,11,12,10,11,12,13,14,15,16,16,16,16,17,18,19,17,18,19,20,20,20,20,21,
22,23,21,22,23,24,25,26,24,25,26,24,25,26,24,25,26,27,28,29,27,28,29,27,
28,29,27,28,29,30,31,32,30,31,32,30,31,32,30,31,32]);
ALF("12.M22M2","6.M22M2",[1,2,3,4,5,6,1,2,3,4,5,6,7,8,9,10,11,12,13,14,15,
16,17,18,19,20,21,22,23,24,25,26,27,28,29,28,29,30,31,32,33,34,35,36,37,
36,37,38,39,40,41,42,43,44,45,46,47,48,49,44,45,46,47,48,49,50,51,52,53,
54,55,50,51,52,53,54,55,56,57,58,59,60,61,56,57,58,59,60,61]);
ALF("12.M22M2","12.M22",[1,2,3,4,5,6,7,8,9,10,11,12,13,14,15,16,17,18,13,
14,15,16,17,18,23,24,25,26,27,28,29,30,31,19,20,21,22,44,45,46,47,48,49,
19,20,21,22,23,24,25,26,27,28,74,75,76,77,78,79,80,81,82,83,84,85,32,33,
34,35,36,37,38,39,40,41,42,43,32,33,34,35,36,37,38,39,40,41,42,43],[
"fusion map is unique up to table automorphisms"
]);

MOT("2^4:a7",
[
"origin: CAS library,\n",
"maximal subgroup of sporadic simple Mathieu group m23 and of sporadic\n",
"simple McLauglin group mcl\n",
"test: 1.OR, JAMES, JAMES,n=3,\n",
"and restricted characters decompose properly\n",
"tests: 1.o.r., pow[2,3,5,7]"
],
[40320,2688,96,32,36,36,12,8,8,5,12,14,14,14,14],
[,[1,1,1,2,5,6,6,3,4,10,5,12,12,14,14],[1,2,3,4,1,1,2,8,9,10,3,14,15,12,13],,[
1,2,3,4,5,6,7,8,9,1,11,14,15,12,13],,[1,2,3,4,5,6,7,8,9,10,11,1,2,1,2]],
[[1,1,1,1,1,1,1,1,1,1,1,1,1,1,1],[6,6,2,2,3,0,0,0,0,1,-1,-1,-1,-1,-1],[10,10,
-2,-2,1,1,1,0,0,0,1,E(7)+E(7)^2+E(7)^4,E(7)+E(7)^2+E(7)^4,E(7)^3+E(7)^5+E(7)^6
 ,E(7)^3+E(7)^5+E(7)^6],
[GALOIS,[3,3]],[14,14,2,2,2,-1,-1,0,0,-1,2,0,0,0,0],[14,14,2,2,-1,2,2,0,0,-1,
-1,0,0,0,0],[15,15,-1,-1,3,0,0,-1,-1,0,-1,1,1,1,1],[21,21,1,1,-3,0,0,-1,-1,1,
1,0,0,0,0],[35,35,-1,-1,-1,-1,-1,1,1,0,-1,0,0,0,0],[15,-1,3,-1,0,3,-1,1,-1,0,
0,1,-1,1,-1],[45,-3,-3,1,0,0,0,1,-1,0,0,E(7)+E(7)^2+E(7)^4,-E(7)-E(7)^2-E(7)^4
 ,E(7)^3+E(7)^5+E(7)^6,-E(7)^3-E(7)^5-E(7)^6],
[GALOIS,[11,3]],[90,-6,6,-2,0,0,0,0,0,0,0,-1,1,-1,1],[105,-7,-3,1,0,3,-1,-1,1,
0,0,0,0,0,0],[120,-8,0,0,0,-3,1,0,0,0,0,1,-1,1,-1]],
[(12,14)(13,15)]);
ARC("2^4:a7","projectives",["3.2^4:a7",[[6,6,2,2,0,0,0,0,0,1,2,-1,-1,-1,-1],[
15,15,-1,-1,0,0,0,-1,-1,0,2,1,1,1,1],[15,15,3,3,0,0,0,1,1,0,0,1,1,1,1],[21,21,
1,1,0,0,0,-1,-1,1,-2,0,0,0,0],[21,21,-3,-3,0,0,0,1,1,1,0,0,0,0,0],[24,24,0,0,
0,0,0,0,0,-1,0,E(7)+E(7)^2+E(7)^4,E(7)+E(7)^2+E(7)^4,E(7)^3+E(7)^5+E(7)^6,
E(7)^3+E(7)^5+E(7)^6],
[GALOIS,[6,3]],[15,-1,3,-1,0,0,2,1,-1,0,0,1,-1,1,-1],[45,-3,-3,1,0,0,0,1,-1,0,
0,E(7)+E(7)^2+E(7)^4,-E(7)-E(7)^2-E(7)^4,E(7)^3+E(7)^5+E(7)^6,
-E(7)^3-E(7)^5-E(7)^6],
[GALOIS,[9,3]],[90,-6,6,-2,0,0,0,0,0,0,0,-1,1,-1,1],[105,-7,-3,1,0,0,2,-1,1,0,
0,0,0,0,0],[120,-8,0,0,0,0,-2,0,0,0,0,1,-1,1,-1]],]);
ALF("2^4:a7","M23",[1,2,2,4,3,3,6,4,9,5,6,7,12,8,13],[
"fusion is unique up to table automorphisms,\n",
"the representative is equal to the fusion map on the CAS table"
]);
ALF("2^4:a7","McL",[1,2,2,5,4,4,9,5,12,7,9,10,19,11,20],[
"fusion is unique up to table automorphisms,\n",
"the representative is equal to the fusion map on the CAS table"
]);
ALF("2^4:a7","A7",[1,1,2,2,3,4,4,5,5,6,7,8,8,9,9],[
"factor fusion equal to that on the CAS table"
]);

MOT("3.2^4:a7",
[
"9th maximal subgroup of sporadic simple McLaughlin group McL,\n",
"table constructed 1996/09/10 by Thomas Breuer using the tables of McL,\n",
"3.McL, and 2^4:a7"
],
[120960,120960,120960,8064,8064,8064,288,288,288,96,96,96,36,36,36,36,36,24,
24,24,24,24,24,15,15,15,36,36,36,42,42,42,42,42,42,42,42,42,42,42,42],
[,[1,3,2,1,3,2,1,3,2,4,6,5,13,14,14,14,14,7,9,8,10,12,11,24,26,25,13,13,13,30,
32,31,30,32,31,36,38,37,36,38,37],[1,1,1,4,4,4,7,7,7,10,10,10,1,1,4,4,4,18,18,
18,21,21,21,24,24,24,7,7,7,36,36,36,39,39,39,30,30,30,33,33,33],,[1,3,2,4,6,5,
7,9,8,10,12,11,13,14,15,17,16,18,20,19,21,23,22,1,3,2,27,29,28,36,38,37,39,41,
40,30,32,31,33,35,34],,[1,2,3,4,5,6,7,8,9,10,11,12,13,14,15,16,17,18,19,20,21,
22,23,24,25,26,27,28,29,1,2,3,4,5,6,1,2,3,4,5,6]],
[["2^4:a7",[]],,["3.2^4:a7",[-1,-1,-1,-1,-1,-1,-1,-1,-1,-1,-1,-1,-1]]],
[(30,36)(31,37)(32,38)(33,39)(34,40)(35,41),( 2, 3)( 5, 6)( 8, 9)(11,12)
(16,17)(19,20)(22,23)(25,26)(28,29)(31,32)(34,35)(37,38)(40,41)],
function( tbl ) ConstructProj( tbl ); end);
ALF("3.2^4:a7","2^4:a7",[1,1,1,2,2,2,3,3,3,4,4,4,5,6,7,7,7,8,8,8,9,9,9,10,
10,10,11,11,11,12,12,12,13,13,13,14,14,14,15,15,15]);
ALF("3.2^4:a7","3.McL",[1,2,3,4,5,6,4,5,6,11,12,13,10,10,23,24,25,11,12,
13,32,33,34,17,18,19,23,24,25,26,27,28,49,50,51,29,30,31,52,53,54],[
"fusion map is unique up to table automorphisms"
]);

MOT("3.McLM10",
[
"10th maximal subgroup of 3.McL,\n", 
"differs from 3.McLM9 = 3.2^4:a7 only by fusion map"
],
0,
0,
0,
0,
ConstructDirectProduct);
ARC("3.McLM10","factors",[["3.2^4:a7"]]);
ALF("3.McLM10","3.McL",[1,2,3,4,5,6,4,5,6,11,12,13,10,10,23,24,25,11,12,
13,32,33,34,17,18,19,23,24,25,29,30,31,52,53,54,26,27,28,49,50,51],[
"fusion of 3.McLM9, mapped under autom."
]);

MOT("2xA7",
[
"3rd and 4th maximal subgroup of 2.M22"
],
0,
0,
0,
0,
ConstructDirectProduct);
ARC("2xA7","factors",[["A7"],["Cyclic",2]]);
ALF("2xA7","2.M22",[1,2,4,3,5,6,5,6,9,9,10,11,13,12,14,15,16,17],[
"fusion map is unique up to table automorphisms"
]);

MOT("2x(3.A7)",
[
"3rd and 4th maximal subgroup of 6.M22"
],
0,
0,
0,
0,
ConstructDirectProduct);
ARC("2x(3.A7)","factors",[["3.A7"],["Cyclic",2]]);
ALF("2x(3.A7)","6.M22",[1,4,3,6,5,2,10,7,12,9,8,11,13,14,13,14,21,21,23,23,
22,22,24,27,26,29,28,25,33,30,35,32,31,34,36,39,38,41,40,37,42,45,44,47,
46,43],[
"fusion map is unique up to table automorphisms"
]);

MOT("2.(2xA7)",
[
"3rd and 4th maximal subgroup of 4.M22"
],
0,
0,
0,
0,
function( tbl ) ConstructIsoclinic( tbl ); end);
ARC("2.(2xA7)","factors",[["2.A7"],["Cyclic",2]]);
ALF("2.(2xA7)","4.M22",[1,2,3,4,6,5,7,8,9,10,7,8,9,10,13,13,13,
13,14,15,16,17,19,18,20,21,22,23,24,25,26,27],[
"fusion map is unique up to table automorphisms"
]);

MOT("2.(2x3.A7)",
[
"3rd and 4th maximal subgroup of 12.M22"
],
0,
0,
0,
0,
function( tbl ) ConstructIsoclinic( tbl ); end);
ARC("2.(2x3.A7)","factors",[["6.A7"],["Cyclic",2]]);
ALF("2.(2x3.A7)","12.M22",[1,4,3,6,5,8,7,10,9,12,11,2,16,13,18,15,
14,17,19,22,21,20,19,22,21,20,29,29,31,31,30,30,29,29,31,31,30,30,32,35,
34,37,36,39,38,41,40,43,42,33,47,44,49,46,45,48,50,53,52,55,54,57,56,59,
58,61,60,51,62,65,64,67,66,69,68,71,70,73,72,63],[
"fusion map is unique up to table automorphisms"
]);

MOT("3x2^4:s5",
[
"5th maximal subgroup of 3.M22"
],
0,
0,
0,
0,
ConstructDirectProduct);
ARC("3x2^4:s5","factors",[["2^4:s5"],["Cyclic",3]]);
ALF("3x2^4:s5","3.M22",[1,2,3,4,5,6,4,5,6,8,9,10,11,12,13,7,7,7,14,15,16,
4,5,6,8,9,10,11,12,13,26,27,28,17,18,19],[
"fusion map is unique up to table automorphisms"
]);

MOT("4.M22M5",
[
"5th maximal subgroup of 4.M22,\n",
"constructed by Stefan Irnich using GAP"
],
[7680,7680,7680,7680,256,256,64,64,64,64,16,24,24,24,24,20,20,20,20,96,96,32,
32,16,16,32,32,32,32,24,24,24,24],
[,[1,3,1,3,1,3,1,3,5,5,6,12,14,12,14,16,18,16,18,1,3,5,5,8,8,9,9,9,9,12,14,12,
14],[1,4,3,2,5,6,7,8,9,10,11,1,4,3,2,16,19,18,17,20,21,22,23,24,25,27,26,29,
28,20,21,20,21],,[1,2,3,4,5,6,7,8,9,10,11,12,13,14,15,1,2,3,4,20,21,22,23,24,
25,28,29,26,27,32,33,30,31]],
[["2^4:s5",[]],["2.M22M5",[]],,["4.M22M5",[-1,-1,-1]]],
[(26,28)(27,29),(24,25),(30,32)(31,33),( 2, 4)(13,15)(17,19)(26,27)(28,29)
(31,33)],
function ( tbl )
    ConstructProj( tbl );
end);
ALF("4.M22M5","2.M22M5",[1,2,1,2,3,4,5,6,7,8,9,10,11,10,11,12,13,12,13,14,
15,16,17,18,19,20,21,20,21,22,23,22,23]);
ALF("4.M22M5","2^4:s5",[1,1,1,1,2,2,3,3,4,4,5,6,6,6,6,7,7,7,7,8,8,9,9,10,
10,11,11,11,11,12,12,12,12]);
ALF("4.M22M5","4.M22",[1,2,3,4,5,6,5,6,11,12,13,7,8,9,10,14,15,16,17,5,6,
11,12,13,13,28,29,30,31,18,19,18,19],[
"fusion map is unique up to table automorphisms"
]);

MOT("3x2.M22M5",
[
"5th maximal subgroup of 6.M22"
],
0,
0,
0,
0,
ConstructDirectProduct);
ARC("3x2.M22M5","factors",[["2.M22M5"],["Cyclic",3]]);
ALF("3x2.M22M5","6.M22",[1,3,5,4,6,2,7,9,11,10,12,8,7,9,11,10,12,8,15,17,
19,18,20,16,21,23,22,13,13,13,14,14,14,24,26,28,27,29,25,7,9,11,10,12,8,
15,17,19,18,20,16,21,23,22,21,23,22,48,50,52,51,53,49,30,32,34,33,35,31],[
"fusion map is unique up to table automorphisms"
]);

MOT("3x4.M22M5",
[
"5th maximal subgroup of 12.M22"
],
0,
0,
0,
0,
ConstructDirectProduct);
ARC("3x4.M22M5","factors",[["4.M22M5"],["Cyclic",3]]);
ALF("3x4.M22M5","12.M22",[1,5,9,4,8,12,7,11,3,10,2,6,13,17,15,16,14,18,13,
17,15,16,14,18,23,27,25,26,24,28,29,30,31,19,19,19,22,22,22,21,21,21,20,
20,20,32,36,40,35,39,43,38,42,34,41,33,37,13,17,15,16,14,18,23,27,25,26,
24,28,29,30,31,29,30,31,77,81,85,80,84,76,83,75,79,74,78,82,44,48,46,47,
45,49,44,48,46,47,45,49],[
"fusion map is unique up to table automorphisms"
]);

MOT("2x2^3:L3(2)",
[
"6th maximal subgroup of 2.M22,\n",
"maximal subgroup of M22.2"
],
0,
0,
0,
[( 5, 7)( 6, 8)(11,13)(12,14),(19,21)(20,22)],
ConstructDirectProduct);
ARC("2x2^3:L3(2)","factors",[["2^3:sl(3,2)"],["Cyclic",2]]);
ARC("2x2^3:L3(2)","projectives",["4.M22M6",[[8,8*E(4),0,0,0,0,0,0,0,0,0,0,0,0,
-1,-E(4),-E(3)+E(3)^2,-E(12)^7+E(12)^11,1,E(4),1,E(4)],
[GALOIS,[1,5]],[8,8*E(4),0,0,0,0,0,0,0,0,0,0,0,0,2,2*E(4),0,0,1,E(4),1,E(4)],[
24,24*E(4),0,0,0,0,0,0,0,0,0,0,0,0,0,0,0,0,E(7)^3+E(7)^5+E(7)^6,
E(28)^3+E(28)^19+E(28)^27,E(7)+E(7)^2+E(7)^4,E(28)^11+E(28)^15+E(28)^23],
[GALOIS,[4,5]]],]);
ALF("2x2^3:L3(2)","2.M22",[1,2,3,4,3,4,4,3,8,7,7,8,9,9,5,6,12,13,14,15,16,
17],[
"fusion map is unique up to table automorphisms"
]);
ALF("2x2^3:L3(2)","M22.2",[1,12,2,12,2,12,2,13,4,15,4,15,5,14,3,16,7,16,8,
20,9,21],[
"fusion map is unique up to table automorphisms"
]);
ALN("2x2^3:L3(2)",["2^3:L3(2)x2"]);

MOT("3x2^3:L3(2)",
[
"6th maximal subgroup of 3.M22"
],
0,
0,
0,
0,
ConstructDirectProduct);
ARC("3x2^3:L3(2)","factors",[["2^3:sl(3,2)"],["Cyclic",3]]);
ALF("3x2^3:L3(2)","3.M22",[1,2,3,4,5,6,4,5,6,4,5,6,8,9,10,8,9,10,11,12,13,
7,7,7,17,18,19,20,21,22,23,24,25],[
"fusion map is unique up to table automorphisms"
]);

MOT("4.M22M6",
[
"6th maximal subgroup of 4.M22"
],
[5376,5376,5376,5376,384,384,64,64,64,64,32,32,16,16,16,16,24,24,24,24,24,24,
24,24,28,28,28,28,28,28,28,28],
[,[1,1,2,2,1,2,1,2,2,1,5,5,7,7,9,9,17,17,18,18,17,17,18,18,25,25,26,26,29,29,
30,30],[1,2,4,3,5,6,7,8,9,10,11,12,13,14,15,16,1,2,4,3,5,5,6,6,29,30,32,31,25,
26,28,27],,,,[1,2,4,3,5,6,7,8,9,10,11,12,13,14,15,16,17,18,20,19,21,22,24,23,
1,2,4,3,1,2,4,3]],
[["2x2^3:L3(2)",[]],["4.M22M6",[]]],
[(25,29)(26,30)(27,31)(28,32),( 2, 4)(18,20)(22,24)(26,28)(30,32),(21,23)
(22,24)],
function( tbl ) ConstructProj( tbl ); end);
ALF("4.M22M6","2x2^3:L3(2)",[1,1,2,2,3,4,5,6,7,8,9,10,11,12,13,14,15,15,16,
16,17,17,18,18,19,19,20,20,21,21,22,22]);
ALF("4.M22M6","4.M22",[1,7,4,10,13,16,13,16,16,13,26,23,23,26,29,29,19,21,
22,20,44,44,47,47,50,56,53,59,62,68,65,71],[
"fusion map is unique up to table automorphisms"
]);

MOT("6x2^3:L3(2)",
[
"6th maximal subgroup of 6.M22"
],
0,
0,
0,
0,
ConstructDirectProduct);
ARC("6x2^3:L3(2)","factors",[["2^3:sl(3,2)"],["Cyclic",6]]);
ALF("6x2^3:L3(2)","6.M22",[1,2,3,4,5,6,7,8,9,10,11,12,7,8,9,10,11,12,10,
11,12,7,8,9,18,19,20,15,16,17,15,16,17,18,19,20,21,22,23,21,22,23,13,14,
13,14,13,14,30,31,32,33,34,35,36,37,38,39,40,41,42,43,44,45,46,47],[
"fusion map is unique up to table automorphisms"
]);

MOT("3x4.M22M6",
[
"6th maximal subgroup of 12.M22"
],
0,
0,
0,
0,
ConstructDirectProduct);
ARC("3x4.M22M6","factors",[["4.M22M6"],["Cyclic",3]]);
ALF("3x4.M22M6","12.M22",[1,5,9,7,11,3,4,8,12,10,2,6,13,17,15,16,14,18,13,
17,15,16,14,18,16,14,18,13,17,15,26,24,28,23,27,25,23,27,25,26,24,28,29,
30,31,29,30,31,19,19,19,21,21,21,22,22,22,20,20,20,44,48,46,44,48,46,47,
45,49,47,45,49,50,54,58,56,60,52,53,57,61,59,51,55,62,66,70,68,72,64,65,
69,73,71,63,67],[
"fusion map is unique up to table automorphisms"
]);

MOT("(4xA6).2_3",
[
"subdirect product of M10 and C8,\n",
"7th maximal subgroup of 4.M22"
],
0,
0,
0,
[(25,29)(26,30)(27,31)(28,32),(21,23)(22,24)(25,27)(26,28)(29,31)(30,32),
( 2, 4)( 6, 8)(10,12)(14,16)(18,20)(21,22)(23,24)(25,26)(27,28)(29,30)
(31,32)],
function( tbl ) ConstructSubdirect(tbl,[["A6.2_3"],["Cyclic",8]],
[1,3,5,7,9,11,13,15,17,19,21,23,25,27,29,31,33,35,37,39,42,44,46,48,50,52,54,
56,58,60,62,64]);end);
ALF("(4xA6).2_3","4.M22",[1,2,3,4,5,6,5,6,7,8,9,10,12,11,12,11,14,15,16,
17,13,13,13,13,28,29,30,31,28,29,30,31],[
"fusion map is unique up to table automorphisms"
]);

MOT("6.M22M7",
[
"subdirect product of 3.A6.2_3 and C4,\n",
"7th maximal subgroup of 6.M22"
],
0,
0,
0,
[(27,28)(29,30)(31,32)(33,34)(35,36)(37,38)(39,40)(41,42)(43,44),(33,39)
(34,40)(35,41)(36,42)(37,43)(38,44),( 3, 5)( 4, 6)( 9,11)(10,12)(17,19)(18,20)
(23,25)(24,26)(29,31)(30,32)(35,37)(36,38)(41,43)(42,44)],
function( tbl ) ConstructSubdirect(tbl,[["3.A6.2_3"],["Cyclic",4]],
[1,3,5,7,9,11,13,15,17,19,21,23,25,27,29,31,33,35,37,39,41,43,45,47,49,51,54,
56,58,60,62,64,66,68,70,72,74,76,78,80,82,84,86,88]);end);
ALF("6.M22M7","(2xA6).2_3",[1,2,1,2,1,2,3,4,3,4,3,4,5,6,7,8,7,8,7,8,9,10,
9,10,9,10,11,12,11,12,11,12,13,14,13,14,13,14,15,16,15,16,15,16]);
ALF("6.M22M7","3.A6.2_3",[1,1,2,2,3,3,4,4,5,5,6,6,7,7,8,8,9,9,10,10,11,11,
12,12,13,13,14,14,15,15,16,16,17,17,18,18,19,19,20,20,21,21,22,22]);
ALF("6.M22M7","6.M22",[1,4,5,2,3,6,7,10,11,8,9,12,13,14,18,15,16,19,20,17,
24,27,28,25,26,29,21,21,22,22,23,23,48,51,52,49,50,53,48,51,52,49,50,53]);

MOT("12.M22M7",
[
"subdirect product of 3.A6.2_3 and C8,\n",
"7th maximal subgroup of 12.M22"
],
0,
0,
0,
[(65,77)(66,78)(67,79)(68,80)(69,81)(70,82)(71,83)(72,84)(73,85)(74,86)(75,87)
(76,88),(53,55)(54,56)(57,59)(58,60)(61,63)(62,64)(65,67)(66,68)(69,71)(70,72)
(73,75)(74,76)(77,79)(78,80)(81,83)(82,84)(85,87)(86,88),( 5, 9)( 6,10)( 7,11)
( 8,12)(17,21)(18,22)(19,23)(20,24)(33,37)(34,38)(35,39)(36,40)(45,49)(46,50)
(47,51)(48,52)(57,61)(58,62)(59,63)(60,64)(69,73)(70,74)(71,75)(72,76)(81,85)
(82,86)(83,87)(84,88),( 2, 4)( 6, 8)(10,12)(14,16)(18,20)(22,24)(26,28)(30,32)
(34,36)(38,40)(42,44)(46,48)(50,52)(53,54)(55,56)(57,58)(59,60)(61,62)(63,64)
(65,66)(67,68)(69,70)(71,72)(73,74)(75,76)(77,78)(79,80)(81,82)(83,84)(85,86)
(87,88)],
function( tbl ) ConstructSubdirect(tbl,[["3.A6.2_3"],["Cyclic",8]],
[1,3,5,7,9,11,13,15,17,19,21,23,25,27,29,31,33,35,37,39,41,43,45,47,49,51,53,
55,57,59,61,63,65,67,69,71,73,75,77,79,81,83,85,87,89,91,93,95,97,99,101,103,
106,108,110,112,114,116,118,120,122,124,126,128,130,132,134,136,138,140,142,
144,146,148,150,152,154,156,158,160,162,164,166,168,170,172,174,176]);end);
ALF("12.M22M7","(4xA6).2_3",[1,2,3,4,1,2,3,4,1,2,3,4,5,6,7,8,5,6,7,8,5,6,
7,8,9,10,11,12,13,14,15,16,13,14,15,16,13,14,15,16,17,18,19,20,17,18,19,
20,17,18,19,20,21,22,23,24,21,22,23,24,21,22,23,24,25,26,27,28,25,26,27,
28,25,26,27,28,29,30,31,32,29,30,31,32,29,30,31,32]);
ALF("12.M22M7","3.A6.2_3",[1,1,1,1,2,2,2,2,3,3,3,3,4,4,4,4,5,5,5,5,6,6,6,
6,7,7,7,7,8,8,8,8,9,9,9,9,10,10,10,10,11,11,11,11,12,12,12,12,13,13,13,13,
14,14,14,14,15,15,15,15,16,16,16,16,17,17,17,17,18,18,18,18,19,19,19,19,
20,20,20,20,21,21,21,21,22,22,22,22]);
ALF("12.M22M7","12.M22",[1,10,7,4,5,2,11,8,9,6,3,12,13,16,13,16,17,14,17,
14,15,18,15,18,19,20,21,22,26,23,26,23,24,27,24,27,28,25,28,25,32,41,38,
35,36,33,42,39,40,37,34,43,29,29,29,29,30,30,30,30,31,31,31,31,74,83,80,
77,78,75,84,81,82,79,76,85,74,83,80,77,78,75,84,81,82,79,76,85]);

MOT("2xL2(11)",
[
"8th maximal subgroup of 2.M22"
],
0,
0,
0,
0,
ConstructDirectProduct);
ARC("2xL2(11)","factors",[["L2(11)"],["Cyclic",2]]);
ALF("2xL2(11)","2.M22",[1,2,4,3,5,6,10,11,10,11,13,12,20,21,22,23],[
"fusion map is unique up to table automorphisms"
]);

MOT("3xL2(11)",
[
"8th maximal subgroup of 3.M22"
],
0,
0,
0,
0,
ConstructDirectProduct);
ARC("3xL2(11)","factors",[["L2(11)"],["Cyclic",3]]);
ALF("3xL2(11)","3.M22",[1,2,3,4,5,6,7,7,7,14,15,16,14,15,16,17,18,19,29,
30,31,32,33,34],[
"fusion map is unique up to table automorphisms"
]);

MOT("2.(2xL2(11))",
[
"8th maximal subgroup of 4.M22"
],
0,
0,
0,
0,
function( tbl ) ConstructIsoclinic( tbl ); end);
ARC("2.(2xL2(11))","factors",[["2.L2(11)"],["Cyclic",2]]);
ALF("2.(2xL2(11))","4.M22",[1,2,3,4,6,5,7,8,9,10,14,15,16,17,14,15,16,17,
19,18,19,18,32,33,34,35,36,37,38,39],[
"fusion map is unique up to table automorphisms"
]);

MOT("6xL2(11)",
[
"8th maximal subgroup of 6.M22"
],
0,
0,
0,
0,
ConstructDirectProduct);
ARC("6xL2(11)","factors",[["L2(11)"],["Cyclic",6]]);
ALF("6xL2(11)","6.M22",[1,2,3,4,5,6,10,11,12,7,8,9,13,14,13,14,13,14,24,
25,26,27,28,29,24,25,26,27,28,29,33,34,35,30,31,32,54,55,56,57,58,59,60,
61,62,63,64,65],[
"fusion map is unique up to table automorphisms"
]);

MOT("3x2.(2xL2(11))",
[
"8th maximal subgroup of 12.M22"
],
0,
0,
0,
0,
ConstructDirectProduct);
ARC("3x2.(2xL2(11))","factors",[["2.(2xL2(11))"],["Cyclic",3]]);
ALF("3x2.(2xL2(11))","12.M22",[1,5,9,4,8,12,7,11,3,10,2,6,16,14,18,13,17,
15,19,19,19,22,22,22,21,21,21,20,20,20,32,36,40,35,39,43,38,42,34,41,33,
37,32,36,40,35,39,43,38,42,34,41,33,37,47,45,49,44,48,46,47,45,49,44,48,
46,86,90,94,89,93,97,92,96,88,95,87,91,98,102,106,101,105,109,104,108,100,
107,99,103],[
"fusion map is unique up to table automorphisms"
]);

MOT("McLM10",
[
"10th maximal subgroup of McL,\n", 
"differs from McLM9 = 2^4:a7 only by fusion map"
],
0,
0,
0,
0,
ConstructDirectProduct);
ARC("McLM10","factors",[["2^4:a7"]]);
ALF("McLM10","McL",[1,2,2,5,4,4,9,5,12,7,9,11,20,10,19],[
"fusion of McLM9, mapped under autom."
]);

MOT("2^4:a8",
[
"origin: CAS library,\n",
"names:= 2^4:a8\n",
" order: 322,560 = 2^10 . 3^2 . 5 . 7\n",
" number of classes: 25\n",
"source: todd,j.a.\n",
"        a representation of the mathieu-group m24\n",
"        as a collineation group\n",
"        ann.mat.pura appl [4] 71\n",
"        (1966),199-238\n",
" comments: 2^4:a8 is maximal subgroup of m24\n",
" test: orth.1, min, sym(3)         \n",
"tests: 1.o.r., pow[2,3,5,7]"
],
[322560,21504,1536,512,384,128,180,72,24,384,64,64,32,16,16,15,12,12,12,14,14,
14,14,15,15],
[,[1,1,1,1,1,2,7,8,8,2,3,3,4,5,6,16,7,8,9,20,20,22,22,24,25],[1,2,3,4,5,6,1,1,
2,10,11,12,13,14,15,16,5,3,10,22,23,20,21,16,16],,[1,2,3,4,5,6,7,8,9,10,11,12,
13,14,15,1,17,18,19,22,23,20,21,7,7],,[1,2,3,4,5,6,7,8,9,10,11,12,13,14,15,16,
17,18,19,1,2,1,2,25,24]],
[[1,1,1,1,1,1,1,1,1,1,1,1,1,1,1,1,1,1,1,1,1,1,1,1,1],[7,7,-1,-1,3,3,4,1,1,-1,
-1,-1,-1,1,1,2,0,-1,-1,0,0,0,0,-1,-1],[14,14,6,6,2,2,-1,2,2,6,2,2,2,0,0,-1,-1,
0,0,0,0,0,0,-1,-1],[20,20,4,4,4,4,5,-1,-1,4,0,0,0,0,0,0,1,1,1,-1,-1,-1,-1,0,
0],[21,21,-3,-3,1,1,6,0,0,-3,1,1,1,-1,-1,1,-2,0,0,0,0,0,0,1,1],[21,21,-3,-3,1,
1,-3,0,0,-3,1,1,1,-1,-1,1,1,0,0,0,0,0,0,-E(15)^7-E(15)^11-E(15)^13-E(15)^14,
-E(15)-E(15)^2-E(15)^4-E(15)^8],
[GALOIS,[6,7]],[28,28,-4,-4,4,4,1,1,1,-4,0,0,0,0,0,-2,1,-1,-1,0,0,0,0,1,1],[
35,35,3,3,-5,-5,5,2,2,3,-1,-1,-1,-1,-1,0,1,0,0,0,0,0,0,0,0],[45,45,-3,-3,-3,
-3,0,0,0,-3,1,1,1,1,1,0,0,0,0,E(7)+E(7)^2+E(7)^4,E(7)+E(7)^2+E(7)^4,
E(7)^3+E(7)^5+E(7)^6,E(7)^3+E(7)^5+E(7)^6,0,0],
[GALOIS,[10,3]],[56,56,8,8,0,0,-4,-1,-1,8,0,0,0,0,0,1,0,-1,-1,0,0,0,0,1,1],[
64,64,0,0,0,0,4,-2,-2,0,0,0,0,0,0,-1,0,0,0,1,1,1,1,-1,-1],[70,70,-2,-2,2,2,-5,
1,1,-2,-2,-2,-2,0,0,0,-1,1,1,0,0,0,0,0,0],[15,-1,7,-1,3,-1,0,3,-1,-1,3,-1,-1,
1,-1,0,0,1,-1,1,-1,1,-1,0,0],[45,-3,-3,5,-3,1,0,0,0,-3,1,-3,1,1,-1,0,0,0,0,
E(7)+E(7)^2+E(7)^4,-E(7)-E(7)^2-E(7)^4,E(7)^3+E(7)^5+E(7)^6,
-E(7)^3-E(7)^5-E(7)^6,0,0],
[GALOIS,[16,3]],[90,-6,18,2,6,-2,0,0,0,-6,2,2,-2,0,0,0,0,0,0,-1,1,-1,1,0,0],[
105,-7,17,-7,-3,1,0,3,-1,1,1,-3,1,-1,1,0,0,-1,1,0,0,0,0,0,0],[105,-7,1,9,-3,1,
0,3,-1,-7,-3,1,1,-1,1,0,0,1,-1,0,0,0,0,0,0],[105,-7,-7,1,9,-3,0,3,-1,1,-3,1,1,
1,-1,0,0,-1,1,0,0,0,0,0,0],[120,-8,8,8,0,0,0,-3,1,-8,0,0,0,0,0,0,0,-1,1,1,-1,
1,-1,0,0],[210,-14,10,-6,6,-2,0,-3,1,2,-2,-2,2,0,0,0,0,1,-1,0,0,0,0,0,0],[315,
-21,3,-5,-9,3,0,0,0,3,-1,3,-1,1,-1,0,0,0,0,0,0,0,0,0,0],[315,-21,-21,3,3,-1,0,
0,0,3,3,-1,-1,-1,1,0,0,0,0,0,0,0,0,0,0]],
[(24,25),(20,22)(21,23)]);
ALF("2^4:a8","M24",[1,2,2,3,2,7,4,4,10,6,7,6,8,7,14,9,10,10,17,12,19,13,
20,21,22],[
"fusion is unique up to table automorphisms,\n",
"the representative is equal to the fusion map on the CAS table"
]);

MOT("2^6:(psl(3,2)xs3)",
[
"origin: CAS library,\n",
"names:= 2^6:[psl(3,2]xs3)\n",
" order: 64,512 = 2^10 . 3^2 . 7\n",
" number of classes: 33\n",
" source/origin: pahlings,h.\n",
" comments: 2^6:(psl(3,2)xs3) is maximal subgroup of m24\n",
" test: orth.1, min, sym(3)         \n",
"tests: 1.o.r., pow[2,3,7]"
],
[64512,3072,1536,256,768,128,128,72,24,504,36,12,32,96,24,42,42,12,21,21,2688,
384,128,64,32,128,32,32,16,12,12,14,14],
[,[1,1,1,1,1,2,2,8,8,10,11,11,4,5,10,16,17,15,19,20,1,2,1,2,3,2,5,4,6,8,9,16,
17],[1,2,3,4,5,6,7,1,2,1,1,3,13,14,5,17,16,14,17,16,21,22,23,24,25,26,27,28,
29,21,22,33,32],,,,[1,2,3,4,5,6,7,8,9,10,11,12,13,14,15,1,1,18,10,10,21,22,23,
24,25,26,27,28,29,30,31,21,21]],
[[1,1,1,1,1,1,1,1,1,1,1,1,1,1,1,1,1,1,1,1,1,1,1,1,1,1,1,1,1,1,1,1,1],[1,1,1,1,
1,1,1,1,1,1,1,1,1,1,1,1,1,1,1,1,-1,-1,-1,-1,-1,-1,-1,-1,-1,-1,-1,-1,-1],[2,2,
2,2,2,2,2,2,2,-1,-1,-1,2,2,-1,2,2,-1,-1,-1,0,0,0,0,0,0,0,0,0,0,0,0,0],[3,3,3,
-1,-1,-1,-1,0,0,3,0,0,1,1,-1,E(7)+E(7)^2+E(7)^4,E(7)^3+E(7)^5+E(7)^6,1,
E(7)+E(7)^2+E(7)^4,E(7)^3+E(7)^5+E(7)^6,3,3,-1,-1,-1,-1,1,1,1,0,0,
E(7)+E(7)^2+E(7)^4,E(7)^3+E(7)^5+E(7)^6],
[GALOIS,[4,3]],
[TENSOR,[4,2]],
[TENSOR,[5,2]],[6,6,6,2,2,2,2,0,0,6,0,0,0,0,2,-1,-1,0,-1,-1,6,6,2,2,2,2,0,0,0,
0,0,-1,-1],
[TENSOR,[8,2]],[6,6,6,-2,-2,-2,-2,0,0,-3,0,0,2,2,1,2*E(7)+2*E(7)^2+2*E(7)^4,
2*E(7)^3+2*E(7)^5+2*E(7)^6,-1,-E(7)-E(7)^2-E(7)^4,-E(7)^3-E(7)^5-E(7)^6,0,0,0,
0,0,0,0,0,0,0,0,0,0],
[GALOIS,[10,3]],[7,7,7,-1,-1,-1,-1,1,1,7,1,1,-1,-1,-1,0,0,-1,0,0,7,7,-1,-1,-1,
-1,-1,-1,-1,1,1,0,0],
[TENSOR,[12,2]],[8,8,8,0,0,0,0,-1,-1,8,-1,-1,0,0,0,1,1,0,1,1,8,8,0,0,0,0,0,0,
0,-1,-1,1,1],
[TENSOR,[14,2]],[12,12,12,4,4,4,4,0,0,-6,0,0,0,0,-2,-2,-2,0,1,1,0,0,0,0,0,0,0,
0,0,0,0,0,0],[14,14,14,-2,-2,-2,-2,2,2,-7,-1,-1,-2,-2,1,0,0,1,0,0,0,0,0,0,0,0,
0,0,0,0,0,0,0],[16,16,16,0,0,0,0,-2,-2,-8,1,1,0,0,0,2,2,0,-1,-1,0,0,0,0,0,0,0,
0,0,0,0,0,0],[21,5,-3,5,-3,1,-3,3,-1,0,0,0,1,-3,0,0,0,0,0,0,7,-1,-1,3,-1,-1,
-1,-1,1,1,-1,0,0],
[TENSOR,[19,2]],[21,5,-3,1,9,-3,1,3,-1,0,0,0,-1,3,0,0,0,0,0,0,7,-1,3,-1,-1,3,
1,1,-1,1,-1,0,0],
[TENSOR,[21,2]],[42,10,-6,6,6,-2,-2,-3,1,0,0,0,0,0,0,0,0,0,0,0,14,-2,2,2,-2,2,
0,0,0,-1,1,0,0],
[TENSOR,[23,2]],[42,-6,2,-2,6,2,-2,0,0,0,3,-1,0,0,0,0,0,0,0,0,0,0,4,0,0,-4,2,
-2,0,0,0,0,0],
[TENSOR,[25,2]],[63,15,-9,-1,-9,3,-1,0,0,0,0,0,-1,3,0,0,0,0,0,0,21,-3,-3,1,1,
-3,1,1,-1,0,0,0,0],
[TENSOR,[27,2]],[63,15,-9,-5,3,-1,3,0,0,0,0,0,1,-3,0,0,0,0,0,0,21,-3,1,-3,1,1,
-1,-1,1,0,0,0,0],
[TENSOR,[29,2]],[84,-12,4,-4,12,4,-4,0,0,0,-3,1,0,0,0,0,0,0,0,0,0,0,0,0,0,0,0,
0,0,0,0,0,0],[126,-18,6,2,-6,-2,2,0,0,0,0,0,0,0,0,0,0,0,0,0,0,0,4,0,0,-4,-2,2,
0,0,0,0,0],
[TENSOR,[32,2]]],
[(16,17)(19,20)(32,33)]);
ALF("2^6:(psl(3,2)xs3)","M24",[1,2,3,2,3,7,6,4,10,5,5,11,7,8,11,12,13,18,
23,24,2,6,3,7,8,6,8,6,14,10,17,19,20],[
"fusion is unique up to table automorphisms,\n",
"the representative is equal to the fusion map on the CAS table"
]);
ALN("2^6:(psl(3,2)xs3)",["2^6:(psl(3,2)x"]);

MOT("2^6:3.s6",
[
"origin: CAS library,\n",
"names:= 2^6:3.s6\n",
"order: 138,240 = 2^10 . 3^3 . 5\n",
"number of classes: 33\n",
"source/origin: pahlings,h.\n",
"comments: 2^6:3.s6 is maximal subgroup of m24 and he\n",
"test: orth.1, min, sym[3]         \n",
"tests: 1.o.r., pow[2,3,5]"
],
[138240,3072,7680,1080,768,256,24,128,128,72,24,72,24,12,32,96,60,20,15,15,
384,384,64,384,128,96,16,32,32,12,12,12,12],
[,[1,1,1,4,1,1,4,2,2,10,10,12,12,7,6,5,17,17,19,20,1,2,2,1,2,3,8,5,6,10,11,12,
13],[1,2,3,1,5,6,5,8,9,1,2,1,3,16,15,16,17,18,17,17,21,22,23,24,25,26,27,28,
29,21,22,24,26],,[1,2,3,4,5,6,7,8,9,10,11,12,13,14,15,16,1,3,4,4,21,22,23,24,
25,26,27,28,29,30,31,32,33]],
[[1,1,1,1,1,1,1,1,1,1,1,1,1,1,1,1,1,1,1,1,1,1,1,1,1,1,1,1,1,1,1,1,1],[1,1,1,1,
1,1,1,1,1,1,1,1,1,1,1,1,1,1,1,1,-1,-1,-1,-1,-1,-1,-1,-1,-1,-1,-1,-1,-1],[5,5,
5,5,1,1,1,1,1,2,2,-1,-1,-1,-1,-1,0,0,0,0,3,3,3,-1,-1,-1,1,1,1,0,0,-1,-1],
[TENSOR,[3,2]],[5,5,5,5,1,1,1,1,1,-1,-1,2,2,-1,-1,-1,0,0,0,0,1,1,1,-3,-3,-3,
-1,-1,-1,1,1,0,0],
[TENSOR,[5,2]],[9,9,9,9,1,1,1,1,1,0,0,0,0,1,1,1,-1,-1,-1,-1,-3,-3,-3,-3,-3,-3,
1,1,1,0,0,0,0],
[TENSOR,[7,2]],[10,10,10,10,-2,-2,-2,-2,-2,1,1,1,1,0,0,0,0,0,0,0,-2,-2,-2,2,2,
2,0,0,0,1,1,-1,-1],
[TENSOR,[9,2]],[16,16,16,16,0,0,0,0,0,-2,-2,-2,-2,0,0,0,1,1,1,1,0,0,0,0,0,0,0,
0,0,0,0,0,0],[6,6,6,-3,-2,-2,1,-2,-2,0,0,0,0,-1,2,2,1,1,-E(15)^7-E(15)^11
 -E(15)^13-E(15)^14,-E(15)-E(15)^2-E(15)^4-E(15)^8,0,0,0,0,0,0,0,0,0,0,0,0,0],
[GALOIS,[12,7]],[12,12,12,-6,4,4,-2,4,4,0,0,0,0,0,0,0,2,2,-1,-1,0,0,0,0,0,0,0,
0,0,0,0,0,0],[18,18,18,-9,2,2,-1,2,2,0,0,0,0,-1,2,2,-2,-2,1,1,0,0,0,0,0,0,0,0,
0,0,0,0,0],[30,30,30,-15,-2,-2,1,-2,-2,0,0,0,0,1,-2,-2,0,0,0,0,0,0,0,0,0,0,0,
0,0,0,0,0,0],[18,2,-6,0,6,-2,0,2,-2,3,-1,0,0,0,0,0,3,-1,0,0,4,-4,0,0,0,0,0,2,
-2,1,-1,0,0],
[TENSOR,[17,2]],[45,-3,5,0,-3,5,0,1,-3,0,0,3,-1,0,1,-3,0,0,0,0,-3,-3,1,5,-3,1,
-1,1,1,0,0,-1,1],
[TENSOR,[19,2]],[45,-3,5,0,9,1,0,-3,1,0,0,3,-1,0,-1,3,0,0,0,0,3,3,-1,7,-1,-1,
-1,1,1,0,0,1,-1],
[TENSOR,[21,2]],[72,8,-24,0,0,0,0,0,0,3,-1,0,0,0,0,0,-3,1,0,0,-8,8,0,0,0,0,0,
0,0,1,-1,0,0],
[TENSOR,[23,2]],[90,10,-30,0,6,-2,0,2,-2,-3,1,0,0,0,0,0,0,0,0,0,4,-4,0,0,0,0,
0,-2,2,1,-1,0,0],
[TENSOR,[25,2]],[90,-6,10,0,6,6,0,-2,-2,0,0,-3,1,0,0,0,0,0,0,0,6,6,-2,2,2,-2,
0,0,0,0,0,-1,1],
[TENSOR,[27,2]],[108,12,-36,0,-12,4,0,-4,4,0,0,0,0,0,0,0,3,-1,0,0,0,0,0,0,0,0,
0,0,0,0,0,0,0],[135,-9,15,0,3,-5,0,-1,3,0,0,0,0,0,1,-3,0,0,0,0,3,3,-1,-9,-1,3,
-1,1,1,0,0,0,0],
[TENSOR,[30,2]],[135,-9,15,0,-9,-1,0,3,-1,0,0,0,0,0,-1,3,0,0,0,0,3,3,-1,3,-5,
3,1,-1,-1,0,0,0,0],
[TENSOR,[32,2]]],
[(19,20)]);
ALF("2^6:3.s6","M24",[1,2,3,4,2,3,10,7,6,4,10,5,11,17,8,6,9,15,21,22,2,6,
7,3,6,8,14,7,8,10,17,11,18],[
"fusion is unique up to table automorphisms,\n",
"the representative is equal to the fusion map on the CAS table"
]);
ALF("2^6:3.s6","He",[1,3,2,4,2,3,10,8,7,5,11,4,10,19,8,6,9,18,25,25,3,7,8,
2,7,6,17,6,7,11,20,10,19],[
"fusion is unique, the map on the CAS table is wrong"
]);

MOT("2xS5",
[
"origin: CAS library, tests: 1.o.r., pow[2,3,5]"
],
[240,16,12,10,24,8,12,240,16,12,10,24,8,12],
[,[1,1,3,4,1,2,3,1,1,3,4,1,2,3],[1,2,1,4,5,6,5,8,9,8,11,12,13,12],,[1,2,3,1,5,
6,7,8,9,10,8,12,13,14]],
[[1,1,1,1,1,1,1,1,1,1,1,1,1,1],[1,1,1,1,-1,-1,-1,1,1,1,1,-1,-1,-1],[4,0,1,-1,
2,0,-1,4,0,1,-1,2,0,-1],
[TENSOR,[3,2]],[5,1,-1,0,1,-1,1,5,1,-1,0,1,-1,1],
[TENSOR,[5,2]],[6,-2,0,1,0,0,0,6,-2,0,1,0,0,0],[1,1,1,1,1,1,1,-1,-1,-1,-1,-1,
-1,-1],
[TENSOR,[2,8]],
[TENSOR,[3,8]],
[TENSOR,[3,9]],
[TENSOR,[5,8]],
[TENSOR,[5,9]],
[TENSOR,[7,8]]],
[( 5,12)( 6,13)( 7,14)]);
ARC("2xS5","CAS",[rec(name:="2xs5",
permchars:=(),
permclasses:=(),
text:=Concatenation(
"names:=           2xs5\n",
" order:             2^4.3.5 = 240\n",
" number of classes: 14\n",
" source/origin:     generated by cas-algorithms, aachen\n",
" comments:          2xs5 is maximal subgroup of m12\n",
" test:              orth.1, min, sym[3]             \n",
""))]);
ALF("2xS5","M12",[1,3,5,8,2,6,9,2,2,9,13,2,7,9],[
"fusion is unique up to table automorphisms,\n",
"the representative is equal to the fusion map on the CAS table"
]);

MOT("3^2.2.S4",
[
"origin: CAS library, tests: 1.o.r., pow[2,3]"
],
[432,54,48,8,18,9,6,12,6,8,8],
[,[1,2,1,3,5,6,5,1,2,4,4],[1,1,3,4,1,1,3,8,8,10,11]],
[[1,1,1,1,1,1,1,1,1,1,1],[1,1,1,1,1,1,1,-1,-1,-1,-1],[2,2,2,2,-1,-1,-1,0,0,0,
0],[3,3,3,-1,0,0,0,1,1,-1,-1],
[TENSOR,[4,2]],[2,2,-2,0,-1,-1,1,0,0,E(8)+E(8)^3,-E(8)-E(8)^3],
[TENSOR,[6,2]],[4,4,-4,0,1,1,-1,0,0,0,0],[8,-1,0,0,2,-1,0,2,-1,0,0],
[TENSOR,[9,2]],[16,-2,0,0,-2,1,0,0,0,0,0]],
[(10,11)]);
ARC("3^2.2.S4","CAS",[rec(name:="3^2.2.s4",
permchars:=(),
permclasses:=(),
text:=Concatenation(
"names:=           3^2.2.s4,  m9.s3,  3^2.gl[2,3]\n",
" order:             2^4.3^3 = 432\n",
" number of classes: 11\n",
" source/origin:     pahlings,h.\n",
" comments:          3^2.2.s4 is maximal subgroup of m12\n",
" test:              orth.1, min, sym(3)             \n",
"")),rec(name:="m12hut",
permchars:=(4,7)(5,6),
permclasses:=(2,4,7,9,8,3),
text:="")]);
ALF("3^2.2.S4","M12",[1,4,3,7,4,5,10,3,10,12,12],[
"fusion is unique up to table automorphisms,\n",
"the representative is equal to the fusion map on the CAS table"
]);
ALN("3^2.2.S4",["M9:S3","m12hut"]);

MOT("4^2:D12",
[
"origin: CAS library, tests: 1.o.r., pow[2,3]"
],
[192,64,32,32,6,48,16,6,16,16,16,16,8,8],
[,[1,1,2,2,5,1,1,5,1,1,2,2,4,3],[1,2,3,4,1,6,7,6,9,10,11,12,13,14]],
[[1,1,1,1,1,1,1,1,1,1,1,1,1,1],[1,1,1,1,1,1,1,1,-1,-1,-1,-1,-1,-1],[1,1,1,1,1,
-1,-1,-1,1,-1,1,-1,1,-1],
[TENSOR,[2,3]],[2,2,2,2,-1,2,2,-1,0,0,0,0,0,0],
[TENSOR,[5,3]],[3,3,-1,-1,0,3,-1,0,1,1,1,1,-1,-1],
[TENSOR,[7,2]],
[TENSOR,[7,3]],
[TENSOR,[7,4]],[6,-2,2,-2,0,0,0,0,2,0,-2,0,0,0],
[TENSOR,[11,2]],[6,-2,-2,2,0,0,0,0,0,2,0,-2,0,0],
[TENSOR,[13,2]]],
[( 3, 4)( 9,10)(11,12)(13,14)]);
ARC("4^2:D12","CAS",[rec(name:="2^2+3.s3",
permchars:=(),
permclasses:=(),
text:=Concatenation(
" names:             2^2+3.s3\n",
" order:             2^6.3 = 192\n",
" number of classes: 14\n",
" source/origin:     pahlings,h.\n",
" comments:          2^2+3.s3 is maximal subgroup of m12\n",
" test:              orth.1, min, sym[3]             \n",
""))]);
ALF("4^2:D12","4^2:D12.2",[1,2,3,3,6,4,5,7,8,8,9,9,10,10],[
"fusion map is unique"
]);
ALF("4^2:D12","M12",[1,3,6,7,5,2,3,9,2,2,6,7,12,11],[
"fusion is unique up to table automorphisms,\n",
"the representative is equal to the fusion map on the CAS table"
]);
ALN("4^2:D12",["2^2+3.s3"]);

MOT("4^2:D12.2",
[
"origin: Dixon's Algorithm,\n",
"10th maximal subgroup of M12.2,\n",
"table is sorted w.r. to normal series\n",
"2^2<4^2<4^2.2<4^2.S3<4^2.D12<4^2.D12.2"
],
[384,128,32,96,32,12,12,16,16,8,48,16,8,8,12,12],
[,[1,1,2,1,1,6,6,1,2,3,1,2,5,4,6,6],[1,2,3,4,5,1,4,8,9,10,11,12,13,14,11,
11],,[1,2,3,4,5,6,7,8,9,10,11,12,13,14,16,15]],
[[1,1,1,1,1,1,1,1,1,1,1,1,1,1,1,1],[1,1,1,1,1,1,1,1,1,1,-1,-1,-1,-1,-1,-1],[1,
1,1,1,1,1,1,-1,-1,-1,-1,-1,1,1,-1,-1],
[TENSOR,[2,3]],[2,2,2,2,2,-1,-1,0,0,0,-2,-2,0,0,1,1],
[TENSOR,[5,2]],[2,2,2,-2,-2,2,-2,0,0,0,0,0,0,0,0,0],[2,2,2,-2,-2,-1,1,0,0,0,0,
0,0,0,-E(3)+E(3)^2,E(3)-E(3)^2],
[TENSOR,[8,2]],[3,3,-1,3,-1,0,0,-1,-1,1,-3,1,-1,1,0,0],
[TENSOR,[10,4]],
[TENSOR,[10,2]],
[TENSOR,[10,3]],[6,6,-2,-6,2,0,0,0,0,0,0,0,0,0,0,0],[12,-4,0,0,0,0,0,2,-2,0,0,
0,0,0,0,0],
[TENSOR,[15,3]]],
[(15,16)]);
ALF("4^2:D12.2","M12.2",[1,3,6,2,3,5,8,2,6,10,13,14,14,15,16,16],[
"fusion map is unique"
]);

MOT("A4xS3",
[
"origin: CAS library, tests: 1.o.r., pow[2,3]"
],
[72,24,18,18,24,8,6,6,36,12,9,9],
[,[1,1,4,3,1,1,4,3,9,9,12,11],[1,2,1,1,5,6,5,5,1,2,1,1]],
[[1,1,1,1,1,1,1,1,1,1,1,1],[1,1,E(3),E(3)^2,1,1,E(3),E(3)^2,1,1,E(3),E(3)^2],
[TENSOR,[2,2]],[3,-1,0,0,3,-1,0,0,3,-1,0,0],[1,1,1,1,-1,-1,-1,-1,1,1,1,1],
[TENSOR,[2,5]],
[TENSOR,[2,6]],
[TENSOR,[4,5]],[2,2,2,2,0,0,0,0,-1,-1,-1,-1],
[TENSOR,[9,2]],
[TENSOR,[9,3]],[6,-2,0,0,0,0,0,0,-3,1,0,0]],
[( 3, 4)( 7, 8)(11,12)]);
ARC("A4xS3","CAS",[rec(name:="a4xs3",
permchars:=(),
permclasses:=(),
text:=Concatenation(
"names:=           a4xs3\n",
" order:             2^3.3^2 = 72\n",
" number of classes: 12\n",
" source/origin:     generatedhby[cas-algorithms, aachen\n",
" comments:          a4xs3 is maximal subgroup of m12\n",
" test:              orth.1, min, sym(3]             \n",
""))]);
ALF("A4xS3","M12",[1,2,4,4,3,2,10,10,5,9,5,5],[
"fusion is unique, equal to that on the CAS table"
]);

MOT("M12M7",
[
"7th maximal subgroup of M12,\n", 
"differs from M12M6 only by fusion map"
],
0,
0,
0,
0,
ConstructDirectProduct);
ARC("M12M7","factors",[["M12M6"]]);
ALF("M12M7","M12",[1,4,3,6,4,5,10,3,10,11,11],[
"fusion of M12M6, mapped under autom."
]);

MOT("M22.2M5",
[
"origin: Dixon's Algorithm,\n",
"5th maximal subgroup of M22.2,\n",
"table is sorted w.r. to normal series 2^4<2^4.A5<2^4.S5<2^4.(S5x2)"
],
[3840,256,64,64,32,12,10,96,32,16,16,12,640,384,64,64,32,12,10,96,32,16,16,
12],
[,[1,1,1,2,2,6,7,1,2,3,4,6,1,1,1,2,2,6,7,1,2,3,4,6],[1,2,3,4,5,1,7,8,9,10,11,
8,13,14,15,16,17,14,19,20,21,22,23,20],,[1,2,3,4,5,6,1,8,9,10,11,12,13,14,15,
16,17,18,13,20,21,22,23,24]],
[[1,1,1,1,1,1,1,1,1,1,1,1,1,1,1,1,1,1,1,1,1,1,1,1],[1,1,1,1,1,1,1,1,1,1,1,1,
-1,-1,-1,-1,-1,-1,-1,-1,-1,-1,-1,-1],[1,1,1,1,1,1,1,-1,-1,-1,-1,-1,1,1,1,1,1,
1,1,-1,-1,-1,-1,-1],
[TENSOR,[2,3]],[6,6,-2,-2,-2,0,1,0,0,0,0,0,6,6,-2,-2,-2,0,1,0,0,0,0,0],
[TENSOR,[5,2]],[4,4,0,0,0,1,-1,2,2,0,0,-1,4,4,0,0,0,1,-1,2,2,0,0,-1],
[TENSOR,[7,2]],
[TENSOR,[7,3]],
[TENSOR,[7,4]],[5,5,1,1,1,-1,0,1,1,-1,-1,1,5,5,1,1,1,-1,0,1,1,-1,-1,1],
[TENSOR,[11,2]],
[TENSOR,[11,3]],
[TENSOR,[11,4]],[15,-1,-1,3,-1,0,0,3,-1,-1,1,0,-5,3,3,-1,-1,0,0,3,-1,-1,1,0],[
15,-1,3,-1,-1,0,0,3,-1,1,-1,0,-5,3,-1,3,-1,0,0,3,-1,1,-1,0],
[TENSOR,[16,3]],
[TENSOR,[15,3]],
[TENSOR,[15,4]],
[TENSOR,[16,4]],
[TENSOR,[15,2]],
[TENSOR,[16,2]],[30,-2,-2,-2,2,0,0,0,0,0,0,0,-10,6,-2,-2,2,0,0,0,0,0,0,0],
[TENSOR,[23,2]]],
[( 8,20)( 9,21)(10,22)(11,23)(12,24)]);

MOT("M8.S4",
[
"9th maximal subgroup of M12.2,\n",
"origin: CAS library, tests: 1.o.r., pow[2,3]"
],
[192,192,32,16,32,32,6,6,8,8,16,16,8],
[,[1,1,2,1,1,2,7,7,1,3,5,5,6],[1,2,3,4,5,6,1,2,9,10,11,12,13]],
[[1,1,1,1,1,1,1,1,1,1,1,1,1],[1,1,1,1,1,1,1,1,-1,-1,-1,-1,-1],[2,2,2,2,2,2,-1,
-1,0,0,0,0,0],[3,3,3,-1,-1,-1,0,0,1,1,-1,-1,-1],
[TENSOR,[4,2]],[3,3,-1,-1,-1,3,0,0,1,-1,-1,-1,1],
[TENSOR,[6,2]],[3,3,-1,-1,3,-1,0,0,1,-1,1,1,-1],
[TENSOR,[8,2]],[6,6,-2,2,-2,-2,0,0,0,0,0,0,0],[4,-4,0,0,0,0,1,-1,0,0,2,-2,0],
[TENSOR,[11,2]],[8,-8,0,0,0,0,-1,1,0,0,0,0,0]],
[(11,12),( 3, 6)(10,13)]);
ARC("M8.S4","CAS",[rec(name:="q8.s4",
permchars:=(),
permclasses:=(),
text:=Concatenation(
"names:=           q8.s4\n",
"  order:             2^6.3 = 192\n",
"  number of classes: 13\n",
"  source/origin:     pahlings,h.\n",
"  comments:          q8.s4 is maximal subgroup of m12\n",
"  test:              orth.1, min, sym[3]             \n",
"tests: 1.o.r., pow[2,3]\n",
""))]);
ALF("M8.S4","M12",[1,3,6,2,3,7,4,10,3,11,6,7,12],[
"fusion is unique up to table automorphisms,\n",
"the representative is equal to the fusion map on the CAS table"
]);
ALN("M8.S4",["2^{1+4}_+.S3","s2m12","q8.s4"]);

MOT("S4xS3",
[
"maximal subgroup of M12.2"
],
0,
0,
0,
0,
ConstructDirectProduct);
ARC("S4xS3","factors",[["Symmetric",4],["Symmetric",3]]);
ALF("S4xS3","M12.2",[1,3,5,13,13,16,2,2,8,4,9,5,15,15,19],[
"fusion map is unique"
]);

MOT("2xM11",
[
"1st maximal subgroup of 2.M12"
],
0,
0,
0,
0,
ConstructDirectProduct);
ARC("2xM11","factors",[["Cyclic",2],["M11"]]);
ALF("2xM11","2.M12",[1,4,6,11,12,15,19,20,25,23,2,5,7,11,13,16,20,19,26,24],[
"fusion map is unique up to table automorphisms"
]);

MOT("2.M12M2",
[
"2nd maximal subgroup of 2.M12,\n", 
"differs from 2.M12M1 = 2xM11 only by fusion map"
],
0,
0,
0,
0,
ConstructDirectProduct);
ARC("2.M12M2","factors",[["2xM11"]]);
ALF("2.M12M2","2.M12",[1,4,6,10,12,15,17,18,23,25,2,5,7,10,13,16,18,17,24,
26],[
"fusion of 2.M12M1, mapped under autom."
]);

MOT("2.M12M4",
[
"4th maximal subgroup of 2.M12,\n", 
"differs from 2.M12M3 = A6.D8 only by fusion map"
],
0,
0,
0,
0,
ConstructDirectProduct);
ARC("2.M12M4","factors",[["A6.D8"]]);
ALF("2.M12M4","2.M12",[1,2,4,5,6,7,11,11,12,13,4,5,10,15,16,3,19,20,22,21,
11,19,20],[
"fusion of 2.M12M3, mapped under autom."
]);

MOT("2x3^2.2.S4",
[
"6-th maximal subgroup of 2.M12"
],
0,
0,
0,
[(10,11)(21,22),(8,19)(9,20)(10,21)(11,22)],
ConstructDirectProduct);
ARC("2x3^2.2.S4","factors",[["Cyclic",2],["3^2.2.S4"]]);
ALF("2x3^2.2.S4","2.M12",[1,6,4,10,6,8,15,4,15,17,18,2,7,5,10,7,9,16,5,16,18,
17],[
"fusion map is unique up to table automorphisms"
]);

MOT("2.M12M7",
[
"7th maximal subgroup of 2.M12,\n", 
"differs from 2.M12M6 = 2x3^2.2.S4 only by fusion map"
],
0,
0,
0,
0,
ConstructDirectProduct);
ARC("2.M12M7","factors",[["2x3^2.2.S4"]]);
ALF("2.M12M7","2.M12",[1,6,4,11,6,8,15,4,15,19,20,2,7,5,11,7,9,16,5,16,20,
19],[
"fusion of 2.M12M6, mapped under autom."
]);

MOT("2.M12M8",
[
"origin: Dixon's Algorithm,\n",
"8-th maximal subgroup of 2.M12,\n",
"structure is 4Y(2xA5):2"
],
[480,480,32,32,24,24,20,20,24,8,12,240,16,12,20,20,24,8,12],
[,[1,1,1,1,5,5,7,7,2,3,6,2,2,6,8,8,2,3,6],[1,2,3,4,1,2,7,8,9,10,9,12,13,12,15,
16,17,18,17],,[1,2,3,4,5,6,1,2,9,10,11,12,13,14,12,12,17,18,19]],
[[1,1,1,1,1,1,1,1,1,1,1,1,1,1,1,1,1,1,1],[1,1,1,1,1,1,1,1,-1,-1,-1,1,1,1,1,1,
-1,-1,-1],[4,4,0,0,1,1,-1,-1,2,0,-1,4,0,1,-1,-1,2,0,-1],
[TENSOR,[3,2]],[5,5,1,1,-1,-1,0,0,1,-1,1,5,1,-1,0,0,1,-1,1],
[TENSOR,[5,2]],[6,6,-2,-2,0,0,1,1,0,0,0,6,-2,0,1,1,0,0,0],[1,1,1,1,1,1,1,1,1,
1,1,-1,-1,-1,-1,-1,-1,-1,-1],
[TENSOR,[2,8]],
[TENSOR,[3,8]],
[TENSOR,[3,9]],
[TENSOR,[5,8]],
[TENSOR,[5,9]],
[TENSOR,[7,8]],[2,-2,-2,2,2,-2,2,-2,0,0,0,0,0,0,0,0,0,0,0],[6,-6,2,-2,0,0,1,
-1,0,0,0,0,0,0,-E(20)-E(20)^9+E(20)^13+E(20)^17,E(20)+E(20)^9-E(20)^13
 -E(20)^17,0,0,0],
[TENSOR,[16,8]],[8,-8,0,0,2,-2,-2,2,0,0,0,0,0,0,0,0,0,0,0],[10,-10,-2,2,-2,2,
0,0,0,0,0,0,0,0,0,0,0,0,0]],
[(15,16),( 9,17)(10,18)(11,19)]);
ALF("2.M12M8","2.M12",[1,2,4,5,8,9,12,13,3,10,14,3,3,14,21,22,3,11,14]);

MOT("2.M12M9",
[
"origin: Dixon's Algorithm,\n",
"9-th maximal subgroup of 2.M12,\n",
"structure is (2xQ8).S4"
],
[384,384,384,384,32,16,64,64,32,12,12,12,12,16,16,16,16,16,16,16,16],
[,[1,1,1,1,3,2,1,1,3,10,10,10,10,1,1,5,5,8,8,9,9],[1,2,3,4,5,6,7,8,9,1,2,3,4,
14,15,16,17,18,19,20,21],,[1,2,3,4,5,6,7,8,9,10,11,12,13,14,15,17,16,18,19,21,
20],,[1,2,3,4,5,6,7,8,9,10,11,12,13,14,15,17,16,18,19,21,20]],
[[1,1,1,1,1,1,1,1,1,1,1,1,1,1,1,1,1,1,1,1,1],[1,1,1,1,1,1,1,1,1,1,1,1,1,-1,-1,
-1,-1,-1,-1,-1,-1],[2,2,2,2,2,2,2,2,2,-1,-1,-1,-1,0,0,0,0,0,0,0,0],[3,3,3,3,3,
-1,-1,-1,-1,0,0,0,0,1,1,1,1,-1,-1,-1,-1],
[TENSOR,[4,2]],[3,3,3,3,-1,-1,-1,-1,3,0,0,0,0,1,1,-1,-1,-1,-1,1,1],
[TENSOR,[6,2]],[3,3,3,3,-1,-1,3,3,-1,0,0,0,0,1,1,-1,-1,1,1,-1,-1],
[TENSOR,[8,2]],[6,6,6,6,-2,2,-2,-2,-2,0,0,0,0,0,0,0,0,0,0,0,0],[4,4,-4,-4,0,0,
0,0,0,1,1,-1,-1,0,0,0,0,2,-2,0,0],
[TENSOR,[11,2]],[8,8,-8,-8,0,0,0,0,0,-1,-1,1,1,0,0,0,0,0,0,0,0],[2,-2,-2,2,0,
0,-2,2,0,-1,1,1,-1,0,0,-E(8)-E(8)^3,E(8)+E(8)^3,0,0,E(8)+E(8)^3,-E(8)-E(8)^3],
[TENSOR,[14,2]],[4,-4,-4,4,0,0,-4,4,0,1,-1,-1,1,0,0,0,0,0,0,0,0],[4,-4,4,-4,0,
0,0,0,0,1,-1,1,-1,-2,2,0,0,0,0,0,0],
[TENSOR,[17,2]],[6,-6,-6,6,0,0,2,-2,0,0,0,0,0,0,0,E(8)+E(8)^3,-E(8)-E(8)^3,0,
0,E(8)+E(8)^3,-E(8)-E(8)^3],
[TENSOR,[19,2]],[8,-8,8,-8,0,0,0,0,0,-1,1,-1,1,0,0,0,0,0,0,0,0]],
[(18,19),(16,17)(20,21),(14,15),( 5, 9)(16,20)(17,21)]);
ALF("2.M12M9","2.M12",[1,2,4,5,10,3,5,4,11,6,7,15,16,4,5,17,18,10,11,19,20]);

MOT("2.M12M10",
[
"origin: Dixon's Algorithm,\n",
"10-th maximal subgroup of 2.M12"
],
[384,384,128,128,32,32,12,12,48,32,32,12,12,16,16,16,16,16,16,16,16],
[,[1,1,1,1,3,3,8,8,2,1,1,7,7,2,2,3,3,6,6,5,5],[1,2,3,4,5,6,2,1,9,10,11,9,9,14,
15,16,17,18,19,20,21],,[1,2,3,4,5,6,7,8,9,10,11,13,12,14,15,16,17,19,18,21,
20],,[1,2,3,4,5,6,7,8,9,10,11,13,12,14,15,16,17,19,18,21,20],,,,[1,2,3,4,5,6,
7,8,9,10,11,12,13,14,15,16,17,18,19,20,21]],
[[1,1,1,1,1,1,1,1,1,1,1,1,1,1,1,1,1,1,1,1,1],[1,1,1,1,1,1,1,1,1,1,1,1,1,-1,-1,
-1,-1,-1,-1,-1,-1],[1,1,1,1,1,1,1,1,-1,-1,-1,-1,-1,1,-1,1,-1,1,1,-1,-1],
[TENSOR,[2,3]],[2,2,2,2,2,2,-1,-1,2,2,2,-1,-1,0,0,0,0,0,0,0,0],
[TENSOR,[5,3]],[3,3,3,3,-1,-1,0,0,3,-1,-1,0,0,1,1,1,1,-1,-1,-1,-1],
[TENSOR,[7,2]],
[TENSOR,[7,3]],
[TENSOR,[7,4]],[6,6,-2,-2,2,-2,0,0,0,0,0,0,0,2,0,-2,0,0,0,0,0],
[TENSOR,[11,2]],[6,6,-2,-2,-2,2,0,0,0,0,0,0,0,0,2,0,-2,0,0,0,0],
[TENSOR,[13,2]],[4,-4,-4,4,0,0,2,-2,0,0,0,0,0,0,0,0,0,0,0,0,0],[4,-4,-4,4,0,0,
-1,1,0,0,0,E(12)^7-E(12)^11,-E(12)^7+E(12)^11,0,0,0,0,0,0,0,0],
[TENSOR,[16,3]],[6,-6,2,-2,0,0,0,0,0,2,-2,0,0,0,0,0,0,E(8)+E(8)^3,
-E(8)-E(8)^3,E(8)+E(8)^3,-E(8)-E(8)^3],
[TENSOR,[18,3]],
[TENSOR,[18,2]],
[TENSOR,[18,4]]],
[(18,19)(20,21),(12,13),(10,11)(20,21),( 5, 6)(14,15)(16,17)(18,20)(19,21),
(10,11)(18,19)]);
ALF("2.M12M10","2.M12",[1,2,4,5,10,11,9,8,3,4,5,14,14,3,3,10,11,19,20,18,
17]);

MOT("2.A4xS3",
[
"11-th maximal subgroup of 2.M12"
],
0,
0,
0,
[(10,16)(11,17)(12,18)(13,19)(14,20)(15,21),(3,6)(12,15)(18,21)],
ConstructDirectProduct);
ARC("2.A4xS3","factors",[["2.L2(3)"],["Symmetric",3]]);
ALF("2.A4xS3","2.M12",[1,4,8,2,5,9,3,3,14,6,15,8,7,16,9,6,15,8,7,16,9],[
"fusion map is unique up to table automorphisms"
]);

LIBTABLE.LOADSTATUS.ctomaxi1:="userloaded";
ALN:= NotifyCharTableName;

#############################################################################
##
#E  ctomaxi1.tbl. . . . . . . . . . . . . . . . . . . . . . . . . . ends here
