#############################################################################
##
#W  ctomaxi7.tbl                GAP table library               Thomas Breuer
##
#H  @(#)$Id$
##
#Y  Copyright (C)  1997,  Lehrstuhl D fuer Mathematik,  RWTH Aachen,  Germany
##
##  This file contains ordinary character tables of subgroups
##  (which are neither ATLAS tables nor tables of Ostermann) of the
##  Monster group.
##
Revision.ctomaxi7_tbl :=
    "@(#)$Id$";

SET_TABLEFILENAME("ctomaxi7");
ALN:= Ignore;

MOT("3^5.U4(2)",
[
"nonsplit extension of 3^5 with U4(2),\n",
"central quotient of the derived subgroup of the 9A centralizer\n",
"in the Monster,\n",
"constructed by Simon Norton, July 1997"
],
[6298560,87480,78732,69984,1728,864,2592,432,324,216,5832,729,5832,729,324,
162,162,243,243,243,144,144,144,24,12,15,15,15,72,72,36,36,18,36,18,27,27,27,
27,27,27,36,36,36,36,36,36],
[,[1,2,3,4,1,4,1,4,3,2,13,14,11,12,15,16,17,18,19,20,5,6,6,7,10,26,27,28,13,
11,15,15,17,15,16,39,40,41,36,37,38,30,30,30,29,29,29],[1,1,1,1,5,5,7,7,7,7,1,
1,1,1,1,3,1,3,3,3,21,21,21,24,24,26,26,26,5,5,5,5,5,7,9,12,12,12,14,14,14,21,
21,21,21,21,21],,[1,2,3,4,5,6,7,8,9,10,13,14,11,12,15,16,17,18,19,20,21,23,22,
24,25,1,2,2,30,29,32,31,33,34,35,39,40,41,36,37,38,45,46,47,42,43,44]],
[[1,1,1,1,1,1,1,1,1,1,1,1,1,1,1,1,1,1,1,1,1,1,1,1,1,1,1,1,1,1,1,1,1,1,1,1,1,1,
1,1,1,1,1,1,1,1,1],[5,5,5,5,-3,-3,1,1,1,1,E(3)-2*E(3)^2,E(3)-2*E(3)^2,
-2*E(3)+E(3)^2,-2*E(3)+E(3)^2,-1,-1,2,2,2,2,1,1,1,-1,-1,0,0,0,E(3)+2*E(3)^2,
2*E(3)+E(3)^2,E(3)-E(3)^2,-E(3)+E(3)^2,0,1,1,-E(3),-E(3),-E(3),-E(3)^2,
-E(3)^2,-E(3)^2,E(3),E(3),E(3),E(3)^2,E(3)^2,E(3)^2],
[GALOIS,[2,2]],[6,6,6,6,-2,-2,2,2,2,2,-3,-3,-3,-3,3,3,0,0,0,0,2,2,2,0,0,1,1,1,
1,1,1,1,-2,-1,-1,0,0,0,0,0,0,-1,-1,-1,-1,-1,-1],[10,10,10,10,2,2,-2,-2,-2,-2,
5*E(3)+2*E(3)^2,5*E(3)+2*E(3)^2,2*E(3)+5*E(3)^2,2*E(3)+5*E(3)^2,1,1,1,1,1,1,2,
2,2,0,0,0,0,0,E(3)-2*E(3)^2,-2*E(3)+E(3)^2,-1,-1,-1,1,1,E(3)^2,E(3)^2,E(3)^2,
E(3),E(3),E(3),-E(3),-E(3),-E(3),-E(3)^2,-E(3)^2,-E(3)^2],
[GALOIS,[5,2]],[15,15,15,15,-1,-1,-1,-1,-1,-1,6,6,6,6,3,3,0,0,0,0,3,3,3,-1,-1,
0,0,0,2,2,-1,-1,2,-1,-1,0,0,0,0,0,0,0,0,0,0,0,0],[15,15,15,15,7,7,3,3,3,3,-3,
-3,-3,-3,0,0,3,3,3,3,-1,-1,-1,1,1,0,0,0,1,1,-2,-2,1,0,0,0,0,0,0,0,0,-1,-1,-1,
-1,-1,-1],[20,20,20,20,4,4,4,4,4,4,2,2,2,2,5,5,-1,-1,-1,-1,0,0,0,0,0,0,0,0,-2,
-2,1,1,1,1,1,-1,-1,-1,-1,-1,-1,0,0,0,0,0,0],[24,24,24,24,8,8,0,0,0,0,6,6,6,6,
0,0,3,3,3,3,0,0,0,0,0,-1,-1,-1,2,2,2,2,-1,0,0,0,0,0,0,0,0,0,0,0,0,0,0],[30,30,
30,30,-10,-10,2,2,2,2,3,3,3,3,3,3,3,3,3,3,-2,-2,-2,0,0,0,0,0,-1,-1,-1,-1,-1,
-1,-1,0,0,0,0,0,0,1,1,1,1,1,1],[30,30,30,30,6,6,2,2,2,2,6*E(3)-3*E(3)^2,
6*E(3)-3*E(3)^2,-3*E(3)+6*E(3)^2,-3*E(3)+6*E(3)^2,-3,-3,0,0,0,0,2,2,2,0,0,0,0,
0,2*E(3)+E(3)^2,E(3)+2*E(3)^2,-E(3)+E(3)^2,E(3)-E(3)^2,0,-1,-1,0,0,0,0,0,0,
-E(3)^2,-E(3)^2,-E(3)^2,-E(3),-E(3),-E(3)],
[GALOIS,[12,2]],[40,40,40,40,-8,-8,0,0,0,0,2*E(3)+8*E(3)^2,2*E(3)+8*E(3)^2,
8*E(3)+2*E(3)^2,8*E(3)+2*E(3)^2,-2,-2,1,1,1,1,0,0,0,0,0,0,0,0,-2*E(3),
-2*E(3)^2,-2*E(3),-2*E(3)^2,1,0,0,E(3)^2,E(3)^2,E(3)^2,E(3),E(3),E(3),0,0,0,0,
0,0],
[GALOIS,[14,2]],[45,45,45,45,-3,-3,-3,-3,-3,-3,-9*E(3),-9*E(3),-9*E(3)^2,
-9*E(3)^2,0,0,0,0,0,0,1,1,1,1,1,0,0,0,3*E(3),3*E(3)^2,0,0,0,0,0,0,0,0,0,0,0,
E(3),E(3),E(3),E(3)^2,E(3)^2,E(3)^2],
[GALOIS,[16,2]],[60,60,60,60,-4,-4,4,4,4,4,6,6,6,6,-3,-3,-3,-3,-3,-3,0,0,0,0,
0,0,0,0,2,2,-1,-1,-1,1,1,0,0,0,0,0,0,0,0,0,0,0,0],[64,64,64,64,0,0,0,0,0,0,-8,
-8,-8,-8,4,4,-2,-2,-2,-2,0,0,0,0,0,-1,-1,-1,0,0,0,0,0,0,0,1,1,1,1,1,1,0,0,0,0,
0,0],[81,81,81,81,9,9,-3,-3,-3,-3,0,0,0,0,0,0,0,0,0,0,-3,-3,-3,-1,-1,1,1,1,0,
0,0,0,0,0,0,0,0,0,0,0,0,0,0,0,0,0,0],[216,27,-27,0,0,0,-12,0,-3,3,0,0,0,0,0,0,
0,0,0,0,0,0,0,2,-1,1,-E(15)^7-E(15)^11-E(15)^13-E(15)^14,
-E(15)-E(15)^2-E(15)^4-E(15)^8,0,0,0,0,0,0,0,0,0,0,0,0,0,0,0,0,0,0,0],
[GALOIS,[21,7]],[432,54,-54,0,0,0,24,0,6,-6,0,0,0,0,0,0,0,0,0,0,0,0,0,0,0,2,
-1,-1,0,0,0,0,0,0,0,0,0,0,0,0,0,0,0,0,0,0,0],[648,81,-81,0,0,0,12,0,3,-3,0,0,
0,0,0,0,0,0,0,0,0,0,0,2,-1,-2,1,1,0,0,0,0,0,0,0,0,0,0,0,0,0,0,0,0,0,0,0],[
1080,135,-135,0,0,0,-12,0,-3,3,0,0,0,0,0,0,0,0,0,0,0,0,0,-2,1,0,0,0,0,0,0,0,0,
0,0,0,0,0,0,0,0,0,0,0,0,0,0],[80,-10,-1,8,0,0,8,-4,-1,2,8,-1,8,-1,2,-1,2,5,-4,
-4,0,0,0,0,0,0,0,0,0,0,0,0,0,2,-1,2,-1,-1,2,-1,-1,0,0,0,0,0,0],[80,-10,-1,8,0,
0,8,-4,-1,2,8,-1,8,-1,2,-1,2,-4,5,-4,0,0,0,0,0,0,0,0,0,0,0,0,0,2,-1,-1,2,-1,
-1,2,-1,0,0,0,0,0,0],[80,-10,-1,8,0,0,8,-4,-1,2,8,-1,8,-1,2,-1,2,-4,-4,5,0,0,
0,0,0,0,0,0,0,0,0,0,0,2,-1,-1,-1,2,-1,-1,2,0,0,0,0,0,0],[240,-30,-3,24,0,0,-8,
4,1,-2,24,-3,24,-3,6,-3,6,-3,-3,-3,0,0,0,0,0,0,0,0,0,0,0,0,0,-2,1,0,0,0,0,0,0,
0,0,0,0,0,0],[320,-40,-4,32,0,0,0,0,0,0,16*E(3)-8*E(3)^2,-2*E(3)+E(3)^2,
-8*E(3)+16*E(3)^2,E(3)-2*E(3)^2,-4,2,2,5,-4,-4,0,0,0,0,0,0,0,0,0,0,0,0,0,0,0,
2*E(3)^2,-E(3)^2,-E(3)^2,2*E(3),-E(3),-E(3),0,0,0,0,0,0],[320,-40,-4,32,0,0,0,
0,0,0,16*E(3)-8*E(3)^2,-2*E(3)+E(3)^2,-8*E(3)+16*E(3)^2,E(3)-2*E(3)^2,-4,2,2,
-4,5,-4,0,0,0,0,0,0,0,0,0,0,0,0,0,0,0,-E(3)^2,2*E(3)^2,-E(3)^2,-E(3),2*E(3),
-E(3),0,0,0,0,0,0],[320,-40,-4,32,0,0,0,0,0,0,16*E(3)-8*E(3)^2,-2*E(3)+E(3)^2,
-8*E(3)+16*E(3)^2,E(3)-2*E(3)^2,-4,2,2,-4,-4,5,0,0,0,0,0,0,0,0,0,0,0,0,0,0,0,
-E(3)^2,-E(3)^2,2*E(3)^2,-E(3),-E(3),2*E(3),0,0,0,0,0,0],
[GALOIS,[30,2]],
[GALOIS,[31,2]],
[GALOIS,[32,2]],[480,-60,-6,48,0,0,-16,8,2,-4,-24,3,-24,3,6,-3,0,0,0,0,0,0,0,
0,0,0,0,0,0,0,0,0,0,2,-1,0,0,0,0,0,0,0,0,0,0,0,0],[480,-60,-6,48,0,0,16,-8,-2,
4,-24,3,-24,3,6,-3,0,0,0,0,0,0,0,0,0,0,0,0,0,0,0,0,0,-2,1,0,0,0,0,0,0,0,0,0,0,
0,0],[960,-120,-12,96,0,0,0,0,0,0,24,-3,24,-3,0,0,-6,3,3,3,0,0,0,0,0,0,0,0,0,
0,0,0,0,0,0,0,0,0,0,0,0,0,0,0,0,0,0],[270,0,27,-27,6,-3,18,9,-9,0,0,0,0,0,0,0,
0,0,0,0,6,-3,-3,0,0,0,0,0,0,0,0,0,0,0,0,0,0,0,0,0,0,0,0,0,0,0,0],[270,0,27,
-27,6,-3,-6,-3,3,0,0,0,0,0,0,0,0,0,0,0,2,3*E(3)-E(3)^2,-E(3)+3*E(3)^2,0,0,0,0,
0,0,0,0,0,0,0,0,0,0,0,0,0,0,2,2*E(3),2*E(3)^2,2,2*E(3)^2,2*E(3)],[270,0,27,
-27,6,-3,-6,-3,3,0,0,0,0,0,0,0,0,0,0,0,2,3*E(3)-E(3)^2,-E(3)+3*E(3)^2,0,0,0,0,
0,0,0,0,0,0,0,0,0,0,0,0,0,0,2*E(3)^2,2,2*E(3),2*E(3),2,2*E(3)^2],[270,0,27,
-27,6,-3,-6,-3,3,0,0,0,0,0,0,0,0,0,0,0,2,3*E(3)-E(3)^2,-E(3)+3*E(3)^2,0,0,0,0,
0,0,0,0,0,0,0,0,0,0,0,0,0,0,2*E(3),2*E(3)^2,2,2*E(3)^2,2*E(3),2],
[GALOIS,[40,2]],
[GALOIS,[41,2]],
[GALOIS,[42,2]],[810,0,81,-81,18,-9,6,3,-3,0,0,0,0,0,0,0,0,0,0,0,-6,3,3,0,0,0,
0,0,0,0,0,0,0,0,0,0,0,0,0,0,0,0,0,0,0,0,0],[1080,0,108,-108,-24,12,0,0,0,0,0,
0,0,0,0,0,0,0,0,0,0,0,0,0,0,0,0,0,0,0,0,0,0,0,0,0,0,0,0,0,0,0,0,0,0,0,0]],
[(11,13)(12,14)(19,20)(22,23)(29,30)(31,32)(36,39)(37,41)(38,40)(42,45)(43,47)
(44,46),(18,19,20)(36,37,38)(39,40,41)(42,43,44)(45,46,47)]);
ARC("3^5.U4(2)","projectives",["3.3^5.U4(2)",[[27,9,0,0,3,0,7,4,-2,1,0,0,0,0,
3,-3,0,0,0,0,3,0,0,1,1,2,-1,-1,0,0,E(3)-E(3)^2,-E(3)+E(3)^2,0,1,1,0,0,0,0,0,0,
0,0,0,0,0,0],[81,27,0,0,9,0,-3,0,6,3,0,0,0,0,0,0,0,0,0,0,-3,0,0,-1,-1,1,
-E(15)^7-E(15)^11-E(15)^13-E(15)^14,-E(15)-E(15)^2-E(15)^4-E(15)^8,0,0,0,0,0,
0,0,0,0,0,0,0,0,0,0,0,0,0,0],
[GALOIS,[2,7]],[108,36,0,0,12,0,4,4,4,4,0,0,0,0,3,-3,0,0,0,0,0,0,0,0,0,-2,1,1,
0,0,E(3)-E(3)^2,-E(3)+E(3)^2,0,1,1,0,0,0,0,0,0,0,0,0,0,0,0],
[135,45,0,0,15,0,11,8,2,5,0,0,0,0,-3,3,0,0,0,0,3,0,0,1,1,0,0,0,
0,0,-E(3)+E(3)^2,E(3)-E(3)^2,0,-1,-1,0,0,0,0,0,0,0,0,0,0,0,0],
[135,45,0,0,-9,0,7,4,-2,1,0,0,0,0,6,-6,0,0,0,0,3,0,0,-1,-1,0,0,
0,0,0,0,0,0,-2,-2,0,0,0,0,0,0,0,0,0,0,0,0],[135,45,0,0,-9,0,7,4,-2,1,0,0,0,0,
-3,3,0,0,0,0,3,0,0,-1,-1,0,0,0,0,0,3,3,0,1,1,0,0,0,0,0,0,0,0,0,0,0,0],[135,45,
0,0,-9,0,7,4,-2,1,0,0,0,0,-3,3,0,0,0,0,3,0,0,-1,-1,0,0,0,0,0,-3,-3,0,1,1,0,0,
0,0,0,0,0,0,0,0,0,0],[270,90,0,0,6,0,-14,-8,4,-2,0,0,0,0,3,-3,0,0,0,0,6,0,0,0,
0,0,0,0,0,0,-E(3)+E(3)^2,E(3)-E(3)^2,0,1,1,0,0,0,0,0,0,0,0,0,0,0,0],
[270,90,0,0,6,0,10,4,-8,-2,0,0,0,0,3,-3,0,0,0,0,-6,0,0,0,0,0,
0,0,0,0,-E(3)+E(3)^2,E(3)-E(3)^2,0,1,1,0,0,0,0,0,0,0,0,0,0,0,0],
[405,135,0,0,-27,0,-3,0,6,3,0,0,0,0,0,0,0,0,0,0,-3,0,0,1,1,0,
0,0,0,0,0,0,0,0,0,0,0,0,0,0,0,0,0,0,0,0,0],[540,180,0,0,12,0,-4,-4,-4,-4,0,0,
0,0,-3,3,0,0,0,0,0,0,0,0,0,0,0,0,0,0,E(3)-E(3)^2,-E(3)+E(3)^2,0,-1,-1,0,0,0,0,
0,0,0,0,0,0,0,0],
[216,-9,0,0,0,0,20,-4,2,-1,0,0,0,0,6,3,0,0,0,0,0,0,0,2,-1,1,1,
1,0,0,0,0,0,2,-1,0,0,0,0,0,0,0,0,0,0,0,0],[216,-9,0,0,0,0,4,4,4,-5,0,0,0,0,6,
3,0,0,0,0,0,0,0,-2,1,1,1,1,0,0,0,0,0,-2,1,0,0,0,0,0,0,0,0,0,0,0,0],[864,-36,0,
0,0,0,16,-8,-2,4,0,0,0,0,6,3,0,0,0,0,0,0,0,0,0,-1,-1,-1,0,0,0,0,0,-2,1,0,0,0,
0,0,0,0,0,0,0,0,0],[864,-36,0,0,0,0,-16,8,2,-4,0,0,0,0,6,3,0,0,0,0,0,0,0,0,0,
-1,-1,-1,0,0,0,0,0,2,-1,0,0,0,0,0,0,0,0,0,0,0,0],[1080,-45,0,0,0,0,4,4,4,-5,0,
0,0,0,-6,-3,0,0,0,0,0,0,0,2,-1,0,0,0,0,0,0,0,0,-2,1,0,0,0,0,0,0,0,0,0,0,0,0],[
1080,-45,0,0,0,0,20,-4,2,-1,0,0,0,0,-6,-3,0,0,0,0,0,0,0,-2,1,0,0,0,0,0,0,0,0,
2,-1,0,0,0,0,0,0,0,0,0,0,0,0],[1296,-54,0,0,0,0,-24,0,-6,6,0,0,0,0,0,0,0,0,0,
0,0,0,0,0,0,1,1,1,0,0,0,0,0,0,0,0,0,0,0,0,0,0,0,0,0,0,0]],]);
ALF("3^5.U4(2)","U4(2)",[1,1,1,1,2,2,3,3,3,3,4,4,5,5,6,6,7,7,7,7,8,8,8,9,
9,10,10,10,11,12,13,14,15,16,16,17,17,17,18,18,18,19,19,19,20,20,20]);

MOT("3.3^5.U4(2)",
[
"derived subgroup of the 9A centralizer in the Monster,\n",
"constructed by Simon Norton, July 1997"
],
[18895680,18895680,18895680,262440,262440,262440,78732,69984,5184,5184,5184,
864,7776,7776,7776,1296,1296,1296,972,972,972,648,648,648,5832,729,5832,729,
972,972,972,486,486,486,162,243,243,243,432,432,432,144,144,72,72,72,36,36,36,
45,45,45,45,45,45,45,45,45,72,72,108,108,108,108,108,108,18,108,108,108,54,54,
54,27,27,27,27,27,27,36,36,36,36,36,36],
[,[1,3,2,4,6,5,7,8,1,3,2,8,1,3,2,8,8,8,7,7,7,4,6,5,27,28,25,26,29,31,30,32,34,
33,35,36,37,38,9,11,10,12,12,13,15,14,22,24,23,50,52,51,53,55,54,56,58,57,27,
25,29,31,30,29,31,30,35,29,31,30,32,34,33,77,78,79,74,75,76,60,60,60,59,59,
59],[1,1,1,1,1,1,1,1,9,9,9,9,13,13,13,13,13,13,13,13,13,13,13,13,3,3,2,2,1,1,
1,7,7,7,1,7,7,7,39,39,39,39,39,44,44,44,44,44,44,50,50,50,50,50,50,50,50,50,
11,10,9,9,9,9,9,9,9,13,13,13,19,19,19,26,26,26,28,28,28,41,41,41,40,40,40],,[
1,3,2,4,6,5,7,8,9,11,10,12,13,15,14,16,18,17,19,21,20,22,24,23,27,28,25,26,29,
31,30,32,34,33,35,36,37,38,39,41,40,43,42,44,46,45,47,49,48,1,3,2,4,6,5,4,6,5,
60,59,64,66,65,61,63,62,67,68,70,69,71,73,72,77,78,79,74,75,76,83,84,85,80,81,
82]],
[["3^5.U4(2)",[]],,["3.3^5.U4(2)",[-1,-1,-1,-1,-1,-1,-1,-1,-1,-1,-1,-1,-1,-1,
-1,-1,-1,-1,-1,-1,-1,-1,-1,-1,-1]]],
[( 2, 3)( 5, 6)(10,11)(14,15)(17,18)(20,21)(23,24)(25,27)(26,28)(30,31)(33,34)
(37,38)(40,41)(42,43)(45,46)(48,49)(51,52)(54,55)(57,58)(59,60)(61,64)(62,66)
(63,65)(69,70)(72,73)(74,77)(75,79)(76,78)(80,83)(81,85)(82,84),(36,37,38)
(74,75,76)(77,78,79)(80,81,82)(83,84,85)],
ConstructProj);
ALF("3.3^5.U4(2)","3^5.U4(2)",[1,1,1,2,2,2,3,4,5,5,5,6,7,7,7,8,8,8,9,9,9,
10,10,10,11,12,13,14,15,15,15,16,16,16,17,18,19,20,21,21,21,22,23,24,24,
24,25,25,25,26,26,26,27,27,27,28,28,28,29,30,31,31,31,32,32,32,33,34,34,
34,35,35,35,36,37,38,39,40,41,42,43,44,45,46,47]);

MOT("C9Y3.3^5.U4(2)",
[
"9A centralizer in the sporadic simple Monster group M,\n",
"central product of a cyclic group of order 9 with 3.3^5.U4(2),\n",
"constructed by Simon Norton, July 1997"
],
[56687040,56687040,56687040,787320,787320,787320,236196,209952,15552,15552,
15552,2592,23328,23328,23328,3888,3888,3888,2916,2916,2916,1944,1944,1944,
17496,2187,17496,2187,2916,2916,2916,1458,1458,1458,486,729,729,729,1296,1296,
1296,432,432,216,216,216,108,108,108,135,135,135,135,135,135,135,135,135,216,
216,324,324,324,324,324,324,54,324,324,324,162,162,162,81,81,81,81,81,81,108,
108,108,108,108,108,56687040,56687040,56687040,787320,787320,787320,236196,
209952,15552,15552,15552,2592,23328,23328,23328,3888,3888,3888,2916,2916,2916,
1944,1944,1944,17496,2187,17496,2187,2916,2916,2916,1458,1458,1458,486,729,
729,729,1296,1296,1296,432,432,216,216,216,108,108,108,135,135,135,135,135,
135,135,135,135,216,216,324,324,324,324,324,324,54,324,324,324,162,162,162,81,
81,81,81,81,81,108,108,108,108,108,108,56687040,56687040,56687040,787320,
787320,787320,236196,209952,15552,15552,15552,2592,23328,23328,23328,3888,
3888,3888,2916,2916,2916,1944,1944,1944,17496,2187,17496,2187,2916,2916,2916,
1458,1458,1458,486,729,729,729,1296,1296,1296,432,432,216,216,216,108,108,108,
135,135,135,135,135,135,135,135,135,216,216,324,324,324,324,324,324,54,324,
324,324,162,162,162,81,81,81,81,81,81,108,108,108,108,108,108],
[,[1,3,2,4,6,5,7,8,1,3,2,8,1,3,2,8,8,8,7,7,7,4,6,5,27,28,25,26,29,31,30,32,34,
33,35,36,37,38,9,11,10,12,12,13,15,14,22,24,23,50,52,51,53,55,54,56,58,57,27,
25,29,31,30,29,31,30,35,29,31,30,32,34,33,77,78,79,74,75,76,60,60,60,59,59,59,
171,173,172,174,176,175,177,178,171,173,172,178,171,173,172,178,178,178,177,
177,177,174,176,175,197,198,195,196,199,201,200,202,204,203,205,206,207,208,
179,181,180,182,182,183,185,184,192,194,193,220,222,221,223,225,224,226,228,
227,197,195,199,201,200,199,201,200,205,199,201,200,202,204,203,247,248,249,
244,245,246,230,230,230,229,229,229,88,87,86,91,90,89,92,93,88,87,86,93,88,87,
86,93,93,93,92,92,92,91,90,89,112,113,110,111,116,115,114,119,118,117,120,121,
122,123,96,95,94,97,97,100,99,98,109,108,107,137,136,135,140,139,138,143,142,
141,112,110,116,115,114,116,115,114,120,116,115,114,119,118,117,162,163,164,
159,160,161,145,145,145,144,144,144],[1,1,1,1,1,1,1,1,9,9,9,9,13,13,13,13,13,
13,13,13,13,13,13,13,3,3,2,2,1,1,1,7,7,7,1,7,7,7,39,39,39,39,39,44,44,44,44,
44,44,50,50,50,50,50,50,50,50,50,11,10,9,9,9,9,9,9,9,13,13,13,19,19,19,26,26,
26,28,28,28,41,41,41,40,40,40,3,3,3,3,3,3,3,3,11,11,11,11,15,15,15,15,15,15,
15,15,15,15,15,15,2,2,1,1,3,3,3,7,7,7,3,7,7,7,41,41,41,41,41,46,46,46,46,46,
46,52,52,52,52,52,52,52,52,52,10,9,11,11,11,11,11,11,11,15,15,15,21,21,21,26,
26,26,28,28,28,40,40,40,39,39,39,2,2,2,2,2,2,2,2,10,10,10,10,14,14,14,14,14,
14,14,14,14,14,14,14,1,1,3,3,2,2,2,7,7,7,2,7,7,7,40,40,40,40,40,45,45,45,45,
45,45,51,51,51,51,51,51,51,51,51,9,11,10,10,10,10,10,10,10,14,14,14,20,20,20,
26,26,26,28,28,28,39,39,39,41,41,41],,[1,3,2,4,6,5,7,8,9,11,10,12,13,15,14,16,
18,17,19,21,20,22,24,23,27,28,25,26,29,31,30,32,34,33,35,36,37,38,39,41,40,43,
42,44,46,45,47,49,48,1,3,2,4,6,5,4,6,5,60,59,64,66,65,61,63,62,67,68,70,69,71,
73,72,77,78,79,74,75,76,83,84,85,80,81,82,173,172,171,176,175,174,177,178,181,
180,179,182,185,184,183,188,187,186,191,190,189,194,193,192,197,198,195,196,
201,200,199,204,203,202,205,206,207,208,211,210,209,213,212,216,215,214,219,
218,217,173,172,171,176,175,174,176,175,174,230,229,236,235,234,233,232,231,
237,240,239,238,243,242,241,247,248,249,244,245,246,253,254,255,250,251,252,
86,88,87,89,91,90,92,93,94,96,95,97,98,100,99,101,103,102,104,106,105,107,
109,108,112,113,110,111,114,116,115,117,119,118,120,121,122,123,124,126,125,
128,127,129,131,130,132,134,133,86,88,87,89,91,90,89,91,90,145,144,149,151,
150,146,148,147,152,153,155,154,156,158,157,162,163,164,159,160,161,168,169,
170,165,166,167]],
0,
[( 37, 38)( 75, 76)( 78, 79)(122,123)(160,161)(163,164)(207,208)(245,246)(248,
249),( 36, 38, 37)( 74, 76, 75)( 77, 79, 78)(121,123,122)(159,161,160)(162,
164,163)(206,208,207)(244,246,245)(247,249,248),( 42, 43)( 81, 82)( 84, 85)
(127,128)(166,167)(169,170)(212,213)(251,252)(254,255),( 80, 81, 82)( 83, 84,
 85)(165,166,167)(168,169,170)(250,251,252)(253,254,255),( 86, 87, 88)( 89,
 90, 91)( 94, 95, 96)( 98, 99,100)(101,102,103)(104,105,106)(107,108,109)(114,
115,116)(117,118,119)(124,125,126)(129,130,131)(132,133,134)(135,136,137)(138,
139,140)(141,142,143)(146,147,148)(149,150,151)(153,154,155)(156,157,158)(171,
173,172)(174,176,175)(179,181,180)(183,185,184)(186,188,187)(189,191,190)(192,
194,193)(199,201,200)(202,204,203)(209,211,210)(214,216,215)(217,219,218)(220,
222,221)(223,225,224)(226,228,227)(231,233,232)(234,236,235)(238,240,239)(241,
243,242),( 53, 56)( 54, 57)( 55, 58)(138,141)(139,142)(140,143)(223,226)(224,
227)(225,228),(  2,  3)(  5,  6)( 10, 11)( 14, 15)( 17, 18)( 20, 21)( 23, 24)
( 25, 27)( 26, 28)( 30, 31)( 33, 34)( 40, 41)( 45, 46)( 48, 49)( 51, 52)( 54,
 55)( 57, 58)( 59, 60)( 61, 64)( 62, 66)( 63, 65)( 69, 70)( 72, 73)( 74, 77)
( 75, 78)( 76, 79)( 80, 83)( 81, 85)( 82, 84)( 86,171, 88,172, 87,173)( 89,
174, 91,175, 90,176)( 92,177)( 93,178)( 94,179, 96,180, 95,181)( 97,182)( 98,
183,100,184, 99,185)(101,186,103,187,102,188)(104,189,106,190,105,191)(107,
192,109,193,108,194)(110,197)(111,198)(112,195)(113,196)(114,199,116,200,115,
201)(117,202,119,203,118,204)(120,205)(121,206)(122,207)(123,208)(124,209,126,
210,125,211)(127,212)(128,213)(129,214,131,215,130,216)(132,217,134,218,133,
219)(135,220,137,221,136,222)(138,223,140,224,139,225)(141,226,143,227,142,
228)(144,230)(145,229)(146,234,148,235,147,236)(149,231,151,232,150,233)(152,
237)(153,238,155,239,154,240)(156,241,158,242,157,243)(159,247)(160,248)(161,
249)(162,244)(163,245)(164,246)(165,253)(166,255)(167,254)(168,250)(169,252)
(170,251)],
function( tbl )
local e, e8, e2, e7, chi, i; 
tbl.Irr:= KroneckerProduct([[1,1,1],[1,E(3),E(3)^2],[1,E(3)^2,E(3)]],
Irr(CharacterTable("3.3^5.U4(2)")));
e:= E(9);
e8:= E(9)^8;
e2:= E(9)^2;
e7:= E(9)^7;
for chi in tbl.Irr do
  if chi[2] = chi[1] * E(3) then
    for i in [ 86 .. 170 ] do
      chi[i]:= chi[i] * e8;
    od;
    for i in [ 171 .. 255 ] do
      chi[i]:= chi[i] * e7;
    od;
  elif chi[2] = chi[1] * E(3)^2 then
    for i in [ 86 .. 170 ] do
      chi[i]:= chi[i] * e;
    od;
    for i in [ 171 .. 255 ] do
      chi[i]:= chi[i] * e2;
    od;
  fi;
od;
end);
ALN("C9Y3.3^5.U4(2)",["MC9A"]);

LIBTABLE.LOADSTATUS.ctomaxi7:="userloaded";
ALN:= NotifyCharTableName;

#############################################################################
##
#E

