#############################################################################
##
#W  ctotwis1.tbl                GAP table library               Thomas Breuer
##
#H  @(#)$Id$
##
#Y  Copyright (C)  1996,  Lehrstuhl D fuer Mathematik,  RWTH Aachen,  Germany
##
##  This file contains the ordinary character tables related to the twisted
##  groups $^2F_4(2)$ and $^3D_4(2)$.
##
Revision.ctotwis1_tbl :=
    "@(#)$Id$";

SET_TABLEFILENAME("ctotwis1");
ALN:= Ignore;

MOT("2F4(2)'",
[
"origin: ATLAS of finite groups, tests: 1.o.r."
],
[17971200,10240,1536,108,192,128,64,50,12,32,32,16,16,10,12,12,13,13,16,16,16,
16],
[,[1,1,1,4,3,2,3,8,4,6,6,7,7,8,9,9,18,17,10,11,10,11],[1,2,3,1,5,6,7,8,3,11,
10,12,13,14,5,5,17,18,22,21,20,19],,[1,2,3,4,5,6,7,1,9,10,11,12,13,2,16,15,18,
17,21,22,19,20],,,,,,,,[1,2,3,4,5,6,7,8,9,10,11,12,13,14,15,16,1,1,21,22,19,
20]],
[[1,1,1,1,1,1,1,1,1,1,1,1,1,1,1,1,1,1,1,1,1,1],[26,-6,2,-1,-2,-2,2,1,-1,0,0,0,
0,-1,1,1,0,0,E(8)+E(8)^3,-E(8)-E(8)^3,-E(8)-E(8)^3,E(8)+E(8)^3],
[GALOIS,[2,5]],[27,-5,3,0,3,-1,-1,2,0,-1+2*E(4),-1-2*E(4),-1,-1,0,0,0,1,1,
-E(4),E(4),-E(4),E(4)],
[GALOIS,[4,3]],[78,14,-2,-3,2,-2,2,3,1,2,2,0,0,-1,-1,-1,0,0,0,0,0,0],[300,-20,
-4,3,-4,4,4,0,-1,0,0,0,0,0,-1,-1,1,1,0,0,0,0],[325,5,-11,1,1,5,1,0,1,1,1,-1,
-1,0,1,1,0,0,-1,-1,-1,-1],[351,31,15,0,3,-1,3,1,0,-1,-1,1,1,1,0,0,0,0,-1,-1,
-1,-1],[351,-1,-9,0,3,3,-1,1,0,-1+2*E(4),-1-2*E(4),1,1,-1,0,0,0,0,E(4),-E(4),
E(4),-E(4)],
[GALOIS,[10,3]],[624,-16,16,3,0,0,0,-1,1,0,0,0,0,-1,-E(12)^7+E(12)^11,
E(12)^7-E(12)^11,0,0,0,0,0,0],
[GALOIS,[12,5]],[650,10,10,2,6,2,-2,0,-2,2,2,0,0,0,0,0,0,0,0,0,0,0],[675,35,3,
0,3,3,3,0,0,-1,-1,-1,-1,0,0,0,-1,-1,1,1,1,1],[702,30,6,0,-6,2,-2,2,0,0,0,0,0,
0,0,0,0,0,E(8)-E(8)^3,E(8)-E(8)^3,-E(8)+E(8)^3,-E(8)+E(8)^3],
[GALOIS,[16,3]],[1300,20,-12,4,0,-4,0,0,0,0,0,2,-2,0,0,0,0,0,0,0,0,0],[1300,
20,-12,4,0,-4,0,0,0,0,0,-2,2,0,0,0,0,0,0,0,0,0],[1728,-64,0,0,0,0,0,3,0,0,0,0,
0,1,0,0,-1,-1,0,0,0,0],[2048,0,0,-4,0,0,0,-2,0,0,0,0,0,0,0,0,
-E(13)-E(13)^3-E(13)^4-E(13)^9-E(13)^10-E(13)^12,-E(13)^2-E(13)^5-E(13)^6
 -E(13)^7-E(13)^8-E(13)^11,0,0,0,0],
[GALOIS,[21,2]]],
[(19,21)(20,22),(17,18),(15,16),(12,13),(10,11)(19,20)(21,22),(10,11)(15,16)
(19,20)(21,22),(10,11)(15,16)(19,22)(20,21)]);
ARC("2F4(2)'","irredinfo",rec(pblock:=[,[1,1,1,1,1,1,1,1,1,1,1,1,1,1,1,1,1,1,
1,1,2,3],[1,1,1,2,3,1,1,1,4,5,6,1,1,1,7,8,9,1,1,10,1,1],,[1,1,1,1,1,1,2,3,1,1,
1,1,1,4,5,1,1,6,7,1,1,1],,,,,,,,[1,2,3,1,1,4,1,5,6,7,8,9,10,11,1,12,13,14,15,
1,1,1]]));
ARC("2F4(2)'","CAS",[rec(name:="tits",
permchars:=(21,22),
permclasses:=(21,22),
text:=Concatenation(
" maximal subgroup   index\n",
" 2.2^8.f20          1755\n",
" 2^2.2^8:=s3         2925\n",
" test: 1. o.r., sym 2, 3 and restricted characters of ru decompose\n",
"       correctly\n",
""))]);
ARC("2F4(2)'","isSimple",true);
ARC("2F4(2)'","extInfo",["","2"]);
ARC("2F4(2)'","tomidentifier","2F4(2)'");
ARC("2F4(2)'","tomfusion",rec(map:=[1,2,3,4,12,14,13,15,18,48,48,49,50,55,61,
61,62,62,125,125,125,125],
text:="unique up to table automorphisms"));
ALF("2F4(2)'","2F4(2)'.2",[1,2,3,4,5,6,7,8,9,10,11,12,12,13,14,14,15,15,
16,17,16,17]);
ALF("2F4(2)'","Fi22",[1,3,4,8,12,11,12,14,25,29,29,30,30,35,48,48,49,50,
53,54,54,53],[
"fusion map is unique up to table automorphisms"
]);
ALF("2F4(2)'","Ru",[1,2,2,4,5,7,8,9,11,14,14,15,15,16,18,18,20,20,26,25,
26,25],[
"fusion is unique up to table automorphisms,\n",
"the representative is equal to the fusion map on the CAS table"
]);
ALN("2F4(2)'",["R(2)'","Tits","r2c"]);
ARC("2F4(2)'","maxes",["L3(3).2","2F4(2)'M2","2.2^8.f20","L2(25)",
"2^2.2^8:s3","A6.2^2","2F4(2)'M7","5^2:4A4"]);

MOT("2F4(2)'.2",
[
"origin: ATLAS of finite groups, tests: 1.o.r."
],
[35942400,20480,3072,216,384,256,128,100,24,64,64,16,20,12,13,16,16,1280,1280,
192,128,32,16,12,12,16,16,20,20],
[,[1,1,1,4,3,2,3,8,4,6,6,7,8,9,15,10,11,2,2,3,2,6,5,9,9,10,11,13,13],[1,2,3,1,
5,6,7,8,3,11,10,12,13,5,15,17,16,19,18,20,21,22,23,20,20,27,26,29,28],,[1,2,3,
4,5,6,7,1,9,10,11,12,2,14,15,16,17,18,19,20,21,22,23,25,24,26,27,18,
19],,,,,,,,[1,2,3,4,5,6,7,8,9,10,11,12,13,14,1,16,17,18,19,20,21,22,23,24,25,
26,27,28,29]],
[[1,1,1,1,1,1,1,1,1,1,1,1,1,1,1,1,1,1,1,1,1,1,1,1,1,1,1,1,1],[1,1,1,1,1,1,1,1,
1,1,1,1,1,1,1,1,1,-1,-1,-1,-1,-1,-1,-1,-1,-1,-1,-1,-1],[52,-12,4,-2,-4,-4,4,2,
-2,0,0,0,-2,2,0,0,0,0,0,0,0,0,0,0,0,0,0,0,0],[27,-5,3,0,3,-1,-1,2,0,-1+2*E(4),
-1-2*E(4),-1,0,0,1,-E(4),E(4),1+4*E(4),1-4*E(4),-3,1,-1,-1,0,0,E(4),-E(4),
1-E(4),1+E(4)],
[TENSOR,[4,2]],
[GALOIS,[4,3]],
[TENSOR,[6,2]],[78,14,-2,-3,2,-2,2,3,1,2,2,0,-1,-1,0,0,0,6,6,2,-2,2,0,-1,-1,0,
0,1,1],
[TENSOR,[8,2]],[300,-20,-4,3,-4,4,4,0,-1,0,0,0,0,-1,1,0,0,0,0,0,0,0,0,
E(3)-E(3)^2,-E(3)+E(3)^2,0,0,0,0],
[TENSOR,[10,2]],[325,5,-11,1,1,5,1,0,1,1,1,-1,0,1,0,-1,-1,5,5,1,-3,1,-1,1,1,
-1,-1,0,0],
[TENSOR,[12,2]],[351,31,15,0,3,-1,3,1,0,-1,-1,1,1,0,0,-1,-1,9,9,-3,1,1,-1,0,0,
1,1,-1,-1],
[TENSOR,[14,2]],[351,-1,-9,0,3,3,-1,1,0,-1+2*E(4),-1-2*E(4),1,-1,0,0,E(4),
-E(4),5+4*E(4),5-4*E(4),-3,-3,-1,1,0,0,-E(4),E(4),-E(4),E(4)],
[TENSOR,[16,2]],
[GALOIS,[16,3]],
[TENSOR,[18,2]],[1248,-32,32,6,0,0,0,-2,2,0,0,0,-2,0,0,0,0,0,0,0,0,0,0,0,0,0,
0,0,0],[650,10,10,2,6,2,-2,0,-2,2,2,0,0,0,0,0,0,10,10,6,2,-2,0,0,0,0,0,0,0],
[TENSOR,[21,2]],[675,35,3,0,3,3,3,0,0,-1,-1,-1,0,0,-1,1,1,5,5,-3,5,1,1,0,0,-1,
-1,0,0],
[TENSOR,[23,2]],[1404,60,12,0,-12,4,-4,4,0,0,0,0,0,0,0,0,0,0,0,0,0,0,0,0,0,0,
0,0,0],[2600,40,-24,8,0,-8,0,0,0,0,0,0,0,0,0,0,0,0,0,0,0,0,0,0,0,0,0,0,0],[
1728,-64,0,0,0,0,0,3,0,0,0,0,1,0,-1,0,0,16*E(4),-16*E(4),0,0,0,0,0,0,0,0,E(4),
-E(4)],
[TENSOR,[27,2]],[4096,0,0,-8,0,0,0,-4,0,0,0,0,0,0,1,0,0,0,0,0,0,0,0,0,0,0,0,0,
0]],
[(24,25),(10,11)(16,17)(18,19)(26,27)(28,29)]);
ARC("2F4(2)'.2","irredinfo",rec(pblock:=[,[1,1,1,1,1,1,1,1,1,1,1,1,1,1,1,1,1,
1,1,1,1,1,1,1,1,1,1,1,2],[1,1,1,2,3,4,5,1,1,1,1,1,1,6,7,8,9,10,11,1,1,1,12,13,
14,1,15,16,1],,[1,1,1,1,1,1,1,1,1,2,3,4,5,1,1,1,1,1,1,1,6,7,8,9,1,10,1,1,
1],,,,,,,,[1,1,2,1,1,1,1,3,4,1,1,5,6,7,8,9,10,11,12,13,14,15,1,1,16,17,1,1,
1]]));
ARC("2F4(2)'.2","CAS",[rec(name:="tits.2",
permchars:=(27,28),
permclasses:=(),
text:=Concatenation(
" subgroup of ru \n",
" test:= 1. o.r., sym 2, 3 and restricted characters of ru decompose\n",
"       correctly    \n",
""))]);
ALF("2F4(2)'.2","Ru",[1,2,2,4,5,7,8,9,11,14,14,15,16,18,20,26,25,5,5,6,8,
14,13,19,19,25,26,27,27],[
"fusion is unique up to table automorphisms,\n",
"the representative is equal to the fusion map on the CAS table"
]);
ALN("2F4(2)'.2",["2F4(2)","Tits.2","R(2)"]);

MOT("3D4(2)",
[
"origin: ATLAS of finite groups, tests: 1.o.r."
],
[211341312,258048,3072,1512,648,3584,1536,64,72,24,1176,1176,1176,49,32,32,54,
54,54,12,13,13,13,56,56,56,18,18,18,21,21,21,28,28,28],
[,[1,1,1,4,5,2,2,3,5,4,12,13,11,14,6,7,18,19,17,9,22,23,21,12,13,11,18,19,17,
31,32,30,25,26,24],[1,2,3,1,1,6,7,8,2,3,13,11,12,14,15,16,5,5,5,7,22,23,21,26,
24,25,9,9,9,13,11,12,35,33,34],,,,[1,2,3,4,5,6,7,8,9,10,1,1,1,1,15,16,18,19,
17,20,23,21,22,2,2,2,28,29,27,4,4,4,6,6,6],,,,,,[1,2,3,4,5,6,7,8,9,10,11,12,
13,14,15,16,19,17,18,20,1,1,1,24,25,26,29,27,28,30,31,32,33,34,35]],
[[1,1,1,1,1,1,1,1,1,1,1,1,1,1,1,1,1,1,1,1,1,1,1,1,1,1,1,1,1,1,1,1,1,1,1],[26,
-6,2,-1,-1,6,-2,2,3,-1,5,5,5,-2,0,0,2,2,2,1,0,0,0,1,1,1,0,0,0,-1,-1,-1,-1,-1,
-1],[52,20,-4,7,-2,8,0,0,2,-1,3,3,3,3,-2,2,1,1,1,0,0,0,0,-1,-1,-1,-1,-1,-1,0,
0,0,1,1,1],[196,-28,-4,7,7,0,8,0,-1,-1,0,0,0,0,2,-2,1,1,1,-1,1,1,1,0,0,0,-1,
-1,-1,0,0,0,0,0,0],[273,-15,-7,-6,3,13,5,1,3,2,7,7,7,0,-1,-1,0,0,0,-1,0,0,0,
-1,-1,-1,0,0,0,1,1,1,-1,-1,-1],[324,36,12,0,0,8,0,0,0,0,9,9,9,2,2,-2,0,0,0,0,
-1,-1,-1,1,1,1,0,0,0,0,0,0,1,1,1],[351,63,7,9,0,11,3,-1,0,1,
E(7)+3*E(7)^3+3*E(7)^4+E(7)^6,3*E(7)+E(7)^2+E(7)^5+3*E(7)^6,
3*E(7)^2+E(7)^3+E(7)^4+3*E(7)^5,1,1,1,0,0,0,0,0,0,0,E(7)-E(7)^3-E(7)^4+E(7)^6,
-E(7)+E(7)^2+E(7)^5-E(7)^6,-E(7)^2+E(7)^3+E(7)^4-E(7)^5,0,0,0,E(7)+E(7)^6,
E(7)^2+E(7)^5,E(7)^3+E(7)^4,E(7)+E(7)^3+E(7)^4+E(7)^6,E(7)+E(7)^2+E(7)^5
 +E(7)^6,E(7)^2+E(7)^3+E(7)^4+E(7)^5],
[GALOIS,[7,3]],
[GALOIS,[7,2]],[468,-12,12,0,9,0,8,0,-3,0,6,6,6,-1,-2,2,0,0,0,-1,0,0,0,2,2,2,
0,0,0,0,0,0,0,0,0],[637,-35,5,7,-11,-7,17,-3,1,-1,0,0,0,0,-1,-1,1,1,1,-1,0,0,
0,0,0,0,1,1,1,0,0,0,0,0,0],[1053,-99,-3,0,0,29,-3,-3,0,0,3,3,3,-4,1,1,0,0,0,0,
0,0,0,-1,-1,-1,0,0,0,0,0,0,1,1,1],[1274,154,-14,14,5,14,-10,2,1,-2,0,0,0,0,0,
0,-1,-1,-1,-1,0,0,0,0,0,0,1,1,1,0,0,0,0,0,0],[1664,128,0,8,-10,0,0,0,2,0,-2,
-2,-2,-2,0,0,-1,-1,-1,0,0,0,0,2,2,2,-1,-1,-1,1,1,1,0,0,0],[1911,119,-9,0,3,7,
7,-1,-1,0,0,0,0,0,-1,-1,E(9)^2-E(9)^4-E(9)^5+E(9)^7,E(9)^2+2*E(9)^4+2*E(9)^5
 +E(9)^7,-2*E(9)^2-E(9)^4-E(9)^5-2*E(9)^7,1,0,0,0,0,0,0,-E(9)^2-E(9)^4-E(9)^5
 -E(9)^7,E(9)^2+E(9)^7,E(9)^4+E(9)^5,0,0,0,0,0,0],
[GALOIS,[15,4]],
[GALOIS,[15,2]],[2106,90,18,0,0,-2,6,2,0,0,6*E(7)-3*E(7)^3-3*E(7)^4+6*E(7)^6,
-3*E(7)+6*E(7)^2+6*E(7)^5-3*E(7)^6,-3*E(7)^2+6*E(7)^3+6*E(7)^4-3*E(7)^5,-1,0,
0,0,0,0,0,0,0,0,2*E(7)+E(7)^3+E(7)^4+2*E(7)^6,E(7)+2*E(7)^2+2*E(7)^5+E(7)^6,
E(7)^2+2*E(7)^3+2*E(7)^4+E(7)^5,0,0,0,0,0,0,-E(7)^3-E(7)^4,-E(7)-E(7)^6,
-E(7)^2-E(7)^5],
[GALOIS,[18,3]],
[GALOIS,[18,2]],[2184,-120,8,15,-3,-8,-8,0,-3,-1,7,7,7,0,0,0,0,0,0,1,0,0,0,-1,
-1,-1,0,0,0,1,1,1,-1,-1,-1],[2457,-135,1,9,0,5,-3,1,0,1,7*E(7)+7*E(7)^6,
7*E(7)^2+7*E(7)^5,7*E(7)^3+7*E(7)^4,0,-1,-1,0,0,0,0,0,0,0,-E(7)-E(7)^6,
-E(7)^2-E(7)^5,-E(7)^3-E(7)^4,0,0,0,E(7)+E(7)^6,E(7)^2+E(7)^5,E(7)^3+E(7)^4,
-E(7)-E(7)^6,-E(7)^2-E(7)^5,-E(7)^3-E(7)^4],
[GALOIS,[22,3]],
[GALOIS,[22,2]],[2808,-72,8,-9,0,16,0,0,0,-1,8*E(7)+3*E(7)^3+3*E(7)^4+8*E(7)^6
 ,3*E(7)+8*E(7)^2+8*E(7)^5+3*E(7)^6,3*E(7)^2+8*E(7)^3+8*E(7)^4+3*E(7)^5,1,0,0,
0,0,0,0,0,0,0,-E(7)^3-E(7)^4,-E(7)-E(7)^6,-E(7)^2-E(7)^5,0,0,0,-E(7)-E(7)^6,
-E(7)^2-E(7)^5,-E(7)^3-E(7)^4,E(7)^3+E(7)^4,E(7)+E(7)^6,E(7)^2+E(7)^5],
[GALOIS,[25,3]],
[GALOIS,[25,2]],[3822,14,6,0,6,-14,-6,-2,2,0,0,0,0,0,0,0,-E(9)^2+E(9)^4+E(9)^5
 -E(9)^7,-E(9)^2-2*E(9)^4-2*E(9)^5-E(9)^7,2*E(9)^2+E(9)^4+E(9)^5+2*E(9)^7,0,0,
0,0,0,0,0,-E(9)^2-E(9)^4-E(9)^5-E(9)^7,E(9)^2+E(9)^7,E(9)^4+E(9)^5,0,0,0,0,0,
0],
[GALOIS,[28,4]],
[GALOIS,[28,2]],[3969,-63,-15,0,0,-7,9,1,0,0,0,0,0,0,1,1,0,0,0,0,
E(13)+E(13)^5+E(13)^8+E(13)^12,E(13)^2+E(13)^3+E(13)^10+E(13)^11,
E(13)^4+E(13)^6+E(13)^7+E(13)^9,0,0,0,0,0,0,0,0,0,0,0,0],
[GALOIS,[31,4]],
[GALOIS,[31,2]],[4096,0,0,-8,-8,0,0,0,0,0,8,8,8,1,0,0,-2,-2,-2,0,1,1,1,0,0,0,
0,0,0,-1,-1,-1,0,0,0],[5096,168,-8,-7,-7,0,-16,0,-3,1,0,0,0,0,0,0,2,2,2,-1,0,
0,0,0,0,0,0,0,0,0,0,0,0,0,0]],
[(21,22,23),(21,23,22),(17,18,19)(27,28,29),(17,19,18)(27,29,28),(11,13,12)
(24,26,25)(30,32,31)(33,35,34)]);
ARC("3D4(2)","irredinfo",rec(pblock:=[,[1,1,1,1,1,1,1,1,1,1,1,1,1,1,1,1,1,1,1,
1,1,1,1,1,1,1,1,1,1,1,1,1,1,2,1],[1,1,1,1,1,2,3,4,5,1,1,6,1,1,1,1,1,7,8,9,1,3,
4,5,3,4,5,1,1,1,10,11,12,1,1],,,,[1,1,1,2,3,1,1,1,1,1,4,1,5,1,6,7,8,1,1,1,3,3,
3,3,1,1,1,9,10,11,12,13,14,1,15],,,,,,[1,2,3,1,4,1,5,6,7,8,9,10,11,12,13,14,
15,16,17,18,19,20,21,22,23,24,25,26,27,28,1,1,1,1,29]]));
ARC("3D4(2)","CAS",[rec(name:="st2",
permclasses:=(),
permchars:=(),
text:=Concatenation(
"names:=st2; 3d4[2]\n",
"  order: 2^12.3^4.7^2.13 = 211,341,312\n",
"  number of classes: 35\n",
"  source: private communication of compound table\n",
"          from cambridge group atlas project 1980/81\n",
"  origin: conway, j. - guy, m.\n",
"          -unpublished-\n",
"  comments: - \n",
""))]);
ARC("3D4(2)","isSimple",true);
ARC("3D4(2)","extInfo",["","3"]);
ARC("3D4(2)","tomidentifier","3D4(2)");
ARC("3D4(2)","tomfusion",rec(map:=[1,2,3,4,5,16,17,18,22,23,24,24,24,25,86,87,
90,90,90,95,102,102,102,103,103,103,449,449,449,451,451,451,477,477,477],
text:="unique"));
ALF("3D4(2)","3D4(2).3",[1,2,3,4,5,6,7,8,9,10,11,11,11,12,13,14,15,15,15,
16,17,17,17,18,18,18,19,19,19,20,20,20,21,21,21]);
ALN("3D4(2)",["st2"]);

MOT("3D4(2).3",
[
"origin: ATLAS of finite groups, tests: 1.o.r."
],
[634023936,774144,9216,4536,1944,10752,4608,192,216,72,1176,147,96,96,54,36,
13,56,18,21,28,36288,36288,648,648,576,576,144,144,72,72,54,54,288,288,144,
144,96,96,12,12,18,18,21,21,24,24,24,24],
[,[1,1,1,4,5,2,2,3,5,4,11,12,6,7,15,9,17,11,15,20,18,23,22,25,24,23,22,23,22,
25,24,33,32,27,26,27,26,27,26,31,30,33,32,45,44,35,34,39,38],[1,2,3,1,1,6,7,8,
2,3,11,12,13,14,5,7,17,18,9,11,21,1,1,1,1,2,2,3,3,3,3,5,5,7,7,7,7,6,6,8,8,9,9,
12,12,14,14,13,13],,,,[1,2,3,4,5,6,7,8,9,10,1,1,13,14,15,16,17,2,19,4,6,22,23,
24,25,26,27,28,29,30,31,32,33,34,35,36,37,38,39,40,41,42,43,22,23,46,47,48,
49],,,,,,[1,2,3,4,5,6,7,8,9,10,11,12,13,14,15,16,1,18,19,20,21,22,23,24,25,26,
27,28,29,30,31,32,33,34,35,36,37,38,39,40,41,42,43,44,45,46,47,48,49]],
[[1,1,1,1,1,1,1,1,1,1,1,1,1,1,1,1,1,1,1,1,1,1,1,1,1,1,1,1,1,1,1,1,1,1,1,1,1,1,
1,1,1,1,1,1,1,1,1,1,1],[1,1,1,1,1,1,1,1,1,1,1,1,1,1,1,1,1,1,1,1,1,E(3),E(3)^2,
E(3),E(3)^2,E(3),E(3)^2,E(3),E(3)^2,E(3),E(3)^2,E(3),E(3)^2,E(3),E(3)^2,E(3),
E(3)^2,E(3),E(3)^2,E(3),E(3)^2,E(3),E(3)^2,E(3),E(3)^2,E(3),E(3)^2,E(3),
E(3)^2],
[TENSOR,[2,2]],[26,-6,2,-1,-1,6,-2,2,3,-1,5,-2,0,0,2,1,0,1,0,-1,-1,8,8,-1,-1,
0,0,2,2,-1,-1,2,2,4,4,-2,-2,0,0,-1,-1,0,0,1,1,0,0,0,0],
[TENSOR,[4,2]],
[TENSOR,[4,3]],[52,20,-4,7,-2,8,0,0,2,-1,3,3,-2,2,1,0,0,-1,-1,0,1,7,7,-2,-2,
-1,-1,-1,-1,2,2,1,1,3,3,3,3,-1,-1,0,0,-1,-1,0,0,-1,-1,1,1],
[TENSOR,[7,2]],
[TENSOR,[7,3]],[196,-28,-4,7,7,0,8,0,-1,-1,0,0,2,-2,1,-1,1,0,-1,0,0,7,7,-2,-2,
-1,-1,-1,-1,2,2,1,1,-1,-1,-1,-1,3,3,0,0,-1,-1,0,0,1,1,-1,-1],
[TENSOR,[10,2]],
[TENSOR,[10,3]],[273,-15,-7,-6,3,13,5,1,3,2,7,0,-1,-1,0,-1,0,-1,0,1,-1,21,21,
3,3,-3,-3,-1,-1,-1,-1,0,0,5,5,-1,-1,1,1,1,1,0,0,0,0,-1,-1,-1,-1],
[TENSOR,[13,2]],
[TENSOR,[13,3]],[324,36,12,0,0,8,0,0,0,0,9,2,2,-2,0,0,-1,1,0,0,1,27,27,0,0,3,
3,3,3,0,0,0,0,3,3,3,3,-1,-1,0,0,0,0,-1,-1,1,1,-1,-1],
[TENSOR,[16,2]],
[TENSOR,[16,3]],[1053,189,21,27,0,33,9,-3,0,3,-4,3,3,3,0,0,0,0,0,-1,-2,0,0,0,
0,0,0,0,0,0,0,0,0,0,0,0,0,0,0,0,0,0,0,0,0,0,0,0,0],[468,-12,12,0,9,0,8,0,-3,0,
6,-1,-2,2,0,-1,0,2,0,0,0,27,27,0,0,3,3,3,3,0,0,0,0,-1,-1,-1,-1,3,3,0,0,0,0,-1,
-1,-1,-1,1,1],
[TENSOR,[20,2]],
[TENSOR,[20,3]],[637,-35,5,7,-11,-7,17,-3,1,-1,0,0,-1,-1,1,-1,0,0,1,0,0,7,7,
-2,-2,7,7,-1,-1,2,2,1,1,-1,-1,-1,-1,-1,-1,0,0,1,1,0,0,-1,-1,-1,-1],
[TENSOR,[23,2]],
[TENSOR,[23,3]],[1053,-99,-3,0,0,29,-3,-3,0,0,3,-4,1,1,0,0,0,-1,0,0,1,27,27,0,
0,3,3,-3,-3,0,0,0,0,3,3,-3,-3,-1,-1,0,0,0,0,-1,-1,1,1,1,1],
[TENSOR,[26,2]],
[TENSOR,[26,3]],[1274,154,-14,14,5,14,-10,2,1,-2,0,0,0,0,-1,-1,0,0,1,0,0,14,
14,5,5,-2,-2,-2,-2,1,1,-1,-1,2,2,2,2,2,2,-1,-1,1,1,0,0,0,0,0,0],
[TENSOR,[29,2]],
[TENSOR,[29,3]],[1664,128,0,8,-10,0,0,0,2,0,-2,-2,0,0,-1,0,0,2,-1,1,0,8,8,8,8,
8,8,0,0,0,0,-1,-1,0,0,0,0,0,0,0,0,-1,-1,1,1,0,0,0,0],
[TENSOR,[32,2]],
[TENSOR,[32,3]],[5733,357,-27,0,9,21,21,-3,-3,0,0,0,-3,-3,0,3,0,0,0,0,0,0,0,0,
0,0,0,0,0,0,0,0,0,0,0,0,0,0,0,0,0,0,0,0,0,0,0,0,0],[6318,270,54,0,0,-6,18,6,0,
0,-3,-3,0,0,0,0,0,-3,0,0,1,0,0,0,0,0,0,0,0,0,0,0,0,0,0,0,0,0,0,0,0,0,0,0,0,0,
0,0,0],[2184,-120,8,15,-3,-8,-8,0,-3,-1,7,0,0,0,0,1,0,-1,0,1,-1,42,42,6,6,-6,
-6,2,2,2,2,0,0,-2,-2,-2,-2,-2,-2,0,0,0,0,0,0,0,0,0,0],
[TENSOR,[37,2]],
[TENSOR,[37,3]],[7371,-405,3,27,0,15,-9,3,0,3,-7,0,-3,-3,0,0,0,1,0,-1,1,0,0,0,
0,0,0,0,0,0,0,0,0,0,0,0,0,0,0,0,0,0,0,0,0,0,0,0,0],[8424,-216,24,-27,0,48,0,0,
0,-3,-11,3,0,0,0,0,0,1,0,1,-1,0,0,0,0,0,0,0,0,0,0,0,0,0,0,0,0,0,0,0,0,0,0,0,0,
0,0,0,0],[11466,42,18,0,18,-42,-18,-6,6,0,0,0,0,0,0,0,0,0,0,0,0,0,0,0,0,0,0,0,
0,0,0,0,0,0,0,0,0,0,0,0,0,0,0,0,0,0,0,0,0],[11907,-189,-45,0,0,-21,27,3,0,0,0,
0,3,3,0,0,-1,0,0,0,0,0,0,0,0,0,0,0,0,0,0,0,0,0,0,0,0,0,0,0,0,0,0,0,0,0,0,0,
0],[4096,0,0,-8,-8,0,0,0,0,0,8,1,0,0,-2,0,1,0,0,-1,0,64,64,-8,-8,0,0,0,0,0,0,
-2,-2,0,0,0,0,0,0,0,0,0,0,1,1,0,0,0,0],
[TENSOR,[44,2]],
[TENSOR,[44,3]],[5096,168,-8,-7,-7,0,-16,0,-3,1,0,0,0,0,2,-1,0,0,0,0,0,56,56,
2,2,0,0,-2,-2,-2,-2,2,2,-4,-4,2,2,0,0,0,0,0,0,0,0,0,0,0,0],
[TENSOR,[47,2]],
[TENSOR,[47,3]]],
[(22,23)(24,25)(26,27)(28,29)(30,31)(32,33)(34,35)(36,37)(38,39)(40,41)(42,43)
(44,45)(46,47)(48,49)]);
ARC("3D4(2).3","irredinfo",rec(pblock:=[,[1,1,1,1,1,1,1,1,1,1,1,1,1,1,1,1,1,1,
1,1,1,1,1,1,1,1,1,1,1,1,1,1,1,1,1,1,1,1,1,1,1,1,1,2,3,4,1,1,1],[1,1,1,1,1,1,1,
1,1,1,1,1,1,1,1,2,2,2,3,1,1,1,1,1,1,4,4,4,1,1,1,1,1,1,1,5,1,1,1,3,3,1,6,1,1,1,
1,1,1],,,,[1,1,1,1,1,1,1,1,1,2,3,4,5,5,5,1,1,1,1,1,1,1,6,7,8,1,1,1,9,10,11,1,
1,1,12,1,5,5,5,5,1,13,14,1,1,1,15,16,17],,,,,,[1,1,1,2,3,4,5,6,7,1,1,1,8,9,10,
1,1,1,11,12,13,14,15,16,17,18,19,20,21,22,23,24,25,26,27,28,29,30,31,32,33,34,
1,1,1,1,35,36,37]]));
ARC("3D4(2).3","CAS",[rec(name:="st.3",
permclasses:=(),
permchars:=(),
text:=Concatenation(
"names:=st2a; 3d4[2].3\n",
" order: 2^12.3^5.7^2.13 = 634,023,936\n",
" number of classes: 49\n",
" source: private communication of compound table\n",
"         from cambridge group atlas project 1980/81\n",
" origin: conway, j. - guy, m.\n",
"         -unpublished-\n",
" comments: - \n",
""))]);
ALF("3D4(2).3","Th",[1,2,2,3,4,6,6,7,11,10,12,12,13,13,17,21,23,24,28,31,
39,3,3,5,5,10,10,10,10,9,9,17,17,19,20,19,20,20,19,22,22,28,28,31,31,33,
32,32,33],[
"fusion is unique up to table automorphisms"
]);
ALN("3D4(2).3",["st2.3"]);

LIBTABLE.LOADSTATUS.ctotwis1:="userloaded";
ALN:= NotifyCharTableName;

#############################################################################
##
#E

